-0.2727817	0.4573467	2.381357	-0.1781167	0.4904984	2.447811	-0.3820372	0.4316631	2.340926	-0.09339044	0.5223318	2.514142	-0.319195	0.4105422	2.345834	-0.1054746	0.4656891	2.492455	-0.1398191	0.4465571	2.680868	-0.1776663	0.3401218	2.675093	-0.1714439	0.2703472	2.679982	-0.1519271	0.05710507	2.685758	-0.1248537	-0.2330488	2.684142	-0.02637241	0.2138405	2.716856	-0.2764182	0.2192669	2.575919	-0.06625929	-0.2311252	2.688593	-0.1802721	-0.2289481	2.610283	-0.09336737	0.4188437	2.562512	-0.3473828	0.3951215	2.388404	0.1141732	-0.4173435	2.469804	-0.1424567	-0.6527306	2.609057	-0.08171667	-0.6913156	2.610977	-0.2161799	-1.016503	2.539279	

-0.2680964	0.456672	2.383974	-0.1776184	0.4901107	2.446822	-0.3778135	0.4385768	2.328317	-0.08470556	0.525968	2.515113	-0.3224424	0.3900668	2.361174	-0.103359	0.4649839	2.490467	-0.1388572	0.4459864	2.675878	-0.1765059	0.3396977	2.67258	-0.1700754	0.2712421	2.676249	-0.1495046	0.07432961	2.672388	-0.124765	-0.175535	2.649412	-0.02614021	0.2138332	2.714571	-0.2753184	0.2183672	2.57264	-0.06698621	-0.172977	2.656345	-0.1794696	-0.173697	2.576087	-0.09147957	0.4134783	2.564312	-0.3441226	0.3907543	2.391084	0.09414215	-0.3957236	2.488146	-0.0363548	-0.4056432	2.495101	-0.0801625	-0.689373	2.610819	-0.1392829	-0.8020588	2.513939	

-0.2646848	0.4562953	2.384486	-0.1907641	0.4867806	2.421817	-0.3880574	0.416697	2.336223	-0.09913934	0.5243753	2.485965	-0.3233163	0.3761549	2.365423	-0.1530854	0.4693953	2.474235	-0.1328501	0.4499831	2.67068	-0.1763211	0.3396109	2.672702	-0.1686746	0.2714885	2.675106	-0.1394529	0.07284064	2.664219	-0.08429153	-0.2020445	2.629449	-0.02191403	0.2139472	2.716573	-0.2705573	0.2153704	2.571242	-0.02752502	-0.1983198	2.63034	-0.1394792	-0.2003045	2.562036	-0.08943595	0.4112265	2.564931	-0.3420721	0.3888743	2.392789	0.05557529	-0.4955204	2.497721	0.05365231	-0.4560446	2.4998	0.1133487	-0.794498	2.562832	-0.1348691	-0.8376632	2.515638	

-0.2586584	0.4592138	2.383641	-0.1894912	0.4876582	2.41841	-0.371516	0.4275248	2.333961	-0.1144118	0.5238584	2.472992	-0.3180276	0.3829099	2.360363	-0.1244305	0.470966	2.474909	-0.1313025	0.4500054	2.669319	-0.1759253	0.3396717	2.67286	-0.1673834	0.2718576	2.674595	-0.1364993	0.07214827	2.662691	-0.08417244	-0.2024875	2.629843	-0.02030203	0.2135357	2.717287	-0.2676282	0.2135615	2.571056	-0.02735097	-0.1988756	2.630887	-0.1393269	-0.2007578	2.562138	-0.08705379	0.4086968	2.564452	-0.3388533	0.3868212	2.394046	-0.06120392	-0.4705129	2.564358	-0.05022977	-0.5207267	2.613065	0.141842	-0.7124201	2.518058	-0.1908459	-0.9219049	2.540806	

-0.2569853	0.4569897	2.382122	-0.1952919	0.5031121	2.37928	-0.3772113	0.4218098	2.335792	-0.1168751	0.5265028	2.453994	-0.3093018	0.3833784	2.361428	-0.1483489	0.4948629	2.437222	-0.1292531	0.4502695	2.667511	-0.1738251	0.3394558	2.672111	-0.1643792	0.2723855	2.672848	-0.1334068	0.07316994	2.660734	-0.08396036	-0.2009627	2.629927	-0.01888188	0.2128293	2.717432	-0.2675576	0.2135225	2.571056	-0.02705571	-0.1978339	2.63105	-0.1391588	-0.1987303	2.562	-0.08570239	0.4063175	2.562802	-0.3366413	0.3865339	2.393288	0.03592162	-0.4940231	2.509608	0.07887131	-0.4573294	2.494072	-0.1315218	-0.7196322	2.661833	-0.1309419	-0.844907	2.513144	

-0.2539623	0.4251543	2.382558	-0.1834462	0.493434	2.387037	-0.3550741	0.4226394	2.324919	-0.1100504	0.5090173	2.461592	-0.2994424	0.3660419	2.365592	-0.1664173	0.4603129	2.441455	-0.1237381	0.4504735	2.665118	-0.1698395	0.3392256	2.671855	-0.1596367	0.272528	2.671901	-0.1274766	0.07271001	2.659436	-0.08080889	-0.2011617	2.630207	-0.006647657	0.212082	2.720123	-0.260043	0.2120857	2.568402	-0.02404969	-0.1980598	2.631459	-0.1357321	-0.1989638	2.562079	-0.07368646	0.4028794	2.561046	-0.3316017	0.384991	2.390787	0.04908201	-0.422524	2.467486	-0.0502631	-0.5202541	2.609213	-0.07848813	-0.686212	2.607261	-0.196106	-0.9386383	2.537337	

-0.1874532	0.4763922	2.394277	-0.1786325	0.4912665	2.391455	-0.2900919	0.4561533	2.335373	-0.101273	0.5199803	2.459156	-0.2410576	0.4235444	2.376947	-0.1675957	0.4597034	2.434438	-0.1204815	0.4509817	2.663633	-0.166754	0.339576	2.671196	-0.156469	0.2731759	2.670875	-0.1247578	0.073163	2.658496	-0.07959605	-0.2006943	2.630187	0.0004180383	0.2117078	2.720413	-0.2561229	0.2109755	2.567826	-0.02261135	-0.1975165	2.631509	-0.1347084	-0.1985951	2.56197	-0.06925774	0.4017924	2.56104	-0.3274377	0.3838281	2.38952	0.0480311	-0.5047147	2.50569	-0.0502262	-0.5202556	2.609305	-0.1385869	-0.7106113	2.667602	-0.1954766	-0.935752	2.536586	

-0.1860005	0.471286	2.400633	-0.1774837	0.490115	2.393694	-0.2820505	0.4552921	2.33738	-0.09955258	0.5178967	2.458795	-0.2421062	0.4194316	2.379987	-0.1711128	0.4555955	2.4324	-0.116596	0.4510851	2.663311	-0.1629902	0.3400792	2.6701	-0.1528177	0.2738404	2.669435	-0.1217114	0.07348153	2.656958	-0.07807731	-0.2004631	2.629449	0.001917727	0.2120364	2.720848	-0.2515558	0.2108841	2.567392	-0.02121877	-0.1972759	2.631875	-0.1324996	-0.1983495	2.559191	-0.06626484	0.4016306	2.560402	-0.3242267	0.3808246	2.386891	0.04793741	-0.5047557	2.505801	-0.04590224	-0.5237445	2.610584	0.1433149	-0.8021802	2.572175	-0.193267	-0.9302899	2.536956	

-0.2419346	0.418021	2.37786	-0.1741265	0.4863296	2.39534	-0.3570294	0.4148098	2.30729	-0.09738404	0.5139928	2.457877	-0.3502307	0.3695698	2.330637	-0.1582776	0.4567332	2.430556	-0.1139148	0.4505268	2.662635	-0.157633	0.3394432	2.66916	-0.1479685	0.2734891	2.668142	-0.1180682	0.0732953	2.655297	-0.07621295	-0.2002153	2.628093	0.006463907	0.2121994	2.719665	-0.2469048	0.2100194	2.565177	-0.01929416	-0.1969355	2.630803	-0.1309665	-0.1982514	2.557828	-0.0632431	0.4006719	2.558712	-0.3205304	0.377791	2.383102	0.05713752	-0.4464179	2.492189	-0.04528622	-0.5247183	2.611315	0.1108711	-0.7525522	2.558581	-0.1929418	-0.9285513	2.537067	

-0.2307759	0.4280443	2.373048	-0.1743528	0.4889204	2.38479	-0.3468528	0.4150215	2.309269	-0.09045252	0.5197976	2.44741	-0.2841195	0.3785596	2.3375	-0.1522727	0.4584736	2.418909	-0.1099639	0.4501906	2.661729	-0.1510871	0.3396897	2.66846	-0.1412744	0.2739612	2.667115	-0.1110125	0.07397193	2.653727	-0.06928586	-0.1989084	2.626298	0.01661598	0.2114742	2.718445	-0.2408332	0.2103454	2.562792	-0.01137194	-0.1959882	2.62913	-0.1253272	-0.1967438	2.556174	-0.05733468	0.3977927	2.557103	-0.3159699	0.3735428	2.378455	0.04802897	-0.5051891	2.51154	-0.06974678	-0.4941815	2.607819	-0.09872415	-0.7081292	2.698161	-0.191978	-0.9064674	2.538548	

-0.174022	0.4564229	2.407982	-0.1735606	0.4885736	2.370252	-0.2724141	0.4472391	2.323981	-0.09972272	0.5017371	2.444438	-0.2324124	0.4072024	2.364125	-0.08843288	0.4792063	2.439667	-0.1068437	0.4500681	2.660626	-0.1479015	0.3396744	2.667634	-0.1385954	0.2740894	2.666108	-0.1095143	0.07426817	2.65246	-0.06884211	-0.1982602	2.624683	0.01888384	0.2125802	2.718093	-0.2337664	0.2091146	2.562654	-0.01076953	-0.1958746	2.627656	-0.1250939	-0.195457	2.554407	-0.05473894	0.3969899	2.554539	-0.3141648	0.3709602	2.378454	0.0479448	-0.5051982	2.511623	-0.04648765	-0.5202078	2.615523	-0.09767021	-0.7072484	2.698259	-0.1911159	-0.9223399	2.538277	

-0.1739822	0.4563629	2.407662	-0.1712884	0.4863758	2.375185	-0.2740804	0.4463105	2.32213	-0.09604251	0.5019231	2.443562	-0.2255981	0.4133338	2.368333	-0.1084135	0.4723631	2.438778	-0.1044357	0.4494688	2.659659	-0.1460295	0.3395192	2.667154	-0.1364316	0.274014	2.665528	-0.1065205	0.07435931	2.651686	-0.0649688	-0.1977349	2.623864	0.02301266	0.212074	2.717178	-0.2308097	0.2089796	2.562589	-0.006289032	-0.1958547	2.627179	-0.1218596	-0.1945291	2.553389	-0.05246588	0.3956652	2.553813	-0.3122744	0.3696598	2.378045	0.0476763	-0.5053127	2.511976	-0.04678025	-0.5207601	2.61626	-0.09756909	-0.7061194	2.698708	-0.1907445	-0.9217333	2.538528	

-0.1992955	0.4582761	2.373864	-0.1699193	0.4856143	2.376829	-0.3053679	0.4396794	2.308624	-0.1180084	0.5039226	2.435206	-0.2473292	0.4040958	2.3409	-0.1599879	0.4511375	2.42025	-0.1032891	0.4491307	2.659297	-0.1487499	0.3395133	2.667375	-0.1384723	0.2740364	2.66548	-0.1072731	0.07436112	2.651243	-0.06501067	-0.197709	2.622889	0.02440485	0.2117882	2.716793	-0.2289689	0.2084116	2.562359	-0.006263097	-0.196259	2.625978	-0.1219871	-0.1941379	2.552552	-0.05170623	0.395309	2.553706	-0.3105113	0.3686484	2.377474	0.04707863	-0.505204	2.512383	-0.04601134	-0.5211443	2.616091	-0.1068616	-0.7157637	2.680869	-0.1905146	-0.9209884	2.538106	

-0.199423	0.4545319	2.38287	-0.1727434	0.4898175	2.365283	-0.303185	0.4360575	2.309575	-0.1327907	0.4970514	2.389597	-0.2541713	0.397284	2.342364	-0.1573957	0.4508064	2.414879	-0.1010945	0.4485035	2.659298	-0.145032	0.339271	2.666234	-0.1349643	0.273814	2.664417	-0.1041246	0.07408376	2.650367	-0.06211824	-0.1979923	2.622337	0.02574917	0.2117222	2.716482	-0.2273488	0.2081469	2.562363	-0.0029561	-0.1972177	2.625744	-0.1194923	-0.1938261	2.551792	-0.04980091	0.3950754	2.553101	-0.3089978	0.3676379	2.377001	0.04373795	-0.5027903	2.514477	-0.05879746	-0.51053	2.620029	-0.1080617	-0.7177447	2.678886	-0.1912314	-0.9136048	2.539656	

-0.1994813	0.4555653	2.37768	-0.1690755	0.4863709	2.371524	-0.3017963	0.4363067	2.309091	-0.1275531	0.4969749	2.405732	-0.2618109	0.4016832	2.3235	-0.1544381	0.4515111	2.413744	-0.09956105	0.448489	2.658945	-0.1418231	0.3389819	2.665468	-0.1321607	0.2736162	2.663532	-0.1022264	0.07404666	2.649188	-0.06099977	-0.1978223	2.620838	0.02602579	0.2120603	2.716418	-0.2259418	0.2079546	2.562197	-0.00208764	-0.1970532	2.624803	-0.118215	-0.1936422	2.549717	-0.04972906	0.3950009	2.552841	-0.3078024	0.3672092	2.376892	0.03170492	-0.447962	2.483457	-0.06100537	-0.5086249	2.620236	-0.06711263	-0.7011979	2.63672	-0.1920409	-0.9140014	2.538984	

-0.2056483	0.4552169	2.370434	-0.1696825	0.4882476	2.368175	-0.3095995	0.4336723	2.305406	-0.0957922	0.5109627	2.446599	-0.2503668	0.4025864	2.337359	-0.1197437	0.475184	2.416143	-0.09871585	0.4484806	2.658441	-0.1456307	0.3386752	2.666193	-0.1349009	0.2734887	2.663954	-0.102867	0.07415808	2.649113	-0.0607587	-0.1974873	2.620481	0.02675037	0.2122111	2.716347	-0.2236351	0.2074927	2.561813	-0.001869886	-0.1961509	2.624864	-0.1177903	-0.1936616	2.548676	-0.04923837	0.3951133	2.552749	-0.3066288	0.3669198	2.377126	0.04161977	-0.434898	2.465554	-0.06505924	-0.5010162	2.617216	-0.05804667	-0.6934087	2.614275	-0.1923144	-0.9110368	2.538656	

-0.2074755	0.4550059	2.368778	-0.1697361	0.4886704	2.367145	-0.3118568	0.4317144	2.307248	-0.08963307	0.504267	2.443252	-0.2480814	0.4033214	2.33912	-0.08157393	0.4848641	2.434667	-0.09795749	0.4485182	2.658155	-0.1415232	0.3378693	2.665329	-0.1309874	0.272845	2.663105	-0.09893037	0.0739785	2.64813	-0.05567127	-0.1968805	2.61916	0.02870878	0.213679	2.716448	-0.2216728	0.2065793	2.561518	0.003388315	-0.1953347	2.623259	-0.1132338	-0.1933136	2.547826	-0.0482862	0.3956816	2.552352	-0.3057362	0.3663456	2.37774	0.04153375	-0.4334831	2.465055	-0.06449553	-0.5013135	2.616677	-0.05772877	-0.6944019	2.613943	-0.1927355	-0.9137999	2.538368	

-0.2067977	0.4553822	2.367885	-0.1655192	0.4850614	2.375226	-0.3099549	0.4362809	2.309942	-0.09396078	0.5096618	2.454732	-0.2539814	0.4024076	2.335561	-0.1153715	0.473876	2.4239	-0.09657739	0.448963	2.658145	-0.1382945	0.3383257	2.664262	-0.1279936	0.2733647	2.662005	-0.09637205	0.07473586	2.646837	-0.05334252	-0.1957227	2.617568	0.02937134	0.2147462	2.715854	-0.2200558	0.2070277	2.561661	0.005642298	-0.1944813	2.621794	-0.1109677	-0.1919106	2.546242	-0.04813747	0.3964162	2.551854	-0.3045813	0.3665835	2.378119	0.04148619	-0.4317805	2.464831	-0.0652498	-0.5000544	2.616721	-0.05887197	-0.6944789	2.613871	-0.1936257	-0.915069	2.537896	

-0.2080146	0.4554496	2.366588	-0.1647622	0.4842948	2.377427	-0.3117926	0.433766	2.308939	-0.1031182	0.5161117	2.430176	-0.2497695	0.4049564	2.34199	-0.152437	0.4554007	2.421637	-0.09547427	0.4493529	2.657978	-0.135232	0.3388287	2.664468	-0.1252701	0.2739584	2.662017	-0.09439529	0.07560464	2.64634	-0.05188571	-0.1943573	2.616429	0.0312203	0.2176358	2.715581	-0.2189011	0.2070875	2.561751	0.00682785	-0.1934645	2.621313	-0.1092496	-0.1901698	2.54432	-0.04734707	0.3979869	2.550793	-0.3040775	0.3664069	2.378524	0.04085476	-0.4299991	2.465228	-0.06045554	-0.5035484	2.616788	-0.06159329	-0.6926223	2.616163	-0.1937267	-0.9191081	2.537269	

-0.2072125	0.4564883	2.366626	-0.1643724	0.4840336	2.378088	-0.3090806	0.4372214	2.310147	-0.09273405	0.5228802	2.436968	-0.2484642	0.4039503	2.341372	-0.1460295	0.4572293	2.423372	-0.09439539	0.4496887	2.656982	-0.1336947	0.3389798	2.663464	-0.1241627	0.2741304	2.661162	-0.09415277	0.07581212	2.645788	-0.05240919	-0.193973	2.615857	0.03295137	0.2177803	2.715059	-0.2183333	0.2071123	2.561348	0.005981598	-0.1926832	2.621303	-0.1096724	-0.1900724	2.542943	-0.04646706	0.3978061	2.550561	-0.3038157	0.3665109	2.378563	0.04101069	-0.4278615	2.465395	-0.06077091	-0.503238	2.6166	-0.0650587	-0.6891919	2.618244	-0.1909819	-0.921681	2.539538	

-0.20677	0.456567	2.366218	-0.1640703	0.483992	2.378212	-0.3116989	0.4369055	2.308815	-0.09943882	0.5147473	2.437721	-0.250459	0.4032577	2.340419	-0.1498757	0.4557443	2.422807	-0.09345932	0.4500638	2.656394	-0.1334187	0.3393411	2.66322	-0.123726	0.2745407	2.660853	-0.09313542	0.07639101	2.645234	-0.05048105	-0.1932403	2.615036	0.03517327	0.218204	2.714579	-0.218016	0.2071567	2.561253	0.007939911	-0.1923784	2.62106	-0.1076921	-0.1888767	2.541582	-0.04541893	0.3976039	2.550168	-0.3034702	0.3665696	2.378661	0.04087062	-0.4307513	2.472958	-0.06139312	-0.5026637	2.616375	-0.05998833	-0.6894401	2.634475	-0.1913767	-0.9223958	2.539535	

-0.2085589	0.4543815	2.363796	-0.1658707	0.4870625	2.36966	-0.3150028	0.4334326	2.310111	-0.08964045	0.5043247	2.44358	-0.2525926	0.4029241	2.335347	-0.103886	0.4779405	2.421	-0.09277498	0.4500758	2.655974	-0.1327283	0.3391663	2.663195	-0.1229246	0.2743799	2.660778	-0.09213199	0.07631925	2.644991	-0.04937567	-0.1931776	2.614636	0.03528339	0.218424	2.714231	-0.2176908	0.2070311	2.560973	0.009344766	-0.1922546	2.620501	-0.1068841	-0.1889008	2.541418	-0.04548936	0.3979705	2.549768	-0.3033175	0.3667492	2.378468	0.04096426	-0.4308343	2.474204	-0.06147699	-0.5025631	2.61611	-0.05838851	-0.6887223	2.639101	-0.191916	-0.9231563	2.538861	

-0.2085236	0.453978	2.363768	-0.1637976	0.4845804	2.375987	-0.3166841	0.4327865	2.312921	-0.08457086	0.5006784	2.446436	-0.2555446	0.4035094	2.333106	-0.0779482	0.4792716	2.44275	-0.09250317	0.4500179	2.655717	-0.1321105	0.3388388	2.663176	-0.1224852	0.2740837	2.660656	-0.09206815	0.07601703	2.64458	-0.05028012	-0.1938119	2.613255	0.03501686	0.2182944	2.714111	-0.2178801	0.207099	2.56092	0.008421935	-0.1933665	2.618485	-0.1077052	-0.1891993	2.540652	-0.04538656	0.3978624	2.549639	-0.3031955	0.3668759	2.378457	0.04208659	-0.4281542	2.466816	-0.06394674	-0.5009502	2.617837	-0.04428704	-0.6881378	2.636858	-0.1925376	-0.9231138	2.539085	

-0.2080962	0.4539504	2.363426	-0.1627975	0.4837947	2.37736	-0.3149098	0.433289	2.309418	-0.08461242	0.5021267	2.447524	-0.2541986	0.4026549	2.335656	-0.08983323	0.4774054	2.434498	-0.09241341	0.4500275	2.655677	-0.1313979	0.3391175	2.663281	-0.1214015	0.2743355	2.660843	-0.08961172	0.0760491	2.645126	-0.04497566	-0.1943857	2.614941	0.03477735	0.218267	2.714083	-0.2175571	0.2070244	2.560865	0.01304053	-0.1937549	2.619749	-0.1017489	-0.1900177	2.54307	-0.04524383	0.3977115	2.549401	-0.3027978	0.3669788	2.378655	0.03129314	-0.4330778	2.476105	-0.06807481	-0.4955158	2.616783	-0.04813449	-0.6949978	2.647501	-0.1922191	-0.9201759	2.539846	

-0.2079162	0.4536007	2.363721	-0.1629044	0.4834492	2.378122	-0.3163128	0.433633	2.309762	-0.08538759	0.5022317	2.444905	-0.2524821	0.4030079	2.336659	-0.07476747	0.477119	2.440286	-0.09227961	0.4500033	2.655503	-0.1311826	0.3390751	2.663328	-0.1211778	0.2742591	2.660882	-0.0894645	0.0759082	2.645126	-0.0449774	-0.1945893	2.614921	0.03489304	0.2175601	2.714046	-0.2177635	0.2069774	2.560823	0.01306287	-0.193964	2.619617	-0.1017902	-0.190286	2.54321	-0.04474393	0.3968948	2.54915	-0.3028412	0.3667262	2.378447	0.03574271	-0.4284773	2.46858	-0.06731253	-0.4970341	2.616798	-0.04514892	-0.6916258	2.638925	-0.1921549	-0.922442	2.539492	

-0.2069493	0.4546067	2.363258	-0.1625268	0.4829291	2.378309	-0.3175833	0.4328091	2.305691	-0.081278	0.4973568	2.446903	-0.2529838	0.4000272	2.338888	-0.07149168	0.4728936	2.439	-0.09182723	0.4498863	2.655137	-0.1306774	0.3388638	2.663087	-0.1207061	0.2740208	2.660705	-0.0891929	0.0756519	2.645108	-0.04495227	-0.1948754	2.615096	0.03489228	0.2173258	2.714024	-0.2175631	0.2069828	2.560638	0.01309155	-0.1942518	2.619625	-0.1017804	-0.1906228	2.54372	-0.04481948	0.396489	2.549078	-0.3027973	0.3666974	2.378412	0.03764637	-0.4265223	2.466051	-0.05968679	-0.5045217	2.618631	-0.04741221	-0.7113212	2.601892	-0.1932493	-0.9288133	2.537538	

-0.2066578	0.455461	2.363056	-0.1600637	0.479513	2.381978	-0.3113164	0.4362957	2.314181	-0.08613127	0.5185134	2.43867	-0.249865	0.4030653	2.33814	-0.1454857	0.4540118	2.426667	-0.09146115	0.4496697	2.654695	-0.130551	0.3388036	2.662963	-0.1206511	0.2739766	2.66055	-0.0895526	0.07566516	2.644606	-0.04736827	-0.1944448	2.613508	0.03450207	0.2172431	2.713909	-0.2177351	0.2070097	2.560549	0.01064404	-0.1942142	2.617084	-0.1043144	-0.1897996	2.542899	-0.04437548	0.3960098	2.548184	-0.3027781	0.3667285	2.378341	0.03100111	-0.4310178	2.473386	-0.06008658	-0.50425	2.61845	-0.05124756	-0.6960922	2.643917	-0.1938429	-0.9290971	2.536814	

-0.204542	0.4533201	2.363818	-0.1602507	0.4789379	2.382056	-0.31719	0.4292063	2.303485	-0.08283052	0.5168939	2.439956	-0.260102	0.3999854	2.322786	-0.1387063	0.4546238	2.430496	-0.09125226	0.449643	2.654059	-0.129648	0.338433	2.662978	-0.1194421	0.2735319	2.66062	-0.08738599	0.07504462	2.644948	-0.043163	-0.1953193	2.614745	0.03443741	0.2171296	2.713846	-0.2177508	0.2070019	2.560605	0.01492827	-0.1948535	2.617912	-0.100167	-0.1908922	2.544693	-0.04089084	0.3981131	2.549035	-0.3030675	0.3663498	2.378251	0.03474125	-0.431993	2.476219	-0.0643701	-0.5001067	2.618588	-0.05345145	-0.6940532	2.649088	-0.1934924	-0.9270742	2.53744	

-0.1547199	0.4542716	2.411744	-0.1595616	0.480783	2.384014	-0.2565379	0.4457715	2.335294	-0.07410428	0.5114251	2.445463	-0.2059326	0.4151789	2.3873	-0.1260867	0.4583512	2.427769	-0.09005422	0.4492183	2.653587	-0.1291878	0.3380804	2.662986	-0.1188562	0.2731678	2.660683	-0.08645105	0.07470113	2.64524	-0.04161872	-0.1955512	2.615591	0.03429791	0.2172139	2.713895	-0.2177569	0.2069814	2.560658	0.01646883	-0.1949009	2.618798	-0.0986426	-0.1912927	2.545555	-0.03037174	0.4047644	2.547755	-0.3041229	0.367696	2.376597	0.03999582	-0.426786	2.46815	-0.06466173	-0.5006772	2.619117	-0.03829884	-0.69034	2.644299	-0.1938772	-0.9282782	2.537086	

-0.1573047	0.4552817	2.409128	-0.156768	0.4801167	2.385695	-0.2557226	0.4467943	2.334763	-0.08356057	0.5167558	2.428952	-0.204968	0.4144435	2.383274	-0.1081769	0.4636534	2.433722	-0.08972016	0.4490115	2.653357	-0.1289352	0.338136	2.66299	-0.1184575	0.2731971	2.660755	-0.08548722	0.07456624	2.64568	-0.03958412	-0.1961124	2.616982	0.03435677	0.2171597	2.713888	-0.2177403	0.2068757	2.560737	0.01830666	-0.1951972	2.619634	-0.09641603	-0.1921599	2.547695	-0.03099651	0.4066329	2.546256	-0.3040606	0.3677499	2.376558	0.0406797	-0.4258907	2.46718	0.007288584	-0.5198441	2.569926	-0.03737522	-0.6900476	2.643615	-0.182033	-0.9304184	2.529147	

-0.1544839	0.4578521	2.406529	-0.1613784	0.4875237	2.367565	-0.2559298	0.4441859	2.332504	-0.08034272	0.4953332	2.444977	-0.2068775	0.4128559	2.383636	-0.07595734	0.4756542	2.43275	-0.08938354	0.448747	2.653424	-0.1287977	0.3380154	2.662995	-0.1181805	0.2730116	2.660852	-0.08459064	0.07414322	2.646346	-0.03754752	-0.1968645	2.618989	0.0342496	0.2171656	2.713834	-0.2172644	0.2065498	2.56069	0.02024586	-0.1957057	2.621614	-0.09437063	-0.1931122	2.549707	-0.03172026	0.4061379	2.545848	-0.3039932	0.3677291	2.376603	0.04151882	-0.4247357	2.466028	0.04814753	-0.5142519	2.532043	-0.04525416	-0.7082979	2.607723	-0.1743882	-0.9090483	2.52286	

-0.1538208	0.4579516	2.406437	-0.1549494	0.4789235	2.378396	-0.2534066	0.4552088	2.333599	-0.1261542	0.4944674	2.395958	-0.2050273	0.4164798	2.375769	-0.1494697	0.4499018	2.397267	-0.08872351	0.4477921	2.653677	-0.1278219	0.3368014	2.662667	-0.1170848	0.2717738	2.660706	-0.08329374	0.07289007	2.646699	-0.03619931	-0.1980405	2.6199	0.03451138	0.2166129	2.713828	-0.2172939	0.2064897	2.560709	0.02179728	-0.1967839	2.622647	-0.09326062	-0.194328	2.550502	-0.03152873	0.405665	2.545966	-0.3033649	0.366834	2.377422	0.04175394	-0.4245944	2.464904	0.04857079	-0.5155479	2.53227	-0.04519247	-0.7083359	2.606179	-0.1728484	-0.9109724	2.52179	

-0.1964428	0.4486859	2.351326	-0.1510581	0.4803954	2.381755	-0.3146834	0.4327163	2.312577	-0.09415609	0.4906702	2.444561	-0.2593273	0.4020774	2.327072	-0.1230208	0.4586182	2.426187	-0.08808529	0.4474089	2.65361	-0.1274147	0.3365955	2.662705	-0.1166085	0.2715567	2.660825	-0.08270575	0.07268076	2.64706	-0.0356118	-0.1981746	2.620534	0.03455506	0.2165455	2.713824	-0.217298	0.2063856	2.560785	0.0223657	-0.1968534	2.623062	-0.09267671	-0.19453	2.551408	-0.03231581	0.4053057	2.546291	-0.3009239	0.3712032	2.375412	0.04248992	-0.4293664	2.47477	0.04650329	-0.5166419	2.534641	-0.05377201	-0.7087212	2.62051	-0.1716378	-0.9153405	2.521474	

-0.1598085	0.454973	2.411815	-0.1509373	0.4799688	2.381925	-0.2560923	0.444433	2.337999	-0.08991359	0.4941164	2.437759	-0.2097143	0.4109778	2.383667	-0.1109419	0.4633962	2.421737	-0.08715729	0.4471777	2.653807	-0.1272035	0.3366565	2.662795	-0.1165788	0.2715766	2.660841	-0.08339539	0.07271394	2.646879	-0.04075448	-0.1982224	2.618881	0.03463094	0.2164924	2.714006	-0.2165115	0.2061534	2.561248	0.0177576	-0.1975236	2.621195	-0.09839278	-0.1938727	2.549931	-0.03187156	0.4050338	2.546364	-0.3007477	0.3708271	2.376318	0.04569476	-0.4316016	2.477843	0.04553844	-0.5139578	2.534263	-0.04966272	-0.7703899	2.630889	-0.1728259	-0.9125473	2.521313	

-0.2117297	0.4375008	2.368811	-0.1511263	0.48003	2.382215	-0.3176543	0.4196061	2.311708	-0.09116961	0.4970538	2.443425	-0.2613739	0.3869167	2.351385	-0.09946836	0.4633212	2.437714	-0.08680286	0.4467058	2.653943	-0.1269602	0.3367013	2.662965	-0.1163998	0.2715749	2.661039	-0.08340947	0.07255552	2.647207	-0.04089447	-0.1988021	2.619723	0.03485869	0.2161214	2.71417	-0.2160908	0.2060658	2.561836	0.01760802	-0.1983424	2.622427	-0.098501	-0.1942423	2.550453	-0.0326599	0.4042363	2.546749	-0.3001208	0.3699493	2.377186	0.04530858	-0.4320351	2.478125	0.04618889	-0.5141155	2.533716	-0.05024485	-0.77039	2.63067	-0.172754	-0.9123904	2.521256	

-0.2116943	0.4374942	2.368811	-0.1506462	0.4798807	2.379291	-0.3190618	0.4242972	2.311837	-0.0793656	0.5160522	2.435952	-0.2604572	0.386974	2.350008	-0.1072542	0.4609109	2.433561	-0.08615698	0.4464617	2.653848	-0.1266802	0.3367046	2.662973	-0.1160525	0.2715493	2.661095	-0.08288953	0.07241167	2.647411	-0.03932175	-0.1992263	2.620424	0.03495336	0.2158959	2.71407	-0.2157649	0.2060748	2.561868	0.01921639	-0.1986422	2.623247	-0.09696802	-0.1947755	2.55103	-0.03276147	0.403877	2.546848	-0.2998498	0.3698953	2.377221	0.05548123	-0.4313614	2.479151	0.05375274	-0.512346	2.529367	-0.07339419	-0.6848979	2.644856	-0.1727815	-0.9069663	2.522607	

-0.1383137	0.4813269	2.378553	-0.1504242	0.4804086	2.378197	-0.242528	0.4616117	2.33818	-0.08960964	0.4927392	2.442074	-0.193024	0.43205	2.358611	-0.1201473	0.4577686	2.4235	-0.08496246	0.4458875	2.654209	-0.1253203	0.3366505	2.66299	-0.1150881	0.2714648	2.661223	-0.0826959	0.0722988	2.647644	-0.03956708	-0.1994555	2.621099	0.03527679	0.2157624	2.714126	-0.2157247	0.2060705	2.561981	0.0189635	-0.198893	2.623813	-0.09718736	-0.1949682	2.551807	-0.0323971	0.4036165	2.546996	-0.299218	0.3699032	2.377785	0.02994261	-0.4363699	2.485502	-0.007183454	-0.5113751	2.579714	-0.06781589	-0.7081723	2.643651	-0.1841117	-0.9289528	2.532293	

-0.1699106	0.4601233	2.335696	-0.1480002	0.4780738	2.378099	-0.2974686	0.4344675	2.317808	-0.04753022	0.5076681	2.464113	-0.2762825	0.4112925	2.311385	-0.127293	0.4539216	2.4338	-0.08340344	0.4458569	2.654711	-0.124942	0.3368362	2.663295	-0.1147753	0.2715975	2.661569	-0.08263227	0.07228782	2.648125	-0.03978389	-0.1996412	2.621929	0.03571694	0.2159249	2.714391	-0.2137648	0.2061682	2.562837	0.01883247	-0.1990422	2.624112	-0.09748608	-0.1951496	2.553434	-0.03232973	0.4029347	2.546527	-0.2985251	0.369934	2.378174	0.04306066	-0.4840677	2.505528	0.0005350726	-0.5104984	2.578172	-0.1005941	-0.7226171	2.679122	-0.1810222	-0.9254323	2.532393	

-0.1698368	0.4603342	2.336015	-0.1462392	0.4790197	2.381542	-0.2954178	0.4370295	2.317072	-0.04446378	0.5104848	2.460166	-0.2415288	0.4133881	2.3278	-0.1193614	0.4568836	2.428017	-0.0820629	0.4457942	2.65493	-0.1245046	0.3370783	2.663584	-0.1144144	0.2717686	2.661831	-0.08253034	0.07229932	2.648271	-0.03977982	-0.1996922	2.62199	0.03610234	0.2161737	2.714623	-0.2126888	0.2062059	2.563037	0.01877818	-0.1991987	2.624384	-0.09746318	-0.1951638	2.553418	-0.03181964	0.4027513	2.546327	-0.2978978	0.3698165	2.378578	0.0432287	-0.4840533	2.505528	0.0006247659	-0.5114778	2.577831	-0.08263388	-0.7497733	2.653051	-0.180967	-0.926194	2.532806	

-0.16959	0.460291	2.336094	-0.1486248	0.4800436	2.377164	-0.2947512	0.4286512	2.312925	-0.0451156	0.5115736	2.458965	-0.265915	0.413953	2.309583	-0.1163702	0.4574201	2.434403	-0.0811168	0.4455884	2.655225	-0.1219841	0.3372543	2.663472	-0.1124185	0.271863	2.661831	-0.08191311	0.07223693	2.648413	-0.03976701	-0.1997722	2.622118	0.03653165	0.2162481	2.714725	-0.2120844	0.2063981	2.562948	0.01874722	-0.1992284	2.624473	-0.09738206	-0.1953049	2.553561	-0.03162479	0.4023318	2.546162	-0.2974307	0.3697718	2.378534	0.04686828	-0.4896494	2.506219	-0.0640284	-0.5050303	2.624668	-0.09227709	-0.7425693	2.662496	-0.1945068	-0.9327507	2.538502	

-0.2003835	0.4089101	2.374485	-0.1465733	0.4792495	2.378196	-0.3173308	0.4215598	2.310773	-0.04417228	0.510424	2.456631	-0.273166	0.3580783	2.352861	-0.1174709	0.4575187	2.431634	-0.08003504	0.4457606	2.654908	-0.1199202	0.3363855	2.663801	-0.1106218	0.271132	2.662149	-0.08107531	0.07187102	2.648653	-0.03968212	-0.1998201	2.622191	0.03673242	0.2163897	2.714967	-0.2108348	0.2061665	2.562835	0.01886216	-0.1993608	2.62478	-0.09728919	-0.1953175	2.553515	-0.07305357	0.3703223	2.535384	-0.2958462	0.369806	2.378643	0.04311285	-0.4356441	2.484781	-0.06600787	-0.5021542	2.624158	-0.06504254	-0.70804	2.634084	-0.1949372	-0.9307779	2.538079	

-0.1443589	0.4606333	2.402251	-0.1579602	0.4932544	2.359636	-0.2620295	0.435442	2.330637	-0.0728891	0.5124013	2.442206	-0.2181994	0.4066308	2.371316	-0.09319533	0.4864898	2.410769	-0.07849094	0.4459073	2.655103	-0.1186973	0.3367508	2.664324	-0.1095321	0.2714484	2.662555	-0.08053036	0.07202415	2.648767	-0.03961296	-0.1997707	2.622127	0.04172251	0.2195253	2.714884	-0.2102829	0.2063857	2.562982	0.01897557	-0.1992911	2.62475	-0.09723855	-0.1952624	2.55335	-0.03000888	0.4033326	2.545385	-0.2956771	0.3697315	2.378716	0.04663214	-0.4823415	2.501619	-0.06767622	-0.4991537	2.623789	-0.088732	-0.7333859	2.663709	-0.1945331	-0.9281184	2.538141	

-0.1930815	0.4157047	2.395755	-0.1576561	0.4931617	2.360013	-0.3090499	0.4258612	2.30963	-0.07293591	0.5127183	2.443705	-0.2670672	0.3632888	2.355682	-0.08309411	0.4893582	2.42275	-0.07824164	0.4459112	2.655164	-0.1173359	0.3367695	2.664438	-0.1083352	0.2714991	2.662636	-0.07993858	0.07211918	2.648768	-0.03955786	-0.1996708	2.622063	0.04158951	0.2194917	2.714987	-0.2110771	0.2065754	2.562756	0.01900553	-0.199259	2.624731	-0.09714662	-0.1950297	2.553164	-0.06732767	0.3724237	2.533926	-0.2958332	0.3700885	2.378327	0.04109471	-0.4371581	2.488398	-0.06813709	-0.498327	2.623911	-0.06681644	-0.7062428	2.643106	-0.1945313	-0.9277512	2.538553	

-0.1985903	0.399831	2.391186	-0.1576136	0.4931773	2.359951	-0.3290338	0.4210868	2.308905	-0.07185929	0.5111576	2.43967	-0.3304855	0.3632076	2.343077	-0.06799865	0.4942238	2.426333	-0.07784574	0.4462306	2.655146	-0.1168624	0.3369568	2.664295	-0.107539	0.2717799	2.662475	-0.07790512	0.07274824	2.6486	-0.03573547	-0.1983407	2.621817	0.04151752	0.2194776	2.715012	-0.2106198	0.2066562	2.562703	0.02229585	-0.1978194	2.625196	-0.09267703	-0.193804	2.551964	-0.06760993	0.3725321	2.534205	-0.2957565	0.3700773	2.378381	0.0416041	-0.4365039	2.487539	-0.0678318	-0.4992623	2.624013	-0.06789889	-0.7044017	2.643457	-0.194924	-0.928616	2.53807	

-0.1984875	0.3997951	2.391247	-0.1574551	0.4931188	2.36022	-0.3344561	0.415955	2.316157	-0.07563473	0.5151826	2.444351	-0.3301863	0.3630466	2.343687	-0.07506165	0.4958313	2.426215	-0.07781075	0.4462744	2.655223	-0.1172284	0.3370455	2.664354	-0.107811	0.2718399	2.662487	-0.07809116	0.07275099	2.648509	-0.03611451	-0.1984279	2.621381	0.04140471	0.2193623	2.715049	-0.2114057	0.2066661	2.56264	0.02193862	-0.1978859	2.624351	-0.09313903	-0.1939179	2.551758	-0.06760824	0.3725672	2.534292	-0.2958618	0.3702689	2.378141	0.04155991	-0.426607	2.469283	-0.002579412	-0.5143619	2.575781	-0.05781019	-0.7014344	2.621198	-0.1839225	-0.9297918	2.530373	

-0.1467277	0.4634575	2.406398	-0.1582202	0.4930391	2.359741	-0.2687761	0.4406605	2.32914	-0.07395064	0.5126123	2.440619	-0.2115535	0.409565	2.37	-0.1264944	0.4851937	2.361334	-0.07784565	0.446279	2.655213	-0.1172185	0.3370002	2.664373	-0.1078005	0.2718045	2.662487	-0.07809547	0.07270604	2.648435	-0.03632097	-0.1984908	2.620934	0.04135462	0.2193326	2.715069	-0.2106409	0.2064331	2.562587	0.02176571	-0.1979761	2.623875	-0.09339356	-0.1939543	2.551335	-0.02953881	0.403841	2.54601	-0.2959174	0.369489	2.378898	0.02637563	-0.4327393	2.48008	-0.002633938	-0.5140845	2.575624	-0.0616954	-0.7126656	2.630267	-0.1841697	-0.9297794	2.528909	

-0.1495234	0.4617384	2.408094	-0.1585999	0.4928883	2.360293	-0.2690102	0.4355296	2.331734	-0.07300434	0.5131909	2.445952	-0.2119475	0.4101864	2.369233	-0.09940694	0.4806312	2.41075	-0.07784463	0.4464255	2.655074	-0.1174623	0.3371952	2.66442	-0.1080299	0.271995	2.662468	-0.07843415	0.07294578	2.648155	-0.03718107	-0.1980686	2.619871	0.0411038	0.2193548	2.71497	-0.2111491	0.2064703	2.562447	0.02122407	-0.1977171	2.623646	-0.09471478	-0.1933067	2.548757	-0.02949843	0.4040556	2.546008	-0.2958665	0.3688371	2.37898	0.03383647	-0.4325617	2.481085	-0.002141581	-0.5143269	2.575428	-0.06048341	-0.7143116	2.625356	-0.1846805	-0.9301856	2.529863	

-0.1485079	0.4613581	2.408263	-0.1494097	0.4817874	2.37906	-0.2665372	0.4332696	2.326414	-0.08162696	0.4953088	2.437383	-0.2163678	0.408669	2.365921	-0.09851895	0.4666204	2.4307	-0.0778652	0.4464536	2.655039	-0.1173099	0.3374126	2.664316	-0.1078956	0.2721586	2.662354	-0.0783696	0.07298028	2.648014	-0.03723152	-0.1981937	2.619628	0.04106203	0.218986	2.714948	-0.2117011	0.2064984	2.562317	0.02118666	-0.197787	2.62353	-0.09476646	-0.1934816	2.548452	-0.02836177	0.4045543	2.546477	-0.2957397	0.368578	2.378876	0.04069851	-0.4331424	2.483466	-0.001359482	-0.5147569	2.574918	-0.06172997	-0.7133033	2.626271	-0.1845753	-0.9308531	2.530139	

-0.1489802	0.4602117	2.408196	-0.1494527	0.4814096	2.379673	-0.2672057	0.4312669	2.324286	-0.070838	0.5107076	2.437524	-0.2094549	0.4089421	2.37048	-0.1361699	0.4497855	2.418667	-0.07804289	0.4464285	2.654819	-0.1177181	0.3375696	2.664288	-0.1081743	0.2722401	2.662288	-0.07849736	0.07290997	2.647839	-0.03726197	-0.198645	2.619101	0.04098259	0.2186794	2.71493	-0.2105437	0.2061562	2.561998	0.02110583	-0.1982767	2.622874	-0.09475337	-0.1938647	2.548132	-0.02843151	0.4041678	2.546368	-0.2956315	0.3681136	2.378535	0.04324779	-0.4828353	2.501604	-0.001698974	-0.5164544	2.573919	-0.09088956	-0.7349173	2.665825	-0.1848573	-0.9321364	2.52993	

-0.1497111	0.4585623	2.408147	-0.1495938	0.4808271	2.378497	-0.2694626	0.4314575	2.321872	-0.07743634	0.495204	2.437767	-0.21339	0.4058434	2.370029	-0.07258386	0.4719548	2.43075	-0.07790218	0.4465538	2.654502	-0.1173683	0.3376815	2.664181	-0.1078504	0.2723578	2.662125	-0.07825411	0.07303127	2.647471	-0.03722473	-0.1984782	2.61839	0.04086157	0.2185125	2.714979	-0.2106399	0.2061856	2.561962	0.02113258	-0.198279	2.622029	-0.09470765	-0.193578	2.547625	-0.02850224	0.4035688	2.546051	-0.295612	0.3673683	2.378173	0.04342824	-0.4827745	2.501603	-0.06176329	-0.5065148	2.624645	-0.08953327	-0.7492631	2.644012	-0.1951258	-0.934894	2.536889	

-0.1499295	0.4574111	2.407538	-0.1504591	0.4797193	2.37663	-0.2678783	0.4288115	2.322585	-0.07994713	0.4989853	2.436213	-0.2080705	0.4058388	2.369936	-0.1105381	0.4609545	2.4092	-0.07779064	0.4463175	2.654313	-0.1171238	0.33797	2.663585	-0.1075877	0.2726063	2.661505	-0.07797014	0.07311822	2.646771	-0.03699397	-0.1985954	2.61771	0.04076771	0.2183842	2.714965	-0.2110424	0.2062072	2.561898	0.02138355	-0.1982991	2.621084	-0.09451313	-0.1937533	2.547235	-0.02865641	0.4027778	2.545435	-0.2950993	0.3644594	2.378529	0.0196777	-0.4374305	2.487134	0.0003907826	-0.5188197	2.577715	-0.06153648	-0.720877	2.635138	-0.1838814	-0.9335657	2.530396	

-0.1502822	0.4565216	2.407707	-0.1508438	0.4793531	2.375844	-0.2675224	0.4309313	2.324651	-0.07994294	0.4989088	2.435796	-0.2051932	0.4035812	2.374255	-0.1080015	0.4615809	2.410752	-0.07778405	0.4462543	2.654101	-0.1166269	0.3380339	2.663532	-0.1068232	0.2727249	2.661437	-0.07615568	0.07343889	2.646652	-0.03330227	-0.197823	2.61767	0.04076532	0.2183424	2.715033	-0.2110633	0.2062216	2.561882	0.02491563	-0.1976588	2.621958	-0.09053325	-0.1928408	2.546351	-0.02830965	0.4023402	2.545038	-0.2944046	0.3627924	2.379123	0.01394595	-0.4336467	2.481797	-0.0006473559	-0.5161534	2.577256	-0.02998565	-0.6837519	2.687907	-0.1831692	-0.931357	2.530784	

-0.1502303	0.4561321	2.407432	-0.1505779	0.4787316	2.374857	-0.2693116	0.4312302	2.320559	-0.07972676	0.4994529	2.428597	-0.1980049	0.4064707	2.374727	-0.09772512	0.4646666	2.421667	-0.07779179	0.4459714	2.653944	-0.1170231	0.3379855	2.663576	-0.1071449	0.2726893	2.661426	-0.07640164	0.07340638	2.646499	-0.03361616	-0.1978653	2.617252	0.04076003	0.2183365	2.715029	-0.2114829	0.2062054	2.561626	0.02464784	-0.1976654	2.621777	-0.09090164	-0.1929469	2.545652	-0.02825886	0.4018984	2.544645	-0.2940434	0.3621107	2.378943	0.01168381	-0.4326189	2.480152	-0.0005809934	-0.5164075	2.57745	-0.06983142	-0.7144847	2.630288	-0.1828477	-0.9318169	2.531592	

-0.150223	0.455314	2.406999	-0.1505385	0.4783447	2.372838	-0.2691075	0.4327237	2.320667	-0.08028568	0.5053711	2.43467	-0.205706	0.4056797	2.367837	-0.1033085	0.4628923	2.412973	-0.07764167	0.4457448	2.653435	-0.1174987	0.3379981	2.663527	-0.1075327	0.2726752	2.661311	-0.07669464	0.07328176	2.64614	-0.03388734	-0.1982668	2.616339	0.04075188	0.218312	2.715047	-0.2114842	0.2062048	2.56159	0.02431424	-0.1979705	2.620633	-0.09112927	-0.1934139	2.545013	-0.02811584	0.4013427	2.544109	-0.2935233	0.361149	2.378759	0.01444166	-0.435203	2.484416	-0.0006805152	-0.5167761	2.577904	-0.06815156	-0.7354416	2.59801	-0.1836118	-0.9323491	2.532187	

-0.1498492	0.4546548	2.406935	-0.1503053	0.4783054	2.372073	-0.2680909	0.4311741	2.321288	-0.07921845	0.4951771	2.431147	-0.2034305	0.4062093	2.372217	-0.1056942	0.4612918	2.410136	-0.07752835	0.4456045	2.653039	-0.1171052	0.3374406	2.663235	-0.1072523	0.2722303	2.66104	-0.07666119	0.07305628	2.645919	-0.0341393	-0.1983444	2.616145	0.04074639	0.2183075	2.715043	-0.2118313	0.2061666	2.561273	0.02402376	-0.1979956	2.620577	-0.09137349	-0.1935745	2.544658	-0.02719695	0.4011685	2.543645	-0.2929999	0.3608375	2.37864	0.0104221	-0.4336944	2.481773	-0.0006301448	-0.5178226	2.578853	0.1532131	-0.7295477	2.541286	-0.1835819	-0.9333141	2.5323	

-0.149722	0.4534447	2.405891	-0.1502046	0.4784632	2.371555	-0.2660616	0.4279141	2.319779	-0.07984328	0.4966484	2.432881	-0.215235	0.400077	2.356588	-0.108565	0.4597802	2.4053	-0.07715468	0.4453288	2.65203	-0.1168333	0.337185	2.663042	-0.1070325	0.2719911	2.660833	-0.07659292	0.07283928	2.645661	-0.03433083	-0.1985391	2.615845	0.04065627	0.2183088	2.714983	-0.2118268	0.2061462	2.561247	0.02380645	-0.1980561	2.620046	-0.09158439	-0.1939202	2.544536	-0.02722519	0.400469	2.542881	-0.2924385	0.3605253	2.378754	0.009627338	-0.4331241	2.480457	-0.0005377911	-0.517882	2.578892	0.1534339	-0.7285026	2.539939	-0.1831221	-0.9334732	2.531589	

-0.1480494	0.4519987	2.404174	-0.1482536	0.4793154	2.370435	-0.2664081	0.4291288	2.314984	-0.07549782	0.4942375	2.430078	-0.220232	0.3971853	2.344118	-0.1033823	0.4607114	2.40773	-0.07688031	0.4450041	2.651746	-0.1165404	0.3365456	2.662172	-0.1065626	0.2714295	2.660058	-0.07550288	0.0724178	2.645057	-0.03199062	-0.1986745	2.615645	0.04062651	0.2182659	2.714936	-0.2118281	0.2059395	2.561017	0.02630657	-0.1975393	2.619188	-0.08915471	-0.1947222	2.545062	-0.02619246	0.4000956	2.542138	-0.2906871	0.3617599	2.376559	0.03382798	-0.4262936	2.466266	-0.0485776	-0.5171684	2.628526	0.1306052	-0.7340624	2.547984	-0.1930401	-0.9415295	2.53751	

-0.1903518	0.3912399	2.389423	-0.1473966	0.479139	2.369636	-0.3311843	0.4132963	2.309908	-0.0700995	0.4904196	2.432096	-0.3031113	0.3575283	2.328454	-0.09682541	0.4618885	2.411313	-0.07589895	0.4449204	2.650638	-0.1160938	0.3361987	2.66152	-0.1060418	0.2711832	2.659551	-0.07470476	0.07242037	2.644883	-0.03055074	-0.1981454	2.61615	0.04062267	0.2181882	2.714821	-0.2118272	0.2059363	2.561003	0.02789822	-0.1963087	2.620347	-0.0878181	-0.1947037	2.545176	-0.06250029	0.3703895	2.530699	-0.2899889	0.3618583	2.376211	0.03449014	-0.424266	2.466305	0.0006021663	-0.5183169	2.579669	0.1290834	-0.7323813	2.549106	-0.1826745	-0.9336361	2.532759	

-0.133263	0.4552128	2.384448	-0.146312	0.4798467	2.364386	-0.2554292	0.4342627	2.312012	-0.07013722	0.4916516	2.417166	-0.2044264	0.3999043	2.348706	-0.0977982	0.4583029	2.3998	-0.07306062	0.443748	2.649268	-0.1151128	0.335409	2.660365	-0.1053903	0.2705466	2.658657	-0.07471073	0.07214812	2.644574	-0.03152565	-0.1983766	2.616134	0.0406298	0.2181689	2.714789	-0.2090845	0.2039908	2.559195	0.02658871	-0.1967728	2.620382	-0.08861235	-0.1947915	2.545145	-0.02418755	0.3967448	2.537805	-0.287495	0.3609345	2.376552	0.02376442	-0.4301181	2.477592	-0.003228121	-0.5178244	2.580766	0.1481238	-0.7324465	2.543685	-0.1835928	-0.9343303	2.532988	

-0.1332907	0.4549728	2.3843	-0.1445432	0.4810721	2.360763	-0.253613	0.436509	2.311934	-0.058583	0.4886095	2.428335	-0.2015587	0.4012437	2.35018	-0.08488329	0.4575249	2.407154	-0.07065973	0.4432641	2.648364	-0.113812	0.3342648	2.659343	-0.1043794	0.2695174	2.657784	-0.07448717	0.07150585	2.644155	-0.03205298	-0.1988368	2.616064	0.04068653	0.2181631	2.714745	-0.2076146	0.2032738	2.558672	0.02599529	-0.1971613	2.620368	-0.08912759	-0.1953643	2.545034	-0.02283584	0.3959326	2.536457	-0.284297	0.3606528	2.375846	0.02211377	-0.4311067	2.479349	-0.003108875	-0.5177887	2.580547	0.1461783	-0.73232	2.549974	-0.1835958	-0.9342625	2.533015	

-0.1331154	0.4512825	2.384875	-0.1242531	0.4989612	2.347157	-0.2546636	0.4317496	2.308535	-0.07225031	0.5128788	2.420943	-0.2001308	0.3975999	2.355535	-0.08890235	0.5014051	2.397667	-0.06649119	0.4425626	2.647466	-0.1142388	0.3346841	2.659421	-0.1047434	0.2698669	2.657878	-0.07482985	0.07174678	2.644349	-0.0327738	-0.1985427	2.616723	0.04083755	0.218207	2.714523	-0.2076495	0.2032952	2.558686	0.02523022	-0.1967991	2.621557	-0.08986928	-0.1951236	2.545354	-0.02207117	0.3929812	2.532837	-0.2594913	0.374248	2.369693	0.02141961	-0.4328606	2.485866	-0.003131725	-0.5176993	2.580591	0.05274847	-0.7641633	2.518034	-0.1833427	-0.9336668	2.533063	

-0.1863732	0.4217726	2.347342	-0.1216683	0.5018095	2.340234	-0.2984648	0.4228343	2.292913	-0.05450777	0.5034145	2.41762	-0.2785569	0.3653916	2.33275	-0.08381017	0.4957412	2.3768	-0.06368713	0.4408111	2.64868	-0.1145355	0.3350012	2.65939	-0.1049786	0.2700709	2.657841	-0.07501338	0.07175663	2.644321	-0.03318343	-0.1987836	2.616759	0.04090158	0.2183945	2.714312	-0.2076989	0.2033392	2.55875	0.02489914	-0.1970669	2.621778	-0.09045845	-0.1953888	2.545182	-0.02132057	0.3914608	2.530624	-0.255164	0.3762361	2.370411	0.03007048	-0.4285421	2.476442	-0.004978618	-0.5170602	2.582114	0.0359425	-0.7625411	2.497919	-0.1837625	-0.9334036	2.532634	

-0.1920952	0.4194192	2.340938	-0.1206775	0.5042998	2.336427	-0.2912245	0.4138467	2.312373	-0.07154015	0.5012755	2.396947	-0.2787364	0.365374	2.332854	-0.07118357	0.498777	2.385	-0.06155108	0.4395256	2.649447	-0.1133468	0.3344713	2.658675	-0.1040431	0.2695943	2.65728	-0.07473266	0.0714548	2.644153	-0.03333196	-0.1989877	2.61686	0.04112676	0.2184523	2.714109	-0.2051773	0.2026336	2.557725	0.02473286	-0.1972643	2.621879	-0.09058877	-0.1956016	2.545289	-0.02072091	0.3906725	2.529465	-0.2518553	0.3770927	2.370751	0.03257203	-0.4275329	2.474666	-0.004871765	-0.5170751	2.581961	0.04909308	-0.7584041	2.51469	-0.1834144	-0.9330982	2.53276	

-0.190144	0.414457	2.330742	-0.11759	0.514084	2.329051	-0.2746616	0.41842	2.311683	-0.06778264	0.5604116	2.324347	-0.2674752	0.3693341	2.3265	-0.06743664	0.5575508	2.312482	-0.05815968	0.4369518	2.650812	-0.1136353	0.3347466	2.658533	-0.1042958	0.2697816	2.657164	-0.07499589	0.0714596	2.644109	-0.03402485	-0.1992572	2.617045	0.04118707	0.2186888	2.713923	-0.2052749	0.2027004	2.557749	0.0241793	-0.197429	2.621742	-0.09155224	-0.196059	2.545972	-0.02214327	0.382375	2.521736	-0.2391997	0.3793556	2.370099	0.03704323	-0.4302375	2.480463	-0.03456292	-0.5196991	2.616687	0.0470732	-0.7609773	2.522756	-0.1951159	-0.938347	2.532343	

-0.1891059	0.4152648	2.330298	-0.07333719	0.4723627	2.380099	-0.2701876	0.424404	2.300927	-0.008243646	0.4763514	2.444983	-0.2736686	0.3758015	2.341111	-0.05281908	0.4522111	2.421769	-0.05174611	0.4370934	2.651963	-0.1136514	0.3349902	2.65857	-0.1043195	0.2699548	2.657185	-0.07505051	0.07149964	2.64412	-0.03432824	-0.1993078	2.617143	0.04139823	0.2189776	2.713617	-0.2052769	0.2028916	2.557718	0.02392172	-0.1975351	2.621775	-0.09189197	-0.1960409	2.546135	-0.0210162	0.3825983	2.52108	-0.2320589	0.3806037	2.369896	0.03858431	-0.427738	2.475477	-0.0193353	-0.5179088	2.600561	0.03102191	-0.7602186	2.506325	-0.1872422	-0.9363711	2.534658	

-0.1883882	0.4182116	2.32822	-0.06655744	0.4773473	2.389413	-0.2555929	0.4421164	2.31142	0.005135555	0.5037804	2.451291	-0.2614414	0.3802255	2.3337	-0.0374926	0.4588387	2.437133	-0.04623177	0.4376469	2.654343	-0.1053645	0.3371301	2.656355	-0.09773561	0.2718007	2.65589	-0.07246079	0.07251443	2.64466	-0.0340756	-0.1983431	2.619649	0.05249131	0.2299751	2.712017	-0.1928662	0.203546	2.55509	0.02406494	-0.1965941	2.623976	-0.09149776	-0.1950919	2.548887	-0.01832652	0.3873717	2.517277	-0.2265574	0.3822614	2.36976	0.04080832	-0.4286611	2.482155	-0.01827924	-0.5166157	2.599025	0.1364446	-0.7355139	2.564874	-0.1871272	-0.9348974	2.534614	

-0.1878811	0.4187529	2.327798	-0.06493194	0.4796988	2.391143	-0.2507445	0.4360435	2.295924	0.0231114	0.5122486	2.45995	-0.2586403	0.3902941	2.328	-0.03599406	0.4628113	2.4417	-0.03824097	0.4396207	2.656591	-0.1053467	0.3376237	2.656773	-0.09760012	0.2722548	2.656241	-0.07215406	0.0728836	2.645017	-0.03395634	-0.1981433	2.620113	0.05210534	0.2293304	2.711979	-0.187821	0.2037142	2.554254	0.0240575	-0.1965563	2.623932	-0.09092509	-0.1945017	2.551109	-0.01841608	0.386496	2.517041	-0.2202667	0.3844745	2.370945	0.01980365	-0.4293177	2.482605	-0.03127786	-0.5177597	2.620248	0.1477852	-0.7301236	2.545158	-0.1920884	-0.9361078	2.535348	

-0.1871664	0.4190191	2.327159	-0.06175877	0.481726	2.392075	-0.2535508	0.4155064	2.320946	0.0231114	0.5122502	2.459949	-0.2504041	0.4091996	2.321	-0.04099965	0.4594043	2.436038	-0.03414326	0.4401962	2.657821	-0.1051699	0.3382036	2.657164	-0.0973028	0.272795	2.656591	-0.07166189	0.07328463	2.645398	-0.03364338	-0.197996	2.620613	0.05183579	0.2286923	2.71171	-0.1901845	0.2041144	2.555157	0.02434561	-0.1963924	2.623796	-0.0905555	-0.1944122	2.552906	-0.01821862	0.3857175	2.51658	-0.2154094	0.3853742	2.371249	0.03440164	-0.43093	2.486732	-0.03095709	-0.517281	2.623533	0.1456659	-0.735651	2.558991	-0.1986043	-0.9312006	2.529225	

-0.1853027	0.4197696	2.326297	-0.05857944	0.484684	2.392609	-0.2323259	0.4368584	2.299932	0.02270088	0.5126396	2.46335	-0.2366584	0.4239923	2.305	-0.0344839	0.4635007	2.430118	-0.02830003	0.4409081	2.660257	-0.1049662	0.3383277	2.657228	-0.09691858	0.2729492	2.656703	-0.07070156	0.07343385	2.645853	-0.03230214	-0.1980108	2.621897	0.05348776	0.2290508	2.71086	-0.190841	0.2041082	2.555537	0.02560561	-0.1962926	2.623985	-0.08924863	-0.1946359	2.555288	-0.01653869	0.3859104	2.515682	-0.2096773	0.3850236	2.370529	0.02628019	-0.4343714	2.494863	-0.03266449	-0.5180865	2.625935	0.2221348	-0.6846517	2.58993	-0.196882	-0.9333515	2.531575	

-0.184157	0.4198455	2.325668	-0.05652792	0.4863966	2.392936	-0.2319217	0.4360985	2.295931	0.02490483	0.5157283	2.459544	-0.2322827	0.429165	2.2992	-0.03432703	0.4624276	2.432673	-0.02576256	0.4414799	2.661301	-0.104459	0.338719	2.657565	-0.09624735	0.2733303	2.657008	-0.06970998	0.07369971	2.646122	-0.03142816	-0.197981	2.622141	0.05443183	0.2293286	2.710489	-0.1885954	0.2036374	2.555709	0.02695063	-0.1964436	2.622905	-0.08820342	-0.1944122	2.556708	-0.01549633	0.385866	2.515063	-0.2061258	0.3846749	2.370751	0.01708329	-0.432855	2.490085	-0.05662062	-0.4795223	2.607092	-0.02174632	-0.7213514	2.643781	-0.188408	-0.9108788	2.537738	

-0.129529	0.4210463	2.3415	-0.02807076	0.5060689	2.386291	-0.1993071	0.4020532	2.325482	0.03422582	0.5061303	2.451951	-0.2121348	0.3674201	2.3528	-0.01542161	0.4561502	2.429429	-0.004979897	0.4411705	2.670759	-0.06329905	0.3370678	2.657215	-0.05650584	0.2711597	2.65638	-0.03619451	0.07004213	2.645329	-0.008078339	-0.2029361	2.621641	0.0594799	0.2311289	2.709282	-0.1504283	0.1970593	2.551191	0.05033104	-0.2032179	2.620542	-0.06636019	-0.1974966	2.556756	0.0223617	0.3993775	2.514935	-0.1573829	0.3796522	2.367194	0.01160106	-0.4362541	2.486708	-0.0543711	-0.4802758	2.605727	-0.02466311	-0.7267653	2.63817	-0.1882496	-0.9115949	2.537002	

-0.1290413	0.4132839	2.326916	-0.01933964	0.5060622	2.381154	-0.1733259	0.4144306	2.318981	0.04577103	0.4934722	2.422756	-0.1932312	0.3637435	2.349111	0.00308241	0.4559833	2.408182	0.002619443	0.4376526	2.675353	-0.05694349	0.338887	2.657903	-0.05188251	0.2717893	2.656882	-0.03430057	0.06847113	2.645533	-0.008361278	-0.2109767	2.621631	0.05966739	0.2302515	2.709282	-0.1487525	0.1967811	2.550308	0.04195448	-0.2332898	2.627927	-0.06386725	-0.1981401	2.554069	0.0283275	0.3970015	2.512627	-0.1485121	0.3788331	2.365714	0.008317448	-0.4552516	2.470422	-0.008990294	-0.4994229	2.589453	-0.02721185	-0.7460018	2.622086	-0.180953	-0.9190996	2.533769	

0.4530823	0.2709201	2.504159	0.07894831	0.4531007	2.337667	0.5320195	0.388502	2.386364	0.1178496	0.4788556	2.423069	0.5041498	0.3322789	2.387667	0.11418	0.451714	2.390467	0.01051034	0.4125304	2.686985	0.01625534	0.3116541	2.686553	0.01465134	0.2432849	2.67935	0.009725575	0.03450342	2.649177	0.001650128	-0.2450537	2.602519	0.08353019	0.1833438	2.712742	-0.1183269	0.1780931	2.518192	0.04652751	-0.2569829	2.623779	-0.04274347	-0.2251843	2.511566	0.2644756	0.163876	2.63388	-0.05872316	0.3331564	2.362292	-0.08205089	-0.4379635	2.460905	0.01677499	-0.5346112	2.614101	-0.06254322	-0.7451112	2.584138	-0.1834749	-0.9388304	2.534966	

0.4109955	0.2834868	2.50567	0.09611775	0.4634065	2.333715	0.5404164	0.3899289	2.398676	0.1279377	0.4882569	2.446452	0.5090589	0.362244	2.3757	0.1406865	0.4547854	2.406125	0.01121926	0.4076354	2.697533	-0.008784745	0.269025	2.644644	-0.006633146	0.2056894	2.643309	0.003884413	0.02127546	2.63816	0.002960814	-0.2460679	2.602969	0.08413118	0.1834357	2.713226	-0.1172531	0.1761896	2.518029	0.04890245	-0.2604371	2.626243	-0.04203422	-0.2253632	2.511593	0.2589131	0.2041064	2.615425	-0.03627978	0.3378915	2.356961	-0.08267448	-0.4360142	2.459344	-0.01043459	-0.5376576	2.615766	-0.06588042	-0.7439784	2.580969	-0.208875	-0.9373096	2.510032	

0.4311396	0.2591435	2.523334	0.1300411	0.4617936	2.423493	0.5566772	0.3768412	2.430012	0.1451499	0.5049235	2.479367	0.5201434	0.327227	2.41175	0.1553766	0.4502912	2.404125	0.01271693	0.4101726	2.703276	-0.006105383	0.2675395	2.648022	-0.003982813	0.2044771	2.64622	0.005484608	0.01853435	2.638075	0.009413639	-0.2474447	2.604785	0.08532508	0.1817091	2.714164	-0.116208	0.1749314	2.517163	0.05410519	-0.2621856	2.631079	-0.03392392	-0.2265349	2.511176	0.2584071	0.1971631	2.624829	-0.0244254	0.3376437	2.354798	-0.08199281	-0.430793	2.459587	0.01471261	-0.5357071	2.617357	-0.06589719	-0.7391626	2.58114	-0.1843193	-0.9400956	2.53378	

0.4850903	0.2049653	2.546864	0.1543275	0.4507775	2.394434	0.5678926	0.3145583	2.474179	0.1740249	0.4989445	2.483436	0.5326878	0.2797041	2.453077	0.1782995	0.4337617	2.409584	0.01765267	0.3973185	2.709845	0.002439677	0.2496724	2.645333	0.003477112	0.1889381	2.644306	0.009589466	0.002924101	2.634598	0.01242497	-0.2529252	2.606029	0.09288458	0.1662977	2.720347	-0.104398	0.1685087	2.514256	0.05475425	-0.2679624	2.634704	-0.02858414	-0.2324485	2.510448	0.2652544	0.1368556	2.647683	0.0235567	0.3315993	2.36114	0.2241782	-0.4726993	2.47602	-0.04367993	-0.4933847	2.616825	-0.02757336	-0.5794531	2.663728	-0.1872453	-0.9215034	2.536329	

0.4980226	0.1598547	2.573592	0.1612479	0.4570919	2.401954	0.5810614	0.2533796	2.526837	0.1917109	0.4746785	2.462948	0.5451598	0.2259953	2.497875	0.2055939	0.4282988	2.4136	-0.004641616	0.3515795	2.678282	-0.001614776	0.2080626	2.592991	0.001635109	0.1494206	2.598585	0.01120526	-0.02425697	2.611219	0.01801511	-0.2616969	2.607226	0.0955403	0.1566117	2.722206	-0.09601828	0.1675272	2.506449	0.05440728	-0.272988	2.639412	-0.01257814	-0.2485531	2.505844	0.2674235	0.110886	2.659065	0.0553413	0.3177588	2.362204	0.2371819	-0.5354598	2.485567	-0.01735767	-0.522648	2.618462	0.5481123	-0.4506089	2.5779	-0.1880298	-0.9400312	2.534299	

0.4933701	0.1415633	2.58632	0.1697714	0.4557622	2.406988	0.5829025	0.2264638	2.534563	0.2103168	0.4715638	2.470279	0.5453539	0.2146519	2.511143	0.2204554	0.4258699	2.425091	0.000622647	0.3592409	2.689023	0.01057952	0.213146	2.615515	0.01100137	0.1531419	2.615428	0.01374563	-0.0249613	2.613821	0.02032513	-0.2654207	2.606785	0.09654503	0.1540287	2.723756	-0.09223401	0.1660087	2.503044	0.05467023	-0.2755382	2.640596	-0.01036443	-0.251134	2.504446	0.2626172	0.08578171	2.666695	0.06493169	0.3162001	2.365627	0.2295085	-0.4741685	2.481871	-0.01137839	-0.5217066	2.614038	0.4211325	-0.7484601	2.507648	-0.1862013	-0.9380898	2.534013	

0.4964511	0.08005489	2.614922	0.2056326	0.4445112	2.448875	0.5858532	0.1795332	2.565069	0.2168574	0.4970836	2.515529	0.5435149	0.1537224	2.543	0.2439207	0.4280728	2.438571	0.0009976545	0.3549801	2.686336	0.01275584	0.2101206	2.607836	0.01309747	0.1511644	2.610804	0.01585016	-0.0267415	2.611851	0.0222082	-0.2677777	2.606022	0.09473705	0.1502781	2.722841	-0.08776928	0.1653993	2.499298	0.05438305	-0.2780593	2.643968	-0.005351022	-0.2543717	2.497874	0.256101	0.06834503	2.67215	0.07277745	0.3165973	2.367609	0.2364304	-0.5274981	2.49146	-0.01078151	-0.5213801	2.612885	0.2360444	-0.86457	2.482105	-0.1861659	-0.9381091	2.533894	

0.3972091	0.04716232	2.67793	0.2486863	0.4488665	2.495727	0.517054	-0.004471283	2.638753	0.2506722	0.5074933	2.585254	0.509384	0.01564258	2.6084	0.267474	0.487197	2.528556	0.009768043	0.4723391	2.706613	-0.04967683	0.3769833	2.657072	-0.05010242	0.2991973	2.659948	-0.05123381	0.06161142	2.660033	-0.05259468	-0.2614838	2.650974	0.02491736	0.3118359	2.78093	-0.08114456	0.1705364	2.491089	-0.05211127	-0.256745	2.702142	-0.05176413	-0.2596948	2.533425	0.2027292	0.1404674	2.723317	0.1169681	0.3025617	2.4006	0.1955664	-0.4510549	2.519325	-0.01139458	-0.5228046	2.614528	0.204261	-0.7886094	2.512202	-0.1873653	-0.9393283	2.533448	

0.3140363	-0.02384312	2.707291	0.2769693	0.4048347	2.450454	0.4298914	-0.1173171	2.683872	0.3117243	0.4376624	2.531049	0.4310928	-0.1029303	2.661	0.3075437	0.3987056	2.4895	0.01054116	0.4709973	2.705536	-0.0506271	0.3768367	2.656491	-0.05119369	0.2983848	2.658943	-0.05296569	0.05610026	2.656241	-0.05454667	-0.2807145	2.639909	0.02397004	0.3116891	2.780349	-0.0720534	0.1748792	2.483817	-0.0504238	-0.2826185	2.620237	-0.0593261	-0.2917206	2.581644	0.1589705	0.1026798	2.7333	0.1352423	0.3017609	2.411357	0.2277764	-0.4721542	2.497791	-0.008865333	-0.5299692	2.614787	0.2417367	-0.8097321	2.49084	-0.1851256	-0.9471408	2.535685	

0.1341354	-0.04234106	2.645773	0.3348096	0.3911856	2.546522	0.1638003	-0.1601875	2.69916	0.3452189	0.4586454	2.622921	0.2008873	-0.1167272	2.66772	0.3751549	0.3913533	2.580667	0.00790048	0.4802682	2.702596	-0.04435905	0.3803534	2.658974	-0.04674771	0.3006339	2.660048	-0.05155132	0.05678412	2.655553	-0.05491054	-0.2792029	2.637541	0.03021925	0.3151985	2.782831	-0.05597242	0.2010091	2.482583	-0.05308579	-0.2751108	2.609009	-0.0575032	-0.2836019	2.587476	0.02222136	0.1625616	2.570819	0.1774425	0.286806	2.444897	0.2008482	-0.5088097	2.536642	-0.001517053	-0.52349	2.613329	0.1821215	-0.845914	2.508165	-0.185447	-0.9375345	2.533387	

0.1018099	-0.07254798	2.544513	0.3492745	0.3455192	2.536494	0.08189538	-0.1699716	2.464668	0.3976717	0.3758407	2.620279	0.08787311	-0.156681	2.4794	0.3710173	0.3294594	2.544875	0.002725643	0.4815176	2.703671	-0.04489203	0.3790771	2.657893	-0.04720675	0.2996681	2.658842	-0.05243778	0.05664028	2.653237	-0.05811392	-0.2755665	2.633039	0.02968841	0.3139247	2.781749	-0.04073336	0.2130839	2.484775	-0.06228026	-0.2671355	2.593009	-0.05782308	-0.2780402	2.592252	0.03114409	0.1661591	2.566022	0.1968323	0.2877403	2.452314	0.1933058	-0.5011339	2.536464	-0.0004190997	-0.5234318	2.614229	0.1775188	-0.8382266	2.508211	-0.1852729	-0.9367356	2.534085	

0.1105956	-0.07031732	2.541681	0.3867773	0.359475	2.599424	0.08866309	-0.1699672	2.464667	0.4052757	0.4295036	2.687586	0.09209473	-0.1552757	2.474526	0.4156294	0.367229	2.63575	-9.129942E-05	0.4811637	2.701518	-0.04535408	0.3776062	2.656551	-0.04779638	0.2984923	2.657359	-0.05403948	0.05634004	2.650838	-0.06256049	-0.2732613	2.629649	0.02922844	0.3124565	2.780407	-0.03635252	0.2154414	2.487149	-0.06736679	-0.2652166	2.587157	-0.06005647	-0.2752068	2.595081	0.04321457	0.169401	2.561868	0.2077981	0.2655321	2.484465	0.1897452	-0.4982021	2.539203	-0.08445917	-0.521817	2.611378	0.176865	-0.8349046	2.504653	-0.2020268	-0.9596782	2.538815	

0.08967039	-0.08019246	2.540932	0.3842449	0.3472313	2.630736	0.08660299	-0.1742625	2.453665	0.4473064	0.4197035	2.719904	0.09621535	-0.1596539	2.4625	0.4429074	0.4082288	2.693	-0.001978692	0.4801733	2.701225	-0.04594316	0.3760116	2.654393	-0.04868176	0.2974015	2.655216	-0.05650646	0.05680398	2.648188	-0.06900063	-0.268931	2.626811	0.02864224	0.3108641	2.778249	-0.03321687	0.2197169	2.490991	-0.0747631	-0.2612805	2.581259	-0.06457175	-0.2699151	2.59887	0.05017603	0.165653	2.561853	0.2120757	0.2645486	2.486061	0.2064684	-0.4654844	2.537068	-0.08365393	-0.5181636	2.609967	0.2355102	-0.8163974	2.514623	-0.2013485	-0.9559729	2.537115	

0.1290617	-0.0467984	2.53111	-0.2617592	-0.1673279	2.64964	0.1166814	-0.1884223	2.485155	-0.3146836	-0.285003	2.671817	0.1200363	-0.1245191	2.493286	-0.331267	-0.1881602	2.678727	-0.006177822	0.4827891	2.688559	-0.04175873	0.3756036	2.650748	-0.0459523	0.2980428	2.652689	-0.05604465	0.06056768	2.647334	-0.07332356	-0.2531613	2.631368	0.03281704	0.3104536	2.774602	-0.03037639	0.2375422	2.508123	-0.078697	-0.2468143	2.583679	-0.06765214	-0.2513176	2.611204	0.1052551	0.2013477	2.548016	-0.1570368	0.0477369	2.594542	0.1831698	-0.4748372	2.557336	-0.08316882	-0.5026433	2.607413	0.1701669	-0.8106117	2.508023	-0.2008138	-0.9407574	2.533307	

0.1642476	-0.01518387	2.53431	-0.2432894	-0.1055929	2.623951	0.1252263	-0.1356925	2.519171	-0.3218085	-0.2256485	2.656254	0.1177124	-0.07760367	2.506	-0.3248616	-0.1221716	2.6486	-0.005454077	0.4828606	2.686597	-0.03926289	0.3749896	2.64828	-0.04408273	0.2981836	2.650585	-0.05585079	0.06275605	2.646213	-0.07467472	-0.2494716	2.631279	0.0353073	0.3098388	2.772132	0.04929846	0.265166	2.495797	-0.08546075	-0.2396736	2.585307	-0.06603539	-0.2494061	2.610551	0.1535209	0.2339997	2.551807	-0.1061002	0.09189796	2.572702	0.1761035	-0.4683314	2.557467	-0.08716167	-0.5000188	2.608958	0.1635581	-0.8044385	2.508489	-0.2018984	-0.938976	2.532874	

0.1792628	-0.0169473	2.524198	-0.3332281	-0.02147865	2.604992	0.2038258	-0.1594553	2.539272	-0.4539329	-0.1177385	2.62965	0.1959424	-0.1012596	2.526132	-0.4271058	-0.02340975	2.628546	0.003479175	0.4866895	2.665963	-0.02093402	0.3773019	2.637504	-0.02452999	0.301027	2.640072	-0.03618892	0.06744622	2.63919	-0.0511933	-0.2472363	2.628377	0.05359049	0.3121342	2.761351	0.0524833	0.2642052	2.498679	-0.06161561	-0.2411482	2.58586	-0.03735488	-0.2454877	2.603607	0.154172	0.2312569	2.533824	-0.1435779	0.1280886	2.55883	0.1912599	-0.4790125	2.560138	-0.09180254	-0.4909922	2.603953	0.1828156	-0.8149108	2.508754	-0.20274	-0.9325488	2.54008	

0.3535211	0.2207222	2.681722	-0.3590147	0.01994279	2.60464	0.4575168	0.2203503	2.646985	-0.4820194	-0.0671977	2.626181	0.4411905	0.2145104	2.664392	-0.4543781	0.01716792	2.624522	0.006870318	0.4864393	2.660555	-0.01558448	0.3771347	2.634836	-0.01521203	0.3013225	2.636044	-0.006839789	0.0710928	2.629292	0.008600928	-0.2402177	2.61125	0.05892639	0.3119648	2.758681	0.05517518	0.2637233	2.501042	0.009394333	-0.2340486	2.567062	0.004197628	-0.2406682	2.59011	0.1544492	0.1868129	2.550498	-0.151526	0.1448375	2.561606	0.225185	-0.483766	2.569693	-0.1002238	-0.5671577	2.596188	0.2354517	-0.821461	2.516766	-0.2258627	-1.018632	2.518672	

0.4942046	0.1152154	2.665982	-0.3927629	0.1047704	2.612778	0.6069485	0.1238859	2.762108	-0.5272126	0.07180751	2.634087	0.5406648	0.07991912	2.688534	-0.4318888	0.1234202	2.61945	0.03479066	0.4791306	2.652669	-0.005123232	0.3753453	2.627299	-0.005032308	0.3003899	2.628759	-0.002405861	0.07169554	2.62506	0.008227897	-0.2392747	2.60945	0.06936204	0.3101726	2.751139	0.05972942	0.2608403	2.503977	0.01007493	-0.2334664	2.564558	0.003492023	-0.2391071	2.588342	0.264584	0.1952655	2.630337	-0.1626149	0.1779138	2.567435	0.2203622	-0.5042847	2.574271	-0.1014581	-0.5654762	2.59424	0.2487496	-0.8395154	2.529079	-0.2264045	-1.018347	2.518636	

0.472821	0.1147398	2.695674	-0.3967745	0.1184896	2.615319	0.6031682	0.09005526	2.744713	-0.5297101	0.1004399	2.639957	0.5407106	0.05575664	2.6838	-0.4521863	0.1403462	2.625588	0.04140085	0.4811015	2.649397	0.0007027594	0.377493	2.623816	0.0004066627	0.3025823	2.625499	0.0008377759	0.07366449	2.622534	0.007885923	-0.2379411	2.60829	0.07517315	0.3123112	2.747655	0.05995787	0.2609933	2.505766	0.01097087	-0.2321354	2.562879	0.002428129	-0.2374496	2.587306	0.2752105	0.1925329	2.641817	-0.1636337	0.1806174	2.568724	0.2192179	-0.5042511	2.574037	-0.1016812	-0.5640194	2.593817	0.2484187	-0.8394173	2.528912	-0.2266129	-1.017675	2.520551	

0.494015	0.07995782	2.67864	-0.4012414	0.1402477	2.621764	0.5998934	0.0733217	2.736516	-0.5322723	0.1316883	2.646505	0.522639	0.03971516	2.664778	-0.4489393	0.1627307	2.631091	0.04693058	0.4831236	2.64879	0.006753939	0.3787165	2.620973	0.006027921	0.3038179	2.622944	0.004602026	0.07483418	2.620714	0.008177469	-0.2373321	2.60782	0.08120852	0.3135286	2.744811	0.05984426	0.2609541	2.506418	0.01292678	-0.2312861	2.561584	0.002176992	-0.2368108	2.587116	0.2734506	0.1811732	2.639087	-0.1657842	0.1881673	2.571048	0.2192921	-0.5045376	2.574157	-0.1053862	-0.562145	2.594569	0.2489911	-0.8396969	2.529441	-0.2275182	-1.017719	2.520518	

0.4665103	0.08913279	2.695394	-0.5713792	0.1723734	2.681201	0.5992512	0.04939541	2.744921	-0.7043008	0.2308815	2.711772	0.5462123	0.01612891	2.649584	-0.5926274	0.2057823	2.670333	0.05934452	0.4801375	2.646899	0.01058942	0.3797581	2.619551	0.009562519	0.3047885	2.621754	0.006991857	0.07558929	2.620068	0.008351165	-0.237026	2.60781	0.08503373	0.314566	2.743388	-0.10998	0.2439716	2.579803	0.04554985	-0.2260993	2.561435	-0.02231117	-0.2365614	2.587398	0.2820534	0.1765028	2.658536	-0.3369044	0.1807971	2.644928	0.2257237	-0.513271	2.575712	-0.1124288	-0.5669759	2.594974	0.2566967	-0.8482819	2.531175	-0.2282227	-1.015958	2.520483	

0.4601324	0.07086416	2.677633	-0.5243059	0.216741	2.677678	0.5914086	0.001080003	2.706047	-0.6674528	0.2472141	2.72052	0.491846	-0.01284392	2.620412	-0.5652135	0.2378547	2.6836	0.06328359	0.4779101	2.647562	0.0105278	0.3796635	2.619936	0.009518271	0.3047565	2.622034	0.006949858	0.07566772	2.62015	0.007422094	-0.236252	2.6078	0.08320035	0.3141261	2.744991	-0.1155548	0.2433641	2.582166	0.04505116	-0.2248715	2.560979	-0.02729407	-0.2374243	2.588327	0.2743049	0.1699052	2.656007	-0.3474335	0.2098892	2.645107	0.2258444	-0.5132458	2.575814	-0.1157316	-0.5683481	2.595248	0.2585376	-0.8481404	2.531818	-0.2283452	-1.015961	2.520583	

0.4392234	0.02893568	2.653865	-0.5427953	0.2563883	2.706595	0.5695077	-0.05751941	2.672433	-0.663949	0.3187932	2.752164	0.4616527	-0.04656771	2.6075	-0.595885	0.3112187	2.71335	0.07491099	0.470466	2.648486	0.01075519	0.3796462	2.620174	0.009619305	0.3046623	2.622181	0.00665253	0.07508271	2.620169	0.003614954	-0.2393373	2.60718	0.08135673	0.3137712	2.74642	-0.1088773	0.2436832	2.580211	0.04166236	-0.2296669	2.559063	-0.03434732	-0.2414577	2.588867	0.2628407	0.161235	2.650677	-0.3367059	0.2243927	2.661451	0.221871	-0.4899351	2.571692	-0.1187928	-0.573244	2.59636	0.2590536	-0.8251038	2.535353	-0.2286224	-1.015873	2.520928	

0.4343144	-0.00705988	2.637	-0.5168033	0.3540343	2.751424	0.5603746	-0.09745815	2.638129	-0.6160706	0.4682605	2.805995	0.4525933	-0.1047376	2.576889	-0.5455092	0.4043396	2.756444	0.07826843	0.4780548	2.647749	0.02784244	0.3772384	2.614192	0.02404972	0.3018966	2.617193	0.01420131	0.07196721	2.617411	0.005151482	-0.2413692	2.606619	0.08937316	0.3116329	2.743279	-0.08756998	0.2438017	2.574823	0.04974128	-0.2380085	2.555328	-0.03464181	-0.2416662	2.589112	0.2538767	0.1420765	2.644312	-0.3088797	0.2578594	2.67069	0.2218171	-0.4868556	2.568124	-0.1141343	-0.5765077	2.58106	0.2597033	-0.8221617	2.534797	-0.2022553	-0.8949304	2.498811	

0.2922184	-0.07855123	2.496051	-0.3384904	0.5488427	2.896042	0.3934107	-0.1701266	2.462223	-0.3212299	0.6740717	2.987125	0.291726	-0.146972	2.4634	-0.3203992	0.6564754	2.986	0.09256225	0.4744335	2.641505	0.03427912	0.3791891	2.613437	0.03110904	0.303784	2.616795	0.02204198	0.07337847	2.618307	0.01154996	-0.2405532	2.609862	0.09551539	0.3130381	2.742417	-0.113668	0.269583	2.608952	0.06608012	-0.2343994	2.557544	-0.03452068	-0.2413241	2.594132	0.1706064	0.1267199	2.577788	-0.2601303	0.3596463	2.769948	0.2272899	-0.5034196	2.551744	-0.1128415	-0.5766423	2.583896	0.2644106	-0.8389628	2.522505	-0.2024256	-0.894586	2.501326	

0.2730787	-0.06758653	2.511279	-0.2984743	0.5078146	2.862164	0.3570236	-0.1872959	2.444957	-0.3223561	0.6333546	2.939062	0.2716536	-0.1502738	2.455948	-0.2815717	0.5166343	2.874125	0.09893878	0.4738123	2.64186	0.037679	0.3802974	2.612824	0.03478082	0.3042417	2.616322	0.02699732	0.07151894	2.618278	0.0185335	-0.2472925	2.611334	0.09442382	0.3131918	2.743106	-0.06864878	0.240469	2.557371	0.06883694	-0.2401926	2.559535	-0.02823823	-0.2469938	2.595318	0.1693327	0.1358108	2.568168	-0.2094487	0.3361909	2.720272	0.240344	-0.5277382	2.547601	-0.1111234	-0.5812092	2.584448	0.2584485	-0.8644506	2.512221	-0.2017307	-0.8988302	2.501621	

0.2272387	-0.08064024	2.461418	-0.1273899	0.4983545	2.82873	0.2547491	-0.1518368	2.401112	-0.07128729	0.6079215	2.890001	0.2103601	-0.1771675	2.4255	-0.03150937	0.491246	2.824987	0.1040962	0.4724778	2.642676	0.0412734	0.379709	2.612109	0.03797333	0.3032678	2.616015	0.02911746	0.06947396	2.619042	0.0189586	-0.2510726	2.614166	0.09423526	0.3127197	2.743388	-0.00568439	0.2125285	2.48809	0.05965935	-0.250571	2.564931	-0.02211786	-0.249461	2.599189	0.1315362	0.1322065	2.559116	-0.1053979	0.3202159	2.670592	0.2140235	-0.5594062	2.537777	-0.1085949	-0.582864	2.587026	0.2168525	-0.8958446	2.492278	-0.2005859	-0.9000437	2.503122	

0.1811793	-0.07996674	2.44228	-0.1107207	0.5025038	2.83242	0.2522832	-0.1768763	2.392437	-0.05849558	0.6159564	2.896467	0.1639242	-0.1479717	2.418917	-0.01877114	0.4992543	2.831458	0.1080969	0.4692207	2.641883	0.04163814	0.3793319	2.611906	0.03829866	0.3027725	2.615871	0.02914122	0.06847178	2.619131	0.01783006	-0.252726	2.614762	0.09268498	0.3115445	2.743857	-0.005148926	0.2122855	2.487612	0.05487835	-0.2547049	2.563643	-0.02175983	-0.249514	2.600331	0.1316479	0.145999	2.545662	-0.09237281	0.3252866	2.672905	0.2135213	-0.561321	2.537277	-0.108548	-0.5828702	2.587758	0.2131949	-0.897522	2.487473	-0.2011652	-0.8999293	2.503189	

0.1693026	-0.1053107	2.46311	0.2133288	-0.2088947	2.398347	0.1969744	-0.1678048	2.385882	0.3105098	-0.2940115	2.425143	0.1437624	-0.1856002	2.4132	0.2121274	-0.2799846	2.401	0.1102429	0.4667202	2.642723	0.04156852	0.3784198	2.611673	0.03790336	0.3022251	2.615529	0.02563449	0.0691916	2.61748	0.001284637	-0.2436445	2.608214	0.09016566	0.3094442	2.744344	-0.01203055	0.2193208	2.492353	0.02897223	-0.2418388	2.542769	-0.03212472	-0.2396012	2.601883	0.1250236	0.121361	2.567549	0.1013128	0.003873289	2.413972	0.1952124	-0.5438665	2.531172	-0.1106788	-0.5751956	2.587994	0.2112609	-0.8794066	2.480118	-0.2033921	-0.8922459	2.504229	

0.1132178	-0.112426	2.455174	0.1479358	-0.2180236	2.38471	0.1394455	-0.1725955	2.382901	0.213093	-0.3171527	2.399252	0.0863902	-0.2018978	2.402	0.1151264	-0.2712123	2.4185	0.1275537	0.4444217	2.652312	0.0416938	0.3725659	2.611182	0.03740302	0.2988038	2.614781	0.02413326	0.06921712	2.616339	-0.001519792	-0.2389662	2.605756	0.08774993	0.302961	2.744876	-0.01586971	0.2154845	2.487841	0.02435307	-0.2289409	2.608957	-0.03813088	-0.2249624	2.526549	0.08918633	0.1156742	2.563515	0.05832601	-0.01695312	2.411279	0.1956826	-0.528411	2.543493	-0.1093603	-0.5549111	2.561987	0.1514603	-0.8569629	2.463377	-0.2014536	-0.8717556	2.476045	

0.09368675	-0.120547	2.454827	0.1452085	-0.2202533	2.383655	0.1197528	-0.1809314	2.384153	0.2045126	-0.3227124	2.398779	0.06690995	-0.2061504	2.413	0.1063228	-0.3013337	2.408	0.13668	0.4231548	2.661631	0.04113293	0.3665101	2.608738	0.03574879	0.2937236	2.612746	0.01930439	0.06735598	2.615313	-0.01050371	-0.2378081	2.607531	0.0856209	0.2970212	2.7431	-0.01994015	0.2136658	2.483906	0.01921376	-0.2305298	2.610301	-0.045066	-0.2283341	2.532658	0.07679887	0.1078115	2.564065	0.05438855	-0.01949276	2.410157	0.2067356	-0.5197786	2.54017	-0.1120524	-0.5595561	2.566031	0.209463	-0.8576641	2.511659	-0.2053579	-0.8756806	2.478661	

0.0930318	-0.1236414	2.454029	0.09746762	-0.2317279	2.382781	0.104784	-0.1667029	2.370162	0.1971974	-0.3255528	2.398608	0.04170085	-0.1983862	2.407438	0.1069712	-0.3231393	2.423333	0.1332252	0.4201573	2.65756	0.03768714	0.3633752	2.608008	0.03046544	0.2901995	2.61143	0.006058667	0.06492042	2.611862	-0.03155666	-0.2380924	2.602061	0.0808054	0.2935717	2.742687	-0.02799065	0.2122061	2.48244	-0.001800633	-0.238209	2.604515	-0.06020544	-0.2283747	2.531228	0.07446175	0.1046458	2.56319	0.01884981	-0.02948396	2.414813	0.2006996	-0.5179093	2.539263	-0.1171413	-0.5609614	2.566688	0.2016208	-0.8556933	2.508245	-0.2111158	-0.8760954	2.476132	

0.0905194	-0.1300244	2.45652	0.08744916	-0.2690062	2.389263	0.1535766	-0.1824294	2.477558	0.1809446	-0.3292401	2.402057	0.09027806	-0.2140736	2.514848	0.08704257	-0.3264247	2.423	0.1307065	0.4142045	2.655782	0.03464232	0.3585637	2.608109	0.02482527	0.2829848	2.613473	-0.01098632	0.04831559	2.626165	-0.06377492	-0.2716211	2.642232	0.07720681	0.288826	2.743089	-0.03115735	0.2107207	2.482899	-0.04359537	-0.2672143	2.637068	-0.08236624	-0.2692098	2.581046	0.07168414	0.09847119	2.56516	0.01465976	-0.03128065	2.415713	0.1902607	-0.5169221	2.542915	-0.1293363	-0.6076642	2.589382	0.1912785	-0.8547995	2.513632	-0.2232312	-0.9219826	2.496511	

0.0883829	-0.1384819	2.457586	0.07212186	-0.2709599	2.392424	0.1515056	-0.1908923	2.478654	0.1722394	-0.3339964	2.406724	0.0884774	-0.2214342	2.515808	0.07844243	-0.3321016	2.452	0.1305674	0.3993331	2.65322	0.03151329	0.3503371	2.608203	0.0202129	0.2739185	2.61516	-0.01681571	0.04028333	2.63035	-0.06819247	-0.2764271	2.645192	0.07374515	0.2808432	2.743415	-0.03584486	0.2088	2.485271	-0.0473382	-0.271455	2.637455	-0.08785821	-0.2749639	2.587727	0.06908999	0.0900242	2.566032	-0.007898219	-0.0353763	2.415743	0.2065462	-0.4971139	2.528892	-0.1309849	-0.6142431	2.593113	0.2264004	-0.8347951	2.509062	-0.2257821	-0.9275195	2.497438	

0.4323092	0.4232106	2.935178	0.02252963	-0.278184	2.409507	0.5530191	0.4060877	2.909878	0.0868407	-0.3432683	2.386571	0.5097775	0.3752114	2.921067	-0.002691777	-0.3457492	2.442167	0.1318368	0.3908817	2.647375	0.03846177	0.3293462	2.610905	0.02450955	0.2567381	2.618744	-0.01689296	0.03183042	2.634142	-0.07091922	-0.2789368	2.647888	0.08026712	0.2602727	2.746291	-0.04006977	0.2051871	2.49007	-0.05047568	-0.2761856	2.643053	-0.08988248	-0.2758456	2.58832	0.2606312	0.3512159	2.873523	-0.04775982	-0.0392395	2.415573	0.1700218	-0.4659157	2.515212	-0.1311007	-0.6152349	2.594553	0.2248579	-0.8210345	2.510862	-0.2270908	-0.9273089	2.495823	

0.4813784	0.3338858	2.916445	0.0008040908	-0.2841706	2.407658	0.5996418	0.3347317	2.873269	0.05695115	-0.3567482	2.425987	0.5600608	0.2792245	2.882444	0.03207915	-0.3072712	2.459782	0.1408204	0.3798869	2.645865	0.04265591	0.3190852	2.611564	0.02787575	0.2471053	2.620292	-0.01621698	0.02570566	2.637491	-0.07360902	-0.2805016	2.652633	0.1093063	0.251032	2.818116	-0.04321097	0.2019724	2.493293	-0.05163393	-0.2812847	2.64905	-0.09426104	-0.2742081	2.592224	0.3042944	0.345155	2.883698	-0.05563953	-0.04155928	2.416146	0.1680446	-0.4693946	2.516918	-0.1322612	-0.6141937	2.596992	0.2219991	-0.8241103	2.512132	-0.2285837	-0.9255525	2.496084	

0.4779394	0.3098756	2.903456	-0.05974133	-0.2397044	2.384726	0.6060886	0.2968985	2.87131	-0.01728884	-0.3502225	2.376323	0.5664771	0.2415456	2.880474	-0.02119645	-0.2704343	2.422353	0.1509682	0.3685503	2.641334	0.05214709	0.3049237	2.613146	0.0319788	0.2351059	2.624466	-0.02924675	0.01232672	2.65513	-0.1300744	-0.2873339	2.698252	0.1181797	0.2389819	2.815998	-0.04246931	0.1882811	2.500112	-0.1147633	-0.2862487	2.695409	-0.1422015	-0.2813632	2.63483	0.3008416	0.3210579	2.870721	-0.07291982	-0.05232292	2.418446	0.02406604	-0.4977906	2.62264	-0.1468122	-0.6259474	2.610512	0.1339766	-0.9332173	2.519072	-0.2418629	-0.9372759	2.509325	

0.4885724	0.1963657	2.830851	-0.06689548	-0.239417	2.386986	0.6207295	0.1680206	2.817839	-0.01395341	-0.3542379	2.378532	0.5550126	0.1804258	2.847584	-0.03422528	-0.2825904	2.449143	0.1630542	0.355017	2.633668	0.05830722	0.2925218	2.61172	0.03480927	0.2243193	2.624162	-0.03289563	0.008704369	2.6552	-0.1370311	-0.286729	2.694286	0.1313933	0.2101725	2.803355	-0.04134064	0.1813602	2.50388	-0.1207116	-0.2874865	2.691013	-0.1505218	-0.2786566	2.631116	0.3079065	0.1752096	2.825671	-0.08938754	-0.05525844	2.418845	0.02441444	-0.4958187	2.62399	-0.1513171	-0.6231748	2.61009	0.1054456	-0.9408854	2.5376	-0.2461881	-0.9334223	2.504566	

0.5045263	0.1594121	2.816167	-0.07878882	-0.2392116	2.387609	0.6312027	0.1122759	2.800896	-0.02027401	-0.3543486	2.380416	0.5745865	0.1298439	2.826	-0.04355558	-0.2885834	2.45	0.1690399	0.3454649	2.632387	0.06783009	0.2829434	2.613067	0.04393597	0.2129058	2.626387	-0.0288456	-0.00160098	2.658189	-0.1329857	-0.2951733	2.695272	0.1367476	0.1988091	2.796721	-0.04152171	0.1767408	2.505677	-0.1137771	-0.2986383	2.691354	-0.1484791	-0.2850248	2.632646	0.3227999	0.1647342	2.809619	-0.09823358	-0.05739652	2.418981	0.00814356	-0.5206314	2.623688	-0.1514452	-0.62946	2.610883	0.204127	-0.7622626	2.478595	-0.2462825	-0.9394304	2.504511	

0.5225075	0.1293969	2.798515	-0.08438992	-0.2421595	2.388288	0.6406919	0.04719901	2.773639	-0.01973316	-0.3584078	2.384077	0.5980801	0.05469414	2.795687	-0.05507131	-0.2875774	2.451	0.1740495	0.3390119	2.630628	0.07318192	0.2726768	2.614619	0.04807732	0.2036995	2.627963	-0.02766298	-0.007564958	2.659531	-0.1328148	-0.2971092	2.695351	0.1535693	0.1850655	2.796695	-0.04021291	0.1711609	2.509264	-0.1124468	-0.3021506	2.690723	-0.1490475	-0.2860189	2.633192	0.3364781	0.1501775	2.800602	-0.1030622	-0.06019929	2.418966	0.009241952	-0.5242745	2.623552	-0.151634	-0.6304467	2.61138	0.205006	-0.7657253	2.477853	-0.2467989	-0.9402351	2.504757	

0.5183939	0.07104695	2.787998	-0.09331949	-0.2438789	2.389879	0.6488321	0.005092102	2.759308	-0.0396926	-0.3608592	2.384065	0.5835233	0.008988422	2.796778	-0.06325831	-0.2878516	2.451867	0.1771719	0.3354098	2.625722	0.07960244	0.264691	2.615382	0.05366255	0.1976828	2.628862	-0.0245174	-0.009035299	2.660499	-0.1293595	-0.2941058	2.696157	0.1596536	0.176042	2.792974	-0.03824844	0.1671002	2.511205	-0.1058595	-0.2960425	2.697439	-0.1468504	-0.2837728	2.630851	0.3423955	0.1195332	2.790556	-0.1081451	-0.06136421	2.418466	0.004517235	-0.5237117	2.629151	-0.1512247	-0.6281066	2.610891	0.2144289	-0.7469459	2.473578	-0.2469864	-0.9374182	2.503279	

0.5466334	-0.1004949	2.782861	-0.1399214	-0.2452326	2.382472	0.6136322	-0.1760345	2.725482	-0.0843553	-0.3645719	2.373407	0.5554454	-0.1733427	2.753133	-0.1047602	-0.2885558	2.439312	0.1819571	0.3189266	2.608392	0.09516343	0.2160029	2.612476	0.06508741	0.1559674	2.624835	-0.02327855	-0.03035446	2.654827	-0.1357947	-0.2991916	2.688087	0.1660001	0.1148084	2.773294	-0.03062174	0.1502475	2.51503	-0.1128102	-0.3090031	2.692374	-0.1576416	-0.282987	2.613723	0.3423811	0.01151769	2.762764	-0.1309555	-0.06235682	2.411547	-0.01600377	-0.5440273	2.641192	-0.1542264	-0.6264035	2.606867	0.1674642	-0.7803906	2.471638	-0.2498728	-0.935159	2.497348	

0.5166728	-0.1925221	2.745747	-0.1482556	-0.2441747	2.38052	0.5874502	-0.2373596	2.681126	-0.09307486	-0.377394	2.376736	0.5233985	-0.247194	2.733737	-0.1150973	-0.2749104	2.448077	0.1813523	0.263505	2.614174	0.09791946	0.2073731	2.610828	0.06606112	0.1471941	2.622842	-0.02999128	-0.03979725	2.650436	-0.1736399	-0.3000994	2.673007	0.1729353	0.08570259	2.764107	-0.02928667	0.1316743	2.51178	-0.1502727	-0.3198682	2.682065	-0.1929272	-0.2730073	2.597364	0.316959	-0.0542573	2.749119	-0.1360823	-0.06158096	2.410569	-0.0175912	-0.5378361	2.642274	-0.1647785	-0.6143603	2.602133	0.1660072	-0.7744974	2.473271	-0.2598781	-0.9210283	2.485634	

0.4586413	-0.3004298	2.720353	-0.1760543	-0.2360216	2.376928	0.503161	-0.4130212	2.675524	-0.1583446	-0.3708491	2.375493	0.4541217	-0.400505	2.705	-0.1495297	-0.297562	2.424417	0.203319	0.2092794	2.61767	0.1032359	0.1798346	2.60327	0.06448454	0.1263819	2.616002	-0.05307328	-0.04969167	2.641835	-0.2327628	-0.2828874	2.663954	0.1726071	0.01634113	2.755749	-0.02717109	0.120812	2.508946	-0.2090029	-0.3156582	2.674117	-0.2507727	-0.243063	2.587684	0.2845845	-0.1296743	2.731431	-0.1434754	-0.05668467	2.411729	-0.02242411	-0.5348719	2.644278	-0.1662784	-0.5720147	2.617362	0.1624534	-0.768226	2.471869	-0.2737259	-0.8697581	2.487441	

0.3734998	-0.3169064	2.698436	-0.1962099	-0.2299954	2.378514	0.4587769	-0.4392341	2.681328	-0.2071471	-0.3711342	2.373561	0.4160466	-0.3996982	2.707	-0.185629	-0.3305758	2.3928	0.2205531	0.1752897	2.611498	0.1108283	0.1439229	2.604527	0.0675742	0.09355548	2.615376	-0.05935378	-0.06176664	2.639791	-0.2367996	-0.2844338	2.662443	0.1671652	0.006255369	2.747491	-0.02251101	0.1007536	2.508191	-0.2143852	-0.3162789	2.673749	-0.2540005	-0.2456878	2.584873	0.2722882	-0.1636783	2.721655	-0.1498649	-0.05352999	2.412325	-0.03939245	-0.509597	2.655086	-0.1663088	-0.5744782	2.611396	0.1415642	-0.7500321	2.488536	-0.2919663	-0.8621691	2.474745	

0.4170413	-0.350294	2.694238	-0.2045264	-0.2312452	2.377825	0.4808766	-0.4647315	2.646079	-0.2358901	-0.3703991	2.370879	0.4062845	-0.4560434	2.68875	-0.2060096	-0.3717985	2.3716	0.2173371	0.1589864	2.615081	0.1123857	0.1338511	2.603754	0.07660034	0.07437896	2.610701	-0.01882309	-0.1104603	2.615617	-0.154973	-0.3472224	2.616316	0.161796	-0.00735676	2.743466	-0.02126206	0.1002665	2.507001	-0.1092291	-0.3873673	2.630286	-0.1968615	-0.2982662	2.536303	0.2867315	-0.2229364	2.715939	-0.1549108	-0.05302228	2.411391	0.0776732	-0.5446873	2.517422	-0.08412381	-0.5913122	2.642427	0.1941426	-0.860883	2.477239	-0.2255122	-1.009705	2.528515	

0.3897525	-0.3564218	2.680336	-0.2154097	-0.2416515	2.372876	0.4766874	-0.4712459	2.638006	-0.2436392	-0.376292	2.364986	0.4145474	-0.4653976	2.672278	-0.213098	-0.3796307	2.364	0.217539	0.1573522	2.614078	0.1138628	0.116857	2.602079	0.07904875	0.05974759	2.611947	-0.02066333	-0.120492	2.630676	-0.1616657	-0.3634191	2.668431	0.1634611	-0.03234643	2.745226	-0.02110327	0.07052769	2.50908	-0.1093514	-0.4007511	2.680945	-0.2100403	-0.3170576	2.58991	0.2723821	-0.2195288	2.719802	-0.1589973	-0.05286982	2.410247	0.08111087	-0.6641762	2.526334	-0.08527756	-0.6196883	2.662988	0.07470725	-1.00026	2.542491	-0.2270511	-1.012418	2.525539	

0.4057546	-0.3535143	2.681362	-0.2180477	-0.2412055	2.371446	0.4745933	-0.4700752	2.641981	-0.2418975	-0.3763529	2.362928	0.4148278	-0.4591919	2.670375	-0.2126443	-0.3060275	2.347143	0.2197427	0.1601751	2.609771	0.1162872	0.1176856	2.60135	0.08007307	0.06036256	2.611374	-0.02496422	-0.1169449	2.629837	-0.1909593	-0.3470998	2.648187	0.1633101	-0.03286327	2.744991	-0.02277171	0.06917071	2.507937	-0.1367825	-0.3884551	2.664749	-0.2406193	-0.2965188	2.565068	0.2784294	-0.2249368	2.715624	-0.1617118	-0.039839	2.406756	0.07430276	-0.5549926	2.528653	-0.1294349	-0.6030223	2.642569	0.08189555	-0.8928816	2.516974	-0.2247305	-1.020942	2.524958	

0.3940049	-0.3478209	2.68441	-0.2190357	-0.2421934	2.371689	0.4699069	-0.4630695	2.645013	-0.2366599	-0.383367	2.365046	0.4163999	-0.4528313	2.671783	-0.2043336	-0.3836728	2.362333	0.2251074	0.1688229	2.601988	0.116843	0.118957	2.599594	0.07833694	0.06401882	2.608859	-0.0594615	-0.08593158	2.625077	-0.2453341	-0.2966073	2.644478	0.1603864	-0.03215235	2.742559	-0.02021018	0.07604027	2.505582	-0.2229216	-0.3283873	2.655847	-0.2587416	-0.2628002	2.566823	0.2751477	-0.2109108	2.715757	-0.1657571	-0.04531062	2.406287	-0.1372997	-0.558683	2.534458	-0.134962	-0.5697703	2.632197	0.08599298	-0.9572897	2.534322	-0.2261889	-1.020128	2.523584	

0.3972256	-0.3503997	2.684216	-0.2193221	-0.2412868	2.371859	0.460879	-0.4759224	2.652724	-0.2344659	-0.3835908	2.36034	0.414045	-0.4572276	2.674378	-0.2032689	-0.367034	2.368286	0.2263528	0.1686033	2.601518	0.1161234	0.1247373	2.598002	0.07525668	0.07175919	2.607074	-0.06011079	-0.08450153	2.624934	-0.2453039	-0.2965506	2.644278	0.1604319	-0.0315799	2.74261	-0.02041466	0.07625142	2.505443	-0.2227582	-0.3279693	2.654849	-0.2590626	-0.2623513	2.566912	0.2797197	-0.2122487	2.714565	-0.1674714	-0.04733986	2.407011	-0.1391916	-0.55007	2.524626	-0.133082	-0.5688396	2.631224	0.1360778	-0.7483615	2.495598	-0.2153565	-0.988927	2.530615	

0.4080562	-0.3474275	2.686923	-0.210414	-0.2309113	2.370385	0.459619	-0.4706103	2.65334	-0.2263169	-0.3696381	2.366776	0.4112462	-0.4448833	2.679154	-0.2058334	-0.3460627	2.349823	0.225497	0.1761229	2.598192	0.1148832	0.1303566	2.598624	0.07240969	0.07867765	2.607907	-0.06307038	-0.07817712	2.62633	-0.2476586	-0.2913197	2.644655	0.1602661	-0.03086031	2.742783	-0.02074036	0.07665338	2.505277	-0.2261011	-0.3216396	2.655613	-0.2621326	-0.2548922	2.567304	0.2850564	-0.2137261	2.713686	-0.1679519	-0.04943272	2.405813	-0.1398702	-0.5427508	2.525095	-0.1305805	-0.5593409	2.63143	0.1335398	-0.7436582	2.496745	-0.2158094	-0.9855773	2.532396	

0.4135377	-0.3456276	2.687567	-0.2070934	-0.2286935	2.369726	0.4591424	-0.4709526	2.656396	-0.2298889	-0.3714977	2.371755	0.4102209	-0.4479164	2.677809	-0.195569	-0.3440449	2.3865	0.2269585	0.1784739	2.596136	0.1143083	0.1325596	2.599094	0.07131705	0.08102587	2.608424	-0.06422675	-0.07599208	2.627041	-0.2486451	-0.2893894	2.644945	0.160324	-0.0305502	2.742804	-0.02099627	0.0768363	2.505069	-0.227457	-0.3194148	2.656033	-0.2630844	-0.2527587	2.567591	0.2881322	-0.2141223	2.713733	-0.1676614	-0.04988887	2.405298	-0.1400492	-0.5400119	2.525251	-0.1216784	-0.5523921	2.63344	0.1324821	-0.7420249	2.495924	-0.2153662	-0.9842875	2.532526	

0.4162443	-0.3440779	2.688557	-0.2067065	-0.2305055	2.370789	0.4606381	-0.4716124	2.659877	-0.2187414	-0.3705338	2.371414	0.4089556	-0.4445502	2.679638	-0.1835297	-0.3140339	2.390444	0.2267019	0.1812601	2.595678	0.113909	0.1351174	2.599045	0.07072511	0.08327053	2.608329	-0.06443009	-0.07472341	2.626962	-0.2484913	-0.2888013	2.644609	0.1603079	-0.03021321	2.742907	-0.02118898	0.07702874	2.504979	-0.227292	-0.3188156	2.655734	-0.2630063	-0.2520823	2.567225	0.289207	-0.2140818	2.713755	-0.1633526	-0.04212153	2.406205	-0.1383378	-0.5384598	2.524082	-0.1201633	-0.5508547	2.633687	0.1325832	-0.7425823	2.494588	-0.2152977	-0.983968	2.532759	

0.3887345	-0.3149216	2.691929	-0.2064812	-0.230768	2.370805	0.4711186	-0.4422025	2.654453	-0.2238629	-0.3714419	2.372077	0.4155697	-0.4376059	2.675417	-0.1690374	-0.2768969	2.425625	0.2267323	0.1829824	2.59576	0.113966	0.1357051	2.599133	0.07076108	0.08361068	2.608343	-0.06413984	-0.07469986	2.626861	-0.24647	-0.289963	2.643407	0.1602278	-0.02983669	2.74292	-0.02127303	0.07736053	2.504967	-0.2248261	-0.3199395	2.654303	-0.261626	-0.2530553	2.566337	0.2710071	-0.1761436	2.716654	-0.1583195	-0.03607494	2.406703	-0.1363964	-0.5399972	2.523204	-0.1183593	-0.5511743	2.634008	0.1337624	-0.745038	2.49305	-0.2151014	-0.9818547	2.533257	

0.3979117	-0.3145705	2.691664	-0.2050877	-0.2314856	2.371186	0.4768169	-0.4408429	2.659467	-0.2138446	-0.3702841	2.367472	0.4216013	-0.4372965	2.673	-0.1712673	-0.2928022	2.39975	0.228359	0.183172	2.595647	0.1145935	0.1378526	2.598663	0.0745553	0.08463437	2.606617	-0.01705555	-0.09174309	2.610077	-0.1540983	-0.334465	2.611121	0.1605935	-0.02918055	2.742936	-0.02103388	0.07757279	2.504877	-0.1100996	-0.3698868	2.626226	-0.1942531	-0.2905388	2.529946	0.2711776	-0.1756127	2.716295	-0.1536671	-0.03054109	2.406255	0.1081956	-0.630273	2.521717	-0.09081201	-0.5863522	2.637265	0.118722	-0.9652013	2.469598	-0.2143683	-0.9807861	2.533565	

0.4343984	-0.3606282	2.689888	-0.202482	-0.234648	2.371685	0.4614565	-0.4857431	2.653828	-0.2075174	-0.3780631	2.374336	0.4108691	-0.449832	2.666737	-0.1625386	-0.2838323	2.428	0.2278871	0.1839554	2.595449	0.1154324	0.1383651	2.598417	0.07486928	0.08477612	2.606966	-0.05068056	-0.08323649	2.639411	-0.2295155	-0.3115416	2.673234	0.160574	-0.0283921	2.742566	-0.02151246	0.07937796	2.503867	-0.2035842	-0.3379098	2.683325	-0.2498067	-0.2774539	2.597128	0.3188747	-0.2196816	2.707047	-0.1555925	-0.04304145	2.405878	-0.1321937	-0.6754815	2.650506	-0.1033892	-0.5789234	2.648779	0.1630916	-0.6787786	2.47177	-0.2243547	-1.000553	2.527273	

0.4079816	-0.3245626	2.6905	-0.195581	-0.2299941	2.368522	0.4752258	-0.4463522	2.65268	-0.2121721	-0.3721692	2.370159	0.4227882	-0.43695	2.669572	-0.1852288	-0.3277307	2.35096	0.2280265	0.1844068	2.595419	0.1186081	0.1448169	2.593786	0.08014388	0.08970222	2.601206	-0.02509504	-0.08003546	2.607153	-0.1711679	-0.3185642	2.608128	0.161035	-0.0182208	2.738721	-0.02046997	0.08664152	2.499897	-0.1306984	-0.3508788	2.623721	-0.2073515	-0.2781401	2.526449	0.2836491	-0.1914879	2.711962	-0.1530085	-0.0378401	2.40509	0.07802667	-0.5405876	2.532608	-0.08040512	-0.5621381	2.639909	0.1455042	-0.8682327	2.472702	-0.2190658	-1.012711	2.530768	

0.4196265	-0.3387021	2.689769	-0.1950391	-0.2330444	2.368647	0.4723363	-0.464659	2.65355	-0.2058308	-0.3699712	2.367656	0.4242509	-0.4251249	2.677381	-0.1663188	-0.2984947	2.399875	0.228617	0.1842715	2.595494	0.1194386	0.1447204	2.59421	0.0802533	0.08970968	2.601612	-0.04050114	-0.07747263	2.616657	-0.2302853	-0.3002717	2.637055	0.1638658	-0.02459898	2.741509	-0.02018038	0.08642156	2.4999	-0.2076976	-0.3324113	2.649571	-0.2471339	-0.2605788	2.558511	0.296927	-0.204244	2.710755	-0.1523149	-0.0389544	2.404841	-0.1285263	-0.6667813	2.644373	-0.09698905	-0.5485814	2.642818	-0.06931228	-0.9950521	2.581346	-0.2213285	-1.01334	2.527943	

0.429999	-0.3486466	2.689862	-0.1935558	-0.232829	2.369874	0.4706966	-0.4707929	2.649581	-0.2039904	-0.3700552	2.366787	0.4184456	-0.4507977	2.674273	-0.1640137	-0.2997336	2.404145	0.2310005	0.184745	2.595621	0.1204186	0.1458327	2.594001	0.08054561	0.09086083	2.601696	-0.04276168	-0.074688	2.617815	-0.2295411	-0.2982184	2.636992	0.1647352	-0.01647311	2.741733	-0.01893097	0.08779887	2.49953	-0.2068912	-0.3290695	2.649534	-0.2465025	-0.2595098	2.558433	0.3082253	-0.2133045	2.709269	-0.1479328	-0.03351157	2.40657	-0.1266695	-0.6628918	2.647667	-0.09821684	-0.5490144	2.641412	-0.239394	-0.9588247	2.519566	-0.2162573	-0.9984551	2.530871	

0.4311944	-0.3504106	2.689971	-0.1924719	-0.2320595	2.370391	0.4664008	-0.4773751	2.650955	-0.2064501	-0.3714342	2.371942	0.4213614	-0.4309894	2.676796	-0.1691861	-0.3278632	2.4016	0.2320497	0.1866374	2.596119	0.1210088	0.1464092	2.594122	0.08077516	0.09113824	2.601905	-0.04300338	-0.07507835	2.618364	-0.2258508	-0.3024592	2.637234	0.1647038	-0.01781673	2.741947	-0.01863944	0.08578622	2.500216	-0.2028276	-0.3329495	2.649388	-0.2431597	-0.2642671	2.559077	0.3099343	-0.214589	2.709005	-0.1464215	-0.03147544	2.406772	-0.1392384	-0.6713346	2.633432	-0.09655364	-0.554436	2.642174	-0.2593323	-0.9632795	2.502759	-0.2451594	-0.8317775	2.507286	

0.4337181	-0.3507077	2.689171	-0.191606	-0.2320128	2.37047	0.4651932	-0.4769769	2.649831	-0.2070205	-0.3692818	2.364175	0.4198778	-0.4384953	2.674791	-0.1566494	-0.2895508	2.427	0.2334951	0.1871022	2.595773	0.1215832	0.1470116	2.593977	0.08095329	0.09157918	2.601989	-0.0437296	-0.07480467	2.619083	-0.2258014	-0.3024381	2.637608	0.1645342	-0.0193696	2.741968	-0.01831212	0.08426242	2.50088	-0.202848	-0.3329638	2.65135	-0.2431197	-0.2642513	2.55903	0.3112749	-0.215997	2.708805	-0.1459229	-0.03129232	2.407346	-0.1224649	-0.666484	2.651152	-0.09711449	-0.5548723	2.641745	-0.2326164	-0.963643	2.523682	-0.2763859	-0.9444478	2.469125	

0.4341414	-0.3514901	2.68938	-0.1911253	-0.2320318	2.370728	0.466839	-0.4778256	2.653455	-0.2059835	-0.3717927	2.371475	0.4159511	-0.4498227	2.668734	-0.1577099	-0.2875246	2.421419	0.234534	0.1883459	2.595824	0.1222188	0.1481115	2.59382	0.08119033	0.09270771	2.602019	-0.04456287	-0.07368403	2.619414	-0.2259506	-0.3013291	2.637517	0.1644397	-0.02058189	2.741983	-0.01806474	0.08338073	2.501297	-0.2032045	-0.3316679	2.651725	-0.2430949	-0.2630883	2.558244	0.3119766	-0.2164835	2.708107	-0.1444517	-0.0300474	2.407757	-0.1226069	-0.6652817	2.650475	-0.09796231	-0.5541548	2.64094	-0.2330229	-0.9625511	2.523336	-0.2939786	-0.9347782	2.466121	

0.3953801	-0.3090662	2.691797	-0.1907184	-0.2320591	2.37094	0.4785902	-0.4322212	2.647699	-0.2081774	-0.3736556	2.379365	0.4228694	-0.4302664	2.67525	-0.158038	-0.2866275	2.418221	0.2354847	0.1880589	2.595858	0.1216277	0.1476934	2.594536	0.07998387	0.09265815	2.603155	-0.04903144	-0.07189599	2.622197	-0.2307673	-0.2953189	2.640391	0.16455	-0.02139338	2.742248	-0.01798925	0.08207918	2.501716	-0.2089578	-0.3256836	2.655055	-0.2468384	-0.257478	2.560274	0.2703624	-0.1714831	2.717612	-0.1441145	-0.02957142	2.407727	-0.1246406	-0.6588976	2.650479	-0.1007479	-0.5494733	2.639918	-0.2346678	-0.9563153	2.523202	-0.2929377	-0.9326615	2.466416	

0.3981394	-0.3112875	2.691609	-0.1905459	-0.2320762	2.371072	0.4776443	-0.4337189	2.649186	-0.2060272	-0.3708149	2.37264	0.4225899	-0.4272989	2.673467	-0.1591006	-0.292751	2.421163	0.2356512	0.1878837	2.595943	0.1210999	0.1473149	2.594816	0.07930113	0.0923691	2.603485	-0.04985074	-0.07224655	2.622384	-0.230801	-0.295526	2.64023	0.1644649	-0.02167184	2.742234	-0.01799822	0.08194091	2.50178	-0.2089264	-0.3259825	2.653991	-0.2469368	-0.2578055	2.560457	0.2703831	-0.1716816	2.717537	-0.1502588	-0.05114065	2.404937	-0.1483643	-0.6653513	2.632286	-0.100949	-0.5498914	2.639989	-0.2602403	-0.9604489	2.50105	-0.289508	-0.933832	2.464047	

0.4006286	-0.3127671	2.691954	-0.19059	-0.2320323	2.371742	0.4788041	-0.4338194	2.648852	-0.2073644	-0.3699052	2.368175	0.4261623	-0.4278155	2.674072	-0.1582205	-0.2783451	2.422364	0.2348589	0.188022	2.596352	0.1211352	0.1473768	2.594821	0.07928127	0.09245175	2.603552	-0.05011825	-0.07230398	2.622735	-0.2308474	-0.2960033	2.640836	0.1642096	-0.02237485	2.742333	-0.0180816	0.08176162	2.50185	-0.2089049	-0.3261373	2.654097	-0.2471442	-0.2587401	2.561977	0.2704747	-0.1721309	2.717583	-0.1481701	-0.04272245	2.406815	-0.1482951	-0.6654951	2.632405	-0.1011569	-0.5511592	2.640656	-0.2607495	-0.9596773	2.499472	-0.2888303	-0.9355864	2.464858	

0.4011701	-0.3133101	2.691588	-0.1905728	-0.2321195	2.37171	0.475687	-0.4380581	2.648851	-0.209095	-0.3696544	2.370865	0.4214334	-0.4340562	2.673623	-0.1569602	-0.2859175	2.429114	0.2349684	0.1879437	2.596798	0.1213008	0.1479126	2.594624	0.07926612	0.09292393	2.603523	-0.05044248	-0.07210299	2.622972	-0.2311437	-0.2961516	2.641325	0.1641511	-0.02264635	2.742386	-0.01810967	0.08155954	2.501989	-0.2090412	-0.3261489	2.654249	-0.2476069	-0.2590655	2.562881	0.2705445	-0.1723033	2.717533	-0.1522771	-0.05384806	2.406177	-0.1476349	-0.6653687	2.632637	-0.1071068	-0.5544224	2.640622	-0.2604162	-0.9594046	2.499648	-0.2391522	-1.046008	2.504761	

0.3994046	-0.3129211	2.69112	-0.1904322	-0.2334717	2.371737	0.4782384	-0.4332979	2.64567	-0.2027617	-0.3705178	2.370694	0.4223429	-0.4317709	2.674046	-0.1587222	-0.2919839	2.430804	0.2347962	0.1879375	2.596947	0.1208827	0.1485422	2.594663	0.07874445	0.09356774	2.603703	-0.05092378	-0.07188714	2.62332	-0.2311386	-0.2963212	2.641644	0.1641555	-0.02279277	2.742422	-0.0181612	0.08138433	2.502112	-0.2090324	-0.3261583	2.654289	-0.2476165	-0.2594927	2.563612	0.2706017	-0.1723421	2.716423	-0.1529572	-0.05534497	2.406408	-0.1473224	-0.6653293	2.632621	-0.1068145	-0.5548822	2.640906	-0.2599897	-0.959453	2.499738	-0.2377245	-1.042553	2.506371	

0.3986526	-0.3126614	2.690577	-0.1903765	-0.2336534	2.371926	0.479147	-0.433675	2.646751	-0.2011415	-0.3775796	2.375728	0.420982	-0.432115	2.672755	-0.1622061	-0.2941787	2.401534	0.2341416	0.189666	2.597341	0.1209437	0.1494796	2.595288	0.07871112	0.0944211	2.604349	-0.05101238	-0.07164343	2.623699	-0.2309655	-0.2964599	2.641782	0.1641133	-0.0230906	2.74247	-0.01820139	0.08120774	2.502425	-0.2087862	-0.3262486	2.654278	-0.247492	-0.2596737	2.563896	0.2706844	-0.1725475	2.716453	-0.1531254	-0.05548693	2.40665	-0.147038	-0.6653965	2.632889	-0.106258	-0.5548556	2.641205	-0.265308	-0.9518896	2.487712	-0.2488762	-0.8383143	2.513065	

0.397674	-0.3120523	2.690041	-0.1907489	-0.2361877	2.372046	0.4781387	-0.4332117	2.645125	-0.1979809	-0.3781258	2.37684	0.4201354	-0.4233459	2.667134	-0.157029	-0.2894675	2.428667	0.2336242	0.1895745	2.598572	0.120195	0.149174	2.59594	0.07780885	0.09420744	2.605181	-0.05216142	-0.07177369	2.624913	-0.2314338	-0.2964987	2.642844	0.1640239	-0.02322846	2.742503	-0.01824275	0.08104111	2.502694	-0.2091985	-0.3260908	2.655034	-0.2479635	-0.2598833	2.565141	0.2706467	-0.1726409	2.716383	-0.1540675	-0.05792132	2.406832	-0.1476061	-0.6651943	2.635001	-0.1060271	-0.5549786	2.641852	-0.2541211	-0.9603857	2.499216	-0.2365901	-1.044703	2.50452	

0.3958823	-0.311332	2.689045	-0.1882433	-0.2276315	2.374223	0.477094	-0.4322778	2.639397	-0.2027988	-0.3704931	2.374906	0.41753	-0.4185842	2.678786	-0.1594089	-0.2928279	2.416437	0.2324862	0.1907359	2.599193	0.1202402	0.1504065	2.595784	0.07781531	0.09517608	2.605156	-0.05215498	-0.07158725	2.625009	-0.2311107	-0.2968168	2.643141	0.1640178	-0.02323293	2.742511	-0.01828483	0.08086773	2.502837	-0.2089307	-0.3261924	2.655127	-0.2476059	-0.2604508	2.565664	0.2705529	-0.1726976	2.716224	-0.1469995	-0.03699624	2.409848	-0.1475854	-0.665349	2.634856	-0.1055271	-0.5555406	2.642192	-0.2541429	-0.9607385	2.499579	-0.2359417	-1.044702	2.504748	

0.3940209	-0.3111272	2.688286	-0.1881397	-0.2280734	2.374492	0.4783942	-0.4329832	2.642551	-0.2032796	-0.3701127	2.372484	0.4178136	-0.4262626	2.666796	-0.1591584	-0.2913621	2.416649	0.2326215	0.1906817	2.599129	0.1202311	0.1513502	2.595669	0.07775018	0.09597117	2.605138	-0.05224314	-0.07136025	2.625113	-0.2310784	-0.2969637	2.643322	0.1639141	-0.02378435	2.742673	-0.0182966	0.08080052	2.503024	-0.2089128	-0.3262214	2.655195	-0.2475601	-0.2607134	2.565922	0.2707812	-0.1729818	2.716014	-0.1451732	-0.03365923	2.410818	-0.1474098	-0.6653571	2.634811	-0.1050625	-0.5556453	2.642348	-0.2548019	-0.9604411	2.499524	-0.2357766	-1.044765	2.504859	

0.3934237	-0.3113249	2.687921	-0.1878432	-0.2280924	2.374602	0.4759518	-0.4308023	2.642316	-0.1994603	-0.3713274	2.373776	0.4184944	-0.4289771	2.668448	-0.1568504	-0.2880801	2.425147	0.232217	0.1911968	2.59996	0.1193052	0.1495232	2.59728	0.07700126	0.09462309	2.606512	-0.05253012	-0.07190818	2.625904	-0.2308386	-0.2970908	2.643603	0.1639419	-0.02386479	2.742802	-0.01826793	0.08065581	2.503335	-0.2085749	-0.3262663	2.656139	-0.2473327	-0.2608687	2.565866	0.2704972	-0.1732797	2.716048	-0.144409	-0.03237978	2.411259	-0.1473214	-0.6654904	2.634868	-0.1058621	-0.5562375	2.642374	-0.2535112	-0.9606681	2.498775	-0.2342292	-1.044756	2.504452	

0.3901708	-0.3102913	2.687738	-0.1868809	-0.2268109	2.375396	0.4696456	-0.4320642	2.637948	-0.2072594	-0.3633169	2.366913	0.4155346	-0.4274636	2.666273	-0.1549848	-0.2820035	2.431222	0.232335	0.1909761	2.600207	0.1188545	0.1489565	2.59774	0.07658768	0.09437149	2.606819	-0.05301465	-0.07159957	2.62596	-0.2314306	-0.2951937	2.64286	0.1638924	-0.02414738	2.742896	-0.018256	0.08061108	2.503464	-0.2090436	-0.3253012	2.656021	-0.2480628	-0.2573724	2.563765	0.2696755	-0.1741079	2.716069	-0.143946	-0.03160301	2.411775	-0.1478333	-0.6645555	2.634611	-0.1069551	-0.5527194	2.640908	-0.2606732	-0.9511648	2.485089	-0.2340105	-1.044906	2.504306	

0.3889956	-0.3113194	2.687174	-0.1870209	-0.2275024	2.375837	0.4718447	-0.4341372	2.63523	-0.2033953	-0.3703704	2.374117	0.4141623	-0.4247179	2.667877	-0.1557667	-0.2813327	2.431889	0.2328955	0.1902544	2.600752	0.118997	0.149425	2.597665	0.07648452	0.09531797	2.60676	-0.05491547	-0.06783063	2.625945	-0.2368335	-0.2861645	2.642806	0.1639089	-0.02442939	2.742913	-0.01824855	0.08059864	2.50351	-0.2150367	-0.3176582	2.656181	-0.2526954	-0.2472196	2.563407	0.2694401	-0.1745382	2.715674	-0.1441674	-0.03133959	2.411793	-0.1511631	-0.6566411	2.63359	-0.1111538	-0.5434328	2.638338	-0.2612306	-0.9518343	2.500845	-0.233181	-1.043462	2.50555	

