-0.06840824	-0.2238999	2.343504	-0.4499409	-0.2044023	2.353584	-0.06303967	-0.4044017	2.285018	-0.419819	-0.3350305	2.312886	-0.008739023	-0.3146895	2.320824	-0.401113	-0.2802898	2.312175	-0.317935	0.5849178	2.447199	-0.3086638	0.4361215	2.461198	-0.2977268	0.3648996	2.469217	-0.2630506	0.1465873	2.484524	-0.2143166	-0.1514549	2.496234	-0.1228946	0.3265185	2.474254	-0.4598067	0.2809364	2.433997	-0.1376195	-0.127881	2.467269	-0.2846552	-0.1704553	2.454022	-0.06590608	0.05938954	2.458957	-0.4762736	0.03675728	2.41052	-0.05904515	-0.4338957	2.332936	-0.226436	-0.5240073	2.443514	-0.1581652	-0.8092567	2.432374	-0.2161333	-0.8190898	2.471842	

-0.06665521	-0.2246794	2.343861	-0.4501885	-0.2040227	2.352654	-0.06206103	-0.4048029	2.28635	-0.4262584	-0.33823	2.319894	-0.01454166	-0.3209688	2.308761	-0.4056414	-0.2904482	2.313939	-0.3175762	0.5855194	2.446542	-0.3085715	0.4372017	2.459756	-0.2975138	0.3658437	2.468274	-0.2625247	0.1473114	2.484517	-0.21285	-0.1505827	2.497557	-0.1224887	0.3268168	2.47095	-0.4597904	0.2820097	2.432356	-0.1368931	-0.1270228	2.468396	-0.2824979	-0.1696956	2.455398	-0.06527207	0.05927231	2.4577	-0.4760415	0.03649909	2.409723	-0.05499652	-0.4336385	2.338773	-0.2258531	-0.5244028	2.444264	-0.1572265	-0.8087561	2.436313	-0.2161674	-0.819566	2.472135	

-0.06635652	-0.2249274	2.34427	-0.4504404	-0.2036211	2.353128	-0.06262989	-0.4056214	2.292243	-0.4253864	-0.3376966	2.325137	-0.01695839	-0.3266028	2.306373	-0.4052624	-0.2905302	2.315741	-0.3169531	0.5856285	2.446227	-0.3072843	0.4376306	2.459014	-0.2962668	0.3662893	2.467673	-0.2614278	0.1477401	2.484348	-0.2120714	-0.1502515	2.497722	-0.1217226	0.3266826	2.469863	-0.4592112	0.2824542	2.431827	-0.1362898	-0.1266662	2.468471	-0.2815973	-0.1694349	2.455607	-0.06488965	0.05935701	2.457237	-0.4760327	0.03651192	2.409718	-0.0551393	-0.4335707	2.339165	-0.2252693	-0.5246882	2.445068	-0.1570343	-0.8092495	2.435142	-0.2162611	-0.8199825	2.472123	

-0.06634636	-0.2254072	2.344872	-0.4512698	-0.2027856	2.353714	-0.06260077	-0.4058802	2.293546	-0.4247258	-0.3367223	2.322926	-0.009850777	-0.3276908	2.324643	-0.4061744	-0.2907705	2.314809	-0.315546	0.5858915	2.445025	-0.3062913	0.4378	2.458124	-0.2953887	0.3664873	2.466946	-0.260889	0.1479453	2.484067	-0.2119012	-0.1501142	2.497718	-0.1207515	0.3266518	2.468959	-0.4589387	0.2832865	2.430992	-0.1361743	-0.1265601	2.468361	-0.2813434	-0.1692434	2.455714	-0.06449879	0.05913438	2.457116	-0.4759397	0.03644853	2.409706	-0.05551515	-0.4336034	2.339095	-0.2251602	-0.5247825	2.445117	-0.1572193	-0.8096756	2.433917	-0.2164669	-0.8201165	2.47194	

-0.06679719	-0.2260685	2.345214	-0.4525881	-0.2005345	2.353961	-0.06224892	-0.40563	2.291258	-0.4286023	-0.3373187	2.325776	-0.01276567	-0.3135797	2.329286	-0.4070927	-0.2871644	2.31269	-0.3138672	0.586328	2.443791	-0.3048524	0.4381888	2.457285	-0.2942176	0.3668458	2.466272	-0.2604066	0.1481656	2.483839	-0.2118952	-0.150064	2.49772	-0.1198587	0.326326	2.467822	-0.4584641	0.284403	2.430578	-0.1361741	-0.1265547	2.468355	-0.2813353	-0.1691087	2.455728	-0.06431685	0.05877335	2.4566	-0.4759029	0.03648648	2.409698	-0.05755989	-0.4340719	2.338958	-0.2251855	-0.5247049	2.445153	-0.1573055	-0.8109075	2.432932	-0.2164934	-0.820047	2.47192	

-0.06918156	-0.2264885	2.345889	-0.4529307	-0.2001963	2.354044	-0.06746923	-0.4054612	2.291044	-0.4308029	-0.3326743	2.315822	-0.02147631	-0.3312344	2.314461	-0.4072721	-0.2952235	2.311885	-0.312708	0.5865602	2.443173	-0.303448	0.4389718	2.456167	-0.2930264	0.367532	2.465318	-0.25984	0.1485406	2.483397	-0.2118843	-0.1500078	2.497678	-0.1191624	0.3262835	2.467369	-0.4581822	0.2849245	2.430061	-0.1361596	-0.1265201	2.468268	-0.2813331	-0.1690252	2.455703	-0.06410092	0.0586479	2.456337	-0.4757049	0.03757069	2.409662	-0.06168317	-0.4351774	2.339369	-0.2253719	-0.5241285	2.445244	-0.1588681	-0.8127934	2.432896	-0.2166441	-0.8194556	2.472137	

-0.06962113	-0.2266546	2.345834	-0.4541425	-0.1979358	2.353773	-0.06618	-0.4055842	2.292711	-0.4320511	-0.3326899	2.317822	-0.01463423	-0.3163796	2.327667	-0.4089662	-0.2863696	2.311224	-0.3105105	0.5868991	2.441786	-0.3019669	0.4392121	2.454879	-0.2916897	0.367782	2.4642	-0.2590006	0.1487631	2.482824	-0.2117444	-0.149928	2.497618	-0.1182879	0.3260625	2.466159	-0.4577013	0.2856198	2.428725	-0.1359871	-0.1264331	2.46815	-0.2812365	-0.1689646	2.455672	-0.06414616	0.0586838	2.455687	-0.4755821	0.03809627	2.40943	-0.06222007	-0.4354618	2.339959	-0.2257274	-0.523817	2.445124	-0.1591914	-0.8134679	2.432314	-0.2165821	-0.8190754	2.472447	

-0.06965803	-0.2269069	2.345959	-0.4544165	-0.197779	2.353856	-0.06634107	-0.4055139	2.291282	-0.4323076	-0.3328942	2.31925	-0.02130125	-0.3177319	2.319083	-0.4085101	-0.2870225	2.31248	-0.309036	0.5872868	2.440446	-0.3010953	0.4391656	2.453627	-0.290902	0.3677742	2.463138	-0.2585097	0.1488232	2.48232	-0.2116879	-0.1498945	2.497593	-0.1179384	0.3260869	2.465421	-0.4574106	0.2861294	2.427814	-0.1359595	-0.1264285	2.468151	-0.281146	-0.1688859	2.45558	-0.06406412	0.05858159	2.455374	-0.4755121	0.03818286	2.409323	-0.06222632	-0.4354969	2.340071	-0.2257887	-0.5239708	2.445058	-0.1597055	-0.8136206	2.431558	-0.2166031	-0.8192072	2.472524	

-0.06731955	-0.2288708	2.344989	-0.4540323	-0.198609	2.352263	-0.06328784	-0.4054413	2.290865	-0.4242614	-0.3366653	2.318064	-0.02028149	-0.3200189	2.317647	-0.4065223	-0.2868708	2.31212	-0.3045849	0.585425	2.428125	-0.2965012	0.4384272	2.443831	-0.286557	0.3670556	2.453829	-0.2551005	0.1481281	2.474769	-0.2105894	-0.1506673	2.492867	-0.1152974	0.3247234	2.458109	-0.4554259	0.2866799	2.420214	-0.1335987	-0.1283294	2.462562	-0.2812625	-0.1687372	2.451335	-0.06348713	0.05761114	2.451592	-0.4745838	0.03554616	2.40324	-0.06039679	-0.4380361	2.336381	-0.2269632	-0.5218949	2.433541	-0.162335	-0.8134332	2.433125	-0.2156986	-0.8161399	2.467226	

-0.06729909	-0.2294029	2.344518	-0.4538178	-0.1985081	2.351665	-0.06629657	-0.411091	2.288497	-0.4245173	-0.3377064	2.313929	-0.02041687	-0.3284827	2.312166	-0.406186	-0.2879809	2.310328	-0.3040214	0.58524	2.426519	-0.2957939	0.4382628	2.442444	-0.2858904	0.3668883	2.45251	-0.2545662	0.1479505	2.473675	-0.2103138	-0.150857	2.492137	-0.1147126	0.3243074	2.456827	-0.4550097	0.2865742	2.418395	-0.1332589	-0.1286699	2.461884	-0.281085	-0.1687659	2.45056	-0.06319287	0.05717104	2.450832	-0.4742239	0.03462262	2.401263	-0.05981512	-0.4385259	2.336451	-0.2275293	-0.5212204	2.431721	-0.1619301	-0.8137518	2.433596	-0.2157838	-0.8152795	2.466463	

-0.06683154	-0.2295639	2.344137	-0.4530663	-0.1990888	2.350945	-0.06418135	-0.4110479	2.288215	-0.4243049	-0.3368813	2.313348	-0.01962969	-0.3079854	2.321	-0.4045354	-0.291499	2.305417	-0.3031338	0.5852328	2.425022	-0.2950866	0.4379815	2.440874	-0.2852615	0.3666589	2.45106	-0.2541585	0.1478516	2.472579	-0.2102036	-0.1508477	2.491493	-0.1142549	0.3242697	2.455958	-0.454771	0.286223	2.417176	-0.1333204	-0.1285948	2.461413	-0.2807732	-0.1688377	2.449707	-0.06312548	0.05713522	2.450098	-0.4738582	0.03468937	2.400103	-0.0598505	-0.4385685	2.336416	-0.2281156	-0.5213493	2.430546	-0.1632057	-0.8126538	2.43618	-0.2157686	-0.8152731	2.465962	

-0.06585392	-0.2302278	2.342877	-0.452718	-0.1998754	2.349507	-0.0652597	-0.4110523	2.288209	-0.4250503	-0.337406	2.308367	-0.02126531	-0.3360089	2.3108	-0.4045922	-0.2885967	2.304079	-0.3016893	0.5846271	2.420641	-0.2942365	0.4372426	2.43644	-0.2844427	0.3659971	2.447176	-0.2534671	0.1473969	2.470164	-0.2098076	-0.1510817	2.490574	-0.113756	0.3235736	2.453323	-0.4546151	0.2856764	2.414994	-0.1326862	-0.129127	2.460417	-0.2806076	-0.1688126	2.44885	-0.06305804	0.05656625	2.448585	-0.4737361	0.03453847	2.398736	-0.059248	-0.4393093	2.336179	-0.2296591	-0.5209244	2.425304	-0.1632767	-0.8133733	2.435399	-0.1885548	-0.8828917	2.468534	

-0.06569339	-0.2310444	2.342411	-0.4521224	-0.2002942	2.348494	-0.06424574	-0.4118761	2.292012	-0.4227168	-0.3369873	2.306223	-0.01962221	-0.3168971	2.317681	-0.4055957	-0.2866863	2.307773	-0.3003517	0.5839325	2.417494	-0.2934489	0.4363997	2.434114	-0.2836591	0.3651984	2.444884	-0.2527198	0.1467478	2.468076	-0.2092393	-0.1515108	2.489021	-0.1133046	0.3227236	2.450942	-0.4541352	0.285464	2.412912	-0.1318453	-0.130013	2.458783	-0.2803229	-0.1688193	2.447362	-0.06299153	0.05600018	2.447363	-0.4737133	0.03348988	2.396942	-0.05904428	-0.4406081	2.335576	-0.2304746	-0.5206747	2.421012	-0.1629283	-0.8149266	2.434071	-0.188602	-0.8828439	2.468627	

-0.06572421	-0.2317761	2.341892	-0.451816	-0.2004025	2.348161	-0.06314214	-0.4115983	2.290406	-0.4237918	-0.3375044	2.307346	-0.01478214	-0.3160022	2.327552	-0.4050636	-0.2867713	2.307095	-0.2994178	0.5832608	2.41455	-0.2930088	0.4356985	2.432682	-0.2832327	0.3644839	2.44346	-0.2523415	0.146006	2.466731	-0.2089847	-0.1522508	2.487911	-0.1129891	0.3222124	2.449509	-0.4536304	0.2846392	2.41076	-0.1314443	-0.1310739	2.458077	-0.2802638	-0.1692202	2.445695	-0.06306348	0.05546632	2.446241	-0.4734856	0.03359473	2.395927	-0.05887492	-0.4416757	2.334764	-0.2317848	-0.5201541	2.415665	-0.1629543	-0.8160849	2.432763	-0.1886113	-0.8828244	2.468625	

-0.06591652	-0.2318491	2.341583	-0.4516677	-0.2004845	2.34762	-0.06631643	-0.4118433	2.291714	-0.4232205	-0.344007	2.314431	-0.02171678	-0.3448447	2.309163	-0.4051795	-0.287045	2.309543	-0.2978895	0.5817958	2.411313	-0.2923698	0.43466	2.431499	-0.2826979	0.3634647	2.442147	-0.2521361	0.1450158	2.464967	-0.2093824	-0.1532349	2.485422	-0.1127069	0.3217505	2.448908	-0.4531523	0.2843038	2.409444	-0.1315809	-0.1325514	2.456126	-0.2810183	-0.1695903	2.442588	-0.06326017	0.05544491	2.445777	-0.4730407	0.03322658	2.394555	-0.05782205	-0.4432226	2.334147	-0.2331088	-0.520144	2.410007	-0.1618665	-0.8180346	2.43082	-0.1887726	-0.8827139	2.467891	

-0.06583743	-0.2320369	2.340919	-0.4514206	-0.2007382	2.347118	-0.06620893	-0.4110474	2.287299	-0.4229728	-0.3438144	2.313154	-0.0141669	-0.3414241	2.314286	-0.400254	-0.2932874	2.301527	-0.2966886	0.5808675	2.409163	-0.2908387	0.4339386	2.429367	-0.2814887	0.362744	2.440033	-0.251771	0.1442674	2.462842	-0.2101422	-0.1541331	2.48309	-0.1121656	0.3210279	2.447913	-0.4523664	0.2840545	2.407166	-0.1320698	-0.1343419	2.454028	-0.2821243	-0.1696047	2.439916	-0.06316894	0.05528864	2.445061	-0.4724719	0.03308519	2.392999	-0.05672135	-0.4449098	2.333135	-0.2342541	-0.5195964	2.406474	-0.161181	-0.8199705	2.428563	-0.1889727	-0.8823158	2.467546	

-0.06575286	-0.2322874	2.340799	-0.4511434	-0.2010766	2.346666	-0.06519316	-0.4108459	2.287058	-0.420907	-0.3435057	2.313378	-0.01575097	-0.3296381	2.322429	-0.4021021	-0.2863112	2.308805	-0.295679	0.5798947	2.407122	-0.2901194	0.4332853	2.428566	-0.2808116	0.3621339	2.439252	-0.2512511	0.1438036	2.462177	-0.2098435	-0.1543936	2.482681	-0.1117775	0.3205966	2.447548	-0.4512874	0.2841743	2.405592	-0.1316601	-0.1348945	2.453698	-0.2819047	-0.1696239	2.439466	-0.06304279	0.0550595	2.444917	-0.4719624	0.03254031	2.392277	-0.05672816	-0.445626	2.333094	-0.2340789	-0.5180846	2.403585	-0.1612092	-0.8209827	2.427485	-0.1889412	-0.8823335	2.467517	

-0.06580389	-0.2322866	2.340328	-0.4508398	-0.201281	2.346522	-0.06620567	-0.4111446	2.287836	-0.4170955	-0.342936	2.315406	-0.0165866	-0.3283713	2.3243	-0.4017726	-0.2855608	2.309808	-0.2952207	0.5797701	2.406772	-0.2893974	0.4328972	2.427959	-0.2801954	0.3617532	2.438555	-0.2509402	0.1434199	2.461165	-0.2100479	-0.154809	2.481125	-0.1114989	0.3204769	2.447483	-0.4510441	0.2840708	2.40538	-0.131621	-0.1356491	2.452008	-0.2823198	-0.1696937	2.438131	-0.06287958	0.05500954	2.444638	-0.47175	0.03266126	2.39225	-0.05649448	-0.4467015	2.33285	-0.2340684	-0.5179123	2.403404	-0.1608594	-0.8221301	2.427082	-0.1889073	-0.8823022	2.467551	

-0.06579653	-0.2323752	2.339552	-0.4503281	-0.2015143	2.346119	-0.06522499	-0.4110651	2.286553	-0.4167525	-0.3423678	2.311563	-0.01516598	-0.3274396	2.327684	-0.4018311	-0.287979	2.307081	-0.2949852	0.5796716	2.406625	-0.2888159	0.4326583	2.427765	-0.279711	0.3615193	2.438326	-0.2506981	0.1431981	2.460864	-0.2100523	-0.1550431	2.480753	-0.1110995	0.3201893	2.447408	-0.4507198	0.2838695	2.405159	-0.1316328	-0.1360262	2.451602	-0.2823241	-0.1697818	2.43785	-0.0628458	0.054901	2.443963	-0.4715131	0.03263073	2.392071	-0.05586667	-0.44681	2.332004	-0.2339627	-0.5181185	2.40322	-0.1607294	-0.8220482	2.426416	-0.1889218	-0.8823139	2.467074	

-0.06581689	-0.2323117	2.339409	-0.4494941	-0.2022906	2.345644	-0.06422529	-0.4111309	2.287739	-0.4173641	-0.3417188	2.313049	-0.02286112	-0.3292206	2.310771	-0.3985428	-0.2935059	2.302661	-0.2947355	0.5797107	2.406636	-0.2886806	0.4326118	2.427787	-0.2795903	0.3614645	2.438309	-0.2505895	0.1430908	2.460702	-0.2099935	-0.1552726	2.480282	-0.1107508	0.3200715	2.447349	-0.4506393	0.283829	2.40515	-0.1315063	-0.1361814	2.451155	-0.2823451	-0.1700475	2.437416	-0.0626682	0.05499978	2.443744	-0.4713812	0.03269333	2.391936	-0.05591978	-0.4470942	2.3319	-0.233879	-0.5180299	2.403089	-0.1606897	-0.8224397	2.426029	-0.188975	-0.8822927	2.466943	

-0.06615765	-0.2323866	2.339264	-0.4489536	-0.2028072	2.345319	-0.06516897	-0.4108958	2.285608	-0.4143152	-0.3387924	2.309783	-0.02606782	-0.3597809	2.298655	-0.401558	-0.2882009	2.306103	-0.2944995	0.5797827	2.406714	-0.2882768	0.4325825	2.427646	-0.2792765	0.3614237	2.438139	-0.2504798	0.1430242	2.460463	-0.2101409	-0.1553924	2.4799	-0.1104819	0.3199739	2.447451	-0.4502661	0.2839001	2.405133	-0.1316102	-0.1363494	2.450788	-0.2825311	-0.1700963	2.437061	-0.06269	0.05493528	2.44359	-0.4711946	0.03274908	2.391798	-0.05511789	-0.4470294	2.331467	-0.2338191	-0.5180507	2.403084	-0.160171	-0.8222129	2.425886	-0.1883673	-0.8832839	2.466884	

-0.0662761	-0.2324562	2.338945	-0.4488955	-0.2026476	2.345302	-0.06622414	-0.4112002	2.288152	-0.4189388	-0.3426099	2.315648	-0.01512783	-0.3253188	2.3282	-0.4007489	-0.2882299	2.30593	-0.2943673	0.5798492	2.406929	-0.2882504	0.4326054	2.427774	-0.2792478	0.3614357	2.438211	-0.2504562	0.1430236	2.460462	-0.2100715	-0.1554054	2.479826	-0.1103619	0.3198642	2.447409	-0.4502366	0.2839063	2.405129	-0.1315492	-0.1363665	2.450733	-0.2824645	-0.170096	2.436986	-0.06264041	0.0548078	2.443474	-0.4708468	0.03310212	2.391806	-0.05547044	-0.4472048	2.331648	-0.2337322	-0.5181067	2.403181	-0.1227197	-0.6249585	2.673245	-0.1879626	-0.8840908	2.466839	

-0.06656644	-0.2324804	2.338949	-0.4487607	-0.2022767	2.345094	-0.06727818	-0.4113775	2.289158	-0.4179901	-0.3372378	2.307878	-0.01633217	-0.3322504	2.323608	-0.3998693	-0.2899677	2.304458	-0.2942657	0.5799624	2.407122	-0.2880579	0.4327541	2.427958	-0.2791128	0.3615462	2.438286	-0.2503946	0.1431086	2.460348	-0.2101291	-0.1552503	2.479167	-0.1101879	0.3198605	2.447486	-0.450146	0.2840474	2.405241	-0.1316066	-0.1362777	2.450108	-0.2825241	-0.1698623	2.436338	-0.06263522	0.0548181	2.443393	-0.4707055	0.03310038	2.39181	-0.05702518	-0.4475619	2.331385	-0.2335429	-0.5185543	2.403595	-0.1231384	-0.6237503	2.67397	-0.1880094	-0.8839419	2.466825	

-0.06701639	-0.2321083	2.338695	-0.4487167	-0.2014108	2.344525	-0.06824316	-0.4105853	2.28388	-0.420362	-0.3372205	2.30638	-0.02664273	-0.3121587	2.30998	-0.4023766	-0.2842948	2.295455	-0.2941715	0.5803807	2.407825	-0.2881031	0.4328991	2.428096	-0.279137	0.3616567	2.438374	-0.2503961	0.143149	2.46035	-0.2101198	-0.1552346	2.479144	-0.1101506	0.3198351	2.447461	-0.4501567	0.28413	2.405514	-0.1315904	-0.1362255	2.450035	-0.2825214	-0.1698607	2.436338	-0.06308571	0.05530265	2.442831	-0.4706669	0.03331	2.391677	-0.05833323	-0.4476939	2.330842	-0.233415	-0.5187044	2.404644	-0.1235641	-0.6214507	2.674781	-0.1879165	-0.8840203	2.466918	

-0.06721255	-0.2317499	2.338853	-0.4488136	-0.2006364	2.344071	-0.06828388	-0.4107445	2.284777	-0.423308	-0.3367488	2.307348	-0.02002665	-0.3391888	2.317688	-0.4018219	-0.2888905	2.30207	-0.2943825	0.5808793	2.408623	-0.2881975	0.432963	2.428212	-0.279228	0.3617156	2.438447	-0.2505326	0.1432144	2.460325	-0.2104119	-0.1551315	2.478981	-0.1100943	0.3199003	2.447676	-0.450281	0.2843789	2.405815	-0.1318415	-0.136143	2.449896	-0.2828503	-0.1697296	2.436171	-0.06319305	0.05570759	2.442871	-0.4708048	0.03390814	2.391479	-0.05905324	-0.447642	2.330402	-0.233535	-0.5182769	2.405491	-0.1235662	-0.6212413	2.674545	-0.1879802	-0.8838419	2.467217	

-0.06746006	-0.231675	2.338701	-0.4488683	-0.1996861	2.343649	-0.06836043	-0.4113621	2.288213	-0.421588	-0.3363741	2.305379	-0.0209321	-0.3302173	2.316678	-0.4023865	-0.2878404	2.3027	-0.2947857	0.5815055	2.409525	-0.2886361	0.4331989	2.428656	-0.2796043	0.3619297	2.438759	-0.2508071	0.1433803	2.460363	-0.2106752	-0.15496	2.47882	-0.1101086	0.3199727	2.447862	-0.450381	0.2844933	2.405875	-0.132045	-0.1359782	2.449751	-0.2831766	-0.1695482	2.436012	-0.06320023	0.0557218	2.442917	-0.4708003	0.03390845	2.391483	-0.05929733	-0.4474527	2.330113	-0.2341263	-0.5187296	2.407314	-0.1235567	-0.6198611	2.674878	-0.1883818	-0.8829893	2.468043	

-0.06762261	-0.2311448	2.338525	-0.4489797	-0.1993402	2.343601	-0.0671286	-0.4102111	2.282682	-0.4227183	-0.3372811	2.311602	-0.0228694	-0.3116888	2.305804	-0.4024721	-0.2882377	2.30365	-0.2960982	0.5825639	2.410726	-0.2892922	0.4341641	2.429198	-0.2801937	0.3627959	2.439167	-0.251251	0.1439848	2.46043	-0.2109836	-0.1545884	2.47867	-0.1107864	0.3209337	2.447981	-0.4509888	0.2846788	2.405988	-0.1324349	-0.1354395	2.449821	-0.2834643	-0.1692595	2.435653	-0.06340188	0.05620081	2.442931	-0.4709929	0.03429908	2.391519	-0.05931134	-0.4468561	2.33025	-0.2338993	-0.517746	2.412029	-0.1233746	-0.6183084	2.675512	-0.1884844	-0.8827819	2.468479	

-0.06742842	-0.2310174	2.338344	-0.4487995	-0.1997682	2.343348	-0.06707178	-0.4099813	2.281407	-0.4205651	-0.3357939	2.312239	-0.01311983	-0.3169003	2.32179	-0.4040215	-0.2726147	2.317905	-0.2972577	0.5834692	2.411592	-0.2895269	0.4349985	2.429589	-0.2804468	0.3635493	2.439453	-0.2515666	0.1445324	2.460431	-0.211406	-0.1542065	2.478413	-0.1113014	0.3215055	2.447821	-0.4514294	0.2851963	2.406091	-0.1330208	-0.1348259	2.449502	-0.2837335	-0.1690672	2.435473	-0.0634563	0.05631091	2.442847	-0.4713639	0.0349113	2.39156	-0.05884969	-0.4461088	2.330292	-0.2325072	-0.5199578	2.416741	-0.1228395	-0.6166432	2.676008	-0.1886463	-0.8831009	2.468891	

-0.06673985	-0.2307831	2.338107	-0.4489477	-0.199203	2.343319	-0.06506506	-0.4098459	2.281507	-0.4209876	-0.3350761	2.308764	-0.02073917	-0.3586244	2.290667	-0.4015017	-0.2928374	2.295437	-0.2982968	0.5845845	2.412959	-0.2902766	0.4357527	2.43029	-0.281052	0.3642214	2.439985	-0.2518432	0.1449583	2.460555	-0.2114428	-0.153977	2.478303	-0.1115425	0.3219745	2.448126	-0.451728	0.2856607	2.406174	-0.1330676	-0.1344599	2.449321	-0.2837551	-0.1689559	2.435428	-0.06338794	0.05649902	2.442814	-0.4715374	0.03470318	2.391434	-0.05893337	-0.4458334	2.330405	-0.2319301	-0.5207003	2.419584	-0.1224524	-0.6142623	2.6772	-0.1886687	-0.882915	2.470018	

-0.06649619	-0.2303351	2.337543	-0.4490194	-0.198784	2.343107	-0.06396311	-0.4095829	2.28006	-0.4222371	-0.33646	2.309236	-0.02253383	-0.3201027	2.305394	-0.4023969	-0.2862536	2.304276	-0.2990766	0.5848938	2.413603	-0.2909525	0.4365039	2.430541	-0.2816597	0.3649387	2.44016	-0.2522702	0.1455563	2.460489	-0.2116474	-0.1535391	2.478005	-0.1119054	0.3224012	2.448181	-0.452055	0.2861396	2.406248	-0.1335014	-0.1335065	2.448911	-0.2838115	-0.1688428	2.435247	-0.06340792	0.05682928	2.44266	-0.4715801	0.03472637	2.391375	-0.05894339	-0.4449211	2.33047	-0.2313897	-0.5212134	2.421993	-0.1230974	-0.6141336	2.676786	-0.1887638	-0.8829707	2.470827	

-0.06603601	-0.2299135	2.336873	-0.449036	-0.1985471	2.34274	-0.06293403	-0.4100237	2.281642	-0.4221236	-0.3359116	2.310531	-0.01909893	-0.3153071	2.305193	-0.4027641	-0.285882	2.302462	-0.3005929	0.5856668	2.414757	-0.2920319	0.4369636	2.430771	-0.2826783	0.3654505	2.440372	-0.2531066	0.1461867	2.460591	-0.2121813	-0.1528576	2.477993	-0.1122524	0.3228645	2.448452	-0.4522753	0.286384	2.406479	-0.1346266	-0.1321674	2.449036	-0.2839454	-0.1686431	2.435198	-0.06336509	0.05706156	2.442618	-0.4717771	0.03484787	2.391271	-0.05937568	-0.4434567	2.330637	-0.2308058	-0.5213777	2.424185	-0.1226529	-0.6118407	2.6775	-0.1886113	-0.8825588	2.472018	

-0.0660339	-0.2297197	2.336557	-0.4507731	-0.1958548	2.341281	-0.06509916	-0.4101821	2.283357	-0.4206097	-0.3346899	2.300035	-0.0207948	-0.325996	2.302902	-0.4026803	-0.2838215	2.296857	-0.3028211	0.5861499	2.416552	-0.2943686	0.4374273	2.431955	-0.2845038	0.3658602	2.441223	-0.2537642	0.1464131	2.46072	-0.2122129	-0.152766	2.477791	-0.1129863	0.3235107	2.448478	-0.45334	0.2864622	2.407158	-0.1346269	-0.1319479	2.448591	-0.2839637	-0.1686423	2.43515	-0.0635239	0.05736944	2.442013	-0.4720141	0.03482928	2.391174	-0.06029426	-0.4434211	2.33006	-0.2304355	-0.5216719	2.425041	-0.1224905	-0.6105261	2.677703	-0.1885509	-0.8824976	2.472403	

-0.0661314	-0.2300666	2.336263	-0.4508203	-0.1963683	2.340801	-0.06603852	-0.4098226	2.280494	-0.4215172	-0.3363245	2.305046	-0.02111507	-0.3245407	2.303123	-0.4034083	-0.2821595	2.300643	-0.3044663	0.5864984	2.417467	-0.2959775	0.4380154	2.43272	-0.2858199	0.3663962	2.44181	-0.2542829	0.1467463	2.460826	-0.2121704	-0.1525874	2.477582	-0.1135626	0.3238348	2.44827	-0.4537584	0.2863842	2.407316	-0.1345489	-0.1316713	2.448213	-0.2839353	-0.1685812	2.435079	-0.06359338	0.0571404	2.441405	-0.4724925	0.03543605	2.391016	-0.06082803	-0.4432824	2.329653	-0.2300413	-0.5218365	2.425702	-0.122346	-0.6099164	2.67763	-0.1885571	-0.8824157	2.472505	

-0.06626359	-0.2299317	2.336174	-0.4515224	-0.1951869	2.33978	-0.06505133	-0.4099091	2.281832	-0.4198363	-0.3350525	2.303492	-0.02117252	-0.3274404	2.301301	-0.4028847	-0.286557	2.298398	-0.3055624	0.5866094	2.41825	-0.297584	0.4380106	2.43331	-0.2871366	0.3664358	2.442277	-0.2547791	0.1468426	2.460921	-0.2121111	-0.1525112	2.477438	-0.11427	0.3241757	2.448071	-0.4544575	0.2861124	2.407262	-0.1345449	-0.1313915	2.447925	-0.2838084	-0.1686424	2.434996	-0.06382693	0.05730924	2.441219	-0.4729099	0.03547877	2.390705	-0.06121138	-0.4431742	2.329674	-0.2296185	-0.522167	2.42628	-0.1223314	-0.6098872	2.67768	-0.1885423	-0.8825858	2.472501	

-0.06639539	-0.2297435	2.336241	-0.4525422	-0.1959168	2.339363	-0.06505138	-0.4100932	2.282883	-0.4269612	-0.336769	2.307608	-0.02154449	-0.3248519	2.303571	-0.4051902	-0.2860296	2.296012	-0.3068993	0.5866634	2.419135	-0.2992513	0.4382808	2.433431	-0.2887711	0.3667505	2.442429	-0.256115	0.1472582	2.461038	-0.2125524	-0.1522022	2.477376	-0.1155816	0.3247375	2.448165	-0.4561738	0.2858409	2.407187	-0.1354766	-0.1306548	2.447845	-0.2839017	-0.1686179	2.434978	-0.06451363	0.05770954	2.440702	-0.4744079	0.03630599	2.390556	-0.06185442	-0.4424244	2.329741	-0.229663	-0.5222712	2.426399	-0.1221737	-0.6113394	2.676854	-0.1886757	-0.8827428	2.472846	

-0.06671341	-0.2300642	2.335785	-0.4545341	-0.1945137	2.338886	-0.06607446	-0.4101064	2.282079	-0.4265218	-0.3353107	2.298262	-0.02300407	-0.3429577	2.297289	-0.4061345	-0.2889883	2.297395	-0.3079468	0.5868168	2.419604	-0.3007516	0.4387611	2.43318	-0.2902397	0.3672039	2.442214	-0.2573746	0.1476241	2.460842	-0.2131139	-0.1520319	2.47713	-0.1166053	0.3250924	2.447637	-0.45734	0.2856555	2.407436	-0.136137	-0.1303569	2.447343	-0.2843046	-0.1686137	2.434944	-0.06517927	0.0575541	2.43979	-0.475641	0.03724992	2.390088	-0.06202132	-0.4421045	2.329567	-0.229816	-0.5223514	2.426272	-0.1223376	-0.6125178	2.675974	-0.188702	-0.8826848	2.472913	

-0.06715168	-0.2308745	2.335169	-0.4559431	-0.1942141	2.337834	-0.06602556	-0.4098694	2.280738	-0.4271414	-0.3353018	2.301318	-0.01433371	-0.3239981	2.317941	-0.4111633	-0.273268	2.303647	-0.3098013	0.5866992	2.419365	-0.3016695	0.4389299	2.433022	-0.2912244	0.3673825	2.442041	-0.2585013	0.1478329	2.460557	-0.2140615	-0.1518425	2.476588	-0.1185833	0.3254885	2.447046	-0.4582117	0.2857216	2.407091	-0.1371719	-0.1301299	2.446587	-0.2850367	-0.1685582	2.434649	-0.06611247	0.05691902	2.438639	-0.4772542	0.03746357	2.389696	-0.06203486	-0.4418516	2.329613	-0.2300911	-0.5227059	2.426094	-0.122343	-0.6126854	2.675822	-0.1887051	-0.8827068	2.472961	

-0.06781391	-0.2307354	2.334493	-0.4566369	-0.1950097	2.337111	-0.06640674	-0.4085069	2.276307	-0.4346788	-0.3357856	2.301074	-0.0120914	-0.330145	2.318462	-0.4128348	-0.2960537	2.289	-0.3120938	0.5870178	2.419555	-0.3044176	0.4394226	2.432315	-0.2937111	0.3678223	2.441424	-0.2602029	0.1481306	2.46011	-0.2146927	-0.1517308	2.476258	-0.1206364	0.3260333	2.446135	-0.4601854	0.285803	2.40704	-0.1376884	-0.1299916	2.446218	-0.285705	-0.1685526	2.434407	-0.06686317	0.05698274	2.4382	-0.4785577	0.03731284	2.389409	-0.06165655	-0.4413702	2.328692	-0.230398	-0.5230871	2.425927	-0.1223608	-0.6131451	2.674386	-0.1888016	-0.8827177	2.473208	

-0.06818553	-0.230927	2.333912	-0.4575496	-0.1959298	2.336463	-0.06492937	-0.4090354	2.276958	-0.4344011	-0.335291	2.295009	-0.01354677	-0.312686	2.324278	-0.4130835	-0.2967707	2.287095	-0.3150437	0.5873101	2.419016	-0.3074439	0.4395658	2.431755	-0.2964775	0.3679716	2.440885	-0.2621623	0.1482896	2.459588	-0.2155287	-0.1516149	2.47573	-0.1225252	0.326564	2.445013	-0.4627683	0.2851377	2.406991	-0.1386229	-0.1296477	2.445301	-0.2864232	-0.1686709	2.434193	-0.06749386	0.05683804	2.437478	-0.4799958	0.03736153	2.388805	-0.06111854	-0.4406027	2.327441	-0.2306518	-0.5234165	2.426163	-0.1218063	-0.6128752	2.672901	-0.188977	-0.8825527	2.473293	

-0.06863377	-0.231226	2.333059	-0.4586391	-0.1968959	2.335905	-0.0659035	-0.4091563	2.276786	-0.4359145	-0.3397145	2.300806	-0.02046798	-0.3147792	2.305925	-0.4132159	-0.2923332	2.291502	-0.3177189	0.5873459	2.418626	-0.3096539	0.4395013	2.430968	-0.2985153	0.3679266	2.440175	-0.2636453	0.148297	2.459055	-0.2161632	-0.1515826	2.475346	-0.1247534	0.3264439	2.443049	-0.4640205	0.2846523	2.406965	-0.1394177	-0.129361	2.44446	-0.2869468	-0.1688641	2.434128	-0.06840305	0.05668832	2.436169	-0.4819914	0.03784025	2.388222	-0.06115485	-0.4402052	2.326851	-0.2308367	-0.5237113	2.426182	-0.1219854	-0.6128902	2.67209	-0.1889971	-0.8825992	2.473333	

-0.06921247	-0.2315778	2.332132	-0.4593303	-0.1983442	2.335035	-0.065921	-0.409227	2.277177	-0.4339269	-0.3384728	2.297408	-0.02324835	-0.3244394	2.304536	-0.4143566	-0.2882842	2.297003	-0.3200019	0.587478	2.418345	-0.3113796	0.4393176	2.430795	-0.3001442	0.3677797	2.439984	-0.2649307	0.1482548	2.458793	-0.2168383	-0.1515334	2.474978	-0.1262944	0.3264191	2.441842	-0.4655275	0.2838261	2.406941	-0.1401684	-0.129118	2.443722	-0.2875467	-0.1690192	2.434069	-0.06898058	0.05634416	2.435219	-0.4829842	0.03759351	2.388179	-0.06052703	-0.4757475	2.309492	-0.2311636	-0.5237745	2.426199	-0.1261694	-0.6008084	2.673258	-0.1890328	-0.8826817	2.473532	

-0.06947917	-0.2319029	2.331662	-0.4598482	-0.1989262	2.335061	-0.06588374	-0.4091046	2.276494	-0.4331064	-0.3399332	2.300072	-0.01993717	-0.3202168	2.308389	-0.4148358	-0.2883508	2.299008	-0.3213497	0.5873079	2.418494	-0.3124227	0.4389687	2.430385	-0.3011385	0.3674728	2.439592	-0.2657455	0.1480707	2.458437	-0.2172951	-0.1515834	2.474627	-0.1270812	0.3264045	2.441127	-0.4666786	0.2833196	2.406611	-0.1406698	-0.1290075	2.443138	-0.2879424	-0.1692452	2.433932	-0.06940484	0.05624081	2.434062	-0.4837301	0.03629119	2.387793	-0.05918615	-0.4717148	2.314412	-0.2313941	-0.5241035	2.426217	-0.1261663	-0.6016879	2.676265	-0.1890932	-0.8825957	2.47348	

-0.0698107	-0.232022	2.331252	-0.4601428	-0.1999095	2.334492	-0.0670348	-0.4092224	2.277958	-0.4319169	-0.3398868	2.298509	-0.02405494	-0.3402549	2.293643	-0.4124203	-0.2895045	2.294806	-0.3233644	0.5870358	2.418256	-0.3132824	0.4386826	2.42976	-0.3019693	0.3672362	2.439016	-0.2664674	0.1479734	2.45798	-0.2177651	-0.1515312	2.47426	-0.1284854	0.3264364	2.439953	-0.4672659	0.2831067	2.406635	-0.1411833	-0.128841	2.442304	-0.2883596	-0.1693127	2.4339	-0.06990749	0.05622792	2.433323	-0.4844989	0.03589678	2.388072	-0.06275297	-0.4391153	2.322551	-0.2311559	-0.5249692	2.426506	-0.1222868	-0.6097376	2.668991	-0.189089	-0.8823232	2.473726	

-0.07020147	-0.232078	2.330742	-0.4604056	-0.1997774	2.334398	-0.06698471	-0.4092395	2.277219	-0.4322984	-0.3405937	2.300095	-0.01602785	-0.3353124	2.313	-0.4130215	-0.307963	2.285937	-0.3248079	0.5868945	2.417928	-0.3155577	0.4386463	2.4294	-0.3040733	0.3671666	2.438667	-0.2680447	0.1478295	2.45765	-0.2185857	-0.1517179	2.473921	-0.1295416	0.326462	2.438699	-0.4680698	0.2830459	2.406912	-0.1419322	-0.1288867	2.441728	-0.289241	-0.1697196	2.433865	-0.07030499	0.05630651	2.432393	-0.4847557	0.03487124	2.388337	-0.06267834	-0.4391533	2.322714	-0.2312565	-0.5251395	2.426631	-0.1224118	-0.6099436	2.669041	-0.1888961	-0.8829033	2.47403	

-0.07051419	-0.232279	2.330241	-0.4606344	-0.2004211	2.334743	-0.06702454	-0.4093425	2.278624	-0.4325355	-0.3407997	2.301523	-0.02267398	-0.3264239	2.304925	-0.4133464	-0.2956616	2.29178	-0.3262207	0.5863773	2.41748	-0.3163104	0.4384651	2.428968	-0.3048033	0.3670179	2.438254	-0.2686831	0.1477746	2.457282	-0.2190125	-0.1516694	2.473575	-0.1303758	0.3267155	2.437802	-0.4687622	0.2832707	2.40714	-0.1423066	-0.1287214	2.441133	-0.2896791	-0.1698026	2.433759	-0.07056504	0.05625124	2.431434	-0.4848986	0.03424605	2.388515	-0.06326734	-0.4393558	2.323333	-0.231133	-0.5257508	2.42743	-0.1227364	-0.6097228	2.669904	-0.1889437	-0.8828479	2.474155	

-0.07070603	-0.2321675	2.329476	-0.4607598	-0.2007469	2.334966	-0.06687051	-0.4088468	2.275082	-0.4332833	-0.3426402	2.302702	-0.01928061	-0.3180512	2.313242	-0.4132012	-0.2970569	2.294069	-0.327094	0.5862465	2.416892	-0.3172063	0.4383688	2.428572	-0.3055422	0.3669314	2.437904	-0.2690245	0.1477182	2.45705	-0.2190315	-0.1517	2.47342	-0.1308364	0.326807	2.436798	-0.4691249	0.28355	2.4073	-0.1423428	-0.1286832	2.440681	-0.2896776	-0.1698714	2.433753	-0.07069027	0.05651226	2.430201	-0.4850489	0.0333377	2.388701	-0.06318831	-0.4394067	2.323338	-0.2308044	-0.5262457	2.428483	-0.1226929	-0.6097473	2.669915	-0.1889877	-0.8826296	2.474319	

-0.07111475	-0.2324963	2.328863	-0.4611062	-0.2004239	2.335453	-0.06690225	-0.4091107	2.276533	-0.4319491	-0.3427016	2.301253	-0.01962129	-0.3265501	2.308641	-0.4119082	-0.2971776	2.29173	-0.3280894	0.5862839	2.416202	-0.3177318	0.4383275	2.428035	-0.3060704	0.3668745	2.437391	-0.2695256	0.1476196	2.456604	-0.2193788	-0.1518382	2.473042	-0.131211	0.3266812	2.436052	-0.4692504	0.2836444	2.407388	-0.1429075	-0.1286937	2.439903	-0.289854	-0.1701041	2.433674	-0.070761	0.05634137	2.429083	-0.4849769	0.03292522	2.388811	-0.06295758	-0.4394244	2.323361	-0.2302822	-0.5267178	2.429331	-0.1222716	-0.6087264	2.670461	-0.1889843	-0.882717	2.474224	

-0.07119854	-0.2324301	2.328577	-0.4612118	-0.2002808	2.336115	-0.0668567	-0.4089207	2.275483	-0.4304557	-0.3429448	2.306576	-0.02162733	-0.3212551	2.30461	-0.4143814	-0.2927496	2.298117	-0.3288898	0.5862431	2.415832	-0.3183638	0.4382588	2.42755	-0.3066244	0.3668263	2.437006	-0.2698545	0.1476187	2.45645	-0.219453	-0.1518165	2.473038	-0.1314934	0.3269348	2.43546	-0.4694438	0.2836276	2.407479	-0.1431742	-0.1284548	2.439871	-0.2898652	-0.1702098	2.433721	-0.07090198	0.05656217	2.428305	-0.4850405	0.03283029	2.388865	-0.06320926	-0.4392266	2.323489	-0.2297313	-0.5276466	2.430125	-0.1219427	-0.6028388	2.673309	-0.1889803	-0.8825711	2.474358	

-0.07132998	-0.2323653	2.328426	-0.4614064	-0.2001361	2.33666	-0.06700069	-0.4094821	2.278608	-0.4273219	-0.3435581	2.304286	-0.02221781	-0.324659	2.301401	-0.4118367	-0.2944958	2.29798	-0.3294593	0.5862752	2.415283	-0.3189904	0.4383219	2.427137	-0.3072191	0.3668874	2.436646	-0.2703233	0.1476753	2.456237	-0.2196733	-0.1517711	2.47297	-0.1315752	0.3271877	2.434612	-0.4698982	0.2836544	2.407824	-0.1434563	-0.1283719	2.439708	-0.2899921	-0.1702227	2.433762	-0.07091744	0.05671623	2.427868	-0.4847912	0.03215834	2.389559	-0.06289267	-0.4391232	2.323836	-0.229175	-0.5283406	2.430718	-0.1218377	-0.603026	2.673491	-0.1889902	-0.8826655	2.474464	

-0.07157162	-0.2323264	2.328198	-0.4614761	-0.1998787	2.336864	-0.06691478	-0.4090608	2.276283	-0.4298441	-0.3435118	2.306076	-0.02190165	-0.3182617	2.303358	-0.4113241	-0.2966576	2.29685	-0.3295933	0.5862411	2.414352	-0.3191575	0.4381282	2.426603	-0.3073708	0.3667051	2.436181	-0.2704166	0.1475323	2.455956	-0.2196704	-0.1518615	2.472855	-0.131667	0.3274102	2.433963	-0.4700516	0.2835791	2.407881	-0.1433939	-0.128428	2.439466	-0.2900086	-0.1704069	2.433756	-0.07084748	0.05686689	2.427278	-0.4844447	0.03167992	2.390092	-0.0503439	-0.4632493	2.321686	-0.2289678	-0.5284977	2.430833	-0.1243802	-0.5945439	2.681784	-0.1890088	-0.8827609	2.474461	

-0.07146698	-0.2319159	2.327937	-0.4609886	-0.2009527	2.338497	-0.06685033	-0.408642	2.273933	-0.4287128	-0.3458094	2.310699	-0.01964489	-0.3332769	2.298406	-0.4111628	-0.2977215	2.30476	-0.3289778	0.5862799	2.413708	-0.3188478	0.4379844	2.426132	-0.3071361	0.3665623	2.435793	-0.2703359	0.1474029	2.45576	-0.2196623	-0.1519758	2.472793	-0.1315317	0.3273501	2.43391	-0.4700339	0.2834289	2.407933	-0.143344	-0.1285228	2.439441	-0.2900284	-0.1705851	2.433687	-0.07070439	0.05728645	2.426994	-0.4841145	0.03126504	2.390865	-0.05039875	-0.4634961	2.321656	-0.2278476	-0.5293857	2.432301	-0.1240006	-0.5932805	2.682372	-0.1889975	-0.8825301	2.475169	

-0.07134766	-0.2320505	2.327991	-0.4607191	-0.2010554	2.33872	-0.06701977	-0.4096257	2.279408	-0.4294854	-0.3433303	2.304383	-0.02427482	-0.3477369	2.291767	-0.4115564	-0.2934157	2.302588	-0.3280682	0.5863864	2.413254	-0.3186197	0.4379138	2.425988	-0.3069084	0.3664677	2.435658	-0.2700915	0.147227	2.455654	-0.2192943	-0.1523165	2.47273	-0.1312863	0.3271193	2.433647	-0.4698392	0.2832869	2.407994	-0.1425955	-0.1291097	2.439384	-0.289862	-0.1707984	2.433682	-0.0705282	0.05721995	2.426825	-0.4840449	0.03130491	2.391052	-0.06161861	-0.440653	2.327305	-0.227397	-0.5297418	2.433123	-0.1223939	-0.5981519	2.679498	-0.1890019	-0.8824079	2.475703	

-0.07137751	-0.2318717	2.328069	-0.460629	-0.2011192	2.338741	-0.06810617	-0.4097975	2.279521	-0.4283179	-0.3428311	2.30454	-0.02031864	-0.3262724	2.305172	-0.4102019	-0.2891972	2.30348	-0.3270184	0.5867453	2.412987	-0.3182511	0.4377364	2.425245	-0.3065729	0.3662855	2.435017	-0.2698405	0.1470439	2.455282	-0.2190786	-0.1524899	2.472594	-0.1309211	0.327317	2.433122	-0.4697798	0.2831579	2.408037	-0.1422375	-0.1294184	2.439106	-0.2897337	-0.1708964	2.433675	-0.07035791	0.05754855	2.426416	-0.4838283	0.03161909	2.391315	-0.05408781	-0.4564738	2.32334	-0.2270446	-0.5295454	2.434158	-0.1236587	-0.5919187	2.682791	-0.1891783	-0.8821244	2.476608	

-0.07123924	-0.2317967	2.327988	-0.460648	-0.200462	2.339309	-0.06809708	-0.4096786	2.278829	-0.4258147	-0.3414972	2.3015	-0.02334912	-0.318198	2.303267	-0.4111926	-0.2939817	2.29866	-0.3263229	0.5867786	2.412808	-0.3179445	0.4377435	2.424684	-0.3062702	0.3662753	2.43452	-0.2695486	0.1469908	2.454966	-0.2187326	-0.1525855	2.472453	-0.1304586	0.3274049	2.432662	-0.4695798	0.2832388	2.408087	-0.141765	-0.1296209	2.43896	-0.2894876	-0.1709275	2.433597	-0.07014187	0.05770377	2.426073	-0.483511	0.03187866	2.39182	-0.0561842	-0.4664952	2.320589	-0.2268627	-0.5296239	2.434516	-0.1239591	-0.5924156	2.683709	-0.1891779	-0.8820642	2.476599	

-0.07097009	-0.2319721	2.328278	-0.4605019	-0.2006152	2.339436	-0.06799054	-0.4106704	2.284644	-0.4285761	-0.3415668	2.302987	-0.02264293	-0.3350421	2.300548	-0.4113752	-0.2945019	2.298311	-0.3249566	0.5871428	2.412054	-0.3166443	0.4381485	2.423911	-0.3050729	0.3666478	2.433918	-0.2685972	0.1472831	2.454792	-0.2178362	-0.1523142	2.472759	-0.1293857	0.3272693	2.431737	-0.4686353	0.2831901	2.40763	-0.1408757	-0.1290312	2.439608	-0.288446	-0.1709393	2.433735	-0.06960944	0.05774683	2.425636	-0.483492	0.03187952	2.391821	-0.06427912	-0.4423407	2.330631	-0.2261845	-0.5299826	2.436441	-0.1216091	-0.6045888	2.681279	-0.1891401	-0.8820486	2.476872	

-0.07095608	-0.2324198	2.328288	-0.4601505	-0.2009171	2.339409	-0.06707346	-0.4102484	2.282894	-0.4309976	-0.3429847	2.302757	-0.0179096	-0.3164337	2.315875	-0.4124318	-0.2889643	2.30531	-0.3229959	0.5870772	2.411138	-0.3155148	0.4380907	2.422957	-0.3038909	0.366641	2.4331	-0.2672048	0.1474239	2.454375	-0.2158729	-0.1519116	2.472966	-0.1284364	0.3270108	2.431027	-0.4675421	0.2829616	2.407518	-0.139387	-0.1283326	2.439962	-0.2858982	-0.1709534	2.433872	-0.06906163	0.05741704	2.425238	-0.4829888	0.03152151	2.391603	-0.06635687	-0.4422507	2.330013	-0.2258167	-0.5292799	2.436658	-0.1222753	-0.600219	2.682761	-0.1890803	-0.8819458	2.476719	

-0.07048493	-0.2326919	2.328946	-0.4577212	-0.2015634	2.340746	-0.06714281	-0.4108886	2.286596	-0.4255365	-0.3434138	2.308864	-0.02449964	-0.3619578	2.293833	-0.4091467	-0.294596	2.300432	-0.3193448	0.5875547	2.41045	-0.3123763	0.4378912	2.421775	-0.3012978	0.3665431	2.432272	-0.265923	0.1475239	2.454323	-0.2154442	-0.1516708	2.473467	-0.1259014	0.3266803	2.431937	-0.465544	0.2833175	2.406561	-0.1388241	-0.1275919	2.441251	-0.2855842	-0.1709744	2.434011	-0.06804428	0.0571209	2.425954	-0.4809211	0.03047906	2.391241	-0.05422703	-0.4591137	2.32823	-0.2257281	-0.5291275	2.43726	-0.123234	-0.5937611	2.688074	-0.1888168	-0.8820991	2.476848	

-0.06984523	-0.232952	2.330768	-0.4552913	-0.202614	2.341287	-0.06693558	-0.4119668	2.292958	-0.4215851	-0.3433557	2.307188	-0.02225013	-0.3425402	2.30719	-0.4023744	-0.2831772	2.305137	-0.3153776	0.587847	2.409936	-0.3090051	0.4379985	2.421399	-0.2981345	0.3666591	2.432026	-0.2635186	0.147678	2.45452	-0.2141086	-0.1514717	2.474187	-0.1236986	0.3266012	2.433034	-0.4634533	0.2840323	2.405791	-0.1375685	-0.127438	2.442299	-0.2842391	-0.170801	2.434431	-0.06712531	0.05707651	2.427035	-0.4791412	0.03059644	2.39018	-0.06184053	-0.4415934	2.33625	-0.2254913	-0.5292647	2.437775	-0.1235611	-0.5980393	2.688741	-0.1888186	-0.8821127	2.476839	

-0.06958122	-0.2331686	2.333626	-0.4541354	-0.2018288	2.34093	-0.06723447	-0.4126342	2.296342	-0.4144913	-0.3420304	2.300993	-0.0205033	-0.3146349	2.318405	-0.4015229	-0.2913093	2.2932	-0.3121922	0.5881041	2.40936	-0.3075092	0.4380929	2.421549	-0.2966346	0.3667606	2.43221	-0.2620946	0.1478136	2.454881	-0.2130181	-0.1512801	2.474882	-0.1222384	0.3265067	2.433728	-0.4618538	0.2846991	2.405632	-0.1367243	-0.1272053	2.443182	-0.2829284	-0.1707066	2.434934	-0.0666061	0.05730086	2.428376	-0.4777146	0.03068163	2.389436	-0.06245046	-0.4418213	2.337738	-0.2254575	-0.5290587	2.437943	-0.1228774	-0.60217	2.688741	-0.1887709	-0.8821207	2.476824	

-0.06909129	-0.2334032	2.335764	-0.453106	-0.2010398	2.339903	-0.06743345	-0.4125579	2.295957	-0.4177258	-0.3413313	2.302403	-0.01582986	-0.3316904	2.326737	-0.3987415	-0.2880532	2.295511	-0.3109396	0.5879846	2.409245	-0.3063385	0.4380862	2.421658	-0.2956169	0.3667475	2.432369	-0.2614841	0.1477947	2.455192	-0.2128114	-0.1512964	2.47552	-0.1206882	0.3263124	2.435189	-0.4607991	0.2848417	2.405235	-0.1365701	-0.1272546	2.444294	-0.2827371	-0.1707254	2.435236	-0.06586837	0.05712648	2.430286	-0.4770243	0.03089924	2.388992	-0.06340621	-0.4421637	2.339072	-0.2253948	-0.5286785	2.438143	-0.1228285	-0.600585	2.691082	-0.1888617	-0.8820236	2.476907	

-0.06888648	-0.233176	2.337142	-0.4520319	-0.2018738	2.339452	-0.06698443	-0.4131294	2.299177	-0.4189548	-0.3412168	2.302656	-0.02263869	-0.3441738	2.314945	-0.4020937	-0.2932988	2.292185	-0.3094555	0.5877845	2.409473	-0.3046146	0.4383203	2.422543	-0.2939542	0.3669265	2.433223	-0.260064	0.1478305	2.456022	-0.211896	-0.1514057	2.476377	-0.1194323	0.3262542	2.437299	-0.460008	0.2850383	2.405197	-0.1352229	-0.1277898	2.445584	-0.2821947	-0.1705888	2.43574	-0.06534503	0.05705877	2.43265	-0.4765335	0.03100232	2.388889	-0.06368852	-0.4429199	2.33977	-0.2254246	-0.5286189	2.438235	-0.122526	-0.6051548	2.690189	-0.188804	-0.8820817	2.477146	

-0.06877876	-0.233301	2.33826	-0.4513954	-0.2020626	2.33942	-0.06753612	-0.4133706	2.300453	-0.4178142	-0.3400728	2.301936	-0.01649472	-0.3282319	2.321903	-0.4036995	-0.2900879	2.298753	-0.3085746	0.587518	2.409623	-0.3031201	0.438493	2.423196	-0.2927157	0.3670299	2.433786	-0.2594821	0.147792	2.456389	-0.2118499	-0.1515249	2.476625	-0.1184983	0.3261272	2.438643	-0.4593443	0.2853234	2.405402	-0.1349848	-0.1282842	2.446004	-0.2822622	-0.1705232	2.435918	-0.06500107	0.05683207	2.434095	-0.4761765	0.03108978	2.388809	-0.0635267	-0.4433403	2.339805	-0.2256119	-0.5283498	2.438393	-0.1227825	-0.6063234	2.68982	-0.1889601	-0.8817707	2.477246	

-0.06868716	-0.2332978	2.339402	-0.4511199	-0.2021256	2.339402	-0.06834618	-0.4134561	2.300161	-0.4197941	-0.3387731	2.307825	-0.02062161	-0.3191432	2.324333	-0.400713	-0.2865179	2.306778	-0.3079465	0.5872952	2.410118	-0.3024515	0.4383597	2.423878	-0.2921871	0.3669431	2.434371	-0.2593067	0.147802	2.45676	-0.2120737	-0.1514203	2.476969	-0.1176425	0.3259731	2.440135	-0.4590386	0.2855005	2.405529	-0.1353919	-0.1281929	2.446532	-0.2823729	-0.1704141	2.436094	-0.06479594	0.05670096	2.435678	-0.475728	0.03162443	2.388941	-0.06366474	-0.4431172	2.339982	-0.2259922	-0.5274758	2.43836	-0.1226833	-0.6072812	2.689501	-0.1889151	-0.8818731	2.477299	

-0.06902677	-0.2331285	2.339963	-0.4507354	-0.2026028	2.339597	-0.06851254	-0.4123639	2.293778	-0.4215058	-0.3376648	2.306396	-0.02688164	-0.3302598	2.311514	-0.403905	-0.2880119	2.29913	-0.3073489	0.5871206	2.410396	-0.3021129	0.438271	2.424331	-0.2918739	0.3668731	2.43479	-0.2591103	0.1477835	2.457093	-0.2120901	-0.1513914	2.477221	-0.1174554	0.3259156	2.441015	-0.4588922	0.2854506	2.405607	-0.1355368	-0.1280743	2.447109	-0.2823538	-0.1704183	2.436138	-0.06490085	0.05675819	2.436601	-0.4755294	0.03160886	2.389004	-0.06371025	-0.4428464	2.339943	-0.2268117	-0.5263008	2.438325	-0.1237903	-0.6056722	2.689896	-0.1889217	-0.882002	2.477249	

-0.06898265	-0.2323948	2.3406	-0.4507242	-0.2025689	2.339653	-0.06856348	-0.412501	2.294547	-0.4224316	-0.3373764	2.304623	-0.02345197	-0.3296306	2.316535	-0.4039046	-0.2905244	2.299415	-0.3065686	0.5872601	2.411335	-0.3016894	0.4383502	2.425584	-0.2914754	0.3669544	2.435972	-0.258844	0.147875	2.458098	-0.2121404	-0.151289	2.478043	-0.1172088	0.3259346	2.442204	-0.4587737	0.2855312	2.405679	-0.1359654	-0.1279019	2.4488	-0.2822579	-0.1703668	2.436368	-0.0649565	0.05731241	2.437846	-0.4754404	0.03171389	2.389053	-0.06532075	-0.4425054	2.339675	-0.227287	-0.5255924	2.438042	-0.1238118	-0.6063859	2.689407	-0.1889213	-0.8819288	2.477444	

-0.06962002	-0.2321434	2.340722	-0.4510395	-0.2024056	2.33978	-0.0684362	-0.4118579	2.290957	-0.4237404	-0.3368015	2.305022	-0.02468375	-0.3329463	2.31474	-0.4045175	-0.2911295	2.301345	-0.3063771	0.587366	2.412351	-0.3015327	0.4384702	2.426439	-0.2914168	0.3670501	2.43661	-0.2589848	0.147924	2.458332	-0.212909	-0.1512416	2.478034	-0.1173624	0.3257827	2.44306	-0.4587637	0.2855951	2.405726	-0.1363979	-0.1280106	2.448872	-0.2834992	-0.1700489	2.436101	-0.0652715	0.05747655	2.438244	-0.4750042	0.03276452	2.389491	-0.06717445	-0.4425428	2.338073	-0.2286165	-0.5258216	2.438732	-0.1241168	-0.6059871	2.688243	-0.1894586	-0.8814314	2.478117	

-0.06977355	-0.2317488	2.340895	-0.4510691	-0.2024268	2.339826	-0.06949092	-0.4114342	2.289483	-0.4276597	-0.336931	2.304187	-0.02713292	-0.3318752	2.310414	-0.4052496	-0.2853309	2.300601	-0.3062333	0.5873456	2.413345	-0.3016442	0.4387471	2.427614	-0.2915502	0.3672803	2.437535	-0.2591858	0.1480431	2.458689	-0.213326	-0.151179	2.478027	-0.1175146	0.3258699	2.443706	-0.4586643	0.2857121	2.405792	-0.1365626	-0.1280888	2.448798	-0.2843217	-0.1697079	2.436161	-0.06543639	0.05773134	2.438882	-0.4750957	0.03280118	2.389414	-0.06706978	-0.4424773	2.337621	-0.2301169	-0.5262198	2.439735	-0.1236116	-0.6072314	2.68726	-0.1900069	-0.8810479	2.479028	

-0.06988149	-0.2314906	2.341272	-0.4522294	-0.2011443	2.339704	-0.06941592	-0.4110373	2.286407	-0.425285	-0.3361206	2.298986	-0.01818022	-0.3145725	2.327778	-0.4049386	-0.2898366	2.299784	-0.3065005	0.5878956	2.414727	-0.3017237	0.4389444	2.428453	-0.2915942	0.3674341	2.438215	-0.2591958	0.1480908	2.458948	-0.2133323	-0.1511841	2.478028	-0.1178017	0.3259429	2.445298	-0.458743	0.2857197	2.405837	-0.1365675	-0.1281445	2.448801	-0.2843309	-0.1696936	2.436148	-0.06561145	0.05785349	2.439708	-0.4757101	0.0335054	2.389213	-0.06780295	-0.4426263	2.337362	-0.2309602	-0.5265794	2.440761	-0.1238194	-0.6073905	2.687075	-0.190169	-0.8809754	2.479105	

-0.07006189	-0.2309137	2.341603	-0.4540182	-0.1995107	2.33915	-0.06836668	-0.4115403	2.289188	-0.4271778	-0.3365455	2.301555	-0.02627666	-0.3176675	2.31592	-0.4068457	-0.2894086	2.295063	-0.3069642	0.5882318	2.416998	-0.302143	0.4389512	2.429161	-0.2919721	0.367447	2.438869	-0.2594948	0.1481123	2.459403	-0.213576	-0.1511783	2.478191	-0.1183138	0.3261972	2.446465	-0.4590384	0.2854423	2.40593	-0.136754	-0.1281588	2.448957	-0.2845599	-0.1696796	2.436252	-0.06589814	0.05825514	2.44062	-0.4760814	0.03467168	2.389015	-0.06779183	-0.4424718	2.336965	-0.2312422	-0.526404	2.441827	-0.1235956	-0.6087718	2.686007	-0.1901009	-0.8814379	2.479437	

-0.07013544	-0.2309561	2.3416	-0.4548174	-0.199577	2.33711	-0.07053789	-0.411552	2.290128	-0.4278521	-0.3350754	2.293366	-0.02046392	-0.325514	2.322258	-0.408741	-0.2852477	2.2896	-0.3078521	0.5884349	2.418027	-0.3024728	0.438979	2.429423	-0.2922384	0.367465	2.439091	-0.2596312	0.1481064	2.459507	-0.2136409	-0.1512073	2.47818	-0.1188229	0.3261542	2.446694	-0.4597295	0.2851957	2.405806	-0.1368071	-0.1282297	2.448893	-0.2846355	-0.1696854	2.436263	-0.06613524	0.05817234	2.440755	-0.4771365	0.03572368	2.38848	-0.06742027	-0.4424821	2.337032	-0.2312551	-0.5264831	2.441941	-0.1237391	-0.6114758	2.684743	-0.1902287	-0.8812198	2.479498	

-0.07028512	-0.2307395	2.34167	-0.4559591	-0.1986548	2.335504	-0.06835979	-0.4112074	2.287342	-0.4265903	-0.3332879	2.292	-0.02618706	-0.3247011	2.310686	-0.4092868	-0.2898828	2.285042	-0.3084314	0.588645	2.418738	-0.303076	0.4392478	2.430029	-0.2928539	0.3677255	2.439604	-0.2603528	0.1483513	2.459746	-0.2148158	-0.1509584	2.477909	-0.1192762	0.3262525	2.447132	-0.4598683	0.28522	2.405864	-0.1389237	-0.1277823	2.448391	-0.2850687	-0.1695979	2.436114	-0.06646882	0.05834397	2.440981	-0.4781268	0.0363095	2.388094	-0.06724058	-0.4416769	2.337069	-0.2313587	-0.5268449	2.442366	-0.124018	-0.6120273	2.684071	-0.1904197	-0.8809679	2.479742	

-0.07093234	-0.2308104	2.340905	-0.4566917	-0.1980853	2.335739	-0.06835111	-0.4111128	2.286829	-0.4295389	-0.3366	2.303418	-0.01603149	-0.3144991	2.3349	-0.4094712	-0.298792	2.293476	-0.3103998	0.5885609	2.419041	-0.304563	0.4396895	2.430377	-0.2944196	0.3681619	2.44001	-0.2622262	0.1487568	2.460279	-0.2171657	-0.1506744	2.478459	-0.12109	0.3264525	2.44667	-0.460601	0.2854898	2.405742	-0.1415729	-0.1275509	2.448958	-0.2868398	-0.1693306	2.436545	-0.06746902	0.05820542	2.440452	-0.4786633	0.03599059	2.387851	-0.06726335	-0.4407607	2.33717	-0.2316049	-0.5269593	2.442341	-0.1241714	-0.6117693	2.683841	-0.1904043	-0.8809893	2.479755	

-0.07077919	-0.230526	2.340062	-0.4571937	-0.1978817	2.335688	-0.06821768	-0.4104355	2.283035	-0.4303992	-0.3369729	2.302065	-0.02547495	-0.3096333	2.31102	-0.4099722	-0.2923435	2.296723	-0.3127442	0.5883263	2.419095	-0.3054072	0.439796	2.430591	-0.2951344	0.3682725	2.440167	-0.2626427	0.1488654	2.460283	-0.2173746	-0.1505742	2.478288	-0.1222053	0.3266173	2.446376	-0.4618509	0.2860033	2.40592	-0.1416326	-0.1275388	2.448794	-0.2872552	-0.1690958	2.436338	-0.06795708	0.058312	2.44021	-0.4793564	0.03566282	2.387335	-0.0679052	-0.4406491	2.336005	-0.2322239	-0.5271803	2.441413	-0.1243144	-0.6122665	2.682464	-0.1904084	-0.8810185	2.479707	

-0.07077923	-0.2300021	2.33798	-0.4579844	-0.197509	2.335363	-0.06918547	-0.4100668	2.281931	-0.4297237	-0.3357115	2.295973	-0.01736455	-0.3188708	2.320228	-0.4097589	-0.2907417	2.291754	-0.3146086	0.5882115	2.418947	-0.3076042	0.439788	2.430477	-0.2969148	0.3682737	2.439988	-0.2634773	0.1488781	2.459955	-0.2175799	-0.1505746	2.477716	-0.1235051	0.3269454	2.445763	-0.4626756	0.2858604	2.405787	-0.1416373	-0.1276103	2.448072	-0.287613	-0.1690469	2.435818	-0.06838903	0.05837359	2.439618	-0.4803185	0.03531735	2.38648	-0.06651913	-0.4401063	2.334033	-0.2324565	-0.5275256	2.440309	-0.1234389	-0.6123657	2.680107	-0.1905075	-0.8809723	2.479463	

-0.07067045	-0.2297947	2.336594	-0.4591013	-0.196514	2.333687	-0.06919229	-0.4094742	2.278582	-0.4331201	-0.3349502	2.290191	-0.01857594	-0.317122	2.318056	-0.4122417	-0.2855533	2.284193	-0.3156678	0.5880641	2.419139	-0.3086761	0.4397837	2.430414	-0.2978524	0.3682607	2.439854	-0.2640626	0.1488404	2.45961	-0.2178248	-0.1506866	2.476879	-0.1243172	0.3269593	2.445364	-0.4637179	0.2852738	2.405334	-0.1416792	-0.1277002	2.446874	-0.2879653	-0.1691907	2.435216	-0.06868986	0.05835177	2.438966	-0.4807587	0.03549459	2.385959	-0.06564664	-0.4399892	2.332855	-0.232149	-0.5278496	2.438948	-0.1232719	-0.6130944	2.678411	-0.1905092	-0.8807671	2.479215	

-0.07077388	-0.2297249	2.335287	-0.4594747	-0.1956394	2.332118	-0.0691243	-0.4091055	2.276533	-0.4311028	-0.3336992	2.284061	-0.0170017	-0.3184814	2.318025	-0.4100434	-0.2934728	2.279222	-0.3166319	0.5882249	2.419157	-0.3092414	0.439887	2.430375	-0.2984066	0.3683502	2.439711	-0.2646357	0.1488916	2.459026	-0.218343	-0.1507602	2.47505	-0.1249864	0.3270608	2.44505	-0.464588	0.2849188	2.40468	-0.1419147	-0.1278236	2.444686	-0.2886594	-0.1692384	2.433686	-0.0692684	0.05833142	2.437955	-0.4812687	0.03561239	2.384655	-0.06520894	-0.4400506	2.331057	-0.231827	-0.5278746	2.436681	-0.1227314	-0.6138851	2.676274	-0.1904833	-0.8807181	2.479184	

-0.07074391	-0.2299544	2.334188	-0.45994	-0.1953017	2.331108	-0.0679199	-0.4084624	2.273763	-0.4318175	-0.3339518	2.283382	-0.01558431	-0.3365811	2.313111	-0.410418	-0.289741	2.283583	-0.3171955	0.5881153	2.419276	-0.309924	0.4397819	2.430568	-0.2990181	0.3682663	2.43977	-0.2651203	0.1488463	2.458708	-0.2187096	-0.1507726	2.473893	-0.1253407	0.3271012	2.445023	-0.4649676	0.2848915	2.404298	-0.1421072	-0.1278342	2.443675	-0.2891712	-0.1692653	2.432389	-0.0695033	0.05790916	2.437457	-0.481597	0.03558864	2.384163	-0.06513721	-0.4401106	2.330507	-0.2322769	-0.5275303	2.433637	-0.1225835	-0.6132269	2.676085	-0.1903178	-0.8809434	2.478942	

-0.07089974	-0.229527	2.333251	-0.4603162	-0.1954941	2.329893	-0.06788016	-0.4084445	2.271984	-0.4305541	-0.3346826	2.285942	-0.01628344	-0.3346712	2.312083	-0.4100534	-0.2911596	2.279009	-0.3177135	0.5879975	2.419279	-0.3106491	0.4397791	2.430506	-0.2997274	0.3682463	2.439624	-0.2657488	0.1487699	2.45827	-0.2191391	-0.1509569	2.473041	-0.1259563	0.3270954	2.444765	-0.4657282	0.2841794	2.403798	-0.142409	-0.127966	2.442964	-0.2896941	-0.1695109	2.431404	-0.07010103	0.05825485	2.436786	-0.4819469	0.03483513	2.383214	-0.06491552	-0.4397941	2.328439	-0.2325417	-0.5278267	2.432526	-0.1223352	-0.6123934	2.674271	-0.1900418	-0.8812214	2.478695	

-0.07114974	-0.2295659	2.332451	-0.4607909	-0.195808	2.32895	-0.0667978	-0.4083872	2.272508	-0.4291916	-0.3378021	2.290662	-0.01921281	-0.3143796	2.31425	-0.4089864	-0.2956051	2.281524	-0.3179896	0.5879197	2.419281	-0.3110773	0.4398269	2.430269	-0.3001982	0.3683075	2.439309	-0.2662987	0.1488786	2.457644	-0.2196279	-0.1507837	2.472012	-0.1264322	0.3269762	2.444312	-0.4665352	0.28372	2.403069	-0.1428711	-0.1277816	2.442146	-0.290156	-0.1693684	2.430159	-0.07044516	0.05812916	2.436255	-0.4831698	0.03531454	2.381857	-0.06535026	-0.4396126	2.327633	-0.2330072	-0.5277082	2.431668	-0.1225887	-0.612581	2.673315	-0.1900825	-0.8811477	2.478566	

-0.07110903	-0.2294006	2.33215	-0.4611461	-0.1961139	2.32778	-0.06910516	-0.4089639	2.275733	-0.4304239	-0.3371247	2.289422	-0.0136634	-0.3365401	2.315875	-0.4098667	-0.2918944	2.284431	-0.3186324	0.5879542	2.419172	-0.3114206	0.4398623	2.43025	-0.3005501	0.3683427	2.439209	-0.2667018	0.1489169	2.457184	-0.2200072	-0.1507548	2.470802	-0.1269366	0.327058	2.444354	-0.466785	0.2836572	2.402907	-0.1430395	-0.1278404	2.440883	-0.2907165	-0.1692567	2.428988	-0.07081664	0.05825304	2.436087	-0.4844041	0.03704684	2.381073	-0.06627753	-0.4400192	2.327055	-0.2333677	-0.5276802	2.431031	-0.1233219	-0.6118948	2.673291	-0.1901097	-0.8811113	2.478461	

-0.07113054	-0.2291073	2.331544	-0.4617176	-0.196101	2.32725	-0.06788854	-0.4083746	2.273276	-0.4310941	-0.3376691	2.289126	-0.02735483	-0.317557	2.298131	-0.4120365	-0.2935244	2.28008	-0.3191622	0.5880326	2.419182	-0.3120979	0.4397341	2.430226	-0.3012001	0.3682361	2.439104	-0.2672453	0.1488676	2.45684	-0.2203788	-0.1507336	2.470203	-0.1274905	0.3271643	2.444183	-0.4677341	0.2834103	2.402632	-0.1432991	-0.1278317	2.440497	-0.2911806	-0.1692245	2.428153	-0.07118307	0.05844039	2.435854	-0.4855344	0.03823594	2.380129	-0.06659181	-0.4399027	2.326156	-0.2343519	-0.5277407	2.429346	-0.1233765	-0.6110114	2.672798	-0.1901621	-0.8812929	2.478581	

-0.07136232	-0.2291384	2.330938	-0.4624248	-0.1963873	2.326747	-0.06790614	-0.408407	2.273446	-0.4323007	-0.3376424	2.288253	-0.02314074	-0.3380981	2.29225	-0.4120786	-0.3010989	2.274824	-0.3198273	0.5880836	2.419081	-0.3130308	0.4397708	2.4302	-0.3020488	0.3682704	2.438993	-0.2678295	0.148894	2.456512	-0.2206614	-0.1507192	2.46969	-0.1283341	0.3272468	2.443998	-0.4680062	0.2833714	2.402504	-0.143557	-0.1277772	2.439694	-0.2914493	-0.1692405	2.427866	-0.07159852	0.05834559	2.435484	-0.4864048	0.03881681	2.379839	-0.06639685	-0.439765	2.32544	-0.2349986	-0.5283812	2.428163	-0.123373	-0.6103581	2.672298	-0.1901636	-0.8813	2.478578	

-0.07144599	-0.2289452	2.330498	-0.4631446	-0.1977136	2.325767	-0.06685068	-0.4088038	2.274858	-0.4320668	-0.3382547	2.290914	-0.01588074	-0.3165599	2.313933	-0.4148337	-0.2879443	2.280129	-0.3204095	0.588124	2.419206	-0.3138505	0.4397373	2.430179	-0.3028331	0.3682287	2.438886	-0.2684801	0.1488257	2.456149	-0.2211081	-0.1508356	2.46904	-0.129	0.3271615	2.443604	-0.4682606	0.2832377	2.402384	-0.1439755	-0.1279018	2.43882	-0.2918852	-0.1693489	2.427426	-0.07205762	0.05854987	2.43505	-0.4870225	0.03946143	2.37961	-0.06639753	-0.4399554	2.325254	-0.2352643	-0.5287827	2.427742	-0.1238086	-0.6121165	2.671294	-0.1902705	-0.8813727	2.477818	

-0.07142688	-0.2287414	2.329993	-0.4637674	-0.196935	2.325443	-0.06679744	-0.4082249	2.271609	-0.4348163	-0.3376468	2.290696	-0.02584236	-0.3297905	2.294968	-0.4154344	-0.2853873	2.286842	-0.3212581	0.5882006	2.419213	-0.3146005	0.4398614	2.430161	-0.3035407	0.3683498	2.438828	-0.2690015	0.148932	2.455985	-0.2213603	-0.1507568	2.468851	-0.1296333	0.3274087	2.443507	-0.468609	0.283122	2.402261	-0.1442365	-0.1277526	2.43855	-0.2921154	-0.1693313	2.427315	-0.0723184	0.05867293	2.434829	-0.4880249	0.04013434	2.379381	-0.06601783	-0.4395637	2.324597	-0.2355843	-0.5288809	2.427628	-0.1235106	-0.6125138	2.670246	-0.1902385	-0.8814377	2.477755	

-0.07195131	-0.2284993	2.329171	-0.4646216	-0.1960708	2.32514	-0.06675136	-0.4079713	2.270209	-0.433988	-0.3365059	2.286257	-0.02386075	-0.3094546	2.302756	-0.4153983	-0.2983732	2.271267	-0.3223326	0.5882009	2.419361	-0.315385	0.4399126	2.429894	-0.3042431	0.3683955	2.438551	-0.2694353	0.1489611	2.45569	-0.2214845	-0.1507464	2.468614	-0.1301893	0.327509	2.443205	-0.4700181	0.2825661	2.402035	-0.1443609	-0.1277065	2.438227	-0.2922245	-0.1693506	2.427166	-0.07286256	0.05890062	2.434087	-0.4882517	0.03988321	2.379278	-0.06614184	-0.4395427	2.324371	-0.2355878	-0.5295532	2.427949	-0.1235293	-0.612677	2.669947	-0.190255	-0.8814608	2.477769	

-0.07200023	-0.2284292	2.328812	-0.4650005	-0.1962256	2.324988	-0.06789732	-0.4085091	2.272317	-0.4340479	-0.3383961	2.28749	-0.01630391	-0.3246667	2.3144	-0.4152984	-0.2895101	2.279881	-0.3235792	0.5880443	2.419345	-0.3161761	0.4400852	2.430164	-0.3050416	0.3685392	2.438765	-0.2701979	0.1490188	2.455733	-0.2221178	-0.1507945	2.468507	-0.1307835	0.3276781	2.443156	-0.4706762	0.2824612	2.402135	-0.1450511	-0.1277477	2.437937	-0.2928157	-0.1694119	2.427237	-0.07304333	0.05896771	2.43377	-0.4886167	0.04005351	2.37955	-0.06627685	-0.439525	2.324389	-0.2356916	-0.5300024	2.428447	-0.1238731	-0.6130037	2.669765	-0.190401	-0.8813859	2.477941	

-0.07210558	-0.2285284	2.328362	-0.4650691	-0.1962616	2.325125	-0.06673215	-0.4080223	2.270509	-0.4350154	-0.3391433	2.292543	-0.02544891	-0.3106067	2.302648	-0.4143747	-0.2932286	2.280705	-0.3253523	0.5881194	2.419504	-0.3167883	0.4401586	2.430149	-0.3056927	0.3685941	2.438751	-0.2709118	0.1490098	2.455713	-0.2228061	-0.1508949	2.468523	-0.1315388	0.3278697	2.442558	-0.4709123	0.2822842	2.402195	-0.1456924	-0.1278244	2.437814	-0.2935501	-0.169545	2.427426	-0.07330725	0.05893642	2.433149	-0.4888568	0.03996972	2.380005	-0.06629157	-0.4394606	2.324312	-0.2355839	-0.5303799	2.429192	-0.1238281	-0.6137122	2.669322	-0.1902531	-0.8815167	2.477836	

-0.07211284	-0.2298791	2.327808	-0.4620717	-0.2003129	2.332799	-0.06682289	-0.4087064	2.274284	-0.4298187	-0.3435292	2.307456	-0.02046732	-0.3218406	2.307291	-0.4113622	-0.3080904	2.2972	-0.3271482	0.5879687	2.420647	-0.3168712	0.4399926	2.430479	-0.3057423	0.3684321	2.43904	-0.2708654	0.1488566	2.455902	-0.2225792	-0.151097	2.468675	-0.1314846	0.3275539	2.441859	-0.4704772	0.2816047	2.405392	-0.1455887	-0.1278989	2.437845	-0.2931317	-0.1699534	2.427813	-0.07246359	0.05774532	2.432101	-0.4865892	0.03647178	2.384948	-0.06600992	-0.4394392	2.32413	-0.2343164	-0.5303874	2.431093	-0.123348	-0.6133685	2.669329	-0.1902372	-0.8812568	2.477873	

-0.07213137	-0.2293178	2.328494	-0.4625942	-0.1966349	2.332935	-0.06988914	-0.4084581	2.276052	-0.4385463	-0.3286046	2.295534	-0.02629437	-0.3336465	2.294487	-0.4180383	-0.2796455	2.297913	-0.3226929	0.5918527	2.437178	-0.3137149	0.4440895	2.440425	-0.3034186	0.3717317	2.446741	-0.2702648	0.1502615	2.458578	-0.2226712	-0.150943	2.468722	-0.1295184	0.3283373	2.443985	-0.4686842	0.2842015	2.409673	-0.1459455	-0.1277184	2.437868	-0.2930605	-0.1697414	2.427905	-0.07173806	0.0583883	2.432542	-0.4860563	0.03689023	2.386057	-0.06603521	-0.4391605	2.324068	-0.2335797	-0.5299322	2.433612	-0.1233831	-0.6127769	2.669417	-0.1902902	-0.8810207	2.478307	

-0.07187966	-0.22848	2.330309	-0.4637235	-0.1951954	2.334251	-0.07011773	-0.4090998	2.276495	-0.4413963	-0.3248116	2.305164	-0.02453073	-0.3298426	2.30417	-0.4213577	-0.2815615	2.2961	-0.3173645	0.5928167	2.45072	-0.3089869	0.446342	2.450258	-0.2990538	0.3740365	2.455199	-0.2674578	0.1521932	2.462495	-0.2217363	-0.1500303	2.468596	-0.1248188	0.3290612	2.449447	-0.4649339	0.286868	2.412594	-0.145247	-0.1271968	2.437865	-0.2918405	-0.1683477	2.427602	-0.0701763	0.05913664	2.434612	-0.4842972	0.03648872	2.388413	-0.06645505	-0.4388616	2.323822	-0.2333549	-0.5302805	2.434524	-0.1225497	-0.6124988	2.669358	-0.1903511	-0.8809301	2.478416	

-0.07199427	-0.2279211	2.33106	-0.464916	-0.1939614	2.336277	-0.07106833	-0.4086685	2.274983	-0.4420316	-0.3243725	2.304004	-0.02725531	-0.3197342	2.300466	-0.4223236	-0.2817445	2.30305	-0.3155192	0.5931766	2.453849	-0.3067389	0.4481408	2.455371	-0.2969578	0.375867	2.459817	-0.2659733	0.1539282	2.465171	-0.2212979	-0.1489934	2.468461	-0.1225416	0.3296168	2.451725	-0.4634013	0.2879102	2.4134	-0.1448688	-0.1267074	2.437937	-0.2913626	-0.1665643	2.42713	-0.06957275	0.05963244	2.435542	-0.4827914	0.03693104	2.389947	-0.06658699	-0.4384985	2.323877	-0.2333258	-0.5305312	2.435181	-0.1228751	-0.611935	2.669481	-0.190377	-0.8801672	2.479296	

-0.07222714	-0.2268011	2.33233	-0.4657887	-0.194637	2.338772	-0.07129454	-0.4037918	2.280726	-0.4434192	-0.3262781	2.312569	-0.02037045	-0.3067014	2.322824	-0.4224688	-0.2812925	2.30725	-0.3135963	0.5934421	2.457351	-0.3045431	0.4497294	2.459789	-0.2948757	0.3773954	2.463898	-0.2643334	0.155258	2.467918	-0.220759	-0.148364	2.46863	-0.1198561	0.3308186	2.455632	-0.4615763	0.2895076	2.414598	-0.1442052	-0.1263714	2.43844	-0.2908531	-0.1655423	2.426983	-0.06858066	0.06058136	2.437294	-0.4823689	0.03626544	2.390842	-0.06710491	-0.4383122	2.323815	-0.2335857	-0.5305176	2.43571	-0.1229985	-0.6117063	2.6695	-0.1903131	-0.8800834	2.479102	

-0.07260211	-0.225607	2.333388	-0.4665937	-0.1907346	2.344877	-0.0701578	-0.4029748	2.27694	-0.4445852	-0.3196072	2.319231	-0.01845556	-0.350475	2.319	-0.4217046	-0.2758414	2.310923	-0.3099328	0.5945941	2.464448	-0.3038464	0.4512733	2.463616	-0.2942949	0.3788391	2.467275	-0.264057	0.1564116	2.469906	-0.2208417	-0.147768	2.468661	-0.1190118	0.331192	2.457323	-0.4593465	0.2938485	2.415849	-0.1442011	-0.1262368	2.438703	-0.2911456	-0.1639789	2.426497	-0.06853412	0.06165798	2.438697	-0.4818307	0.03669345	2.392521	-0.06875512	-0.4383836	2.323314	-0.2349264	-0.5296168	2.437525	-0.1240482	-0.6115136	2.669217	-0.1903204	-0.8800683	2.479085	

-0.07292538	-0.2250407	2.333473	-0.4664868	-0.1895976	2.347883	-0.07216032	-0.4031326	2.277842	-0.443382	-0.3210933	2.323955	-0.02987393	-0.3380399	2.297645	-0.4218508	-0.2729588	2.320143	-0.3088891	0.5945798	2.46732	-0.3030667	0.45195	2.466374	-0.2935311	0.3796207	2.469789	-0.2633651	0.157483	2.471614	-0.2204362	-0.1464861	2.468723	-0.1185773	0.331672	2.459013	-0.4587258	0.2951311	2.416317	-0.1437649	-0.1253002	2.439048	-0.2908007	-0.1625906	2.426302	-0.0686564	0.06206022	2.43927	-0.4813952	0.03641687	2.394248	-0.06937785	-0.4375256	2.322927	-0.2358753	-0.5298908	2.438218	-0.1248805	-0.6084105	2.669875	-0.1904669	-0.879968	2.47904	

-0.07488454	-0.2243542	2.332896	-0.4667601	-0.1885176	2.35043	-0.07413057	-0.4020522	2.272622	-0.4438581	-0.3218825	2.326745	-0.02602299	-0.3153663	2.31285	-0.4227283	-0.271808	2.319	-0.3095497	0.5950114	2.469007	-0.3040151	0.4530576	2.467683	-0.2942503	0.3806387	2.471084	-0.2634948	0.1583222	2.472819	-0.2201227	-0.145926	2.469101	-0.1185662	0.331727	2.459237	-0.4589361	0.2957891	2.416589	-0.1434876	-0.1246781	2.439909	-0.2904485	-0.1621544	2.426393	-0.06914112	0.06254843	2.439211	-0.4815144	0.03700435	2.396076	-0.06991509	-0.4368736	2.322888	-0.236291	-0.5299999	2.43863	-0.125795	-0.6054361	2.670875	-0.1905629	-0.8798807	2.480058	

-0.07401585	-0.2230644	2.331644	-0.4671553	-0.1880888	2.352591	-0.07231061	-0.4011284	2.269708	-0.4423285	-0.3219692	2.326164	-0.01988572	-0.300401	2.319444	-0.4218131	-0.2788334	2.315703	-0.3122742	0.5952741	2.468365	-0.3057994	0.4539697	2.467179	-0.2957257	0.3814488	2.470851	-0.2643031	0.1589386	2.4731	-0.2204366	-0.145391	2.469435	-0.1197604	0.3333462	2.458667	-0.4591059	0.295943	2.41659	-0.1437381	-0.1243317	2.440037	-0.2907935	-0.161537	2.427013	-0.06914765	0.06364637	2.438597	-0.482014	0.03756827	2.397992	-0.06963096	-0.4361645	2.322033	-0.2361687	-0.5293593	2.437121	-0.1260515	-0.6056796	2.669491	-0.1911191	-0.8793024	2.480342	

-0.07364622	-0.2217521	2.330121	-0.4662809	-0.1896302	2.355844	-0.07205338	-0.4002151	2.267131	-0.4443036	-0.325891	2.332066	-0.01692142	-0.3047649	2.301741	-0.4216363	-0.2816744	2.319555	-0.3159143	0.5953205	2.466053	-0.3077424	0.4541074	2.465918	-0.2969818	0.3816145	2.470123	-0.2644075	0.1590468	2.473119	-0.219612	-0.1448447	2.46999	-0.1208313	0.3345796	2.457432	-0.4591474	0.2958914	2.4165	-0.1432065	-0.1237937	2.440387	-0.2896174	-0.1611324	2.42785	-0.06901303	0.06487276	2.43736	-0.4819558	0.03741361	2.398635	-0.06883213	-0.4351337	2.320672	-0.2353989	-0.5289528	2.435964	-0.1258816	-0.6049383	2.667898	-0.1915021	-0.8790324	2.479892	

-0.07240378	-0.2219119	2.326847	-0.4626517	-0.1934098	2.358866	-0.071982	-0.3999656	2.262589	-0.4348838	-0.3336507	2.335435	-0.01630831	-0.3122936	2.307448	-0.4159934	-0.2616037	2.345867	-0.3159104	0.5941833	2.461175	-0.3067777	0.4529677	2.462547	-0.295981	0.380673	2.467428	-0.2631064	0.158568	2.472018	-0.2170242	-0.1450776	2.46965	-0.1203559	0.3341791	2.454144	-0.4589567	0.295341	2.415207	-0.1406527	-0.123782	2.440156	-0.2870312	-0.1617402	2.4274	-0.06735582	0.06472475	2.434042	-0.4806426	0.03644716	2.399189	-0.06897269	-0.4348015	2.316958	-0.2311906	-0.5264837	2.42872	-0.1243228	-0.6050945	2.664215	-0.1899916	-0.8800179	2.476005	

-0.07140623	-0.2228947	2.324347	-0.4608788	-0.1958199	2.360921	-0.07083748	-0.4012021	2.266083	-0.4292152	-0.333232	2.330828	-0.02869649	-0.3390706	2.279817	-0.4118663	-0.277545	2.324938	-0.3142944	0.5917608	2.452498	-0.3055604	0.4505726	2.45636	-0.2948343	0.3785994	2.462304	-0.2619893	0.1574578	2.469869	-0.2160649	-0.1454824	2.46929	-0.1189524	0.3328293	2.449145	-0.4587061	0.2948167	2.413013	-0.1398474	-0.1242169	2.439836	-0.2859287	-0.1621658	2.426999	-0.06624945	0.06379894	2.431367	-0.4793389	0.03511613	2.399286	-0.06776307	-0.4346648	2.314911	-0.2303089	-0.5242462	2.420478	-0.1231219	-0.6059774	2.661684	-0.1890486	-0.880358	2.473259	

0.01819376	-0.1725403	2.439227	-0.4595528	-0.1994491	2.35914	0.01391335	-0.3019263	2.4123	-0.4254301	-0.3415784	2.330916	0.03509845	-0.2239691	2.428417	-0.4111061	-0.2749865	2.322294	-0.3061728	0.5782794	2.416179	-0.2977023	0.4357028	2.426629	-0.2884556	0.3651996	2.438219	-0.2587043	0.1486462	2.460052	-0.2150971	-0.14984	2.46918	-0.1145458	0.324313	2.435295	-0.4552443	0.2865948	2.397797	-0.1375925	-0.1309472	2.438818	-0.2858336	-0.1648734	2.427471	-0.02964235	0.05378849	2.475333	-0.4778342	0.0315384	2.397716	-0.06829532	-0.4415681	2.312728	-0.2490898	-0.5127946	2.375752	-0.124207	-0.6142019	2.658764	-0.1900541	-0.8795629	2.467716	

0.01813276	-0.1726515	2.439227	-0.4596962	-0.2044298	2.358379	0.01290341	-0.3099109	2.415142	-0.4297029	-0.3511542	2.327263	0.03351017	-0.2343682	2.423687	-0.4116325	-0.2983012	2.317304	-0.3056913	0.5752677	2.412784	-0.2965404	0.4313071	2.421415	-0.2872374	0.3601754	2.432477	-0.2576769	0.1424974	2.455109	-0.2151215	-0.1550307	2.469416	-0.1134176	0.31743	2.425652	-0.4553744	0.2824275	2.393538	-0.136941	-0.1375168	2.438489	-0.2865178	-0.1686162	2.428248	-0.02794895	0.04857792	2.472317	-0.4768711	0.02431891	2.395448	-0.0683369	-0.4478002	2.31106	-0.2503151	-0.5131945	2.374132	-0.1244217	-0.6208184	2.656868	-0.191284	-0.8793742	2.46197	

0.01713995	-0.2140304	2.435652	-0.4602776	-0.236639	2.353774	0.01261271	-0.3428435	2.421642	-0.4326552	-0.3826582	2.320964	0.03618623	-0.2501787	2.427111	-0.4126241	-0.3325752	2.3164	-0.30516	0.5351486	2.375824	-0.2924079	0.390711	2.387289	-0.2837038	0.3191135	2.401657	-0.2561656	0.1032934	2.437402	-0.216895	-0.1934497	2.471174	-0.1114434	0.2797886	2.396981	-0.4517269	0.2393404	2.365951	-0.1368778	-0.1778076	2.439019	-0.2903906	-0.2034131	2.431559	-0.02442584	0.02178203	2.462227	-0.4770821	-0.01483807	2.385265	-0.06701128	-0.4872012	2.311714	-0.2622212	-0.5271882	2.344689	-0.1233665	-0.6600362	2.657473	-0.1936858	-0.8792363	2.453022	

0.02482803	-0.2544165	2.433716	-0.4595128	-0.2926189	2.34884	0.01507301	-0.3846501	2.428009	-0.4346064	-0.4353949	2.327794	0.0391945	-0.2937827	2.421467	-0.4147138	-0.3734561	2.317421	-0.3046428	0.4878635	2.342973	-0.2945169	0.3413092	2.358137	-0.284382	0.270526	2.377099	-0.2523339	0.05417008	2.424992	-0.2079136	-0.2394779	2.478403	-0.1100986	0.231307	2.370741	-0.4493305	0.1908407	2.346504	-0.1271184	-0.2202253	2.44502	-0.2827492	-0.2520485	2.440363	-0.01876291	-0.03566811	2.447229	-0.4759001	-0.06626926	2.372316	-0.06810081	-0.5302211	2.314835	-0.249796	-0.5661356	2.313062	-0.1245121	-0.7031158	2.660459	-0.1891365	-0.8893044	2.442055	

0.03563459	-0.308308	2.431891	-0.458271	-0.3465998	2.346821	0.0059936	-0.4322036	2.414965	-0.42902	-0.4947884	2.327521	0.04046305	-0.3762632	2.419555	-0.4234975	-0.3837869	2.3426	-0.3071102	0.42852	2.306273	-0.2961823	0.2769042	2.313377	-0.2865324	0.207281	2.339242	-0.2558496	-0.005784586	2.407604	-0.2128704	-0.2955727	2.488886	-0.1144512	0.1724573	2.33373	-0.4427582	0.1299806	2.311433	-0.1306626	-0.2782777	2.454837	-0.2889618	-0.3043937	2.451602	-0.01520171	-0.09185816	2.430116	-0.4769173	-0.124432	2.360555	-0.07030176	-0.5863401	2.322191	-0.2450272	-0.6017719	2.283044	-0.106476	-0.8051792	2.644304	-0.1901344	-0.8876007	2.431805	

0.03523762	-0.3182133	2.430608	-0.4572921	-0.3570742	2.345189	0.006694984	-0.443081	2.411318	-0.4274411	-0.5122567	2.324226	0.04097672	-0.3872639	2.417292	-0.4128568	-0.4642107	2.315423	-0.3079793	0.4170574	2.298151	-0.2979502	0.2661256	2.304027	-0.287689	0.197175	2.331627	-0.2555231	-0.01425897	2.404089	-0.2109286	-0.3032861	2.489198	-0.1148999	0.1615931	2.326863	-0.4418662	0.1200619	2.307887	-0.1287101	-0.2855959	2.454852	-0.2870876	-0.312304	2.452243	-0.01672288	-0.1023927	2.424697	-0.4777507	-0.1352475	2.356825	-0.07345086	-0.5949403	2.323887	-0.2440224	-0.6072297	2.278232	-0.1094454	-0.813667	2.646063	-0.1893136	-0.8874961	2.430255	

0.0309731	-0.3676031	2.421503	-0.4555661	-0.4225326	2.331079	0.01840221	-0.4831583	2.426028	-0.4294763	-0.5783423	2.326583	0.04524927	-0.388461	2.419444	-0.4128212	-0.498707	2.317188	-0.3152384	0.3503789	2.251043	-0.3024037	0.1975521	2.256879	-0.2897259	0.1293268	2.289327	-0.2497313	-0.07912649	2.377328	-0.1940879	-0.3620393	2.484705	-0.1230703	0.0970194	2.284985	-0.4401841	0.0554602	2.274368	-0.113086	-0.3403394	2.448675	-0.2695138	-0.3733713	2.449609	-0.01527572	-0.1521034	2.403641	-0.4767293	-0.1945075	2.335082	-0.1020529	-0.6515498	2.31241	-0.2061395	-0.6503024	2.249427	-0.121491	-0.8572642	2.643922	-0.1837708	-0.8991963	2.420936	

0.02749055	-0.2588796	2.364927	-0.4749444	-0.2872097	2.264783	0.01233827	-0.3337084	2.320037	-0.4436827	-0.437483	2.226992	0.04525137	-0.2981689	2.346143	-0.4245913	-0.4379162	2.2075	-0.2987137	0.4837356	2.255894	-0.2947985	0.3386301	2.26822	-0.2860879	0.2688978	2.298648	-0.2582307	0.05518039	2.380799	-0.2190478	-0.2357542	2.480568	-0.1112879	0.2443087	2.308193	-0.4305039	0.1840198	2.254711	-0.1427755	-0.2198428	2.455652	-0.2890144	-0.2448727	2.433998	-0.006103286	-0.01840186	2.40462	-0.4808834	-0.06426238	2.278495	-0.04549635	-0.4551969	2.209426	-0.2375749	-0.5523462	2.2919	-0.07091372	-0.6907562	2.521519	-0.1833748	-0.898729	2.421002	

0.04040372	-0.1703511	2.364549	-0.4674859	-0.2322073	2.254668	0.02952222	-0.25171	2.336095	-0.4436473	-0.3553248	2.203965	0.05262182	-0.2036337	2.347533	-0.4245837	-0.3544676	2.175	-0.2954713	0.5445589	2.259215	-0.2879933	0.4044428	2.271891	-0.2785419	0.3335952	2.301941	-0.2484767	0.1161834	2.383076	-0.2063413	-0.1801473	2.481584	-0.1074616	0.3137055	2.315826	-0.4309886	0.2600922	2.250635	-0.1241489	-0.1703395	2.451988	-0.2825731	-0.1847528	2.43952	-0.0005825923	0.04758315	2.404076	-0.4843602	-0.009628641	2.276542	-0.01047137	-0.3404961	2.156568	-0.2329312	-0.4928192	2.29558	-0.07259858	-0.5955924	2.449246	-0.1847029	-0.8831314	2.375849	

0.03985249	-0.04949969	2.357246	-0.460725	-0.08120648	2.247391	0.02787359	-0.1400454	2.31329	-0.4299246	-0.2017354	2.205976	0.04995691	-0.1024807	2.335842	-0.4153298	-0.1600485	2.206824	-0.2827345	0.6678041	2.248043	-0.28566	0.5352682	2.27126	-0.2806984	0.4623931	2.294135	-0.2643625	0.2381943	2.354019	-0.2408575	-0.06835991	2.424466	-0.1051869	0.4542077	2.319231	-0.4336342	0.410154	2.2521	-0.1734875	-0.06874424	2.399703	-0.3011155	-0.06595413	2.377542	0.006074757	0.1895383	2.409452	-0.4845819	0.1440113	2.280385	0.04788986	-0.2194848	2.165494	-0.2193424	-0.4185183	2.366209	-0.1500912	-0.4591898	2.413347	-0.1961315	-0.8197924	2.401329	

0.04142339	0.04589243	2.363106	-0.4547755	0.03881252	2.264999	0.035921	-0.04806832	2.354167	-0.4188398	-0.1068751	2.245553	0.06645101	0.01900427	2.358923	-0.3993234	-0.05638308	2.22825	-0.275079	0.7711946	2.222147	-0.2833357	0.647267	2.266686	-0.2711414	0.5818	2.290634	-0.2328232	0.3797445	2.35406	-0.1795576	0.1026985	2.42986	-0.1008657	0.5682436	2.308926	-0.4295039	0.5194001	2.263386	-0.09911176	0.1212031	2.403372	-0.2547055	0.08115469	2.384505	0.005678697	0.3138883	2.396155	-0.4830331	0.2822856	2.288025	-0.03492825	-0.1796352	2.23634	-0.2401338	-0.2377017	2.251062	-0.1651851	-0.2828562	2.591488	-0.1678314	-0.6037707	2.396973	

0.05236818	-0.05914923	2.347475	-0.4180375	-0.102783	2.265048	0.04829241	-0.2008895	2.314286	-0.3923985	-0.2441282	2.271544	0.06897388	-0.1186215	2.328684	-0.3686455	-0.1900689	2.24805	-0.218997	0.6580154	2.2622	-0.2336935	0.5222118	2.287117	-0.2230112	0.4536559	2.302695	-0.1895015	0.242648	2.340681	-0.1429542	-0.04621732	2.382051	-0.05090814	0.4195006	2.327229	-0.3944339	0.3916861	2.25819	-0.06039594	-0.02642665	2.359828	-0.2212159	-0.06461697	2.332302	0.02561598	0.1630502	2.374883	-0.4315813	0.1245042	2.276647	-0.02118849	-0.3350834	2.207014	-0.1847285	-0.4730943	2.282013	-0.1606815	-0.3830112	2.491678	-0.1311333	-0.8633251	2.316069	

0.06716274	-0.2849168	2.328896	-0.3953796	-0.3058797	2.231689	0.05557332	-0.4253758	2.292197	-0.3830131	-0.4461345	2.211308	0.07144878	-0.3448425	2.306467	-0.3583792	-0.4065799	2.197474	-0.1868591	0.4703518	2.276144	-0.2002275	0.322067	2.290031	-0.1955795	0.2514681	2.306261	-0.1805536	0.03506684	2.345722	-0.1592222	-0.2599846	2.388375	-0.0256338	0.2045708	2.323965	-0.3640583	0.1966465	2.26081	-0.07726026	-0.2467627	2.366246	-0.2364344	-0.2654229	2.338977	0.03642985	-0.06523917	2.363232	-0.4024007	-0.08343058	2.257212	-0.004552919	-0.5306549	2.1796	-0.1508057	-0.5625709	2.188904	-0.1047466	-0.4234412	2.5649	-0.1073417	-0.9319019	2.331578	

0.0638266	-0.3059647	2.333509	-0.383792	-0.32062	2.246511	0.04548767	-0.4562632	2.292202	-0.3595241	-0.468851	2.235547	0.0729688	-0.3734292	2.319938	-0.3186785	-0.3367912	2.242375	-0.1627195	0.4508751	2.277161	-0.1842965	0.3061405	2.290118	-0.1825165	0.2355793	2.306395	-0.1745364	0.01852947	2.345942	-0.161572	-0.2805623	2.388669	-0.007353518	0.1799553	2.320981	-0.3487056	0.1797869	2.262201	-0.07890764	-0.2759886	2.365083	-0.2390796	-0.2785379	2.340303	0.04432048	-0.08502719	2.367048	-0.3974582	-0.09108251	2.264793	-0.01638471	-0.5644568	2.183779	-0.1076091	-0.5561532	2.183064	-0.05178862	-0.8236397	2.475957	-0.1166376	-0.9040717	2.351292	

0.0630189	-0.3041982	2.332955	-0.382767	-0.3175057	2.24723	0.04855375	-0.448446	2.303328	-0.3597127	-0.4503416	2.233954	0.07691964	-0.387187	2.3194	-0.3343055	-0.4105266	2.2101	-0.159483	0.4543141	2.279047	-0.1817137	0.3087018	2.291178	-0.1794189	0.2383303	2.3094	-0.1694911	0.02269799	2.360883	-0.1552895	-0.2716678	2.436911	-0.004609041	0.1835724	2.323157	-0.3461888	0.1819517	2.262371	-0.07371223	-0.2612867	2.414163	-0.2323342	-0.2740062	2.388168	0.04612074	-0.08313719	2.367513	-0.3959085	-0.08913625	2.266256	-0.01173115	-0.5298264	2.197892	-0.106732	-0.5431541	2.191656	-0.05184028	-0.8075981	2.472972	-0.1153147	-0.9051058	2.35006	

0.06158158	-0.3059379	2.337201	-0.3810847	-0.3098409	2.242244	0.05423049	-0.4269595	2.316283	-0.3574992	-0.4277133	2.219846	0.07982738	-0.3578317	2.326334	-0.332554	-0.3799993	2.199913	-0.1516731	0.4766088	2.288675	-0.1720176	0.3307081	2.298605	-0.1711004	0.2585005	2.319497	-0.1664725	0.03737683	2.374079	-0.157295	-0.2652322	2.44184	-0.001641714	0.2006257	2.330791	-0.3360006	0.2110218	2.264242	-0.07483975	-0.2571577	2.417536	-0.2353781	-0.2650473	2.394897	0.04935685	-0.08436494	2.369614	-0.3951516	-0.08745227	2.265226	-0.01666977	-0.5008587	2.167685	-0.1003733	-0.5221964	2.200966	-0.0462881	-0.7960107	2.42659	-0.1016726	-0.9007288	2.327385	

0.06290834	-0.2992351	2.34093	-0.3770003	-0.2982485	2.228361	0.06251784	-0.412453	2.324393	-0.3527757	-0.4058553	2.203533	0.08300684	-0.336567	2.336215	-0.2954753	-0.3347933	2.231491	-0.1511769	0.492755	2.297453	-0.1710718	0.3488881	2.306638	-0.1701283	0.2756316	2.327105	-0.1660479	0.05105568	2.379735	-0.1583603	-0.254932	2.44317	-0.002484401	0.2176885	2.337201	-0.336021	0.2226604	2.26733	-0.07581772	-0.2471285	2.418808	-0.2363776	-0.2552324	2.396097	0.0520371	-0.07760844	2.37386	-0.3933517	-0.07667007	2.260426	-0.01528616	-0.4950748	2.174363	-0.1481023	-0.5137757	2.174815	-0.0574153	-0.7683285	2.453617	-0.1017091	-0.9004881	2.268765	

0.0634658	-0.2975139	2.340917	-0.3752576	-0.2957734	2.225118	0.06863014	-0.4055098	2.315826	-0.341713	-0.4064246	2.200759	0.08590708	-0.3254291	2.328765	-0.2859492	-0.3204083	2.220553	-0.1563255	0.4971918	2.302169	-0.1730677	0.3517839	2.309191	-0.1717125	0.2782404	2.329242	-0.1667466	0.05290391	2.380773	-0.1585605	-0.2537253	2.442839	-0.006711718	0.2181333	2.336469	-0.3370363	0.2244074	2.268442	-0.07610871	-0.2459301	2.418589	-0.2364666	-0.2540389	2.395624	0.0530479	-0.07591005	2.374398	-0.3931431	-0.07453626	2.259728	-0.01409273	-0.4938216	2.174479	-0.15104	-0.5138518	2.174827	-0.05467324	-0.7685897	2.452547	-0.1026792	-0.9002354	2.269123	

0.06644876	-0.2960716	2.340199	-0.3738549	-0.2955462	2.224306	0.06586844	-0.4061444	2.314255	-0.3390631	-0.4113311	2.20139	0.08604173	-0.3721217	2.313533	-0.2839893	-0.3161704	2.216833	-0.1624278	0.4995281	2.305547	-0.1753672	0.3533427	2.31073	-0.1736514	0.2796421	2.330444	-0.1677983	0.05385075	2.381097	-0.1592	-0.2529882	2.441891	-0.009986809	0.2183996	2.3355	-0.3445937	0.219485	2.268521	-0.07677332	-0.2449274	2.417745	-0.237074	-0.253554	2.39452	0.05383411	-0.07463388	2.374246	-0.3928986	-0.07443158	2.259273	-0.001987072	-0.4867585	2.170585	-0.1526138	-0.5136476	2.17368	-0.04520957	-0.7656819	2.444391	-0.1027329	-0.8997285	2.268393	

-0.010214	-0.3332615	2.237859	-0.3726781	-0.2942753	2.224809	-0.008233896	-0.4850854	2.145847	-0.3343915	-0.4079064	2.205668	0.03004361	-0.4092286	2.186064	-0.2853532	-0.3125021	2.219444	-0.1689403	0.5030774	2.307664	-0.1784411	0.3556485	2.312027	-0.1765466	0.2819239	2.33155	-0.1701137	0.05598557	2.381504	-0.16094	-0.2511115	2.44079	-0.01233805	0.2192641	2.335098	-0.3462574	0.2227853	2.271554	-0.07856214	-0.2432358	2.416401	-0.2386954	-0.2515594	2.39364	0.05474186	-0.07304855	2.373849	-0.3925932	-0.07320213	2.259575	0.005236896	-0.48022	2.167015	-0.1557781	-0.5124015	2.173142	-0.03898493	-0.7631631	2.436797	-0.1035619	-0.8981513	2.268015	

-0.01041319	-0.32856	2.239375	-0.3714297	-0.2930681	2.226205	-0.005315243	-0.4691196	2.15287	-0.3354411	-0.4022019	2.210483	0.03070243	-0.4224606	2.17944	-0.277061	-0.316097	2.209757	-0.1761681	0.5083569	2.309873	-0.1825349	0.3602085	2.314621	-0.1804381	0.2867303	2.333711	-0.1734535	0.06162933	2.382247	-0.1636154	-0.244069	2.438545	-0.01648703	0.2340378	2.338632	-0.3490208	0.2268282	2.274494	-0.0813913	-0.2355384	2.413408	-0.2411049	-0.2453576	2.392046	0.05343432	-0.05899556	2.370584	-0.392614	-0.07201076	2.260146	0.008170894	-0.4738271	2.167632	-0.1611066	-0.5097354	2.175259	-0.03740094	-0.7578605	2.43617	-0.1054837	-0.8953988	2.268921	

0.07230055	-0.2790952	2.332031	-0.3736062	-0.2882027	2.228348	0.06089174	-0.3865632	2.313987	-0.3460508	-0.3978044	2.223216	0.08427663	-0.3360995	2.313818	-0.3202552	-0.3594378	2.1994	-0.1878612	0.5181491	2.310374	-0.1914531	0.3702559	2.315938	-0.1882555	0.2963448	2.334713	-0.1782483	0.06989865	2.38227	-0.1651204	-0.2377816	2.43709	-0.01926768	0.2337654	2.336244	-0.3556776	0.2340682	2.277991	-0.08328755	-0.2292512	2.411288	-0.2421777	-0.2392392	2.391222	0.05486787	-0.05816824	2.368578	-0.3944366	-0.06718388	2.263179	0.00949049	-0.4691093	2.168558	-0.1671877	-0.5089427	2.180244	-0.0345708	-0.7484229	2.441998	-0.1079255	-0.894774	2.271496	

0.07133377	-0.2636362	2.338631	-0.3761367	-0.2787915	2.231491	0.04230052	-0.3747748	2.280662	-0.3536776	-0.3851692	2.221644	0.06936767	-0.3516314	2.332	-0.2991426	-0.3055638	2.255351	-0.2325136	0.5391805	2.290941	-0.2179811	0.3900582	2.305617	-0.2089717	0.3157016	2.328449	-0.1864406	0.08968867	2.38481	-0.1579247	-0.2084861	2.452486	-0.0475786	0.2812258	2.325732	-0.3746735	0.2454479	2.275556	-0.07943276	-0.192413	2.42613	-0.2321617	-0.2168509	2.407315	0.0441649	-0.004723465	2.365303	-0.4080874	-0.05295335	2.265547	0.0105308	-0.4488286	2.202295	-0.2105644	-0.5110647	2.224246	-0.03830744	-0.6937279	2.50488	-0.1334136	-0.8987646	2.296126	

0.07295314	-0.2548401	2.348018	-0.3784936	-0.2832184	2.23315	0.06398282	-0.3500059	2.326687	-0.3614551	-0.3975837	2.22686	0.09205765	-0.2996738	2.341	-0.2988766	-0.3167244	2.257884	-0.2368997	0.5363306	2.287942	-0.2220214	0.3886313	2.303768	-0.2129866	0.3150394	2.327047	-0.1883105	0.09030037	2.385204	-0.1580073	-0.2083896	2.45404	-0.04798735	0.2811345	2.325643	-0.3750669	0.2451003	2.27598	-0.07949793	-0.1925381	2.426802	-0.2321668	-0.2167317	2.41006	0.04404838	-0.004775992	2.364947	-0.411387	-0.05192592	2.266993	0.0211444	-0.4453125	2.203335	-0.2100812	-0.5092465	2.223666	-0.0354168	-0.6848178	2.508799	-0.1333126	-0.8969475	2.295922	

0.0759753	-0.2254126	2.353807	-0.3805738	-0.2878579	2.238133	0.07660824	-0.3514798	2.351798	-0.3572965	-0.3989359	2.231002	0.0951947	-0.248641	2.364714	-0.2993459	-0.3174863	2.265929	-0.2438577	0.5343554	2.286859	-0.2283826	0.3881691	2.302938	-0.2188908	0.3152128	2.326641	-0.1914867	0.09165958	2.386495	-0.1580346	-0.2074934	2.456936	-0.04896114	0.281257	2.325232	-0.3762578	0.2442046	2.277181	-0.07936932	-0.1919851	2.428119	-0.2323943	-0.2159658	2.414805	0.04358954	-0.004546918	2.364265	-0.414513	-0.05276813	2.270629	0.02792215	-0.4441977	2.207471	-0.2090756	-0.506113	2.223934	-0.03215678	-0.6808226	2.514464	-0.1330578	-0.8940157	2.296026	

0.0738782	-0.2343878	2.3508	-0.3804969	-0.2897743	2.249699	0.08429094	-0.3401845	2.346527	-0.343402	-0.3884475	2.252836	0.09724148	-0.2609692	2.346636	-0.2938546	-0.2971402	2.270267	-0.2473792	0.5359175	2.288249	-0.2328178	0.391351	2.305061	-0.223684	0.3189523	2.328856	-0.1962326	0.09701873	2.389746	-0.159888	-0.2033221	2.460534	-0.05181957	0.2840483	2.324815	-0.386798	0.244963	2.282366	-0.08095647	-0.1883629	2.43071	-0.2342499	-0.2119686	2.419005	0.04336966	-0.0009146013	2.363853	-0.415242	-0.05245668	2.280107	0.02733315	-0.4399549	2.209708	-0.2059894	-0.5020677	2.22865	-0.03372728	-0.676876	2.516323	-0.1313386	-0.890737	2.298567	

0.07394911	-0.2365755	2.350487	-0.3804375	-0.2893869	2.253793	0.07454943	-0.3478343	2.344023	-0.3391937	-0.3850817	2.256373	0.09568666	-0.2578744	2.345231	-0.2947051	-0.2980079	2.2768	-0.2475747	0.5371318	2.290683	-0.2331897	0.3925975	2.307362	-0.2239439	0.3203086	2.33093	-0.1958654	0.09887095	2.391752	-0.1579545	-0.2011321	2.462755	-0.05230851	0.2847971	2.325964	-0.3901831	0.2461143	2.28795	-0.07908098	-0.1860269	2.432329	-0.2323007	-0.2101223	2.421751	0.04435019	0.0002149379	2.364451	-0.4153128	-0.04992931	2.287078	0.02589928	-0.4381834	2.210204	-0.2012819	-0.5017548	2.234774	0.02533842	-0.7051911	2.498415	-0.1300079	-0.8913434	2.303261	

0.07415122	-0.2379972	2.350286	-0.3802116	-0.2904987	2.255435	0.07105606	-0.3363653	2.331281	-0.3422302	-0.3827886	2.253527	0.09603501	-0.2741302	2.34264	-0.294456	-0.3032109	2.276755	-0.2469827	0.5390806	2.293988	-0.2324447	0.3947594	2.310639	-0.2230369	0.3223746	2.333876	-0.1941395	0.1007538	2.394228	-0.1544516	-0.1998198	2.464993	-0.05266328	0.2870511	2.327775	-0.3870311	0.2460774	2.288706	-0.07641675	-0.1845048	2.43413	-0.2279206	-0.2092085	2.424391	0.04569308	0.002796783	2.365053	-0.415346	-0.0474561	2.291094	0.02617781	-0.436173	2.210047	-0.1971141	-0.5021691	2.23998	0.005132357	-0.7009603	2.499508	-0.1294329	-0.8930434	2.305276	

0.08742861	-0.2128086	2.360989	-0.3788399	-0.2904038	2.258781	0.08573272	-0.3335627	2.356366	-0.3347235	-0.3786345	2.262405	0.09813409	-0.247244	2.357733	-0.2963641	-0.3007636	2.2897	-0.244085	0.5420558	2.297012	-0.2308772	0.3970971	2.313557	-0.2214944	0.3249353	2.336886	-0.19244	0.103953	2.397666	-0.152445	-0.1963809	2.468845	-0.05157852	0.2886945	2.330168	-0.387329	0.2484003	2.291738	-0.07417154	-0.1808217	2.43869	-0.2262483	-0.2061951	2.427456	0.05248492	0.007718294	2.373273	-0.4150657	-0.04554006	2.293285	0.02837168	-0.4325514	2.214618	-0.1966386	-0.5001543	2.244753	0.008459121	-0.6990009	2.502731	-0.1308797	-0.8944764	2.293195	

0.08007214	-0.2122136	2.361016	-0.3784268	-0.2895507	2.260991	0.07838726	-0.3400759	2.358349	-0.3399513	-0.3812414	2.266117	0.1039113	-0.271516	2.3668	-0.2989467	-0.3027901	2.298095	-0.2418859	0.5429708	2.297811	-0.2298152	0.3981543	2.314177	-0.2204059	0.3260643	2.3377	-0.1911186	0.1052927	2.399246	-0.1506074	-0.1949536	2.471884	-0.04993115	0.2901949	2.333229	-0.3866006	0.2501221	2.293544	-0.07285567	-0.1796269	2.442138	-0.2239322	-0.2045712	2.430086	0.05389809	0.009520433	2.376206	-0.4144951	-0.04456974	2.294552	0.03024105	-0.4313135	2.218301	-0.1992367	-0.5043159	2.258852	-0.01295889	-0.684909	2.514943	-0.1312734	-0.8975757	2.311255	

0.08702352	-0.2097278	2.37582	-0.3770728	-0.2899205	2.26363	0.07896667	-0.3411322	2.367066	-0.3342402	-0.3792932	2.267224	0.09840705	-0.2366392	2.3745	-0.2956465	-0.307088	2.291852	-0.2387322	0.5433378	2.298283	-0.2283401	0.3987451	2.315093	-0.2191798	0.326729	2.338746	-0.1904381	0.1062138	2.400843	-0.1507578	-0.1936353	2.474579	-0.04840261	0.2915845	2.336594	-0.3854247	0.2514762	2.294374	-0.07284652	-0.1788143	2.444413	-0.2242882	-0.2027335	2.433169	0.05421573	0.01097618	2.379574	-0.4127314	-0.04300629	2.297045	0.03511858	-0.432521	2.22604	-0.173455	-0.5742819	2.303104	-0.01719631	-0.6781543	2.527651	-0.127023	-0.8616006	2.371404	

0.08702142	-0.2084615	2.376223	-0.3760469	-0.2893445	2.264993	0.07873195	-0.3415961	2.368912	-0.3393004	-0.3790722	2.261493	0.0972774	-0.2409818	2.3788	-0.3253018	-0.3360781	2.2438	-0.2326346	0.5449767	2.29947	-0.2252871	0.3999515	2.316659	-0.21652	0.3278482	2.339026	-0.1867828	0.1078903	2.396329	-0.1438235	-0.1908664	2.45198	-0.04564177	0.2936697	2.339837	-0.3837829	0.2528102	2.294668	-0.06698836	-0.1766925	2.423188	-0.2163568	-0.1993688	2.408912	0.05465252	0.01239047	2.382319	-0.4109464	-0.04236273	2.297281	0.03992927	-0.4508764	2.236655	-0.1733294	-0.5739886	2.30327	-0.0009762997	-0.7028535	2.534821	-0.1274025	-0.8604925	2.372322	

0.09225874	-0.1923961	2.379882	-0.3805246	-0.2390918	2.276736	0.08191116	-0.3391539	2.37112	-0.3477427	-0.3753026	2.258159	0.09973104	-0.2546952	2.3756	-0.3250649	-0.3314656	2.243528	-0.2292472	0.5464738	2.300053	-0.2240454	0.4004845	2.317408	-0.2153192	0.328595	2.339078	-0.1852349	0.1100452	2.393241	-0.1433054	-0.1871181	2.446651	-0.04248672	0.2937335	2.342494	-0.3829505	0.2539032	2.295193	-0.06586065	-0.1722922	2.418044	-0.2164606	-0.1963409	2.403388	0.04863495	0.02664767	2.390644	-0.4027213	-0.002471574	2.301682	0.00577553	-0.4798255	2.285971	-0.1685527	-0.5175624	2.312514	-0.04105091	-0.6764067	2.620786	-0.1264254	-0.8633621	2.374596	

0.0820344	-0.2618198	2.380538	-0.3802817	-0.2389218	2.27712	0.05805855	-0.3740039	2.327667	-0.3438314	-0.3743546	2.257026	0.08579854	-0.3329088	2.3701	-0.3244047	-0.3255189	2.244	-0.2260597	0.5475265	2.300974	-0.2226089	0.4012297	2.318064	-0.2138258	0.3295334	2.339144	-0.1837904	0.111445	2.39156	-0.1423987	-0.1856072	2.444661	-0.0398168	0.2939053	2.344757	-0.3814501	0.2549295	2.295688	-0.06477583	-0.1705096	2.416136	-0.2157668	-0.195154	2.401349	0.04829817	0.02847717	2.392388	-0.4022659	0.000265796	2.302262	-0.03334633	-0.4880397	2.296862	-0.1687562	-0.5168666	2.312751	-0.05110075	-0.6638464	2.64516	-0.1254974	-0.8660166	2.376698	

0.08588827	-0.1914722	2.388453	-0.3799861	-0.2392948	2.277277	0.07883494	-0.3420265	2.375363	-0.3412424	-0.3790112	2.254494	0.09887869	-0.2410335	2.386	-0.3255576	-0.3234783	2.24744	-0.220245	0.547431	2.301884	-0.2211287	0.4011482	2.318573	-0.2125771	0.3295954	2.33924	-0.1832678	0.1115833	2.391006	-0.1424475	-0.1854651	2.444277	-0.03681348	0.2930203	2.34776	-0.3794031	0.2557301	2.295309	-0.06476833	-0.1704622	2.416066	-0.2159538	-0.1948947	2.4004	0.04843554	0.02862949	2.393671	-0.4020928	0.000277047	2.301908	-0.03506106	-0.4880889	2.296541	-0.1690321	-0.516735	2.312545	-0.05517518	-0.661813	2.645726	-0.1248575	-0.86786	2.376693	

0.09135386	-0.1904058	2.389378	-0.3795347	-0.2394137	2.27702	0.07888564	-0.3421887	2.377155	-0.3417422	-0.3795722	2.257847	0.09905428	-0.2416083	2.385681	-0.3242303	-0.3295475	2.24373	-0.2172703	0.5479485	2.303059	-0.2196423	0.4013142	2.319805	-0.2110862	0.3298667	2.339967	-0.1820455	0.1118874	2.390742	-0.1413619	-0.1851464	2.443777	-0.03454071	0.292856	2.3501	-0.3772187	0.256662	2.29585	-0.06362503	-0.1700795	2.415917	-0.2148982	-0.1946557	2.399544	0.04868704	0.02878531	2.39593	-0.401764	0.0004104793	2.301543	-0.03502626	-0.4877949	2.296338	-0.1690856	-0.5167686	2.312538	-0.05481252	-0.6621588	2.645232	-0.124886	-0.8683116	2.376885	

