-0.001794063	-0.2389605	2.40746	-0.3094541	-0.2089104	2.25613	0.02898384	-0.3901142	2.377631	-0.2639009	-0.3491515	2.270082	-0.03500152	-0.3154088	2.391204	-0.251193	-0.2668331	2.2474	-0.2212395	0.5956565	2.390663	-0.2535803	0.4543418	2.402368	-0.2419262	0.381434	2.41535	-0.2056164	0.1575298	2.444719	-0.1551669	-0.1485194	2.472317	-0.1258357	0.3560971	2.469747	-0.3659149	0.3089916	2.308784	-0.09448073	-0.1322703	2.471098	-0.2111389	-0.1605199	2.402157	-0.0669829	0.0774818	2.440016	-0.3843009	0.04145924	2.273197	0.02974966	-0.4007703	2.451733	-0.1989555	-0.5370516	2.403693	-0.3683843	-0.6317897	2.591112	-0.2054699	-0.8840659	2.47217	

-0.002026864	-0.2392922	2.406961	-0.308817	-0.2089751	2.255426	0.03044556	-0.389577	2.373992	-0.2571358	-0.3492297	2.273549	-0.03438325	-0.3302473	2.394974	-0.2511967	-0.2608704	2.257454	-0.2215537	0.5956663	2.390051	-0.2534658	0.4543095	2.402044	-0.2418163	0.381403	2.414934	-0.2055105	0.1575172	2.444081	-0.1551141	-0.1485129	2.471838	-0.125839	0.3558268	2.469032	-0.3654232	0.3086733	2.308216	-0.09450791	-0.1322731	2.470732	-0.2110193	-0.1604847	2.401412	-0.06692796	0.0772256	2.439259	-0.3837359	0.04165077	2.272014	0.02324461	-0.4035549	2.452077	-0.1971973	-0.5333512	2.404142	-0.3751912	-0.6340532	2.591937	-0.2055888	-0.8834066	2.472005	

-0.002490216	-0.2373064	2.40635	-0.3083418	-0.209219	2.255212	0.02784487	-0.3905369	2.377128	-0.2602552	-0.3479519	2.27147	-0.03445419	-0.3192225	2.393662	-0.2488003	-0.256261	2.26545	-0.2217452	0.5957825	2.389926	-0.2534072	0.4542828	2.40183	-0.2417273	0.3814053	2.414707	-0.2052948	0.1576364	2.443852	-0.1546158	-0.148103	2.471759	-0.1267838	0.3577981	2.467455	-0.3651728	0.3086521	2.307993	-0.09413639	-0.1316274	2.470781	-0.2103644	-0.1602564	2.401165	-0.06765056	0.07920853	2.43805	-0.3833139	0.04112707	2.271641	0.04529618	-0.3934166	2.440864	-0.1965294	-0.5367447	2.405388	-0.3492591	-0.629373	2.583307	-0.2057143	-0.8842441	2.472183	

-0.002375724	-0.2377184	2.406285	-0.3077609	-0.2093503	2.255012	0.03318835	-0.3912133	2.376895	-0.2565995	-0.3493997	2.274934	-0.03367207	-0.3201577	2.39092	-0.2500528	-0.2558754	2.261609	-0.2217411	0.5958252	2.389785	-0.2533015	0.4544019	2.401611	-0.2416075	0.381519	2.414495	-0.2051326	0.1577345	2.443708	-0.1543997	-0.1480083	2.471782	-0.1260369	0.3574446	2.468512	-0.3647618	0.3080655	2.307684	-0.09403903	-0.1314778	2.470811	-0.2099901	-0.1602384	2.401162	-0.06699996	0.07886836	2.43853	-0.3830949	0.04090998	2.27141	0.04794616	-0.3917876	2.440154	-0.2459121	-0.5427673	2.468344	-0.3476922	-0.6268542	2.581422	-0.2018239	-0.8969423	2.469778	

-0.002876626	-0.2354553	2.407045	-0.3071838	-0.2095654	2.254833	0.03054869	-0.3892407	2.373911	-0.2596703	-0.3440689	2.269335	-0.03669846	-0.3171429	2.391505	-0.2508833	-0.2597291	2.258647	-0.2217288	0.5958163	2.389738	-0.2530721	0.454295	2.401554	-0.2413824	0.381456	2.414431	-0.2048733	0.157804	2.44365	-0.1540191	-0.1476444	2.47185	-0.1253358	0.3598227	2.471704	-0.3643174	0.3079316	2.307662	-0.09390938	-0.130965	2.470791	-0.209275	-0.1599881	2.401329	-0.06673954	0.08120627	2.440593	-0.3826298	0.04053168	2.27136	0.04918693	-0.3906845	2.440147	-0.1907721	-0.4738814	2.399274	-0.3469383	-0.6254202	2.580729	-0.2055944	-0.8843073	2.471773	

-0.002675531	-0.2350523	2.407746	-0.3047914	-0.2102704	2.257857	0.02917631	-0.3831744	2.374041	-0.2568698	-0.3443335	2.282541	-0.03312966	-0.3215057	2.392675	-0.2483261	-0.2514298	2.26769	-0.2198086	0.5954281	2.391056	-0.2514342	0.4539865	2.402645	-0.239691	0.3813022	2.415591	-0.2028029	0.1582298	2.445332	-0.1511635	-0.145958	2.47524	-0.1234884	0.3603812	2.475083	-0.3634503	0.3079189	2.308293	-0.09148082	-0.1279072	2.475084	-0.2061912	-0.1597816	2.404079	-0.06578862	0.08165717	2.442703	-0.381971	0.04135577	2.272331	0.04114437	-0.3929703	2.442607	-0.1942583	-0.5303699	2.405783	-0.340452	-0.6461328	2.591605	-0.2047808	-0.8861651	2.471733	

-0.003354924	-0.2360509	2.41058	-0.3056716	-0.2099334	2.25996	0.02808953	-0.3903783	2.378426	-0.2636189	-0.3448757	2.287603	-0.03462846	-0.3233848	2.390561	-0.2525539	-0.2573904	2.270284	-0.2163853	0.5945835	2.395444	-0.2501164	0.4541433	2.404798	-0.238687	0.3813875	2.417378	-0.2025219	0.1581483	2.446338	-0.1515525	-0.1462657	2.4759	-0.1226274	0.3597472	2.477108	-0.3628252	0.3083599	2.310061	-0.09196465	-0.1295237	2.476385	-0.2067262	-0.1592639	2.40433	-0.06616603	0.08084837	2.443612	-0.3820209	0.0411061	2.274874	0.02769728	-0.4004338	2.446591	-0.190735	-0.5399805	2.410751	-0.3521466	-0.6567166	2.594984	-0.2054229	-0.8890293	2.47251	

-0.004088165	-0.2354879	2.410446	-0.3062826	-0.2094533	2.260388	0.02920448	-0.3899921	2.376078	-0.2622954	-0.3438914	2.286368	-0.03932695	-0.3105611	2.394333	-0.2522123	-0.2550604	2.27464	-0.2155468	0.5945087	2.396528	-0.2491586	0.454182	2.406229	-0.2377911	0.3814608	2.418838	-0.2018983	0.1583141	2.447825	-0.1514285	-0.1460631	2.477284	-0.1215105	0.3604319	2.480431	-0.3624807	0.3091651	2.310854	-0.09194064	-0.1298861	2.478124	-0.2065246	-0.158487	2.405406	-0.06576085	0.08147204	2.445762	-0.3822044	0.0414414	2.275284	0.03793182	-0.3962938	2.444138	-0.1913968	-0.5338508	2.409396	-0.3419287	-0.6537048	2.591378	-0.2051499	-0.8854471	2.471798	

-0.004886873	-0.2356997	2.410382	-0.3077749	-0.208837	2.261306	0.02666731	-0.390374	2.378825	-0.2683001	-0.3404291	2.278703	-0.03787433	-0.319527	2.393645	-0.2531083	-0.2565227	2.270012	-0.2137066	0.5944701	2.402692	-0.2484003	0.4545808	2.411272	-0.2372663	0.3817892	2.423414	-0.2020783	0.1584677	2.451079	-0.1525375	-0.1462487	2.479083	-0.1215375	0.3602693	2.481639	-0.3619172	0.3103795	2.314144	-0.09298268	-0.1306305	2.480374	-0.207788	-0.1581489	2.406783	-0.06560898	0.08138061	2.446501	-0.3827867	0.04184468	2.277325	0.03614255	-0.3974369	2.444271	-0.2745288	-0.5256828	2.500599	-0.3394708	-0.6603903	2.592761	-0.2045696	-0.8866125	2.47186	

-0.004848673	-0.2360021	2.410638	-0.3077757	-0.2088102	2.261304	0.03181858	-0.3908143	2.381914	-0.26272	-0.3388284	2.275105	-0.03982424	-0.3104575	2.394222	-0.2532011	-0.2560032	2.263901	-0.2138611	0.5946	2.405613	-0.2485421	0.4549508	2.412964	-0.2374279	0.3820642	2.425035	-0.202347	0.1584688	2.452469	-0.1530478	-0.1466038	2.48012	-0.1215723	0.3598652	2.48295	-0.3618929	0.3111536	2.315881	-0.09333535	-0.1307872	2.481194	-0.2084031	-0.1586094	2.407832	-0.06553682	0.08103652	2.447337	-0.383036	0.04317328	2.277901	0.03855126	-0.3962692	2.444892	-0.2609384	-0.5364137	2.483088	-0.3388712	-0.6573002	2.592922	-0.2031731	-0.8900101	2.470994	

-0.004606974	-0.2372348	2.410876	-0.3076462	-0.2088234	2.261184	0.03061248	-0.3901908	2.379711	-0.26344	-0.3382462	2.273338	-0.03456957	-0.3330368	2.395643	-0.2507726	-0.2576237	2.267517	-0.213886	0.5946617	2.406651	-0.2488072	0.454877	2.413605	-0.2376705	0.3820008	2.42565	-0.2025526	0.158426	2.452988	-0.153254	-0.1466453	2.480443	-0.1216748	0.3585334	2.483403	-0.3621201	0.3114168	2.316505	-0.09353268	-0.1310507	2.481602	-0.2086387	-0.1584301	2.408079	-0.06545235	0.07976109	2.447653	-0.3830505	0.04337325	2.277956	0.04117455	-0.3951444	2.444926	-0.2682012	-0.5321328	2.492295	-0.3374993	-0.6550986	2.592464	-0.2040676	-0.8847697	2.470999	

-0.004688072	-0.2369444	2.411373	-0.3076328	-0.2087995	2.261185	0.03373342	-0.3916329	2.382974	-0.2585904	-0.3422423	2.282829	-0.03106753	-0.3362542	2.396955	-0.2520068	-0.2559238	2.268816	-0.2141518	0.5946764	2.407993	-0.2491436	0.4549397	2.414568	-0.2379726	0.3820966	2.426601	-0.2027853	0.1586092	2.453881	-0.1534635	-0.1463984	2.481148	-0.1219079	0.3587703	2.484221	-0.3621622	0.3115834	2.316958	-0.09378796	-0.1310119	2.482341	-0.2087983	-0.1579193	2.408698	-0.06554186	0.08004424	2.448229	-0.3832913	0.04474203	2.278088	0.04275647	-0.394187	2.445287	-0.2705022	-0.5306079	2.494781	-0.3366044	-0.6539184	2.592253	-0.2045796	-0.8879472	2.47184	

-0.004671624	-0.2368287	2.411551	-0.3075284	-0.2088808	2.261187	0.02870762	-0.3914963	2.386789	-0.2637481	-0.3386231	2.275838	-0.03627542	-0.3261149	2.395711	-0.2518978	-0.255711	2.268557	-0.2142565	0.5946867	2.408916	-0.2492332	0.4549253	2.415243	-0.2380443	0.3821091	2.427238	-0.2028287	0.1586875	2.454394	-0.1535175	-0.1462784	2.481457	-0.1220414	0.3588644	2.484307	-0.3621754	0.3118279	2.317359	-0.09387767	-0.1310013	2.482798	-0.2088246	-0.1576797	2.408875	-0.06562815	0.08014343	2.448371	-0.3833169	0.04538881	2.2784	0.03972972	-0.3956402	2.446298	-0.2325882	-0.5283608	2.453743	-0.3405617	-0.6540921	2.593646	-0.2046454	-0.8879107	2.471982	

-0.004964275	-0.2361794	2.412604	-0.3074697	-0.2089307	2.261093	0.03071848	-0.3913709	2.388792	-0.261876	-0.3380076	2.27584	-0.03570824	-0.3244935	2.396701	-0.2520417	-0.258021	2.262702	-0.2142275	0.5947992	2.409237	-0.2493291	0.4550154	2.41625	-0.2381244	0.3822093	2.428126	-0.2028872	0.1588012	2.454953	-0.1535805	-0.1461896	2.481652	-0.1223145	0.3595435	2.485065	-0.3621905	0.3118593	2.317431	-0.09398154	-0.1309755	2.482992	-0.2088424	-0.1575007	2.409043	-0.06581881	0.08082771	2.449256	-0.3833637	0.0454032	2.278516	0.04161339	-0.3946135	2.446942	-0.1935922	-0.5349914	2.414677	-0.339003	-0.6534243	2.593564	-0.204532	-0.8880249	2.471888	

-0.004924436	-0.2362682	2.412703	-0.3072172	-0.2090893	2.260946	0.03147341	-0.3919283	2.38199	-0.2635437	-0.341035	2.279437	-0.03842509	-0.3153529	2.398375	-0.2507277	-0.2565173	2.267322	-0.2141411	0.5947983	2.409391	-0.2494909	0.455166	2.416406	-0.23825	0.3823065	2.428284	-0.202952	0.158776	2.455139	-0.1536066	-0.1464522	2.481931	-0.1223181	0.3594393	2.48522	-0.3620071	0.311924	2.317747	-0.09398288	-0.1310748	2.483262	-0.2088944	-0.157923	2.409274	-0.06575029	0.08073892	2.449414	-0.3833399	0.04543918	2.278447	0.04280335	-0.3941047	2.447307	-0.1938373	-0.5345076	2.413858	-0.3382794	-0.6529195	2.593444	-0.2042057	-0.8894396	2.472309	

-0.004786078	-0.2362685	2.412887	-0.3070796	-0.2091122	2.260961	0.03060441	-0.3914497	2.382673	-0.2654292	-0.3396389	2.277755	-0.03850298	-0.3141432	2.399611	-0.2502061	-0.2597286	2.264999	-0.2140744	0.5947603	2.409636	-0.2494334	0.4550967	2.416728	-0.2381849	0.3822638	2.428589	-0.2028749	0.1588003	2.455379	-0.1535478	-0.1463672	2.482056	-0.1223632	0.3594075	2.485344	-0.36191	0.3118839	2.317818	-0.09395548	-0.1310609	2.483371	-0.2087828	-0.1577044	2.409397	-0.06571177	0.08072773	2.449491	-0.3829055	0.04450648	2.278493	0.01096683	-0.4073843	2.461699	-0.1950341	-0.5349879	2.412511	-0.3742708	-0.6607909	2.606032	-0.204175	-0.8891348	2.471933	

-0.00293762	-0.2361411	2.417158	-0.3064269	-0.2090715	2.260504	0.03354223	-0.386976	2.38968	-0.2640944	-0.3402516	2.277223	-0.03666816	-0.318599	2.399572	-0.2507954	-0.2597162	2.253667	-0.2135595	0.5946375	2.410743	-0.2492356	0.4551811	2.417044	-0.2379828	0.3823301	2.428881	-0.2026748	0.1588125	2.455593	-0.1533933	-0.146408	2.48214	-0.1223242	0.3594885	2.485357	-0.3609141	0.3117426	2.317736	-0.09378792	-0.1313108	2.483593	-0.2085518	-0.1575756	2.409385	-0.06533896	0.08083953	2.450025	-0.3817078	0.04428732	2.2779	0.03341474	-0.3987384	2.455206	-0.1947147	-0.5344311	2.41205	-0.3496343	-0.6571586	2.597596	-0.2038119	-0.8894367	2.471977	

-0.003131731	-0.2360989	2.417647	-0.3051183	-0.2093575	2.259968	0.03265246	-0.3864863	2.389202	-0.2584973	-0.3411685	2.276485	-0.03772356	-0.3114505	2.399739	-0.2491349	-0.2581663	2.260053	-0.2131285	0.5943872	2.411212	-0.2487269	0.4551408	2.417413	-0.2374809	0.3822259	2.429244	-0.2021824	0.158498	2.455932	-0.1529236	-0.1470775	2.482402	-0.1220713	0.3596224	2.485781	-0.3599928	0.3116598	2.317668	-0.09341107	-0.1319505	2.484032	-0.2080093	-0.1582253	2.409415	-0.06522086	0.08091971	2.450844	-0.3811839	0.04444472	2.277556	0.02266414	-0.4041005	2.458791	-0.1943794	-0.534437	2.412106	-0.3636136	-0.6588054	2.599381	-0.2038725	-0.8894656	2.472356	

0.005861823	-0.2225557	2.424301	-0.3021609	-0.2092105	2.258267	0.03725223	-0.3727795	2.390007	-0.2522764	-0.3398045	2.274527	-0.03362571	-0.2992094	2.401334	-0.2434099	-0.2537719	2.256	-0.2123545	0.5940927	2.412056	-0.2486528	0.4551279	2.417454	-0.2373354	0.3822221	2.429329	-0.2016891	0.1585675	2.456234	-0.1517514	-0.1468009	2.483088	-0.1218516	0.3601575	2.486236	-0.3587351	0.3113771	2.317601	-0.09233061	-0.1318719	2.485119	-0.2066986	-0.1577017	2.409701	-0.06497916	0.08146964	2.45112	-0.3794409	0.04375351	2.276131	0.01648395	-0.4069306	2.45991	-0.1941847	-0.5340028	2.411436	-0.3818972	-0.6224435	2.593156	-0.2022674	-0.8919213	2.472356	

-0.00517516	-0.2361557	2.417779	-0.2983345	-0.2092334	2.256284	0.03334108	-0.3864152	2.387329	-0.245305	-0.3369982	2.274859	-0.03604631	-0.3243295	2.399429	-0.238504	-0.2483465	2.25668	-0.2106454	0.5940571	2.413997	-0.2482715	0.4554114	2.41776	-0.2368803	0.3825004	2.429656	-0.2010221	0.1588019	2.456592	-0.1508678	-0.1466692	2.483392	-0.1216024	0.360016	2.486343	-0.3565651	0.3113269	2.317119	-0.09149368	-0.13191	2.486001	-0.2055591	-0.1573362	2.409454	-0.06466334	0.08133752	2.451309	-0.3769575	0.04425161	2.274916	0.01343589	-0.4084581	2.460366	-0.1940883	-0.5338042	2.410974	-0.3805527	-0.6225516	2.590643	-0.202183	-0.8917401	2.472223	

-0.005456931	-0.2366494	2.41754	-0.2958263	-0.2090735	2.255164	0.03430283	-0.3868797	2.391661	-0.2448332	-0.3363314	2.270314	-0.0308757	-0.3419437	2.399286	-0.2361962	-0.249365	2.252788	-0.2095046	0.5943266	2.414593	-0.2480813	0.4554856	2.4178	-0.2366331	0.3825526	2.429713	-0.2005651	0.1587417	2.456702	-0.1500906	-0.146988	2.483533	-0.1212474	0.3596594	2.485782	-0.3544856	0.31139	2.31675	-0.09064367	-0.1325516	2.48648	-0.2048414	-0.1574012	2.409286	-0.06433764	0.08094708	2.45118	-0.3735285	0.04397211	2.273303	0.0133491	-0.4094456	2.460551	-0.1940529	-0.5340698	2.41057	-0.3787794	-0.6229184	2.587394	-0.2018361	-0.8917857	2.472067	

-0.005592223	-0.2367128	2.418132	-0.2935925	-0.2086074	2.25436	0.03433994	-0.3866608	2.387996	-0.2441482	-0.3410763	2.275948	-0.03543088	-0.3287953	2.401614	-0.234992	-0.2504177	2.256858	-0.2082898	0.5943469	2.41592	-0.2473887	0.4557146	2.41812	-0.2359053	0.3827792	2.430078	-0.1997907	0.1589487	2.457169	-0.1493785	-0.1468119	2.484051	-0.1211774	0.3596752	2.485777	-0.3530023	0.3113467	2.316502	-0.09009576	-0.1322641	2.487081	-0.204064	-0.1573198	2.409641	-0.06451669	0.08086604	2.451892	-0.3722087	0.04416686	2.27256	0.02206592	-0.4062527	2.456488	-0.193667	-0.5321561	2.409371	-0.3780876	-0.6230525	2.586733	-0.2019835	-0.8920256	2.472252	

-0.008286191	-0.2374534	2.420283	-0.291697	-0.2085704	2.253367	0.02412516	-0.3925941	2.392367	-0.2423802	-0.3378592	2.269737	-0.04361278	-0.316111	2.405294	-0.2339825	-0.2518612	2.256813	-0.2074203	0.5943239	2.416624	-0.2470314	0.455679	2.418322	-0.2354594	0.3827201	2.430343	-0.1990675	0.1587983	2.457637	-0.1483011	-0.1471027	2.484778	-0.1210357	0.3596075	2.48589	-0.3512512	0.3107336	2.316275	-0.08922987	-0.132735	2.48793	-0.2028745	-0.157391	2.410175	-0.0675745	0.08004022	2.45423	-0.3705053	0.04409766	2.271461	0.01421391	-0.409988	2.458641	-0.1935752	-0.5318732	2.408504	-0.379997	-0.6263277	2.585568	-0.2016537	-0.8924782	2.473107	

-0.007515459	-0.2376901	2.420525	-0.2904172	-0.2085001	2.252317	0.02624567	-0.3928942	2.390295	-0.2384496	-0.339112	2.266201	-0.04590963	-0.3071274	2.40665	-0.2315851	-0.2495286	2.25416	-0.2067567	0.5940318	2.417536	-0.2464266	0.4556954	2.418818	-0.2348059	0.3826909	2.430863	-0.1983012	0.1586211	2.458193	-0.147451	-0.1474794	2.485316	-0.1208888	0.3592395	2.486275	-0.3498833	0.3102838	2.316786	-0.08842091	-0.1332815	2.488631	-0.2020755	-0.1575811	2.410512	-0.06698758	0.07976872	2.454449	-0.3699948	0.04449376	2.271174	0.009888196	-0.4122984	2.460219	-0.1934856	-0.5318813	2.408425	-0.3803814	-0.6279902	2.584594	-0.2008466	-0.8937491	2.472629	

-0.008507249	-0.2385785	2.42126	-0.2894268	-0.2087035	2.25157	0.02163395	-0.3923814	2.393072	-0.2381848	-0.3427145	2.269549	-0.04171033	-0.3362159	2.406083	-0.2305492	-0.2556482	2.250636	-0.2064928	0.5939031	2.418116	-0.2459454	0.4558412	2.419538	-0.2343017	0.3827904	2.431554	-0.1977572	0.1585901	2.458782	-0.1468952	-0.1476572	2.485746	-0.120765	0.3585869	2.486431	-0.3494235	0.3102933	2.317032	-0.08789485	-0.1337425	2.489153	-0.2015036	-0.1575001	2.410851	-0.0682686	0.07882906	2.455081	-0.3695117	0.04502593	2.271151	0.006720116	-0.4139028	2.462496	-0.1935331	-0.5319993	2.408339	-0.3801763	-0.6322801	2.582122	-0.2011013	-0.8934338	2.473015	

-0.01392975	-0.2401968	2.423839	-0.2887758	-0.2085562	2.251054	0.01032158	-0.3938752	2.397352	-0.2386273	-0.3370556	2.262786	-0.054377	-0.3122012	2.409965	-0.2322549	-0.2527854	2.252945	-0.2063953	0.5936195	2.418451	-0.2460159	0.4559868	2.420009	-0.2343126	0.3828852	2.431998	-0.1976141	0.1585537	2.459182	-0.1465055	-0.1478957	2.486145	-0.1206054	0.3580396	2.486794	-0.3489001	0.309761	2.317062	-0.08760903	-0.1339577	2.489579	-0.2010605	-0.157726	2.411174	-0.07384282	0.07715795	2.457904	-0.3690584	0.04551561	2.270899	0.03215221	-0.4047849	2.457503	-0.1935821	-0.5319676	2.408098	-0.3525935	-0.6728668	2.578589	-0.200786	-0.8938578	2.473384	

-0.01522074	-0.239852	2.425062	-0.2886293	-0.208515	2.251078	0.00972836	-0.3936723	2.401224	-0.2408157	-0.3375587	2.266885	-0.05400516	-0.3292231	2.4096	-0.2283843	-0.2579403	2.25037	-0.2065712	0.5932006	2.419303	-0.2459954	0.4556599	2.421379	-0.2342192	0.3826082	2.433272	-0.1973481	0.1584133	2.46017	-0.1460996	-0.1478777	2.486791	-0.1208474	0.3585443	2.488372	-0.3487817	0.3093602	2.317516	-0.08735444	-0.1340044	2.490238	-0.2005333	-0.1576228	2.411769	-0.07467066	0.07757198	2.459381	-0.3688355	0.04598351	2.271369	0.008039071	-0.4139121	2.463313	-0.1899601	-0.5255017	2.406905	-0.3775491	-0.6375569	2.579858	-0.2002146	-0.894906	2.473225	

-0.01483453	-0.2402836	2.425412	-0.2882685	-0.2087083	2.251307	0.01184927	-0.3943147	2.399492	-0.241423	-0.3372085	2.26949	-0.05312907	-0.321911	2.407709	-0.2306115	-0.2567621	2.251313	-0.2067519	0.5930778	2.419899	-0.2458638	0.4554319	2.421902	-0.2340697	0.3823719	2.433786	-0.1971557	0.1581611	2.460628	-0.1458844	-0.1481198	2.487124	-0.1210669	0.3579229	2.490105	-0.3488361	0.3090111	2.317882	-0.08723486	-0.134435	2.490785	-0.200271	-0.1577227	2.41194	-0.07386852	0.07715108	2.460588	-0.3686013	0.04602216	2.271679	0.006100611	-0.4150166	2.463747	-0.1904447	-0.5259598	2.4064	-0.3775741	-0.6384249	2.579956	-0.1997078	-0.8959156	2.473093	

-0.01473918	-0.2404644	2.425725	-0.2879503	-0.2089485	2.251508	0.01114266	-0.3939477	2.394948	-0.2354285	-0.3411273	2.274453	-0.04835242	-0.3391215	2.409471	-0.2330259	-0.2501134	2.258244	-0.2069659	0.5925574	2.420687	-0.2459308	0.45535	2.422697	-0.2340943	0.382268	2.434531	-0.1970723	0.1580015	2.461221	-0.1456989	-0.148327	2.487522	-0.1211852	0.3577221	2.490206	-0.34893	0.3086894	2.318195	-0.08708078	-0.1347636	2.491215	-0.2000805	-0.1578008	2.412277	-0.07362424	0.07701261	2.460685	-0.3684762	0.04579237	2.271959	0.005234477	-0.4156571	2.464372	-0.1915487	-0.5287765	2.406508	-0.3811224	-0.6398776	2.580672	-0.1997065	-0.8960224	2.473058	

-0.01630075	-0.2406598	2.42673	-0.2881494	-0.2090808	2.252227	0.009882403	-0.3937472	2.401763	-0.244379	-0.3377179	2.269449	-0.0535235	-0.3214005	2.41252	-0.2331859	-0.2543095	2.268789	-0.2088271	0.5919241	2.423115	-0.247513	0.4549095	2.424273	-0.2353381	0.3818354	2.435808	-0.1975473	0.1576387	2.461784	-0.1457004	-0.1485832	2.487601	-0.1221271	0.3576177	2.491028	-0.3491785	0.3081537	2.318845	-0.08716084	-0.1351496	2.491227	-0.200032	-0.1579527	2.412391	-0.07563349	0.07671081	2.461987	-0.368824	0.04570821	2.27295	0.00981304	-0.4145433	2.463554	-0.191939	-0.5294481	2.406804	-0.3830394	-0.6405438	2.580258	-0.1994965	-0.8966356	2.47274	

-0.02095699	-0.2229574	2.429706	-0.2887232	-0.2094001	2.252937	0.006690115	-0.3760749	2.412489	-0.24228	-0.3417325	2.267247	-0.05850271	-0.3046086	2.415731	-0.2342467	-0.2529452	2.26575	-0.2115961	0.5915296	2.424175	-0.2482978	0.4546136	2.425192	-0.2360135	0.3816695	2.436571	-0.1979156	0.1577413	2.462136	-0.1458401	-0.1482477	2.487624	-0.1321987	0.3745433	2.493716	-0.3500379	0.3072697	2.319561	-0.08766817	-0.1345155	2.491011	-0.1999865	-0.1577149	2.412546	-0.08380414	0.09385262	2.464564	-0.3686745	0.044801	2.273895	0.01344303	-0.4124671	2.46371	-0.1894102	-0.4701654	2.39538	-0.385321	-0.6372772	2.578654	-0.1996389	-0.8962321	2.472707	

-0.02227035	-0.2205371	2.430902	-0.288807	-0.2098173	2.253833	0.004152819	-0.3759855	2.410662	-0.2468584	-0.3398429	2.271254	-0.0618747	-0.3005942	2.41681	-0.2329507	-0.2559127	2.263412	-0.214343	0.5909703	2.425472	-0.2499715	0.4542774	2.42664	-0.2374107	0.3814403	2.437771	-0.1985521	0.1577572	2.462653	-0.145897	-0.1481494	2.487634	-0.1337599	0.3769531	2.494583	-0.3501933	0.3069242	2.319923	-0.08801507	-0.134481	2.490866	-0.1998283	-0.157379	2.412726	-0.08539374	0.09622806	2.465774	-0.3684334	0.04357201	2.275192	0.01922435	-0.4101214	2.464647	-0.1939716	-0.5335153	2.410773	-0.3711048	-0.673344	2.579427	-0.2000194	-0.8954141	2.472394	

-0.02320527	-0.218858	2.432953	-0.2886625	-0.2099446	2.253936	0.003240403	-0.376843	2.418668	-0.2354689	-0.3429239	2.272769	-0.06157065	-0.2980849	2.42232	-0.2336775	-0.2539345	2.259868	-0.2166837	0.5904292	2.427128	-0.2516241	0.4542194	2.428208	-0.2387926	0.3813868	2.439031	-0.1991613	0.1577432	2.463096	-0.1459315	-0.1481297	2.487574	-0.1348814	0.3787433	2.494336	-0.350526	0.3063184	2.320649	-0.08827978	-0.134475	2.490451	-0.1997939	-0.1573535	2.412755	-0.08665086	0.09793478	2.466649	-0.368137	0.04291185	2.275663	0.02075464	-0.4093623	2.465348	-0.1937601	-0.5328946	2.410775	-0.3697912	-0.6727839	2.579355	-0.1989734	-0.8962706	2.472388	

-0.01253484	-0.24273	2.45133	-0.2885367	-0.2099693	2.254016	0.05092376	-0.4696666	2.414721	-0.2395957	-0.3415464	2.272116	-0.01935941	-0.4144917	2.407806	-0.2324108	-0.2559228	2.25771	-0.2178141	0.5902568	2.428236	-0.2524709	0.4543037	2.429124	-0.2395208	0.3814733	2.439959	-0.199488	0.1578526	2.46394	-0.14568	-0.147958	2.488062	-0.1357207	0.3801919	2.494161	-0.350601	0.3061556	2.321073	-0.08830745	-0.1344342	2.490695	-0.1989092	-0.1569568	2.413716	-0.07291176	0.06534832	2.541034	-0.3679678	0.04310399	2.275932	0.02209417	-0.408773	2.465831	-0.193625	-0.5329025	2.41066	-0.3687921	-0.6723806	2.578714	-0.1987048	-0.8955173	2.472388	

-0.0136085	-0.2153321	2.431758	-0.287781	-0.21012	2.253691	0.0276741	-0.370108	2.41124	-0.2332876	-0.3424761	2.271369	-0.0436345	-0.3017899	2.420375	-0.2320269	-0.2495608	2.255853	-0.219115	0.5900696	2.429146	-0.2527831	0.4541506	2.43012	-0.2397695	0.3813858	2.440878	-0.1995281	0.1579431	2.464577	-0.145364	-0.147644	2.488312	-0.1332687	0.3807367	2.494872	-0.352913	0.3071905	2.319691	-0.08819383	-0.134309	2.490875	-0.1983059	-0.1564152	2.414025	-0.0749075	0.1019531	2.464565	-0.3673011	0.0426533	2.276049	0.02314693	-0.4082903	2.4658	-0.1915316	-0.4696817	2.391469	-0.3684768	-0.6710188	2.578291	-0.1984114	-0.8954939	2.472228	

-0.01273408	-0.2414159	2.453707	-0.2852901	-0.2096906	2.251643	0.0636623	-0.475005	2.421916	-0.2257593	-0.3577655	2.294948	-0.009424525	-0.432458	2.4095	-0.1973193	-0.2403474	2.293625	-0.2200883	0.5899924	2.430704	-0.2530994	0.4540843	2.431381	-0.2398866	0.3813915	2.442116	-0.1989719	0.1582059	2.465845	-0.1428935	-0.1466627	2.489639	-0.1342286	0.3821866	2.495324	-0.3522542	0.3069651	2.320464	-0.0867303	-0.1333131	2.492221	-0.194616	-0.1555821	2.415299	-0.0714632	0.06731103	2.542127	-0.3654439	0.04268941	2.275013	0.02330275	-0.4079054	2.465607	-0.1931095	-0.5420007	2.40292	-0.3678802	-0.6730141	2.574555	-0.1982122	-0.8954052	2.4721	

-0.01236412	-0.2129872	2.432865	-0.2826798	-0.2094141	2.248925	0.0276915	-0.3703705	2.412967	-0.2200142	-0.3489899	2.282683	-0.04540655	-0.2910073	2.416333	-0.1973394	-0.2404196	2.293455	-0.2216241	0.5898508	2.432899	-0.2533838	0.4540231	2.432858	-0.2400063	0.3812674	2.443302	-0.1987378	0.1579839	2.466351	-0.1419258	-0.1471975	2.48948	-0.1345749	0.3825856	2.495531	-0.3515997	0.3068335	2.320786	-0.086195	-0.1332999	2.49202	-0.1930355	-0.1571514	2.415235	-0.07332458	0.10443	2.464794	-0.3635455	0.04268633	2.273745	0.024432	-0.4076414	2.465659	-0.1914814	-0.5383989	2.402936	-0.3755465	-0.6436794	2.569845	-0.1979932	-0.895694	2.471951	

-0.01345309	-0.2392282	2.455383	-0.2795615	-0.2076234	2.245418	0.06023586	-0.4672424	2.422524	-0.220591	-0.340281	2.273628	0.003987192	-0.4543278	2.42275	-0.1950884	-0.2391834	2.292278	-0.2230446	0.5899119	2.435324	-0.253977	0.4542523	2.434578	-0.2403725	0.3815312	2.444494	-0.1986927	0.158216	2.466524	-0.1410253	-0.1462207	2.488245	-0.1359343	0.3844985	2.495904	-0.35078	0.3071782	2.321105	-0.08557951	-0.1319612	2.490601	-0.1919809	-0.1564495	2.414118	-0.07315962	0.06960219	2.542683	-0.3606344	0.04293258	2.272025	0.025851	-0.405885	2.466234	-0.1914564	-0.5379806	2.402512	-0.3719497	-0.6496938	2.565493	-0.1977484	-0.8953944	2.471595	

-0.01210583	-0.2105414	2.433416	-0.2775487	-0.2073563	2.243667	0.03039411	-0.3631534	2.411977	-0.2195733	-0.3384056	2.270733	-0.03915093	-0.2979149	2.416037	-0.1871932	-0.2396593	2.28812	-0.2241419	0.5897939	2.437132	-0.2541742	0.4542778	2.435173	-0.2404705	0.381505	2.44487	-0.1986207	0.1581377	2.466519	-0.1399665	-0.1470875	2.486655	-0.1362934	0.3846453	2.49624	-0.3497639	0.3071006	2.321116	-0.0848485	-0.1324714	2.489039	-0.1906925	-0.1576477	2.41251	-0.07427512	0.1066627	2.46519	-0.3588265	0.04340741	2.271017	0.02692106	-0.4061095	2.466727	-0.1914829	-0.5377155	2.402197	-0.3602529	-0.681636	2.565469	-0.198048	-0.894756	2.472243	

-0.01291787	-0.2379331	2.456824	-0.2753749	-0.2061802	2.242286	0.05745487	-0.46264	2.424625	-0.212799	-0.3371651	2.273552	-0.009619379	-0.418668	2.412407	-0.1901795	-0.2372884	2.289136	-0.2246289	0.5899748	2.438496	-0.254457	0.4545997	2.435449	-0.2406381	0.3817239	2.445044	-0.1985838	0.1581877	2.46648	-0.1393173	-0.1471591	2.485737	-0.1369757	0.3855732	2.497066	-0.3478715	0.3075944	2.321131	-0.08447103	-0.1330133	2.487906	-0.189736	-0.157222	2.411641	-0.07419463	0.07066844	2.543825	-0.3563586	0.04393953	2.27058	0.02788956	-0.4062893	2.467135	-0.1854491	-0.4667344	2.381715	-0.3593794	-0.681992	2.565149	-0.1977784	-0.8939829	2.472009	

-0.01162584	-0.2087377	2.434494	-0.2739218	-0.2060304	2.241477	0.03103506	-0.3635548	2.415473	-0.2140078	-0.3368035	2.273059	-0.03782929	-0.2979285	2.41668	-0.1902094	-0.2380271	2.288437	-0.2260867	0.5900493	2.440345	-0.254704	0.4548946	2.436337	-0.2407598	0.3819591	2.445627	-0.1984744	0.1582871	2.466474	-0.1383854	-0.1468789	2.48441	-0.1374324	0.3861028	2.497328	-0.3462614	0.3081957	2.321142	-0.0839446	-0.1330203	2.486724	-0.18843	-0.1565605	2.410182	-0.07391346	0.1084548	2.466189	-0.354583	0.04477075	2.269878	0.02824122	-0.4062465	2.467425	-0.1932435	-0.530082	2.399057	-0.3574206	-0.6852686	2.562982	-0.1975355	-0.8938556	2.472037	

-0.0132875	-0.2373113	2.45743	-0.2726174	-0.2061616	2.241204	0.06128735	-0.4637251	2.424428	-0.2129255	-0.3365977	2.279242	-0.008913371	-0.4144751	2.406	-0.1884838	-0.2380616	2.288772	-0.2275195	0.5912007	2.443449	-0.2547556	0.4555697	2.436785	-0.2407642	0.382524	2.445964	-0.1982868	0.1585992	2.466418	-0.1379104	-0.1466707	2.483736	-0.1374723	0.3863015	2.497188	-0.344237	0.309072	2.320744	-0.08362891	-0.1331509	2.48614	-0.1877954	-0.1558788	2.409361	-0.07469021	0.07138985	2.54394	-0.3510666	0.04153069	2.2684	0.02135281	-0.4087512	2.47136	-0.1843263	-0.4664788	2.383672	-0.3734517	-0.650723	2.561306	-0.1972114	-0.8935821	2.471659	

-0.01153409	-0.2075355	2.434699	-0.271818	-0.2063278	2.241022	0.03345185	-0.3636435	2.416064	-0.2164464	-0.3390377	2.279216	-0.04077229	-0.2898504	2.41788	-0.1857547	-0.2402819	2.289264	-0.228152	0.5929865	2.446493	-0.254548	0.4573705	2.437803	-0.2404546	0.3841147	2.446822	-0.1975748	0.1596249	2.466602	-0.1368219	-0.1461189	2.483282	-0.1377807	0.3872736	2.496605	-0.342307	0.3100361	2.320013	-0.0830236	-0.1329001	2.485889	-0.1862857	-0.1549927	2.408708	-0.07383173	0.1096883	2.465958	-0.3504324	0.04203696	2.267964	0.01850768	-0.409609	2.472622	-0.1838813	-0.468977	2.383663	-0.3725416	-0.6464807	2.560666	-0.1970526	-0.8937266	2.471575	

-0.0139922	-0.2352419	2.456559	-0.2717618	-0.2060781	2.237659	0.06613271	-0.4804574	2.416109	-0.2204725	-0.3361545	2.274888	-0.004887521	-0.4241227	2.396211	-0.1888478	-0.2343509	2.286097	-0.2283624	0.5939578	2.447584	-0.254171	0.4608773	2.437822	-0.2401966	0.3871127	2.446776	-0.1974027	0.1612938	2.466124	-0.1369206	-0.1456247	2.482513	-0.1381804	0.3885649	2.495667	-0.3392036	0.3118896	2.315892	-0.08367104	-0.1325673	2.485116	-0.1858716	-0.1542313	2.407775	-0.07539704	0.0736307	2.542414	-0.3492881	0.04148192	2.263576	0.01350247	-0.4110099	2.469883	-0.1940078	-0.5291349	2.387329	-0.3778738	-0.6392845	2.560018	-0.1970748	-0.8935337	2.47133	

-0.01219578	-0.2055276	2.431283	-0.2721208	-0.2060867	2.234	0.03331468	-0.3553965	2.404932	-0.2220508	-0.3357286	2.270964	-0.0429433	-0.2886076	2.402278	-0.1876781	-0.2292938	2.278485	-0.2281884	0.5948149	2.447763	-0.2544973	0.4625789	2.437081	-0.2405209	0.3888685	2.445921	-0.1975715	0.1631773	2.464543	-0.1371518	-0.1439595	2.47965	-0.1384078	0.389165	2.495396	-0.3379559	0.3134191	2.313923	-0.08425155	-0.1315844	2.483738	-0.1855677	-0.1518329	2.402982	-0.0737846	0.1117904	2.463452	-0.3490385	0.04334652	2.260235	0.01217927	-0.4103405	2.468098	-0.1936768	-0.5287118	2.387123	-0.374855	-0.6411002	2.55811	-0.1970921	-0.8933164	2.47127	

-0.01294507	-0.2335898	2.452727	-0.2731634	-0.2057814	2.232477	0.06994834	-0.4748431	2.409913	-0.2314557	-0.3332635	2.268405	-0.004595204	-0.4175205	2.388343	-0.1917956	-0.2298008	2.277763	-0.2283743	0.5950304	2.447707	-0.2557355	0.4643546	2.43486	-0.2416161	0.3906269	2.443818	-0.1981564	0.1648137	2.462475	-0.1373331	-0.1427643	2.477707	-0.1355717	0.3897108	2.495146	-0.3375477	0.314406	2.312265	-0.08442068	-0.1300353	2.482429	-0.1858854	-0.1511513	2.400491	-0.07281103	0.07476473	2.541887	-0.3493459	0.04429996	2.257768	0.01149793	-0.4088276	2.466472	-0.1927585	-0.530327	2.386781	-0.3733844	-0.6433837	2.560463	-0.197194	-0.8935153	2.470345	

-0.007696463	-0.2047106	2.426845	-0.2737545	-0.2056488	2.231911	0.03458044	-0.356232	2.402723	-0.2292044	-0.3304208	2.272056	-0.03933335	-0.2904011	2.401	-0.1945996	-0.2266461	2.279219	-0.2284283	0.595175	2.447607	-0.2562341	0.4651407	2.434125	-0.2419328	0.3913155	2.443318	-0.1980739	0.1652708	2.462354	-0.1368202	-0.1423898	2.477953	-0.1339104	0.389756	2.495002	-0.337728	0.3150479	2.311619	-0.08381559	-0.1291196	2.482809	-0.1854569	-0.1511376	2.400731	-0.07051114	0.1121744	2.461833	-0.3494848	0.04397044	2.256914	0.01138628	-0.4081757	2.464666	-0.1925073	-0.5307608	2.386637	-0.3715829	-0.6448154	2.562553	-0.1972849	-0.8933692	2.469656	

-0.009103903	-0.2318569	2.450196	-0.2744169	-0.2057724	2.231917	0.07300885	-0.4686666	2.402917	-0.2354262	-0.3274176	2.266562	-0.0003422684	-0.4286279	2.397219	-0.1933753	-0.2316964	2.282425	-0.2284921	0.5952668	2.447526	-0.2567247	0.4656114	2.433595	-0.2423977	0.3917842	2.442829	-0.1983656	0.1656422	2.461966	-0.1369728	-0.1422458	2.477726	-0.1345987	0.3904045	2.494476	-0.3380895	0.3156277	2.310704	-0.08426466	-0.1284768	2.482645	-0.1855204	-0.1513078	2.400382	-0.07184666	0.07545023	2.541214	-0.3500414	0.04390477	2.256177	0.01162528	-0.4071945	2.463893	-0.191971	-0.5319748	2.387071	-0.3638418	-0.6370233	2.56559	-0.1973605	-0.8933646	2.469605	

-0.006179108	-0.2038464	2.425348	-0.2765803	-0.2061629	2.232772	0.03739991	-0.3548968	2.397523	-0.2359158	-0.3288672	2.271406	-0.03706496	-0.2898909	2.400945	-0.1945971	-0.2240383	2.277379	-0.228215	0.5954434	2.446882	-0.2571334	0.4659691	2.432854	-0.2429276	0.3923397	2.441904	-0.1992318	0.1669215	2.460301	-0.1385185	-0.1399316	2.474895	-0.1331373	0.3903676	2.495148	-0.3386368	0.3163768	2.31053	-0.08643551	-0.1246255	2.47948	-0.1865644	-0.1503876	2.398071	-0.06985492	0.1128087	2.461164	-0.3517457	0.04366721	2.256028	0.01054714	-0.4027138	2.463143	-0.1912556	-0.5341997	2.388485	-0.3668523	-0.638698	2.568293	-0.197325	-0.8934593	2.469393	

-0.006653966	-0.2312412	2.448554	-0.2788041	-0.2065214	2.233439	0.06985024	-0.4689523	2.407751	-0.2449902	-0.3220987	2.253181	0.0004715086	-0.4179238	2.387105	-0.2344748	-0.2430671	2.24648	-0.22821	0.5954446	2.446599	-0.257454	0.4660962	2.432783	-0.2432788	0.392511	2.441761	-0.1996226	0.1672002	2.459857	-0.1389988	-0.1396156	2.473886	-0.1328491	0.3902948	2.495005	-0.3395527	0.3168032	2.310373	-0.08659103	-0.1246027	2.478955	-0.1874925	-0.1497925	2.396564	-0.07011086	0.07534161	2.541738	-0.3538469	0.04345824	2.256292	0.01110474	-0.4024027	2.461754	-0.1911626	-0.533767	2.388376	-0.3663117	-0.6486621	2.566792	-0.1975363	-0.8922873	2.469256	

-0.005719692	-0.2030855	2.423906	-0.2824393	-0.2070519	2.235893	0.03779724	-0.3544839	2.397371	-0.2486745	-0.3217297	2.258958	-0.03373222	-0.2931497	2.399739	-0.2396986	-0.2331527	2.256883	-0.2287941	0.5947657	2.446114	-0.258979	0.4653001	2.4314	-0.2447488	0.3918869	2.440383	-0.2008504	0.1669509	2.458469	-0.1400052	-0.1396012	2.472564	-0.1366343	0.3903485	2.492799	-0.3403814	0.3170778	2.310247	-0.08729226	-0.124885	2.478229	-0.188805	-0.1495015	2.394579	-0.07141432	0.1131863	2.459432	-0.3567971	0.04406258	2.257542	0.01172582	-0.4022133	2.461186	-0.184219	-0.4762311	2.369953	-0.3663234	-0.6592553	2.568622	-0.1976363	-0.8924358	2.469208	

-0.006621879	-0.229892	2.446344	-0.2848406	-0.2081331	2.237887	0.07499695	-0.4662475	2.40592	-0.2535001	-0.3215743	2.256355	-0.000960266	-0.416139	2.385909	-0.243442	-0.2333873	2.256055	-0.2297223	0.5945747	2.44569	-0.2596382	0.4651403	2.430989	-0.2452964	0.3917974	2.440084	-0.2010868	0.1669686	2.458407	-0.140088	-0.1395503	2.472668	-0.1392167	0.3904913	2.492026	-0.3415383	0.3174351	2.31042	-0.08743277	-0.1248937	2.478351	-0.1888435	-0.1494306	2.394715	-0.07643265	0.0755285	2.538761	-0.3590955	0.04470477	2.258848	0.01177121	-0.402072	2.460827	-0.1871714	-0.5331398	2.381458	-0.3684818	-0.6524965	2.567989	-0.1985024	-0.8919859	2.468821	

-0.005254123	-0.2033012	2.423206	-0.2875318	-0.2089016	2.240582	0.03645914	-0.354349	2.395841	-0.2602541	-0.3238402	2.260838	-0.03459195	-0.2867202	2.400565	-0.2428315	-0.241322	2.255951	-0.2302658	0.5943798	2.445273	-0.2607016	0.4647348	2.430542	-0.2463171	0.3914846	2.439673	-0.2018919	0.1668706	2.458111	-0.140637	-0.1395067	2.47256	-0.1369732	0.3898892	2.493217	-0.3433506	0.3176627	2.310597	-0.08786491	-0.1248956	2.478162	-0.1895042	-0.1494179	2.394759	-0.0722604	0.1126299	2.459569	-0.361742	0.04543807	2.260416	0.01230503	-0.4016685	2.459968	-0.1869525	-0.5335297	2.381265	-0.370658	-0.6501626	2.568212	-0.1985226	-0.8915075	2.468585	

-0.005113424	-0.2303633	2.445815	-0.290536	-0.2103168	2.24478	0.07741219	-0.4611371	2.399847	-0.2570923	-0.3220412	2.266204	0.008295068	-0.4117346	2.383552	-0.2505667	-0.2372355	2.259607	-0.2334435	0.5940105	2.444728	-0.262453	0.4646938	2.43008	-0.248125	0.3914417	2.439132	-0.2037406	0.1667821	2.45735	-0.1424703	-0.1397593	2.471629	-0.1364763	0.3897831	2.493331	-0.3466731	0.3179747	2.310787	-0.0888963	-0.1247795	2.477337	-0.1923759	-0.1503783	2.393817	-0.07371246	0.0748279	2.540061	-0.3648963	0.04412586	2.262907	0.0134804	-0.4008114	2.458678	-0.1921299	-0.5469772	2.394361	-0.3708309	-0.649318	2.568299	-0.1998941	-0.8917151	2.479661	

0.0007894594	-0.2007503	2.418819	-0.2916506	-0.2101817	2.24655	0.0510655	-0.3533186	2.387522	-0.2612405	-0.3201445	2.260885	-0.02062358	-0.2958273	2.391381	-0.2481767	-0.2369584	2.261025	-0.2353617	0.5940934	2.444213	-0.2632765	0.4645728	2.42982	-0.2488718	0.3913446	2.4389	-0.2042292	0.166731	2.457201	-0.142683	-0.1397938	2.471596	-0.1397586	0.3901024	2.491765	-0.3483327	0.3177777	2.310888	-0.08915759	-0.1245304	2.477143	-0.1927101	-0.1508171	2.39397	-0.06707295	0.1150369	2.454863	-0.3664993	0.04318795	2.26374	0.01387776	-0.4002774	2.457394	-0.1810748	-0.530655	2.381476	-0.3673305	-0.6463529	2.566669	-0.1986909	-0.8913538	2.468089	

-0.006336629	-0.2289504	2.444301	-0.2924662	-0.2100096	2.247713	0.08991012	-0.4647817	2.396517	-0.2570171	-0.3243693	2.268621	0.0130776	-0.4156263	2.376441	-0.2458556	-0.2374287	2.258021	-0.2371732	0.59406	2.443999	-0.2644494	0.4642116	2.42955	-0.2499775	0.3910584	2.438597	-0.2051089	0.1666287	2.456824	-0.143289	-0.1397415	2.471205	-0.141133	0.3903702	2.492029	-0.3495198	0.3179086	2.310957	-0.08951376	-0.1243454	2.47694	-0.193512	-0.1509988	2.393389	-0.07833513	0.07540805	2.538764	-0.3675393	0.04365268	2.264635	0.03118577	-0.3935813	2.448207	-0.1825057	-0.5299508	2.381477	-0.3545197	-0.6627381	2.565818	-0.1993905	-0.8905563	2.468147	

-0.002277858	-0.2004657	2.417143	-0.2931363	-0.2102504	2.248563	0.04292747	-0.3535435	2.390386	-0.2586285	-0.3203068	2.264877	-0.02830691	-0.2914727	2.39632	-0.244835	-0.23886	2.255125	-0.2379981	0.593912	2.443882	-0.2647237	0.463999	2.429219	-0.2502978	0.390858	2.438266	-0.2055599	0.1664587	2.456494	-0.1439144	-0.1398885	2.470926	-0.1421573	0.3905841	2.49131	-0.3511834	0.3179487	2.311385	-0.08992635	-0.1242319	2.47653	-0.1943935	-0.1515121	2.393287	-0.07308937	0.1145974	2.454231	-0.3690336	0.04398805	2.265444	0.02467412	-0.3960254	2.44853	-0.2145571	-0.5430467	2.421696	-0.3691849	-0.6454306	2.566576	-0.1975138	-0.8964512	2.46899	

-0.005021511	-0.2271719	2.44131	-0.2934387	-0.2103596	2.249543	0.07577722	-0.4645763	2.385292	-0.2571026	-0.3251858	2.27263	0.007793302	-0.4235446	2.381636	-0.243621	-0.2387838	2.255961	-0.2388276	0.5937403	2.443365	-0.2651	0.4639348	2.42912	-0.2507278	0.3908271	2.438119	-0.2061626	0.1665529	2.456164	-0.1447659	-0.1395819	2.470316	-0.1426488	0.3909015	2.491103	-0.3521993	0.3177842	2.311976	-0.09050779	-0.1240161	2.476026	-0.1953643	-0.1511333	2.392652	-0.07983965	0.07593351	2.53784	-0.370524	0.04419856	2.266497	0.02283129	-0.3962746	2.449069	-0.214742	-0.5426024	2.421656	-0.3693209	-0.6453313	2.566284	-0.1976271	-0.8959703	2.468805	

-0.003465241	-0.1996871	2.414795	-0.2938471	-0.2103635	2.249963	0.04288574	-0.3529972	2.38675	-0.257768	-0.3232842	2.267703	-0.0317159	-0.2937224	2.391858	-0.2462503	-0.2379188	2.25834	-0.2389572	0.5935705	2.443105	-0.264931	0.4637423	2.429047	-0.2506507	0.390688	2.438048	-0.2062519	0.1664612	2.456062	-0.1453597	-0.1396777	2.470066	-0.1428425	0.3913583	2.490695	-0.3528383	0.3177665	2.312125	-0.09093078	-0.1239271	2.475641	-0.1961271	-0.1514499	2.392565	-0.07414078	0.1153328	2.452856	-0.3708552	0.04269134	2.266946	0.02188118	-0.3963833	2.448821	-0.2155834	-0.5430284	2.420829	-0.3728424	-0.6450335	2.565931	-0.1978037	-0.8961564	2.468862	

-0.002248758	-0.2333339	2.431362	-0.2942817	-0.2104948	2.250663	0.07780807	-0.473679	2.398535	-0.2607095	-0.3246902	2.272001	0.001587727	-0.4176496	2.368	-0.25031	-0.2371435	2.2623	-0.2389964	0.5932637	2.442845	-0.2648144	0.4635348	2.429119	-0.2505998	0.3905586	2.438087	-0.2062813	0.1664407	2.456061	-0.1456059	-0.139588	2.470029	-0.1428084	0.3915132	2.491144	-0.3531661	0.3177347	2.312222	-0.09114923	-0.1239216	2.475614	-0.1963523	-0.1512633	2.392528	-0.07375751	0.07393273	2.515024	-0.3717355	0.04317795	2.267949	0.02053266	-0.3968676	2.448183	-0.1895384	-0.5246841	2.381488	-0.3725871	-0.6447346	2.564931	-0.1994995	-0.8906882	2.468171	

-0.003459401	-0.1986783	2.413947	-0.2952536	-0.2105718	2.252373	0.04148391	-0.3533511	2.386355	-0.2590638	-0.3247373	2.275542	-0.02862081	-0.2939376	2.391818	-0.2519705	-0.2345609	2.269	-0.2375909	0.5929614	2.441572	-0.2644172	0.463264	2.429021	-0.2503574	0.3903718	2.438021	-0.2062773	0.1664151	2.456052	-0.1458125	-0.1395577	2.470074	-0.1427317	0.3922476	2.491706	-0.3532431	0.317621	2.312281	-0.09144385	-0.1239058	2.475646	-0.1964487	-0.1512266	2.392581	-0.07438836	0.1161759	2.453311	-0.3720917	0.04197457	2.269265	0.0188486	-0.3972552	2.447588	-0.1895659	-0.5246565	2.381488	-0.3722788	-0.6450808	2.562984	-0.1994039	-0.8909146	2.468049	

-0.001703895	-0.2332786	2.430144	-0.2959737	-0.2125684	2.255268	0.07920396	-0.4729366	2.390659	-0.2589706	-0.3256604	2.280233	0.002318197	-0.4219903	2.375829	-0.2501094	-0.2392099	2.266563	-0.2362878	0.5926191	2.441016	-0.2637113	0.4627525	2.428631	-0.2498806	0.3899606	2.437753	-0.2062377	0.1662594	2.456014	-0.1461047	-0.1396962	2.470241	-0.1421564	0.3915197	2.492229	-0.3532376	0.3175679	2.312318	-0.09184331	-0.1242989	2.475845	-0.1966393	-0.1511947	2.392741	-0.07305081	0.07378539	2.514807	-0.3716663	0.03234494	2.271755	0.0237784	-0.3956238	2.444545	-0.1894608	-0.5249872	2.381487	-0.3646845	-0.6607657	2.562114	-0.1987279	-0.8917797	2.467818	

-0.003770338	-0.1996827	2.413621	-0.2965739	-0.2127466	2.256647	0.04138909	-0.3529008	2.38326	-0.2622496	-0.3274263	2.279221	-0.02803866	-0.2987698	2.392545	-0.2508056	-0.2378858	2.26678	-0.2351882	0.5923128	2.440427	-0.2630903	0.4623481	2.428323	-0.2494581	0.3896283	2.437495	-0.2062249	0.1661183	2.455893	-0.1465269	-0.1397863	2.470158	-0.1420879	0.3914167	2.492044	-0.3532594	0.3175158	2.312354	-0.09223519	-0.124647	2.475756	-0.1971101	-0.1510329	2.392661	-0.07524557	0.1150053	2.453416	-0.3728252	0.03597901	2.272619	0.01988164	-0.3973703	2.445328	-0.1887913	-0.5248916	2.38172	-0.3689037	-0.6622217	2.562735	-0.1986698	-0.8911772	2.467677	

0.005011559	-0.2554561	2.423573	-0.2969348	-0.2129602	2.257181	0.06805608	-0.4721397	2.393055	-0.2650068	-0.3267347	2.277607	-0.0009516521	-0.4177515	2.37603	-0.2488662	-0.2405001	2.265585	-0.2341997	0.5921046	2.4398	-0.2626045	0.4620036	2.428082	-0.2490841	0.3892382	2.437258	-0.2062056	0.165586	2.455666	-0.1471507	-0.1407263	2.469954	-0.1342026	0.3697394	2.489043	-0.3532966	0.3174254	2.312543	-0.09244583	-0.1263199	2.47558	-0.1980843	-0.1514913	2.392419	-0.06491233	0.05180028	2.508411	-0.3729891	0.03674128	2.272908	0.01779094	-0.3995546	2.445804	-0.1881672	-0.5262818	2.382799	-0.3774623	-0.6477854	2.562567	-0.198736	-0.8912534	2.467621	

-0.0005951191	-0.216102	2.410964	-0.297284	-0.2136886	2.25775	0.04450284	-0.3659309	2.383345	-0.2667003	-0.3292582	2.273443	-0.02966744	-0.3069405	2.390571	-0.248326	-0.2501829	2.262067	-0.2326678	0.5915518	2.438961	-0.2624624	0.4618693	2.427952	-0.2489859	0.3891238	2.43715	-0.2062242	0.1655376	2.45562	-0.1473415	-0.1407121	2.469967	-0.1360664	0.375621	2.487818	-0.353312	0.3174102	2.31251	-0.09253483	-0.1263624	2.475601	-0.19839	-0.1513408	2.392424	-0.07053523	0.09892695	2.44995	-0.3728454	0.03404443	2.273367	0.0148184	-0.4005225	2.446651	-0.1881323	-0.5294625	2.383962	-0.3774922	-0.6480001	2.562461	-0.1987553	-0.8912409	2.467591	

0.001956167	-0.2473111	2.425108	-0.2974721	-0.2137067	2.25785	0.07050517	-0.4727404	2.391911	-0.2643143	-0.3283942	2.275089	-0.002285142	-0.4150904	2.374655	-0.2474943	-0.2415096	2.263795	-0.2320348	0.5913852	2.437944	-0.2618966	0.461509	2.427477	-0.2485483	0.3888069	2.436728	-0.2061497	0.1653765	2.45538	-0.1474968	-0.140739	2.469864	-0.1371627	0.3783504	2.487743	-0.3533632	0.3172131	2.312435	-0.09268842	-0.1264639	2.47542	-0.1985197	-0.1512935	2.392386	-0.06811263	0.06040402	2.508047	-0.3730016	0.03456126	2.27332	0.01357061	-0.4008589	2.447073	-0.1867657	-0.5294085	2.382745	-0.3771883	-0.6491579	2.562851	-0.1990457	-0.8909822	2.46767	

-0.001676299	-0.210495	2.411416	-0.2974565	-0.2138609	2.257935	0.04041736	-0.3658233	2.383376	-0.2577433	-0.3283137	2.274181	-0.02987981	-0.2939625	2.389826	-0.2461826	-0.2422832	2.262463	-0.2318551	0.5913329	2.43707	-0.2619528	0.461334	2.426432	-0.2485708	0.3885944	2.435839	-0.2061744	0.1651273	2.454908	-0.147516	-0.1408892	2.469803	-0.1378368	0.3813016	2.486162	-0.3536421	0.3168325	2.311814	-0.09266479	-0.1264874	2.475392	-0.1986087	-0.1516456	2.392293	-0.07161713	0.1046211	2.449711	-0.3727119	0.03234954	2.272822	0.01346283	-0.4007846	2.446951	-0.1869822	-0.5291493	2.382439	-0.3532217	-0.6796973	2.569824	-0.1987549	-0.8922057	2.467483	

0.001092666	-0.2432013	2.425981	-0.2974315	-0.2137536	2.258004	0.07095154	-0.4617676	2.390339	-0.2588982	-0.3318683	2.274765	0.003815904	-0.4179691	2.378171	-0.2476909	-0.2405811	2.264131	-0.2315595	0.5907593	2.435143	-0.2616887	0.4609866	2.42559	-0.2483221	0.3882698	2.435032	-0.2060585	0.1649091	2.454275	-0.1475296	-0.1409201	2.46953	-0.1378429	0.3817962	2.485893	-0.3539104	0.3163866	2.311285	-0.09263354	-0.1266087	2.474752	-0.1986143	-0.1516218	2.392237	-0.06910385	0.0642391	2.51002	-0.3728085	0.03288174	2.272625	0.01316952	-0.4008736	2.446664	-0.1860817	-0.5309246	2.382629	-0.3522317	-0.6798879	2.56968	-0.1988045	-0.8923546	2.467271	

-0.0002770468	-0.2084886	2.409737	-0.297339	-0.2137286	2.258065	0.04412469	-0.3589864	2.3838	-0.2554105	-0.3315064	2.274949	-0.02802478	-0.3018426	2.390105	-0.2470118	-0.2435416	2.260901	-0.2313222	0.5908092	2.433637	-0.2615857	0.4607672	2.424989	-0.2482123	0.3880449	2.434457	-0.2059926	0.1646996	2.453818	-0.1475203	-0.1410177	2.469342	-0.1377343	0.3828663	2.486443	-0.3541044	0.3159313	2.310846	-0.09263889	-0.1265861	2.474581	-0.1985524	-0.1518457	2.392034	-0.07057936	0.1065128	2.448547	-0.3728306	0.03310139	2.272508	0.01320716	-0.4006844	2.446823	-0.1860393	-0.5308748	2.382426	-0.3521681	-0.6800008	2.569737	-0.1987708	-0.8923786	2.467119	

0.0007545138	-0.2276115	2.440194	-0.297274	-0.2137382	2.258115	0.07648937	-0.4608395	2.382795	-0.2623847	-0.3338496	2.276443	0.006374069	-0.4275956	2.381083	-0.2473608	-0.2404064	2.263072	-0.2312305	0.5904843	2.433202	-0.2615255	0.460583	2.424786	-0.2481018	0.3878688	2.434275	-0.2057533	0.164546	2.453699	-0.1469991	-0.1411023	2.469386	-0.137499	0.3830726	2.484903	-0.3541051	0.3153302	2.310441	-0.09181735	-0.1266793	2.474594	-0.1982143	-0.1518822	2.392121	-0.06506754	0.07412117	2.547999	-0.3727202	0.03433943	2.272266	0.013357	-0.4008956	2.446716	-0.1859151	-0.5306479	2.382182	-0.3503406	-0.6798223	2.569562	-0.1987267	-0.8924005	2.46698	

-0.0004378906	-0.2079391	2.407689	-0.2970327	-0.2134895	2.258413	0.04406022	-0.3585757	2.381061	-0.2580377	-0.3299704	2.274615	-0.0314637	-0.2873685	2.389737	-0.2436696	-0.2494974	2.255461	-0.2308918	0.5906986	2.431971	-0.2607333	0.4603274	2.424142	-0.2472887	0.3876296	2.433675	-0.2049914	0.1643845	2.453271	-0.146354	-0.1411096	2.469235	-0.1372812	0.3835056	2.484967	-0.3539755	0.3150947	2.310365	-0.09114432	-0.1267195	2.474377	-0.1975557	-0.1518074	2.392056	-0.07006389	0.1071165	2.447624	-0.372573	0.03493312	2.272338	0.01362152	-0.4009523	2.446583	-0.1847342	-0.5314918	2.382391	-0.3480373	-0.6632962	2.571434	-0.1988481	-0.8924243	2.466829	

0.003660568	-0.2265877	2.439703	-0.2967761	-0.2135715	2.258653	0.08075789	-0.4641769	2.380916	-0.2603056	-0.3341123	2.282226	0.009861338	-0.4197342	2.374556	-0.2466091	-0.2432199	2.261006	-0.2299571	0.5903188	2.431287	-0.2601689	0.4603853	2.423682	-0.2467839	0.3876697	2.433251	-0.2047	0.1643901	2.452971	-0.1462823	-0.1411011	2.469127	-0.136943	0.3836321	2.485017	-0.3538103	0.3149242	2.310435	-0.09101287	-0.1268576	2.474179	-0.1974828	-0.1516475	2.391975	-0.06402408	0.07467774	2.547686	-0.3721326	0.03539588	2.272405	0.0138342	-0.4010526	2.446632	-0.2269477	-0.5373333	2.436621	-0.3457955	-0.6609701	2.571289	-0.1959749	-0.8929104	2.465381	

0.00264636	-0.2074349	2.408654	-0.2963719	-0.2137481	2.258914	0.04871215	-0.3595915	2.383716	-0.2612205	-0.3323562	2.279616	-0.023037	-0.3009643	2.387611	-0.2458776	-0.2438088	2.262296	-0.2281412	0.5902122	2.430557	-0.259167	0.4601296	2.422814	-0.2458438	0.3874294	2.432614	-0.2039397	0.164196	2.452865	-0.1454624	-0.1412491	2.469718	-0.1358823	0.383724	2.484813	-0.3528665	0.3145922	2.310002	-0.09033754	-0.1269814	2.474758	-0.1964804	-0.1517641	2.392643	-0.06811402	0.1074847	2.447274	-0.3710537	0.03582319	2.272792	0.01398908	-0.4012823	2.446506	-0.1799487	-0.5331259	2.385378	-0.3466268	-0.6588066	2.572052	-0.1983839	-0.892136	2.467075	

0.004092202	-0.2251839	2.440772	-0.296136	-0.2134299	2.25939	0.0924197	-0.4760004	2.393904	-0.2575854	-0.3335111	2.279947	0.01707984	-0.4389526	2.37628	-0.2467076	-0.243266	2.260868	-0.2262581	0.5903863	2.42954	-0.2578073	0.4602437	2.422398	-0.244595	0.3875032	2.432176	-0.2030829	0.1641772	2.452429	-0.1451082	-0.1412956	2.469409	-0.1352402	0.3841276	2.484665	-0.3521378	0.3144173	2.309932	-0.08984275	-0.1271141	2.474403	-0.1962455	-0.1517156	2.392399	-0.06246358	0.07589086	2.550106	-0.3708692	0.03599476	2.272953	0.01418088	-0.401442	2.446411	-0.2037726	-0.541064	2.41198	-0.346683	-0.657197	2.572943	-0.1985511	-0.8934253	2.467562	

0.001736834	-0.2071504	2.409748	-0.2956736	-0.2139462	2.260242	0.0473118	-0.3596677	2.382016	-0.261082	-0.3288722	2.278102	-0.0238787	-0.3043779	2.390842	-0.2458159	-0.2419813	2.265633	-0.2239239	0.5908094	2.42889	-0.2562277	0.4603508	2.421652	-0.2431363	0.387618	2.431557	-0.2020375	0.1643121	2.452167	-0.1445583	-0.1411159	2.469507	-0.1346063	0.3846015	2.485039	-0.3512975	0.3145116	2.309867	-0.0892195	-0.1269696	2.474749	-0.1956932	-0.1514456	2.392308	-0.06867119	0.1078689	2.448135	-0.3681288	0.03060363	2.273629	0.0142124	-0.4014019	2.446566	-0.1901485	-0.5300032	2.392889	-0.3474218	-0.6560624	2.573593	-0.198349	-0.8909342	2.467142	

0.003888104	-0.2240138	2.441721	-0.2952137	-0.2141501	2.260861	0.07139692	-0.4616881	2.387088	-0.2599545	-0.3291659	2.276794	0.00371842	-0.4164349	2.37753	-0.2468852	-0.2508288	2.258486	-0.222361	0.5913954	2.428994	-0.2555413	0.460522	2.421726	-0.2424394	0.3877775	2.431626	-0.2013626	0.164439	2.452242	-0.1440243	-0.1409995	2.469645	-0.1341346	0.3849794	2.484633	-0.3507658	0.314577	2.309822	-0.08865523	-0.126919	2.474636	-0.1950943	-0.1511931	2.392797	-0.06176728	0.07707392	2.55162	-0.3666913	0.02825033	2.273471	0.0143343	-0.4014849	2.446604	-0.2531412	-0.5254691	2.464762	-0.3453675	-0.6540418	2.572434	-0.19819	-0.8906971	2.467441	

0.002049363	-0.2067251	2.409258	-0.2948624	-0.2143058	2.261334	0.04730245	-0.3595796	2.381416	-0.2605168	-0.3307912	2.279038	-0.02770973	-0.2912502	2.39016	-0.246494	-0.244635	2.261915	-0.2214139	0.5917027	2.428788	-0.2549674	0.4607162	2.421786	-0.2418433	0.3879493	2.431674	-0.2007318	0.1645447	2.45227	-0.1434419	-0.1409525	2.469702	-0.1336506	0.3851871	2.484528	-0.350024	0.3145557	2.309775	-0.08796515	-0.1269963	2.474712	-0.1946296	-0.151023	2.392844	-0.06822131	0.1083488	2.447395	-0.3663108	0.03058336	2.27378	0.01459255	-0.4015915	2.446507	-0.1829395	-0.5276623	2.38344	-0.3443906	-0.6528383	2.572505	-0.197981	-0.8909279	2.467183	

0.003812288	-0.2231862	2.441917	-0.2946515	-0.2143525	2.261677	0.07475503	-0.4598382	2.388812	-0.2605595	-0.3305417	2.283798	0.006945021	-0.4088632	2.374824	-0.2462724	-0.2435509	2.262825	-0.2206903	0.5918357	2.428754	-0.2543217	0.4608396	2.421842	-0.2412258	0.388072	2.431731	-0.200227	0.1646679	2.452345	-0.1431147	-0.1408089	2.469833	-0.1332462	0.3857954	2.484416	-0.3496597	0.3145416	2.309916	-0.08751196	-0.1267842	2.47498	-0.1944251	-0.1509233	2.392882	-0.06123152	0.07797321	2.552006	-0.3665881	0.03207328	2.273973	0.01505388	-0.4013876	2.446555	-0.2198418	-0.4839754	2.424605	-0.3397467	-0.648998	2.570554	-0.1979853	-0.8908358	2.467155	

0.002324397	-0.2060768	2.409005	-0.2944928	-0.2144746	2.261779	0.04794167	-0.3593875	2.383159	-0.2572466	-0.3328532	2.284709	-0.02071302	-0.3072652	2.393125	-0.2472886	-0.2417904	2.264547	-0.2195615	0.592058	2.428717	-0.2533483	0.461116	2.421904	-0.2404159	0.388308	2.431747	-0.1998365	0.1648046	2.452282	-0.1430597	-0.1407493	2.469774	-0.1323249	0.3860646	2.484305	-0.3490366	0.3145252	2.310082	-0.08743981	-0.1268083	2.474956	-0.1943918	-0.1506527	2.39272	-0.06634212	0.1093806	2.446817	-0.3666351	0.03306016	2.273827	0.01509875	-0.4013496	2.446708	-0.2073933	-0.5389488	2.418551	-0.3422458	-0.6484608	2.572634	-0.197908	-0.8923063	2.468082	

0.003812283	-0.2229854	2.442277	-0.2943054	-0.2142155	2.262099	0.07763689	-0.4646764	2.382516	-0.2642916	-0.3314311	2.284708	0.003122946	-0.4170425	2.378059	-0.2453791	-0.2471429	2.264515	-0.2190968	0.5920086	2.428792	-0.2530754	0.4611118	2.421783	-0.2401315	0.3882923	2.43166	-0.1995233	0.1647545	2.452304	-0.1427293	-0.1408376	2.469994	-0.1316555	0.3860573	2.484452	-0.3487739	0.3144194	2.310182	-0.08688131	-0.1270292	2.47551	-0.1942421	-0.1506629	2.392757	-0.05989803	0.07835609	2.552672	-0.366783	0.03409288	2.27398	0.01521729	-0.4017494	2.446707	-0.1798638	-0.4630405	2.371962	-0.3439294	-0.6510948	2.573672	-0.1971461	-0.892679	2.467783	

0.002692922	-0.2059398	2.40927	-0.294324	-0.2143283	2.262613	0.04489199	-0.3582487	2.380757	-0.2641733	-0.3285517	2.27928	-0.02499533	-0.2948475	2.393	-0.2445038	-0.2530546	2.262117	-0.2184645	0.5918416	2.428872	-0.2524249	0.4612772	2.42184	-0.2395739	0.3884346	2.431717	-0.1992351	0.1648361	2.452358	-0.1426891	-0.1408047	2.47004	-0.1314717	0.3863396	2.484382	-0.3486019	0.314433	2.310138	-0.08684417	-0.1270033	2.475573	-0.1942097	-0.1506224	2.392785	-0.06655082	0.1093815	2.447201	-0.3669306	0.03457014	2.274289	0.01518188	-0.4017459	2.446857	-0.1783159	-0.5446426	2.391539	-0.3440677	-0.6510599	2.573893	-0.2024596	-0.8887691	2.476504	

0.004417717	-0.2219695	2.442272	-0.2942093	-0.2146706	2.263508	0.08897796	-0.4718567	2.389408	-0.2603388	-0.3340859	2.283666	0.006789568	-0.4214268	2.381143	-0.2447586	-0.2456059	2.268723	-0.2182275	0.5919277	2.428847	-0.252209	0.4612295	2.42187	-0.2393665	0.3883815	2.431759	-0.1990712	0.1647701	2.452438	-0.142615	-0.1408787	2.470187	-0.1309322	0.3865581	2.485059	-0.3485081	0.3144547	2.310196	-0.08675113	-0.1269716	2.475683	-0.1941709	-0.1508598	2.393012	-0.05931521	0.07898035	2.553824	-0.3656123	0.02844832	2.275196	0.01517654	-0.4016537	2.446857	-0.1780846	-0.5341293	2.383421	-0.3453687	-0.6520357	2.575279	-0.1970425	-0.8927076	2.46767	

0.002994459	-0.2141063	2.408322	-0.2942115	-0.2146638	2.263767	0.04791766	-0.3656887	2.38182	-0.2554453	-0.3338562	2.284403	-0.02499837	-0.303297	2.391333	-0.245859	-0.2422913	2.272345	-0.2179304	0.5919377	2.428822	-0.2520566	0.4612643	2.421777	-0.2392422	0.3883911	2.431684	-0.1990167	0.1647304	2.452403	-0.1426411	-0.1410009	2.470186	-0.1276128	0.3786296	2.486099	-0.3484541	0.3144812	2.310242	-0.08672483	-0.1273194	2.47564	-0.1942247	-0.1508788	2.393024	-0.06349988	0.1016018	2.448127	-0.3656479	0.0278074	2.275386	0.01521652	-0.4018819	2.447003	-0.1780398	-0.534342	2.38356	-0.3465934	-0.6525826	2.576724	-0.1971109	-0.89268	2.467465	

0.004452884	-0.2126599	2.409576	-0.2942649	-0.2146234	2.263999	0.04794646	-0.3659988	2.383821	-0.2636394	-0.3335374	2.288119	-0.02145415	-0.3066102	2.388597	-0.2459107	-0.2418902	2.271688	-0.2178272	0.5919201	2.428808	-0.2520491	0.461251	2.421787	-0.2392221	0.3883645	2.431701	-0.1989384	0.1646375	2.452462	-0.142497	-0.1412115	2.470349	-0.1282113	0.3797083	2.48665	-0.3484127	0.3144403	2.310285	-0.08667826	-0.1273451	2.475657	-0.1939821	-0.1513971	2.393457	-0.06386995	0.1027436	2.448477	-0.3658424	0.02962977	2.275665	0.01516696	-0.4019574	2.447131	-0.2231755	-0.5362706	2.437809	-0.3469789	-0.6526134	2.577491	-0.1942223	-0.8918645	2.46526	

0.004776338	-0.236723	2.444026	-0.2943746	-0.2144617	2.264073	0.05963398	-0.3536186	2.390299	-0.2604742	-0.3365823	2.283761	-0.01634511	-0.2913048	2.395209	-0.2467358	-0.2421606	2.2757	-0.2177969	0.591823	2.428893	-0.2521918	0.4610066	2.42199	-0.2393268	0.3880661	2.4319	-0.1989335	0.1640985	2.452671	-0.1423462	-0.1422027	2.470592	-0.1262132	0.3719057	2.48703	-0.3484639	0.3141788	2.310366	-0.08637603	-0.1280179	2.475955	-0.1940729	-0.1526751	2.393596	-0.05519387	0.06456665	2.556662	-0.367124	0.03345124	2.275996	0.01553	-0.4025224	2.447325	-0.2018921	-0.5382316	2.411848	-0.3462842	-0.6524639	2.5774	-0.1968995	-0.8927062	2.467121	

0.002770166	-0.232639	2.444888	-0.2945234	-0.2142679	2.26415	0.05443792	-0.3502007	2.388866	-0.2668533	-0.3348972	2.283691	-0.01838955	-0.2833183	2.393421	-0.2465203	-0.2410773	2.273838	-0.2178403	0.5917691	2.428836	-0.2520317	0.4607251	2.422426	-0.2391723	0.3878121	2.432286	-0.1988206	0.1639314	2.452922	-0.1423207	-0.1422588	2.470715	-0.1279782	0.3762555	2.487178	-0.3484603	0.3141374	2.310399	-0.08639598	-0.1279849	2.476074	-0.1939933	-0.1528348	2.39374	-0.05702198	0.06890322	2.556937	-0.3676573	0.03493421	2.275799	0.01555841	-0.402411	2.447441	-0.1808462	-0.5446487	2.391403	-0.3463719	-0.6527127	2.577683	-0.1966211	-0.8927671	2.466647	

0.002024438	-0.2308986	2.44499	-0.2948061	-0.2140234	2.264436	0.05718154	-0.346845	2.389588	-0.2611741	-0.3350319	2.284763	-0.01623728	-0.3040908	2.392286	-0.2461343	-0.2442713	2.269083	-0.2180519	0.5917034	2.428878	-0.2521456	0.4605827	2.422545	-0.2392512	0.3877076	2.432352	-0.1988458	0.1638978	2.45291	-0.1423576	-0.1422451	2.470584	-0.1301246	0.3782048	2.485791	-0.3484654	0.3140849	2.310433	-0.08641547	-0.1279875	2.476007	-0.1940705	-0.152761	2.393494	-0.0591864	0.07084642	2.555621	-0.367986	0.03544711	2.275913	0.01550678	-0.4023535	2.447505	-0.1797314	-0.5433021	2.389621	-0.3465631	-0.6527213	2.577909	-0.1966417	-0.8927462	2.466556	

-0.002758429	-0.2294564	2.446871	-0.2949272	-0.2138833	2.264631	0.04534768	-0.3452483	2.385028	-0.2613158	-0.3331924	2.279745	-0.01741758	-0.3061167	2.3935	-0.2455314	-0.2440304	2.269052	-0.2185384	0.5916034	2.429145	-0.2528941	0.460229	2.422511	-0.2397821	0.3874452	2.432333	-0.1989572	0.1638344	2.452911	-0.1423374	-0.1422282	2.470597	-0.1319892	0.380862	2.48573	-0.3486391	0.3138892	2.310502	-0.0864163	-0.1279275	2.476035	-0.1940232	-0.1527575	2.393497	-0.0610741	0.07349134	2.555617	-0.368448	0.03611309	2.27603	0.01599547	-0.4020537	2.44746	-0.1796279	-0.543008	2.388792	-0.3466887	-0.6518943	2.577482	-0.1966994	-0.8928283	2.466447	

-0.003778347	-0.2286664	2.445954	-0.2949365	-0.213897	2.264588	0.05457648	-0.3442427	2.383428	-0.2560928	-0.3382843	2.285278	-0.01702347	-0.2961919	2.3822	-0.2450125	-0.2395852	2.271645	-0.2188402	0.5914544	2.429094	-0.253062	0.4601423	2.422497	-0.239933	0.3873675	2.432288	-0.1990801	0.163783	2.452759	-0.1424497	-0.1421867	2.470193	-0.1329357	0.3815825	2.485062	-0.3489738	0.3136652	2.310404	-0.08654701	-0.1278418	2.475537	-0.1941334	-0.152723	2.39315	-0.06202556	0.07420924	2.554975	-0.3683079	0.0327124	2.275218	0.01630056	-0.4018117	2.447252	-0.2239493	-0.5382901	2.432597	-0.3468089	-0.651051	2.577116	-0.1942266	-0.8929214	2.465104	

-0.002644644	-0.2526321	2.440871	-0.2949151	-0.2138953	2.264545	0.07794122	-0.3819546	2.379193	-0.2577184	-0.3405559	2.282557	-0.007774538	-0.3145186	2.390028	-0.2456643	-0.2430283	2.269561	-0.2149115	0.5894454	2.424371	-0.2493332	0.4579185	2.41924	-0.2366628	0.3850396	2.429415	-0.1969424	0.1612409	2.450825	-0.1414856	-0.1448699	2.469245	-0.1180608	0.3601755	2.478414	-0.345006	0.3111868	2.306732	-0.08491462	-0.1310752	2.474637	-0.1937699	-0.1547825	2.392168	-0.04732215	0.0529402	2.548357	-0.3668832	0.02847631	2.273304	0.01810268	-0.404691	2.44814	-0.1761247	-0.5292453	2.361938	-0.3468344	-0.6523872	2.578592	-0.1972509	-0.8931806	2.466236	

0.01898462	-0.305875	2.451413	-0.290015	-0.2420916	2.263289	0.05665357	-0.5213611	2.407698	-0.2590951	-0.3784153	2.266115	-0.001462971	-0.4615828	2.394857	-0.2396778	-0.271185	2.270556	-0.1601472	0.5375319	2.380279	-0.2012619	0.4025238	2.379619	-0.1928555	0.3293702	2.396876	-0.1664357	0.105041	2.439564	-0.129709	-0.2009105	2.486705	-0.07308678	0.2978349	2.458509	-0.3060378	0.2628178	2.27842	-0.07040574	-0.1882203	2.490179	-0.1853347	-0.2078212	2.41153	-0.02108606	-0.0008481449	2.56179	-0.3563819	-0.01227978	2.26213	0.02240204	-0.4645557	2.458412	-0.1389337	-0.5587228	2.334485	-0.312629	-0.6697779	2.617773	-0.1841926	-0.8964116	2.456249	

0.03186994	-0.3820513	2.443707	-0.2878651	-0.3415437	2.258214	0.04940813	-0.5365424	2.421606	-0.2347073	-0.461996	2.260292	-0.001919744	-0.4804774	2.415286	-0.206717	-0.3534909	2.273	-0.1058665	0.4357588	2.32951	-0.1450766	0.2991658	2.33124	-0.1444235	0.2261899	2.356236	-0.1417895	0.002829761	2.42189	-0.1375148	-0.3009886	2.499369	-0.01798543	0.1876557	2.46366	-0.2592099	0.1604752	2.241653	-0.08252677	-0.290135	2.498762	-0.1886232	-0.3032511	2.428554	0.0009479637	-0.07797776	2.513365	-0.3337618	-0.108051	2.249545	-0.0353373	-0.5647425	2.378311	-0.08608647	-0.6125024	2.324521	-0.4057856	-0.6073184	2.66864	-0.1830121	-0.9226084	2.460646	

-0.02846231	-0.3861206	2.550464	-0.2912474	-0.406627	2.26541	0.000667534	-0.4128873	2.484992	-0.2506203	-0.5280827	2.261297	-0.002727136	-0.404142	2.473	-0.2068311	-0.4339072	2.281485	-0.06405553	0.3572688	2.292058	-0.107956	0.2231759	2.294378	-0.1121247	0.1504434	2.324266	-0.1242988	-0.07182129	2.404438	-0.1402098	-0.3735414	2.501115	0.007489531	0.09873698	2.384666	-0.2291405	0.08156802	2.228151	-0.07800464	-0.3617005	2.492613	-0.1984662	-0.3747621	2.438463	0.005716638	-0.1506284	2.552638	-0.3255601	-0.1717063	2.255365	-0.02663985	-0.6316374	2.363218	-0.02934241	-0.630784	2.349882	-0.4060782	-0.6250228	2.669749	-0.1813099	-0.9314283	2.457581	

0.02252777	-0.3913694	2.546192	-0.3223606	-0.4166282	2.280572	0.007581567	-0.4590143	2.502621	-0.3079853	-0.55482	2.291836	-0.01177807	-0.4125165	2.469833	-0.2606084	-0.4445926	2.335929	-0.02982228	0.3292625	2.283207	-0.07152754	0.1902808	2.27886	-0.08564031	0.1242824	2.317813	-0.1157203	-0.08599501	2.414484	-0.1492443	-0.3860904	2.549443	0.04589965	0.06655294	2.390503	-0.2138762	0.06608909	2.224347	-0.08760242	-0.3751209	2.544822	-0.2062138	-0.3855274	2.479975	0.02826444	-0.1568786	2.517825	-0.3307119	-0.1807711	2.261026	-0.03560352	-0.6274187	2.326429	-0.03204862	-0.6456739	2.336164	-0.404472	-0.7168517	2.617207	-0.1636515	-0.9466382	2.464323	

0.0297929	-0.4636599	2.555445	-0.3360765	-0.4196351	2.284786	0.01780038	-0.4866115	2.498427	-0.3278266	-0.5412123	2.281229	0.01327104	-0.4657143	2.477714	-0.2865697	-0.5132601	2.259357	-0.02829885	0.3287004	2.283434	-0.06962235	0.1905513	2.278479	-0.08240902	0.1228318	2.31684	-0.1133024	-0.09227147	2.415171	-0.1522003	-0.3935596	2.546608	0.04880647	0.05790069	2.394877	-0.2117644	0.06529777	2.223927	-0.09314857	-0.3837192	2.540921	-0.2072997	-0.3923651	2.479049	0.01406195	-0.2315259	2.51933	-0.3325794	-0.184126	2.262762	-0.01817404	-0.5705416	2.294023	-0.06471483	-0.6701346	2.321555	-0.1489837	-0.8983572	2.437196	-0.1704932	-0.9688382	2.473146	

0.03171969	-0.4673644	2.526702	-0.35352	-0.4074236	2.288435	0.02761959	-0.4556809	2.459949	-0.3507076	-0.504713	2.292832	0.0274742	-0.4532822	2.447	-0.3031978	-0.4698004	2.278228	-0.01962986	0.3496591	2.288552	-0.06136036	0.2184617	2.278709	-0.07482397	0.1422117	2.317065	-0.1103202	-0.08450881	2.418368	-0.1526733	-0.3901526	2.548508	0.05151752	0.06002429	2.39929	-0.2119402	0.07585266	2.224086	-0.09388801	-0.3817486	2.541318	-0.2071049	-0.3865196	2.484614	0.01642118	-0.2308269	2.520841	-0.3394898	-0.1735585	2.258972	-0.0121705	-0.5687152	2.296966	-0.05761205	-0.6115406	2.318675	-0.150296	-0.9005252	2.436284	-0.2259883	-0.9445246	2.493664	

0.01770444	-0.4288608	2.45334	-0.3541048	-0.3898965	2.284295	0.02011889	-0.4925995	2.371644	-0.3440724	-0.4778062	2.283198	-0.01726079	-0.4402908	2.37575	-0.294468	-0.4622584	2.265375	-0.0169729	0.3827987	2.295147	-0.06020622	0.2501359	2.283337	-0.07355011	0.1774752	2.319141	-0.1131852	-0.04731011	2.415613	-0.1670974	-0.3491594	2.533227	0.05242327	0.09962709	2.396716	-0.1931613	0.1236482	2.218417	-0.1056593	-0.3477317	2.523137	-0.2239604	-0.3405578	2.47262	0.01956103	-0.1953263	2.510986	-0.3444834	-0.1489469	2.250714	-0.0008202752	-0.5566598	2.312099	-0.05214694	-0.605738	2.318705	-0.1506505	-0.9043004	2.437058	-0.2070899	-0.9004768	2.43664	

0.06039113	-0.3819118	2.381555	-0.3124799	-0.349721	2.257156	0.09813049	-0.505441	2.341429	-0.2402439	-0.4110293	2.335238	0.02399488	-0.437776	2.3458	-0.2338599	-0.347318	2.274375	-0.02582076	0.4801092	2.318457	-0.06886684	0.3586084	2.297899	-0.07825966	0.2823301	2.329112	-0.1065133	0.04864508	2.413445	-0.144376	-0.2692688	2.515745	0.03862443	0.2127776	2.402078	-0.1879133	0.2147937	2.21045	-0.08770745	-0.2624674	2.506069	-0.1969765	-0.2684191	2.453902	0.02365421	-0.08527198	2.514873	-0.3380636	-0.07194482	2.23208	0.01053098	-0.4916622	2.316789	-0.09699789	-0.5471727	2.316992	-0.1385287	-0.9407836	2.414179	-0.1632145	-0.8939056	2.437205	

0.07327258	-0.3253547	2.384413	-0.3086074	-0.2180271	2.233037	0.1184778	-0.4504727	2.352861	-0.2918382	-0.3041187	2.257018	0.03813426	-0.3826246	2.3397	-0.2396173	-0.227486	2.271871	-0.02782087	0.5403488	2.326442	-0.07167141	0.4216407	2.3035	-0.07928195	0.3447783	2.333478	-0.102111	0.1090238	2.41424	-0.1326415	-0.2121208	2.511909	0.03424904	0.2607668	2.421513	-0.1907793	0.274042	2.208338	-0.07790404	-0.2041568	2.505422	-0.1836346	-0.2140366	2.446708	0.02186155	-0.03799393	2.533814	-0.3373061	0.01839992	2.220268	0.1385005	-0.3784995	2.372591	-0.1246689	-0.5845681	2.340264	-0.04408017	-0.828279	2.404655	-0.1665889	-0.9187543	2.447735	

0.07925969	-0.03365034	2.516163	-0.2770634	-0.01224334	2.210586	0.1147509	-0.1047685	2.443144	-0.2338855	-0.1120363	2.247993	0.08372329	-0.04518136	2.443125	-0.2235581	-0.01245193	2.270478	-0.005329957	0.7108772	2.309697	-0.06877262	0.5997423	2.290835	-0.07763591	0.5206955	2.320802	-0.1043074	0.2774982	2.401934	-0.140086	-0.05480202	2.500486	0.03560752	0.4597175	2.436527	-0.195224	0.472437	2.201706	-0.0998845	-0.04145717	2.499182	-0.1762978	-0.06658385	2.429894	0.03320247	0.2011334	2.542821	-0.317257	0.234036	2.192769	0.1439158	-0.1937018	2.391927	-0.1614763	-0.4634905	2.378405	-0.03187645	-0.6493161	2.398259	-0.1534114	-0.8166967	2.428779	

0.06891593	0.05068845	2.513345	-0.274362	0.04814288	2.200818	0.09269143	-0.01982908	2.450493	-0.2354887	-0.08494738	2.22544	0.06631971	0.0377421	2.444667	-0.2092667	0.02034553	2.262714	0.01144303	0.7696477	2.289381	-0.0599755	0.6667699	2.280633	-0.06542376	0.5954217	2.30825	-0.08175197	0.3753856	2.382568	-0.103602	0.07400956	2.472586	0.04203165	0.5233378	2.420624	-0.1848207	0.537842	2.203353	-0.04863819	0.08429115	2.482775	-0.1556253	0.06156099	2.390446	0.04282713	0.2893925	2.529028	-0.3018778	0.3008856	2.186816	0.02920156	-0.1713158	2.304478	-0.03113317	-0.2217654	2.243832	-0.1896536	-0.5184525	2.460049	-0.1952242	-0.5263749	2.458067	

0.0802165	-0.01219494	2.50508	-0.2739374	0.04634368	2.200819	0.09444451	-0.0375862	2.438159	-0.2499609	-0.09661309	2.226343	0.08481267	-0.01074701	2.4308	-0.1904825	-0.003786867	2.26275	0.01146545	0.7702937	2.289739	-0.06027332	0.6680798	2.282216	-0.06602361	0.5973631	2.311048	-0.08387779	0.3799814	2.39116	-0.1092327	0.0839829	2.493965	0.04218072	0.5230198	2.419869	-0.1848315	0.5378854	2.203438	-0.05498498	0.09103753	2.497638	-0.1598696	0.07522353	2.419868	0.04016821	0.2241745	2.525213	-0.3014332	0.3005599	2.186349	0.0147453	-0.1629732	2.275982	-0.0306958	-0.1288467	2.151202	-0.1665298	-0.4204722	2.452507	-0.1729725	-0.4838153	2.438927	

0.08376722	-0.01625395	2.484573	-0.269112	0.02896175	2.20052	0.09306092	-0.07352544	2.418454	-0.2526826	-0.1021913	2.22685	0.08691198	-0.05050026	2.415	-0.1959218	-0.00278646	2.259393	0.009771678	0.7755944	2.29233	-0.06186366	0.6707556	2.28597	-0.06747955	0.5991462	2.314353	-0.08476515	0.3797108	2.392774	-0.1098811	0.0803902	2.493692	0.04212462	0.5230773	2.418575	-0.1866889	0.5382815	2.202629	-0.05386708	0.0842763	2.496094	-0.1618899	0.07300514	2.420011	0.04438706	0.2196498	2.514572	-0.2853189	0.2674057	2.183512	-0.002562489	-0.1056293	2.239845	-0.03212956	-0.1305687	2.152046	-0.1008079	-0.5477786	2.40889	-0.164062	-0.4929623	2.435667	

0.08374221	-0.03412724	2.480129	-0.2475317	-0.03963048	2.189541	0.1202163	-0.1036937	2.418142	-0.2132741	-0.16148	2.20362	0.1003167	-0.05535841	2.418455	-0.1740559	-0.07764741	2.245286	0.004143483	0.7186267	2.327229	-0.05840587	0.6061447	2.306453	-0.059231	0.5300701	2.33099	-0.061495	0.2959073	2.395896	-0.06428905	-0.02437419	2.473023	0.03986919	0.4932218	2.401891	-0.1796033	0.463444	2.203734	-0.006769278	-0.01419221	2.474235	-0.1199988	-0.03385735	2.399791	0.06631168	0.2047584	2.504258	-0.2694362	0.1983556	2.175337	0.1176417	-0.2592664	2.330477	-0.04139793	-0.3653235	2.276668	0.01968079	-0.7376217	2.327684	-0.269006	-0.4437238	2.553948	

0.1392478	-0.3304357	2.335482	-0.2122176	-0.2214303	2.157805	0.1808174	-0.4747668	2.294259	-0.1685425	-0.3539491	2.180962	0.1092918	-0.4144336	2.288909	-0.156801	-0.2493086	2.221445	0.00243136	0.5407856	2.343319	-0.05632478	0.4265663	2.321082	-0.05641702	0.3486266	2.335796	-0.05646018	0.1094487	2.370814	-0.05625474	-0.2170585	2.407446	0.05046966	0.280484	2.417553	-0.1616582	0.2845585	2.204453	0.005200943	-0.2150361	2.414608	-0.1161153	-0.2126156	2.328538	0.09265933	-0.03569369	2.470513	-0.2425687	0.01588174	2.158923	0.204997	-0.425733	2.346253	-0.07190806	-0.5981755	2.305043	-0.0628254	-0.7243035	2.326491	-0.2377164	-0.6339763	2.608057	

0.1296015	-0.3887311	2.342532	-0.1692624	-0.3137179	2.163797	0.1400778	-0.5289616	2.316972	-0.1422565	-0.4363977	2.186604	0.09985181	-0.472501	2.304727	-0.1102206	-0.3659435	2.152478	0.09913236	0.4559768	2.299999	0.0214145	0.352901	2.286217	0.01471282	0.2766812	2.302773	-0.005791747	0.04299819	2.343156	-0.03370434	-0.2756427	2.386765	0.1124019	0.204333	2.378601	-0.08786718	0.2067537	2.179356	0.0204964	-0.2697565	2.403517	-0.08698439	-0.273277	2.29845	0.1023844	-0.09592072	2.486892	-0.1879935	-0.07699668	2.150199	0.140816	-0.5335633	2.366283	0.03705782	-0.5879426	2.262084	-0.07945652	-0.9000121	2.402013	-0.2172516	-0.7304405	2.5219	

0.1113648	-0.3210563	2.463743	-0.14097	-0.3025454	2.147527	0.1191083	-0.3297934	2.399532	-0.1149088	-0.4235686	2.184212	0.08374591	-0.262358	2.413636	-0.06953266	-0.3375662	2.15236	0.1030229	0.4661174	2.296713	0.03075571	0.365274	2.280625	0.0241195	0.2883788	2.30054	0.006379712	0.05566979	2.351198	-0.01211779	-0.2573915	2.420302	0.118915	0.2104034	2.368506	-0.07533681	0.2187398	2.173495	0.03845429	-0.2471793	2.430748	-0.06148719	-0.2601955	2.339803	0.1107263	-0.08306935	2.49156	-0.168364	-0.06632733	2.136106	0.1327307	-0.5202857	2.362735	0.03774145	-0.5806169	2.268023	-0.08081473	-0.9001088	2.40092	-0.2464603	-0.6512888	2.53191	

0.1225909	-0.2444599	2.470392	-0.1163345	-0.2817436	2.137767	0.1337872	-0.2836477	2.426062	-0.05315789	-0.422073	2.179226	0.07639868	-0.1967728	2.433834	-0.03101861	-0.3002122	2.167	0.1217285	0.49856	2.288205	0.04512329	0.3894175	2.274425	0.03915679	0.3143615	2.296192	0.02038211	0.08311672	2.352788	-0.005047519	-0.2346171	2.420824	0.13607	0.2756354	2.35888	-0.05949797	0.242397	2.166027	0.04544541	-0.2203057	2.432493	-0.05517567	-0.2415874	2.338253	0.1281535	-0.005618323	2.482339	-0.1424363	-0.04557834	2.123438	0.1309159	-0.4968143	2.36576	0.03038788	-0.5705391	2.270996	-0.08354969	-0.8990133	2.400715	-0.2492274	-0.6475176	2.531322	

0.141996	-0.2117564	2.470984	-0.09283931	-0.2449651	2.136474	0.172826	-0.2887978	2.414044	-0.03796215	-0.3750969	2.185836	0.1336694	-0.2123941	2.395693	-0.012747	-0.2670538	2.169905	0.1247212	0.5387386	2.271335	0.05176128	0.4363855	2.254575	0.04826311	0.3609265	2.277123	0.03750185	0.1298158	2.335424	0.02261473	-0.185858	2.403293	0.1375958	0.3079899	2.344102	-0.04868395	0.287515	2.150201	0.07185674	-0.1735332	2.413508	-0.02737503	-0.1926477	2.321258	0.129664	0.02644442	2.467654	-0.1280691	-0.00377849	2.121159	0.1448868	-0.4692038	2.360406	0.041296	-0.5491141	2.278637	-0.07591535	-0.8926025	2.398697	-0.2053109	-0.6164588	2.518799	

0.169062	-0.2335639	2.443805	-0.09089525	-0.246642	2.137357	0.1693694	-0.3124628	2.403028	-0.04776326	-0.3860143	2.172258	0.1364356	-0.2503913	2.394167	-0.006434434	-0.2793433	2.1725	0.1332381	0.5245248	2.252432	0.06928275	0.4056108	2.241233	0.06434309	0.3337047	2.267691	0.05011166	0.1105265	2.335155	0.03319803	-0.1990696	2.41217	0.1672023	0.2669742	2.327595	-0.03768904	0.2664895	2.147367	0.08618072	-0.1873105	2.421042	-0.02023449	-0.2053626	2.331661	0.1783094	0.004782779	2.470576	-0.1226519	-0.01098575	2.122752	0.1443565	-0.4717175	2.361459	0.05124424	-0.5504143	2.280937	0.03345349	-0.8783938	2.374733	-0.1424295	-0.6008911	2.566301	

0.1767392	-0.2647731	2.439734	-0.08089801	-0.2861975	2.156717	0.1707443	-0.3308946	2.432269	-0.0550641	-0.4331769	2.204586	0.136186	-0.2527597	2.411345	-0.009329963	-0.3300195	2.16697	0.1613152	0.4690591	2.21555	0.08991978	0.3511571	2.219734	0.08359082	0.2785474	2.249023	0.06390008	0.05587286	2.327638	0.03657608	-0.244774	2.421846	0.1960446	0.1999156	2.333555	-0.02612194	0.2126044	2.140309	0.09159154	-0.2308916	2.427905	-0.01965901	-0.2512837	2.344175	0.1871454	-0.02720172	2.429546	-0.1083538	-0.05197889	2.130216	0.1460092	-0.5154157	2.370631	0.06841577	-0.5551512	2.257769	0.03335699	-0.8784026	2.37282	-0.09681571	-0.6471028	2.549549	

0.1769222	-0.305398	2.452147	-0.0811772	-0.288768	2.15706	0.147145	-0.3502512	2.428012	-0.05841281	-0.4321325	2.20717	0.1269598	-0.2711616	2.422455	-0.009545887	-0.335167	2.160976	0.1612178	0.4693263	2.213978	0.089334	0.3517498	2.218323	0.08308088	0.2791235	2.247528	0.06363121	0.05639866	2.325838	0.03672488	-0.2448961	2.419776	0.1959126	0.1999085	2.333441	-0.02598064	0.2127118	2.139602	0.09170961	-0.2313337	2.425989	-0.01946436	-0.2510822	2.341867	0.1667618	-0.06840965	2.438951	-0.1089832	-0.05454989	2.130793	0.1425405	-0.5168584	2.377156	0.07086387	-0.5560847	2.253689	0.03116353	-0.8806129	2.37126	-0.09379172	-0.6424869	2.547455	

0.1709847	-0.2637825	2.464795	-0.08882767	-0.288082	2.157045	0.1535552	-0.4054233	2.461137	-0.06979622	-0.422382	2.204179	0.1323824	-0.3199276	2.409467	-0.01570062	-0.349192	2.154649	0.1610327	0.473343	2.21033	0.08864557	0.354645	2.216657	0.08277274	0.2818208	2.245668	0.06448808	0.0587609	2.32318	0.03973675	-0.2435469	2.415572	0.1921038	0.2126668	2.327188	-0.02571703	0.2143835	2.138098	0.09447308	-0.2308281	2.421397	-0.01619884	-0.2489172	2.337952	0.1735867	-0.02721977	2.444635	-0.1093572	-0.0532032	2.13046	0.1445308	-0.5162574	2.392796	0.07286634	-0.5561056	2.251487	0.02788197	-0.8831681	2.368676	-0.07662836	-0.598209	2.56215	

0.169482	-0.2551788	2.47125	-0.09085623	-0.2866385	2.158511	0.1524123	-0.3508428	2.43226	-0.07474694	-0.4179235	2.209378	0.1374701	-0.2886787	2.413	-0.0217986	-0.3599546	2.156429	0.1493831	0.4882316	2.206232	0.08118064	0.365342	2.212125	0.07728466	0.2915591	2.241672	0.06355853	0.06610294	2.320542	0.04305058	-0.2381835	2.414238	0.1880197	0.2226901	2.329216	-0.02676138	0.2208205	2.135262	0.09685179	-0.226822	2.41981	-0.01192469	-0.242214	2.337015	0.1748435	-0.01807482	2.455257	-0.1100529	-0.05200861	2.129838	0.1733792	-0.501009	2.4331	0.0731953	-0.5566457	2.251131	0.008310808	-0.8951118	2.363406	-0.08483515	-0.6148729	2.555083	

0.1674498	-0.2431666	2.47242	-0.09195378	-0.2857383	2.159099	0.1669439	-0.3198514	2.44953	-0.071261	-0.4165191	2.211507	0.1319026	-0.2453772	2.424546	-0.01953731	-0.3491209	2.158733	0.1406865	0.4966344	2.204929	0.07522851	0.3718564	2.211182	0.07249557	0.2977753	2.240222	0.06217333	0.07123767	2.318056	0.04596198	-0.2341928	2.410447	0.1804605	0.2374182	2.323722	-0.02975018	0.2260412	2.133593	0.09929687	-0.2238504	2.415099	-0.008581869	-0.2372341	2.334033	0.1754948	-0.005518951	2.461246	-0.1105925	-0.05122474	2.12941	0.17349	-0.4980793	2.431827	0.07297949	-0.5567137	2.251222	0.001326893	-0.9003155	2.362366	-0.08588985	-0.6128224	2.555168	

0.1772366	-0.2380314	2.476596	-0.09132735	-0.282984	2.160055	0.1851248	-0.3195226	2.437021	-0.05793625	-0.4073935	2.206614	0.1492908	-0.2490074	2.4075	-0.02049645	-0.3173	2.16435	0.1076404	0.5154707	2.208683	0.05114754	0.3880699	2.216075	0.05400395	0.3137995	2.244567	0.05701663	0.08667701	2.321309	0.05686864	-0.2145952	2.41475	0.1593346	0.277408	2.314387	-0.04392964	0.2363592	2.135186	0.1124744	-0.1995271	2.420034	-0.0002606861	-0.2227612	2.337682	0.1769596	-0.0004278636	2.463757	-0.112246	-0.04866395	2.130235	0.150376	-0.5128717	2.35423	0.06915259	-0.5589528	2.252772	0.001244375	-0.8999786	2.362851	-0.09093046	-0.5966105	2.559046	

0.1766054	-0.2111187	2.466108	-0.08923276	-0.2812618	2.156259	0.1891525	-0.2872584	2.441327	-0.05399869	-0.406308	2.211617	0.1496878	-0.2325615	2.4141	-0.01473269	-0.3420192	2.154371	0.1045836	0.5187098	2.209425	0.04624796	0.391193	2.217267	0.04943424	0.3175305	2.245998	0.05557295	0.0915882	2.323164	0.06093112	-0.2101526	2.417114	0.1585048	0.2792698	2.316671	-0.04384758	0.2352187	2.135514	0.1151163	-0.1947462	2.423604	0.005276381	-0.2187611	2.338947	0.1818759	0.02759626	2.465936	-0.1144673	-0.04648932	2.131367	0.1639215	-0.506132	2.377445	0.0666046	-0.5591102	2.254642	0.01045473	-0.8927014	2.361964	-0.09337787	-0.5910817	2.561643	

0.1942478	-0.2166207	2.471641	-0.07620119	-0.2799441	2.176383	0.2107415	-0.3317719	2.451754	-0.05133636	-0.3930382	2.210106	0.1744907	-0.2614766	2.406134	-0.02644776	-0.3231511	2.173767	0.08253949	0.5308953	2.215462	0.02753332	0.400107	2.222532	0.03313207	0.3273174	2.251678	0.04756587	0.1034997	2.329802	0.06322978	-0.1978012	2.425056	0.1509535	0.2886784	2.322228	-0.06940715	0.2456	2.140416	0.1170745	-0.1802659	2.431518	0.007565416	-0.2091537	2.346689	0.1799145	0.02133079	2.466909	-0.1220429	-0.03949105	2.137765	0.1689077	-0.4791757	2.407582	0.03993551	-0.5577665	2.277189	0.002478158	-0.8950016	2.37259	-0.1086317	-0.5833826	2.590042	

0.1664516	-0.2083754	2.475688	-0.09204227	-0.279515	2.186527	0.2018546	-0.3024824	2.445027	-0.04487278	-0.4130251	2.239749	0.1570355	-0.2329512	2.402857	-0.02184823	-0.2902421	2.202096	0.06843591	0.5349729	2.216286	0.01376887	0.4049111	2.226202	0.01944307	0.3327918	2.25549	0.03616769	0.1108362	2.333917	0.05755912	-0.1912279	2.428463	0.1408382	0.291804	2.331148	-0.085325	0.2529719	2.144905	0.1122152	-0.1751294	2.433433	0.00112554	-0.2013007	2.351931	0.1737919	0.02976028	2.46769	-0.1385452	-0.03245495	2.149768	0.165127	-0.4732406	2.414241	0.02901796	-0.5527279	2.286073	0.0001077576	-0.894914	2.375212	-0.1688593	-0.6338719	2.573094	

0.170238	-0.2077749	2.475903	-0.1350057	-0.2619637	2.193947	0.1952219	-0.3025811	2.44578	-0.08511918	-0.3933845	2.247145	0.1597766	-0.2442486	2.405491	-0.05196433	-0.2929608	2.202956	0.05715268	0.5369044	2.217089	0.005436786	0.4059709	2.229129	0.01125006	0.3342226	2.258657	0.02854301	0.1136486	2.337973	0.05119452	-0.1866953	2.433848	0.1319697	0.2969375	2.334913	-0.09520256	0.2539774	2.147136	0.1055507	-0.1704399	2.437953	-0.004714794	-0.1972576	2.358045	0.1681204	0.03055286	2.469356	-0.1469185	-0.02893123	2.154369	0.1605976	-0.4638219	2.425422	0.02472688	-0.5500683	2.289324	-0.002342508	-0.8953413	2.377003	-0.1708695	-0.6335888	2.576328	

0.1724431	-0.2060289	2.476662	-0.1235185	-0.2729436	2.197859	0.188241	-0.2998958	2.442034	-0.07963438	-0.3918602	2.232408	0.1598708	-0.2482641	2.410328	-0.06192482	-0.3125664	2.196469	0.05262824	0.5377066	2.21765	0.0001699765	0.4057294	2.229191	0.006420538	0.3340714	2.25905	0.02496193	0.1138114	2.339234	0.04891868	-0.1862578	2.436163	0.1273143	0.2955141	2.3363	-0.09901696	0.2538734	2.147901	0.1031169	-0.1695921	2.440268	-0.006797636	-0.1972744	2.360345	0.1653874	0.0323329	2.471958	-0.150173	-0.02839013	2.155883	0.1589857	-0.4614287	2.427299	0.0222482	-0.549534	2.291396	-0.003711215	-0.8954906	2.378011	-0.1718009	-0.6335105	2.580545	

0.170903	-0.2039144	2.477992	-0.1234951	-0.2728061	2.197806	0.2017288	-0.3181455	2.471353	-0.0861485	-0.3918348	2.237821	0.1666457	-0.2660945	2.410714	-0.0643914	-0.3102117	2.198581	0.0500032	0.5376707	2.218177	-0.002811169	0.40566	2.230192	0.003378243	0.3340502	2.260159	0.02192426	0.1140105	2.340723	0.04631693	-0.18582	2.438124	0.1244515	0.2952486	2.337027	-0.1029685	0.2534026	2.149027	0.1007939	-0.1689812	2.441628	-0.009635984	-0.197112	2.362985	0.1612898	0.03431815	2.472726	-0.1537833	-0.02660958	2.156502	0.1573166	-0.4603094	2.429557	0.02039829	-0.5490158	2.292233	-0.004672937	-0.8949127	2.378398	-0.1742669	-0.634081	2.585054	

0.1654121	-0.2053896	2.480465	-0.1067384	-0.2781487	2.200155	0.1987602	-0.3174951	2.472587	-0.08465391	-0.3919188	2.2356	0.1622962	-0.2682887	2.416334	-0.05872259	-0.3055619	2.202198	0.04567787	0.5370361	2.218995	-0.006924444	0.4047069	2.231672	-0.0006984975	0.3332291	2.26184	0.01803521	0.1136511	2.343082	0.04283486	-0.1855702	2.441538	0.1212872	0.2937816	2.340085	-0.1073616	0.2524502	2.149874	0.09703007	-0.168582	2.444796	-0.01271162	-0.1970527	2.366567	0.1577635	0.03288307	2.474353	-0.15806	-0.02464097	2.15822	0.154928	-0.4598343	2.431243	0.01911377	-0.5486488	2.293175	-0.005095799	-0.8941708	2.378987	-0.1754115	-0.6356131	2.589049	

0.1687237	-0.220371	2.483112	-0.1434671	-0.2570319	2.191381	0.1857458	-0.3124844	2.459743	-0.1019468	-0.3934225	2.247031	0.1568493	-0.2630306	2.41735	-0.05984113	-0.2867396	2.210741	0.04214917	0.5357707	2.220083	-0.01030368	0.4039519	2.23316	-0.004032064	0.3326222	2.263455	0.01489415	0.113531	2.345118	0.04007616	-0.1850484	2.444186	0.1186785	0.2937497	2.341297	-0.1109446	0.2522502	2.150939	0.09421955	-0.1678494	2.447264	-0.01532339	-0.1967833	2.369358	0.1508636	0.01730859	2.477879	-0.1609014	-0.02258252	2.159791	0.1536067	-0.4594266	2.432208	0.01782462	-0.5481797	2.293931	-0.005688939	-0.8940058	2.379162	-0.1763013	-0.63693	2.591991	

0.1636591	-0.2181508	2.485682	-0.1430069	-0.2581402	2.19173	0.1828757	-0.3110706	2.460031	-0.1016759	-0.3957651	2.254505	0.1558205	-0.2604281	2.418412	-0.05826551	-0.295375	2.2061	0.03949907	0.5351585	2.220989	-0.01357007	0.4036759	2.234747	-0.007242308	0.3323465	2.265103	0.01194107	0.1132908	2.346953	0.03764042	-0.1852572	2.446205	0.1144203	0.2924139	2.343096	-0.113585	0.2520014	2.152086	0.09208087	-0.1680448	2.448689	-0.01799841	-0.1970157	2.372046	0.149287	0.01959371	2.478006	-0.1626637	-0.02367686	2.161136	0.1508888	-0.4594077	2.432762	0.01684181	-0.5480629	2.294823	-0.006896195	-0.8935396	2.379719	-0.176497	-0.6371788	2.592481	

0.1638403	-0.2242139	2.487353	-0.1445616	-0.2555497	2.192757	0.1893665	-0.3410903	2.458007	-0.09586684	-0.3849667	2.234717	0.1451254	-0.2589401	2.420687	-0.08546656	-0.3062946	2.206857	0.03088011	0.5376269	2.225729	-0.02230486	0.4062945	2.24031	-0.0157363	0.3348217	2.270267	0.004257915	0.115384	2.351026	0.03122096	-0.1836856	2.448978	0.107619	0.2953248	2.348062	-0.1208688	0.2526178	2.155061	0.08473507	-0.1664004	2.452775	-0.02340757	-0.1955795	2.373652	0.1426555	0.01319634	2.482602	-0.1699817	-0.02098569	2.165596	0.1448805	-0.4589518	2.434081	0.01285826	-0.5470994	2.297467	-0.008578319	-0.8927118	2.37988	-0.179351	-0.6380402	2.592511	

0.1581187	-0.210459	2.486283	-0.1515283	-0.2526263	2.195963	0.1771374	-0.3163395	2.474698	-0.09549152	-0.3933296	2.254861	0.1417409	-0.2608571	2.42263	-0.0696001	-0.2794176	2.213889	0.0192794	0.5412107	2.232924	-0.03228127	0.4096228	2.244305	-0.02592682	0.3380562	2.273813	-0.006570179	0.1183557	2.353251	0.01948631	-0.1811027	2.449384	0.09727243	0.2979915	2.355513	-0.1328979	0.2570289	2.159415	0.07287944	-0.1647161	2.451732	-0.03477392	-0.192149	2.375353	0.1310215	0.02668165	2.485949	-0.1772936	-0.01835267	2.167241	0.1351917	-0.456883	2.436963	-0.01194053	-0.5252219	2.302319	-0.009605626	-0.8929241	2.379974	-0.1819579	-0.6386641	2.592079	

0.1585589	-0.2157637	2.488726	-0.1545138	-0.2524528	2.196488	0.1711067	-0.3124772	2.465435	-0.1217803	-0.3816134	2.246591	0.1389499	-0.2532312	2.421375	-0.09167305	-0.3138716	2.204478	0.01548438	0.5434123	2.235254	-0.03684674	0.4113687	2.247106	-0.03049096	0.3397651	2.27612	-0.01119158	0.1199952	2.354225	0.01452947	-0.1794702	2.44869	0.09284025	0.2999485	2.359426	-0.1368933	0.2591183	2.160653	0.0677389	-0.1634628	2.451168	-0.03931039	-0.1902172	2.374483	0.127234	0.02072452	2.486793	-0.1810334	-0.01813027	2.168487	0.1303119	-0.4562444	2.438071	-0.01287445	-0.5247684	2.302482	-0.009646371	-0.8929537	2.379921	-0.1866667	-0.639764	2.591633	

0.1573323	-0.2055686	2.488732	-0.1566906	-0.2514446	2.197677	0.173891	-0.3132134	2.476534	-0.09320132	-0.3930859	2.247296	0.1404745	-0.2599106	2.426286	-0.07624204	-0.2828179	2.216136	0.01180889	0.5454241	2.237404	-0.03998853	0.4131003	2.248657	-0.03355901	0.3414628	2.277649	-0.01391496	0.1215384	2.355611	0.01250037	-0.1782431	2.449799	0.08976974	0.3010378	2.360822	-0.1417412	0.2617369	2.162258	0.06554887	-0.1620812	2.452462	-0.04107084	-0.1891895	2.375377	0.1226017	0.03047071	2.486542	-0.1855705	-0.01731178	2.170089	0.1240688	-0.4567218	2.437545	-0.01361075	-0.5248023	2.302598	-0.01036667	-0.8904095	2.380074	-0.1898508	-0.6484729	2.590342	

0.1373391	-0.2032047	2.48964	-0.1636366	-0.2509268	2.197307	0.1554679	-0.304672	2.453044	-0.1049951	-0.3986934	2.252255	0.125533	-0.2385429	2.424765	-0.08246285	-0.2771463	2.214889	0.001301464	0.548401	2.239693	-0.04869982	0.4143634	2.250352	-0.04201636	0.342725	2.279049	-0.02154359	0.1227808	2.356151	0.006113516	-0.1770912	2.449323	0.07601051	0.3045399	2.357691	-0.1499803	0.2632331	2.16196	0.05952546	-0.1607689	2.45232	-0.04760298	-0.1882416	2.374519	0.1158904	0.03435213	2.485664	-0.194724	-0.01716492	2.169103	0.1224061	-0.4554667	2.436944	-0.01564267	-0.5240166	2.301953	-0.01063634	-0.890919	2.380123	-0.2002685	-0.6557884	2.588482	

0.03511069	-0.2216326	2.44187	-0.2143162	-0.2491765	2.137632	0.04123124	-0.2965261	2.406784	-0.1442847	-0.3965277	2.169303	-0.003428717	-0.2121378	2.394944	-0.1448453	-0.2852349	2.144414	-0.1037248	0.5482412	2.24425	-0.1499477	0.4171477	2.242826	-0.1415149	0.3437665	2.265001	-0.1151596	0.1184157	2.322447	-0.07868046	-0.1891848	2.389144	-0.01555441	0.2868325	2.375542	-0.2377245	0.2577434	2.134015	-0.02808374	-0.1793206	2.401215	-0.1269886	-0.1933811	2.305294	0.0178646	0.01679644	2.451134	-0.277266	-0.02035435	2.116853	0.01255951	-0.504248	2.338715	-0.04662369	-0.5461544	2.258368	-0.01560154	-0.8929495	2.375035	-0.2331005	-0.6912453	2.561121	

0.03353436	-0.2227828	2.440184	-0.2051641	-0.2526259	2.139946	0.02694553	-0.352576	2.397918	-0.1625964	-0.3675677	2.140069	-0.001534648	-0.276951	2.368444	-0.1505179	-0.2573783	2.140784	-0.10854	0.5476977	2.243948	-0.15319	0.4165115	2.242824	-0.1448644	0.3431623	2.264616	-0.1190863	0.1178819	2.320731	-0.08387835	-0.189632	2.384847	-0.03656786	0.2984246	2.345754	-0.242272	0.257891	2.134002	-0.03210429	-0.1793629	2.396516	-0.1334408	-0.194261	2.301339	0.01495346	0.01553613	2.448982	-0.2801905	-0.02803751	2.115259	0.01121636	-0.5047098	2.339044	-0.04946845	-0.553608	2.255962	-0.01623662	-0.8934644	2.373517	-0.2675704	-0.8132434	2.359262	

-0.02089502	-0.2487321	2.404073	-0.245924	-0.2715117	2.101088	-0.04301337	-0.3319741	2.371185	-0.2120006	-0.3959932	2.132989	-0.06438944	-0.2532425	2.369222	-0.1882452	-0.3031417	2.099462	-0.1671844	0.5325797	2.24622	-0.2101995	0.398853	2.242797	-0.2026207	0.3265265	2.260514	-0.1786059	0.1044343	2.304598	-0.1449989	-0.1988535	2.353506	-0.08783413	0.2831668	2.34524	-0.3032905	0.2469866	2.126036	-0.09063176	-0.1892092	2.367574	-0.1950347	-0.2024585	2.267766	-0.05155785	-0.01195275	2.426718	-0.3259547	-0.04626795	2.095246	-0.05305848	-0.4924723	2.297706	-0.06438591	-0.5320408	2.189994	-0.02197884	-0.9024394	2.362174	-0.2636501	-0.7367938	2.392499	

-0.03418285	-0.2420847	2.40002	-0.272659	-0.2674788	2.084899	-0.05897696	-0.307784	2.361259	-0.2204013	-0.3934489	2.110132	-0.09289674	-0.2238424	2.369095	-0.2077643	-0.308901	2.088434	-0.1716292	0.5304044	2.246844	-0.216335	0.39842	2.242112	-0.2089631	0.3260705	2.259566	-0.1856216	0.1038998	2.302797	-0.1530555	-0.1995258	2.350387	-0.09654762	0.2834829	2.34361	-0.3077312	0.2471351	2.125449	-0.0983097	-0.1901158	2.36552	-0.2033284	-0.2028556	2.26347	-0.06109327	-0.004918528	2.424819	-0.3378453	-0.03692492	2.090872	-0.05991964	-0.4917308	2.295499	-0.06924577	-0.5332601	2.186618	-0.02594743	-0.9036534	2.356633	-0.2675484	-0.7386024	2.389386	

-0.08006852	-0.2475563	2.384117	-0.3011298	-0.2427359	2.071824	-0.09600759	-0.3325104	2.349031	-0.2834246	-0.3740351	2.077981	-0.1271461	-0.2573889	2.342562	-0.2524935	-0.2908443	2.065792	-0.2082681	0.52257	2.247916	-0.2496817	0.3945058	2.241003	-0.2434224	0.3227443	2.256636	-0.2239278	0.1024679	2.294045	-0.1976783	-0.1980365	2.332667	-0.1477063	0.2766839	2.339328	-0.3442875	0.2483851	2.120822	-0.144142	-0.1876253	2.350296	-0.2453366	-0.2023708	2.243505	-0.1162814	-0.01217006	2.416919	-0.3848267	-0.01798444	2.073595	-0.09719254	-0.4742773	2.311568	-0.117652	-0.5356999	2.152775	-0.05101565	-0.8786579	2.317993	-0.3082211	-0.737432	2.365163	

-0.1225515	-0.2033481	2.381725	-0.3550768	-0.2422414	2.049936	-0.1279038	-0.2995773	2.343045	-0.3147884	-0.3843286	2.066005	-0.1629556	-0.2224059	2.334895	-0.2889306	-0.3041055	2.047364	-0.2339683	0.5267074	2.245127	-0.2790795	0.396468	2.237745	-0.274354	0.3246009	2.251506	-0.2589703	0.1038446	2.283162	-0.2366007	-0.1979311	2.314536	-0.1673971	0.2840428	2.339273	-0.3759541	0.2555189	2.113726	-0.1820727	-0.190162	2.332503	-0.2840162	-0.1995779	2.225101	-0.1451659	0.03291624	2.423725	-0.4116171	-0.009119148	2.062972	-0.1976342	-0.5356698	2.152654	-0.1323562	-0.5153608	2.121382	-0.147699	-0.959548	2.158983	-0.291636	-0.7256491	2.34926	

-0.1551948	-0.2303337	2.353034	-0.4173507	-0.2163494	2.036112	-0.1647355	-0.2964565	2.318921	-0.3714075	-0.3667754	2.049532	-0.2018367	-0.2125645	2.309823	-0.3447715	-0.2460871	2.046316	-0.2988543	0.5515534	2.227753	-0.3294628	0.4158998	2.222809	-0.3249286	0.3434772	2.234858	-0.3096964	0.1209508	2.262055	-0.2874541	-0.1833302	2.288564	-0.2015417	0.2962603	2.327361	-0.435623	0.2787386	2.107805	-0.2287417	-0.1776358	2.300801	-0.3372977	-0.1833238	2.205043	-0.1751175	0.007108149	2.385613	-0.4756983	0.01649489	2.053746	-0.2378451	-0.4839262	2.080458	-0.2041875	-0.4104304	2.292447	-0.1279757	-0.8731582	2.226008	-0.3203593	-0.7502073	2.270598	

