-0.05783285	-0.0868108	3.272109	-0.4402934	-0.1208948	2.918584	-0.05364161	-0.2145897	3.3087	-0.4205534	-0.276151	2.944923	-0.07863535	-0.1382218	3.231304	-0.3754665	-0.183349	2.945115	-0.2472023	0.6687806	3.052344	-0.3159162	0.5405733	3.067903	-0.3070003	0.4604496	3.080756	-0.2788225	0.2150988	3.109308	-0.2395263	-0.1191569	3.13701	-0.1901097	0.4505935	3.196926	-0.4451407	0.4237301	2.981546	-0.1783585	-0.111354	3.137059	-0.2946086	-0.1239157	3.056671	-0.1205828	0.18421	3.277481	-0.4846289	0.1248062	2.952798	-0.1984135	-0.5037223	3.305569	-0.3666076	-0.5133003	3.129444	-0.1921903	-0.8625729	3.438442	-0.3584286	-0.8892785	3.229069	

-0.04955601	-0.122792	3.273668	-0.4387163	-0.1305183	2.917752	-0.06590532	-0.2211556	3.316354	-0.4159439	-0.2653003	2.945396	-0.07680404	-0.1573709	3.242111	-0.3755042	-0.1836292	2.945679	-0.2471884	0.6688101	3.052084	-0.3159368	0.5404915	3.067762	-0.3070182	0.4604214	3.080638	-0.278866	0.2152181	3.109183	-0.2396922	-0.1183788	3.136917	-0.1903587	0.4511406	3.198878	-0.4452377	0.4237457	2.981186	-0.1787849	-0.1103943	3.137276	-0.29458	-0.1232173	3.056372	-0.1082287	0.1311161	3.276513	-0.4856005	0.1256055	2.952769	-0.1982044	-0.5039995	3.305705	-0.3666035	-0.5132897	3.129409	-0.1919301	-0.8628961	3.438229	-0.3585801	-0.8893948	3.229043	

-0.04937566	-0.1255814	3.273541	-0.4383182	-0.1322328	2.917619	-0.06881319	-0.2177046	3.31001	-0.4110222	-0.2651657	2.942312	-0.07911876	-0.1484917	3.236553	-0.3756965	-0.1757523	2.946684	-0.2473235	0.6683859	3.051025	-0.3160972	0.5400466	3.067287	-0.3071563	0.4601519	3.080254	-0.2789586	0.2152482	3.108958	-0.2398643	-0.117899	3.136713	-0.1887537	0.4460847	3.203134	-0.4456302	0.42377	2.980437	-0.178955	-0.1103082	3.13712	-0.2946934	-0.1219624	3.056182	-0.1082851	0.1309758	3.276427	-0.4869013	0.1262672	2.952735	-0.1981179	-0.5041379	3.305525	-0.366599	-0.5133036	3.12929	-0.1919319	-0.8628902	3.438201	-0.3587493	-0.8891304	3.228851	

-0.05150659	-0.1226352	3.27329	-0.438681	-0.1328256	2.917436	-0.06915414	-0.2021417	3.290922	-0.4175309	-0.2710848	2.951442	-0.09074708	-0.1413998	3.2275	-0.3754702	-0.187021	2.947807	-0.2486237	0.6659278	3.048678	-0.3165194	0.5390526	3.066366	-0.3075972	0.4592573	3.079494	-0.2794159	0.2146535	3.108616	-0.2404001	-0.1183493	3.136758	-0.1902377	0.4483177	3.203448	-0.4465658	0.4238091	2.978669	-0.1797675	-0.1106772	3.137437	-0.2950809	-0.1226317	3.056047	-0.1119275	0.1345807	3.274143	-0.489163	0.1264608	2.951852	-0.1976711	-0.5040777	3.3047	-0.3671338	-0.5129187	3.128773	-0.191978	-0.8628709	3.438104	-0.3590873	-0.8895487	3.228386	

-0.06368241	-0.08331164	3.271973	-0.4409146	-0.1299069	2.917522	-0.07576431	-0.1949426	3.284159	-0.4240323	-0.2762853	2.947893	-0.097935	-0.1278456	3.220945	-0.3771431	-0.1652453	2.945743	-0.2511677	0.6624677	3.044389	-0.319005	0.5379344	3.063406	-0.3099544	0.4584935	3.077029	-0.2814696	0.214775	3.107345	-0.2425464	-0.1172375	3.13661	-0.1917507	0.4478262	3.203253	-0.4491438	0.4233882	2.976235	-0.1821396	-0.1097052	3.138097	-0.2970929	-0.1214152	3.055183	-0.1321903	0.1858077	3.279309	-0.493101	0.1255247	2.950345	-0.1970593	-0.5028275	3.301958	-0.3679444	-0.512688	3.12826	-0.1919996	-0.8628829	3.437438	-0.3593493	-0.8894495	3.227741	

-0.06946229	-0.08463713	3.271963	-0.4460246	-0.1241443	2.917771	-0.07580845	-0.1905374	3.285644	-0.4272534	-0.2755129	2.946859	-0.1047813	-0.1257095	3.2186	-0.3833944	-0.17293	2.948317	-0.2531036	0.6604007	3.04069	-0.3217615	0.5368516	3.060714	-0.3125996	0.4576495	3.074968	-0.2839234	0.2145773	3.106829	-0.2456339	-0.1165982	3.138264	-0.1943972	0.4446115	3.201862	-0.4529799	0.4247184	2.973511	-0.1852619	-0.1101262	3.140672	-0.3002471	-0.1198498	3.056176	-0.1325161	0.1852641	3.279492	-0.4988457	0.1285979	2.949718	-0.1963484	-0.5032872	3.300875	-0.3682909	-0.5129966	3.127609	-0.1915538	-0.8632174	3.436746	-0.3594014	-0.8892851	3.22751	

-0.07635976	-0.08390535	3.2705	-0.4496407	-0.121839	2.917811	-0.08487674	-0.1906089	3.286804	-0.4350204	-0.2718519	2.944949	-0.1088155	-0.1178925	3.226313	-0.3882232	-0.171966	2.946737	-0.2556224	0.6594433	3.034897	-0.3244418	0.5360609	3.057631	-0.3152507	0.4566866	3.072594	-0.2866136	0.2132392	3.106322	-0.2490058	-0.1190449	3.140619	-0.1954	0.4438839	3.202264	-0.4554126	0.4256026	2.971479	-0.1886422	-0.1132717	3.142406	-0.3034438	-0.1216639	3.059137	-0.1345065	0.1855823	3.278614	-0.5028115	0.1290017	2.948267	-0.1948129	-0.5006692	3.297524	-0.3682338	-0.5135007	3.12708	-0.1914903	-0.8634493	3.435908	-0.359491	-0.8892325	3.227084	

-0.08072106	-0.08348849	3.269773	-0.4515773	-0.1211997	2.917837	-0.08949005	-0.1908117	3.290381	-0.4376501	-0.2743591	2.949275	-0.1121055	-0.1372314	3.225625	-0.3929996	-0.1713479	2.948667	-0.2580154	0.6580942	3.031924	-0.3267241	0.535582	3.055761	-0.317448	0.4562462	3.071265	-0.288693	0.2129446	3.106483	-0.2513092	-0.1190508	3.14333	-0.206909	0.4572713	3.193887	-0.4576546	0.4257953	2.97012	-0.1906608	-0.1120439	3.144608	-0.3061303	-0.1232077	3.062683	-0.1394501	0.1867657	3.275454	-0.5051625	0.1289739	2.946995	-0.1943573	-0.5013757	3.296954	-0.367904	-0.5148334	3.126413	-0.1914265	-0.8636869	3.435256	-0.3591436	-0.8901178	3.226462	

-0.08482468	-0.08350496	3.269269	-0.4554379	-0.1210026	2.918251	-0.09178191	-0.1886257	3.291623	-0.440027	-0.2759229	2.951513	-0.1149693	-0.1326073	3.229889	-0.3990883	-0.1661015	2.948833	-0.2595885	0.6575676	3.028454	-0.3302648	0.5346714	3.052772	-0.3208292	0.455588	3.069175	-0.2918718	0.2129476	3.106731	-0.2549943	-0.1177346	3.147436	-0.2074947	0.4564643	3.19396	-0.4604905	0.4261518	2.96842	-0.1945148	-0.1105995	3.149776	-0.3092824	-0.1220417	3.065623	-0.1426505	0.1869597	3.274901	-0.5079809	0.1288623	2.94643	-0.1938763	-0.5023314	3.296716	-0.3682918	-0.5150663	3.125754	-0.1914268	-0.8637139	3.434767	-0.3590321	-0.8903413	3.226132	

-0.09075844	-0.08639511	3.268812	-0.459338	-0.1205631	2.918222	-0.1002664	-0.1897693	3.288012	-0.4419051	-0.2729347	2.949575	-0.1269516	-0.1224672	3.224715	-0.4000019	-0.1654753	2.948532	-0.2616458	0.6561511	3.024469	-0.3343586	0.533785	3.048371	-0.3249394	0.4548349	3.065917	-0.2960607	0.2126205	3.106563	-0.2598172	-0.117457	3.15141	-0.2087306	0.4544262	3.194071	-0.4633061	0.4263539	2.966641	-0.1999705	-0.1109463	3.154757	-0.3132903	-0.1212177	3.068605	-0.1459643	0.1882228	3.27498	-0.5121402	0.1287565	2.944724	-0.1932071	-0.5035374	3.296144	-0.3679211	-0.5159078	3.12506	-0.1910068	-0.8641205	3.433807	-0.3583999	-0.8914437	3.225211	

-0.101889	-0.08557125	3.270275	-0.4672237	-0.1247202	2.919759	-0.1091007	-0.1894248	3.282002	-0.4504357	-0.271962	2.952715	-0.1401452	-0.1346013	3.230889	-0.4138409	-0.1755859	2.9565	-0.2658725	0.6511528	3.016368	-0.339648	0.531223	3.043653	-0.3310211	0.4523263	3.062154	-0.3049705	0.210259	3.106446	-0.2725124	-0.1195647	3.157442	-0.2135532	0.4461505	3.191697	-0.4671431	0.4249194	2.96302	-0.2137625	-0.1149141	3.162778	-0.3246314	-0.1215739	3.072825	-0.159826	0.189807	3.274076	-0.5188875	0.1242867	2.941426	-0.1908724	-0.5091891	3.296554	-0.367328	-0.5178024	3.123269	-0.1905094	-0.864774	3.432968	-0.3572807	-0.8947928	3.224583	

-0.1067023	-0.08707477	3.272769	-0.474236	-0.128597	2.920824	-0.1113742	-0.1920718	3.296791	-0.4562293	-0.2772625	2.954482	-0.1440191	-0.1463511	3.229333	-0.4190592	-0.1760827	2.956241	-0.2681393	0.6481023	3.012052	-0.3442771	0.5295189	3.038643	-0.3358559	0.4508874	3.058455	-0.3103611	0.2095563	3.106245	-0.2787284	-0.1192617	3.161454	-0.2172293	0.4430662	3.191342	-0.4720208	0.4226634	2.958862	-0.2199576	-0.1145176	3.168128	-0.3306281	-0.1212353	3.075536	-0.1666486	0.1898768	3.274474	-0.5230696	0.1203586	2.939105	-0.1902181	-0.5103812	3.295615	-0.3669128	-0.5186107	3.121781	-0.189298	-0.8650591	3.432164	-0.3560146	-0.895549	3.222396	

-0.1157409	-0.08666159	3.27577	-0.4804393	-0.1346329	2.921214	-0.1279787	-0.1886632	3.292577	-0.4685259	-0.2796653	2.95987	-0.158174	-0.1247233	3.235684	-0.4321221	-0.1802707	2.96319	-0.2724056	0.6423453	3.005827	-0.3496241	0.5260125	3.035455	-0.3418397	0.4476856	3.056373	-0.318825	0.207186	3.10831	-0.2904554	-0.119957	3.170847	-0.2281	0.4352438	3.18453	-0.4762163	0.4201658	2.955742	-0.2314814	-0.1141885	3.179424	-0.3422248	-0.1227542	3.083049	-0.1800933	0.1897473	3.273805	-0.5339258	0.1128855	2.936863	-0.1903455	-0.5103753	3.295212	-0.3673673	-0.5200034	3.121297	-0.1897982	-0.8654404	3.43192	-0.3559153	-0.896634	3.221464	

-0.1208013	-0.08757323	3.27918	-0.4877951	-0.1366975	2.923018	-0.1312186	-0.1901585	3.295165	-0.4732565	-0.2807022	2.960264	-0.1609992	-0.1281471	3.2378	-0.4389184	-0.1830652	2.96325	-0.2757323	0.6393149	3.003506	-0.3538307	0.5238581	3.033761	-0.3464969	0.445595	3.055467	-0.3246588	0.2054376	3.110342	-0.2964313	-0.121106	3.176367	-0.2307812	0.4344278	3.185475	-0.479393	0.4182804	2.953988	-0.2368328	-0.1147432	3.183191	-0.3486913	-0.1245808	3.090576	-0.1849542	0.1888927	3.272973	-0.5380252	0.1109925	2.93679	-0.1905012	-0.5105359	3.295183	-0.3685893	-0.5207962	3.121571	-0.1899363	-0.8657727	3.431919	-0.3559437	-0.8970931	3.220906	

-0.1280865	-0.08823432	3.281649	-0.4942871	-0.1366373	2.925514	-0.1371382	-0.1888412	3.295804	-0.4769188	-0.2865193	2.96809	-0.1669929	-0.1274283	3.234263	-0.4480121	-0.185583	2.9655	-0.2780955	0.6369001	3.00184	-0.3568093	0.5220702	3.032758	-0.3498797	0.4438478	3.055011	-0.329045	0.2039636	3.111884	-0.3013805	-0.1221054	3.180189	-0.2364343	0.4297197	3.181097	-0.4831176	0.4169355	2.953275	-0.2413772	-0.1158376	3.187698	-0.3538923	-0.1254183	3.093617	-0.1872597	0.189288	3.272989	-0.5420811	0.1109941	2.937858	-0.1920686	-0.5110618	3.295913	-0.3703482	-0.5208622	3.122202	-0.1953365	-0.8664818	3.433296	-0.3568672	-0.8978861	3.219824	

-0.1335191	-0.1165068	3.287111	-0.4996859	-0.1360625	2.927536	-0.1363205	-0.2068371	3.330545	-0.4832348	-0.2889066	2.982415	-0.162827	-0.1495957	3.2392	-0.4107638	-0.1724752	2.98205	-0.2799032	0.6355052	3.001303	-0.359139	0.5205646	3.033033	-0.3528901	0.4420024	3.055871	-0.3340219	0.2011084	3.115253	-0.3083556	-0.1264777	3.186924	-0.2389426	0.4312403	3.186376	-0.48554	0.4162541	2.954209	-0.2492312	-0.119885	3.19346	-0.3598692	-0.1300033	3.101274	-0.1935718	0.1284251	3.282938	-0.5461279	0.1128672	2.939904	-0.2072812	-0.5741341	3.337154	-0.382615	-0.5920359	3.146276	-0.2110165	-0.9600633	3.469062	-0.3509653	-0.9553368	3.22068	

-0.1372441	-0.1163681	3.295293	-0.5182344	-0.1383119	2.94257	-0.1504785	-0.1982824	3.340545	-0.504283	-0.2872933	2.994319	-0.1653823	-0.1627685	3.272	-0.4362814	-0.1686835	2.997363	-0.2846146	0.6344141	3.004632	-0.3649079	0.519891	3.041366	-0.359815	0.4409683	3.065441	-0.3437339	0.1990792	3.12794	-0.3206166	-0.1300002	3.201314	-0.2431171	0.4313769	3.192418	-0.4947004	0.4150606	2.963902	-0.2608275	-0.1233558	3.206719	-0.3724513	-0.1334304	3.116637	-0.1944221	0.1299222	3.288081	-0.5603376	0.1125883	2.952225	-0.2416188	-0.5842977	3.347152	-0.3852276	-0.5896437	3.150029	-0.2509189	-0.9433321	3.480107	-0.3520004	-0.9540169	3.221428	

-0.1404254	-0.1183771	3.303178	-0.5235291	-0.1403238	2.948357	-0.1515829	-0.1997366	3.365044	-0.5090309	-0.290789	3.002314	-0.1755591	-0.1459312	3.2774	-0.4378365	-0.1709358	3.004194	-0.2866369	0.6333652	3.007401	-0.3666185	0.5190191	3.045708	-0.36178	0.4401358	3.070076	-0.3462442	0.198543	3.133308	-0.3239198	-0.1300383	3.207584	-0.2453344	0.4356798	3.198575	-0.4973997	0.4134054	2.968114	-0.2641011	-0.1235453	3.212057	-0.3757277	-0.1333024	3.123935	-0.1951001	0.1291018	3.293518	-0.5646423	0.1144335	2.958353	-0.2450355	-0.5876952	3.351855	-0.3907462	-0.5717127	3.152548	-0.2598021	-0.9447538	3.48039	-0.3528314	-0.9531399	3.222767	

-0.1446292	-0.118301	3.311064	-0.5284234	-0.141138	2.956309	-0.1503831	-0.2026817	3.369633	-0.518338	-0.2878365	3.005451	-0.1727207	-0.1627105	3.295455	-0.4473987	-0.1742121	3.011539	-0.2882446	0.6315098	3.011602	-0.3684128	0.5178489	3.050973	-0.3639913	0.4388625	3.075169	-0.3496175	0.1970023	3.137935	-0.3291609	-0.1320785	3.211685	-0.2447733	0.4272689	3.213076	-0.5004251	0.4122924	2.974317	-0.2692546	-0.1261507	3.215983	-0.3809848	-0.1347513	3.128203	-0.1956123	0.1302875	3.299932	-0.5678061	0.1141811	2.966336	-0.250115	-0.5905448	3.355138	-0.3925502	-0.5698346	3.155069	-0.2638062	-0.9456258	3.482258	-0.3528389	-0.95337	3.222898	

-0.1536175	-0.1203316	3.331071	-0.5461093	-0.1363179	2.994749	-0.1718396	-0.2129969	3.357035	-0.5330061	-0.28029	3.032018	-0.1929096	-0.1413598	3.2972	-0.5026724	-0.1846537	3.031001	-0.2848498	0.6261473	3.032693	-0.3656143	0.5167288	3.082604	-0.3635747	0.4375939	3.105996	-0.3559611	0.1954179	3.167181	-0.3450544	-0.1340961	3.240361	-0.2405847	0.4274332	3.234066	-0.4956276	0.4147372	3.006309	-0.285245	-0.1297895	3.24461	-0.3964727	-0.1351359	3.156893	-0.1954708	0.1302176	3.320193	-0.5798828	0.127765	3.000132	-0.3014624	-0.6029248	3.337903	-0.3975222	-0.5805385	3.186125	-0.2736492	-0.949939	3.477778	-0.3545261	-0.9559184	3.224339	

-0.1557393	-0.1192483	3.342818	-0.5466059	-0.136346	3.000484	-0.1663448	-0.2082865	3.384138	-0.5356913	-0.2748113	3.037683	-0.1913722	-0.1532548	3.3179	-0.5099722	-0.1832482	3.015087	-0.2827735	0.6233624	3.042517	-0.3641224	0.5176227	3.087909	-0.3624721	0.4384181	3.111845	-0.356296	0.1960043	3.174355	-0.3473707	-0.1338591	3.248428	-0.2370785	0.4274625	3.244998	-0.4936411	0.414308	3.012743	-0.287782	-0.1298126	3.254346	-0.3985368	-0.1346967	3.163443	-0.1940273	0.1318198	3.32953	-0.5782529	0.1273433	3.005831	-0.3014615	-0.6029231	3.338591	-0.3986227	-0.5838624	3.191404	-0.2751966	-0.9503303	3.477613	-0.3552128	-0.95617	3.2249	

-0.1564742	-0.1175188	3.347023	-0.5481086	-0.1331373	3.013284	-0.176736	-0.2129807	3.371136	-0.5384032	-0.2663596	3.057111	-0.1927431	-0.1496788	3.310603	-0.5093315	-0.1705279	3.038467	-0.2787952	0.6211684	3.052649	-0.3574153	0.5165333	3.097893	-0.3569044	0.4372477	3.122166	-0.3539225	0.194616	3.185678	-0.3490535	-0.1355397	3.261492	-0.229335	0.4266677	3.263783	-0.4923141	0.4142072	3.02002	-0.2899226	-0.1317132	3.266755	-0.3997234	-0.1360833	3.177018	-0.1929957	0.1345755	3.34113	-0.5760545	0.1256905	3.014719	-0.3048352	-0.6070347	3.340298	-0.4006459	-0.5825799	3.193925	-0.2757922	-0.9511508	3.477784	-0.3567734	-0.9593561	3.225325	

-0.1564139	-0.1164986	3.352556	-0.5507639	-0.1233616	3.028991	-0.1760587	-0.2104535	3.368967	-0.5482276	-0.2611489	3.07471	-0.1989162	-0.2144409	3.307333	-0.5058535	-0.1815873	3.055929	-0.2722117	0.6202031	3.059275	-0.3519	0.5172201	3.110534	-0.3523196	0.4377434	3.13493	-0.3521769	0.1946077	3.198483	-0.3507485	-0.1360752	3.273778	-0.2265886	0.4260457	3.26984	-0.4883672	0.4168172	3.030131	-0.2917016	-0.1324287	3.279823	-0.401336	-0.1364438	3.188507	-0.1920494	0.13582	3.347773	-0.5753108	0.1310358	3.026758	-0.307873	-0.6126056	3.34382	-0.4015175	-0.5951979	3.207766	-0.276447	-0.9513351	3.477432	-0.3570381	-0.9612823	3.22556	

-0.1577386	-0.1156133	3.363997	-0.5515406	-0.1236624	3.059069	-0.1737018	-0.208541	3.385998	-0.547253	-0.2460557	3.107025	-0.1997681	-0.1821011	3.349546	-0.5012718	-0.1689588	3.085909	-0.2586184	0.6162196	3.076962	-0.3425858	0.5175545	3.123665	-0.3448437	0.4379965	3.148443	-0.3498334	0.1946657	3.21381	-0.3560814	-0.1362182	3.293509	-0.2166262	0.4256025	3.292251	-0.4814063	0.4133538	3.046244	-0.29684	-0.1338373	3.304149	-0.4066931	-0.1355582	3.204191	-0.1907308	0.1374417	3.366955	-0.5751269	0.1300828	3.051098	-0.3112065	-0.6120505	3.352009	-0.4097213	-0.5819874	3.210546	-0.2709835	-0.9704612	3.479494	-0.3588474	-0.9504446	3.228851	

-0.1578647	-0.1203475	3.386921	-0.5565519	-0.124939	3.068412	-0.1629202	-0.2148022	3.408715	-0.5597665	-0.2391152	3.111655	-0.1908775	-0.1503501	3.387539	-0.5121539	-0.1721308	3.099392	-0.2482503	0.61386	3.089944	-0.3354257	0.5160499	3.136615	-0.3396384	0.4365336	3.161721	-0.3505726	0.1932473	3.228402	-0.3657843	-0.1376541	3.310123	-0.2115541	0.4184682	3.308957	-0.4770036	0.4139268	3.059021	-0.3056884	-0.1383577	3.318973	-0.4173095	-0.1334608	3.222567	-0.190365	0.1325998	3.387025	-0.5775199	0.1292021	3.063092	-0.3301176	-0.6085178	3.348084	-0.4251622	-0.5344229	3.203073	-0.2792629	-0.9784627	3.481006	-0.3668074	-0.9342008	3.233449	

-0.1614672	-0.1219385	3.405351	-0.5633062	-0.1229319	3.075481	-0.1656868	-0.2166953	3.424549	-0.561195	-0.2392703	3.118527	-0.1988902	-0.1143484	3.40275	-0.5215763	-0.1676532	3.11	-0.242686	0.6127418	3.102772	-0.332462	0.5158444	3.155326	-0.3377419	0.4365311	3.179566	-0.3519413	0.1938537	3.242608	-0.3694457	-0.1364365	3.318208	-0.2109421	0.4173196	3.318971	-0.473663	0.4168893	3.067675	-0.310129	-0.1388229	3.327636	-0.4201461	-0.1307964	3.229928	-0.1919897	0.1310666	3.401559	-0.5800768	0.1315647	3.070338	-0.3323717	-0.6232995	3.378077	-0.4266072	-0.5893133	3.228325	-0.3040398	-0.9842716	3.482152	-0.3834324	-0.9266881	3.235224	

-0.1622168	-0.1226375	3.417971	-0.5693594	-0.1234135	3.078098	-0.1568586	-0.2080461	3.436841	-0.5765596	-0.2390409	3.123481	-0.1859548	-0.1515495	3.4235	-0.532176	-0.1589796	3.108572	-0.2410658	0.6124401	3.115563	-0.331931	0.5169464	3.15924	-0.3376771	0.4375214	3.183713	-0.3537281	0.1945573	3.247697	-0.3748937	-0.1360916	3.324333	-0.2131436	0.4115958	3.340035	-0.4724297	0.4181196	3.073601	-0.3178107	-0.1391664	3.337842	-0.423564	-0.130086	3.232862	-0.1955841	0.1298204	3.4119	-0.5825933	0.1313233	3.074233	-0.3142365	-0.5932825	3.427855	-0.4505374	-0.5525827	3.211442	-0.3230571	-0.9576456	3.501261	-0.4221749	-0.9266241	3.244912	

-0.1623641	-0.1226654	3.435684	-0.5705559	-0.1231298	3.076041	-0.1564723	-0.2093607	3.473561	-0.5851043	-0.2374625	3.112435	-0.1988148	-0.1120248	3.432636	-0.5355362	-0.1579417	3.107	-0.2432584	0.616982	3.128102	-0.3374179	0.5234464	3.172285	-0.3434817	0.443294	3.195501	-0.3604179	0.198448	3.255923	-0.3821903	-0.1340136	3.328234	-0.2220527	0.4188454	3.365633	-0.4744545	0.4208244	3.077841	-0.3265804	-0.1363675	3.343371	-0.4289736	-0.1286209	3.234842	-0.2050098	0.1287678	3.433224	-0.5844347	0.1318549	3.074847	-0.3184032	-0.5793693	3.434479	-0.479398	-0.5663468	3.227238	-0.3312507	-0.9782329	3.504468	-0.5010504	-0.9265358	3.263619	

-0.1650198	-0.1229269	3.442918	-0.5718623	-0.1229873	3.071901	-0.1568162	-0.2018302	3.480736	-0.5889808	-0.244869	3.103909	-0.205191	-0.1116721	3.442	-0.5325049	-0.1783539	3.102909	-0.245368	0.6183836	3.132395	-0.3384655	0.5247117	3.173629	-0.3447275	0.4443215	3.1969	-0.362511	0.1987142	3.257447	-0.386081	-0.1352809	3.32954	-0.2341951	0.39877	3.353567	-0.4745559	0.4207982	3.07786	-0.3296935	-0.1374095	3.344994	-0.433513	-0.1300427	3.235425	-0.2079124	0.128201	3.437784	-0.5855145	0.1321116	3.074328	-0.3194945	-0.5772139	3.436226	-0.4849443	-0.5677406	3.226283	-0.3155476	-0.951578	3.50432	-0.5163511	-0.9416685	3.263566	

-0.1695662	-0.1196398	3.453566	-0.5751408	-0.1232093	3.060822	-0.1673566	-0.2085638	3.481573	-0.5757762	-0.2461862	3.103255	-0.2087525	-0.1058681	3.447143	-0.5093043	-0.1551975	3.10525	-0.2489969	0.6217971	3.136409	-0.3408748	0.526708	3.174455	-0.3470476	0.4460528	3.197818	-0.3645822	0.1996744	3.258429	-0.3876089	-0.1351433	3.33021	-0.2380058	0.4018217	3.35144	-0.4750047	0.4208013	3.077784	-0.3316058	-0.1370795	3.346379	-0.4347034	-0.1300263	3.235461	-0.2126378	0.1308648	3.441932	-0.5861562	0.1321738	3.071974	-0.3208109	-0.5748468	3.437567	-0.4945677	-0.5645266	3.226326	-0.3159679	-0.9499704	3.50433	-0.5296866	-0.942002	3.264568	

-0.1760697	-0.1196732	3.463321	-0.5760649	-0.1197943	3.04302	-0.1769826	-0.2030358	3.50174	-0.5676543	-0.2446786	3.069043	-0.2211781	-0.1041649	3.465333	-0.5110124	-0.1448629	3.101216	-0.2595713	0.6255426	3.137931	-0.3525169	0.5309085	3.171713	-0.3573926	0.4496388	3.195682	-0.3715196	0.2015981	3.257555	-0.3908508	-0.1347539	3.330049	-0.24689	0.4059811	3.355644	-0.4820748	0.4233438	3.076618	-0.3355428	-0.1357591	3.34532	-0.4373977	-0.1303648	3.235845	-0.2219437	0.130088	3.449147	-0.5903935	0.135411	3.062712	-0.3259912	-0.57122	3.434736	-0.5332325	-0.5773847	3.227988	-0.3140752	-0.946133	3.504325	-0.5876805	-0.9575734	3.269281	

-0.1930342	-0.1158531	3.473559	-0.5748923	-0.1193844	3.020407	-0.1896736	-0.2061622	3.51407	-0.5468917	-0.2520401	3.063199	-0.2344167	-0.11512	3.46175	-0.5115101	-0.1392192	3.09484	-0.2818606	0.6253408	3.139043	-0.3754665	0.5342202	3.162938	-0.3781773	0.4524752	3.187817	-0.3857886	0.2028896	3.252248	-0.3972827	-0.1351466	3.327403	-0.2809337	0.419825	3.337191	-0.4943812	0.424312	3.069401	-0.3422909	-0.1337788	3.34243	-0.4437652	-0.1332072	3.233063	-0.2351499	0.1337926	3.451116	-0.5977834	0.1354657	3.043061	-0.3284854	-0.5678934	3.431229	-0.549026	-0.5765496	3.226975	-0.3114187	-0.9417567	3.502393	-0.6050238	-0.9486045	3.265598	

-0.2029197	-0.1168147	3.477896	-0.5737388	-0.1201158	3.009841	-0.2155117	-0.2126821	3.522562	-0.547042	-0.2616895	3.064052	-0.2569655	-0.09655577	3.47775	-0.5148694	-0.1396411	3.091218	-0.2894634	0.6259808	3.138876	-0.3813656	0.5349181	3.160163	-0.3844619	0.45328	3.184821	-0.392762	0.2038469	3.248758	-0.4033352	-0.1345753	3.323854	-0.2868247	0.4159883	3.346581	-0.5062712	0.4245091	3.061909	-0.3497439	-0.1311828	3.339838	-0.448471	-0.1344708	3.228437	-0.2454976	0.1325108	3.452826	-0.6005833	0.1343944	3.035662	-0.3306548	-0.5647503	3.428437	-0.5591287	-0.5767019	3.224838	-0.3114211	-0.9415245	3.502024	-0.6107493	-0.9477835	3.266848	

-0.2100455	-0.1151889	3.480269	-0.5706772	-0.1310886	2.999763	-0.2261315	-0.2108535	3.529703	-0.5448222	-0.2503182	3.018669	-0.2589687	-0.1083506	3.47275	-0.5154772	-0.1615895	3.084577	-0.2996262	0.6256586	3.137	-0.3933459	0.5340383	3.154637	-0.3956099	0.4525261	3.179248	-0.4014421	0.2033281	3.243151	-0.408903	-0.1351058	3.318248	-0.2945092	0.4166195	3.346681	-0.5197693	0.4229494	3.053753	-0.3562135	-0.1310892	3.332803	-0.452519	-0.1355442	3.224325	-0.2564815	0.1330146	3.451023	-0.6075962	0.1226346	3.021296	-0.3332287	-0.5640575	3.426275	-0.5680089	-0.5763607	3.224558	-0.3107238	-0.9414881	3.501562	-0.6126007	-0.9477647	3.267315	

-0.2477195	-0.1199021	3.47602	-0.5746424	-0.1321791	2.96134	-0.2910492	-0.2298121	3.545536	-0.5436941	-0.2567394	3.001331	-0.2929716	-0.1997036	3.529333	-0.5283406	-0.156486	3.049278	-0.3535794	0.629968	3.110991	-0.4475413	0.5367506	3.121825	-0.4483812	0.454466	3.145113	-0.4493853	0.2027749	3.205036	-0.4491057	-0.1394853	3.274635	-0.3530442	0.413417	3.328206	-0.5638544	0.4197804	3.019831	-0.3974359	-0.1335613	3.293094	-0.4899758	-0.1420455	3.177054	-0.3054496	0.1243899	3.437234	-0.6312129	0.1180784	2.989238	-0.3479504	-0.5666076	3.412427	-0.586696	-0.5754297	3.214112	-0.3086743	-0.9437992	3.496427	-0.6166195	-0.9485049	3.264907	

-0.2811824	-0.12318	3.458927	-0.5806067	-0.1308283	2.950046	-0.2971626	-0.2270585	3.5032	-0.5484267	-0.25786	2.978822	-0.3149587	-0.2116311	3.48725	-0.5348209	-0.1545423	3.037364	-0.3690587	0.6319356	3.102932	-0.4625645	0.5364828	3.115118	-0.4621304	0.4540819	3.138357	-0.459701	0.2020794	3.198196	-0.4557782	-0.1405371	3.267665	-0.369818	0.4028477	3.314755	-0.5747895	0.4186022	3.01039	-0.4038021	-0.1344495	3.287298	-0.4967923	-0.1432456	3.168809	-0.3305125	0.1227462	3.418779	-0.6432006	0.1183497	2.97497	-0.3605721	-0.5668868	3.402406	-0.6017855	-0.577539	3.203591	-0.3090247	-0.9463691	3.495985	-0.6179946	-0.9491633	3.264274	

-0.2975774	-0.130533	3.451151	-0.5873804	-0.1348687	2.940548	-0.3121617	-0.234706	3.510026	-0.5639532	-0.2629605	2.972606	-0.3407868	-0.1418236	3.4388	-0.5414767	-0.1578705	3.027792	-0.3832143	0.6330182	3.095909	-0.4752877	0.5325112	3.106851	-0.4745755	0.4503571	3.130038	-0.4709053	0.1990845	3.1898	-0.464645	-0.1426198	3.259418	-0.3931756	0.4085845	3.260723	-0.5909485	0.4172232	3.00056	-0.4105183	-0.1359466	3.277415	-0.5080488	-0.1459665	3.162014	-0.3373153	0.117897	3.414971	-0.6505196	0.1140382	2.967921	-0.3653884	-0.5657396	3.395067	-0.6089184	-0.5793353	3.199133	-0.3094585	-0.9480057	3.494908	-0.6198597	-0.9483401	3.262171	

-0.3102381	-0.1327004	3.441102	-0.5962163	-0.1392988	2.930057	-0.3207093	-0.2293429	3.475808	-0.5693629	-0.2697639	2.964921	-0.3401815	-0.1825977	3.438715	-0.5488255	-0.160919	3.0202	-0.3989382	0.6338635	3.087338	-0.4893174	0.5301021	3.09731	-0.4881408	0.4481062	3.12023	-0.4830429	0.1972681	3.179107	-0.4747764	-0.1439128	3.247339	-0.3987418	0.4096477	3.266097	-0.5998055	0.4150566	2.993908	-0.4229375	-0.1375477	3.260618	-0.5154588	-0.1468665	3.154245	-0.3550301	0.113275	3.397471	-0.6614868	0.109043	2.958012	-0.3683721	-0.5663232	3.391316	-0.6123301	-0.5767481	3.198423	-0.3072391	-0.9537578	3.492636	-0.6208557	-0.9461821	3.261118	

-0.3521449	-0.1555624	3.399681	-0.6380809	-0.1736551	2.892422	-0.3411726	-0.2511277	3.439006	-0.6079394	-0.2825745	2.927469	-0.3613607	-0.1948889	3.39177	-0.5941255	-0.1895467	2.986937	-0.4487486	0.6254282	3.062617	-0.5364081	0.5204555	3.064905	-0.5342651	0.4379489	3.086976	-0.5258835	0.1855611	3.143302	-0.5125605	-0.1577181	3.208129	-0.4466738	0.3907464	3.229375	-0.6431574	0.4091915	2.960913	-0.4586744	-0.1515468	3.225822	-0.553903	-0.1600198	3.111593	-0.3993803	0.1014968	3.355091	-0.6985101	0.07562658	2.922661	-0.3846214	-0.5600611	3.374743	-0.6594296	-0.5764437	3.189015	-0.2904688	-0.966118	3.488759	-0.6329911	-0.9501757	3.260256	

-0.3614568	-0.1550285	3.382699	-0.6542715	-0.1614825	2.886359	-0.3538264	-0.2610002	3.420496	-0.6473626	-0.2971047	2.911697	-0.3788326	-0.1764867	3.351857	-0.6148961	-0.1928062	2.979278	-0.4594086	0.6249708	3.057409	-0.5471776	0.5197356	3.059117	-0.5442391	0.4370796	3.081419	-0.5336394	0.1843039	3.138409	-0.5178208	-0.1593599	3.204026	-0.473409	0.3948631	3.191885	-0.6505745	0.4058571	2.953633	-0.463	-0.1522739	3.22188	-0.5601236	-0.1626862	3.107307	-0.4185086	0.08428916	3.323667	-0.7143857	0.08837647	2.908998	-0.3923463	-0.5605543	3.369917	-0.6678174	-0.603472	3.190181	-0.2924119	-0.9652632	3.488324	-0.6350004	-0.9595106	3.258146	

-0.3891847	-0.1723924	3.344177	-0.7013068	-0.1612953	2.862667	-0.3656539	-0.2484755	3.382159	-0.7014793	-0.3172218	2.893824	-0.4031291	-0.1694693	3.3185	-0.6644446	-0.199515	2.9512	-0.5013448	0.6221532	3.034892	-0.5859922	0.5137695	3.032437	-0.5802736	0.4311606	3.056899	-0.5614669	0.1785738	3.119958	-0.5356317	-0.1646301	3.192531	-0.4880312	0.3910193	3.193076	-0.6892345	0.3948093	2.926149	-0.4853721	-0.1581323	3.206422	-0.5733238	-0.1671119	3.099336	-0.4322176	0.07729311	3.318032	-0.7399969	0.09231125	2.890199	-0.4075972	-0.5609371	3.363961	-0.6766633	-0.5865821	3.175675	-0.296907	-0.9650202	3.487225	-0.6403804	-0.9551947	3.253959	

-0.3908992	-0.1636552	3.343165	-0.7056387	-0.1598119	2.860382	-0.3710585	-0.262337	3.389486	-0.7085163	-0.3219567	2.892239	-0.3784714	-0.1913576	3.314429	-0.6713276	-0.2130733	2.954542	-0.5034552	0.621708	3.034281	-0.5883256	0.5134991	3.031337	-0.5832323	0.4308133	3.055271	-0.566358	0.1779138	3.116479	-0.5424209	-0.1659135	3.186667	-0.5067483	0.3892708	3.173809	-0.6905037	0.3951579	2.925361	-0.4896133	-0.158978	3.202172	-0.5824494	-0.1688092	3.092152	-0.4390165	0.08428447	3.311818	-0.7455792	0.09372356	2.886209	-0.4144489	-0.5645325	3.364471	-0.6786323	-0.5898973	3.174357	-0.2983082	-0.9648432	3.487129	-0.643712	-0.9505284	3.251776	

-0.3981661	-0.1485861	3.338207	-0.7122298	-0.163661	2.85539	-0.3795355	-0.2585152	3.382233	-0.7230223	-0.3301357	2.88409	-0.3852218	-0.1918	3.311125	-0.6781694	-0.2099761	2.952131	-0.5125748	0.6214244	3.030212	-0.5956604	0.5120096	3.027395	-0.5903603	0.4293887	3.051352	-0.5722994	0.1767224	3.113098	-0.5461901	-0.1667805	3.184538	-0.5197345	0.4044474	3.16525	-0.6966522	0.3931822	2.922498	-0.4930882	-0.1594068	3.199724	-0.5861607	-0.1700543	3.090498	-0.4508545	0.09667512	3.297698	-0.7522304	0.09107079	2.881874	-0.4254464	-0.6040368	3.383641	-0.6818266	-0.5951927	3.172457	-0.3058464	-0.9652711	3.490065	-0.6446735	-0.9466588	3.250006	

-0.4042697	-0.1671293	3.328583	-0.7239734	-0.167865	2.847789	-0.3863325	-0.2597089	3.387813	-0.7279737	-0.3262221	2.85735	-0.3936832	-0.1966121	3.315625	-0.6932333	-0.2146671	2.943842	-0.5329173	0.6220293	3.022306	-0.6103578	0.5109367	3.020838	-0.6055299	0.4277558	3.044295	-0.5887665	0.1732218	3.104653	-0.5638661	-0.1731354	3.174598	-0.5238309	0.3893233	3.164943	-0.712409	0.3919813	2.916282	-0.5103768	-0.1664305	3.187637	-0.6034998	-0.1755908	3.082802	-0.4576964	0.07899547	3.293202	-0.7677324	0.08515863	2.871885	-0.4323308	-0.5528083	3.355522	-0.6842573	-0.5997229	3.169995	-0.3819895	-0.9554673	3.519831	-0.6448942	-0.9480976	3.249941	

-0.4039435	-0.1611949	3.337004	-0.7357754	-0.1670836	2.840054	-0.3952451	-0.2565485	3.417979	-0.7346828	-0.3246254	2.855979	-0.4057099	-0.2085951	3.325571	-0.7098889	-0.209761	2.8953	-0.5557952	0.6276212	3.01656	-0.6296169	0.5110435	3.013835	-0.6231107	0.4281421	3.036914	-0.6018507	0.1743816	3.096421	-0.5722809	-0.171034	3.165397	-0.5324809	0.3912123	3.163986	-0.7312758	0.3890797	2.909676	-0.518768	-0.1634023	3.176666	-0.6116518	-0.174342	3.075314	-0.4625838	0.08179766	3.29256	-0.7803316	0.08556712	2.86874	-0.4649986	-0.6110977	3.382957	-0.6854332	-0.6056973	3.168263	-0.4394484	-0.9632826	3.541248	-0.6440913	-0.9536079	3.251141	

-0.4034216	-0.1584622	3.34177	-0.7387981	-0.1668216	2.839902	-0.3955477	-0.2482408	3.40048	-0.7306973	-0.3279603	2.873353	-0.4025986	-0.2133559	3.343667	-0.7136358	-0.2287941	2.9335	-0.5686063	0.632615	3.015103	-0.6375753	0.5107667	3.012992	-0.6311848	0.4279632	3.035511	-0.609919	0.174572	3.093269	-0.5796552	-0.1702262	3.159856	-0.5405379	0.3915642	3.165807	-0.7391	0.3907841	2.908098	-0.5263858	-0.1627003	3.170566	-0.6185293	-0.1734926	3.070485	-0.4661619	0.08244778	3.292969	-0.7853152	0.08555601	2.867766	-0.4708992	-0.6070604	3.382349	-0.6857188	-0.6087679	3.167962	-0.4401063	-0.9625915	3.540975	-0.6436019	-0.9529331	3.250665	

-0.4030595	-0.1628931	3.348631	-0.7412591	-0.166771	2.840145	-0.3994965	-0.2434828	3.420814	-0.7343011	-0.3252084	2.856213	-0.4120215	-0.2021447	3.3752	-0.7108484	-0.2201071	2.907364	-0.5744227	0.6341188	3.014959	-0.636309	0.5110084	3.013608	-0.6303152	0.4281144	3.036045	-0.6097316	0.1745712	3.093625	-0.5799142	-0.1703671	3.16033	-0.5437799	0.3892801	3.178113	-0.7425535	0.3911903	2.90799	-0.5267107	-0.1626854	3.170655	-0.6186839	-0.1739851	3.071871	-0.4678744	0.07674056	3.297149	-0.7893097	0.08535773	2.867721	-0.4755092	-0.6060296	3.384866	-0.6859547	-0.6125486	3.168242	-0.4319118	-0.9570547	3.533334	-0.6436436	-0.9525001	3.250359	

-0.4222248	-0.09747829	3.337297	-0.7426328	-0.1670766	2.841018	-0.4025122	-0.2459476	3.425623	-0.7331204	-0.3329593	2.876209	-0.4094389	-0.2297256	3.4	-0.7053711	-0.2068946	2.9315	-0.5788005	0.6358557	3.016059	-0.6355764	0.5113115	3.014165	-0.6297676	0.4285478	3.03647	-0.6095629	0.1755774	3.093801	-0.580555	-0.167456	3.159932	-0.5812212	0.4561766	3.176083	-0.7447106	0.3906453	2.908339	-0.5287348	-0.1593821	3.170572	-0.6181775	-0.1710041	3.071033	-0.4902522	0.1401518	3.279073	-0.7902566	0.0851211	2.868671	-0.4855754	-0.6030439	3.385506	-0.6856588	-0.612945	3.167594	-0.4313208	-0.9571481	3.533129	-0.6439108	-0.9521425	3.250291	

-0.4249065	-0.09488095	3.346252	-0.7323946	-0.1660936	2.856783	-0.4023388	-0.2292347	3.418317	-0.7116047	-0.3302289	2.904264	-0.433294	-0.1602392	3.321445	-0.6763791	-0.2186751	2.945632	-0.587661	0.6376392	3.019215	-0.650104	0.5133216	3.014908	-0.6399188	0.4306785	3.037608	-0.6117613	0.17745	3.095254	-0.5768759	-0.1639775	3.163506	-0.582001	0.4545759	3.17532	-0.7459432	0.389862	2.90789	-0.5261679	-0.1544989	3.17466	-0.6132367	-0.168858	3.07424	-0.4968623	0.1427191	3.291941	-0.7892569	0.08476255	2.869889	-0.4880974	-0.5999355	3.387338	-0.6853296	-0.6177656	3.168021	-0.4928544	-0.9602951	3.545098	-0.6441606	-0.9533255	3.249871	

-0.4265349	-0.09545566	3.348492	-0.7265807	-0.1655451	2.864979	-0.4057022	-0.2340749	3.420481	-0.7090542	-0.3286591	2.915754	-0.4386006	-0.1880469	3.248	-0.6596884	-0.2205143	2.949077	-0.5897817	0.6392307	3.02044	-0.653201	0.5152591	3.014551	-0.6430195	0.4327569	3.037525	-0.613188	0.179647	3.096059	-0.5751773	-0.1617073	3.165299	-0.5822519	0.4544494	3.174744	-0.7468847	0.3900308	2.907862	-0.524673	-0.1517813	3.176951	-0.61149	-0.1672177	3.075447	-0.5041072	0.1541203	3.318008	-0.7881355	0.08419588	2.87198	-0.4889265	-0.5980378	3.388551	-0.6848724	-0.6209834	3.1693	-0.51059	-1.000644	3.552327	-0.6441569	-0.9532983	3.249866	

-0.4274761	-0.09551328	3.351108	-0.7168682	-0.1691616	2.870403	-0.405656	-0.2194204	3.419818	-0.6970753	-0.3298478	2.92586	-0.4386927	-0.18794	3.248106	-0.6524053	-0.2229001	2.954	-0.5917262	0.6405768	3.021299	-0.6547408	0.5163794	3.014363	-0.644524	0.4339094	3.037556	-0.6139149	0.1809777	3.096828	-0.5737808	-0.1602867	3.167232	-0.5823925	0.4544021	3.174312	-0.7472886	0.3897305	2.908047	-0.5234897	-0.1499198	3.179104	-0.6099555	-0.1663304	3.077075	-0.5041435	0.1542845	3.317912	-0.7835007	0.07926577	2.875643	-0.4889838	-0.5969059	3.389628	-0.6837505	-0.6249964	3.170947	-0.5262474	-1.00813	3.562464	-0.6437979	-0.952999	3.249389	

-0.4270647	-0.09635109	3.352757	-0.7124201	-0.1696814	2.872412	-0.4038991	-0.2231289	3.415684	-0.6854334	-0.3276537	2.925419	-0.4326322	-0.1991665	3.259	-0.6452178	-0.2231659	2.953629	-0.5929877	0.6410559	3.022188	-0.6556567	0.5170245	3.014849	-0.6454918	0.4346186	3.038202	-0.6145028	0.1819911	3.098112	-0.5728447	-0.1593642	3.169299	-0.5824131	0.4543782	3.174308	-0.7477477	0.3899709	2.908454	-0.5231162	-0.1488631	3.181175	-0.6084178	-0.1656343	3.079121	-0.5044342	0.1535765	3.316795	-0.7809929	0.07823392	2.877625	-0.4887701	-0.596869	3.389989	-0.6831092	-0.6254851	3.171489	-0.4933918	-1.000452	3.54566	-0.6439905	-0.9535838	3.249639	

-0.4290667	-0.09510849	3.354387	-0.6877065	-0.1659264	2.877963	-0.4098045	-0.2158162	3.428484	-0.6534079	-0.3284968	2.931181	-0.4423325	-0.1497769	3.351	-0.6248639	-0.2121322	2.96144	-0.5936973	0.6417534	3.024379	-0.6563784	0.5180641	3.016626	-0.6459719	0.4357791	3.040295	-0.6133409	0.1839457	3.101908	-0.5662913	-0.1566622	3.176286	-0.5823319	0.4544409	3.174961	-0.7470429	0.3892308	2.909732	-0.5169156	-0.1444644	3.190317	-0.6016544	-0.1645185	3.084238	-0.504382	0.1533426	3.316921	-0.7734731	0.07670734	2.880739	-0.4881563	-0.5975033	3.390849	-0.6829379	-0.6265762	3.17238	-0.4935058	-1.000164	3.545167	-0.6441764	-0.9549966	3.250745	

-0.4314065	-0.09651419	3.363441	-0.67449	-0.1621668	2.878337	-0.4180472	-0.2152173	3.419146	-0.6342511	-0.3202357	2.922566	-0.4407029	-0.1501108	3.299	-0.6096906	-0.2084827	2.968191	-0.5942048	0.6437635	3.030221	-0.6573057	0.5194089	3.022304	-0.6466027	0.4371128	3.045894	-0.6126855	0.1852786	3.107164	-0.5643442	-0.1560113	3.180029	-0.5821373	0.4545769	3.179348	-0.7458047	0.3881333	2.912045	-0.5158345	-0.1433154	3.193179	-0.5987357	-0.1647058	3.0888	-0.5042049	0.1523128	3.319156	-0.7657363	0.07861257	2.883414	-0.4877889	-0.5974314	3.391842	-0.6812151	-0.6262766	3.173256	-0.5234324	-1.011926	3.556191	-0.6441682	-0.9550915	3.250782	

-0.4349929	-0.09278051	3.379226	-0.6583768	-0.1602978	2.880979	-0.4183019	-0.1917464	3.446821	-0.6132576	-0.3132409	2.915335	-0.4354759	-0.1281854	3.366833	-0.6020854	-0.201317	2.966765	-0.5948738	0.6473365	3.037829	-0.6573961	0.5221629	3.02841	-0.6464109	0.4398081	3.052593	-0.6111188	0.1877709	3.115792	-0.560566	-0.1546298	3.190712	-0.5814588	0.4563922	3.184945	-0.7440208	0.3885145	2.916981	-0.5127211	-0.1410949	3.204216	-0.5946109	-0.164267	3.098701	-0.5037616	0.1532168	3.323157	-0.7548278	0.0791911	2.886189	-0.4875536	-0.5983908	3.39725	-0.6751433	-0.6277755	3.178662	-0.5237004	-1.011282	3.554951	-0.6439158	-0.9557325	3.250875	

-0.4364541	-0.09201498	3.388506	-0.6531265	-0.1593031	2.880227	-0.4196166	-0.1664337	3.444492	-0.6024463	-0.3116689	2.928668	-0.436273	-0.1254591	3.370385	-0.5958692	-0.1943783	2.9693	-0.5946808	0.6495838	3.04268	-0.6562081	0.5242012	3.034243	-0.6452163	0.4418182	3.058319	-0.6098059	0.1896984	3.120995	-0.5593139	-0.1530411	3.194784	-0.5797594	0.4579687	3.190816	-0.7421994	0.3898222	2.922598	-0.5117468	-0.1397576	3.208246	-0.5931364	-0.1625037	3.102738	-0.5022702	0.1544102	3.328389	-0.7505043	0.08201303	2.887846	-0.4898625	-0.5971149	3.401395	-0.6650716	-0.5984555	3.175807	-0.5233631	-1.007279	3.553152	-0.6436732	-0.9555984	3.251099	

-0.4318325	-0.08468644	3.405694	-0.6377141	-0.1564536	2.884929	-0.4312952	-0.1184891	3.424493	-0.5785453	-0.2912372	2.933272	-0.4326122	-0.104318	3.3908	-0.5780768	-0.189057	2.977572	-0.592126	0.6580845	3.057804	-0.6487109	0.5335753	3.051085	-0.63905	0.4504689	3.073701	-0.6069313	0.1964258	3.132393	-0.559667	-0.148513	3.201858	-0.5716937	0.4667915	3.207687	-0.7346336	0.3931544	2.93628	-0.5130273	-0.1337321	3.214364	-0.5925888	-0.159421	3.111118	-0.4944388	0.1629867	3.344908	-0.7351218	0.08968997	2.898711	-0.5110715	-0.5878115	3.413995	-0.6616297	-0.5978457	3.17779	-0.4984439	-1.003987	3.545864	-0.6423803	-0.9555237	3.251179	

-0.430799	-0.09141036	3.415657	-0.6327896	-0.1555989	2.889923	-0.4182721	-0.186838	3.47249	-0.5744867	-0.2919941	2.93699	-0.4351661	-0.1241485	3.370167	-0.5759657	-0.1954537	2.980667	-0.5869632	0.6609645	3.071551	-0.6462196	0.534222	3.057491	-0.6368161	0.4513128	3.079675	-0.6056277	0.1976698	3.13682	-0.5596609	-0.1472299	3.204109	-0.569077	0.4673302	3.214127	-0.7306727	0.395683	2.942895	-0.513299	-0.1325751	3.215535	-0.5921735	-0.1581597	3.114704	-0.4918242	0.163565	3.351389	-0.7310833	0.09060813	2.902846	-0.5187286	-0.585813	3.416419	-0.6578301	-0.6138127	3.185449	-0.5442205	-1.013444	3.576165	-0.6385056	-0.9466043	3.253124	

-0.4268112	-0.09582512	3.426698	-0.6309499	-0.1541559	2.895551	-0.4142631	-0.1933472	3.486841	-0.5862767	-0.2960354	2.946869	-0.4253924	-0.1491163	3.418636	-0.5779083	-0.1986129	2.98725	-0.5829203	0.6631112	3.081453	-0.6413069	0.5355641	3.065679	-0.632238	0.4526	3.087427	-0.6022465	0.1987748	3.143051	-0.558233	-0.1464785	3.207788	-0.5640885	0.4685912	3.222311	-0.7260467	0.3964662	2.951622	-0.5121559	-0.1315526	3.218174	-0.5905765	-0.1578592	3.11924	-0.4868655	0.1648455	3.359584	-0.7276716	0.09096343	2.908635	-0.5234814	-0.5834659	3.421058	-0.654902	-0.6038738	3.185167	-0.5450703	-1.012949	3.579066	-0.6386572	-0.9457608	3.25376	

-0.4261861	-0.09561865	3.42662	-0.630251	-0.1518006	2.901361	-0.4136061	-0.2059354	3.473488	-0.5951927	-0.300928	2.955357	-0.4207679	-0.1902898	3.431	-0.5800072	-0.1949205	2.99421	-0.5813222	0.665381	3.084381	-0.6388206	0.5370885	3.071634	-0.6302391	0.4538871	3.092866	-0.6015528	0.1994638	3.147067	-0.558989	-0.1463554	3.210248	-0.5615811	0.4700736	3.228244	-0.7232137	0.3972226	2.956692	-0.5133344	-0.1314551	3.219842	-0.5907999	-0.157701	3.122587	-0.4843788	0.1663328	3.365517	-0.7265469	0.0910824	2.913797	-0.5254113	-0.5828241	3.423633	-0.6545413	-0.5983615	3.186358	-0.5422328	-1.014722	3.574945	-0.6386912	-0.9460984	3.253911	

-0.4201351	-0.09083598	3.425617	-0.637247	-0.1449458	2.917994	-0.4072646	-0.2193905	3.460237	-0.6187434	-0.3013195	2.97564	-0.4207582	-0.166234	3.317334	-0.5859504	-0.1901489	3.008299	-0.5700149	0.6721911	3.101368	-0.6321848	0.5423051	3.082066	-0.6223013	0.4594603	3.103625	-0.5894861	0.2061286	3.158653	-0.5417907	-0.1384818	3.221865	-0.5549409	0.4752466	3.238658	-0.7163671	0.4023216	2.96534	-0.494219	-0.1241395	3.234841	-0.5759924	-0.1496217	3.130719	-0.4777914	0.1714955	3.37593	-0.726594	0.09659999	2.928602	-0.5230657	-0.5813022	3.426319	-0.6513472	-0.5917231	3.188835	-0.5083352	-1.006393	3.55102	-0.6378475	-0.9466007	3.253865	

-0.4121843	-0.08566521	3.412536	-0.6456887	-0.1465457	2.928515	-0.3964741	-0.2163184	3.448742	-0.6318353	-0.2945903	2.985778	-0.4131793	-0.1763232	3.305167	-0.5831943	-0.1861651	3.010088	-0.5646623	0.6737974	3.109845	-0.6243709	0.5473276	3.095416	-0.6144246	0.4643763	3.115378	-0.581898	0.2106482	3.166167	-0.5349376	-0.1343898	3.22517	-0.5471411	0.4802479	3.251995	-0.7052398	0.4095667	2.974912	-0.4886386	-0.1212425	3.239705	-0.5675791	-0.1439817	3.132156	-0.4700572	0.1764901	3.389259	-0.7274789	0.09749239	2.934789	-0.5188577	-0.5796565	3.428679	-0.6481573	-0.5974922	3.193476	-0.5067399	-1.006625	3.550247	-0.6364984	-0.9490838	3.253791	

-0.4069611	-0.09136529	3.410917	-0.6481633	-0.1473917	2.931808	-0.3922892	-0.2165306	3.439493	-0.6335129	-0.2943026	2.97923	-0.4047585	-0.1533836	3.376786	-0.5872697	-0.1850764	3.010805	-0.5615137	0.674396	3.115272	-0.6223416	0.5475411	3.098018	-0.6122401	0.4647019	3.118354	-0.5793873	0.2113438	3.170064	-0.5324514	-0.1332284	3.229619	-0.5451149	0.4804591	3.254594	-0.7045511	0.4097198	2.976729	-0.4865614	-0.1204794	3.24449	-0.5650359	-0.1425885	3.136059	-0.4680466	0.1767045	3.391855	-0.7273796	0.09746269	2.938267	-0.5176309	-0.580317	3.430606	-0.6462654	-0.5990768	3.196514	-0.5282019	-1.015588	3.558825	-0.6339873	-0.9512686	3.253733	

-0.404978	-0.09096091	3.409504	-0.6496693	-0.1483559	2.934298	-0.3927791	-0.2167966	3.443827	-0.6425097	-0.2966075	2.983948	-0.405825	-0.1434412	3.369111	-0.5920451	-0.1907496	3.017237	-0.558936	0.6748989	3.119699	-0.6187384	0.5477584	3.103616	-0.6087956	0.4649997	3.12371	-0.576508	0.2118323	3.174464	-0.5304412	-0.1326107	3.232547	-0.5415221	0.4806758	3.260185	-0.7004097	0.4116705	2.982579	-0.4850342	-0.1202059	3.246641	-0.5626913	-0.1416241	3.139777	-0.4644825	0.1769295	3.397439	-0.7271647	0.09704959	2.942002	-0.515092	-0.5792948	3.434368	-0.6459583	-0.5993021	3.196933	-0.5423673	-1.017414	3.575441	-0.6338811	-0.9518623	3.254191	

-0.4024898	-0.09122036	3.409705	-0.6513041	-0.1472852	2.935089	-0.3919862	-0.2163615	3.436827	-0.6361435	-0.2968999	2.989096	-0.4048395	-0.149919	3.373031	-0.5931155	-0.1843391	3.020143	-0.5566863	0.6760823	3.121868	-0.6163186	0.548592	3.10704	-0.6065769	0.4657722	3.126775	-0.5748776	0.2124223	3.176489	-0.5295449	-0.1322499	3.233392	-0.5392621	0.4771726	3.259063	-0.6986371	0.4135768	2.98673	-0.4832029	-0.1197195	3.248477	-0.5624444	-0.1414354	3.139989	-0.4622334	0.1734442	3.396307	-0.726992	0.09870827	2.9461	-0.5139782	-0.5787034	3.436303	-0.6396694	-0.5802374	3.196763	-0.5408539	-1.017169	3.572677	-0.63351	-0.9515471	3.254326	

-0.3988964	-0.07603452	3.410146	-0.65237	-0.1445175	2.936033	-0.3874804	-0.2141997	3.452497	-0.6306632	-0.2881024	2.982236	-0.4069012	-0.1281298	3.36825	-0.5979471	-0.189661	3.02337	-0.5551769	0.6764697	3.125598	-0.6141493	0.5509649	3.112948	-0.6043398	0.467952	3.132819	-0.5724725	0.2139869	3.182804	-0.5270805	-0.1315526	3.239644	-0.5368302	0.4758833	3.260305	-0.697006	0.4156624	2.992965	-0.4808191	-0.1193454	3.253126	-0.5603344	-0.1404523	3.147676	-0.4598172	0.172164	3.397544	-0.7250896	0.1023364	2.95093	-0.5130671	-0.5790141	3.439394	-0.6397709	-0.5914418	3.202521	-0.4973962	-1.005155	3.548882	-0.6332725	-0.9507146	3.255547	

-0.3917283	-0.08840874	3.416933	-0.6512324	-0.1417304	2.939864	-0.37751	-0.21289	3.469503	-0.6208175	-0.2871921	2.989372	-0.3953135	-0.172912	3.40775	-0.5968651	-0.1898474	3.026583	-0.5530716	0.6782814	3.130314	-0.6116005	0.5521494	3.117604	-0.6018906	0.4691532	3.137534	-0.5703486	0.2152416	3.187632	-0.5254566	-0.1302253	3.244476	-0.5335099	0.4745858	3.262545	-0.6961138	0.4173431	2.99759	-0.4786691	-0.1181155	3.25758	-0.5593941	-0.1391128	3.152727	-0.456519	0.1708774	3.399776	-0.7238279	0.1051626	2.954968	-0.5123783	-0.5790662	3.441129	-0.641011	-0.5956216	3.204275	-0.4298311	-1.013632	3.52353	-0.6325364	-0.9517366	3.255855	

-0.3891417	-0.09074644	3.41963	-0.6523988	-0.1341509	2.941076	-0.3735456	-0.2252662	3.477002	-0.6190697	-0.2822143	2.990627	-0.3847452	-0.1852296	3.440001	-0.5900133	-0.1780157	3.026	-0.5507373	0.679978	3.133756	-0.6090326	0.5524359	3.121809	-0.5995663	0.4695558	3.14102	-0.5686756	0.2158788	3.189391	-0.524336	-0.1294138	3.244853	-0.5248439	0.4723193	3.273884	-0.695633	0.4187003	3.002816	-0.4762922	-0.1171593	3.258472	-0.5590515	-0.1384635	3.152778	-0.447918	0.1686428	3.411093	-0.7237141	0.1130122	2.961502	-0.5115898	-0.5779706	3.44204	-0.6408051	-0.5963502	3.205698	-0.4971488	-1.007127	3.548877	-0.6301284	-0.9449362	3.257245	

-0.385004	-0.093918	3.420443	-0.6528114	-0.1313012	2.947127	-0.3723112	-0.2278668	3.474931	-0.6246033	-0.2808821	2.991947	-0.3861576	-0.1758905	3.4195	-0.5923986	-0.1798347	3.03	-0.5467302	0.6824535	3.138007	-0.6069806	0.5523362	3.124818	-0.5977396	0.4694426	3.144212	-0.5675824	0.2157666	3.193	-0.5243897	-0.1294662	3.248724	-0.5210751	0.47273	3.277751	-0.6949924	0.4190933	3.006078	-0.4765226	-0.1177852	3.261589	-0.5590971	-0.1378478	3.157363	-0.4388057	0.1643149	3.402876	-0.7236563	0.1160106	2.967137	-0.5111597	-0.5793933	3.443681	-0.6412946	-0.5976685	3.206956	-0.5260799	-1.012019	3.553322	-0.6301314	-0.9452962	3.257266	

-0.3836931	-0.09458093	3.41873	-0.6567295	-0.1288336	2.94911	-0.3766447	-0.2269612	3.454332	-0.6375812	-0.2847675	2.996484	-0.3899301	-0.1649259	3.397071	-0.59526	-0.1825912	3.0316	-0.5444854	0.6825148	3.1413	-0.6057421	0.5525848	3.126485	-0.5966678	0.4696426	3.145792	-0.5669824	0.2158552	3.194232	-0.5242907	-0.1294657	3.249413	-0.5175419	0.473616	3.282515	-0.6940713	0.420574	3.010984	-0.4762667	-0.1179594	3.26304	-0.5591168	-0.1377963	3.15754	-0.4354141	0.1615408	3.39981	-0.7242201	0.1193512	2.970194	-0.5106917	-0.5799889	3.444326	-0.6410508	-0.5980489	3.20762	-0.4846632	-1.004659	3.53811	-0.6292213	-0.9463717	3.256975	

-0.3820152	-0.09644936	3.411784	-0.6636104	-0.1306551	2.952124	-0.3725749	-0.2295215	3.4549	-0.6461945	-0.2859665	2.998601	-0.3878642	-0.1695128	3.386	-0.5980265	-0.1788476	3.03235	-0.5428845	0.6824559	3.14216	-0.6032278	0.5530652	3.128078	-0.5946611	0.4699765	3.147241	-0.5661736	0.2158807	3.195226	-0.5243667	-0.1296394	3.249974	-0.5159373	0.4738643	3.283995	-0.6936621	0.4208644	3.013166	-0.4762165	-0.1181961	3.263812	-0.5593253	-0.137917	3.157868	-0.4294917	0.1517215	3.372998	-0.726085	0.1188048	2.972374	-0.5103062	-0.5802942	3.445013	-0.6408923	-0.598068	3.20849	-0.4879234	-1.000784	3.541138	-0.6291334	-0.9466528	3.257185	

-0.3810565	-0.09653401	3.409895	-0.667329	-0.1315751	2.953932	-0.3773908	-0.2351422	3.446995	-0.6576076	-0.2897781	3.005669	-0.3868106	-0.1695305	3.36425	-0.5988896	-0.1841895	3.033435	-0.5414202	0.6816309	3.142488	-0.6020332	0.5526873	3.129384	-0.5934659	0.4694426	3.148785	-0.5651226	0.2147634	3.197545	-0.5239986	-0.1318166	3.253326	-0.5146789	0.4731959	3.283257	-0.6931546	0.421094	3.014062	-0.4754366	-0.1235735	3.268831	-0.5593295	-0.1381657	3.15991	-0.4282734	0.1559955	3.385701	-0.7270738	0.1185185	2.974163	-0.5102196	-0.5864303	3.448212	-0.6406242	-0.5976906	3.209244	-0.4887185	-1.001086	3.542054	-0.629254	-0.9460261	3.257453	

-0.3805185	-0.09700106	3.408063	-0.6690445	-0.1317397	2.954774	-0.3728218	-0.2296695	3.4571	-0.6647151	-0.2836681	2.989899	-0.3875158	-0.1707371	3.373614	-0.601876	-0.1868504	3.033701	-0.5398641	0.6817797	3.143102	-0.6011218	0.5522983	3.129929	-0.5926443	0.4690753	3.149406	-0.5645964	0.2144626	3.198339	-0.5239211	-0.1320222	3.254239	-0.5141243	0.4738182	3.28332	-0.6930842	0.4216855	3.014781	-0.4752561	-0.1243927	3.270455	-0.5593695	-0.1379225	3.160271	-0.4282309	0.1549022	3.381667	-0.7277224	0.1185638	2.975886	-0.5101064	-0.5876257	3.449038	-0.6408932	-0.597987	3.209538	-0.4587888	-1.002062	3.526942	-0.6287148	-0.9465146	3.257982	

-0.3794348	-0.09602399	3.408132	-0.6714708	-0.1326965	2.955771	-0.3792717	-0.2365417	3.446895	-0.6571386	-0.2889513	3.00517	-0.3761547	-0.2166446	3.41425	-0.599023	-0.1829023	3.031516	-0.538027	0.6812803	3.142703	-0.5986933	0.5512933	3.131142	-0.5904031	0.4680634	3.150768	-0.5629492	0.2134386	3.200064	-0.5231265	-0.133047	3.256275	-0.5120698	0.4735419	3.284722	-0.692576	0.4218349	3.015748	-0.4744399	-0.125869	3.271841	-0.5587769	-0.1380774	3.162697	-0.4266045	0.1570601	3.389583	-0.7281799	0.1180264	2.977101	-0.5093441	-0.5892475	3.45007	-0.6401531	-0.5971247	3.210303	-0.4490001	-0.973634	3.52439	-0.6283153	-0.9452851	3.25791	

-0.3761251	-0.09508352	3.409992	-0.6694855	-0.1307544	2.958483	-0.3627709	-0.2198382	3.451307	-0.6379386	-0.2880195	3.01257	-0.3793036	-0.1611549	3.36575	-0.5951598	-0.1767034	3.035214	-0.5309328	0.6788542	3.142855	-0.59337	0.5508946	3.132422	-0.5851499	0.4675695	3.152769	-0.557685	0.2126056	3.204552	-0.5178686	-0.1344629	3.265241	-0.5058818	0.4733573	3.288858	-0.6889371	0.4220723	3.016744	-0.4707675	-0.1277412	3.27815	-0.5522379	-0.1382073	3.173988	-0.4220828	0.1553859	3.390995	-0.7272108	0.1197815	2.978968	-0.4904445	-0.5809244	3.4494	-0.6392204	-0.5965441	3.210594	-0.4692669	-0.9494029	3.5366	-0.6276648	-0.9450502	3.257864	

-0.3734897	-0.09631284	3.411923	-0.6668916	-0.1308859	2.958909	-0.3662312	-0.2248126	3.44567	-0.6368337	-0.2826672	3.01114	-0.3750925	-0.1705153	3.3748	-0.5907862	-0.1740099	3.03525	-0.523883	0.6779588	3.142596	-0.5886344	0.5514103	3.133231	-0.580129	0.4682038	3.154725	-0.5512887	0.2138359	3.211214	-0.509651	-0.1317793	3.281119	-0.5020468	0.4746938	3.293136	-0.6863359	0.4226812	3.017361	-0.4639043	-0.1236105	3.295681	-0.5432156	-0.1368077	3.18788	-0.4213036	0.1530487	3.387516	-0.724938	0.1195749	2.979453	-0.4897859	-0.5802948	3.4491	-0.6380985	-0.5961888	3.210848	-0.4234259	-0.9924353	3.52164	-0.6274943	-0.9447643	3.257662	

-0.3714665	-0.09573402	3.41375	-0.6601432	-0.1301	2.959448	-0.3638289	-0.2189641	3.452507	-0.6243937	-0.2817331	3.012109	-0.3758949	-0.156523	3.362291	-0.5867398	-0.1785812	3.037852	-0.5182452	0.6769432	3.143114	-0.5830398	0.5507945	3.134512	-0.5748122	0.4677811	3.156824	-0.5470488	0.2139515	3.215217	-0.5072192	-0.1310477	3.285868	-0.5001867	0.4762577	3.295883	-0.6814732	0.4234672	3.018007	-0.4625801	-0.122765	3.299296	-0.5394862	-0.1362773	3.193826	-0.4211571	0.1527797	3.386252	-0.7186785	0.1202477	2.980089	-0.4882677	-0.5809306	3.448756	-0.6374277	-0.595553	3.211329	-0.4653868	-0.9961414	3.54027	-0.6274634	-0.9452767	3.257849	

-0.3645243	-0.09509382	3.41912	-0.6154695	-0.1145586	2.966478	-0.3537678	-0.2115109	3.446762	-0.5772725	-0.2746004	3.022728	-0.3702176	-0.1392592	3.373834	-0.5493555	-0.1573119	3.056733	-0.4980205	0.669271	3.142641	-0.571747	0.5502291	3.134802	-0.5638986	0.4673258	3.158161	-0.5375466	0.2137774	3.218963	-0.4994222	-0.1309353	3.291398	-0.4950029	0.4752714	3.289346	-0.6702118	0.4236981	3.020573	-0.4514165	-0.1207608	3.309635	-0.5345196	-0.137278	3.195942	-0.4164886	0.1477705	3.367741	-0.7023073	0.1297345	2.980823	-0.4752554	-0.5806246	3.445983	-0.6340001	-0.5936085	3.212724	-0.4665467	-0.9939577	3.539586	-0.62729	-0.9457147	3.258008	

-0.3466845	-0.191145	3.44907	-0.5342165	-0.1113533	2.994842	-0.3539249	-0.2811652	3.403488	-0.4689712	-0.2337359	3.051738	-0.3728199	-0.2522294	3.355342	-0.5667163	-0.1921182	3.067063	-0.4067961	0.6412811	3.149815	-0.4997732	0.5371441	3.145133	-0.4999822	0.4533993	3.171837	-0.5015759	0.1984803	3.240424	-0.49642	-0.1463371	3.317869	-0.4360915	0.4239158	3.287956	-0.600099	0.4139986	3.037317	-0.4471721	-0.1380658	3.339787	-0.5335232	-0.1506325	3.216994	-0.3622499	0.09542868	3.365262	-0.6355194	0.1252493	2.99708	-0.4613915	-0.580202	3.448732	-0.6248755	-0.5931199	3.224038	-0.4803365	-1.002598	3.541541	-0.6257035	-0.9510478	3.260547	

-0.3468185	-0.1137083	3.434349	-0.5243005	-0.1064683	3.00623	-0.340718	-0.1793751	3.439725	-0.4511683	-0.223991	3.070423	-0.3625677	-0.1520925	3.365	-0.5526966	-0.1828852	3.088238	-0.387643	0.6301371	3.155837	-0.484907	0.5326529	3.149593	-0.4921228	0.4507219	3.174371	-0.501619	0.198237	3.240609	-0.5169614	-0.146464	3.318507	-0.4245085	0.4603018	3.296474	-0.5850657	0.4151224	3.044046	-0.4749174	-0.1420825	3.336707	-0.5488463	-0.1481118	3.220499	-0.3507528	0.1316193	3.373832	-0.6266051	0.1293016	3.001613	-0.4517333	-0.5798209	3.449817	-0.6210401	-0.5931436	3.227077	-0.4825911	-0.9998654	3.540903	-0.6257743	-0.9502901	3.261228	

-0.3465443	-0.1715587	3.466193	-0.4865802	-0.1235705	3.053012	-0.3468457	-0.2736133	3.425496	-0.4324003	-0.2127911	3.090441	-0.3566521	-0.1844984	3.398833	-0.5293761	-0.1948742	3.127333	-0.316262	0.5987793	3.185709	-0.418246	0.5206279	3.182556	-0.4295791	0.4373755	3.209521	-0.4625299	0.1829131	3.28037	-0.5055997	-0.1626363	3.364044	-0.3632195	0.3967589	3.335061	-0.5253817	0.4107032	3.076667	-0.4595047	-0.1606646	3.380985	-0.539695	-0.161047	3.268874	-0.2898452	0.06849836	3.412228	-0.5795636	0.1147877	3.038259	-0.4440442	-0.5859702	3.46456	-0.5925058	-0.5943185	3.232225	-0.4798269	-0.9942877	3.54099	-0.6234658	-0.9519473	3.262227	

-0.2954762	-0.1745324	3.525204	-0.492418	-0.1361722	3.056443	-0.3147343	-0.23197	3.515526	-0.453419	-0.2907312	3.117403	-0.3460624	-0.1868777	3.410286	-0.4440307	-0.1736713	3.143934	-0.2405269	0.5916175	3.238808	-0.3471728	0.5125406	3.229653	-0.3695461	0.4305972	3.252862	-0.4411278	0.1806825	3.30643	-0.5156403	-0.1612862	3.372799	-0.2923557	0.3887312	3.382086	-0.4673392	0.4101343	3.115926	-0.4676855	-0.1598722	3.387679	-0.5515355	-0.1589639	3.279472	-0.3257731	0.07913291	3.519408	-0.559926	0.1117719	3.062066	-0.4025709	-0.6487274	3.499907	-0.4683743	-0.5427982	3.191296	-0.4717373	-0.9969491	3.540241	-0.5955688	-0.9155759	3.286987	

-0.3010196	-0.2101481	3.527636	-0.4959224	-0.1374101	3.05654	-0.3400932	-0.3311072	3.421477	-0.4413082	-0.2966497	3.112074	-0.3409641	-0.2492277	3.4134	-0.4424996	-0.1629125	3.13305	-0.2383143	0.5921533	3.240689	-0.344389	0.5119776	3.232387	-0.3680239	0.4305871	3.254911	-0.4405991	0.1822253	3.310104	-0.5319021	-0.151577	3.380796	-0.2895805	0.3881722	3.384816	-0.4660239	0.4103831	3.117515	-0.4810911	-0.1522374	3.395446	-0.5705718	-0.1471898	3.28735	-0.323016	0.07858138	3.522135	-0.5584867	0.1118124	3.063344	-0.4032623	-0.6385337	3.510717	-0.4575744	-0.5355176	3.191339	-0.4686474	-0.9579996	3.52468	-0.589741	-0.8801311	3.2904	

-0.3127467	-0.1749241	3.475361	-0.5163345	-0.1411391	3.040864	-0.3110051	-0.2506387	3.497355	-0.4818223	-0.2308542	3.0759	-0.3321895	-0.1670515	3.432647	-0.4497125	-0.1428799	3.09984	-0.2231197	0.5919368	3.248668	-0.3308193	0.5106999	3.242069	-0.3598287	0.4313739	3.260541	-0.439223	0.1860685	3.310808	-0.545828	-0.1329168	3.367205	-0.276051	0.3869061	3.394485	-0.4490187	0.4175877	3.127878	-0.4914432	-0.1421511	3.387956	-0.5878451	-0.1178974	3.265715	-0.3095731	0.07733727	3.531794	-0.5583726	0.1120679	3.063221	-0.3832728	-0.6144295	3.528361	-0.3714768	-0.4538618	3.162392	-0.5050249	-0.8154485	3.28155	-0.5329415	-0.7799024	3.27964	

-0.3006971	-0.1630411	3.461451	-0.5318115	-0.1258463	3.030332	-0.2852672	-0.2371744	3.475283	-0.5371671	-0.2319692	3.021516	-0.3223273	-0.1623244	3.413143	-0.46085	-0.1696263	3.069949	-0.2188139	0.5927173	3.249818	-0.3242885	0.5123158	3.244782	-0.3524684	0.4340485	3.263542	-0.4337758	0.1928717	3.312073	-0.5435716	-0.127832	3.366342	-0.2768062	0.4008654	3.389346	-0.4446919	0.4196558	3.127221	-0.4898618	-0.135526	3.387986	-0.5852227	-0.1152523	3.264767	-0.3059593	0.08846965	3.522241	-0.561596	0.1288916	3.056424	-0.461094	-0.5048856	3.439844	-0.3154933	-0.4123008	3.113727	-0.4569664	-0.7701736	3.234828	-0.4865844	-0.7449435	3.250483	

-0.2970463	-0.1603297	3.455741	-0.5351931	-0.1299707	3.024376	-0.2744853	-0.2361035	3.459536	-0.5443474	-0.2389645	3.025897	-0.3109046	-0.1647368	3.407556	-0.492583	-0.2164273	3.083385	-0.2153947	0.5997329	3.25008	-0.321067	0.5172368	3.242925	-0.3485745	0.4393558	3.261688	-0.4287634	0.200373	3.309216	-0.537545	-0.1216784	3.362562	-0.2768837	0.4068554	3.379939	-0.4411638	0.4216899	3.123504	-0.4857368	-0.1292541	3.387125	-0.5764405	-0.1101985	3.257637	-0.3035304	0.09245069	3.509368	-0.5581892	0.1254574	3.049335	-0.4519763	-0.5014411	3.426757	-0.2892618	-0.4057114	3.064933	-0.4145992	-0.7427205	3.164592	-0.4382973	-0.738237	3.176297	

-0.2767704	-0.1544923	3.438223	-0.5145728	-0.1474416	3.015153	-0.2600584	-0.2478175	3.457162	-0.5143095	-0.249748	3.047665	-0.2931619	-0.1864777	3.3792	-0.4432434	-0.1911819	3.00527	-0.2062504	0.6069246	3.24424	-0.3149613	0.5264609	3.219289	-0.3381347	0.4468727	3.234528	-0.4022911	0.2015024	3.265807	-0.4920844	-0.1351374	3.307589	-0.2749439	0.4153174	3.347093	-0.4269527	0.4254618	3.090633	-0.443152	-0.1390421	3.336126	-0.5293231	-0.128002	3.200056	-0.2995821	0.09966767	3.474555	-0.5359604	0.1083211	3.024728	-0.4502877	-0.548672	3.425854	-0.2957765	-0.4738384	3.017864	-0.3567734	-0.7893936	3.052333	-0.4131985	-0.8135463	3.092069	

-0.2686767	-0.161041	3.42015	-0.4996909	-0.154105	2.990832	-0.2449269	-0.2564232	3.414537	-0.4964996	-0.2706563	3.021003	-0.2856984	-0.2035366	3.35425	-0.4299761	-0.1863548	2.99128	-0.2053773	0.6024403	3.212281	-0.3154835	0.5254543	3.189678	-0.3376115	0.4449884	3.2119	-0.4022682	0.1998478	3.261302	-0.4916599	-0.1358727	3.307612	-0.2770669	0.4080081	3.324889	-0.4230416	0.4167417	3.066851	-0.4430144	-0.1389799	3.336275	-0.5281788	-0.1311861	3.199551	-0.3014106	0.09240357	3.45248	-0.5283439	0.1009134	3.010892	-0.446723	-0.5447971	3.426502	-0.3026457	-0.4917098	2.99938	-0.3561141	-0.7941974	3.05808	-0.4200288	-0.8313288	3.073573	

-0.2254933	-0.1732248	3.38798	-0.4931011	-0.1733962	2.939529	-0.2160463	-0.2679601	3.411375	-0.5014493	-0.3000233	2.973897	-0.2680994	-0.1828728	3.340111	-0.4363492	-0.2149616	2.967909	-0.2056511	0.5871218	3.141411	-0.3107629	0.5088836	3.130058	-0.31822	0.4250638	3.148347	-0.3397995	0.1687642	3.193145	-0.3678581	-0.1797605	3.242356	-0.2731523	0.3883534	3.263908	-0.4126782	0.3952552	3.002744	-0.3212721	-0.1721458	3.25688	-0.4054924	-0.1829867	3.148535	-0.2973789	0.07270943	3.391401	-0.4994199	0.08302408	2.9515	-0.444972	-0.5828018	3.349561	-0.3194214	-0.5404829	2.974643	-0.3409137	-0.8729246	3.016858	-0.4367103	-0.8798464	3.048816	

-0.2228669	-0.1872694	3.361998	-0.4655341	-0.1828884	2.882863	-0.2056813	-0.2718466	3.376542	-0.4605827	-0.3299221	2.929707	-0.2538557	-0.1884014	3.3137	-0.3971167	-0.2147475	2.943806	-0.1921066	0.5577846	3.060788	-0.3047171	0.4877469	3.042184	-0.310637	0.4046703	3.065737	-0.3275183	0.1505944	3.126307	-0.3491734	-0.1948597	3.196504	-0.2659419	0.373363	3.183843	-0.4066596	0.372543	2.928547	-0.3033215	-0.1846883	3.20634	-0.3870983	-0.1995783	3.108861	-0.2492939	0.06156571	3.320682	-0.4839701	0.07441798	2.891944	-0.2725421	-0.5022555	3.368894	-0.3315877	-0.608035	2.96268	-0.2998545	-0.8463018	3.075963	-0.4488043	-0.9470363	3.036843	

-0.2134693	-0.1932913	3.273771	-0.4346454	-0.2500921	2.804802	-0.1992182	-0.2875412	3.313536	-0.3924117	-0.4026723	2.865243	-0.2135005	-0.2587873	3.268667	-0.3612531	-0.2634364	2.858562	-0.1843872	0.52262	2.909051	-0.2915493	0.4542977	2.905508	-0.2987734	0.3753745	2.934638	-0.3195934	0.133859	3.011906	-0.3465372	-0.1945644	3.104358	-0.2470656	0.3553862	3.046168	-0.4047665	0.3456965	2.807444	-0.2939821	-0.1807807	3.123036	-0.3902993	-0.2033944	3.006382	-0.2304533	0.04343133	3.183001	-0.4740518	0.002869785	2.80148	-0.2660682	-0.4873925	3.301556	-0.3172951	-0.5953321	2.904107	-0.2908624	-0.8543124	3.038468	-0.4345742	-0.9344085	2.978242	

-0.204474	-0.1967336	3.152687	-0.4488036	-0.2305633	2.697258	-0.2199917	-0.3170792	3.158009	-0.3966832	-0.3679905	2.763845	-0.2198191	-0.2599731	3.112167	-0.3772714	-0.2525233	2.774222	-0.183408	0.5039412	2.748631	-0.2836408	0.4260859	2.762936	-0.291047	0.350078	2.798196	-0.3123705	0.1173445	2.893831	-0.3399253	-0.1991546	3.010745	-0.2263154	0.3171155	2.905605	-0.4066538	0.3328075	2.680423	-0.2805298	-0.187601	3.018772	-0.3904243	-0.205475	2.923442	-0.2275653	0.05276231	3.112466	-0.4876987	0.02510942	2.677017	-0.2412678	-0.5100737	3.213265	-0.3192505	-0.5917443	2.85994	-0.2827366	-0.8926157	2.976892	-0.4365109	-0.930844	2.934056	

-0.1467383	-0.2017651	3.068702	-0.4646881	-0.2353023	2.624933	-0.1661689	-0.3348989	3.042505	-0.4478384	-0.3844784	2.665168	-0.1825113	-0.2503942	3.0125	-0.4089408	-0.3094873	2.73125	-0.1956046	0.508572	2.666359	-0.3000559	0.42933	2.692502	-0.3030095	0.3530964	2.730056	-0.3106958	0.119561	2.83261	-0.319694	-0.1981124	2.95875	-0.2227987	0.3277185	2.843052	-0.4181125	0.3257533	2.61002	-0.2614526	-0.1847642	2.962765	-0.369417	-0.2061626	2.875438	-0.2067225	0.04243536	3.023651	-0.494811	0.02655862	2.608598	-0.2012538	-0.5086432	3.109682	-0.3208808	-0.5975401	2.845144	-0.2722529	-0.925271	2.956616	-0.4381287	-0.9366078	2.919256	

-0.1400854	-0.2014387	3.065726	-0.4636498	-0.2487901	2.624633	-0.1469442	-0.2788866	3.060334	-0.4474159	-0.3848317	2.651762	-0.1650011	-0.255169	3.003222	-0.4096411	-0.3047731	2.724513	-0.1972435	0.5098655	2.661656	-0.3006011	0.429638	2.689676	-0.3032627	0.353395	2.727594	-0.3102663	0.119838	2.830968	-0.3184117	-0.197799	2.957657	-0.2227608	0.3275512	2.843259	-0.418597	0.3249595	2.607927	-0.2604077	-0.1845309	2.961853	-0.3679084	-0.2057665	2.874159	-0.2058083	0.04148619	3.02271	-0.4958152	0.003845652	2.605965	-0.1970308	-0.5140483	3.098206	-0.3216666	-0.6000395	2.840925	-0.2702599	-0.9324577	2.951792	-0.4389091	-0.9390931	2.915037	

-0.1261542	-0.2259665	3.066065	-0.4648547	-0.2447102	2.616449	-0.1368717	-0.272129	3.040038	-0.4549443	-0.3887897	2.633914	-0.1465922	-0.2609305	3.006715	-0.4223318	-0.2791714	2.7091	-0.2003063	0.5135926	2.649619	-0.3032709	0.4315559	2.677226	-0.3051316	0.355077	2.715751	-0.3098619	0.1208536	2.820882	-0.3153346	-0.1975655	2.949483	-0.2228489	0.3275003	2.841962	-0.4191525	0.3256967	2.601763	-0.2581627	-0.184588	2.951338	-0.3641897	-0.205288	2.867873	-0.2006121	0.03588482	3.012972	-0.4972276	0.008102466	2.599144	-0.1841952	-0.5253294	3.062053	-0.3219574	-0.6021041	2.837038	-0.2647269	-0.9506736	2.945184	-0.4391972	-0.9411459	2.91115	

-0.1486536	-0.3089714	2.93585	-0.4629465	-0.2441325	2.593896	-0.136673	-0.4424464	2.929609	-0.4473487	-0.3936422	2.613024	-0.1949699	-0.3856184	2.904929	-0.4231099	-0.2642879	2.575462	-0.2108975	0.5177559	2.628884	-0.3101274	0.4360743	2.655815	-0.3102051	0.3593045	2.694773	-0.309652	0.124222	2.800969	-0.3077869	-0.1952916	2.930216	-0.2228001	0.3243422	2.843838	-0.4228673	0.3263037	2.579949	-0.2544377	-0.1818156	2.932559	-0.3524562	-0.203524	2.84812	-0.1921023	0.02965975	3.00907	-0.4952374	0.009476714	2.583642	-0.1546483	-0.5207691	3.033698	-0.3220129	-0.6044353	2.833931	-0.2565364	-0.9466776	2.940574	-0.3943328	-0.980022	2.933144	

-0.1464481	-0.2988054	2.921683	-0.461664	-0.2436868	2.586594	-0.1295871	-0.4612009	2.911752	-0.4540066	-0.3914245	2.602597	-0.1880246	-0.3928059	2.89265	-0.423596	-0.2945754	2.564706	-0.21491	0.5242097	2.616292	-0.3140039	0.4372645	2.64699	-0.3131644	0.3606949	2.68588	-0.3096967	0.1261513	2.79191	-0.3035156	-0.1926379	2.92107	-0.2261628	0.3353962	2.829032	-0.4230217	0.3274747	2.572775	-0.2507505	-0.1773622	2.921761	-0.3479884	-0.2024628	2.840658	-0.19032	0.04020044	2.992821	-0.4924587	0.01024194	2.577878	-0.1447017	-0.5152215	3.021444	-0.3223422	-0.6067579	2.830472	-0.248588	-0.8766018	3.242278	-0.3031378	-0.9860633	2.913684	

-0.09552209	-0.1542287	2.97415	-0.4507734	-0.2418675	2.57476	-0.07121917	-0.2248897	2.913061	-0.4250007	-0.3925234	2.600351	-0.1071228	-0.167563	2.897778	-0.4037014	-0.3583256	2.568917	-0.2230466	0.5319514	2.600499	-0.3194741	0.4410792	2.634953	-0.3169886	0.3647319	2.673018	-0.3079186	0.1311177	2.775702	-0.2912375	-0.186009	2.898935	-0.2263669	0.3346264	2.829061	-0.4244264	0.3292333	2.557716	-0.2447425	-0.1678692	2.901208	-0.3283554	-0.1992452	2.816162	-0.1824345	0.08738304	2.978321	-0.4830282	0.01174579	2.562187	-0.09459729	-0.5058799	2.958298	-0.320407	-0.6074452	2.829483	-0.2339009	-0.8155024	3.115714	-0.3031444	-0.9860169	2.913677	

-0.05838812	-0.1740639	2.966332	-0.4214799	-0.2442651	2.577952	-0.05484227	-0.1796602	2.892577	-0.3996203	-0.3927818	2.607533	-0.05861807	-0.171108	2.8825	-0.3732009	-0.2904094	2.675333	-0.226016	0.5338538	2.597536	-0.3231007	0.445906	2.624932	-0.318293	0.3691513	2.663167	-0.302231	0.1348041	2.765373	-0.2732283	-0.1836346	2.887797	-0.2315463	0.3411162	2.791723	-0.424306	0.32821	2.551075	-0.2228083	-0.1651324	2.894787	-0.3150296	-0.1970959	2.800986	-0.1632578	0.06013772	2.968738	-0.4740724	0.0049412	2.55607	-0.02202215	-0.4859275	2.917917	-0.3109905	-0.6194748	2.83067	-0.2075229	-0.7905399	3.041527	-0.3030452	-0.9862159	2.913674	

-0.04747232	-0.162198	2.962838	-0.4097787	-0.2437516	2.575456	-0.04686596	-0.1716028	2.89058	-0.3853027	-0.3939512	2.611043	-0.05057096	-0.1667603	2.8755	-0.3618072	-0.297435	2.672333	-0.2281812	0.5355799	2.594816	-0.323607	0.446891	2.622404	-0.3179908	0.3701905	2.66016	-0.2983175	0.135779	2.760977	-0.264824	-0.1834414	2.883176	-0.2316923	0.3457667	2.783413	-0.4236864	0.3270065	2.54818	-0.2126165	-0.1637888	2.892289	-0.3087082	-0.1979806	2.794362	-0.1631267	0.06682791	2.96322	-0.4685043	0.003972736	2.55245	0.04670803	-0.446511	2.884737	-0.3079734	-0.6193404	2.828878	-0.09348792	-0.8379306	3.028566	-0.3026739	-0.9866106	2.913207	

-0.03606339	-0.1486229	2.958545	-0.3927538	-0.2326769	2.577437	-0.02305374	-0.1557878	2.891587	-0.3613737	-0.3903843	2.618482	-0.03078853	-0.1468456	2.872	-0.3311065	-0.287756	2.668273	-0.2316285	0.5433683	2.587839	-0.3219745	0.4496807	2.617625	-0.3144171	0.3733363	2.655047	-0.2864671	0.1400667	2.755718	-0.2395871	-0.1776889	2.880485	-0.2298115	0.3512701	2.770357	-0.4218969	0.3267393	2.54552	-0.1864996	-0.1570931	2.889764	-0.2864475	-0.1934742	2.791732	-0.1579517	0.0769679	2.955331	-0.4475351	0.01516991	2.5495	0.08031325	-0.4338112	2.872737	-0.2950515	-0.6143997	2.825214	-0.01421339	-0.8410543	3.01053	-0.3016713	-0.9870774	2.913913	

-0.03203245	-0.1491671	2.904	-0.3567981	-0.2237198	2.586546	0.03834666	-0.2113468	2.848965	-0.3313348	-0.3847916	2.63542	-0.03398175	-0.1565012	2.828765	-0.29607	-0.2725604	2.671111	-0.2292369	0.547994	2.587713	-0.3141893	0.4537701	2.61533	-0.3038557	0.3785355	2.652493	-0.2693494	0.1479175	2.753813	-0.2205563	-0.1673095	2.879588	-0.2246041	0.3550214	2.763827	-0.4134948	0.3267205	2.543921	-0.1722963	-0.1407494	2.885824	-0.2595338	-0.1884731	2.794044	-0.1376729	0.08315849	2.946407	-0.4289604	0.0213147	2.551121	0.079987	-0.4268637	2.894114	-0.2792926	-0.6155969	2.82116	0.04524747	-0.8391104	3.042903	-0.2976197	-0.9861808	2.91559	

-0.04754765	-0.1656777	2.857786	-0.3449367	-0.2238598	2.589174	0.0373711	-0.2991481	2.817522	-0.3071947	-0.3797447	2.644462	-0.06072605	-0.2371075	2.81615	-0.2750977	-0.2489155	2.669542	-0.2211631	0.5544092	2.589345	-0.3043189	0.4580677	2.616583	-0.2938381	0.3824284	2.652901	-0.2599305	0.1504638	2.751875	-0.2110977	-0.1658181	2.873632	-0.2158079	0.3583651	2.758909	-0.4024716	0.3283393	2.54377	-0.1635508	-0.1390928	2.878681	-0.251992	-0.1876404	2.789644	-0.131081	0.08616533	2.941971	-0.4176264	0.02345806	2.552539	0.07115361	-0.4322798	2.917022	-0.2719626	-0.6149976	2.820729	0.04557322	-0.8028302	3.066969	-0.2955279	-0.9855376	2.915599	

0.01117785	-0.0853726	3.010202	-0.2872592	-0.2294375	2.588045	0.02150265	-0.1333016	3.01159	-0.2655878	-0.3700626	2.639392	-0.008496562	-0.09609569	3.012125	-0.2339721	-0.2592863	2.670148	-0.1986884	0.5628705	2.599849	-0.2764935	0.4649651	2.625227	-0.2642529	0.3896728	2.660808	-0.2257219	0.1586753	2.757272	-0.1723233	-0.15615	2.874871	-0.1897435	0.4046698	2.76861	-0.3779485	0.3317414	2.549203	-0.1288795	-0.128738	2.877519	-0.211397	-0.1794608	2.792813	-0.1054515	0.1319052	2.951524	-0.3770574	0.01886757	2.557518	0.06565378	-0.4390282	2.949747	-0.2595364	-0.6117651	2.8204	0.104096	-0.8347452	3.127453	-0.2945061	-0.9853233	2.915892	

0.1123539	-0.1519622	3.091368	-0.1815639	-0.2136113	2.604558	0.111399	-0.192375	3.097567	-0.1549001	-0.3617905	2.63907	0.09104846	-0.1575489	3.0983	-0.1345732	-0.249871	2.673222	-0.0453632	0.577071	2.686524	-0.1251333	0.4785317	2.71018	-0.1186863	0.3987209	2.739313	-0.09856173	0.1540371	2.81664	-0.07075969	-0.1792831	2.909057	-0.03837959	0.3546374	2.845074	-0.2333954	0.346224	2.628008	-0.01310767	-0.1665252	2.918552	-0.1265389	-0.1871438	2.819854	0.03131614	0.07879725	3.027946	-0.260466	0.03080798	2.605156	0.09904228	-0.5992182	3.093892	-0.1940204	-0.5980949	2.833866	0.1762469	-0.950523	3.201345	-0.2916472	-0.9863703	2.916808	

0.1265879	-0.1651208	3.08767	-0.1752939	-0.214224	2.611766	0.1553394	-0.2198219	3.125551	-0.1408263	-0.3583459	2.652908	0.1330179	-0.1949482	3.119286	-0.117697	-0.2376575	2.69575	0.01682543	0.5795355	2.722719	-0.06986042	0.4846489	2.743428	-0.06488617	0.4035259	2.772921	-0.04947544	0.1548905	2.851313	-0.02831052	-0.1837106	2.945123	0.01669361	0.3607812	2.878277	-0.182925	0.3606093	2.661272	0.02686149	-0.1734762	2.954393	-0.08277868	-0.1889848	2.856136	0.08596139	0.08496784	3.061133	-0.2211604	0.03857863	2.629675	0.1027773	-0.6025636	3.100118	-0.1871141	-0.5970971	2.837755	0.17758	-0.9502779	3.201021	-0.2877666	-0.985564	2.918165	

0.2688048	-0.1521471	3.193927	-0.05643741	-0.1893981	2.744485	0.2611116	-0.2165467	3.192223	-0.01963721	-0.3460888	2.785493	0.2305214	-0.2025914	3.153	-0.003035615	-0.2323095	2.762773	0.2162326	0.5755823	2.845953	0.1202823	0.5088435	2.872294	0.1046193	0.4278611	2.893725	0.05654727	0.1797425	2.947982	-0.009028948	-0.1582651	3.009727	0.1745212	0.3871334	2.987525	-0.007246033	0.3991707	2.780482	0.04750568	-0.1648636	3.027845	-0.06539854	-0.1474649	2.911845	0.2176259	0.09244186	3.150465	-0.06200555	0.07888546	2.745951	0.1887332	-0.5836957	3.136868	-0.006898157	-0.5608015	2.849747	0.1832793	-0.9473654	3.201841	-0.1993118	-0.9461129	2.906095	

0.2761694	-0.1517346	3.207513	-0.03433915	-0.1744238	2.748786	0.2785642	-0.208769	3.231828	-0.03322463	-0.2820068	2.778075	0.2626969	-0.166264	3.237545	-0.01509183	-0.21692	2.727308	0.2483215	0.5737851	2.870566	0.1431241	0.5121763	2.890046	0.1230041	0.4311756	2.907548	0.0644788	0.1825614	2.953032	-0.007905702	-0.1566112	3.009672	0.1972935	0.3904825	3.00527	0.01183401	0.4035607	2.793828	0.04809949	-0.1641553	3.027572	-0.06356046	-0.1444402	2.912219	0.2354852	0.09612171	3.169777	-0.05620868	0.08376036	2.75426	0.2064299	-0.6235474	3.158813	0.0477282	-0.5304791	2.853749	0.1851638	-0.945811	3.200728	-0.1487382	-0.9203715	2.923824	

0.2962119	-0.1481412	3.252022	0.00449398	-0.1643629	2.746266	0.294276	-0.226066	3.263761	0.01596764	-0.2658485	2.767412	0.2470251	-0.1096578	3.23	0.07615154	-0.1693627	2.783273	0.285456	0.5746176	2.893811	0.1795162	0.5130805	2.913258	0.1587099	0.4338691	2.931076	0.09276152	0.190363	2.973107	0.003867723	-0.1454932	3.018997	0.2335774	0.3914171	3.028471	0.0413443	0.408449	2.81583	0.05604588	-0.1503752	3.032759	-0.04680605	-0.1363432	2.927047	0.2580251	0.09374773	3.190099	-0.04445192	0.08783004	2.76312	0.1905325	-0.6189875	3.160122	0.1348646	-0.485264	2.849931	0.1620598	-0.9432873	3.18508	-0.04593068	-0.8303377	2.961323	

0.2911394	-0.1451487	3.250856	0.008266808	-0.1540185	2.742854	0.3167855	-0.2266237	3.288506	0.03738422	-0.2477176	2.77696	0.2858594	-0.1864929	3.278	0.08190196	-0.155733	2.779263	0.2970176	0.5886926	2.907953	0.1964805	0.5233208	2.931859	0.1738866	0.4450393	2.946454	0.1061244	0.2059259	2.982515	0.01689562	-0.1161382	3.021596	0.2504917	0.4016569	3.047076	0.06113137	0.420312	2.831613	0.06485667	-0.124561	3.037	-0.0310833	-0.1048862	2.926374	0.2762537	0.1050992	3.210322	-0.02037165	0.1007034	2.773846	0.1335137	-0.4755414	3.126627	0.2295967	-0.4288623	2.842176	0.1939861	-0.9066902	3.203115	0.04840379	-0.7423151	2.983108	

0.2985693	-0.1041428	3.24083	0.008768463	-0.1471167	2.747831	0.3303767	-0.1732156	3.273844	0.008372826	-0.2335497	2.766928	0.3326071	-0.1713365	3.2665	0.08084695	-0.152533	2.78225	0.304344	0.5968468	2.915114	0.2038713	0.5313004	2.939244	0.1874141	0.4537548	2.954156	0.1496035	0.2162958	2.988487	0.09226871	-0.1139007	3.017802	0.2751984	0.4478817	3.05953	0.07195655	0.4292254	2.841607	0.1507489	-0.1356442	3.034157	0.03127261	-0.08911797	2.921662	0.3001539	0.1505844	3.222242	-0.01763755	0.1076422	2.781757	0.1342634	-0.4946613	3.119468	0.2685416	-0.4020665	2.820682	0.1877289	-0.9251492	3.20262	0.1030594	-0.7028068	2.971473	

0.3179112	-0.1058912	3.231881	0.009195557	-0.1489498	2.748679	0.3332698	-0.1612829	3.215178	0.007274488	-0.227204	2.767129	0.3427557	-0.1163977	3.2103	0.04060068	-0.1697845	2.763625	0.3182852	0.6110739	2.931667	0.2170147	0.5369382	2.949123	0.2112563	0.4583439	2.962204	0.2045762	0.2130262	2.983886	0.181324	-0.1240921	2.99797	0.2780013	0.4460061	3.053875	0.08341192	0.4301961	2.849451	0.2423338	-0.1437545	3.008923	0.1154197	-0.1011077	2.907345	0.302934	0.1487088	3.216585	-0.01832834	0.1054468	2.785228	0.1714725	-0.4914983	3.107253	0.321123	-0.4089029	2.763552	0.1866512	-0.924564	3.192666	0.1511323	-0.7252371	2.906885	

0.3376651	-0.1473046	3.232274	0.01240722	-0.1489426	2.74755	0.3585062	-0.1908277	3.217992	0.004125947	-0.2316924	2.756111	0.3613846	-0.1417181	3.204167	0.05038413	-0.1573397	2.75325	0.3283414	0.6126332	2.938374	0.2276243	0.5369215	2.955456	0.2197462	0.4572472	2.964195	0.2062237	0.2112757	2.980576	0.180839	-0.1292134	2.98033	0.294658	0.4011729	3.036172	0.0967204	0.4303958	2.852112	0.2417774	-0.1509192	2.993219	0.114985	-0.1039302	2.887306	0.3194572	0.1041368	3.198805	-0.01733913	0.1048783	2.787304	0.1874986	-0.4973221	3.100703	0.3203574	-0.4134443	2.74821	0.1108309	-0.7791524	3.139344	0.1651622	-0.7616017	2.820747	

0.3455815	-0.1482177	3.22533	0.01447105	-0.1626642	2.743593	0.3678167	-0.2137925	3.209813	0.009800366	-0.2337227	2.744421	0.368686	-0.1773246	3.202571	0.05532809	-0.1721195	2.74075	0.331724	0.6148306	2.940357	0.2334552	0.5358577	2.957753	0.2266058	0.4553897	2.965523	0.2101067	0.2084434	2.978858	0.1839288	-0.1320223	2.97862	0.2953552	0.400801	3.036172	0.1026514	0.4286416	2.852304	0.244552	-0.1542801	2.992722	0.1185683	-0.1062971	2.884291	0.3201495	0.1037675	3.198804	0.01207961	0.09236288	2.787359	0.2010927	-0.5036497	3.096544	0.3167938	-0.4174431	2.736017	0.1157254	-0.7937554	3.142574	0.1675373	-0.8057627	2.775625	

0.400915	-0.2117674	3.126044	0.1756672	-0.1966913	2.654161	0.4287334	-0.260827	3.14209	0.2117413	-0.3579696	2.668274	0.4285189	-0.2502483	3.13525	0.2532509	-0.27817	2.696	0.4175279	0.5511324	2.931017	0.3084364	0.4741336	2.936634	0.2999904	0.389553	2.940875	0.2732274	0.1306283	2.943572	0.2357972	-0.2223268	2.936498	0.3643987	0.3385125	3.01077	0.1783521	0.3552087	2.811757	0.2964058	-0.2247546	2.942489	0.1687409	-0.2138851	2.851106	0.388683	0.04186225	3.173335	0.1255105	0.04832803	2.72445	0.4291187	-0.5590408	3.018571	0.2386823	-0.608279	2.642181	0.3225255	-0.8531479	3.070541	0.2388702	-0.9614246	2.553892	

0.3886112	-0.2986287	3.060637	0.225707	-0.1967386	2.635015	0.4168454	-0.355765	2.977365	0.2652489	-0.3262492	2.652301	0.4169555	-0.347699	2.978	0.2661971	-0.2532024	2.599367	0.4316282	0.5357396	2.90962	0.3218311	0.4579346	2.913612	0.308394	0.3741374	2.920038	0.2693835	0.1156832	2.926263	0.2115031	-0.2420819	2.918092	0.3777581	0.3223215	2.987733	0.1905944	0.3432016	2.795808	0.2678494	-0.2542613	2.919019	0.1487287	-0.2253366	2.83692	0.4019263	0.02574041	3.150285	0.1413722	0.0443377	2.706922	0.4263578	-0.5698196	3.011309	0.2320408	-0.6232438	2.641019	0.2250855	-0.9204273	3.183834	0.2373949	-0.9747235	2.551809	

0.4327074	-0.2855672	3.101638	0.2294095	-0.197688	2.63024	0.4319705	-0.395464	2.970331	0.2908036	-0.3270672	2.63741	0.4516487	-0.3241653	3.104	0.2866453	-0.2577926	2.586654	0.4414908	0.5250854	2.890563	0.3320029	0.4460844	2.894055	0.3191335	0.3616953	2.903604	0.2790485	0.1037474	2.920161	0.2254554	-0.2539725	2.926082	0.3879026	0.310474	2.968165	0.1957522	0.3353963	2.782762	0.2810959	-0.261304	2.924221	0.163492	-0.2414782	2.849004	0.4119796	0.01393936	3.130709	0.1482683	0.04366439	2.695976	0.427791	-0.5859466	3.008159	0.2284019	-0.6264601	2.64075	0.2274114	-0.9344752	3.185253	0.2369097	-0.9751294	2.55159	

0.4042688	-0.2594973	3.081981	0.2629898	-0.2102263	2.605592	0.4515271	-0.3415892	3.088867	0.321684	-0.3297681	2.607307	0.4525913	-0.3017555	3.068273	0.312659	-0.2690084	2.567214	0.4572192	0.508032	2.834666	0.3491258	0.4270423	2.838957	0.3332413	0.3417864	2.847949	0.2836285	0.08082855	2.864856	0.2149643	-0.2747628	2.876554	0.4049786	0.2914052	2.913056	0.2069865	0.3226139	2.74228	0.2696458	-0.2914074	2.868893	0.1550803	-0.2497638	2.808631	0.4288781	-0.005098396	3.075598	0.1679214	0.03177073	2.65576	0.4246769	-0.5909043	2.994656	0.2250123	-0.6268119	2.632068	0.2191996	-0.9349086	3.174554	0.235885	-0.9791041	2.545814	

0.4369376	-0.2546258	2.983355	0.2794271	-0.2048227	2.537286	0.4591649	-0.343251	2.987678	0.3491838	-0.3351924	2.562281	0.4729354	-0.3098115	2.98	0.3364773	-0.2291819	2.541818	0.4679455	0.4944471	2.693222	0.3592596	0.4190112	2.704072	0.3368355	0.3364492	2.714748	0.2671729	0.08346997	2.736755	0.1711235	-0.2616011	2.755228	0.4150841	0.2832045	2.778196	0.2130797	0.3130661	2.618371	0.2354462	-0.2883328	2.75956	0.101783	-0.2272957	2.671503	0.4171084	-0.002041058	2.9595	0.1721687	0.03579101	2.560344	0.3968063	-0.5709408	2.935294	0.229081	-0.6190168	2.575668	0.2061339	-0.901163	3.150382	0.2379541	-0.981868	2.540203	

0.4309469	-0.2429772	2.936657	0.2696159	-0.2114432	2.507663	0.4373572	-0.3441581	2.933017	0.3344192	-0.3276025	2.51586	0.4633056	-0.2783207	2.910572	0.3100353	-0.2561281	2.473654	0.4554405	0.5003197	2.627797	0.3507035	0.420494	2.641533	0.3295302	0.3380143	2.65468	0.2636483	0.08517401	2.684099	0.1724772	-0.2600451	2.718527	0.4065534	0.2845874	2.715677	0.2069362	0.3159618	2.563661	0.2375939	-0.2855954	2.72175	0.1022615	-0.2268296	2.635859	0.4274468	0.01014148	2.909971	0.1598009	0.03609037	2.518321	0.3879237	-0.5477154	2.908747	0.2316477	-0.6147994	2.565444	0.213238	-0.8792527	3.134186	0.2413792	-0.9879625	2.527534	

0.4482801	-0.2200027	2.760325	0.190223	-0.2814783	2.368317	0.4411951	-0.337602	2.804995	0.2475109	-0.4138127	2.403821	0.4558894	-0.2641416	2.768042	0.2650481	-0.2934003	2.426063	0.4074345	0.5403382	2.444607	0.3064434	0.4382416	2.467583	0.2942531	0.3586559	2.492185	0.255744	0.1142926	2.555983	0.202	-0.21923	2.630175	0.3822844	0.3318458	2.576861	0.1703591	0.329461	2.399537	0.2611459	-0.2204296	2.641287	0.136662	-0.2114134	2.53968	0.4288512	0.032116	2.731281	0.1126208	0.01522553	2.37875	0.4136752	-0.5141031	2.780631	0.2619358	-0.5996361	2.458359	0.2578208	-0.8079321	3.06145	0.2564992	-0.9965278	2.504347	

0.5044032	-0.2632339	2.599427	0.09137668	-0.2363823	2.207184	0.5083191	-0.3554193	2.542691	0.08923189	-0.3756529	2.222791	0.5100461	-0.2792459	2.57625	0.1275202	-0.2877836	2.2035	0.3734356	0.584385	2.33754	0.2789478	0.4685922	2.358012	0.285999	0.3884436	2.383976	0.306153	0.1419916	2.451837	0.3319985	-0.1947305	2.531302	0.3676459	0.3751438	2.467302	0.149147	0.3443781	2.28617	0.3887481	-0.1810458	2.532317	0.2648053	-0.2023596	2.451304	0.4329039	0.0510493	2.565463	0.0766458	0.01903723	2.245958	0.4736424	-0.53273	2.60518	0.2538155	-0.6118444	2.435285	0.3839856	-0.8236212	2.876986	0.2560622	-0.9974105	2.502394	

0.5602662	-0.1776235	2.544828	0.08022515	-0.2455258	2.141747	0.5823936	-0.2406146	2.542511	0.06110035	-0.3787233	2.143291	0.5713262	-0.1917461	2.5473	0.10794	-0.3011898	2.1305	0.3759528	0.6020484	2.301767	0.2817048	0.4783805	2.326005	0.2895652	0.3974056	2.351928	0.3121832	0.1483681	2.419463	0.3414927	-0.1919958	2.497918	0.3753114	0.379962	2.457134	0.1600219	0.3463944	2.24445	0.3879806	-0.1779265	2.502738	0.2869423	-0.1999686	2.41157	0.461337	0.05820419	2.547791	0.09196383	0.0085051	2.193213	0.4444712	-0.6027488	2.629996	0.2522513	-0.6171846	2.428595	0.3964822	-0.8624313	2.809793	0.2552051	-0.9966647	2.499634	

0.6054541	-0.1837828	2.533587	0.1736538	-0.2241586	2.122079	0.64305	-0.2118744	2.532911	0.1650286	-0.3817652	2.126276	0.6265634	-0.17647	2.532933	0.2066917	-0.301677	2.1244	0.4035866	0.6013919	2.27895	0.3094303	0.4831343	2.296787	0.3217142	0.4016656	2.320563	0.3558474	0.1503203	2.38434	0.3976141	-0.1937125	2.460918	0.4143708	0.3618555	2.4007	0.1969063	0.3488154	2.214829	0.4411183	-0.1788632	2.458169	0.3413453	-0.2023945	2.385052	0.4976276	0.04377894	2.502985	0.148785	0.02978497	2.167762	0.6412799	-0.4930373	2.480646	0.2687163	-0.6169389	2.411364	0.5882867	-0.8821702	2.675284	0.2556137	-0.9973216	2.499283	

0.6318138	-0.1851916	2.548795	0.2738592	-0.207814	2.150451	0.6717504	-0.2600542	2.576734	0.3196513	-0.3670644	2.162107	0.6420184	-0.2100839	2.573667	0.3285022	-0.2446767	2.15025	0.4576211	0.5991799	2.267	0.3647073	0.4771566	2.291155	0.3743858	0.3949839	2.316422	0.3974372	0.1429917	2.382447	0.4289384	-0.2013044	2.459303	0.457072	0.351952	2.375222	0.2443112	0.3430868	2.211796	0.4859382	-0.1865359	2.457016	0.360977	-0.2093203	2.383356	0.5489817	0.050792	2.508391	0.2057022	0.03992859	2.16963	0.6444592	-0.5433578	2.512096	0.306765	-0.6234045	2.389268	0.7389228	-0.9391025	2.673516	0.2580215	-1.00112	2.495868	

0.651379	-0.1923026	2.563159	0.3321651	-0.2091094	2.162058	0.6904401	-0.281094	2.59824	0.3911627	-0.3621435	2.189835	0.6126558	-0.1907096	2.5264	0.3751646	-0.2944489	2.142775	0.4829895	0.5945593	2.270266	0.3915167	0.469908	2.293965	0.3961605	0.3882287	2.318315	0.4117483	0.1364746	2.382314	0.4347767	-0.2070277	2.457604	0.4876269	0.3494976	2.384319	0.2696617	0.3388861	2.220192	0.4912375	-0.1946024	2.454692	0.3657138	-0.2127864	2.382232	0.5711376	0.03960211	2.504799	0.2403952	0.03065122	2.177887	0.6503469	-0.5595514	2.52636	0.3204239	-0.6273681	2.386304	0.7595286	-0.9426545	2.667812	0.2602646	-1.003559	2.495623	

0.7244827	-0.1983521	2.602677	0.4329256	-0.2047321	2.206858	0.7442974	-0.2796338	2.619227	0.4895152	-0.3535164	2.23829	0.7102643	-0.2513602	2.5665	0.4006848	-0.3025026	2.274684	0.5901194	0.5897994	2.314666	0.5232238	0.4685436	2.325662	0.5263575	0.3853835	2.349685	0.5334382	0.129743	2.41192	0.5402665	-0.2195347	2.484002	0.603931	0.3487101	2.405725	0.3914893	0.33889	2.252253	0.5962523	-0.2120482	2.480164	0.4672811	-0.2201592	2.410075	0.6703809	0.03602351	2.529035	0.3587676	0.04661619	2.214222	0.6939013	-0.5863814	2.564548	0.3826621	-0.6386842	2.399179	0.7712232	-0.9449679	2.661997	0.2664968	-1.003628	2.493241	

0.7736902	-0.1857342	2.625266	0.4709318	-0.2098315	2.228847	0.7782401	-0.2311795	2.597942	0.4999408	-0.3539209	2.281964	0.7593688	-0.2180558	2.56775	0.4228708	-0.2642581	2.29928	0.6828338	0.605808	2.32926	0.607727	0.4858807	2.344663	0.6069654	0.4018511	2.367816	0.601854	0.1435598	2.427603	0.5917835	-0.2093896	2.496622	0.688149	0.3660633	2.424763	0.4759971	0.3528038	2.263553	0.6474698	-0.2011384	2.491744	0.517651	-0.2111555	2.424034	0.7539701	0.05335904	2.548262	0.4361878	0.04437018	2.229625	0.7205391	-0.5730265	2.565972	0.408988	-0.6033674	2.410347	0.7871447	-0.9483129	2.655222	0.2699194	-1.001246	2.493176	

0.8168646	-0.1756429	2.638813	0.5240611	-0.214734	2.240113	0.7974653	-0.2917685	2.540353	0.5189703	-0.3431482	2.289865	0.7753661	-0.2127588	2.52	0.4598934	-0.2416791	2.312355	0.7689183	0.623728	2.346131	0.6831054	0.5011778	2.369569	0.6735682	0.4156795	2.392215	0.6381302	0.1521345	2.448737	0.5929655	-0.2079812	2.506046	0.7632852	0.3813929	2.449706	0.546123	0.3691711	2.286608	0.6479938	-0.2027926	2.493484	0.5199887	-0.2007692	2.450451	0.8285859	0.06870336	2.573374	0.5001537	0.04100689	2.248953	0.7444339	-0.5700995	2.573076	0.4509137	-0.5789559	2.403162	0.7936911	-0.9510258	2.654908	0.284932	-0.9813671	2.48628	

0.8580759	-0.1524617	2.678023	0.5864472	-0.1992262	2.255352	0.8708305	-0.20554	2.680855	0.585784	-0.3625397	2.31695	0.8426453	-0.1711609	2.642267	0.5207057	-0.2796457	2.306	0.8235156	0.6295373	2.380498	0.7373977	0.5194846	2.396542	0.7268839	0.4327418	2.416857	0.691671	0.1661934	2.468432	0.6403017	-0.1981537	2.526845	0.8174165	0.3997201	2.476717	0.5999365	0.3875319	2.311682	0.6951234	-0.2037773	2.512019	0.5639893	-0.1869616	2.463873	0.8823836	0.0870138	2.60052	0.5516829	0.0551807	2.268306	0.7639979	-0.5819594	2.5849	0.5092372	-0.5659276	2.385112	0.7949187	-0.9512004	2.65547	0.3303993	-0.9602239	2.479672	

0.8962717	-0.1714692	2.710002	0.6548484	-0.1812064	2.265929	0.9010404	-0.2194115	2.717323	0.6717204	-0.2968826	2.30942	0.8691339	-0.1734724	2.671	0.6127067	-0.2687046	2.294682	0.8938969	0.6163305	2.406941	0.7759629	0.5267188	2.414305	0.764089	0.4414873	2.430502	0.726759	0.1796266	2.471358	0.6773928	-0.1763888	2.515675	0.8558683	0.4069825	2.494498	0.6255745	0.3946536	2.32336	0.7332808	-0.1853336	2.504554	0.6021659	-0.1609132	2.44911	0.920599	0.09430534	2.618384	0.5750811	0.06396876	2.275205	0.7977136	-0.5962932	2.593871	0.5838457	-0.5504403	2.379258	0.7971959	-0.9512883	2.657059	0.4015884	-0.9425569	2.477444	

0.9103681	-0.1502721	2.723264	0.6948423	-0.1736678	2.273791	0.9262173	-0.2246936	2.752136	0.7144256	-0.266728	2.301178	0.8854763	-0.160215	2.6865	0.66365	-0.2318365	2.298421	0.9014317	0.6183047	2.409155	0.7878758	0.5287937	2.420034	0.7778537	0.4455194	2.435426	0.7460998	0.1911949	2.472116	0.7018059	-0.15266	2.508219	0.8677469	0.4090668	2.500233	0.6387761	0.3979961	2.328449	0.7568657	-0.1615917	2.501953	0.6248335	-0.1394304	2.437773	0.9324063	0.09640067	2.624144	0.5951123	0.09569283	2.280894	0.8061942	-0.5992166	2.584713	0.6123445	-0.5587732	2.37909	0.7971966	-0.9501843	2.657929	0.4669735	-0.9413789	2.473349	

0.9154821	-0.151286	2.72607	0.703609	-0.1349524	2.270865	0.9259791	-0.1673643	2.714801	0.7478081	-0.2420275	2.284871	0.916441	-0.1626313	2.6975	0.6538438	-0.2181599	2.299931	0.9082686	0.6202759	2.411245	0.7964671	0.5302877	2.424072	0.7862118	0.4461035	2.439044	0.7529353	0.1886821	2.474663	0.7078245	-0.1630186	2.511473	0.8763136	0.4105676	2.504275	0.6488371	0.4009907	2.332329	0.7674057	-0.1739928	2.503192	0.627529	-0.1481852	2.44282	0.9409218	0.09790914	2.628204	0.5985382	0.09841488	2.281726	0.8207241	-0.596086	2.589424	0.632217	-0.5603794	2.377762	0.7978634	-0.9496409	2.658249	0.4903275	-0.9450824	2.471939	

0.9278095	-0.1517728	2.730808	0.7531905	-0.1556602	2.281288	0.9407955	-0.2455282	2.730178	0.7427496	-0.2583262	2.305667	0.9312231	-0.2404085	2.712918	0.7016969	-0.2499643	2.290467	0.9201664	0.6232398	2.414852	0.8102205	0.5318438	2.428933	0.8009171	0.4481147	2.443293	0.7694423	0.1913641	2.476849	0.7231681	-0.1599201	2.511096	0.8900267	0.4121341	2.509142	0.6595836	0.4036893	2.336288	0.7841084	-0.1672737	2.507717	0.6418464	-0.1475854	2.438254	0.9545492	0.09948987	2.6331	0.6099673	0.1075991	2.284896	0.8392437	-0.5740587	2.590819	0.6924185	-0.5802556	2.364891	0.7990921	-0.9558265	2.666194	0.5742432	-0.9626873	2.441648	

0.9424583	-0.1514876	2.73323	0.7437555	-0.1045705	2.26651	0.954474	-0.2452703	2.732889	0.7993159	-0.232706	2.292104	0.9448442	-0.2401549	2.715649	0.7066079	-0.2171324	2.275063	0.931386	0.6272694	2.4152	0.8250641	0.5331017	2.431142	0.8115869	0.4492719	2.442967	0.7734277	0.1923006	2.471546	0.7192933	-0.1582543	2.489243	0.9048256	0.4133993	2.51136	0.6726223	0.4068833	2.339479	0.775991	-0.1722824	2.488896	0.6410884	-0.1377836	2.409658	0.9692491	0.1007656	2.635352	0.6190217	0.1185017	2.287329	0.7370104	-0.5558681	2.599691	0.7648314	-0.5429605	2.329395	0.8394232	-0.95655	2.639165	0.647649	-0.9246466	2.41419	

0.9570794	-0.1521546	2.734307	0.7356296	-0.1080138	2.248797	0.9689716	-0.2459043	2.734154	0.8082118	-0.2193695	2.269318	0.959279	-0.2407883	2.716935	0.6969949	-0.2026679	2.264067	0.9463677	0.6275684	2.416632	0.8398486	0.5328498	2.432087	0.8279557	0.4491422	2.442094	0.789549	0.1921969	2.463477	0.7333334	-0.1590348	2.477782	0.9195646	0.4131568	2.512311	0.6877578	0.4087655	2.342122	0.788467	-0.1752628	2.476836	0.6548771	-0.1372449	2.401483	0.9838859	0.1005414	2.636335	0.6232762	0.1205372	2.28678	0.7663028	-0.5986119	2.595478	0.8178812	-0.5081835	2.288073	0.7927643	-0.9646951	2.373338	0.7275827	-0.9248428	2.349279	

0.9906473	-0.1619534	2.721595	0.7256237	-0.1333183	2.197231	0.9863467	-0.197205	2.621637	0.7862769	-0.2203356	2.189623	0.9844272	-0.1861101	2.6165	0.7071191	-0.2220871	2.249536	0.9838237	0.6183237	2.402236	0.8739502	0.5232541	2.4192	0.8510729	0.4414853	2.434454	0.7924698	0.189325	2.463829	0.7213594	-0.1647955	2.490833	0.9535493	0.4035828	2.499434	0.7167585	0.4010607	2.32971	0.7711747	-0.1866738	2.494823	0.6475853	-0.1391804	2.411025	1.017593	0.09103769	2.623531	0.6441771	0.1034046	2.264578	0.8160378	-0.6304389	2.577485	0.8714398	-0.5127877	2.238707	0.7951459	-0.9826757	2.671928	0.8146412	-0.911823	2.249064	

0.8595224	-0.1439964	2.210032	0.7572055	-0.2375422	2.087573	0.8262054	-0.2597975	2.129864	0.7930759	-0.4110279	2.123772	0.9073008	-0.2354581	2.258421	0.7402785	-0.3736919	2.068704	1.030925	0.5487797	2.222033	0.9231524	0.4558097	2.242443	0.9135702	0.369248	2.260543	0.8802322	0.1032678	2.305725	0.830271	-0.2604039	2.355774	1.002442	0.336063	2.322707	0.7750044	0.3221253	2.14817	0.8894862	-0.2850632	2.34946	0.7445372	-0.2274161	2.287167	1.065601	0.023625	2.44702	0.7285587	0.01742503	2.105167	0.8588473	-0.7369367	2.531759	0.8615091	-0.5889808	2.146286	0.8037626	-1.02316	2.668414	0.8277255	-0.9468227	2.078246	

