-0.452163	0.2923961	2.341007	-0.3527067	-0.2307773	2.347758	-0.4773213	0.121627	2.328481	-0.3118093	-0.3962261	2.385129	-0.3698392	0.1740036	2.35425	-0.2990017	-0.2732138	2.36905	-0.3136347	0.583417	2.483433	-0.3632268	0.4526558	2.492989	-0.3444793	0.374573	2.509734	-0.2857916	0.1346944	2.550052	-0.2043866	-0.1931785	2.593062	-0.2479426	0.3383305	2.60477	-0.4524665	0.3088978	2.391144	-0.1545698	-0.1832451	2.599278	-0.2479837	-0.1971862	2.507127	-0.3090526	0.5498804	2.391475	-0.4504603	0.01808666	2.354803	-0.07687977	-0.6045885	2.712935	-0.3079334	-0.6507177	2.606854	-0.08236306	-1.008638	2.851295	-0.2900219	-1.013592	2.718089	

-0.3209523	0.2550761	2.357728	-0.3527683	-0.2307599	2.347759	-0.3440614	0.07910228	2.381153	-0.3130028	-0.3934635	2.386946	-0.2497356	0.1684306	2.399632	-0.3016125	-0.2690842	2.375313	-0.3136872	0.5834062	2.483529	-0.3632473	0.4526561	2.493071	-0.344516	0.3745639	2.509791	-0.2859306	0.1346366	2.550058	-0.2048853	-0.1934115	2.592861	-0.2478386	0.3372459	2.602641	-0.4526345	0.3091712	2.391311	-0.1548826	-0.183676	2.59896	-0.2487901	-0.1972372	2.507007	-0.3057671	0.5520012	2.391818	-0.4510856	0.01853265	2.35505	-0.07685712	-0.6043614	2.712579	-0.3079289	-0.6507185	2.606857	-0.08259588	-1.008534	2.851298	-0.2901188	-1.01398	2.718863	

-0.3196495	0.262308	2.362887	-0.3539853	-0.2306625	2.34843	-0.3435122	0.08528884	2.383834	-0.324277	-0.3871674	2.385859	-0.2501121	0.1786075	2.405026	-0.307831	-0.2652767	2.378875	-0.3137349	0.5835279	2.483692	-0.3633226	0.4528966	2.493488	-0.3446313	0.3746442	2.510107	-0.2863102	0.1342526	2.55032	-0.2062899	-0.1956858	2.592815	-0.2476915	0.336937	2.602548	-0.4526461	0.3091788	2.39137	-0.1562134	-0.1862334	2.598897	-0.2501756	-0.1991612	2.506914	-0.3030661	0.5593047	2.399187	-0.4518848	0.01848693	2.355586	-0.07653382	-0.6036149	2.710711	-0.307624	-0.649969	2.606366	-0.0824243	-1.008424	2.850981	-0.2899917	-1.014342	2.719207	

-0.3191229	0.2577044	2.361114	-0.3555717	-0.2303601	2.349553	-0.3447233	0.07924762	2.385407	-0.3266966	-0.3877867	2.387239	-0.2500274	0.1717098	2.40211	-0.308176	-0.2899906	2.3825	-0.3137425	0.5837435	2.484324	-0.3633439	0.4530947	2.49386	-0.3446667	0.3746576	2.510583	-0.2863522	0.1318521	2.551997	-0.2060043	-0.2063237	2.597674	-0.2469209	0.3381913	2.605993	-0.4527378	0.3092436	2.39162	-0.1563605	-0.1956707	2.602062	-0.24933	-0.2108045	2.513388	-0.3015357	0.5547112	2.395707	-0.4526937	0.01872457	2.356182	-0.07629411	-0.6031994	2.710194	-0.3077108	-0.6501529	2.606511	-0.08262607	-1.008144	2.851002	-0.2894913	-1.014538	2.719684	

-0.3182172	0.2388944	2.349671	-0.3567236	-0.2308743	2.350304	-0.3421447	0.06065442	2.381954	-0.3289127	-0.3888303	2.385903	-0.2491153	0.1385635	2.402833	-0.308219	-0.2932484	2.386778	-0.3137099	0.5837147	2.484687	-0.3632956	0.4529879	2.494225	-0.3446823	0.3745934	2.510865	-0.2864867	0.1319202	2.552129	-0.2072792	-0.2034702	2.596101	-0.2458821	0.336728	2.607096	-0.452845	0.3092652	2.391805	-0.1572079	-0.193905	2.600892	-0.2510975	-0.2065585	2.511093	-0.2971067	0.5554661	2.370275	-0.455032	0.01565844	2.357568	-0.07732996	-0.6026303	2.709473	-0.3086489	-0.6504769	2.606961	-0.08335234	-1.006988	2.850479	-0.2896284	-1.014771	2.720199	

-0.3190075	0.2337376	2.345856	-0.3581918	-0.2315975	2.350974	-0.339097	0.05478837	2.380924	-0.3281744	-0.3949341	2.388248	-0.2494238	0.1232817	2.402616	-0.312389	-0.2757011	2.38225	-0.3136615	0.5836527	2.484938	-0.3632724	0.4529363	2.494324	-0.3446999	0.3745406	2.510956	-0.286727	0.1318913	2.552086	-0.2082794	-0.2026331	2.595334	-0.2455503	0.3358313	2.606574	-0.453079	0.3091251	2.392189	-0.1578168	-0.1933477	2.600261	-0.2525076	-0.2054539	2.510111	-0.2991126	0.5634526	2.360703	-0.4558416	0.01378147	2.35829	-0.07901479	-0.6034105	2.709497	-0.310273	-0.6510972	2.607043	-0.08307156	-1.006353	2.849849	-0.289628	-1.014821	2.72032	

-0.2712961	-0.2650623	2.469619	-0.3595036	-0.2316276	2.351123	-0.360031	-0.4101779	2.410275	-0.3288079	-0.3923622	2.390241	-0.2859087	-0.386831	2.441441	-0.3132289	-0.2742535	2.386053	-0.3136221	0.5836456	2.484991	-0.3631963	0.4527429	2.494593	-0.344705	0.3743815	2.511159	-0.286895	0.1318757	2.552109	-0.2090088	-0.2018394	2.5949	-0.2453309	0.335623	2.606817	-0.453126	0.3088029	2.392524	-0.1585873	-0.1923942	2.599414	-0.2531574	-0.2048351	2.509973	-0.200827	0.05659501	2.468969	-0.4563796	0.01230103	2.359173	-0.08063587	-0.6039288	2.709138	-0.3110889	-0.6511915	2.607083	-0.0831119	-1.006827	2.849839	-0.2899287	-1.015014	2.720738	

-0.2739389	-0.2662812	2.466982	-0.3611024	-0.2311378	2.351254	-0.3764878	-0.4062977	2.398303	-0.3360402	-0.3894473	2.386758	-0.3256968	-0.4158024	2.445625	-0.3184466	-0.2728689	2.387539	-0.3134899	0.583922	2.485179	-0.3627167	0.4530865	2.494914	-0.3444718	0.3746345	2.51134	-0.2870674	0.1322788	2.55199	-0.2102191	-0.2000347	2.593894	-0.2447861	0.3362242	2.607421	-0.4529967	0.3090059	2.392592	-0.1598224	-0.1905502	2.598492	-0.2542522	-0.2032017	2.508923	-0.200769	0.0565776	2.468874	-0.4570831	0.01310781	2.359749	-0.08172996	-0.6006254	2.707015	-0.3116324	-0.6507357	2.607101	-0.07051253	-0.9834201	2.839498	-0.290499	-1.013067	2.720664	

-0.2742566	-0.2679487	2.467584	-0.3615585	-0.2311021	2.351515	-0.3441343	-0.4307445	2.466425	-0.3321012	-0.3874909	2.391289	-0.2689289	-0.363278	2.438353	-0.3166423	-0.2655923	2.380364	-0.3128507	0.5841233	2.485091	-0.3621188	0.4532903	2.494505	-0.3441313	0.3746942	2.511108	-0.2870661	0.1322356	2.551928	-0.2103733	-0.2002114	2.593972	-0.2439148	0.3384193	2.611571	-0.4529708	0.3090356	2.39256	-0.1601929	-0.1906923	2.598847	-0.2543066	-0.2034941	2.508839	-0.2007589	0.05657376	2.468875	-0.4574802	0.01003849	2.360048	-0.08280695	-0.5983006	2.705193	-0.3124887	-0.6501843	2.607123	-0.06972425	-0.9820085	2.838447	-0.2906993	-1.01273	2.720636	

-0.3073567	-0.27266	2.471968	-0.361757	-0.2311237	2.351677	-0.3535822	-0.4069727	2.407654	-0.3356523	-0.3886694	2.387316	-0.2795768	-0.3713812	2.43555	-0.3142291	-0.2757842	2.379488	-0.3119985	0.5841976	2.484732	-0.3616934	0.4532162	2.494408	-0.3439698	0.3746157	2.511083	-0.2873559	0.1320799	2.551975	-0.2123351	-0.2005611	2.594678	-0.2435637	0.3381526	2.611709	-0.4529432	0.3090741	2.392522	-0.1643487	-0.1888244	2.599455	-0.2554846	-0.2057867	2.510007	-0.2418799	0.05497069	2.499731	-0.4574206	0.00778973	2.360237	-0.08360481	-0.5969375	2.703627	-0.3136809	-0.6491461	2.606796	-0.07033633	-0.9815875	2.838145	-0.2922286	-1.011166	2.720165	

-0.3334685	-0.2602038	2.414522	-0.3619303	-0.2312794	2.352063	-0.3572963	-0.4012161	2.386028	-0.3331962	-0.3918051	2.388697	-0.2967428	-0.3487854	2.41785	-0.313351	-0.2746459	2.38142	-0.3109731	0.5838194	2.484825	-0.3612997	0.4530429	2.494116	-0.3437406	0.3744381	2.510824	-0.2875782	0.1318862	2.55158	-0.2130622	-0.2006702	2.59407	-0.2435211	0.3379864	2.610854	-0.4529279	0.3090708	2.392496	-0.1647472	-0.1882985	2.599057	-0.2566223	-0.2070368	2.508782	-0.2830821	0.05230343	2.529409	-0.4582501	0.01050004	2.359938	-0.08423598	-0.5966796	2.703387	-0.3145822	-0.6490353	2.606852	-0.07109345	-0.9810454	2.838396	-0.2930194	-1.010234	2.720504	

-0.3130246	-0.248982	2.387705	-0.3620313	-0.2312331	2.352052	-0.3546988	-0.408778	2.404571	-0.3340869	-0.3961681	2.388013	-0.3015451	-0.3601312	2.421437	-0.3130116	-0.2746561	2.382318	-0.3098675	0.5837927	2.484907	-0.3609791	0.4529991	2.494065	-0.3435385	0.3743611	2.510758	-0.2876434	0.1317518	2.551401	-0.2133703	-0.2008934	2.593668	-0.2430604	0.3366689	2.610222	-0.4526574	0.3090431	2.392573	-0.1648185	-0.188128	2.598925	-0.2571682	-0.2082389	2.507736	-0.1951334	0.05728379	2.473723	-0.4581159	0.009697345	2.360066	-0.08487928	-0.5969197	2.703407	-0.3162154	-0.6496391	2.606917	-0.07073272	-0.980646	2.838356	-0.2929066	-1.009827	2.72049	

-0.3133395	-0.2485625	2.387443	-0.3621867	-0.2312153	2.35204	-0.3291516	-0.3767619	2.382795	-0.3335908	-0.3941911	2.384513	-0.2643156	-0.2976414	2.41628	-0.3131476	-0.2751816	2.382211	-0.3088014	0.5837743	2.484545	-0.3606247	0.453192	2.49382	-0.3433146	0.3744799	2.510569	-0.2876923	0.1318071	2.551258	-0.2135377	-0.2008106	2.593561	-0.2430457	0.3369102	2.61028	-0.4525382	0.3090506	2.39262	-0.1650208	-0.1874861	2.598923	-0.2572935	-0.2084181	2.507513	-0.1950814	0.05815382	2.473866	-0.457971	0.009453934	2.360131	-0.08492044	-0.5968916	2.70333	-0.316905	-0.649359	2.606953	-0.07100048	-0.9801897	2.838322	-0.2928833	-1.00964	2.72048	

-0.3131249	-0.2828828	2.469699	-0.3624544	-0.231147	2.352022	-0.3452842	-0.404389	2.394324	-0.3339849	-0.3946546	2.387297	-0.2839287	-0.3709967	2.436485	-0.3129466	-0.2749423	2.382631	-0.3082005	0.583589	2.484412	-0.3601196	0.4534461	2.493562	-0.3429511	0.3746907	2.510318	-0.2877098	0.1320271	2.550938	-0.2138298	-0.2003457	2.593084	-0.2429412	0.3371885	2.610514	-0.4524124	0.309091	2.392559	-0.1654035	-0.1859355	2.598231	-0.2573703	-0.2084337	2.507213	-0.2819524	0.05045155	2.525658	-0.4580773	0.009698167	2.360186	-0.08497551	-0.5968382	2.703245	-0.3171284	-0.6491134	2.606971	-0.07068914	-0.980054	2.838118	-0.29294	-1.009568	2.720568	

-0.276645	-0.2708987	2.470453	-0.3625309	-0.2310097	2.352008	-0.3426181	-0.4237992	2.444237	-0.3337856	-0.3944187	2.385866	-0.2732835	-0.3675691	2.4388	-0.3128694	-0.2750583	2.382547	-0.3070346	0.5836393	2.483942	-0.3595033	0.4538354	2.492654	-0.342505	0.375036	2.509508	-0.2878095	0.1323844	2.550239	-0.2142715	-0.1998194	2.592539	-0.2429939	0.337998	2.610837	-0.4519014	0.3092418	2.392228	-0.1660156	-0.1845539	2.597566	-0.2575106	-0.2084211	2.506848	-0.1947054	0.05684498	2.473905	-0.4582285	0.01062779	2.360015	-0.0849946	-0.5966827	2.70314	-0.317476	-0.6483974	2.606469	-0.07081636	-0.9797342	2.838105	-0.2938722	-1.009519	2.720801	

-0.2924066	-0.2849653	2.447868	-0.3628584	-0.2302311	2.351983	-0.3313869	-0.4052232	2.415635	-0.3315409	-0.3898627	2.38637	-0.2744174	-0.3760426	2.441193	-0.3131041	-0.2733611	2.380088	-0.3061115	0.5837514	2.48343	-0.3593216	0.4541042	2.492359	-0.3423847	0.3752865	2.509192	-0.2880229	0.1327051	2.549742	-0.214808	-0.1993342	2.591899	-0.2429519	0.3381374	2.61084	-0.451811	0.3092967	2.392135	-0.1664309	-0.1836643	2.597261	-0.2579916	-0.2083898	2.505852	-0.1703905	0.03017121	2.48841	-0.4588529	0.01246764	2.359805	-0.08518814	-0.5964483	2.703011	-0.3176845	-0.6473894	2.606294	-0.07095622	-0.9793514	2.837906	-0.293739	-1.009318	2.720903	

-0.3310418	-0.2192022	2.423822	-0.3627478	-0.2299818	2.351965	-0.3460662	-0.3819888	2.374738	-0.3303587	-0.3906426	2.390605	-0.2878247	-0.3075246	2.409276	-0.3122492	-0.2732504	2.380445	-0.305451	0.5837635	2.483165	-0.3590311	0.4540742	2.492276	-0.3421463	0.3753283	2.509137	-0.2879213	0.1330523	2.549762	-0.2147315	-0.1975685	2.592456	-0.255264	0.3807115	2.638268	-0.4509557	0.3095214	2.391778	-0.1673932	-0.181346	2.598321	-0.2567259	-0.2068153	2.506224	-0.2885156	0.09601916	2.545948	-0.4589065	0.013773	2.359332	-0.08549726	-0.5960112	2.702851	-0.317902	-0.6473479	2.606209	-0.07092545	-0.9792851	2.837898	-0.2944979	-1.00905	2.721069	

-0.2699369	-0.2590217	2.471403	-0.3625365	-0.2297982	2.351789	-0.3410701	-0.5762668	2.541473	-0.3252375	-0.3931069	2.389018	-0.2423326	-0.4952562	2.529111	-0.3115519	-0.2730999	2.378443	-0.303594	0.5830348	2.483178	-0.3588164	0.4540266	2.492043	-0.3419825	0.3753383	2.508958	-0.2879033	0.1332241	2.549657	-0.214797	-0.1968684	2.592539	-0.2558757	0.3795995	2.633216	-0.4506743	0.3095954	2.391581	-0.1677607	-0.1800387	2.598631	-0.2565542	-0.2065964	2.506209	-0.1870965	0.06897864	2.4892	-0.4588653	0.01406445	2.359125	-0.08580112	-0.5961645	2.703075	-0.3182075	-0.6474636	2.606112	-0.07155197	-0.9778799	2.837907	-0.2946728	-1.008563	2.720982	

-0.2748798	-0.2896477	2.462601	-0.362021	-0.2296939	2.35158	-0.3343385	-0.4776343	2.496147	-0.3288215	-0.3957574	2.385424	-0.2276908	-0.3816664	2.494933	-0.3095015	-0.2680867	2.374	-0.3021187	0.5830463	2.482843	-0.3577801	0.4541311	2.491656	-0.3411461	0.3753894	2.508612	-0.2877002	0.1332059	2.549469	-0.2147876	-0.196958	2.592432	-0.2420783	0.3470343	2.617223	-0.4494395	0.3101763	2.390883	-0.1676805	-0.1801291	2.598668	-0.2565469	-0.2069126	2.505772	-0.1851766	0.03806944	2.459277	-0.4582493	0.01435057	2.35886	-0.08572046	-0.5960276	2.703085	-0.3181877	-0.6472554	2.606168	-0.07110733	-0.9776231	2.837452	-0.2945933	-1.00877	2.720925	

-0.2744561	-0.2652057	2.466893	-0.3612171	-0.229233	2.351338	-0.3528031	-0.4093196	2.409394	-0.3284748	-0.3956912	2.385004	-0.2840989	-0.373255	2.43792	-0.3031126	-0.2881936	2.3836	-0.3008963	0.5830153	2.482427	-0.3564431	0.4541945	2.490934	-0.339991	0.3754567	2.508022	-0.2872491	0.1332894	2.549237	-0.2146835	-0.1969295	2.592422	-0.2415802	0.3461862	2.61688	-0.4485505	0.3102784	2.390695	-0.167343	-0.1797594	2.598767	-0.2563681	-0.2071771	2.505765	-0.1965955	0.06629672	2.474747	-0.4572992	0.01378098	2.358248	-0.08578361	-0.5960091	2.703198	-0.3181799	-0.6472648	2.606177	-0.07119376	-0.977357	2.837332	-0.2945766	-1.008738	2.720898	

-0.3126937	-0.2790163	2.465063	-0.3599027	-0.228442	2.350713	-0.333616	-0.3994524	2.388053	-0.3226364	-0.3940144	2.385995	-0.277612	-0.3513251	2.430429	-0.3022502	-0.2748589	2.369235	-0.2996081	0.5826944	2.482703	-0.3553972	0.454634	2.490388	-0.3390241	0.3758169	2.507541	-0.2867156	0.133452	2.548969	-0.2144505	-0.1969649	2.592379	-0.2408264	0.3451374	2.616865	-0.4470935	0.3105637	2.390493	-0.1669526	-0.1796125	2.598706	-0.2560424	-0.2075174	2.50576	-0.2829128	0.0566877	2.528713	-0.4539308	0.01183549	2.357344	-0.08612527	-0.5961371	2.70364	-0.3177203	-0.6466575	2.606049	-0.07228372	-0.9776256	2.837719	-0.2943578	-1.008658	2.72069	

-0.443785	0.4314546	2.476479	-0.3584525	-0.2280806	2.350563	-0.5074257	0.373814	2.383255	-0.3225943	-0.3933824	2.384021	-0.4841624	0.3903677	2.365	-0.3007982	-0.2737458	2.37175	-0.2982903	0.582717	2.482621	-0.3545185	0.4547805	2.490258	-0.3380926	0.3759398	2.507497	-0.285795	0.1335226	2.549192	-0.2132184	-0.1971123	2.593302	-0.2401408	0.3442697	2.615844	-0.4461742	0.3106489	2.390359	-0.165484	-0.179426	2.599453	-0.2547808	-0.2081934	2.507066	-0.2888433	0.5863628	2.367302	-0.4522783	0.01374954	2.35726	-0.08639131	-0.5960967	2.703984	-0.317521	-0.6466002	2.606113	-0.07250883	-0.9773131	2.837558	-0.2942748	-1.008761	2.720662	

-0.4979649	0.5198871	2.469153	-0.3569939	-0.227717	2.35044	-0.4897783	0.432588	2.458248	-0.3171976	-0.3913981	2.386926	-0.4802025	0.4351968	2.43525	-0.2999534	-0.2720614	2.373575	-0.297396	0.5828311	2.482688	-0.3545485	0.4547756	2.490445	-0.3381095	0.3759232	2.507647	-0.2858149	0.1334911	2.549262	-0.2132478	-0.1972148	2.593357	-0.2385866	0.3417078	2.614616	-0.4449417	0.3111124	2.390869	-0.1654295	-0.1794921	2.599515	-0.2549321	-0.2084358	2.507154	-0.2868756	0.5848963	2.370358	-0.4515134	0.01431231	2.357488	-0.08657061	-0.5963455	2.704613	-0.3170266	-0.6464168	2.606013	-0.07279989	-0.9772218	2.837583	-0.2940973	-1.008616	2.720768	

-0.4379527	0.4148132	2.456092	-0.3549621	-0.228256	2.351136	-0.5110342	0.3522822	2.369594	-0.3173756	-0.3884939	2.383051	-0.4246528	0.3498716	2.3344	-0.2983099	-0.2702184	2.368474	-0.296218	0.582825	2.483413	-0.3529393	0.4552013	2.491389	-0.336495	0.3762369	2.508665	-0.2843532	0.1334911	2.550478	-0.2117943	-0.1978282	2.595151	-0.2373948	0.3402443	2.613892	-0.4437795	0.3114595	2.391629	-0.1633329	-0.1802108	2.601672	-0.2539456	-0.2090393	2.508655	-0.2850055	0.5870764	2.375931	-0.45085	0.01503265	2.357987	-0.08647219	-0.5961906	2.70552	-0.3165492	-0.6465036	2.606121	-0.07329132	-0.9773699	2.837826	-0.2937633	-1.008226	2.720717	

-0.4383695	0.4147914	2.454693	-0.3518842	-0.2280753	2.352868	-0.5063021	0.3604237	2.386408	-0.3097987	-0.3879326	2.388726	-0.4146603	0.3489772	2.339875	-0.2948053	-0.2715736	2.375578	-0.2949715	0.5832282	2.484427	-0.3508368	0.4552608	2.49323	-0.3346326	0.3762842	2.510588	-0.2832494	0.1335402	2.552689	-0.2116434	-0.1978733	2.598223	-0.2370399	0.3404524	2.614181	-0.4417858	0.3112381	2.392865	-0.1633791	-0.180257	2.604523	-0.2535552	-0.2091709	2.511896	-0.2851956	0.5877054	2.379166	-0.4451808	0.009634016	2.360751	-0.08402647	-0.5941785	2.708323	-0.3160811	-0.6461607	2.606229	-0.07592224	-0.9802288	2.842671	-0.2938976	-1.008134	2.720806	

-0.3802949	0.4228934	2.505674	-0.3494707	-0.228158	2.353968	-0.4777613	0.4338771	2.465258	-0.3071412	-0.3907615	2.388121	-0.4197874	0.3997778	2.413831	-0.292485	-0.2714304	2.375322	-0.2935035	0.5832295	2.485961	-0.3494812	0.4552971	2.49485	-0.3331258	0.3765485	2.512446	-0.2813447	0.1347231	2.555397	-0.2091802	-0.1950286	2.602332	-0.2458728	0.3828591	2.640079	-0.4394271	0.3113982	2.394378	-0.1623443	-0.1771156	2.608191	-0.2493678	-0.2067461	2.516662	-0.2867781	0.6034216	2.379168	-0.4412231	0.006460245	2.362056	-0.08134302	-0.5936095	2.711404	-0.3152809	-0.6453273	2.60667	-0.07668365	-0.9850911	2.850812	-0.2938143	-1.008179	2.720775	

-0.3802715	0.4250534	2.506711	-0.347442	-0.2280302	2.355192	-0.4769028	0.4297392	2.460757	-0.3040183	-0.3903992	2.394968	-0.4194457	0.3990173	2.41316	-0.2910618	-0.2684042	2.3754	-0.2913571	0.5836957	2.488873	-0.3478039	0.4558215	2.497367	-0.3314185	0.3772501	2.51506	-0.2796967	0.1359624	2.558236	-0.2077471	-0.193252	2.605264	-0.2458069	0.3826648	2.63972	-0.4378719	0.3125705	2.39718	-0.1611405	-0.1744004	2.612351	-0.2479536	-0.2058207	2.518516	-0.2850789	0.6039398	2.381045	-0.4401846	0.008957764	2.364328	-0.07848502	-0.5933278	2.714866	-0.3144242	-0.6448988	2.607725	-0.083198	-0.9932145	2.865214	-0.293544	-1.00882	2.720702	

-0.4009196	0.427836	2.48897	-0.344411	-0.2272023	2.358221	-0.4850893	0.3898293	2.40126	-0.3020428	-0.3897064	2.39852	-0.4129524	0.3715963	2.366875	-0.2839045	-0.292266	2.389667	-0.2867478	0.5854772	2.496326	-0.3425063	0.4582466	2.504979	-0.3264806	0.3797101	2.522476	-0.2759579	0.1384608	2.564998	-0.2055133	-0.1909529	2.611054	-0.2438381	0.382954	2.641626	-0.4349004	0.3147825	2.404251	-0.1593412	-0.1719773	2.616163	-0.2453778	-0.2040498	2.526462	-0.2798615	0.6054962	2.385349	-0.4387544	0.01415204	2.369861	-0.0756866	-0.5972077	2.730825	-0.3125823	-0.6436335	2.610765	-0.1021937	-0.9975787	2.914097	-0.2935649	-1.008906	2.720765	

-0.4151641	0.4258992	2.487576	-0.3399197	-0.2262026	2.364002	-0.4996429	0.3547349	2.407772	-0.2981469	-0.3881777	2.409861	-0.3933391	0.3565661	2.376857	-0.2646115	-0.2744203	2.442416	-0.2790259	0.5885534	2.508857	-0.335788	0.4614033	2.517719	-0.3200851	0.382801	2.534834	-0.2706607	0.1413443	2.576192	-0.2017417	-0.1884905	2.620624	-0.2161618	0.3509004	2.640371	-0.4280346	0.3200853	2.418146	-0.1536979	-0.1715031	2.626818	-0.2433672	-0.1998665	2.534979	-0.2634807	0.5901513	2.404393	-0.4297824	0.009847864	2.379504	-0.07661547	-0.6018883	2.758731	-0.3105957	-0.6427363	2.615093	-0.1211067	-0.9974374	2.948796	-0.2935182	-1.008958	2.720818	

-0.4535816	0.5013314	2.510362	-0.3356962	-0.2245477	2.368784	-0.4889489	0.3916139	2.453267	-0.2911237	-0.3828085	2.417842	-0.4279894	0.4146789	2.42075	-0.2694414	-0.2708996	2.451591	-0.2707433	0.5941917	2.522115	-0.3269089	0.4662108	2.532212	-0.3115717	0.3873669	2.549361	-0.263352	0.1452052	2.59083	-0.1961706	-0.1855988	2.635403	-0.2085984	0.3532315	2.653085	-0.4193222	0.3241721	2.435956	-0.1470428	-0.1694992	2.640833	-0.2393485	-0.196165	2.549934	-0.2547396	0.6162224	2.447827	-0.4240498	0.01773034	2.392141	-0.0785684	-0.5844336	2.766863	-0.3067679	-0.6429197	2.622007	-0.1384713	-0.9764876	2.972395	-0.2934365	-1.008921	2.720876	

-0.4228457	0.4492149	2.503704	-0.3333845	-0.2234088	2.370967	-0.4869795	0.3587813	2.434539	-0.2924342	-0.3808288	2.416655	-0.4013586	0.3752673	2.402615	-0.270319	-0.2837853	2.453429	-0.265303	0.5968198	2.531286	-0.3206996	0.4688675	2.54172	-0.3055733	0.3899465	2.559013	-0.2580678	0.1475511	2.600917	-0.1919702	-0.1835964	2.64608	-0.2027374	0.3511317	2.658067	-0.4160443	0.3273533	2.443544	-0.141804	-0.1683012	2.652148	-0.2362665	-0.1934418	2.560017	-0.251085	0.5972325	2.433311	-0.4212295	0.01580656	2.399044	-0.08146192	-0.584908	2.777443	-0.3036599	-0.6419871	2.626959	-0.147354	-0.9749311	2.977961	-0.2928351	-1.009566	2.721673	

-0.4194475	0.453114	2.517841	-0.3314567	-0.220449	2.372138	-0.4863685	0.3361748	2.439309	-0.2952418	-0.3772312	2.406077	-0.3921742	0.3770887	2.420538	-0.2752285	-0.2665266	2.454	-0.2504812	0.6048393	2.555863	-0.3069505	0.4752215	2.563283	-0.29199	0.3958975	2.581289	-0.245091	0.1522611	2.625449	-0.1799937	-0.1806514	2.673901	-0.1866365	0.3528366	2.675291	-0.402092	0.333047	2.467585	-0.1292944	-0.1678559	2.676996	-0.2253873	-0.1878295	2.590978	-0.2431382	0.5967216	2.451427	-0.4159344	0.01932912	2.410527	-0.1051044	-0.6210544	2.834275	-0.2922265	-0.6376808	2.636588	-0.148815	-0.9742547	2.979307	-0.2915835	-1.010202	2.722461	

-0.03981861	-0.1165693	2.942005	-0.3310876	-0.2183626	2.371129	-0.02592208	-0.2289829	2.992555	-0.3092722	-0.3729197	2.392831	-0.01221068	-0.2229873	2.9618	-0.2876852	-0.2844751	2.339917	-0.232692	0.6139393	2.576027	-0.2911147	0.4836557	2.587971	-0.2773278	0.4050554	2.606989	-0.2340823	0.1638792	2.654539	-0.1743965	-0.1649244	2.708442	-0.1767496	0.3976555	2.722219	-0.3891234	0.342322	2.491284	-0.1274449	-0.15805	2.711076	-0.2158572	-0.1662191	2.626109	-0.09559491	0.1219007	2.85906	-0.4082648	0.03495984	2.425953	-0.1121018	-0.6231488	2.846915	-0.2844739	-0.6365327	2.64372	-0.1591449	-0.9771676	2.981736	-0.2897018	-1.011617	2.723261	

-0.03593772	-0.1160134	2.98255	-0.3335155	-0.2112827	2.368097	-0.02313081	-0.2300894	3.049967	-0.3180677	-0.3669707	2.382213	-0.003965805	-0.1966426	2.978667	-0.2907585	-0.24975	2.3412	-0.2240684	0.6185378	2.585688	-0.2838974	0.4875518	2.597281	-0.2711785	0.4086195	2.615965	-0.2308186	0.1664514	2.662306	-0.1740111	-0.1636191	2.714364	-0.1757477	0.3986185	2.724453	-0.3830596	0.3477016	2.502553	-0.1271591	-0.1571528	2.716988	-0.2155373	-0.1648458	2.631656	-0.09285	0.1342851	2.876128	-0.4060685	0.03699191	2.429301	-0.1154788	-0.6222441	2.854521	-0.2735144	-0.6355429	2.652269	-0.1646208	-0.9806786	2.985013	-0.2881118	-1.012376	2.723798	

-0.02917756	-0.1160639	3.071893	-0.3478186	-0.1813738	2.361179	-0.00770526	-0.2115499	3.113566	-0.3331724	-0.3458369	2.358491	0.01614744	-0.170954	3.043167	-0.3071471	-0.2256745	2.3292	-0.197744	0.6275222	2.614415	-0.259538	0.4985103	2.628865	-0.2514732	0.4175988	2.645849	-0.2229562	0.1704267	2.687862	-0.1787801	-0.1650834	2.737538	-0.1414449	0.3589757	2.734103	-0.3631663	0.3582963	2.528822	-0.1285952	-0.1603139	2.739754	-0.2239691	-0.1648478	2.655625	-0.07321021	0.1284027	2.930708	-0.399529	0.0554745	2.447949	-0.1136259	-0.620032	2.875847	-0.2549136	-0.6297553	2.654707	-0.1658186	-0.982183	2.986652	-0.2843989	-1.015537	2.723284	

-0.01879104	-0.05491108	3.053351	-0.3524837	-0.1753953	2.359026	-0.005837364	-0.2011178	3.152309	-0.342561	-0.3370948	2.350988	0.02733212	-0.1473838	3.068572	-0.3141156	-0.2450658	2.3199	-0.1926982	0.6276352	2.621727	-0.2557481	0.4994639	2.634379	-0.2473714	0.4191423	2.652925	-0.2197822	0.1735339	2.699521	-0.1805093	-0.1608124	2.752714	-0.1423997	0.4017618	2.767194	-0.3586292	0.3602355	2.535966	-0.1311946	-0.1559478	2.754822	-0.2246896	-0.1609852	2.670365	-0.0719697	0.1513628	2.939798	-0.3967	0.06160031	2.454196	-0.1085236	-0.6224536	2.891162	-0.2434239	-0.6255845	2.655452	-0.166094	-0.98194	2.986457	-0.2817791	-1.016517	2.724442	

-0.01191773	-0.03351428	3.106087	-0.3597351	-0.168275	2.34892	0.02372695	-0.1820189	3.236985	-0.3694781	-0.318093	2.324514	0.04859188	-0.139898	3.16	-0.3254336	-0.2468477	2.3328	-0.1656597	0.6287065	2.654189	-0.2387858	0.5038448	2.660438	-0.2335836	0.4234121	2.678117	-0.2151324	0.1768466	2.721566	-0.186352	-0.1589097	2.771924	-0.1317292	0.3852716	2.777571	-0.3404999	0.3675101	2.563369	-0.1354214	-0.1541459	2.773958	-0.2320399	-0.1590661	2.689763	-0.06686112	0.1675531	2.985677	-0.3953379	0.06674339	2.457897	-0.08808199	-0.6256975	2.923395	-0.2121308	-0.6186004	2.656114	-0.1652732	-0.9801934	2.986077	-0.2767897	-1.014932	2.723066	

0.001180763	-0.06323044	3.181276	-0.3648852	-0.1587863	2.340176	0.02618104	-0.1772693	3.2903	-0.378832	-0.3081619	2.310236	0.04319622	-0.1570347	3.24475	-0.3315097	-0.2181718	2.318182	-0.1631634	0.6276832	2.658207	-0.2328316	0.5036591	2.670326	-0.2281967	0.4234303	2.68829	-0.2123173	0.1773383	2.732204	-0.1880605	-0.1582025	2.78131	-0.1285583	0.3841135	2.784072	-0.3345972	0.3678861	2.571286	-0.1370553	-0.1538076	2.783647	-0.233743	-0.1580452	2.698795	-0.06873376	0.1625194	2.988777	-0.3931517	0.07427043	2.462344	-0.06760973	-0.5319295	2.889322	-0.2046499	-0.616922	2.656946	-0.1621102	-0.9733405	2.984	-0.2751601	-1.016849	2.722855	

-0.005226812	0.00284417	3.188117	-0.3718478	-0.1399011	2.323147	0.04321315	-0.1068469	3.349513	-0.4002917	-0.2864122	2.27496	0.06065909	-0.07234734	3.227105	-0.3409174	-0.1929402	2.300117	-0.1492927	0.626414	2.675013	-0.2256238	0.5053146	2.683873	-0.2220894	0.4252515	2.702378	-0.2100002	0.1796709	2.74837	-0.1926229	-0.1551616	2.800721	-0.1166163	0.3813135	2.814879	-0.3224068	0.370404	2.591604	-0.1423894	-0.1490595	2.803855	-0.2374715	-0.1567222	2.717513	-0.06276122	0.1740605	3.0328	-0.3937364	0.09225872	2.465999	-0.04422973	-0.4970571	2.906607	-0.1858505	-0.6158693	2.663924	-0.1376895	-0.9426155	2.985581	-0.2777541	-1.015404	2.731953	

2.072964E-05	0.04156215	3.246708	-0.3784795	-0.07523914	2.304947	0.08375379	-0.05164805	3.350048	-0.3973234	-0.2339878	2.228093	0.04206424	0.04389385	3.252067	-0.3389096	-0.1761133	2.265833	-0.1356713	0.6282139	2.700109	-0.2120725	0.5084695	2.707989	-0.2104117	0.4299091	2.72585	-0.2037706	0.188633	2.770127	-0.1931536	-0.1402745	2.82048	-0.120877	0.4241909	2.849207	-0.3133803	0.3743265	2.608223	-0.147325	-0.1308537	2.82278	-0.2337484	-0.1449844	2.738722	-0.06346377	0.2181247	3.067607	-0.3849265	0.1422393	2.476228	-0.06969821	-0.5386676	2.668446	-0.1458238	-0.5957376	2.697492	-0.1475365	-0.9017088	2.930679	-0.295177	-0.9639643	2.781047	

0.002175894	0.05387817	3.266864	-0.3752411	-0.0578277	2.301455	0.07947713	-0.04032663	3.430716	-0.3992079	-0.2113953	2.207997	0.0576835	0.04548999	3.304875	-0.3394831	-0.146939	2.248464	-0.1328293	0.6291686	2.708567	-0.2085202	0.5114326	2.715594	-0.20636	0.4333059	2.734411	-0.1985922	0.1934503	2.781148	-0.1871261	-0.1338755	2.83321	-0.1180005	0.4232144	2.855965	-0.3088172	0.3763112	2.617286	-0.1397345	-0.1238415	2.840995	-0.2293013	-0.1399557	2.746376	-0.06280641	0.2203016	3.077424	-0.384603	0.1442806	2.474941	-0.06808797	-0.5386484	2.67356	-0.1374284	-0.5807677	2.705948	-0.1479649	-0.9023934	2.934314	-0.3188972	-0.9163656	2.818368	

0.00665542	0.06039873	3.286995	-0.3738195	-0.05072204	2.299021	0.0719666	-0.02946631	3.448717	-0.3972371	-0.1996916	2.198117	0.06280491	0.03801573	3.323111	-0.3370501	-0.1434668	2.238	-0.1314921	0.6294628	2.712426	-0.2064136	0.5113561	2.722571	-0.2041058	0.4337074	2.741415	-0.1960211	0.1953872	2.788133	-0.1840281	-0.1296109	2.840303	-0.1177159	0.4249584	2.859587	-0.3071306	0.3774157	2.623223	-0.1372162	-0.1209123	2.84675	-0.2258112	-0.1345943	2.754047	-0.06206042	0.2317753	3.087477	-0.3801858	0.1644121	2.483573	-0.06213855	-0.4769463	2.6561	-0.1274282	-0.5582361	2.712556	-0.1330571	-0.8660575	2.88368	-0.3269579	-0.9074966	2.825593	

0.007681006	0.06317504	3.294228	-0.3721964	-0.04732703	2.294313	0.08598688	-0.02152543	3.43905	-0.3935911	-0.197283	2.193756	0.05840578	0.05440046	3.326286	-0.3334703	-0.13549	2.232458	-0.1303039	0.6296421	2.71533	-0.2051358	0.5117054	2.727376	-0.2028082	0.4343821	2.745975	-0.1947296	0.1970037	2.791995	-0.182734	-0.1267907	2.843353	-0.1163366	0.42953	2.869268	-0.3047143	0.3788811	2.629351	-0.1361423	-0.1184408	2.849674	-0.2243186	-0.1315687	2.757025	-0.06074747	0.2328169	3.09347	-0.3790795	0.1677417	2.483693	-0.0631212	-0.4740906	2.657066	-0.1261968	-0.551587	2.715872	-0.1358327	-0.8613374	2.887082	-0.3315374	-0.893855	2.833828	

0.006957905	0.06819012	3.300123	-0.3705709	-0.04383916	2.289968	0.08658164	-0.01851111	3.46405	-0.390729	-0.1921303	2.181387	0.06444167	0.03939804	3.3492	-0.3282112	-0.1274483	2.23072	-0.1290094	0.629019	2.720963	-0.204095	0.5117769	2.731604	-0.2012557	0.4347064	2.750608	-0.1913257	0.1983239	2.797966	-0.1760231	-0.1236702	2.851225	-0.1167119	0.4304574	2.869466	-0.3035926	0.379559	2.632718	-0.1291894	-0.1152365	2.85777	-0.218036	-0.1286445	2.7645	-0.06077666	0.2392707	3.096786	-0.377705	0.1720172	2.484378	-0.06522015	-0.4697753	2.658696	-0.1267335	-0.5477694	2.720359	-0.1383558	-0.8561319	2.890011	-0.3442309	-0.8665486	2.846696	

0.01553727	0.07440294	3.316897	-0.365963	-0.03245468	2.290632	0.09533451	-0.001053786	3.435715	-0.3777277	-0.1780823	2.184422	0.05519425	0.07763347	3.336833	-0.3145603	-0.1104697	2.226461	-0.1275914	0.6299521	2.726197	-0.2029763	0.5128669	2.735787	-0.1996678	0.4358709	2.755189	-0.1882704	0.1996541	2.803639	-0.1710733	-0.1224115	2.858032	-0.1159882	0.4295338	2.869358	-0.3012775	0.3810282	2.637827	-0.1237158	-0.1147322	2.863338	-0.2136888	-0.1265621	2.772766	-0.05906267	0.2382071	3.095396	-0.3760055	0.1735957	2.48564	-0.06022987	-0.4907987	2.699891	-0.1263022	-0.5386328	2.725151	-0.1516036	-0.8673686	2.93981	-0.3497944	-0.8467703	2.856736	

0.02848875	0.09381141	3.333142	-0.3648296	-0.02862918	2.32562	0.1165729	0.003752191	3.506713	-0.383958	-0.1858799	2.23943	0.09277873	0.07474987	3.379445	-0.314533	-0.1301394	2.262579	-0.1264104	0.6311495	2.730657	-0.2017102	0.5132376	2.742145	-0.1980814	0.4366493	2.761019	-0.1859412	0.2015534	2.80809	-0.1678696	-0.1189983	2.861084	-0.1075286	0.4300192	2.889643	-0.2996086	0.3819819	2.64438	-0.1201042	-0.1113523	2.86789	-0.2108901	-0.1232231	2.774482	-0.04855754	0.2498446	3.122217	-0.3683604	0.1780976	2.504946	-0.06042776	-0.475402	2.690336	-0.1192914	-0.5248183	2.725173	-0.148554	-0.8542332	2.928218	-0.3642251	-0.8060188	2.8688	

0.04517116	0.1178633	3.343474	-0.3751429	-0.06620532	2.379196	0.1579021	0.0560242	3.462704	-0.4026695	-0.2137267	2.313636	0.1010595	0.122126	3.362917	-0.331688	-0.1563401	2.342526	-0.1256296	0.6323487	2.735876	-0.1999186	0.5144777	2.749733	-0.1971688	0.4377885	2.76637	-0.1864352	0.2022788	2.809166	-0.1710886	-0.1175235	2.859128	-0.1069915	0.4301143	2.890203	-0.2988778	0.3825378	2.650267	-0.1217268	-0.1106124	2.86682	-0.2162455	-0.120806	2.771147	-0.04649775	0.2559667	3.125575	-0.3751064	0.1464752	2.520237	-0.1079739	-0.6187744	2.969258	-0.1176287	-0.5199977	2.727101	-0.2100529	-0.9454278	2.971048	-0.415541	-0.8043686	2.890978	

0.06922466	0.1552793	3.351691	-0.4009434	-0.1308926	2.437736	0.1871707	0.1015409	3.44736	-0.4293537	-0.2798394	2.411717	0.1215771	0.1753252	3.37875	-0.3481074	-0.2012232	2.425208	-0.1257291	0.6330562	2.738667	-0.1992148	0.5155788	2.753563	-0.196946	0.4389034	2.769691	-0.1876087	0.2033808	2.810565	-0.1755828	-0.115904	2.857848	-0.1055071	0.4300433	2.891849	-0.2988159	0.3840992	2.657632	-0.1245693	-0.1094928	2.866056	-0.2222276	-0.1188358	2.769281	-0.04491783	0.2701399	3.13597	-0.3897102	0.09364697	2.552453	-0.1090177	-0.6175358	2.968819	-0.1196821	-0.5209157	2.73364	-0.2095432	-0.9446557	2.970942	-0.4004947	-0.7645223	2.878287	

0.0679455	0.1728133	3.335927	-0.4131219	-0.1479597	2.467773	0.2000972	0.1175034	3.452688	-0.4408036	-0.3080745	2.46405	0.1496166	0.1731621	3.38275	-0.3620623	-0.2163111	2.46892	-0.1250926	0.6343626	2.742661	-0.1981264	0.5165168	2.757468	-0.1962561	0.4400551	2.773259	-0.1883091	0.2050241	2.812526	-0.1778311	-0.1136912	2.857724	-0.1025052	0.4414985	2.908109	-0.3003436	0.3872295	2.665815	-0.1269147	-0.1071215	2.865165	-0.2242349	-0.1168531	2.769875	-0.02667673	0.2853056	3.149729	-0.3915229	0.095264	2.56553	-0.1096176	-0.615087	2.968176	-0.1133899	-0.5059342	2.734426	-0.2107166	-0.942019	2.970741	-0.4002772	-0.7635589	2.878739	

0.09266225	0.1907862	3.34097	-0.4328076	-0.1717667	2.550975	0.2286764	0.1507725	3.455175	-0.4729427	-0.3333359	2.565627	0.1653034	0.2008444	3.375909	-0.3795404	-0.2437623	2.549143	-0.1247467	0.6349624	2.744009	-0.1968895	0.5162548	2.759618	-0.1946001	0.4400633	2.77628	-0.1858325	0.2064387	2.817806	-0.1739733	-0.110589	2.86469	-0.09583999	0.4401837	2.926038	-0.3015099	0.3878537	2.671802	-0.1237572	-0.1037591	2.871918	-0.219517	-0.1141665	2.777217	-0.01684794	0.2808912	3.164124	-0.3961309	0.08826547	2.617946	-0.2113651	-0.4803866	2.922579	-0.1136896	-0.506085	2.735866	-0.1728366	-0.9351886	2.996831	-0.4009639	-0.7603728	2.87842	

0.09835665	0.1983869	3.338116	-0.4457529	-0.1816501	2.582014	0.2390852	0.1561266	3.468672	-0.486457	-0.3341084	2.605525	0.1913419	0.1923864	3.381166	-0.3895778	-0.2534771	2.583267	-0.1244285	0.6351207	2.744352	-0.1965369	0.5159478	2.760823	-0.1944503	0.4398721	2.77738	-0.1863032	0.206499	2.818472	-0.1756105	-0.1104147	2.864768	-0.0956483	0.4399941	2.926136	-0.3034534	0.3878986	2.675618	-0.1248877	-0.1034784	2.872314	-0.2217813	-0.1141747	2.776853	0.002523584	0.2976356	3.166506	-0.3979881	0.08855491	2.625526	-0.2300241	-0.4788046	2.907801	-0.1125504	-0.5038267	2.736562	-0.1732485	-0.9286183	2.996551	-0.4020293	-0.7580451	2.878649	

0.1110291	0.1980847	3.347554	-0.4562397	-0.1803821	2.608845	0.2431494	0.1672498	3.436667	-0.4943663	-0.3381473	2.651109	0.1890787	0.2102714	3.369667	-0.402259	-0.2537488	2.620889	-0.1242121	0.6352038	2.745123	-0.195695	0.5157021	2.763057	-0.1934426	0.4397321	2.779951	-0.1851476	0.2067311	2.821422	-0.1740934	-0.1100735	2.867428	-0.08929225	0.4294687	2.93682	-0.3047419	0.3882329	2.678391	-0.1232418	-0.1028035	2.876002	-0.2203426	-0.1141183	2.778734	0.005577542	0.2878988	3.178154	-0.4039229	0.08976442	2.642435	-0.2210114	-0.4789661	2.914824	-0.1117311	-0.5027996	2.737306	-0.1730606	-0.9311149	2.997638	-0.4026823	-0.7571517	2.878765	

0.1259214	0.208172	3.343666	-0.4772291	-0.1750169	2.666172	0.2655106	0.1737595	3.441326	-0.5157633	-0.3323922	2.708819	0.1914771	0.2259669	3.353077	-0.4189413	-0.2462919	2.669438	-0.1241289	0.6355752	2.745595	-0.1952688	0.5155836	2.763878	-0.1927851	0.4397445	2.781227	-0.1837355	0.2074507	2.824313	-0.1709602	-0.108147	2.872872	-0.08840212	0.428167	2.937232	-0.3068654	0.3891894	2.682954	-0.119564	-0.1010496	2.881627	-0.2177498	-0.1121456	2.783918	0.006580233	0.287887	3.178633	-0.4099124	0.09209751	2.66548	-0.2164683	-0.4817958	2.905899	-0.1113771	-0.5014871	2.73792	-0.1730064	-0.9318673	2.99941	-0.4032032	-0.7562398	2.879155	

0.134672	0.210215	3.339495	-0.4890827	-0.2058068	2.689981	0.2740967	0.1732111	3.430656	-0.518268	-0.3308454	2.722209	0.2250843	0.20401	3.361286	-0.4258053	-0.252358	2.684059	-0.1241986	0.6358183	2.74631	-0.1949349	0.5156127	2.764493	-0.1923063	0.4399148	2.782073	-0.1828993	0.2081473	2.825715	-0.1695776	-0.1068742	2.874634	-0.08776107	0.4281031	2.937714	-0.3079695	0.3895274	2.68509	-0.1180533	-0.0997535	2.883391	-0.2165122	-0.110956	2.785641	0.009856028	0.2888418	3.178159	-0.4114905	0.09316112	2.672334	-0.2150975	-0.4823346	2.902436	-0.1110306	-0.500739	2.737799	-0.1735068	-0.9312181	3.000733	-0.39406	-0.756675	2.876305	

0.1434745	0.2115668	3.333922	-0.4927374	-0.1724211	2.675917	0.2742004	0.1758475	3.408654	-0.5314668	-0.3208995	2.720352	0.193393	0.2386127	3.324584	-0.432957	-0.2493659	2.679643	-0.123868	0.6366172	2.74884	-0.1944253	0.516039	2.767636	-0.1917938	0.44046	2.785017	-0.1825637	0.208825	2.827704	-0.1694181	-0.1064325	2.875332	-0.08708967	0.4273551	2.937352	-0.3108794	0.3932753	2.690034	-0.1174977	-0.09995609	2.884091	-0.2168277	-0.1093449	2.78673	0.01253145	0.2896776	3.177304	-0.4148094	0.0975883	2.678653	-0.2217582	-0.5030975	2.895558	-0.1115698	-0.5001605	2.737941	-0.1743249	-0.9314799	3.00265	-0.3956861	-0.7566162	2.879075	

0.1540497	0.210552	3.332167	-0.4937722	-0.1734823	2.673643	0.2696158	0.1765534	3.39137	-0.5328379	-0.3212088	2.708481	0.2148014	0.2327472	3.338667	-0.4367607	-0.2470282	2.661467	-0.1236732	0.6371265	2.751057	-0.1938592	0.5168111	2.770303	-0.1911026	0.4413774	2.787704	-0.1816344	0.2100733	2.830196	-0.1682214	-0.105059	2.877147	-0.08488586	0.4286927	2.941581	-0.3118628	0.3948823	2.692001	-0.1164147	-0.09960315	2.885653	-0.2154782	-0.1068048	2.788757	0.02121804	0.2905243	3.178284	-0.4148937	0.09926172	2.678993	-0.2216571	-0.5074189	2.896879	-0.1117624	-0.4992976	2.738073	-0.1752135	-0.9305029	3.003648	-0.3976749	-0.7561899	2.881669	

0.1549839	0.2097385	3.330235	-0.5002043	-0.1825468	2.649802	0.2783266	0.1657176	3.405655	-0.5391961	-0.315277	2.670334	0.1990978	0.2358343	3.317917	-0.4382867	-0.239592	2.630143	-0.1226744	0.6383647	2.753475	-0.1933104	0.5172732	2.7719	-0.1904751	0.4419295	2.789357	-0.1808469	0.2108542	2.831896	-0.1672149	-0.1041171	2.878664	-0.08444195	0.4292229	2.942009	-0.3113941	0.3955018	2.693589	-0.1153338	-0.0994715	2.887419	-0.214485	-0.1051334	2.790034	0.02170452	0.2901902	3.177531	-0.4157781	0.100959	2.676959	-0.2216594	-0.5096452	2.897544	-0.1125675	-0.4990017	2.738454	-0.1756289	-0.9302043	3.004198	-0.402249	-0.7560982	2.885633	

0.1597739	0.1913849	3.332434	-0.496929	-0.1586967	2.539147	0.290428	0.1203681	3.401159	-0.5450234	-0.2945346	2.545688	0.1996871	0.2062261	3.333143	-0.4389451	-0.2133849	2.519846	-0.1175804	0.6410418	2.762356	-0.1899183	0.519459	2.7773	-0.187411	0.4440706	2.794433	-0.1788104	0.2127701	2.835939	-0.1662617	-0.102658	2.881323	-0.08060303	0.4309179	2.956496	-0.3082765	0.3963644	2.695457	-0.1157787	-0.09862154	2.888239	-0.2105196	-0.1030754	2.796018	0.02676788	0.2797727	3.184111	-0.4172072	0.109042	2.623852	-0.1851294	-0.4747629	2.998836	-0.1189137	-0.4994834	2.740017	-0.1753169	-0.9289964	3.004521	-0.4254639	-0.7589889	2.905087	

0.153247	0.1755214	3.330748	-0.4887545	-0.1434454	2.502074	0.2785231	0.1003381	3.407666	-0.5312417	-0.2872271	2.496975	0.2110697	0.1497413	3.326778	-0.4324719	-0.1981383	2.478929	-0.114768	0.6409656	2.768898	-0.1876206	0.520633	2.78143	-0.1855212	0.4449873	2.798031	-0.1779865	0.2130585	2.838115	-0.1662699	-0.1028489	2.882145	-0.07891364	0.4237134	2.955086	-0.3042464	0.3975676	2.696945	-0.1162315	-0.09888723	2.888776	-0.2102567	-0.1032754	2.796872	0.02669033	0.2719269	3.182349	-0.4151521	0.1133422	2.616931	-0.1389213	-0.6123208	2.971468	-0.1247685	-0.4996064	2.741658	-0.1849443	-0.9494569	2.996388	-0.4501983	-0.7624797	2.916342	

0.122169	0.1288126	3.328705	-0.464586	-0.09505139	2.435684	0.2522946	0.0416381	3.453681	-0.5066909	-0.2438695	2.392831	0.2113405	0.09250467	3.3535	-0.4100744	-0.1639663	2.4023	-0.1107338	0.6399994	2.775452	-0.184632	0.5214704	2.789123	-0.1828591	0.4455487	2.805744	-0.1764746	0.2127265	2.845738	-0.1665263	-0.1045695	2.889271	-0.07749306	0.418894	2.958338	-0.2968756	0.3998899	2.699131	-0.1186546	-0.101611	2.896345	-0.2091671	-0.1042912	2.802855	0.01224958	0.2484237	3.179922	-0.4042719	0.1350878	2.575839	-0.1542851	-0.615344	2.974553	-0.1369394	-0.5041345	2.743211	-0.1761254	-0.9556987	2.992227	-0.4167818	-0.7192886	2.910794	

0.1158288	0.1218339	3.328852	-0.4572051	-0.08061551	2.415874	0.2342152	0.01630221	3.443354	-0.5006469	-0.2181041	2.346338	0.1800735	0.08165443	3.3443	-0.399532	-0.1408701	2.364875	-0.1084103	0.6392665	2.779943	-0.1821712	0.5219986	2.793186	-0.1809293	0.4457767	2.809348	-0.1758535	0.212244	2.84819	-0.1672147	-0.1059449	2.890888	-0.07614334	0.4150599	2.961585	-0.2933156	0.4002343	2.698979	-0.1204195	-0.1038978	2.897531	-0.2091648	-0.1051325	2.804878	0.005664677	0.2382734	3.181508	-0.3881288	0.1765653	2.583208	-0.1530535	-0.6180126	2.974879	-0.1405798	-0.5049241	2.743091	-0.1776199	-0.9580298	2.993891	-0.4553213	-0.7568079	2.920388	

0.0649587	0.05726946	3.340452	-0.4312193	0.003802789	2.343937	0.1451168	-0.03951723	3.498208	-0.4761442	-0.1293601	2.238976	0.1508597	-0.01225782	3.392769	-0.3799333	-0.06361959	2.286091	-0.1014676	0.6379945	2.791518	-0.178121	0.5252522	2.798075	-0.1778548	0.448027	2.813565	-0.1750233	0.2123383	2.85068	-0.1684005	-0.1080326	2.892617	-0.07602334	0.4112149	2.96079	-0.2874979	0.3997147	2.69818	-0.1230865	-0.1073311	2.900181	-0.209415	-0.1061292	2.805695	-0.007976561	0.2312336	3.182574	-0.3758299	0.2093591	2.54652	-0.1510842	-0.6226019	2.973736	-0.1352271	-0.4923978	2.731256	-0.1797453	-0.961718	2.997787	-0.459161	-0.7565035	2.919461	

0.05878488	0.0513838	3.34568	-0.4299426	0.01020272	2.327823	0.1005497	-0.0380163	3.508048	-0.4745901	-0.1009896	2.212513	0.1427551	-0.0362206	3.412625	-0.3793093	-0.04324843	2.272111	-0.09848277	0.6387388	2.795548	-0.1754828	0.5269285	2.801817	-0.1756542	0.4493375	2.816995	-0.1742977	0.2124512	2.852914	-0.1692084	-0.1091589	2.893603	-0.07541588	0.4071837	2.963135	-0.2827623	0.3999377	2.698303	-0.124814	-0.1091859	2.901103	-0.2095402	-0.1066477	2.806512	-0.02304245	0.2041246	3.170643	-0.3758354	0.2163171	2.543487	-0.1383916	-0.6234591	2.981105	-0.135019	-0.4919429	2.729906	-0.1893144	-0.9611871	2.992391	-0.4583895	-0.7526971	2.916008	

0.04779429	0.04657301	3.346947	-0.4316919	0.02310653	2.303571	0.07322551	-0.04443497	3.507217	-0.4689979	-0.07657231	2.186749	0.120981	-0.04157429	3.404667	-0.3723905	-0.02619481	2.234667	-0.09661755	0.6385092	2.797918	-0.1741397	0.5273977	2.803574	-0.1745358	0.4495859	2.818596	-0.1739236	0.2120007	2.854042	-0.1702322	-0.1113644	2.894137	-0.07313092	0.3929681	2.96498	-0.2788401	0.4004299	2.697837	-0.12652	-0.1125316	2.900958	-0.2099408	-0.1078422	2.807323	-0.02132256	0.1913135	3.173694	-0.3748739	0.2227655	2.539314	-0.1383037	-0.6266806	2.981414	-0.1335753	-0.4913762	2.725405	-0.1895696	-0.9642967	2.993238	-0.4628905	-0.7526995	2.908677	

0.03661118	0.04196107	3.359148	-0.4337586	0.03226046	2.283736	0.07195949	-0.05969652	3.501716	-0.4738161	-0.05202745	2.168763	0.09227461	-0.0364794	3.410789	-0.3753085	-0.009137043	2.227778	-0.0942511	0.6383117	2.800665	-0.1709123	0.5288504	2.806784	-0.1718718	0.4507049	2.821502	-0.1729631	0.2120753	2.855898	-0.1708092	-0.1121843	2.894789	-0.0730804	0.3910836	2.966642	-0.2749664	0.4013405	2.698047	-0.1277618	-0.1136866	2.90163	-0.209966	-0.1082883	2.80788	-0.02132584	0.1892544	3.175201	-0.3814357	0.2327054	2.521529	-0.1417326	-0.6280863	2.980763	-0.1307683	-0.4903999	2.717824	-0.1867302	-0.9664817	2.993897	-0.4609521	-0.7451828	2.898168	

0.005606326	0.04806022	3.364492	-0.4160002	0.09449499	2.300962	0.08684202	-0.06309936	3.473714	-0.4746087	-0.02503799	2.139204	0.03407796	0.03574015	3.392667	-0.3774032	0.01059821	2.2065	-0.09125822	0.6376244	2.805011	-0.1690183	0.5301968	2.809133	-0.1701157	0.4519867	2.823943	-0.1719822	0.2128338	2.858379	-0.1712422	-0.112296	2.896234	-0.08505045	0.4205904	2.939963	-0.2704151	0.4022797	2.698807	-0.1280579	-0.1136768	2.902176	-0.2103047	-0.1084385	2.810551	-0.03396805	0.2178446	3.147568	-0.3795069	0.2370047	2.507185	-0.1416885	-0.6282375	2.98071	-0.1358273	-0.4864978	2.68959	-0.1862261	-0.9666936	2.993843	-0.4693193	-0.7481046	2.865579	

-0.00889174	0.05007646	3.392435	-0.4185131	0.08907669	2.288239	0.06886566	-0.05443475	3.530717	-0.4786651	-0.005727908	2.125987	0.03564949	0.01294684	3.435778	-0.3820613	0.0185313	2.209134	-0.08846764	0.6360489	2.810206	-0.1637703	0.5303677	2.818696	-0.1655622	0.4522933	2.832466	-0.1695952	0.2131623	2.864016	-0.1713584	-0.1122943	2.89797	-0.08434986	0.4223595	2.945846	-0.2655435	0.4037919	2.700651	-0.1285136	-0.1138149	2.903939	-0.2099922	-0.1081901	2.81215	-0.03330691	0.2200243	3.153105	-0.3678275	0.2359807	2.465689	-0.1408558	-0.6288692	2.980628	-0.1634594	-0.4870625	2.676023	-0.1854292	-0.9672979	2.993996	-0.4941325	-0.7426475	2.837564	

-0.01141512	0.05928976	3.397306	-0.417618	0.09235794	2.285924	0.05880764	-0.02516865	3.509719	-0.4629649	-0.001061417	2.1321	0.01981907	0.06037239	3.437667	-0.3844584	0.02145285	2.205846	-0.08521956	0.635785	2.815805	-0.1616113	0.5311037	2.821694	-0.1639162	0.4528283	2.834926	-0.1692376	0.2132029	2.865081	-0.1722918	-0.1127576	2.898077	-0.08446334	0.4221583	2.945346	-0.260232	0.4040036	2.703292	-0.129677	-0.1151657	2.903296	-0.2109925	-0.1080173	2.812837	-0.03346665	0.2200233	3.152332	-0.3673499	0.2364701	2.465549	-0.1410282	-0.6301509	2.980279	-0.1745119	-0.4858806	2.668786	-0.1845964	-0.968761	2.992978	-0.4979035	-0.7384601	2.827621	

-0.002646762	0.0897082	3.413536	-0.4143105	0.09818543	2.289381	0.05962632	-0.001080718	3.558219	-0.4822195	0.00373577	2.132108	0.01316632	0.07966611	3.456715	-0.3807223	0.01566361	2.208589	-0.08147949	0.6363464	2.821738	-0.1588217	0.531083	2.826176	-0.1616548	0.4528427	2.838804	-0.1685506	0.2131806	2.867156	-0.1730809	-0.1129421	2.89841	-0.08417126	0.4222981	2.947143	-0.2556148	0.4066719	2.707253	-0.1306312	-0.1157094	2.903854	-0.2115169	-0.1078607	2.812969	-0.0332325	0.2204397	3.153791	-0.3639181	0.2414685	2.469248	-0.1405249	-0.630811	2.980471	-0.1806972	-0.4761245	2.63693	-0.184235	-0.9693683	2.993541	-0.5071406	-0.7231327	2.799717	

0.003968114	0.1018978	3.426316	-0.4054275	0.1027306	2.290512	0.05971798	0.03319263	3.563719	-0.4546027	0.005225832	2.145401	0.02964551	0.1011468	3.478	-0.3542556	0.03277175	2.217125	-0.07747035	0.6374817	2.832697	-0.1529997	0.5336224	2.838133	-0.1575074	0.4553017	2.848097	-0.168164	0.2149485	2.87036	-0.1769569	-0.1108767	2.897398	-0.08114819	0.4248327	2.956889	-0.2501868	0.410528	2.712506	-0.1342251	-0.1151026	2.9032	-0.2156276	-0.1035592	2.811331	-0.030267	0.2231695	3.163185	-0.3511838	0.2573902	2.500715	-0.1298723	-0.6279765	2.989052	-0.1578027	-0.4443874	2.5819	-0.1804929	-0.965898	3.00165	-0.4908766	-0.7317379	2.719405	

0.007880201	0.1084876	3.430799	-0.3933063	0.1055438	2.288934	0.09253601	0.05614458	3.570714	-0.4254008	0.01525267	2.151141	0.03135094	0.1304561	3.4455	-0.3318071	0.03763242	2.221071	-0.07266267	0.6411051	2.841068	-0.1494405	0.5372989	2.842996	-0.1545705	0.4589521	2.852681	-0.1677339	0.2181682	2.873109	-0.1809362	-0.107683	2.896574	-0.07969581	0.4348255	2.964612	-0.2451657	0.4135883	2.716877	-0.1389011	-0.1133552	2.902764	-0.2187395	-0.09866013	2.810019	-0.02893914	0.2334218	3.170312	-0.3406102	0.273329	2.527099	-0.1309543	-0.6260414	2.989342	-0.2150107	-0.4570368	2.606802	-0.1803672	-0.9641573	3.001869	-0.5544244	-0.724083	2.764514	

0.03848397	0.1202699	3.452071	-0.3608552	0.1175833	2.279389	0.1481569	0.07250792	3.571372	-0.4028884	0.03575557	2.146236	0.0701243	0.1637068	3.455429	-0.3126296	0.04557928	2.228765	-0.0626425	0.6445119	2.851238	-0.1368005	0.5415912	2.85199	-0.1457367	0.4623765	2.859594	-0.1668436	0.2194842	2.874907	-0.1886382	-0.1070264	2.893936	-0.06771907	0.4255288	2.973805	-0.2321534	0.4199606	2.723014	-0.1469148	-0.1171655	2.902071	-0.2276227	-0.09280126	2.804427	-0.04327803	0.2651016	3.212059	-0.3321686	0.2731857	2.52283	-0.1336122	-0.6243858	2.994519	-0.2216611	-0.4556033	2.611171	-0.1775154	-0.9632266	3.007578	-0.5660539	-0.715113	2.770479	

0.04466184	0.1212509	3.452254	-0.3565618	0.1180573	2.274537	0.1644143	0.07573272	3.569702	-0.3788334	0.03846194	2.130292	0.1303472	0.1091565	3.48875	-0.3054503	0.04912721	2.222467	-0.05562765	0.6449682	2.855097	-0.1330244	0.543093	2.854772	-0.1421089	0.4638728	2.862699	-0.1658414	0.220549	2.877337	-0.1914601	-0.1072587	2.8943	-0.0651014	0.4248844	2.975978	-0.2274137	0.4215709	2.723948	-0.1508319	-0.1191342	2.902099	-0.2291209	-0.092104	2.805207	-0.04207931	0.2629903	3.212824	-0.3258636	0.2814272	2.523548	-0.1342763	-0.6181046	2.994539	-0.2328788	-0.4567921	2.616665	-0.1779167	-0.9566614	3.008654	-0.5784417	-0.7161058	2.772887	

0.07798495	0.1289089	3.420513	-0.3335003	0.1378762	2.259396	0.1985361	0.061884	3.525696	-0.377504	0.07554998	2.1272	0.1421881	0.1234784	3.454875	-0.2911354	0.07200424	2.21825	-0.02739853	0.661281	2.863691	-0.1104404	0.5443496	2.866002	-0.1242566	0.464734	2.873511	-0.1607176	0.2206942	2.885596	-0.198509	-0.1095644	2.900019	-0.05442754	0.4232467	2.977013	-0.2027164	0.4251359	2.732452	-0.1598769	-0.1232387	2.906218	-0.2336408	-0.09295577	2.813318	-0.0154326	0.2634711	3.21257	-0.3022865	0.2985399	2.526167	-0.1531246	-0.5866731	2.989626	-0.2902057	-0.4621873	2.650609	-0.177223	-0.9313239	3.009468	-0.542631	-0.6248178	2.727018	

0.0787715	0.1277132	3.416541	-0.3325164	0.1408216	2.263419	0.2052022	0.04916907	3.54036	-0.3658368	0.07731128	2.133666	0.139809	0.1283183	3.426	-0.2982621	0.07606252	2.218579	-0.02136012	0.658391	2.868937	-0.1065859	0.5443548	2.867941	-0.1203408	0.4646388	2.875661	-0.1587474	0.2203196	2.887925	-0.2010048	-0.1110158	2.900857	-0.04912309	0.422455	2.978044	-0.1968489	0.4254421	2.733589	-0.1645818	-0.1260082	2.906282	-0.2343515	-0.09353052	2.814557	-0.01011144	0.260513	3.212275	-0.2982444	0.3031479	2.528769	-0.156574	-0.5838757	2.988788	-0.30209	-0.4614919	2.654109	-0.1785313	-0.9341043	3.011797	-0.5585909	-0.6783049	2.709329	

0.1066194	0.0942672	3.440671	-0.3326264	0.1405667	2.263166	0.2311895	0.03620853	3.54169	-0.3706939	0.07684746	2.138405	0.1521056	0.112307	3.438833	-0.3005911	0.07254738	2.219821	-0.01818833	0.6541932	2.873165	-0.1021415	0.5454138	2.872404	-0.116193	0.4651861	2.880026	-0.1564338	0.2194272	2.892209	-0.2035758	-0.1144326	2.903291	-0.03508326	0.4004284	2.979632	-0.1933209	0.4271313	2.735364	-0.1666968	-0.1294373	2.906812	-0.2366924	-0.09680273	2.819812	-0.004020554	0.2489555	3.220129	-0.2972136	0.3026023	2.527786	-0.1620685	-0.5772206	2.987177	-0.3088461	-0.4622103	2.654463	-0.1811658	-0.9361137	3.014777	-0.5651641	-0.6804382	2.705744	

0.09145817	0.1115089	3.400989	-0.334268	0.1401784	2.26285	0.2188106	0.03281793	3.524695	-0.37957	0.07763587	2.142251	0.1624216	0.1004666	3.439417	-0.3035982	0.0686854	2.228231	-0.01711904	0.653335	2.874937	-0.0979977	0.5453925	2.874913	-0.112582	0.4652415	2.882388	-0.1548506	0.2195763	2.89414	-0.2046931	-0.1144803	2.903933	-0.03209464	0.4140551	2.990336	-0.1909431	0.4273823	2.735894	-0.1691844	-0.1297578	2.907531	-0.2368012	-0.09667007	2.820261	0.005584346	0.2486109	3.221168	-0.2956669	0.3015732	2.526842	-0.1634147	-0.5762975	2.986382	-0.3165463	-0.4607023	2.655714	-0.1804336	-0.9360003	3.015951	-0.5759015	-0.6766993	2.702306	

0.1153291	0.07598516	3.413872	-0.3352165	0.1453677	2.285541	0.2373063	0.01025064	3.536025	-0.3835619	0.07695807	2.169824	0.1560189	0.09721008	3.406286	-0.3174776	0.07136726	2.2446	-0.01423271	0.6532442	2.879243	-0.09175487	0.544296	2.881435	-0.1071255	0.4641626	2.888034	-0.1521088	0.2185896	2.897592	-0.2053135	-0.1152722	2.904404	-0.0309372	0.4150462	2.990974	-0.187414	0.4284355	2.738143	-0.1701821	-0.1309399	2.908147	-0.2368549	-0.09697733	2.820513	0.0163707	0.2430762	3.215204	-0.2918231	0.3101175	2.545904	-0.1646399	-0.5749856	2.985283	-0.327622	-0.4571615	2.652594	-0.1808785	-0.9354735	3.016825	-0.5721221	-0.6819258	2.723018	

0.1381251	-0.03739576	3.291898	-0.353967	0.1232961	2.349907	0.2474993	-0.1566895	3.367336	-0.4311004	0.04695908	2.208198	0.1864628	-0.05798832	3.285063	-0.334498	0.04047867	2.288667	0.01514208	0.6457155	2.915409	-0.07760422	0.5439183	2.899177	-0.09748469	0.4637865	2.900054	-0.1512143	0.2183645	2.899045	-0.2150646	-0.1169624	2.896857	-0.009060847	0.3742739	3.035016	-0.1798413	0.4285664	2.746186	-0.182508	-0.1368498	2.903594	-0.2441096	-0.09435374	2.808841	0.05519317	0.1296087	3.1837	-0.2904889	0.2855481	2.559524	-0.1666306	-0.5743303	2.980909	-0.3477381	-0.4379354	2.60878	-0.1811301	-0.935781	3.016922	-0.6182376	-0.6371377	2.663348	

0.1289134	-0.1379169	3.101205	-0.3499736	0.03052706	2.381203	0.222002	-0.2752585	3.139298	-0.3964689	-0.01998598	2.295134	0.2080916	-0.2159876	3.054572	-0.3241804	-0.02402944	2.372	0.01753496	0.6442999	2.921134	-0.06936415	0.5411935	2.90986	-0.08963761	0.4611869	2.908796	-0.1486175	0.2168853	2.900019	-0.2181423	-0.1204977	2.884106	0.008502827	0.2964865	3.04104	-0.174324	0.4271045	2.757766	-0.1833477	-0.1459517	2.892489	-0.2484706	-0.09193646	2.793376	0.0378332	0.06484809	3.095894	-0.3009429	0.2240959	2.566195	-0.1690166	-0.5747233	2.974383	-0.3508509	-0.4336273	2.588376	-0.1813118	-0.9359589	3.016395	-0.6541261	-0.5961906	2.677906	

0.1037833	-0.1623616	2.976887	-0.3384989	0.0203464	2.409311	0.1996458	-0.2894718	2.94542	-0.3810526	-0.05727657	2.313941	0.1544363	-0.2044303	2.8844	-0.3138237	-0.04653568	2.401546	0.0193799	0.644282	2.925035	-0.06493236	0.5406063	2.915899	-0.08409072	0.4601481	2.915121	-0.1414349	0.2141233	2.904326	-0.2146208	-0.1229862	2.883294	0.008319104	0.3317058	2.982364	-0.1729842	0.4268877	2.762545	-0.1733247	-0.1504143	2.890103	-0.2478159	-0.09308266	2.793636	0.01484876	0.03635293	3.038396	-0.3017187	0.2205727	2.576016	-0.1696234	-0.5746179	2.968674	-0.3458845	-0.4308624	2.578182	-0.179281	-0.9349118	3.013684	-0.6525713	-0.5966086	2.670109	

0.09357829	-0.1681664	2.923716	-0.33868	0.01918218	2.410185	0.1781482	-0.2767831	2.872128	-0.3814414	-0.06296169	2.309855	0.1165255	-0.1798495	2.833875	-0.313775	-0.05129483	2.40425	0.02066685	0.6442273	2.926497	-0.06326463	0.5402978	2.917556	-0.08211245	0.459579	2.916679	-0.1385032	0.2124181	2.905127	-0.2114287	-0.1264153	2.881395	0.008592281	0.3178933	2.980347	-0.1720884	0.4261089	2.765787	-0.1682916	-0.1543599	2.888911	-0.2469089	-0.09534302	2.79217	0.0137428	0.02049467	3.02552	-0.3016862	0.2158382	2.583315	-0.1690021	-0.5753717	2.965121	-0.3438945	-0.4321108	2.574206	-0.1780889	-0.933319	3.009704	-0.6579826	-0.6064634	2.669131	

0.08172058	-0.1659265	2.894433	-0.3392816	0.01877173	2.41047	0.1529801	-0.2548379	2.829044	-0.3787309	-0.06549866	2.31007	0.09441308	-0.1659447	2.811875	-0.3188503	-0.05660818	2.3962	0.02145585	0.6439859	2.927065	-0.06113617	0.5383657	2.918063	-0.07960675	0.4576093	2.91728	-0.1350063	0.2103312	2.905696	-0.2082604	-0.1278416	2.881182	0.009050405	0.3310256	2.986652	-0.1718222	0.4256446	2.767522	-0.165626	-0.1547178	2.887685	-0.2435517	-0.0980113	2.793628	0.0108339	0.02702006	2.99371	-0.3038066	0.2115589	2.583462	-0.1670273	-0.5770937	2.959837	-0.3372032	-0.433414	2.57133	-0.1755363	-0.9323707	3.006397	-0.6477853	-0.608884	2.660481	

0.06712216	-0.1783701	2.901357	-0.3480048	0.02230491	2.40397	0.1113299	-0.2851686	2.876642	-0.3913736	-0.06525113	2.293861	0.1022739	-0.2429119	2.844084	-0.3308548	-0.0504607	2.372929	0.02230381	0.6437068	2.925197	-0.05895732	0.5351906	2.914888	-0.0773737	0.4543968	2.914675	-0.1326321	0.2066668	2.904258	-0.2061412	-0.1320939	2.88073	0.008313775	0.3244084	2.977065	-0.1716086	0.4254622	2.767491	-0.1613175	-0.1596144	2.886518	-0.2434906	-0.1015415	2.793909	0.007908178	0.02142597	2.993619	-0.3036457	0.2114594	2.582824	-0.160356	-0.5765924	2.95283	-0.3217836	-0.4446987	2.578801	-0.1749314	-0.931274	3.003329	-0.6445696	-0.6129845	2.663067	

0.05786153	-0.1857573	2.936832	-0.351456	0.0234242	2.398593	0.1076454	-0.3121366	2.919964	-0.4041594	-0.06247445	2.292107	0.1008014	-0.2651455	2.89525	-0.3312503	-0.04659401	2.365786	0.02258441	0.6423352	2.923136	-0.05840874	0.5331141	2.912698	-0.07640436	0.4524238	2.913226	-0.13004	0.2041944	2.904483	-0.1995712	-0.1361005	2.884547	0.008238486	0.3250884	2.976467	-0.1717203	0.4251975	2.766662	-0.1540152	-0.1617892	2.890424	-0.23857	-0.1069704	2.79794	0.004281838	0.02375222	3.004467	-0.3034337	0.2116987	2.58049	-0.1551989	-0.5760533	2.951176	-0.312806	-0.451781	2.584389	-0.1750459	-0.9317167	3.003013	-0.6520494	-0.6486162	2.687777	

0.04626279	-0.1435971	3.078939	-0.3749416	0.006201717	2.353814	0.08286182	-0.3064794	3.117449	-0.4006874	-0.06087329	2.252991	0.08981965	-0.2404825	3.0288	-0.3314231	-0.05304159	2.344455	0.02030632	0.645023	2.904	-0.05937164	0.5323116	2.902646	-0.07619727	0.4520529	2.906049	-0.1282376	0.2047191	2.902529	-0.1948336	-0.1334803	2.885555	0.007693046	0.3626589	2.992178	-0.1735532	0.421976	2.758646	-0.1506204	-0.1575554	2.891984	-0.2324933	-0.1057525	2.798619	0.004504524	0.07433189	3.070743	-0.3058559	0.2087733	2.573078	-0.1489307	-0.5765356	2.952753	-0.2846217	-0.4659974	2.609857	-0.1747375	-0.9318659	3.002953	-0.6495551	-0.7292937	2.710808	

0.05698678	-0.1315742	3.162705	-0.3735321	0.005172998	2.353258	0.1118215	-0.2983562	3.233153	-0.4056995	-0.06310205	2.261487	0.1029622	-0.2584687	3.164625	-0.3308439	-0.05407789	2.33525	0.01946094	0.6448979	2.897151	-0.06128056	0.5339215	2.892632	-0.07671397	0.4533287	2.897901	-0.1258458	0.2055679	2.899681	-0.1880194	-0.1321689	2.887075	0.006944555	0.3648141	2.990247	-0.1745575	0.4215646	2.752806	-0.1449081	-0.1540146	2.893165	-0.2247411	-0.1067988	2.800685	0.00965827	0.09401552	3.108287	-0.303789	0.2088474	2.571525	-0.1371355	-0.5779204	2.954131	-0.2799944	-0.4677565	2.614905	-0.174806	-0.9322227	3.003063	-0.6240724	-0.7466791	2.739716	

0.05930773	-0.1263739	3.200052	-0.3601948	0.0208853	2.376847	0.1165765	-0.2893748	3.292259	-0.4083113	-0.06573801	2.261198	0.1063758	-0.2132872	3.182	-0.3318401	-0.05717586	2.341581	0.01915092	0.6453473	2.891691	-0.06334032	0.535116	2.887102	-0.07816231	0.4544159	2.892167	-0.1247638	0.2064056	2.895349	-0.1856417	-0.1317515	2.885349	0.005266413	0.3671235	2.987458	-0.1748724	0.4212571	2.748274	-0.1425985	-0.153007	2.890405	-0.2226975	-0.10682	2.799813	0.01320727	0.1020396	3.115049	-0.3022857	0.2078156	2.56933	-0.1321299	-0.5777612	2.953981	-0.2744137	-0.4705223	2.619651	-0.1747714	-0.9321823	3.003036	-0.621327	-0.7459921	2.744404	

0.07222702	-0.09849699	3.283807	-0.3574651	0.01729543	2.378816	0.1141338	-0.2314777	3.413099	-0.4071899	-0.09940116	2.282053	0.1378182	-0.173702	3.298333	-0.3265637	-0.07310463	2.344412	0.01989434	0.6416237	2.883859	-0.06371708	0.5359938	2.875435	-0.07764867	0.4550014	2.881508	-0.1213644	0.2064414	2.888251	-0.1797622	-0.1324488	2.882679	0.004757336	0.3694659	2.97851	-0.1733623	0.4181688	2.740911	-0.1364352	-0.1522706	2.885736	-0.2172647	-0.1087578	2.798819	0.02159173	0.1328616	3.146219	-0.3029458	0.200141	2.56149	-0.1239278	-0.5811415	2.953834	-0.2508112	-0.4828862	2.642727	-0.1743983	-0.9319344	3.002966	-0.6032296	-0.7441566	2.780468	

0.06609222	-0.07962255	3.32882	-0.3463971	-0.02499053	2.39032	0.1098112	-0.2104931	3.44644	-0.3678007	-0.1482015	2.354389	0.1283126	-0.1292814	3.351	-0.3163996	-0.0928928	2.369728	0.02260171	0.6387742	2.873764	-0.06295276	0.5359851	2.865528	-0.07618754	0.4550998	2.871688	-0.1171162	0.2069246	2.879347	-0.1722221	-0.1316836	2.876805	0.005385006	0.3703955	2.969091	-0.1706386	0.4154672	2.731666	-0.128793	-0.1497259	2.878923	-0.2104887	-0.1096626	2.794086	0.02091323	0.1453592	3.149915	-0.2983701	0.1970921	2.561129	-0.1115594	-0.5881693	2.95685	-0.2369348	-0.4880821	2.65094	-0.17397	-0.9313297	3.002328	-0.5876241	-0.7495953	2.79227	

0.04756362	-0.07765388	3.312145	-0.3188039	-0.07063284	2.435938	0.06582177	-0.2192727	3.443549	-0.3316504	-0.1941578	2.413041	0.09144684	-0.1495555	3.357313	-0.2956492	-0.1416733	2.396938	0.03379409	0.6339006	2.855967	-0.05121377	0.53461	2.842763	-0.06393345	0.4532746	2.851548	-0.1027013	0.2038994	2.866114	-0.1537741	-0.1366324	2.871699	0.01693662	0.3698717	2.946532	-0.1623799	0.4136655	2.721939	-0.1101565	-0.1526313	2.874958	-0.1929421	-0.1167333	2.787975	0.02842345	0.1520393	3.134792	-0.2695206	0.1661221	2.565835	-0.1036466	-0.6202468	2.966991	-0.1905726	-0.5038218	2.68083	-0.1778288	-0.950449	3.004417	-0.5422402	-0.7532523	2.839099	

0.001756662	-0.1067952	3.250676	-0.3034185	-0.114522	2.504313	-0.01294882	-0.245891	3.364185	-0.311659	-0.2455465	2.497104	0.006506637	-0.20159	3.281	-0.2797375	-0.2028533	2.483	0.05291175	0.6254132	2.836496	-0.0355126	0.5307872	2.824119	-0.0488596	0.449747	2.834517	-0.08976342	0.2012016	2.854859	-0.1449125	-0.1382288	2.868145	0.03264022	0.3662658	2.927791	-0.1502405	0.4080474	2.705711	-0.09706573	-0.1485855	2.863731	-0.1847976	-0.1231133	2.789178	0.04621989	0.1501066	3.117085	-0.2542142	0.1397899	2.591929	-0.1242219	-0.6564411	2.962593	-0.1545419	-0.5106665	2.692405	-0.1883868	-0.9882337	3.001764	-0.4893148	-0.7634319	2.87704	

0.02425276	-0.1256119	3.233703	-0.3201288	-0.133798	2.551165	0.0122219	-0.2809607	3.360124	-0.337991	-0.2704276	2.560684	0.03156747	-0.2365063	3.276952	-0.3008621	-0.2103892	2.529367	0.09304032	0.6010708	2.812481	-0.003519316	0.5037915	2.799118	-0.0221161	0.4257153	2.814862	-0.0754674	0.1849516	2.847935	-0.1401605	-0.1481744	2.871876	0.06450687	0.3394305	2.902764	-0.1316764	0.391569	2.691797	-0.09288999	-0.1570585	2.871009	-0.181127	-0.1357301	2.791118	0.07788926	0.1247388	3.092906	-0.2558245	0.1255367	2.598994	-0.01627572	-0.5382169	2.944042	-0.1583132	-0.5255099	2.712786	-0.1648971	-0.9309672	2.998287	-0.4861698	-0.7429313	2.911282	

-0.03789015	-0.1008396	2.881333	-0.331367	-0.1882431	2.631212	-0.03263954	-0.1804504	2.790419	-0.3981331	-0.3224479	2.687645	-0.01615308	-0.1356328	2.767923	-0.3034503	-0.2581642	2.676	0.2125431	0.4575102	2.786932	0.1091738	0.3647043	2.773652	0.08120427	0.2867799	2.792508	-0.004314493	0.04827746	2.83871	-0.1206361	-0.2763933	2.889199	0.1769192	0.2006224	2.877	-0.03310665	0.2521223	2.668003	-0.07090554	-0.286531	2.893378	-0.1670757	-0.258584	2.804936	0.1898043	-0.01310786	3.066442	-0.2184798	0.01449531	2.630747	0.06938712	-0.6481349	2.883275	-0.1005483	-0.6418709	2.730244	-0.1262935	-0.9233528	2.980324	-0.4243783	-0.785446	2.934047	

-0.001027389	-0.1442053	2.870831	-0.2544396	-0.2850118	2.63414	-0.0263391	-0.2603639	2.821161	-0.3239779	-0.3970649	2.668174	-0.0194176	-0.1678218	2.752333	-0.2374847	-0.336054	2.655764	0.2262842	0.4356893	2.789098	0.1227901	0.3510543	2.773679	0.09518251	0.2724523	2.791597	0.01091499	0.03164363	2.834724	-0.10335	-0.2968248	2.880299	0.1904936	0.18701	2.877001	-0.01494559	0.2418887	2.665523	-0.05607978	-0.3049266	2.885571	-0.147642	-0.2805498	2.794912	0.2032573	-0.02637479	3.066193	-0.1608271	-0.02061733	2.616876	0.08641148	-0.6651591	2.876718	-0.07930714	-0.6633497	2.723449	-0.1355633	-0.9200606	2.975054	-0.4096312	-0.8031817	2.936663	

0.00733738	-0.1399736	2.868842	-0.08711671	-0.3247918	2.570714	0.01331135	-0.2236819	2.806552	-0.115405	-0.4617612	2.594927	0.0265026	-0.1551808	2.7546	-0.05734704	-0.3716631	2.587643	0.2380637	0.4363383	2.792817	0.1324949	0.3534912	2.771025	0.1020558	0.2744469	2.789771	0.01219314	0.03252142	2.834494	-0.104886	-0.2957394	2.881108	0.2001698	0.1894364	2.874348	0.01047831	0.239304	2.658901	-0.05865509	-0.303129	2.885837	-0.1485732	-0.2798825	2.796241	0.2128407	-0.02370569	3.063288	-0.06277913	-0.0481224	2.591979	0.1062326	-0.6536335	2.879516	-0.05592308	-0.657263	2.718039	-0.1278239	-0.9271319	2.974996	-0.3650308	-0.8279967	2.926182	

0.2385149	-0.2507054	2.984823	0.1228556	-0.2600197	2.492637	0.275243	-0.3895685	2.963648	0.1639024	-0.4232398	2.481248	0.2541326	-0.3481914	2.948	0.1763233	-0.348693	2.483667	0.2559911	0.4748677	2.786577	0.1556479	0.392899	2.764098	0.1322837	0.3131879	2.780466	0.05860655	0.06501813	2.819834	-0.0425028	-0.2737693	2.861389	0.2232563	0.2287282	2.86748	0.03149154	0.259535	2.647655	-0.0005811802	-0.2818929	2.85521	-0.08327	-0.2579711	2.787434	0.1898112	-0.0351597	2.986743	0.04538004	-0.02823554	2.54073	0.1634001	-0.6314386	2.858687	-0.04171041	-0.644393	2.711989	-0.05458739	-1.018452	2.981366	-0.3215607	-0.811817	2.893057	

0.3288431	-0.2161889	2.92173	0.1974998	-0.2271063	2.46918	0.3906969	-0.3165859	2.888755	0.270162	-0.3575168	2.462486	0.3554288	-0.2917633	2.906667	0.2539619	-0.255077	2.4559	0.2543552	0.4873971	2.786528	0.1566877	0.4003469	2.760796	0.133265	0.3206944	2.777381	0.06051997	0.07624982	2.816615	-0.03846478	-0.2552781	2.858072	0.2242944	0.2361508	2.864191	0.03703319	0.2760521	2.644639	0.005235813	-0.2612414	2.852395	-0.0809084	-0.2418837	2.783632	0.2148588	-0.03325535	2.976449	0.07004546	-0.004753928	2.522038	0.1794592	-0.6011698	2.882185	-0.01985482	-0.6252229	2.698489	-0.03060965	-0.9985402	2.987264	-0.3083759	-0.8103049	2.892076	

0.3510816	-0.08201962	2.814703	0.3053342	0.03161684	2.421657	0.4246697	-0.1940131	2.785519	0.4766963	0.01100925	2.402996	0.3891498	-0.1697689	2.803416	0.405563	0.05101399	2.4042	0.2451421	0.5769297	2.751143	0.1572586	0.4802763	2.732149	0.1408723	0.4013378	2.746195	0.09037894	0.1591817	2.778229	0.02121987	-0.171338	2.810178	0.2248762	0.3158245	2.83569	0.05337776	0.3541037	2.611078	0.06004116	-0.17449	2.825488	-0.01826487	-0.1632838	2.714519	0.2335928	0.09770354	2.875046	0.1040609	0.1079679	2.480594	0.2396454	-0.5180153	2.826888	0.02910536	-0.551295	2.649413	0.02406578	-0.9086604	2.944841	-0.2530204	-0.7171181	2.832839	

0.378601	-0.04097319	2.772547	0.3341214	0.1258508	2.418309	0.4520647	-0.153136	2.743378	0.4873936	0.1530572	2.405044	0.4163683	-0.1290934	2.76129	0.4338231	0.1519828	2.372167	0.2512898	0.5965174	2.741769	0.1606025	0.5020294	2.722692	0.1463362	0.424587	2.735189	0.1036514	0.18781	2.761631	0.04848265	-0.1344376	2.784181	0.2282139	0.3375065	2.826274	0.05569069	0.3712741	2.606393	0.08566239	-0.1413067	2.80469	0.008617523	-0.1252645	2.684272	0.2440347	0.1194978	2.852154	0.09963831	0.1500171	2.469694	-0.04490334	-0.491131	2.875908	0.1218171	-0.4955492	2.576782	-0.1279059	-0.9323555	2.98063	-0.2326529	-0.6519231	2.805695	

0.5204137	0.2876175	2.678292	0.3211579	0.2659623	2.405545	0.5081431	0.3315488	2.612341	0.4649017	0.3549919	2.406614	0.5073224	0.3238778	2.608	0.4416148	0.3273346	2.374353	0.2786428	0.664968	2.696118	0.1866754	0.5746552	2.686726	0.1759395	0.4967726	2.697045	0.142525	0.2573715	2.718129	0.09637862	-0.07013838	2.735815	0.2542224	0.4098911	2.790451	0.07955139	0.4470863	2.573619	0.1366553	-0.07611372	2.733989	0.05322393	-0.06209446	2.657213	0.3735287	0.2086711	2.831788	0.1074318	0.2214385	2.441406	0.04896937	-0.5666211	2.869911	0.1497278	-0.434429	2.531266	-0.1097439	-0.9918993	2.989665	-0.1289306	-0.7061679	2.772027	

0.4912366	0.4397913	2.690714	0.3138636	0.3753038	2.412209	0.5077226	0.4917144	2.650225	0.4303806	0.4754657	2.426533	0.5113535	0.4953505	2.6505	0.3898151	0.3990252	2.403944	0.309607	0.7241183	2.660838	0.2289672	0.623751	2.657069	0.2195361	0.5473853	2.667888	0.1899283	0.3123798	2.690608	0.1487725	-0.009446273	2.710706	0.2963974	0.4588192	2.760895	0.1174163	0.489401	2.540189	0.1879739	-0.01363563	2.698857	0.1051251	-0.00497316	2.642175	0.4001194	0.276828	2.816334	0.1176756	0.2734391	2.423733	0.1283969	-0.5154959	2.818602	0.1736321	-0.3849181	2.518982	-0.01302161	-0.9248822	2.935883	-0.1556342	-0.5125899	2.735794	

0.6006225	0.3998486	2.661075	0.4107783	0.2998805	2.441478	0.670129	0.4566555	2.594387	0.4926528	0.3712161	2.508725	0.6728556	0.4604575	2.594835	0.4792552	0.3301978	2.4588	0.4748156	0.6473154	2.621279	0.3840502	0.5509306	2.612041	0.3757983	0.4716652	2.622924	0.3491443	0.2280164	2.645769	0.3113115	-0.1053358	2.665792	0.4509946	0.3861091	2.715734	0.257175	0.4206274	2.495273	0.3477082	-0.117987	2.665702	0.265538	-0.0895114	2.585989	0.5617451	0.2239242	2.79733	0.203408	0.209365	2.376858	0.4085677	-0.6265367	2.677337	0.2400727	-0.4978363	2.533533	0.4561142	-0.9810292	2.696593	-0.1400303	-0.6903704	2.702052	

0.6126093	0.3795777	2.663756	0.4246181	0.2247688	2.43372	0.6820693	0.4364676	2.597067	0.5274288	0.2781065	2.50649	0.6847342	0.4403809	2.597512	0.5146285	0.2467119	2.455584	0.4964745	0.6204417	2.631362	0.3962224	0.5303546	2.614778	0.3887761	0.4513544	2.624695	0.3647866	0.2082644	2.64459	0.3313339	-0.1248765	2.660298	0.4631236	0.3655927	2.71843	0.2769481	0.401028	2.498189	0.3632616	-0.132944	2.661481	0.2899187	-0.1135914	2.579168	0.5737793	0.2035649	2.799997	0.2144442	0.1851454	2.372606	0.4558807	-0.6091682	2.661627	0.2676776	-0.505505	2.5227	0.460878	-0.9786618	2.693906	-0.1036553	-0.7228322	2.691309	

0.6691101	0.3525115	2.6649	0.4705817	-0.06773711	2.39856	0.7383494	0.409514	2.598243	0.5694354	-0.1382553	2.429312	0.7407266	0.4135825	2.598741	0.5209042	-0.09169622	2.374666	0.5564494	0.5936346	2.638638	0.453583	0.5028692	2.615921	0.4450849	0.4207774	2.620935	0.4174364	0.1686758	2.626111	0.377976	-0.1761565	2.622368	0.520296	0.3381945	2.719523	0.3341953	0.3744387	2.479594	0.412031	-0.1865208	2.621905	0.3324174	-0.1604383	2.543337	0.6305156	0.1763847	2.801092	0.2553965	0.1169016	2.384693	0.525112	-0.608234	2.634021	0.3517648	-0.5709949	2.527126	0.4618854	-0.9742483	2.690156	0.02424371	-0.8428059	2.704945	

0.7240289	0.3825057	2.674538	0.2446558	-0.1474786	2.32855	0.7930679	0.4393972	2.607937	0.175871	-0.2535388	2.281326	0.7951953	0.4433296	2.608531	0.2726899	-0.18653	2.376636	0.6154654	0.6212219	2.64641	0.5092595	0.5332717	2.625338	0.504447	0.4470305	2.626471	0.4878657	0.1821832	2.620054	0.4632665	-0.1802203	2.60079	0.575808	0.3685546	2.728999	0.3808993	0.4031434	2.479344	0.4987481	-0.1881133	2.606378	0.4136487	-0.1668373	2.516143	0.6855537	0.2066713	2.810601	0.2614949	0.1356004	2.38453	0.562919	-0.571878	2.639896	0.3720951	-0.5752147	2.470333	0.463286	-0.9737318	2.691428	0.192617	-0.9071318	2.669899	

0.7713202	0.379436	2.692072	0.1075606	-0.0146028	2.258401	0.840196	0.4363509	2.625508	0.009434338	-0.1324817	2.235256	0.8421202	0.4403245	2.626158	0.1010404	-0.07614164	2.236304	0.6703581	0.611035	2.666703	0.5571576	0.5301499	2.642748	0.5366383	0.4460734	2.637337	0.4917111	0.1835286	2.620388	0.4511856	-0.1730385	2.59247	0.6235604	0.3654891	2.746403	0.3994386	0.4061649	2.481649	0.4813724	-0.176885	2.560367	0.3977644	-0.1579735	2.526532	0.7328158	0.2038975	2.827906	0.219473	0.1826753	2.368057	0.5623026	-0.5764348	2.641077	0.3865595	-0.5541517	2.390185	0.4567198	-0.9901378	2.700801	0.2418876	-0.951697	2.542483	

0.7819834	0.3756634	2.697977	0.07168986	0.02019172	2.250605	0.8508244	0.4325964	2.631419	-0.03903126	-0.06671678	2.237714	0.8527056	0.4365965	2.632079	0.03748711	-0.05369437	2.236813	0.6842124	0.604261	2.676016	0.5679336	0.5263456	2.648616	0.5509437	0.4422149	2.642279	0.4998915	0.1831754	2.617007	0.4426576	-0.1696632	2.56494	0.6343033	0.3617087	2.752265	0.4175814	0.4065647	2.488569	0.4809596	-0.1780141	2.546133	0.3906012	-0.1550064	2.510615	0.7433896	0.2002936	2.833686	0.2210765	0.2009708	2.368557	0.5934131	-0.5280009	2.623633	0.3911677	-0.5552951	2.345924	0.4745814	-0.969128	2.700496	0.2473547	-0.9586852	2.428934	

0.7970949	0.3731717	2.705961	0.07136784	0.02116261	2.250322	0.8658869	0.4301189	2.639414	-0.03974453	-0.04634942	2.242399	0.8677079	0.4341415	2.64009	0.04079108	-0.03048404	2.243148	0.7021601	0.5981989	2.685018	0.5832222	0.5238209	2.656558	0.5649432	0.4403314	2.647863	0.5088732	0.1831147	2.615706	0.4430403	-0.1690565	2.561534	0.6495463	0.3592102	2.760201	0.4268508	0.4060021	2.492179	0.4821299	-0.1778827	2.542859	0.3899668	-0.1538222	2.50296	0.7584552	0.1979385	2.841566	0.2241196	0.2084771	2.369142	0.5964534	-0.5239931	2.628851	0.3899306	-0.5698599	2.305295	0.4760812	-0.9676411	2.690835	0.2515963	-0.9597611	2.319299	

0.7021459	-0.08300149	2.753078	0.08342008	0.002771363	2.251794	0.6706378	-0.3904305	2.653494	0.001140752	-0.0744422	2.245169	0.6994235	-0.3037346	2.646182	0.08126276	-0.04751186	2.238944	0.7126837	0.5976343	2.686496	0.5948057	0.5217302	2.659266	0.5733992	0.4396399	2.648174	0.512961	0.1860069	2.608638	0.4265256	-0.1516709	2.52389	0.6610946	0.3571339	2.762908	0.4383138	0.4051955	2.49246	0.4673558	-0.1620857	2.501859	0.3718353	-0.1359792	2.465715	0.7698531	0.1959837	2.84422	0.2334018	0.2102511	2.369281	0.5949671	-0.4967101	2.603952	0.3969342	-0.5672196	2.280457	0.5012529	-0.9428098	2.685462	0.2547994	-0.9492333	2.254739	

0.6717761	-0.1731099	2.654376	0.1898096	-0.03593662	2.24857	0.6938042	-0.3076818	2.588281	0.1127781	-0.1492559	2.236934	0.7131907	-0.2346031	2.59	0.2055554	-0.08694117	2.254	0.720363	0.5975904	2.683907	0.6017326	0.5222513	2.655787	0.5819847	0.4405193	2.644047	0.5224044	0.1887492	2.601446	0.4347407	-0.1514456	2.523871	0.6679997	0.3576499	2.759433	0.4453252	0.4078914	2.488593	0.4762812	-0.1612384	2.501904	0.3795202	-0.1365293	2.466048	0.6769016	0.09985445	2.700619	0.2875237	0.176699	2.358267	0.3903155	-0.5864689	2.628655	0.407392	-0.5689917	2.27245	0.4644898	-0.9959285	2.681003	0.2623917	-0.9506243	2.247573	

0.664055	-0.1691242	2.652015	0.2837787	-0.06439973	2.244544	0.6640152	-0.2808927	2.57426	0.2460098	-0.2042291	2.239949	0.6967823	-0.2188247	2.575454	0.3311412	-0.1310859	2.303679	0.7229029	0.5963817	2.676925	0.603294	0.5229142	2.649711	0.5843672	0.440257	2.638605	0.5271096	0.1855413	2.595843	0.4489985	-0.1657432	2.522854	0.6695551	0.3583007	2.753362	0.449098	0.4089717	2.481716	0.4910245	-0.1969069	2.516439	0.399049	-0.1405588	2.45336	0.6735995	0.1000699	2.69621	0.3014729	0.1703652	2.353147	0.39172	-0.5864681	2.628652	0.4250683	-0.5696585	2.281036	0.4715492	-1.000905	2.676626	0.2712923	-0.950377	2.257203	

0.6464648	-0.1711107	2.656097	0.3763515	-0.07093633	2.254158	0.6438884	-0.2968501	2.605206	0.4072006	-0.2107289	2.251801	0.6591974	-0.2205335	2.578462	0.3372554	-0.1425414	2.313777	0.7175329	0.5998173	2.65515	0.6003428	0.5245454	2.632977	0.5819797	0.4404375	2.626806	0.5252111	0.1838142	2.592974	0.4440221	-0.1712773	2.528513	0.6666088	0.3598962	2.736639	0.4493489	0.40817	2.471838	0.4820502	-0.1987257	2.522234	0.3956974	-0.1442235	2.457117	0.6612478	0.1001471	2.690814	0.3165083	0.1591621	2.347921	0.3964814	-0.5883937	2.627371	0.4548231	-0.5797547	2.31904	0.4783423	-1.007387	2.674137	0.3094925	-0.9686521	2.315242	

0.6587262	-0.06628578	2.681901	0.4572941	-0.003076212	2.265659	0.7055383	-0.1895096	2.613026	0.568324	-0.1215061	2.241822	0.7205301	-0.1137833	2.586309	0.4858387	-0.05842813	2.222209	0.6886666	0.6128203	2.610156	0.5804148	0.5280907	2.59469	0.5668408	0.4421346	2.595615	0.5207189	0.1814042	2.583338	0.4451608	-0.1748497	2.531808	0.6467339	0.3633536	2.698373	0.4434924	0.4096912	2.455255	0.482045	-0.2007464	2.526568	0.3965583	-0.1466547	2.458463	0.7554416	0.2021494	2.779642	0.3321787	0.1679513	2.333692	0.4061209	-0.607977	2.62809	0.474812	-0.597505	2.372065	0.5084172	-1.017112	2.669986	0.35691	-0.9958782	2.397246	

0.6472155	-0.06103043	2.659574	0.5180234	0.01787032	2.257772	0.6923796	-0.1840464	2.587773	0.6582099	-0.07023619	2.263881	0.7074034	-0.1083393	2.561046	0.5427393	-0.0232512	2.226542	0.6828155	0.6128246	2.591004	0.5710602	0.532073	2.574284	0.5582191	0.4459927	2.57648	0.5167443	0.1825849	2.5736	0.4478209	-0.1757681	2.536523	0.637405	0.3672831	2.677984	0.4330075	0.4100975	2.436229	0.483127	-0.2003162	2.527349	0.4001296	-0.1491002	2.470079	0.7461569	0.2060109	2.759257	0.3321257	0.1685491	2.330884	0.4074657	-0.6193052	2.630115	0.4815066	-0.5944459	2.416668	0.5246632	-1.016295	2.663585	0.4105281	-0.999439	2.465646	

0.6248262	-0.05425164	2.621832	0.4620274	-0.01123583	2.246179	0.6710164	-0.1775451	2.551924	0.5936586	-0.1281592	2.239376	0.686101	-0.1018587	2.525179	0.5276254	-0.09600922	2.19	0.644867	0.6330956	2.539548	0.5481434	0.5398473	2.534814	0.5389988	0.4523931	2.542144	0.5068614	0.1848078	2.552287	0.4485828	-0.1763844	2.536727	0.6145548	0.3749514	2.638546	0.4176128	0.4110721	2.412814	0.4840447	-0.2005924	2.526239	0.4007429	-0.1497042	2.471051	0.7234311	0.2135417	2.719823	0.3205666	0.1594573	2.321006	0.399341	-0.6322812	2.642492	0.4728659	-0.5890649	2.43872	0.3984487	-1.008249	2.696582	0.4609605	-0.9793863	2.512619	

0.6157588	-0.04829887	2.612316	0.4126656	-0.1044012	2.240396	0.5752858	-0.07942413	2.500341	0.456759	-0.2529246	2.231426	0.5713023	-0.07208538	2.483	0.4362071	-0.1863912	2.188813	0.6402819	0.6360046	2.535785	0.5393652	0.545262	2.525834	0.5306107	0.4580002	2.532082	0.5014803	0.1898801	2.540939	0.4507802	-0.1755532	2.534961	0.6058049	0.3803309	2.629581	0.413147	0.4094751	2.402562	0.4877108	-0.1964045	2.524205	0.4022316	-0.15034	2.467984	0.7146442	0.2189931	2.710778	0.3307182	0.1280721	2.314216	0.4071692	-0.6335403	2.554084	0.4607921	-0.5899875	2.451362	0.3957991	-0.9955999	2.693633	0.4643257	-0.9831088	2.51779	

0.6118383	-0.04615206	2.608098	0.4008878	-0.1134076	2.239356	0.5850006	-0.1485606	2.513315	0.4041274	-0.2774787	2.237281	0.5743918	-0.06245326	2.4788	0.3846095	-0.2002648	2.312462	0.632998	0.6404084	2.529732	0.5352995	0.5472007	2.521557	0.5268188	0.4604565	2.526888	0.4988346	0.1943434	2.532188	0.4551004	-0.1694033	2.525409	0.6017522	0.3822544	2.625309	0.4113653	0.4084892	2.397554	0.4939779	-0.1827234	2.515646	0.404344	-0.1490772	2.454561	0.7105318	0.2210131	2.706432	0.3313994	0.1256026	2.313258	0.4068861	-0.633616	2.554085	0.4565336	-0.5884408	2.455922	0.3943366	-0.9915898	2.695778	0.4648247	-0.9845994	2.520344	

0.6033268	-0.04192236	2.599097	0.3314248	-0.1492894	2.246379	0.5874605	-0.150862	2.494806	0.2913208	-0.2993234	2.252265	0.5777061	-0.05934682	2.471833	0.3834035	-0.2009531	2.305013	0.6214266	0.6457695	2.517761	0.5266135	0.5513681	2.512517	0.5221239	0.463683	2.519033	0.5021948	0.1960491	2.525228	0.4844606	-0.1698201	2.514441	0.5930942	0.3863894	2.616281	0.4092456	0.4082128	2.390733	0.5155816	-0.183939	2.504449	0.437713	-0.1498607	2.44616	0.7018729	0.2251772	2.697355	0.3319629	0.1229045	2.314475	0.4022135	-0.6305882	2.563052	0.4562587	-0.5876769	2.456925	0.3939835	-0.9911156	2.696109	0.4637155	-0.9840021	2.521426	

0.5847535	-0.03844489	2.57993	0.3317588	-0.1393456	2.24996	0.5869604	-0.1523746	2.464296	0.2982257	-0.301706	2.276473	0.5856439	-0.1385721	2.458667	0.3816417	-0.2035396	2.309253	0.6031115	0.6489713	2.499354	0.5077407	0.5547401	2.493315	0.5059226	0.4666592	2.497884	0.4971979	0.1963738	2.50183	0.4854881	-0.1732385	2.493647	0.5742806	0.389706	2.597095	0.4004377	0.405462	2.377878	0.5170719	-0.1879591	2.482229	0.4384202	-0.1529416	2.42598	0.6830973	0.2285432	2.678087	0.3303407	0.1168485	2.310446	0.4029842	-0.6307572	2.57898	0.4605844	-0.5870824	2.457308	0.3943569	-0.9914683	2.696376	0.4663244	-0.9846585	2.52259	

0.5824416	-0.03811644	2.577689	0.3343726	-0.1435654	2.250673	0.5941293	-0.152485	2.466287	0.3091455	-0.3084536	2.2735	0.5848853	-0.1329868	2.455443	0.3925584	-0.208536	2.30325	0.5996956	0.649166	2.495678	0.5053408	0.5548016	2.491026	0.504061	0.4666397	2.495519	0.4969297	0.1959775	2.498955	0.4869811	-0.1744755	2.490213	0.5718883	0.3897617	2.594807	0.3966937	0.405005	2.373934	0.518346	-0.1901746	2.478651	0.4401289	-0.1532897	2.422651	0.6806332	0.2287157	2.67572	0.3299218	0.1153298	2.30958	0.4034986	-0.63047	2.584257	0.4632219	-0.5882019	2.458498	0.3945597	-0.99137	2.696779	0.4713004	-0.9887615	2.523181	

0.5702997	-0.04033018	2.564274	0.4131529	-0.1581736	2.24036	0.5858686	-0.1370839	2.431792	0.4239771	-0.3168592	2.273406	0.5730068	-0.1191494	2.4055	0.4794447	-0.2021023	2.307389	0.5861523	0.6483506	2.482833	0.4930301	0.5525515	2.477617	0.4961109	0.465306	2.486089	0.4966636	0.1959849	2.49727	0.49266	-0.1732376	2.492444	0.5596153	0.3874846	2.5814	0.3889944	0.4022652	2.365299	0.5272809	-0.1850639	2.482164	0.4438351	-0.1544502	2.424266	0.6684112	0.2264633	2.662277	0.3644095	0.1079241	2.292447	0.406393	-0.6294435	2.581139	0.4632244	-0.5894239	2.463375	0.3948617	-0.9913377	2.696769	0.4706915	-0.9886526	2.524879	

0.5635374	-0.04305429	2.555369	0.4474482	-0.1521122	2.237043	0.5889087	-0.1362293	2.417283	0.505323	-0.3004388	2.264481	0.5859274	-0.1289597	2.405	0.4292603	-0.2256593	2.3084	0.5766321	0.6469415	2.472325	0.486162	0.5497051	2.468707	0.4894725	0.4627141	2.477638	0.4946907	0.1950383	2.493827	0.4934253	-0.1732164	2.493096	0.5527676	0.3846239	2.572488	0.3845652	0.3989574	2.35681	0.5277698	-0.1848186	2.482303	0.4447315	-0.1551271	2.425733	0.6615634	0.2236631	2.653318	0.3654262	0.1035526	2.288343	0.4059049	-0.627992	2.568492	0.4610218	-0.5881244	2.461632	0.3948981	-0.9916363	2.69714	0.4709388	-0.9878249	2.525693	

0.5595625	-0.0447362	2.548244	0.4700557	-0.1432135	2.236543	0.5249406	-0.1457873	2.505999	0.5457487	-0.287463	2.272083	0.5224253	-0.1384857	2.493613	0.4606405	-0.2289142	2.308906	0.5706725	0.6459103	2.463789	0.4821074	0.5478461	2.461556	0.4864725	0.46125	2.472555	0.4944497	0.1946492	2.49315	0.4994478	-0.1730409	2.501409	0.5487249	0.382753	2.565337	0.3826685	0.3963691	2.350824	0.5336373	-0.1840287	2.49056	0.4499369	-0.1560059	2.433463	0.6574836	0.2218742	2.64611	0.3703504	0.1005955	2.283629	0.4312941	-0.6251621	2.588206	0.4506852	-0.5872399	2.46103	0.3940042	-0.9928037	2.698638	0.4689516	-0.9872001	2.527711	

0.5575535	-0.0452156	2.543802	0.4731704	-0.1418042	2.236484	0.5229717	-0.1462246	2.501588	0.5531751	-0.2869203	2.272398	0.5214735	-0.1386957	2.491474	0.4579294	-0.2292795	2.306568	0.5690099	0.6443489	2.458538	0.4800364	0.5471673	2.457077	0.4845618	0.4605273	2.468333	0.4940385	0.1940715	2.491035	0.5006281	-0.1731207	2.501923	0.54666	0.3820655	2.56086	0.3817163	0.3950255	2.347496	0.5347031	-0.1840267	2.490731	0.4511575	-0.1562885	2.434416	0.6553629	0.2212758	2.641572	0.3721339	0.0991936	2.281223	0.4318317	-0.6255179	2.58714	0.4468696	-0.586528	2.461372	0.3929	-0.9938539	2.701692	0.4673652	-0.9876013	2.529011	

0.5573706	-0.04759357	2.532595	0.4721564	-0.1430125	2.23573	0.5228198	-0.1485478	2.49042	0.525041	-0.2980122	2.271921	0.5202984	-0.1412252	2.478037	0.4514028	-0.2414334	2.298385	0.5664714	0.6439628	2.447343	0.4798336	0.544569	2.445824	0.4844156	0.4575833	2.456067	0.4953402	0.1900963	2.476745	0.5052733	-0.1763112	2.492551	0.5464554	0.3794495	2.549609	0.3820756	0.3918262	2.336854	0.5411839	-0.1878357	2.475022	0.4539993	-0.1588877	2.429677	0.6550708	0.2187627	2.630254	0.3730807	0.09522037	2.276582	0.4147605	-0.6103082	2.518954	0.4548827	-0.5581582	2.444546	0.3863662	-0.9351003	2.698871	0.4551081	-0.9500365	2.525047	

0.5567935	-0.04794921	2.529567	0.4678703	-0.1469483	2.233178	0.5222815	-0.1488578	2.487428	0.5108982	-0.3011915	2.266814	0.5197597	-0.1415324	2.475044	0.5332773	-0.1558866	2.300167	0.5643847	0.6434251	2.442413	0.4792094	0.5439867	2.442755	0.4837871	0.4571566	2.452622	0.4950313	0.1902333	2.472125	0.5065221	-0.175111	2.486358	0.5458328	0.3788618	2.54654	0.3818312	0.3905648	2.332809	0.5413684	-0.1867001	2.471294	0.4562266	-0.1579706	2.421734	0.6543766	0.2182749	2.627121	0.373164	0.09409797	2.272832	0.4151228	-0.6104649	2.520231	0.4554188	-0.5572767	2.443977	0.3865149	-0.9355466	2.699065	0.4550997	-0.9497395	2.524581	

0.5573027	-0.04806697	2.525085	0.4336917	-0.1662731	2.216369	0.5228032	-0.1489544	2.482963	0.4562306	-0.3087578	2.236357	0.5202733	-0.141627	2.470582	0.4729898	-0.1994618	2.213563	0.5650802	0.6432186	2.436628	0.4797161	0.5437773	2.438245	0.4843752	0.4572707	2.446203	0.4962074	0.1919345	2.458094	0.5099604	-0.1700172	2.458608	0.5463371	0.3786434	2.542033	0.3822055	0.3899148	2.327817	0.5433559	-0.1826346	2.45517	0.4604942	-0.1521829	2.381054	0.6548368	0.2180979	2.622585	0.3724029	0.09420782	2.263602	0.3915979	-0.593994	2.612976	0.4597172	-0.5571479	2.441075	0.3869024	-0.935607	2.698618	0.4553783	-0.9493319	2.524121	

