0.3715571	-0.1989236	2.774713	-0.1659684	-0.1801867	2.629445	0.3652032	-0.3294012	2.777341	-0.2026044	-0.3308585	2.639881	0.3944015	-0.2516294	2.7374	-0.1356928	-0.2581255	2.6205	0.1738989	0.6138209	2.648476	0.1172351	0.4779393	2.703657	0.1156324	0.3985224	2.716326	0.1102996	0.1549562	2.744394	0.102578	-0.1774357	2.77123	0.3033561	0.3601886	2.771832	-0.05120114	0.3851623	2.684162	0.1820036	-0.1804872	2.753171	0.02018127	-0.169332	2.710425	0.3489872	0.06227936	2.809718	-0.1408128	0.07882794	2.682998	0.1779287	-0.5814987	2.860775	-0.002040998	-0.5135385	2.689111	0.1322583	-0.9888011	2.923882	-0.02789088	-0.8676831	3.110913	

0.3718803	-0.1986051	2.774144	-0.1661354	-0.1800769	2.629807	0.3693595	-0.3270828	2.762126	-0.1975139	-0.3314098	2.6443	0.3944821	-0.2324209	2.737316	-0.1345224	-0.2495062	2.628704	0.1738478	0.6137565	2.648434	0.1171725	0.4779635	2.703563	0.1155921	0.3985436	2.716256	0.110299	0.154969	2.744372	0.1026136	-0.177418	2.771229	0.3034431	0.3597029	2.771384	-0.05119945	0.3850523	2.684054	0.1820677	-0.1804814	2.753078	0.02024146	-0.1692743	2.710522	0.3490293	0.06240713	2.809388	-0.1408071	0.07883149	2.682998	0.1773845	-0.5818994	2.860774	-0.001313764	-0.5138556	2.689359	0.1323097	-0.9890987	2.923946	-0.02726426	-0.867673	3.111162	

0.3720916	-0.1983822	2.771431	-0.1679654	-0.1800435	2.632211	0.368691	-0.3272667	2.755672	-0.1949519	-0.3237543	2.651117	0.3965178	-0.2549099	2.724588	-0.1451932	-0.2809899	2.6448	0.1732021	0.6136584	2.647883	0.1171167	0.477861	2.703426	0.1155533	0.3985072	2.716139	0.1102676	0.1551045	2.74423	0.1026127	-0.1765284	2.771027	0.3034022	0.3599285	2.770727	-0.05132766	0.3848526	2.684029	0.1821341	-0.1791114	2.752176	0.0201904	-0.1685802	2.710817	0.3492097	0.06241576	2.808232	-0.140691	0.07890896	2.683307	0.1773469	-0.5818827	2.860745	-0.0006299396	-0.5152408	2.689993	0.1326597	-0.9889859	2.924387	-0.02681757	-0.868082	3.112488	

0.3719616	-0.1980665	2.769143	-0.1698164	-0.1803253	2.63527	0.36986	-0.3349723	2.763332	-0.1947019	-0.3236603	2.654063	0.3940945	-0.2396995	2.725379	-0.1410101	-0.2461325	2.64031	0.1723605	0.6132414	2.647006	0.1171126	0.4777636	2.70341	0.1155568	0.3984541	2.716114	0.1102829	0.1551076	2.74419	0.102722	-0.1763928	2.770981	0.3031205	0.359342	2.769646	-0.05139175	0.384663	2.684149	0.1823156	-0.1789891	2.751903	0.02032218	-0.1683326	2.711094	0.3497421	0.06266949	2.806039	-0.1403903	0.07853671	2.684494	0.1772089	-0.5819383	2.860726	-0.0005205229	-0.5157989	2.690082	0.132735	-0.9889781	2.924422	-0.02663586	-0.8682574	3.112765	

0.3721847	-0.1978204	2.763172	-0.1715729	-0.1802112	2.63868	0.3692751	-0.3347131	2.750398	-0.1871058	-0.3211496	2.65904	0.3942169	-0.2475337	2.713364	-0.1402662	-0.2480734	2.643381	0.1713292	0.6128249	2.646713	0.1173465	0.4772615	2.703606	0.1157388	0.3981445	2.716268	0.1103909	0.1551254	2.744286	0.1028699	-0.1758333	2.771252	0.3028674	0.3588158	2.768337	-0.05141431	0.3846135	2.684201	0.1824451	-0.178691	2.751786	0.02046137	-0.1673628	2.712287	0.3504067	0.0624048	2.804564	-0.1399252	0.07856411	2.685896	0.1772347	-0.581885	2.860697	-0.0002683444	-0.5164388	2.690719	0.1325585	-0.9886605	2.925082	-0.02425713	-0.8678491	3.114182	

0.3720502	-0.1972296	2.761727	-0.1727657	-0.1800617	2.641363	0.3713565	-0.3337599	2.75344	-0.1944091	-0.331296	2.669105	0.3930258	-0.2566206	2.705273	-0.1415168	-0.2555714	2.64056	0.170361	0.6127723	2.646013	0.1174092	0.4770598	2.703571	0.1157984	0.398017	2.716238	0.1104545	0.1551312	2.744266	0.1030463	-0.1755798	2.771322	0.3023159	0.3580744	2.766041	-0.05161411	0.3844233	2.684529	0.1826889	-0.1784919	2.751503	0.02065532	-0.1669207	2.713022	0.3504154	0.06281928	2.803588	-0.139789	0.07863326	2.686815	0.1772406	-0.5815341	2.860271	1.874082E-05	-0.5171366	2.691643	0.1325517	-0.9880431	2.92541	-0.02047418	-0.8674179	3.115983	

0.3720103	-0.1964217	2.760184	-0.1736131	-0.1799917	2.645352	0.3734624	-0.3329545	2.751178	-0.1943432	-0.3287677	2.672125	0.3956501	-0.2527789	2.715546	-0.1412369	-0.243663	2.646538	0.1692865	0.6129935	2.645365	0.1173582	0.4768771	2.70365	0.1157803	0.3979526	2.716259	0.1105091	0.155369	2.744285	0.103402	-0.1740094	2.771332	0.3014652	0.3581685	2.763053	-0.05192175	0.3840938	2.685172	0.1832282	-0.1767793	2.750778	0.02083078	-0.165517	2.713663	0.3507268	0.06350888	2.802225	-0.1392392	0.0786326	2.688768	0.1771804	-0.5814148	2.860148	-0.001110581	-0.5156072	2.691854	0.1319423	-0.9878251	2.925461	-0.01601346	-0.8663244	3.116077	

0.3721142	-0.1957552	2.7579	-0.1740219	-0.1799238	2.648249	0.3752643	-0.3331713	2.750268	-0.1959163	-0.3283533	2.674292	0.3981378	-0.2553695	2.715605	-0.1445845	-0.2600669	2.647446	0.1679889	0.6129891	2.644418	0.1174283	0.4765623	2.70376	0.1158791	0.3977013	2.716361	0.110695	0.1552986	2.744379	0.10376	-0.1739628	2.771471	0.3014917	0.3579938	2.761404	-0.05214145	0.3840661	2.685619	0.1836087	-0.1768059	2.750648	0.02122352	-0.1654567	2.714254	0.3510301	0.06397358	2.800748	-0.1389091	0.07858291	2.690672	0.1769262	-0.5815521	2.859801	-0.01042088	-0.5081928	2.684106	0.1319804	-0.9881459	2.925845	-0.01034344	-0.8606231	3.10776	

0.372548	-0.1954972	2.756865	-0.1751793	-0.1791531	2.650194	0.3750282	-0.3329885	2.748758	-0.1956524	-0.3290949	2.677862	0.4018919	-0.2407958	2.723608	-0.1420987	-0.25045	2.647042	0.1666309	0.6130604	2.643978	0.1174256	0.4764154	2.7037	0.1158737	0.3976517	2.716292	0.1106682	0.1554791	2.744221	0.1035556	-0.1728479	2.77098	0.3013968	0.3581328	2.760273	-0.05299101	0.3842071	2.687089	0.1834706	-0.1755626	2.749364	0.02091002	-0.1644481	2.714294	0.3516198	0.06420651	2.799082	-0.1389481	0.07886668	2.694399	0.1767783	-0.5815396	2.859538	-0.01111715	-0.5070657	2.683204	0.1320758	-0.9885353	2.926118	-0.001605107	-0.86153	3.105957	

0.3730991	-0.1956483	2.756062	-0.1755224	-0.1789602	2.652762	0.3767531	-0.3320653	2.744602	-0.1938482	-0.327002	2.672239	0.4043859	-0.2306219	2.727167	-0.1433535	-0.2455087	2.652572	0.1656142	0.6130368	2.643649	0.1173042	0.4762802	2.703768	0.115803	0.3975745	2.716319	0.1106689	0.1555017	2.744182	0.103646	-0.1727294	2.770906	0.3015534	0.3583343	2.759418	-0.05379989	0.3842758	2.688685	0.1836943	-0.175537	2.748883	0.02100846	-0.1640947	2.714713	0.3522577	0.06407926	2.797308	-0.1385682	0.07893045	2.696381	0.1764629	-0.5811515	2.858488	-0.00772278	-0.5084862	2.686903	0.1320876	-0.9888481	2.92637	0.01400211	-0.8627578	3.11095	

0.373515	-0.1956368	2.755525	-0.175756	-0.1787237	2.65416	0.3769801	-0.3323002	2.746503	-0.1965146	-0.3263943	2.678691	0.4060548	-0.2217442	2.732	-0.1421023	-0.2475669	2.656625	0.165009	0.6127875	2.643628	0.1173505	0.4759073	2.704085	0.11583	0.397326	2.71653	0.1106684	0.1555005	2.744169	0.1036111	-0.1726377	2.770807	0.3016774	0.3586133	2.758734	-0.05455602	0.3848005	2.69115	0.183677	-0.1756221	2.748446	0.02083055	-0.1636675	2.714967	0.3526222	0.06415431	2.795532	-0.1386138	0.07900446	2.698312	0.1762685	-0.5808727	2.85773	-0.004701472	-0.5116093	2.689329	0.1322887	-0.9888659	2.926582	0.01730386	-0.8647202	3.115041	

0.3737009	-0.1960179	2.755353	-0.1757302	-0.1783663	2.656584	0.3759789	-0.3334738	2.751826	-0.1939397	-0.3290259	2.682478	0.4012693	-0.2487548	2.720207	-0.1417205	-0.2428636	2.658296	0.1643294	0.612736	2.643496	0.1174705	0.4757617	2.704299	0.115916	0.3972366	2.716672	0.1106947	0.155542	2.744168	0.1035824	-0.1724963	2.7707	0.3017027	0.3590643	2.757709	-0.05509048	0.3848	2.692595	0.1837089	-0.175523	2.74782	0.02067525	-0.16335	2.715281	0.3531575	0.06382265	2.794724	-0.1385617	0.07944735	2.699615	0.1760865	-0.5809134	2.857465	-0.002945739	-0.5129831	2.691034	0.1327155	-0.9889601	2.927087	0.01996672	-0.8658382	3.117157	

0.3745946	-0.1960085	2.754226	-0.1748936	-0.1760062	2.659948	0.3764781	-0.3351282	2.753926	-0.1956443	-0.3253599	2.686326	0.4008937	-0.2690215	2.704154	-0.1463383	-0.2857506	2.67925	0.1642262	0.6130497	2.643468	0.1185954	0.4757328	2.704715	0.1168162	0.3972861	2.717003	0.1111303	0.1558487	2.744296	0.1036267	-0.1720749	2.770643	0.3024105	0.3589137	2.75718	-0.05376881	0.3860164	2.694615	0.1837695	-0.1754367	2.747661	0.02063331	-0.1624971	2.715515	0.3536877	0.06371968	2.793684	-0.1380825	0.08185366	2.702478	0.1757981	-0.5806769	2.857171	-0.003221678	-0.5121742	2.690979	0.1328124	-0.9885811	2.928051	0.01673983	-0.8674486	3.115461	

0.3761107	-0.195851	2.752668	-0.1744863	-0.1745974	2.661885	0.3736572	-0.3334092	2.742931	-0.1920281	-0.3205042	2.678984	0.3962032	-0.2650755	2.697313	-0.1425824	-0.2473496	2.65665	0.1643845	0.6134089	2.643623	0.1200657	0.475493	2.704768	0.1180144	0.397204	2.717057	0.1117412	0.156201	2.744315	0.1037425	-0.1713044	2.770606	0.3036	0.359644	2.756579	-0.05265893	0.3869569	2.695922	0.183881	-0.1752046	2.747482	0.02067562	-0.1612119	2.715785	0.3541905	0.06365396	2.792888	-0.1370036	0.08315054	2.704108	0.1755448	-0.5802966	2.856885	-0.003652088	-0.5112672	2.690323	0.1333137	-0.9875567	2.928704	0.01145767	-0.8665277	3.114144	

0.3772948	-0.1957576	2.751719	-0.1741066	-0.1734765	2.664664	0.3797228	-0.3333678	2.74267	-0.1924226	-0.325666	2.691981	0.3998089	-0.2650411	2.702662	-0.1428806	-0.2535543	2.659762	0.1650642	0.6139202	2.643575	0.1223085	0.4755629	2.705678	0.1198362	0.3974024	2.717818	0.1125456	0.1567854	2.744695	0.1036793	-0.1704114	2.770693	0.3047967	0.3601659	2.756421	-0.05124337	0.3876541	2.696526	0.1838811	-0.1749256	2.747384	0.02050643	-0.1598145	2.716183	0.3544757	0.06355244	2.7926	-0.1361087	0.08428731	2.705745	0.1751213	-0.5799915	2.856614	-0.01208082	-0.5056214	2.681436	0.1337422	-0.9865032	2.930877	0.00761272	-0.8608877	3.104612	

0.3786149	-0.1962606	2.75084	-0.1746321	-0.1731624	2.665328	0.3756446	-0.3344282	2.743666	-0.1961503	-0.3141969	2.687804	0.4085397	-0.2447141	2.717833	-0.1442479	-0.2554387	2.662869	0.1676666	0.6142468	2.643759	0.1266024	0.4763023	2.706642	0.1233201	0.3981877	2.718725	0.1139857	0.1577708	2.745347	0.1034639	-0.169338	2.771128	0.3071423	0.3611096	2.756679	-0.04867282	0.3891495	2.697191	0.183771	-0.1747088	2.747391	0.02024867	-0.1577748	2.717279	0.3551836	0.06291894	2.792747	-0.1358313	0.08454899	2.706202	0.1745155	-0.5798107	2.856802	-0.01555338	-0.5027749	2.677992	0.1340217	-0.9865157	2.93039	-0.02153551	-0.8647793	3.095996	

0.3806795	-0.1966224	2.748844	-0.1756473	-0.1721725	2.665513	0.3769363	-0.3398048	2.746456	-0.2003282	-0.3086035	2.683506	0.4059714	-0.2523773	2.710746	-0.1167463	-0.225407	2.6739	0.1706507	0.6149503	2.643896	0.1290151	0.4761408	2.706702	0.1252729	0.3981655	2.718835	0.1146572	0.1580994	2.745484	0.1030371	-0.1686179	2.771307	0.3098721	0.3618937	2.757355	-0.04532841	0.3905101	2.69721	0.1835057	-0.1746036	2.747486	0.01969467	-0.1563443	2.717458	0.355692	0.06224934	2.792861	-0.1356869	0.08542317	2.706735	0.1740537	-0.5795683	2.856746	-0.01662668	-0.5012068	2.676479	0.1341288	-0.986256	2.930326	-0.02858175	-0.8640824	3.093522	

0.3816121	-0.1967158	2.748275	-0.1762729	-0.1687492	2.665146	0.3790711	-0.3407554	2.750884	-0.2009855	-0.313667	2.6903	0.4074535	-0.2605018	2.708294	-0.1398199	-0.2360461	2.658316	0.1739588	0.6149219	2.643994	0.1311448	0.4762241	2.707141	0.1271105	0.3983383	2.719269	0.115498	0.1585801	2.745841	0.1027192	-0.1678416	2.771598	0.3117572	0.3620857	2.757765	-0.04166016	0.3916107	2.697757	0.1833131	-0.17448	2.747491	0.01933952	-0.1548452	2.718153	0.356261	0.06207196	2.793174	-0.1345352	0.08850169	2.707567	0.1727514	-0.578426	2.856307	-0.01505369	-0.5034366	2.677513	0.1345438	-0.9849367	2.930108	-0.04707517	-0.8669423	3.092513	

0.382272	-0.1978203	2.748476	-0.1773707	-0.1678347	2.664309	0.3828532	-0.3422759	2.751074	-0.2037709	-0.3069412	2.6781	0.4067103	-0.2628638	2.710248	-0.1218906	-0.2161851	2.679111	0.1784553	0.6148849	2.644942	0.1334053	0.4761319	2.707493	0.1289154	0.3983686	2.71962	0.1160802	0.1589337	2.746126	0.1018888	-0.1668866	2.772012	0.3146352	0.3612639	2.759198	-0.03912152	0.3924612	2.69854	0.1825752	-0.1741256	2.747595	0.01850932	-0.1535011	2.718868	0.3569914	0.06091633	2.794382	-0.1341764	0.08908355	2.708135	0.1712671	-0.5779842	2.856654	-0.01701274	-0.501556	2.676429	0.134797	-0.9844518	2.930315	-0.05262189	-0.8661276	3.089875	

0.3826627	-0.199208	2.748796	-0.1785086	-0.1644849	2.663783	0.3860115	-0.3412553	2.74945	-0.204123	-0.3051013	2.68436	0.4137906	-0.2509624	2.721667	-0.1222907	-0.2088517	2.674417	0.1823685	0.6147078	2.646106	0.1359528	0.4766851	2.708241	0.1309377	0.3989007	2.72029	0.1166808	0.159483	2.746557	0.1007822	-0.166014	2.772416	0.3162632	0.3613297	2.759975	-0.03664927	0.3932903	2.699599	0.1814815	-0.1737393	2.747763	0.01744364	-0.1523832	2.719457	0.3578843	0.05955106	2.795378	-0.1344333	0.09224145	2.708582	0.1709626	-0.5778938	2.856774	-0.01950211	-0.5006262	2.675619	0.1349643	-0.984266	2.930575	-0.0682786	-0.8668942	3.086172	

0.3834352	-0.1998976	2.750473	-0.1801108	-0.1632655	2.662144	0.3879585	-0.3425871	2.750904	-0.2099109	-0.304515	2.678337	0.408457	-0.2754753	2.711176	-0.1244169	-0.21594	2.673974	0.1861656	0.6145728	2.647473	0.140762	0.4770313	2.710301	0.1349487	0.3993267	2.72206	0.1182584	0.160168	2.747516	0.1003102	-0.1653653	2.772679	0.3184225	0.3608926	2.761151	-0.03286973	0.3948518	2.700586	0.1808671	-0.1735976	2.74813	0.01707419	-0.151216	2.719583	0.3581572	0.05910837	2.795391	-0.1341512	0.09301568	2.708494	0.1696462	-0.5772205	2.856693	-0.0211933	-0.5009037	2.674711	0.1350572	-0.9837155	2.930743	-0.08145233	-0.8715581	3.080117	

0.3901277	-0.2100022	2.744965	-0.1827835	-0.1587839	2.657695	0.4023261	-0.3502135	2.757707	-0.2148737	-0.2955243	2.676442	0.4253192	-0.2954361	2.729778	-0.127211	-0.2081631	2.667885	0.1989234	0.6150168	2.653403	0.148672	0.4779314	2.712854	0.1408886	0.4000607	2.724186	0.119538	0.1606254	2.748452	0.09767524	-0.1648277	2.773269	0.3236189	0.3534119	2.761268	-0.02805295	0.3969898	2.701377	0.1772742	-0.1746603	2.749283	0.01476909	-0.1495192	2.719727	0.3608721	0.04839055	2.791752	-0.1329413	0.0964482	2.707271	0.1681187	-0.5766337	2.856627	-0.03698879	-0.4949079	2.667836	0.1351721	-0.9832616	2.930654	-0.1287301	-0.8685845	3.064911	

0.3966337	-0.213026	2.739905	-0.1847007	-0.1537389	2.653225	0.4030423	-0.3572789	2.754115	-0.21719	-0.2840834	2.666885	0.4317617	-0.2586311	2.710318	-0.1310263	-0.2132636	2.65746	0.208392	0.6152908	2.657083	0.1554127	0.4788289	2.716606	0.146187	0.4009822	2.727338	0.1207052	0.1614948	2.749892	0.09329406	-0.1632388	2.773847	0.3256999	0.3506937	2.762341	-0.02263188	0.3995782	2.702626	0.1725273	-0.1747546	2.750445	0.01069661	-0.1463854	2.719594	0.3627876	0.0447285	2.78778	-0.13306	0.1007255	2.706323	0.1646291	-0.573763	2.856552	-0.05236199	-0.4897501	2.660486	0.1357106	-0.9807087	2.93026	-0.1418798	-0.8630675	3.058258	

0.400626	-0.2123597	2.730623	-0.1893107	-0.1519345	2.647576	0.407778	-0.3550276	2.727356	-0.228464	-0.2800236	2.655983	0.436566	-0.2635368	2.688529	-0.1391552	-0.2055923	2.6555	0.2152862	0.6150979	2.661222	0.160175	0.4788738	2.719142	0.1501897	0.4011486	2.729773	0.1218859	0.1620398	2.751697	0.0899552	-0.1623583	2.775213	0.3289311	0.3471984	2.765274	-0.01765468	0.4015082	2.704041	0.1690236	-0.1749921	2.75155	0.007756556	-0.1445825	2.721147	0.3637969	0.04388709	2.786199	-0.1335981	0.1008849	2.705798	0.1611534	-0.570839	2.855915	-0.06087008	-0.4845828	2.654294	0.1362529	-0.9777523	2.929839	-0.1619515	-0.8612762	3.045913	

0.3970284	-0.2111984	2.716985	-0.1923678	-0.1396831	2.641733	0.395052	-0.3491118	2.677167	-0.2292342	-0.2742058	2.637307	0.4193284	-0.2780612	2.646084	-0.146392	-0.2000381	2.653333	0.2197494	0.6136448	2.664282	0.1630104	0.4779053	2.721048	0.152314	0.4003631	2.731453	0.1220479	0.1618126	2.75274	0.08451745	-0.1626741	2.776	0.3308336	0.3389693	2.768605	-0.0153554	0.4022073	2.705663	0.1632518	-0.1765864	2.752146	0.002923189	-0.1439074	2.722016	0.3633884	0.04274218	2.785482	-0.1363818	0.1159223	2.705903	0.1565191	-0.5664269	2.851507	-0.07204763	-0.4864465	2.65106	0.1369589	-0.9722989	2.929029	-0.1919883	-0.8869995	3.012977	

0.394778	-0.2105547	2.713306	-0.1939904	-0.1383667	2.640069	0.3917973	-0.3493145	2.67864	-0.2323612	-0.2737328	2.639661	0.4149185	-0.2783991	2.643813	-0.1477248	-0.2008413	2.64985	0.2210455	0.6129798	2.665466	0.1642824	0.4771528	2.722519	0.1534055	0.3997031	2.732877	0.122161	0.1615521	2.753954	0.08247208	-0.1627321	2.776589	0.3311707	0.3378212	2.769787	-0.01419397	0.4022951	2.706995	0.1610927	-0.1770847	2.752388	0.001093892	-0.1435958	2.722921	0.3632592	0.04258891	2.7855	-0.1367355	0.1160934	2.705906	0.1554044	-0.5658433	2.850656	-0.07607912	-0.4842063	2.642748	0.1370979	-0.9712973	2.928658	-0.1904226	-0.8829154	3.007597	

0.3933125	-0.2104448	2.711802	-0.1946361	-0.1378406	2.63921	0.3851264	-0.3482951	2.675755	-0.2280625	-0.2725391	2.636786	0.4050921	-0.2799691	2.640238	-0.1524233	-0.2190075	2.642684	0.2213716	0.6126267	2.666521	0.1648679	0.4766671	2.723392	0.1539434	0.3992397	2.733758	0.122197	0.1612713	2.754833	0.08129416	-0.1629387	2.776948	0.3312899	0.3367119	2.770305	-0.01401716	0.4021479	2.70734	0.159847	-0.1776314	2.752727	6.90903E-05	-0.1435267	2.72328	0.3625354	0.04212045	2.785804	-0.1375423	0.1169045	2.706213	0.1544344	-0.5648604	2.849011	-0.07801304	-0.4866439	2.643456	0.1368743	-0.9696642	2.928149	-0.1881957	-0.8870045	3.006965	

0.3835108	-0.2154849	2.717728	-0.1953159	-0.1380785	2.639929	0.362722	-0.3517434	2.702244	-0.2310911	-0.2781543	2.647002	0.4003634	-0.252939	2.700417	-0.166889	-0.2071229	2.63281	0.2192256	0.6127003	2.667821	0.1640044	0.4760067	2.725191	0.1532649	0.3987029	2.735262	0.1215983	0.1610817	2.755759	0.08027732	-0.1628811	2.776853	0.3304026	0.3361903	2.771061	-0.01550142	0.4015228	2.708891	0.1587974	-0.1776771	2.752613	-0.0008035269	-0.1433962	2.723197	0.3583595	0.03831894	2.78857	-0.1397731	0.1157672	2.707542	0.1541447	-0.5654305	2.84752	-0.07688072	-0.4923948	2.64216	0.1345487	-0.9701125	2.925248	-0.1697338	-0.9094123	2.991454	

0.3791091	-0.2176911	2.722386	-0.197411	-0.1404091	2.64104	0.3598689	-0.3521523	2.705933	-0.2262953	-0.2803259	2.653818	0.3908941	-0.2658085	2.695846	-0.1570835	-0.2031249	2.647252	0.2164251	0.6125743	2.669189	0.1624639	0.4754431	2.725759	0.1520536	0.3982202	2.73569	0.1208291	0.1608266	2.755904	0.0792305	-0.1630504	2.776079	0.3287229	0.3358687	2.771079	-0.0178748	0.4006175	2.710847	0.1579193	-0.1779188	2.75171	-0.001957403	-0.1435048	2.72254	0.3556281	0.03691597	2.789872	-0.1414425	0.1135895	2.708571	0.1536076	-0.5656797	2.845158	-0.07390007	-0.4978152	2.641284	0.133264	-0.9702974	2.921644	-0.1646213	-0.9147538	2.990528	

0.3755412	-0.2198068	2.729958	-0.1987539	-0.1412082	2.643825	0.3636783	-0.3539405	2.728951	-0.2302558	-0.2889166	2.658813	0.3875512	-0.2696101	2.704161	-0.1711737	-0.1973067	2.6419	0.2110247	0.6127858	2.66992	0.1597726	0.4751008	2.725887	0.1498789	0.3979335	2.735744	0.1195784	0.1607527	2.75577	0.07824968	-0.1629398	2.77512	0.326954	0.3363577	2.770717	-0.02044896	0.399836	2.712267	0.157018	-0.1777014	2.750579	-0.002951786	-0.1435095	2.721735	0.3532037	0.03613694	2.791239	-0.1435305	0.1091709	2.710913	0.1528915	-0.5665604	2.842803	-0.0707731	-0.4998291	2.640299	0.1326746	-0.9704677	2.920719	-0.1497555	-0.9186674	2.987881	

0.3724818	-0.2206984	2.737558	-0.2005503	-0.1430031	2.648371	0.3629856	-0.3546701	2.740415	-0.2297842	-0.2854482	2.662632	0.3891726	-0.2733506	2.714	-0.1523112	-0.2303345	2.654334	0.2042187	0.6134979	2.670823	0.1540937	0.4746376	2.725378	0.1452012	0.3976103	2.73524	0.1171513	0.1608552	2.755257	0.0773101	-0.1625046	2.774061	0.3244386	0.3371564	2.769406	-0.0239976	0.3991987	2.71469	0.156233	-0.1770642	2.748874	-0.004002956	-0.1432348	2.721138	0.3514162	0.03645606	2.792565	-0.1449741	0.1078311	2.712405	0.1517593	-0.5671421	2.838794	-0.0657751	-0.5021082	2.63877	0.1322519	-0.9702032	2.920388	-0.1388077	-0.9183182	2.985882	

0.3718194	-0.2208139	2.74314	-0.2021956	-0.1459845	2.651684	0.3657091	-0.3525194	2.744558	-0.2294679	-0.2855893	2.667082	0.3978108	-0.2854904	2.734	-0.1705533	-0.2181358	2.648556	0.1939743	0.6146538	2.669375	0.1487379	0.4748356	2.723758	0.1404564	0.3978345	2.733722	0.1141879	0.1612663	2.754	0.07610902	-0.1618755	2.77252	0.3199196	0.3401106	2.765849	-0.02840872	0.3991142	2.715864	0.1550472	-0.1759902	2.745915	-0.005126403	-0.1429308	2.720531	0.3501862	0.03712301	2.793086	-0.1470029	0.1049137	2.715144	0.1503031	-0.568995	2.833437	-0.05843959	-0.5059651	2.637541	0.1315254	-0.9709961	2.91938	-0.1174115	-0.9113311	2.979037	

0.3728292	-0.2213794	2.751714	-0.2028852	-0.1472769	2.656252	0.3622591	-0.3557404	2.770545	-0.2296438	-0.2867089	2.671454	0.3932365	-0.2645203	2.7364	-0.1741403	-0.231883	2.654214	0.1838081	0.6169267	2.667236	0.143953	0.4758191	2.722733	0.1362018	0.3986923	2.732707	0.1115352	0.1618878	2.753024	0.07525354	-0.1614407	2.771327	0.3149185	0.3444869	2.760885	-0.03600886	0.3984351	2.718517	0.1543117	-0.1752213	2.743945	-0.005993352	-0.1427837	2.719991	0.3492252	0.0375419	2.793167	-0.1481899	0.1042264	2.717592	0.1490658	-0.5736887	2.828994	-0.05261566	-0.5090832	2.636887	0.1309633	-0.9746044	2.919113	-0.1064111	-0.9154756	2.978426	

0.3727215	-0.2211736	2.760618	-0.2026368	-0.1489624	2.660375	0.36687	-0.3491185	2.767474	-0.2195029	-0.2924595	2.675686	0.4009106	-0.261454	2.752	-0.166306	-0.2241992	2.653533	0.1753429	0.6186115	2.664947	0.1395998	0.4758747	2.720857	0.1324808	0.3987978	2.731039	0.1095993	0.1621487	2.751903	0.07503046	-0.1610872	2.770477	0.3097933	0.3472127	2.755728	-0.04071026	0.3981999	2.719142	0.1545061	-0.1741068	2.741504	-0.00631549	-0.1427882	2.719901	0.3484772	0.03854468	2.792933	-0.1501927	0.1027551	2.723011	0.1485862	-0.5776504	2.821891	-0.04860198	-0.512275	2.637762	0.1302473	-0.9766563	2.918832	-0.09407202	-0.920877	2.976044	

0.3745454	-0.219842	2.765831	-0.2019162	-0.1500225	2.666744	0.368759	-0.3433014	2.781622	-0.2229847	-0.2978169	2.681532	0.4029644	-0.264003	2.7518	-0.1647393	-0.2172488	2.668833	0.1657411	0.6205512	2.663106	0.1335399	0.4765323	2.719359	0.1272105	0.3994504	2.729655	0.1066836	0.1628017	2.75086	0.074628	-0.1605602	2.769734	0.3034073	0.3535017	2.749248	-0.04761643	0.3975244	2.721151	0.1544476	-0.172406	2.738657	-0.006986572	-0.1427795	2.72014	0.3479553	0.03999118	2.792716	-0.1515074	0.1025309	2.727235	0.1481436	-0.5807333	2.815856	-0.04357345	-0.5184218	2.640079	0.1294969	-0.9783031	2.917623	-0.0808981	-0.9270322	2.973794	

0.3764452	-0.2168732	2.771297	-0.1967251	-0.1599345	2.692654	0.369212	-0.3376786	2.801431	-0.2036759	-0.3162557	2.705416	0.400526	-0.2610334	2.75216	-0.1307092	-0.2139006	2.672818	0.1315327	0.6205727	2.656437	0.1197927	0.4758642	2.714764	0.1152792	0.3989925	2.725506	0.09999086	0.1629335	2.747973	0.07353865	-0.1600804	2.768228	0.2927598	0.3573578	2.738672	-0.06714427	0.3920831	2.728402	0.1535549	-0.1702639	2.733619	-0.008579242	-0.1433256	2.720567	0.3471533	0.04299203	2.789498	-0.1529601	0.09600315	2.739856	0.1482993	-0.5838668	2.807234	-0.03937022	-0.5295581	2.643685	0.1294252	-0.9792929	2.915885	-0.05972358	-0.9516696	2.967425	

0.378438	-0.2097456	2.769218	-0.1913585	-0.1638373	2.70718	0.3654478	-0.3287051	2.785728	-0.1976352	-0.3259248	2.724323	0.4036227	-0.2400378	2.748333	-0.1333224	-0.2275626	2.675	0.119657	0.620738	2.652351	0.1125436	0.4760275	2.712457	0.108521	0.3991591	2.72321	0.09526414	0.1631952	2.745838	0.07251091	-0.1596542	2.766626	0.2834421	0.3603956	2.727759	-0.07769581	0.3881361	2.732177	0.1526753	-0.1681259	2.728067	-0.01002473	-0.1440589	2.721308	0.3456584	0.04984885	2.78021	-0.152358	0.09418441	2.743627	0.14864	-0.5842695	2.804523	-0.03929561	-0.5299092	2.643492	0.1294483	-0.9792222	2.914608	-0.05689707	-0.9558815	2.968183	

0.3789253	-0.2043611	2.76716	-0.1901293	-0.16523	2.715665	0.3681543	-0.3275049	2.776631	-0.2062451	-0.3199732	2.743743	0.3971623	-0.2668183	2.729125	-0.1419902	-0.2468957	2.700125	0.1129037	0.6208941	2.650812	0.1082294	0.4764859	2.710757	0.1043096	0.39953	2.721557	0.09164833	0.1633709	2.744318	0.07111102	-0.1595381	2.765395	0.2792815	0.3619579	2.721984	-0.08023283	0.387	2.73315	0.1515393	-0.1673769	2.724837	-0.01230575	-0.145043	2.722512	0.3444387	0.05495849	2.772543	-0.1515501	0.09320251	2.74833	0.1488174	-0.5845289	2.803533	-0.03875126	-0.5394462	2.650007	0.1294521	-0.9794898	2.913563	-0.05628518	-0.9564455	2.968681	

0.3789819	-0.1976809	2.746382	-0.1881164	-0.1678329	2.733561	0.3630114	-0.3156832	2.748365	-0.1940684	-0.3257895	2.773947	0.4054712	-0.2307316	2.71945	-0.1461338	-0.2460678	2.720111	0.1025654	0.6222934	2.648713	0.1025468	0.4767885	2.707203	0.09957428	0.3998952	2.718575	0.0893537	0.1638549	2.742723	0.07103064	-0.1590419	2.764778	0.2747675	0.3669401	2.714205	-0.08258253	0.3865371	2.733827	0.151824	-0.1656387	2.722525	-0.01247088	-0.145221	2.7231	0.3430499	0.06161255	2.759727	-0.1502816	0.09136994	2.753983	0.1488238	-0.584173	2.803127	-0.04216569	-0.5319612	2.645534	0.1294017	-0.9791328	2.913158	-0.05614509	-0.9546913	2.967749	

0.3769779	-0.1894464	2.715438	-0.1887127	-0.1689824	2.745582	0.3606329	-0.3123628	2.717286	-0.1923676	-0.3192982	2.782543	0.3935364	-0.2458175	2.67188	-0.1325181	-0.1858644	2.6955	0.09676659	0.6227382	2.645723	0.1001157	0.4769732	2.705728	0.0973351	0.4001151	2.717245	0.08791038	0.1641764	2.741875	0.0709156	-0.1586904	2.764461	0.2720752	0.3686013	2.709831	-0.08519777	0.3854998	2.734395	0.1519818	-0.1645688	2.720901	-0.01286202	-0.1453936	2.724345	0.3425284	0.06945993	2.745779	-0.1501321	0.09013322	2.760856	0.1489712	-0.5835923	2.803671	-0.04469262	-0.5316304	2.645513	0.1293999	-0.9788018	2.912911	-0.05946973	-0.9536651	2.965557	

0.3718675	-0.1780598	2.659072	-0.1899995	-0.169215	2.766221	0.3574022	-0.3004791	2.656147	-0.2049903	-0.3205764	2.800704	0.3951007	-0.2080795	2.634634	-0.1524322	-0.2520851	2.7486	0.09128768	0.6222235	2.64203	0.09703942	0.4768656	2.703325	0.09471627	0.400036	2.715337	0.08663078	0.1641986	2.741176	0.07091592	-0.1586389	2.76447	0.2691756	0.3709863	2.703342	-0.08772816	0.3844303	2.734822	0.1520551	-0.1642631	2.720556	-0.01286621	-0.1459884	2.726352	0.342617	0.0768506	2.723883	-0.1504329	0.08944976	2.766941	0.1491789	-0.5819657	2.804002	-0.04811485	-0.5279199	2.642879	0.1294964	-0.9774086	2.912521	-0.06381259	-0.9545419	2.963871	

0.3714463	-0.1762552	2.656821	-0.1903482	-0.1693422	2.769075	0.3489557	-0.3056554	2.640564	-0.2036462	-0.3215676	2.801079	0.3891876	-0.2449518	2.6026	-0.1606259	-0.2576459	2.7598	0.08835011	0.6218969	2.639003	0.09619868	0.4763821	2.701751	0.0938494	0.3996259	2.71401	0.08586851	0.1640142	2.740553	0.07083496	-0.158597	2.764479	0.2686753	0.3709975	2.701161	-0.08837734	0.3841959	2.734757	0.1520006	-0.1640672	2.720162	-0.01335124	-0.1464878	2.727977	0.3421586	0.0791301	2.719337	-0.1505875	0.08927433	2.769503	0.1492697	-0.5816381	2.804335	-0.04950327	-0.5258753	2.641122	0.1294907	-0.9772176	2.912414	-0.06612142	-0.9532878	2.961903	

0.3699464	-0.1741499	2.651035	-0.1909522	-0.1717484	2.771535	0.3435926	-0.3047914	2.63729	-0.2047823	-0.3125724	2.797709	0.3806371	-0.2424332	2.587315	-0.1543569	-0.2324207	2.770833	0.08698329	0.6215106	2.637206	0.09600623	0.4762478	2.701266	0.09363671	0.3995355	2.713542	0.08565906	0.1640653	2.740199	0.07093334	-0.1583012	2.764325	0.2682384	0.3712137	2.699074	-0.08946153	0.3835026	2.734361	0.152354	-0.1633464	2.719466	-0.01327498	-0.1464899	2.728286	0.3420828	0.08130853	2.714103	-0.1509042	0.08683237	2.77246	0.1493905	-0.581136	2.804679	-0.04973922	-0.5265746	2.641713	0.1294884	-0.9768615	2.912285	-0.06740359	-0.9530137	2.961922	

0.3650796	-0.1695678	2.634777	-0.1911215	-0.1725263	2.772395	0.3379198	-0.2957217	2.608572	-0.2068433	-0.3133177	2.803644	0.3808012	-0.2402894	2.577867	-0.160319	-0.2306064	2.772895	0.08573978	0.6208472	2.635037	0.09571348	0.4759902	2.700434	0.09336878	0.3993354	2.712801	0.08551493	0.1640308	2.739776	0.07114523	-0.1581253	2.764201	0.2682098	0.3711467	2.697792	-0.08983631	0.3833857	2.734353	0.1527996	-0.1629365	2.718976	-0.013031	-0.1465871	2.728616	0.3424726	0.08358755	2.710525	-0.151007	0.08606274	2.773829	0.1495444	-0.5811045	2.804724	-0.04766308	-0.5314521	2.645084	0.129523	-0.9768651	2.912201	-0.0678912	-0.9531739	2.962137	

0.3624528	-0.167618	2.63069	-0.1911715	-0.1731316	2.773109	0.335204	-0.29383	2.607575	-0.2035632	-0.3191443	2.803627	0.373696	-0.2207697	2.572536	-0.1604787	-0.2403444	2.768376	0.08531453	0.6202922	2.633497	0.09579473	0.4754475	2.69927	0.09341851	0.3988788	2.711825	0.08553234	0.1638265	2.739329	0.071354	-0.1580983	2.764169	0.2680975	0.3710431	2.69628	-0.09062919	0.383032	2.734342	0.1532302	-0.1627789	2.718589	-0.01262413	-0.1469756	2.729342	0.3426317	0.08525299	2.70855	-0.1510415	0.08546209	2.774782	0.1496944	-0.5807504	2.804618	-0.04616835	-0.5321139	2.64589	0.1295916	-0.9765331	2.912019	-0.06748886	-0.9531389	2.964861	

0.3604552	-0.1657631	2.627286	-0.1913246	-0.1737196	2.773143	0.3430237	-0.2879523	2.612607	-0.2035739	-0.3189062	2.793483	0.3556695	-0.220621	2.564031	-0.161735	-0.2436741	2.770177	0.08483704	0.6198576	2.632644	0.09598525	0.4750377	2.698798	0.09358845	0.3985309	2.711438	0.08565847	0.1636622	2.739182	0.07187188	-0.1580751	2.764326	0.2683232	0.3708144	2.694591	-0.09074338	0.3828667	2.733613	0.1537947	-0.1626783	2.718558	-0.01188053	-0.1473637	2.730245	0.3426431	0.08689557	2.706592	-0.1512441	0.08489543	2.775198	0.1501435	-0.5811305	2.80494	-0.04319347	-0.5324529	2.647269	0.1295741	-0.9769815	2.912044	-0.06604419	-0.9546124	2.972094	

0.3583949	-0.165234	2.62731	-0.1915365	-0.1744652	2.77297	0.3414053	-0.282445	2.612244	-0.1970689	-0.3230546	2.78526	0.3731896	-0.2385183	2.573867	-0.1645193	-0.2256848	2.763215	0.08395039	0.6194106	2.631414	0.09597408	0.4749239	2.698508	0.09361458	0.3984137	2.711143	0.08582531	0.1635527	2.738902	0.07281852	-0.1580623	2.764118	0.2682316	0.3705113	2.69393	-0.09114765	0.3825077	2.733477	0.1549998	-0.1625078	2.717863	-0.01098653	-0.1477208	2.730676	0.3423863	0.08775918	2.705869	-0.1513818	0.08413738	2.775091	0.1504537	-0.5810865	2.804825	-0.04022292	-0.5321807	2.649408	0.1299828	-0.9769337	2.911958	-0.05879498	-0.939969	2.995454	

0.3568348	-0.1651115	2.628838	-0.1919715	-0.1769142	2.772634	0.3435095	-0.2821602	2.613923	-0.2043709	-0.322525	2.780813	0.373485	-0.2397642	2.580353	-0.1686427	-0.2483708	2.762666	0.08339313	0.6191282	2.630372	0.09562232	0.4748422	2.698174	0.09339486	0.3983573	2.710852	0.08587173	0.1635564	2.7387	0.07388069	-0.1577477	2.763922	0.2681395	0.3703899	2.693446	-0.09157936	0.3822231	2.733133	0.1560987	-0.1620663	2.717463	-0.01006235	-0.1477259	2.730893	0.342043	0.08851322	2.705297	-0.1514066	0.08159938	2.774476	0.1512064	-0.581022	2.804398	-0.03734314	-0.5294203	2.650516	0.130004	-0.9767281	2.911867	-0.04869706	-0.9226003	3.010587	

0.3556917	-0.1658981	2.633782	-0.1920756	-0.177156	2.771799	0.3480647	-0.2834512	2.623875	-0.2038341	-0.3225552	2.772346	0.3867093	-0.2183975	2.613334	-0.1614496	-0.2086476	2.769	0.08280769	0.6190369	2.63006	0.0952653	0.4747256	2.697584	0.09318566	0.3982769	2.710367	0.08597434	0.1635624	2.73845	0.07498155	-0.1574311	2.763899	0.2680902	0.3704884	2.693305	-0.09168639	0.3822044	2.732954	0.1572908	-0.1615639	2.717255	-0.009091106	-0.1477517	2.731247	0.3420055	0.08904612	2.705137	-0.1513059	0.08135261	2.774311	0.1520637	-0.580885	2.803684	-0.03534739	-0.5173616	2.64601	0.1301625	-0.9763016	2.911962	-0.04575876	-0.9128183	3.027679	

0.3692788	-0.1715679	2.662426	-0.1942292	-0.1819848	2.770486	0.3793133	-0.2858035	2.662724	-0.2331784	-0.3364013	2.796378	0.4115239	-0.2040294	2.643071	-0.1822972	-0.264546	2.750187	0.08250223	0.6191301	2.628947	0.09481909	0.4745296	2.696668	0.09299735	0.398128	2.709444	0.08672022	0.1635673	2.737248	0.07871979	-0.1568042	2.762136	0.2681138	0.370618	2.69329	-0.09238211	0.3816273	2.731327	0.1610699	-0.1603606	2.715775	-0.005729923	-0.1480032	2.729638	0.3432241	0.0868877	2.708784	-0.1515269	0.07618441	2.773054	0.154814	-0.5792039	2.800771	-0.03311468	-0.4857577	2.629231	0.1305248	-0.9737149	2.911506	-0.02408072	-0.8471515	3.042139	

0.3731911	-0.1738216	2.668208	-0.1979812	-0.1818038	2.77097	0.3895943	-0.2889533	2.672228	-0.2485403	-0.335127	2.801901	0.4129828	-0.2298943	2.621067	-0.1897787	-0.2505896	2.759105	0.08212988	0.6194091	2.627832	0.09455214	0.4746894	2.696012	0.09289929	0.3982982	2.708783	0.08723253	0.1638469	2.736502	0.08049253	-0.1561964	2.761471	0.268192	0.3707604	2.693144	-0.0929513	0.3814836	2.730267	0.1628343	-0.1594769	2.715022	-0.004078003	-0.1478279	2.729234	0.3449591	0.0844118	2.713712	-0.1515865	0.07559298	2.772463	0.1563213	-0.5781312	2.798651	-0.03323911	-0.4844226	2.629037	0.1308653	-0.9719425	2.911341	-0.02392	-0.8459111	3.041867	

0.378792	-0.1752847	2.672129	-0.2081993	-0.1814177	2.773337	0.4095986	-0.287863	2.679536	-0.2691585	-0.3347683	2.812115	0.4276213	-0.2267284	2.627706	-0.204402	-0.2543488	2.762	0.08220546	0.6193416	2.627479	0.09413607	0.4747393	2.695444	0.09266312	0.3983733	2.708194	0.08755285	0.164045	2.735777	0.08182472	-0.1556889	2.760631	0.2684582	0.3713552	2.693129	-0.09326571	0.3814792	2.729038	0.16408	-0.1587905	2.714347	-0.002750128	-0.1476505	2.72838	0.3465654	0.08238786	2.71796	-0.1527907	0.0740208	2.772446	0.1574055	-0.5776593	2.798186	-0.03343352	-0.4830335	2.628872	0.131155	-0.9712034	2.911546	-0.02398862	-0.8437564	3.042348	

0.3894183	-0.1752606	2.678736	-0.2222032	-0.178077	2.775672	0.4254564	-0.28769	2.685108	-0.2947303	-0.3281945	2.817232	0.4417915	-0.2169779	2.63915	-0.2244267	-0.2711267	2.766111	0.08235423	0.6194547	2.627153	0.09408946	0.4746393	2.694114	0.09278326	0.3983634	2.706855	0.08825193	0.1643381	2.734514	0.08311672	-0.1549457	2.759754	0.2689011	0.3721328	2.693673	-0.09354206	0.3814759	2.728157	0.1652178	-0.157998	2.713648	-0.001386422	-0.1471113	2.727454	0.3493031	0.08144461	2.723166	-0.1535092	0.07396674	2.772677	0.1585105	-0.5765382	2.797357	-0.03338664	-0.4825824	2.628979	0.1313784	-0.969733	2.911621	-0.0247015	-0.8425979	3.043063	

0.4032025	-0.1747921	2.68311	-0.2357372	-0.174327	2.776734	0.4438675	-0.2904057	2.691787	-0.3137564	-0.3218229	2.820768	0.458736	-0.2199772	2.642071	-0.2401724	-0.258067	2.768357	0.08290768	0.6196373	2.626206	0.09441606	0.4747278	2.692544	0.0931954	0.3985392	2.705295	0.08894028	0.1647812	2.733166	0.08385737	-0.1542355	2.758969	0.2693055	0.3727157	2.693826	-0.09374528	0.3814737	2.726996	0.1658366	-0.1573038	2.71299	-0.0005654585	-0.1465044	2.72664	0.3530036	0.08017031	2.727098	-0.156447	0.07453419	2.772602	0.1590492	-0.5757526	2.796831	-0.03360851	-0.482324	2.629254	0.1316313	-0.968704	2.911782	-0.02505465	-0.8420774	3.04356	

0.4637971	-0.1618043	2.699759	-0.3101785	-0.1544968	2.7871	0.4832004	-0.2936835	2.707894	-0.392244	-0.2806847	2.827976	0.5016475	-0.2103028	2.673174	-0.3164922	-0.2382244	2.772571	0.08616872	0.619929	2.624181	0.09516057	0.4747539	2.691335	0.0938227	0.3986329	2.704112	0.08926465	0.1650621	2.732166	0.08371564	-0.1537612	2.758304	0.2712338	0.3728909	2.695374	-0.0933128	0.3817225	2.72395	0.1657508	-0.1570598	2.712755	-0.0007450764	-0.1458247	2.725429	0.368391	0.08037549	2.736474	-0.1941011	0.07841504	2.774063	0.1591353	-0.5754896	2.797069	-0.0343028	-0.4824981	2.62934	0.1319498	-0.9684619	2.912008	-0.03079179	-0.8419356	3.043974	

0.4643343	-0.1623864	2.70004	-0.3166757	-0.1518526	2.786739	0.4964269	-0.2918885	2.71024	-0.4134787	-0.2772749	2.841065	0.5102552	-0.2186489	2.663375	-0.3338924	-0.2328079	2.772889	0.08805463	0.6198785	2.623296	0.09610946	0.4748989	2.690346	0.09466957	0.398784	2.703086	0.08982883	0.165241	2.731121	0.08378387	-0.1535604	2.757439	0.272229	0.3728385	2.695592	-0.09325457	0.3814441	2.722229	0.1658343	-0.1569137	2.71212	-0.000696725	-0.1456228	2.724431	0.3761322	0.08232134	2.739035	-0.1980451	0.07967057	2.772992	0.1596647	-0.5744299	2.798246	-0.03450079	-0.4824178	2.629251	0.1320763	-0.967856	2.911762	-0.03304165	-0.841484	3.044204	

0.4723878	-0.1615173	2.702967	-0.3396708	-0.1433938	2.787624	0.5104282	-0.2984656	2.718453	-0.4382825	-0.268182	2.848302	0.5164895	-0.2060439	2.668556	-0.3574481	-0.218554	2.769167	0.09022446	0.619409	2.621256	0.09655602	0.4747075	2.689286	0.0951031	0.3986525	2.702033	0.09022398	0.1652948	2.730169	0.08398866	-0.1533012	2.756769	0.2737607	0.3728251	2.696178	-0.09306744	0.3817993	2.719599	0.1659465	-0.1567929	2.711922	-0.000394893	-0.145242	2.723104	0.3822969	0.08264419	2.740348	-0.2107794	0.08208577	2.770655	0.1596356	-0.5736774	2.801755	-0.03427435	-0.482261	2.629306	0.1323661	-0.9680303	2.912514	-0.0367072	-0.8425991	3.043195	

0.477005	-0.1605996	2.70503	-0.3455611	-0.1407668	2.78667	0.5171822	-0.294784	2.718949	-0.4431576	-0.2613878	2.847607	0.5271217	-0.2144841	2.670727	-0.3659154	-0.2124172	2.767563	0.09206691	0.6192116	2.620153	0.09710437	0.474613	2.687956	0.09555984	0.3985865	2.700798	0.09044503	0.1653104	2.729266	0.08391126	-0.1532101	2.756304	0.2740494	0.3727635	2.696235	-0.09315505	0.3819204	2.718052	0.1659185	-0.1567665	2.711803	-0.0005233703	-0.1450956	2.722214	0.3841943	0.08258468	2.741708	-0.215715	0.08409614	2.769268	0.1599205	-0.5728692	2.806606	-0.03328117	-0.4800289	2.629032	0.1326969	-0.9684778	2.913435	-0.03972708	-0.8422005	3.041356	

0.47874	-0.1610617	2.706672	-0.3501759	-0.1382985	2.78431	0.511039	-0.296375	2.723676	-0.4466094	-0.2616609	2.829046	0.5234042	-0.2205677	2.669476	-0.371292	-0.2101679	2.760154	0.09351773	0.6191086	2.618113	0.09777007	0.4746671	2.686399	0.09615803	0.3986464	2.699461	0.09085067	0.1653863	2.728542	0.08402248	-0.1531462	2.756177	0.2744605	0.372531	2.696508	-0.09322287	0.3825655	2.716262	0.1659507	-0.1567582	2.711824	-0.00025007	-0.144926	2.721744	0.3852253	0.0818729	2.743023	-0.2199361	0.086535	2.768385	0.1600446	-0.5716473	2.820432	-0.03349098	-0.4796529	2.628732	0.1327124	-0.9710249	2.914452	-0.04116167	-0.8427004	3.040299	

0.4736838	-0.1648037	2.708252	-0.3519936	-0.1380717	2.777146	0.4794292	-0.3016816	2.7132	-0.4385275	-0.2661084	2.797945	0.4977698	-0.2262103	2.665167	-0.3624123	-0.2208536	2.7476	0.09426759	0.6193125	2.617355	0.09710653	0.4744761	2.684705	0.09570706	0.3984855	2.698294	0.09079998	0.1653304	2.728398	0.08411851	-0.153214	2.756625	0.27424	0.3719079	2.697076	-0.09398303	0.3827036	2.711576	0.1659855	-0.157055	2.713888	-0.0001896315	-0.1449335	2.721744	0.3815404	0.07828461	2.748116	-0.2209646	0.08697339	2.766879	0.1636778	-0.5708271	2.839862	-0.03181408	-0.4775981	2.629979	0.1323093	-0.9746798	2.914977	-0.04205133	-0.8359958	3.045387	

0.4640814	-0.1690986	2.709666	-0.3499902	-0.1420707	2.769242	0.4590146	-0.3080871	2.715538	-0.4285405	-0.2795065	2.803269	0.4829749	-0.232616	2.66615	-0.3493611	-0.2291243	2.737545	0.09473681	0.6190819	2.615885	0.09492724	0.473566	2.682368	0.09401751	0.3977315	2.69644	0.09031473	0.165013	2.727844	0.08414853	-0.1532662	2.756728	0.2736598	0.3714997	2.697567	-0.09580071	0.3821817	2.707072	0.166035	-0.1571024	2.714643	-0.0001377278	-0.1450428	2.72161	0.3766765	0.07567718	2.750312	-0.2231337	0.0855948	2.76123	0.1642853	-0.5703624	2.841808	-0.02676332	-0.4756384	2.634337	0.1320221	-0.9744601	2.915543	-0.04122334	-0.826732	3.055572	

0.4570579	-0.1709974	2.709628	-0.3471304	-0.1453097	2.762275	0.4555622	-0.3066751	2.714905	-0.4269429	-0.2854239	2.801616	0.4730299	-0.2305753	2.663357	-0.3436976	-0.2380063	2.745375	0.09487024	0.619261	2.615159	0.09369515	0.4733991	2.681095	0.09306373	0.3975519	2.695436	0.09009754	0.1648846	2.727612	0.08437469	-0.1534108	2.757122	0.2732062	0.3708318	2.698009	-0.0965399	0.3819619	2.704155	0.1663118	-0.1573647	2.716062	6.331579E-05	-0.1451412	2.721546	0.3726459	0.07470246	2.751546	-0.2238265	0.08463534	2.757984	0.1664231	-0.5704289	2.843643	-0.02243025	-0.4747542	2.638188	0.1315572	-0.9747006	2.915648	-0.03866769	-0.823386	3.061324	

0.4496795	-0.1720541	2.711146	-0.3386915	-0.1574855	2.745806	0.4508706	-0.2994408	2.714448	-0.4122191	-0.3014138	2.74761	0.4706808	-0.2309	2.674001	-0.3324651	-0.2401551	2.704693	0.09173086	0.6190045	2.614362	0.08750302	0.471966	2.679113	0.08814572	0.396271	2.694057	0.08833997	0.1641046	2.727663	0.08450645	-0.1540618	2.758983	0.2695598	0.3696148	2.699371	-0.1004016	0.3799893	2.701286	0.166424	-0.1579191	2.720457	0.0001593933	-0.1456239	2.721824	0.3673062	0.07425708	2.753893	-0.225445	0.07817468	2.752624	0.1691741	-0.5712252	2.847371	-0.01932703	-0.4830605	2.658891	0.1312578	-0.9760121	2.915709	-0.0258575	-0.8243724	3.087927	

0.4489311	-0.17085	2.711955	-0.3371386	-0.1606	2.740373	0.4612767	-0.2942503	2.712569	-0.4133619	-0.3060541	2.759693	0.475812	-0.2019143	2.682652	-0.3323431	-0.2503016	2.715545	0.08604304	0.6187497	2.613571	0.08256037	0.4718759	2.678008	0.08382776	0.3960021	2.693373	0.08606376	0.1634856	2.728217	0.08425564	-0.1551127	2.762125	0.2641062	0.3691711	2.700517	-0.1046855	0.3786958	2.699404	0.1661032	-0.1580448	2.723825	5.502498E-06	-0.1474869	2.724011	0.365453	0.07500853	2.75533	-0.2262158	0.07623709	2.750836	0.1704903	-0.5719253	2.849315	-0.01529633	-0.5076414	2.673948	0.1311345	-0.9769144	2.916016	-0.03412639	-0.8493917	3.102184	

0.4492949	-0.1690803	2.713702	-0.3365425	-0.1612146	2.7393	0.4644617	-0.2921165	2.712567	-0.4144086	-0.3053899	2.764876	0.4837271	-0.2010443	2.689687	-0.3373325	-0.2607726	2.714	0.08148137	0.6182191	2.612808	0.07936305	0.4715103	2.677401	0.08087879	0.3955728	2.692918	0.08425752	0.1629167	2.72843	0.08406881	-0.155627	2.763282	0.2610244	0.3684452	2.701102	-0.1077366	0.3775101	2.698828	0.1659584	-0.1580648	2.725105	-0.0002213367	-0.1485598	2.724824	0.3642313	0.07631964	2.756354	-0.2265455	0.07606125	2.750071	0.1712239	-0.5719745	2.850483	-0.01585432	-0.5055566	2.675	0.1311811	-0.9771547	2.915922	-0.03897236	-0.8538774	3.097932	

0.4521267	-0.1649656	2.717281	-0.3368998	-0.1621243	2.739386	0.4762082	-0.2883765	2.727435	-0.417763	-0.3058579	2.768077	0.4886503	-0.2059322	2.682045	-0.3375742	-0.2527083	2.7215	0.07790458	0.6175451	2.613115	0.07432397	0.4706139	2.677455	0.07640194	0.394693	2.693082	0.08161293	0.1620823	2.729105	0.08376998	-0.1561987	2.764712	0.2589031	0.368303	2.70188	-0.1095174	0.3767643	2.698097	0.1656309	-0.158203	2.726686	-0.0004727079	-0.14955	2.725848	0.3630232	0.07921874	2.757936	-0.2271897	0.07528079	2.750177	0.1712021	-0.5725594	2.850981	-0.0171524	-0.5171253	2.683187	0.1311768	-0.977706	2.916577	-0.05611903	-0.884506	3.089159	

0.4567462	-0.1601882	2.721515	-0.3413588	-0.1625777	2.744923	0.4823012	-0.2866014	2.737363	-0.4299952	-0.2975809	2.772318	0.4971895	-0.1893886	2.69272	-0.3489964	-0.2540078	2.735625	0.07355172	0.6175895	2.613641	0.07081661	0.4710236	2.677999	0.07291267	0.3949533	2.693656	0.07849193	0.1618409	2.730007	0.08241442	-0.1567452	2.766237	0.2564974	0.3688107	2.703001	-0.1125775	0.3763396	2.698343	0.1641571	-0.1581813	2.728354	-0.001692299	-0.1506822	2.727036	0.3625851	0.08234689	2.75963	-0.2307666	0.07436252	2.75343	0.1716338	-0.5724985	2.852634	-0.01672887	-0.5434148	2.716838	0.1310413	-0.9780147	2.916832	-0.05661753	-0.9296238	3.105769	

0.4610803	-0.1580165	2.724448	-0.3459029	-0.1601312	2.752614	0.4855945	-0.2870021	2.738319	-0.4347602	-0.2938635	2.794256	0.5007434	-0.1813017	2.702445	-0.3554943	-0.2466489	2.743091	0.07037999	0.6182541	2.614205	0.06821591	0.471945	2.678821	0.07021472	0.395749	2.69451	0.07563709	0.1621878	2.731151	0.08036634	-0.1568904	2.768096	0.2537284	0.3700129	2.704463	-0.1152645	0.3765	2.698971	0.1619459	-0.1577987	2.730391	-0.00349265	-0.1513395	2.728503	0.3625564	0.08298166	2.76025	-0.2338562	0.07595962	2.756117	0.1711608	-0.5725501	2.853534	-0.01702481	-0.5434933	2.717366	0.1313888	-0.9780203	2.918197	-0.05771397	-0.9310133	3.104913	

0.4609981	-0.1545569	2.727318	-0.3489093	-0.157788	2.758109	0.4851492	-0.2755791	2.740436	-0.4343204	-0.2879235	2.794204	0.4934087	-0.1888697	2.694394	-0.3578906	-0.2411712	2.743889	0.06799626	0.6196562	2.614584	0.06584598	0.4733272	2.678977	0.0678489	0.3970231	2.694772	0.07338685	0.1631088	2.73185	0.07874416	-0.156315	2.76967	0.2509541	0.3720746	2.705592	-0.1176443	0.3771092	2.698995	0.1601552	-0.1570463	2.732192	-0.004838896	-0.1510021	2.729666	0.3608736	0.08570019	2.76395	-0.2357957	0.07759067	2.757672	0.1683943	-0.571947	2.855071	-0.0195996	-0.5430123	2.719475	0.1318176	-0.9778945	2.918193	-0.05747384	-0.933098	3.104612	

0.4593747	-0.1529102	2.729329	-0.3493775	-0.158624	2.758446	0.4825916	-0.2893247	2.741489	-0.4364318	-0.2943192	2.813607	0.4942969	-0.2072608	2.7019	-0.3524525	-0.2447269	2.736567	0.06710208	0.6204519	2.614327	0.06440311	0.4738672	2.678727	0.06635904	0.3975212	2.69458	0.07183806	0.1634476	2.731922	0.07754625	-0.1561537	2.770256	0.2491373	0.3731477	2.706238	-0.1188817	0.3775527	2.697942	0.1588671	-0.1566509	2.733	-0.005943883	-0.1510717	2.729989	0.3593544	0.08740105	2.765956	-0.2367967	0.07697833	2.757519	0.1655346	-0.571246	2.856719	-0.02770775	-0.5397496	2.717937	0.1319639	-0.9776344	2.918389	-0.05775042	-0.9313468	3.10211	

0.4559274	-0.1550176	2.730176	-0.3473913	-0.1583388	2.752766	0.5202724	-0.2907197	2.750705	-0.424489	-0.2776243	2.755043	0.5037225	-0.2315851	2.725875	-0.3452928	-0.241005	2.708917	0.06676514	0.6210384	2.61358	0.06380575	0.474221	2.676991	0.06566774	0.3978595	2.692958	0.07094677	0.1637158	2.730717	0.076781	-0.1559583	2.769758	0.2486507	0.3731877	2.705862	-0.1202391	0.3780376	2.695386	0.1581318	-0.1564507	2.73264	-0.006763727	-0.150905	2.729235	0.358731	0.08651784	2.766294	-0.2362662	0.07814172	2.755	0.1641697	-0.5704787	2.857749	-0.02786525	-0.5399984	2.717152	0.1319065	-0.9770705	2.917994	-0.0591419	-0.9337069	3.098845	

0.454257	-0.1561646	2.730489	-0.3420564	-0.159683	2.732839	0.5186017	-0.2878539	2.735372	-0.4267645	-0.2827291	2.725784	0.5041185	-0.2272934	2.720272	-0.3360001	-0.237543	2.690059	0.06822141	0.6225055	2.611232	0.06414539	0.4755143	2.674231	0.06584366	0.3990461	2.690223	0.07068239	0.1645617	2.72815	0.07623821	-0.1555142	2.767706	0.2487126	0.3738712	2.704161	-0.1195856	0.3788592	2.69027	0.1577634	-0.1561791	2.731575	-0.007498873	-0.15029	2.725693	0.3583323	0.08593936	2.766054	-0.2327296	0.07791568	2.746511	0.1620753	-0.570209	2.856775	-0.02756025	-0.5413632	2.715112	0.1318224	-0.9766566	2.918245	-0.06310719	-0.9365489	3.094866	

0.454624	-0.1586714	2.730305	-0.3378826	-0.1615308	2.729272	0.5179414	-0.2911929	2.731786	-0.425347	-0.2831468	2.719033	0.5092623	-0.2413917	2.7192	-0.3343525	-0.2428124	2.685571	0.06964651	0.6237078	2.609932	0.06472767	0.4765514	2.671004	0.06632612	0.399956	2.687228	0.07091202	0.165099	2.72589	0.07633828	-0.1553428	2.766436	0.2491086	0.3741109	2.703496	-0.1183886	0.3793947	2.686839	0.1577496	-0.1561731	2.73084	-0.007224256	-0.1499146	2.723785	0.3586285	0.08336972	2.766101	-0.2313523	0.0773541	2.742732	0.1616585	-0.5700162	2.856498	-0.02711122	-0.5419931	2.714347	0.1314907	-0.9763536	2.918338	-0.06530456	-0.9379886	3.092959	

0.4544836	-0.1598748	2.729773	-0.3311685	-0.1639472	2.718778	0.5196847	-0.295072	2.740497	-0.4140117	-0.2901551	2.719372	0.5150759	-0.2482217	2.722333	-0.3244588	-0.247581	2.675937	0.07375622	0.6244198	2.605566	0.0679508	0.4770601	2.665763	0.06934096	0.4004027	2.682028	0.07330419	0.1653231	2.720901	0.07808302	-0.1554037	2.761977	0.2517871	0.3740236	2.701266	-0.115493	0.3793855	2.679135	0.1591904	-0.1562598	2.727149	-0.005238462	-0.1500061	2.71865	0.3585536	0.08219514	2.765495	-0.2273085	0.07613494	2.732952	0.161701	-0.5692327	2.854897	-0.02441923	-0.5431486	2.705842	0.1314178	-0.9753179	2.917855	-0.06976949	-0.9378011	3.084973	

0.4550146	-0.1624325	2.728835	-0.3254677	-0.1645403	2.708936	0.5245891	-0.2996184	2.734229	-0.4053988	-0.2888022	2.695042	0.5125159	-0.2427223	2.719553	-0.3163396	-0.2467172	2.661687	0.07774495	0.6239051	2.603039	0.07034735	0.4766173	2.662416	0.07180525	0.3999642	2.678455	0.07595468	0.1648769	2.716653	0.08105583	-0.1558731	2.7569	0.2548146	0.3737985	2.697513	-0.1129282	0.3780935	2.673884	0.1619732	-0.1566033	2.722894	-0.002191616	-0.1506453	2.712774	0.3597405	0.07996455	2.763756	-0.2224012	0.07587778	2.725751	0.1626885	-0.5686661	2.852785	-0.0217408	-0.5423173	2.696358	0.1311552	-0.9743236	2.917531	-0.07084186	-0.9348296	3.077188	

0.4568	-0.1647314	2.72788	-0.3170786	-0.1698149	2.696807	0.5361014	-0.3051442	2.732328	-0.4040114	-0.3006891	2.686034	0.5113094	-0.2282941	2.702222	-0.3089104	-0.2485539	2.654706	0.0819589	0.6226491	2.600271	0.07325698	0.4757409	2.660754	0.07470204	0.3990541	2.676491	0.0788578	0.163817	2.713672	0.08406719	-0.157223	2.752264	0.2583897	0.3721289	2.694963	-0.11033	0.3771236	2.67179	0.1648425	-0.1582031	2.719	0.0008813814	-0.1516953	2.707379	0.3619623	0.07791565	2.761817	-0.2179614	0.07208457	2.720147	0.1657934	-0.5698864	2.849696	-0.01661288	-0.5385879	2.685565	0.130832	-0.9745457	2.917981	-0.06566636	-0.9266234	3.070778	

0.4587402	-0.1673146	2.727294	-0.3139102	-0.1720598	2.691454	0.530467	-0.3067305	2.726432	-0.3989449	-0.3024169	2.691438	0.5165452	-0.2425153	2.7069	-0.3056325	-0.2536879	2.647067	0.08481564	0.6214583	2.599277	0.07691965	0.474908	2.659438	0.07818229	0.3981784	2.674924	0.0818601	0.1627839	2.71137	0.08656403	-0.1585307	2.748975	0.2626517	0.3701681	2.692441	-0.1056499	0.3756809	2.668438	0.1673772	-0.159822	2.715555	0.003260843	-0.1526893	2.704307	0.3646687	0.07574656	2.759756	-0.2143103	0.06946848	2.718149	0.1698279	-0.5717372	2.845623	-0.0134043	-0.5278705	2.664736	0.1304285	-0.9750102	2.918488	-0.05842039	-0.9056778	3.060056	

0.4603555	-0.1721734	2.725176	-0.3036257	-0.1736833	2.689395	0.5192376	-0.3189437	2.722334	-0.3757854	-0.3108952	2.694217	0.5010656	-0.2960796	2.7442	-0.2861337	-0.2506396	2.653529	0.08828084	0.6213201	2.599002	0.08176888	0.4740763	2.658372	0.08287793	0.3975353	2.673419	0.08625004	0.1626968	2.708514	0.09082038	-0.1577379	2.744008	0.2666257	0.3691569	2.690255	-0.1031381	0.3755044	2.668308	0.1720006	-0.1594067	2.709861	0.007051756	-0.1515976	2.700058	0.3678457	0.07155921	2.756566	-0.2093451	0.06993221	2.717375	0.1726378	-0.5701971	2.842632	-0.007620304	-0.4822119	2.637219	0.1312835	-0.9727137	2.918074	-0.03196711	-0.8031982	3.079837	

0.4601139	-0.1760904	2.721087	-0.2957655	-0.1747236	2.689242	0.5129669	-0.314071	2.729659	-0.3612403	-0.3075401	2.688687	0.4973958	-0.308255	2.7324	-0.2737499	-0.2547994	2.660154	0.09165036	0.6216884	2.598027	0.08535796	0.4744677	2.6572	0.08636294	0.3979596	2.672079	0.08929849	0.1632178	2.706767	0.09316105	-0.1571305	2.742031	0.2697038	0.3685724	2.687731	-0.1002748	0.3760721	2.668198	0.1741428	-0.1591054	2.707762	0.00953992	-0.1506819	2.698227	0.3700275	0.06853365	2.75271	-0.2036681	0.06972996	2.71747	0.1740925	-0.570243	2.839785	-0.01124438	-0.48083	2.632623	0.1323107	-0.9716135	2.919944	-0.03479614	-0.8042369	3.073587	

0.4592607	-0.1784663	2.71858	-0.2885234	-0.1750719	2.691048	0.5081415	-0.3213561	2.742548	-0.3530637	-0.3093519	2.696317	0.4693095	-0.2718503	2.7236	-0.2678492	-0.2567817	2.657154	0.09653323	0.6221752	2.596856	0.0886479	0.4749968	2.656388	0.08949275	0.3985174	2.671225	0.09187276	0.1638483	2.705846	0.09496844	-0.1564557	2.741202	0.2729595	0.3687077	2.685993	-0.09725471	0.3765139	2.668113	0.1755987	-0.158781	2.707119	0.01168332	-0.1496006	2.697207	0.3714518	0.06694527	2.750816	-0.1980207	0.07013489	2.71688	0.1744813	-0.5698874	2.839244	-0.0184213	-0.4791319	2.632734	0.1325009	-0.9710844	2.920049	-0.03804274	-0.808229	3.069824	

0.4583499	-0.1797998	2.715376	-0.2836627	-0.1754861	2.692619	0.4996296	-0.3120314	2.720813	-0.345577	-0.3092655	2.695447	0.4883627	-0.3072394	2.72975	-0.2612725	-0.2421304	2.669727	0.1001977	0.6230186	2.596146	0.09119128	0.4754894	2.654875	0.09192823	0.3990647	2.669713	0.0939354	0.1645517	2.704374	0.09648632	-0.1555854	2.7399	0.2753299	0.368623	2.685388	-0.09482636	0.3771482	2.668054	0.1769873	-0.1582005	2.705747	0.01328128	-0.1484615	2.696002	0.3725971	0.06622161	2.749163	-0.194817	0.07043148	2.716585	0.1745235	-0.5692417	2.838059	-0.01997078	-0.4778343	2.633579	0.1329728	-0.9700071	2.920821	-0.03942912	-0.8080381	3.069879	

0.4571648	-0.1816938	2.711737	-0.2810395	-0.1737352	2.69316	0.4971263	-0.3166199	2.693616	-0.3423308	-0.3112241	2.714187	0.4852069	-0.2881793	2.704715	-0.2597657	-0.2532313	2.6772	0.1070395	0.6236717	2.594723	0.09474886	0.4760467	2.65358	0.0950073	0.3995947	2.668489	0.09574239	0.1649993	2.703381	0.09709348	-0.1552509	2.739253	0.278905	0.3686773	2.684271	-0.09032873	0.3784855	2.666139	0.1775341	-0.1581476	2.705252	0.01394446	-0.1477754	2.695158	0.3738109	0.06500521	2.747293	-0.1906002	0.07169013	2.715139	0.1744479	-0.5690271	2.837934	-0.02061006	-0.4770955	2.634006	0.133012	-0.9698024	2.920707	-0.04042754	-0.8058432	3.071349	

0.4565291	-0.1834836	2.710282	-0.2793661	-0.1727325	2.69312	0.4891821	-0.3176348	2.704058	-0.3460099	-0.3104502	2.712399	0.4821802	-0.2981136	2.713933	-0.2676865	-0.2655698	2.668667	0.1120236	0.6234736	2.592674	0.09839664	0.476109	2.652649	0.09818933	0.3996923	2.667639	0.09758564	0.1651734	2.702782	0.09757232	-0.1550764	2.738993	0.2822245	0.3673109	2.683466	-0.08710144	0.378915	2.665062	0.1779274	-0.158167	2.705047	0.014521	-0.1473656	2.694836	0.3749208	0.06379231	2.745974	-0.1880905	0.07243089	2.713872	0.1744958	-0.5689204	2.838012	-0.02167212	-0.47659	2.635152	0.1331881	-0.9696886	2.920868	-0.04189476	-0.8082535	3.07036	

0.4562951	-0.1872546	2.708909	-0.2783304	-0.171946	2.692853	0.4849979	-0.3254823	2.712626	-0.3454549	-0.3081455	2.701699	0.472443	-0.312402	2.720333	-0.2631839	-0.2536885	2.666465	0.1157556	0.622606	2.590239	0.1005672	0.475931	2.651687	0.1002023	0.3995384	2.666742	0.09901531	0.1651003	2.702099	0.09810326	-0.1550545	2.738655	0.284257	0.3663056	2.683	-0.08410686	0.3798783	2.66376	0.1785062	-0.1583653	2.704587	0.01501688	-0.1471723	2.694598	0.3763767	0.06057229	2.744565	-0.1859739	0.07284652	2.712533	0.1744039	-0.5689946	2.837823	-0.02164108	-0.47635	2.634904	0.1336736	-0.9696634	2.921306	-0.04199988	-0.8083987	3.069825	

0.4524304	-0.190672	2.708251	-0.2768391	-0.1720565	2.691859	0.477869	-0.3298524	2.719364	-0.3440168	-0.3090979	2.700789	0.45226	-0.2920471	2.7245	-0.2622528	-0.2553389	2.664896	0.1184633	0.6216648	2.589071	0.1025656	0.4753035	2.650505	0.1020662	0.398994	2.665676	0.1003965	0.1647987	2.70137	0.09869371	-0.1550876	2.738353	0.2856462	0.3662243	2.68236	-0.0818567	0.3799968	2.662477	0.1790329	-0.1585859	2.704455	0.01569978	-0.1469968	2.694084	0.3767123	0.0584643	2.744198	-0.1853822	0.07306943	2.71192	0.1745074	-0.5691705	2.837781	-0.02079477	-0.476196	2.634359	0.1335969	-0.9697703	2.921465	-0.04181164	-0.8083059	3.069206	

0.4506225	-0.1930141	2.708531	-0.2756696	-0.172044	2.690287	0.4744628	-0.3313526	2.725368	-0.346069	-0.3096952	2.699197	0.4063805	-0.208698	2.712333	-0.2614205	-0.2547759	2.659429	0.1203545	0.6211752	2.588129	0.1042095	0.474918	2.649688	0.1036188	0.3986222	2.664921	0.1016059	0.1644897	2.700803	0.09927262	-0.1552557	2.738073	0.2865555	0.3660111	2.681587	-0.08054647	0.3799377	2.661718	0.1795678	-0.1589526	2.704185	0.01631052	-0.1469927	2.693804	0.3767694	0.05677113	2.743563	-0.1843446	0.07311815	2.710906	0.174534	-0.5694494	2.83769	-0.02012459	-0.4761974	2.634022	0.1336291	-0.9699125	2.921916	-0.04170454	-0.8081589	3.068951	

0.4491681	-0.1960125	2.709634	-0.273822	-0.171602	2.688093	0.4670087	-0.3313494	2.725174	-0.3414982	-0.3085878	2.694742	0.4537374	-0.3190606	2.734334	-0.2594055	-0.2579516	2.654091	0.1220875	0.6208711	2.586191	0.1065173	0.4741766	2.647267	0.1057243	0.3979954	2.662904	0.1030994	0.1641628	2.699787	0.09996635	-0.1552946	2.737927	0.2875712	0.3659409	2.680535	-0.0789569	0.3793971	2.660098	0.1802287	-0.1590863	2.704046	0.0169844	-0.1469514	2.693678	0.3763159	0.05417308	2.743389	-0.1831146	0.07375433	2.71001	0.1745582	-0.5696737	2.837336	-0.0188727	-0.4762275	2.634044	0.133717	-0.9700416	2.921961	-0.04120817	-0.8070701	3.069756	

0.4467194	-0.1986353	2.711742	-0.2720844	-0.1711594	2.687016	0.4624342	-0.3317043	2.730979	-0.3413583	-0.3145182	2.703407	0.3919427	-0.1927151	2.714286	-0.2562545	-0.2498605	2.653941	0.1231266	0.6206794	2.584773	0.1083217	0.4735616	2.645176	0.1073212	0.3974689	2.661182	0.1040726	0.1638869	2.699019	0.1002318	-0.1553296	2.737913	0.2883577	0.3656777	2.678744	-0.07768279	0.3798606	2.658489	0.1804974	-0.15915	2.704022	0.01722232	-0.1469665	2.693682	0.3763983	0.05245946	2.74328	-0.1817806	0.07435679	2.708853	0.1748175	-0.5698786	2.836995	-0.01855901	-0.4762492	2.634013	0.1337133	-0.9700694	2.922212	-0.04123617	-0.8071228	3.069685	

0.4436408	-0.1999199	2.71332	-0.2699663	-0.1702086	2.686145	0.460776	-0.3247535	2.732184	-0.3410302	-0.314193	2.70074	0.4489471	-0.3200929	2.743	-0.2539461	-0.2496006	2.652154	0.1240837	0.6205154	2.582916	0.1094474	0.4730441	2.643359	0.1084153	0.3969861	2.659609	0.1049835	0.1635355	2.698167	0.1007184	-0.1554701	2.737842	0.2890304	0.365763	2.676942	-0.07627967	0.3796432	2.656094	0.1810205	-0.1595046	2.704102	0.0177213	-0.1469389	2.693479	0.3761958	0.05211041	2.743046	-0.1797174	0.07538333	2.706648	0.1749351	-0.5702596	2.836995	-0.01866328	-0.4761679	2.63403	0.1340588	-0.9703997	2.922492	-0.04127442	-0.8072366	3.069563	

0.4409139	-0.2006817	2.713821	-0.2663108	-0.1678788	2.684836	0.4518642	-0.3244589	2.73088	-0.3254658	-0.3134849	2.694249	0.408415	-0.2485966	2.692218	-0.245182	-0.2556329	2.650273	0.1261246	0.6199793	2.577421	0.1104027	0.4725279	2.639957	0.1093361	0.3965664	2.656899	0.1056848	0.1633642	2.697137	0.1011032	-0.155447	2.737941	0.2901537	0.3664729	2.674126	-0.07519148	0.3795992	2.653974	0.1813008	-0.1596063	2.704116	0.01824551	-0.1467439	2.693722	0.3761992	0.0521227	2.742948	-0.1769925	0.07809431	2.704738	0.1757926	-0.5710446	2.835472	-0.01900822	-0.475879	2.634225	0.1342153	-0.9706216	2.922873	-0.04157135	-0.8075976	3.069287	

0.437321	-0.201388	2.7158	-0.2630687	-0.166796	2.68498	0.4456062	-0.3307643	2.733851	-0.3186937	-0.3140715	2.699254	0.3893369	-0.212182	2.7052	-0.2387708	-0.2512259	2.657462	0.1276878	0.61899	2.572359	0.1117895	0.4718498	2.637078	0.1106555	0.395968	2.654457	0.106713	0.1630213	2.695999	0.1016713	-0.1555075	2.738052	0.291494	0.3668059	2.67164	-0.07280305	0.3800197	2.649797	0.1818998	-0.1598666	2.704511	0.01884472	-0.1466477	2.693607	0.3760897	0.05250083	2.741626	-0.1747033	0.07958157	2.703078	0.1761429	-0.5723472	2.833472	-0.0192809	-0.4756917	2.634207	0.1344924	-0.9712951	2.92321	-0.04184105	-0.8075119	3.069196	

0.435041	-0.2014555	2.716176	-0.2599883	-0.1661602	2.684028	0.4404093	-0.3310695	2.732997	-0.3139748	-0.3159509	2.697644	0.3940981	-0.2308332	2.710928	-0.2287074	-0.2352084	2.660619	0.1290299	0.6176645	2.56794	0.1135434	0.4713033	2.63365	0.1122309	0.3955374	2.651598	0.1077343	0.1628964	2.694759	0.1020726	-0.1553861	2.738201	0.292335	0.3670955	2.670165	-0.07102576	0.3800778	2.645966	0.1822806	-0.1598094	2.704834	0.01925647	-0.1464665	2.693607	0.3761258	0.05309315	2.740049	-0.1723976	0.08051069	2.70193	0.1767388	-0.5727054	2.830517	-0.01942352	-0.4754465	2.634115	0.1347909	-0.9708183	2.923229	-0.04206406	-0.8075091	3.068923	

0.4286028	-0.2017885	2.716444	-0.2508179	-0.1627548	2.683413	0.4312816	-0.3246861	2.734133	-0.3022371	-0.3165607	2.702651	0.385451	-0.2321372	2.701305	-0.2208837	-0.2497665	2.658813	0.1333779	0.6155308	2.556873	0.1153441	0.471254	2.626475	0.1138831	0.3954671	2.645856	0.1088397	0.1628376	2.692673	0.1025841	-0.155329	2.738578	0.2947692	0.3676266	2.666495	-0.06700968	0.3793141	2.634692	0.1827912	-0.1600365	2.705724	0.01984148	-0.1461848	2.693676	0.3759248	0.05423766	2.738739	-0.1653347	0.08474255	2.6947	0.1757866	-0.5710592	2.824327	-0.0180364	-0.4752904	2.634827	0.135729	-0.9680285	2.921819	-0.04187481	-0.8079257	3.069155	

0.4124855	-0.2000579	2.724404	-0.2376861	-0.1575125	2.679244	0.4028718	-0.3189765	2.756537	-0.2790397	-0.3151249	2.696942	0.362478	-0.2246549	2.720125	-0.2022715	-0.2511747	2.656385	0.1438216	0.610981	2.520333	0.1196034	0.4690271	2.592854	0.1177311	0.3938484	2.619372	0.1112534	0.1625593	2.683735	0.1033663	-0.154961	2.739494	0.2993189	0.3689128	2.647727	-0.05613737	0.378934	2.602454	0.1835748	-0.1599997	2.707888	0.02066421	-0.1455522	2.693872	0.3724101	0.05849394	2.733479	-0.1564618	0.09111328	2.678614	0.1731188	-0.568349	2.805294	-0.008112652	-0.475677	2.63772	0.1366327	-0.9602731	2.920125	-0.0380483	-0.7798204	3.091352	

0.3917044	-0.1991806	2.743456	-0.2126876	-0.1598792	2.661253	0.3846307	-0.3178907	2.787806	-0.2561623	-0.3290249	2.68961	0.3384988	-0.2024289	2.7426	-0.1793247	-0.2502694	2.64919	0.1558001	0.5945656	2.481791	0.12826	0.4544505	2.553875	0.1244259	0.3813389	2.586059	0.1131142	0.1568063	2.670615	0.1021256	-0.1559218	2.744108	0.3053326	0.3671085	2.625246	-0.04550545	0.3625645	2.556695	0.1815417	-0.162064	2.716552	0.02000079	-0.1457806	2.695475	0.369334	0.06040251	2.731056	-0.1452306	0.09203074	2.649179	0.1690664	-0.5668698	2.748821	-0.00932807	-0.4757943	2.637779	0.1375434	-0.9478382	2.903079	-0.04263036	-0.7778063	3.092557	

0.3718307	-0.2075335	2.761075	-0.1995024	-0.2080403	2.637662	0.3648874	-0.3370291	2.801631	-0.2422969	-0.357498	2.674525	0.3305984	-0.2582561	2.745563	-0.1626789	-0.2717948	2.636895	0.1649483	0.5695595	2.466995	0.1358961	0.4279921	2.53354	0.1306063	0.3553236	2.566992	0.1144743	0.1329498	2.657045	0.09507462	-0.1726791	2.755066	0.3121833	0.3381061	2.600815	-0.03913085	0.3399958	2.536828	0.1749411	-0.1797519	2.727503	0.0128558	-0.1603637	2.704981	0.3655196	0.05063798	2.731078	-0.1425723	0.04650641	2.627915	0.1563479	-0.5801281	2.719693	-0.01249501	-0.4897746	2.63568	0.136328	-0.9532544	2.894302	-0.05236699	-0.7888739	3.091749	

0.3747171	-0.3047774	2.658077	-0.1642756	-0.2726469	2.493636	0.3687502	-0.4322067	2.65204	-0.1844298	-0.4055601	2.460414	0.330935	-0.3367408	2.615087	-0.08960908	-0.3682607	2.548417	0.1734211	0.503402	2.446487	0.1432415	0.3566013	2.494206	0.1371107	0.2829957	2.528158	0.1178056	0.05747052	2.620004	0.09097529	-0.2494136	2.73185	0.3178044	0.2495251	2.556416	-0.02885228	0.2595457	2.506027	0.1736879	-0.2559093	2.700313	0.005647775	-0.2358139	2.685605	0.3726749	-0.0434581	2.680288	-0.1433484	-0.02219299	2.579033	0.1471763	-0.6061226	2.625536	-0.0203035	-0.5503627	2.544868	0.1285647	-0.9715034	2.863616	-0.06849598	-0.8488871	3.000246	

0.339812	-0.1073533	2.503006	-0.15644	-0.101253	2.452914	0.2998914	-0.2221179	2.469755	-0.1610924	-0.2170199	2.419897	0.2807705	-0.1106794	2.47219	-0.09113041	-0.1738578	2.502334	0.1337414	0.6044649	2.424015	0.1236508	0.4607948	2.474268	0.120412	0.3864663	2.504548	0.1099997	0.1581956	2.58557	0.09529232	-0.1531975	2.683155	0.2996837	0.3618681	2.505356	-0.05957509	0.3646944	2.497907	0.1772528	-0.1637081	2.640717	0.01056193	-0.1382347	2.647615	0.4174185	0.1310471	2.594188	-0.1768028	0.1378987	2.571136	0.1642948	-0.5736015	2.676476	-0.06125047	-0.4069678	2.424501	0.1295576	-0.9703309	2.863714	-0.04839362	-0.6929899	2.890323	

0.3251505	0.02123233	2.475395	-0.1369482	0.004506523	2.447194	0.2740255	-0.1046137	2.450884	-0.102073	-0.1597824	2.412985	0.233201	-0.03519075	2.529214	-0.08813423	-0.07735747	2.442462	0.1191195	0.6828449	2.391753	0.1089481	0.5449909	2.448452	0.1063936	0.4706684	2.477226	0.09813175	0.2419846	2.553918	0.08640531	-0.07057234	2.645931	0.2894694	0.4550588	2.481594	-0.0695722	0.454655	2.474123	0.165792	-0.08474441	2.601884	0.004473304	-0.0543185	2.611897	0.4157051	0.25195	2.57648	-0.1793989	0.2394876	2.569072	0.1406093	-0.5078343	2.706889	-0.08289536	-0.3191291	2.387937	0.1359736	-0.9423789	2.851886	-0.05776962	-0.579428	2.824402	

0.3199934	0.04691267	2.473476	-0.1376547	0.03834412	2.444443	0.2713009	-0.07328834	2.446786	-0.09718861	-0.1181793	2.406584	0.2260437	-0.005252173	2.523927	-0.07525007	0.03214581	2.4092	0.1166401	0.7037923	2.378657	0.1062291	0.5678243	2.440233	0.103426	0.4946841	2.468478	0.09437102	0.2696365	2.543555	0.08146635	-0.03780559	2.633305	0.2862073	0.4805314	2.472959	-0.07300641	0.4889936	2.465836	0.1609416	-0.0538502	2.5909	-0.0004217001	-0.02057805	2.597513	0.4082396	0.2788624	2.573907	-0.1777133	0.2748809	2.564183	0.1417857	-0.4786506	2.693864	-0.08115234	-0.2981169	2.388874	0.1360663	-0.9351029	2.838063	-0.05826942	-0.5602005	2.809499	

0.3118991	0.08110049	2.459778	-0.1399489	0.05720813	2.441936	0.2771545	-0.04646224	2.437352	-0.1128823	-0.1097804	2.385534	0.2524766	0.04983407	2.409714	-0.07484846	0.01589403	2.375652	0.1141284	0.7415619	2.340964	0.1031012	0.6105528	2.417404	0.0990572	0.5389244	2.445526	0.08629591	0.317079	2.521013	0.06857799	0.01248399	2.612113	0.2828291	0.5194317	2.455571	-0.0778297	0.5336894	2.438581	0.1487323	-0.003755112	2.571136	-0.01362783	0.02834976	2.574961	0.3970279	0.3112147	2.567806	-0.1685935	0.3030628	2.543512	0.1300946	-0.444187	2.624803	-0.08680587	-0.2575185	2.375699	0.1291261	-0.8959672	2.774481	-0.05510132	-0.5242117	2.795283	

0.3180074	0.04422668	2.457036	-0.1412759	0.02636434	2.445804	0.2889135	-0.06497263	2.423481	-0.1161355	-0.142496	2.393168	0.2163177	-0.004211288	2.51275	-0.07591775	-0.03493758	2.37125	0.1179626	0.7271355	2.32759	0.0995086	0.5952812	2.406257	0.09508002	0.5225251	2.434036	0.08112852	0.2980092	2.508216	0.06163723	-0.009618114	2.597212	0.2822658	0.5070405	2.446021	-0.07828593	0.5075837	2.421867	0.1410168	-0.02758493	2.55709	-0.01966492	0.008462726	2.559181	0.3872809	0.282394	2.557623	-0.1643061	0.2816676	2.518083	0.1202717	-0.4714337	2.592193	-0.08591341	-0.28863	2.378786	0.117318	-0.883195	2.630355	-0.0442086	-0.5279855	2.798088	

0.3252971	0.01055955	2.461898	-0.1090132	0.0157505	2.412241	0.2951234	-0.09189201	2.417203	-0.0411167	-0.09104149	2.3752	0.2723147	-0.02118074	2.406333	-0.03639864	-0.01531646	2.352077	0.1213221	0.7020382	2.325076	0.09851026	0.5698286	2.404243	0.09337556	0.4964086	2.431418	0.07718822	0.2701297	2.503397	0.05443281	-0.03989169	2.588939	0.2813467	0.4768085	2.441754	-0.07867814	0.483445	2.418752	0.1332257	-0.05897583	2.549068	-0.0260204	-0.01957044	2.550731	0.3848427	0.2536267	2.555692	-0.1626893	0.2576861	2.51278	0.1212576	-0.5013226	2.590239	-0.08364601	-0.3265733	2.390035	0.1134362	-0.9128054	2.628644	-0.05441349	-0.5703978	2.811995	

0.3285127	-0.03148001	2.465083	-0.07486681	-0.003027814	2.397243	0.300017	-0.1423602	2.42506	-0.03160274	-0.1261893	2.373363	0.2309102	-0.04566822	2.5154	-0.001649394	-0.03143823	2.37735	0.1242581	0.6523258	2.331231	0.09939856	0.5205336	2.409398	0.09420137	0.448201	2.43478	0.07793245	0.2251855	2.50158	0.05536212	-0.08064409	2.580895	0.2821913	0.4396916	2.442473	-0.07348743	0.4403152	2.417607	0.1337474	-0.09749823	2.540515	-0.02468603	-0.06143807	2.543195	0.3836822	0.2124887	2.558693	-0.1659191	0.2200276	2.514622	0.1216916	-0.5379832	2.587088	-0.08292355	-0.370364	2.389563	0.1137388	-0.9464585	2.643259	-0.05650485	-0.6143372	2.812536	

0.328754	-0.08742087	2.460413	-0.06359849	-0.06051418	2.38849	0.3046829	-0.2032173	2.43652	-0.03574489	-0.1548931	2.356559	0.2825119	-0.1536831	2.4345	-0.0004980878	-0.07407589	2.374044	0.1244277	0.6180599	2.33654	0.1027063	0.4853379	2.414539	0.09748422	0.4107279	2.438755	0.08107878	0.1809004	2.501276	0.05819653	-0.1333818	2.57325	0.2830973	0.3852922	2.446681	-0.07528213	0.3937209	2.423296	0.1383034	-0.1457775	2.534566	-0.02382234	-0.1154528	2.534084	0.3835638	0.1546149	2.559074	-0.1652814	0.1685797	2.512114	0.1223741	-0.5719922	2.568599	-0.08235095	-0.4270595	2.390859	0.111174	-0.9747302	2.683717	-0.06568553	-0.6674936	2.80852	

0.357959	-0.237343	2.493534	-0.0984548	-0.17376	2.394371	0.372661	-0.3469554	2.474286	-0.1058664	-0.294406	2.352654	0.3050341	-0.2579387	2.450552	-0.05522973	-0.2219664	2.3912	0.110563	0.5532648	2.338462	0.09066357	0.4125286	2.410009	0.08876818	0.3374326	2.43423	0.08258118	0.1068389	2.496974	0.07373822	-0.2078651	2.569954	0.2686355	0.3093681	2.446957	-0.08742474	0.3174537	2.429645	0.1589316	-0.2119739	2.533766	-0.01370491	-0.1974559	2.528263	0.3404935	0.02063034	2.547506	-0.1510922	0.0620048	2.5087	0.1119945	-0.6125772	2.516049	-0.06123426	-0.5150983	2.404154	0.1084175	-0.9834337	2.684264	-0.08516115	-0.7871686	2.796403	

0.4420891	-0.1845345	2.508094	-0.2424025	-0.1772246	2.497611	0.4978251	-0.3238495	2.495391	-0.2825628	-0.3236873	2.496172	0.4160499	-0.2535987	2.45235	-0.2184996	-0.246403	2.449667	0.08225335	0.5963849	2.353692	0.07173312	0.4440383	2.414874	0.07120516	0.3682424	2.441084	0.06866494	0.1362904	2.509824	0.06403248	-0.1783969	2.591897	0.2525983	0.3392149	2.442111	-0.1111544	0.3508134	2.45416	0.1472695	-0.1848163	2.548021	-0.0209294	-0.1657203	2.559625	0.3700148	0.06691493	2.527897	-0.1928114	0.07707499	2.54967	0.1317916	-0.5903866	2.584559	-0.07645499	-0.4846784	2.444407	0.1088871	-0.9855495	2.691493	-0.03339022	-0.7340902	2.855235	

0.4478591	-0.1857308	2.493519	-0.27266	-0.170272	2.551156	0.5212634	-0.3239101	2.492683	-0.3325253	-0.3054518	2.56873	0.4290742	-0.2698532	2.43075	-0.2538377	-0.2472468	2.5122	0.08462735	0.5988819	2.355866	0.07371974	0.4487117	2.41861	0.07230952	0.3732342	2.444974	0.06709909	0.1423557	2.514535	0.05817614	-0.1713034	2.597633	0.2540081	0.3412624	2.442739	-0.1094114	0.3555516	2.457051	0.1404866	-0.1778235	2.554451	-0.02553905	-0.1595522	2.563647	0.3709257	0.06409553	2.518249	-0.1916648	0.07873545	2.556136	0.1303804	-0.5855268	2.58458	-0.104128	-0.474395	2.451447	0.1083895	-0.9822759	2.696388	-0.0402659	-0.7196268	2.85976	

0.4457097	-0.1878067	2.488336	-0.2734738	-0.1670285	2.554383	0.5049474	-0.3307685	2.487977	-0.339547	-0.3027577	2.600065	0.4195272	-0.2733454	2.428313	-0.2629484	-0.2426251	2.525176	0.08791021	0.6021746	2.358596	0.07664215	0.4545168	2.421933	0.07411774	0.3788247	2.448128	0.06619458	0.147314	2.517307	0.05407333	-0.1669496	2.600034	0.2552288	0.343097	2.442782	-0.1068974	0.3614547	2.460686	0.1356963	-0.1743045	2.556968	-0.02902026	-0.1544499	2.565682	0.3706168	0.06264843	2.511822	-0.1915387	0.0817352	2.561329	0.1301564	-0.5862705	2.58548	-0.1078343	-0.4696368	2.455017	0.1087273	-0.9823881	2.699891	-0.04591087	-0.7052328	2.867461	

0.3865704	-0.2018369	2.47254	-0.2838616	-0.1574569	2.605624	0.4217806	-0.3517267	2.490087	-0.3483655	-0.2873907	2.637502	0.3537048	-0.287778	2.429158	-0.2755671	-0.2328323	2.558072	0.1000695	0.6111437	2.368257	0.08194469	0.462137	2.428143	0.07728802	0.386061	2.453572	0.06421317	0.1539382	2.521254	0.04362538	-0.1593123	2.602908	0.2580558	0.3462515	2.44459	-0.1018567	0.3697903	2.467288	0.1248917	-0.1694207	2.560033	-0.03914077	-0.1438699	2.568113	0.3548032	0.05748488	2.505143	-0.1917894	0.08363084	2.574419	0.1211283	-0.5897981	2.596627	-0.1461972	-0.4507376	2.457355	0.1068141	-0.9857327	2.702305	-0.1113548	-0.6890271	2.880757	

0.3854401	-0.2051264	2.471835	-0.2833401	-0.1570515	2.605386	0.3998181	-0.3580594	2.486315	-0.3498683	-0.2878413	2.649795	0.3409185	-0.2963971	2.43525	-0.2804717	-0.2338476	2.566867	0.1023802	0.6126988	2.370903	0.08382206	0.4634637	2.429806	0.07857275	0.3875372	2.455183	0.06371037	0.1555976	2.522609	0.04083525	-0.1577549	2.603845	0.2589777	0.3476538	2.445394	-0.1009693	0.370938	2.468714	0.1215567	-0.1685702	2.561123	-0.041341	-0.1418174	2.568839	0.3481223	0.05342603	2.50413	-0.1915266	0.08476654	2.577661	0.11731	-0.5908448	2.59887	-0.1465952	-0.4490747	2.456938	0.1059686	-0.9870663	2.703882	-0.1143235	-0.6895185	2.881732	

0.3376403	-0.2042411	2.499345	-0.2780325	-0.1591677	2.603831	0.3477957	-0.365131	2.522169	-0.3366511	-0.3006929	2.646909	0.3029851	-0.2944981	2.463846	-0.2596691	-0.2412194	2.565133	0.1025644	0.6133276	2.373376	0.08404841	0.4639501	2.431607	0.07858249	0.3881133	2.456785	0.06291542	0.1561945	2.523558	0.03922775	-0.1575876	2.603854	0.2587993	0.3485595	2.447301	-0.1008023	0.3718654	2.470113	0.1198324	-0.1686837	2.560966	-0.04275254	-0.1414643	2.568953	0.3233774	0.05749514	2.514451	-0.1912866	0.08489829	2.578258	0.1139209	-0.5904212	2.596448	-0.1449993	-0.4493961	2.455559	0.1049306	-0.985778	2.704413	-0.1316102	-0.7076262	2.879604	

0.3344538	-0.1974836	2.510985	-0.2612458	-0.1624594	2.584887	0.3214568	-0.3451061	2.54529	-0.3045172	-0.3082546	2.59472	0.2866835	-0.2570094	2.506739	-0.2374286	-0.2412937	2.548842	0.09957948	0.6135647	2.375672	0.08255463	0.4642663	2.433162	0.07726192	0.388467	2.458293	0.06184263	0.1564437	2.524721	0.03890081	-0.1577866	2.604204	0.256392	0.350982	2.450043	-0.1024742	0.3717285	2.471925	0.1195268	-0.168787	2.561339	-0.04307548	-0.1417941	2.569262	0.3148828	0.06395373	2.522419	-0.1889458	0.08864186	2.577892	0.1127912	-0.5929804	2.596865	-0.1216602	-0.4555668	2.451426	0.1040849	-0.9875572	2.707237	-0.121495	-0.7150962	2.875127	

0.346191	-0.1926584	2.523019	-0.24794	-0.1679658	2.564063	0.3449604	-0.3398257	2.551779	-0.2798891	-0.320138	2.571588	0.310456	-0.2484953	2.514786	-0.2205574	-0.2506671	2.528316	0.09373292	0.6141979	2.381777	0.07645933	0.465972	2.438782	0.07245409	0.3899452	2.463219	0.05976189	0.1571026	2.527603	0.03901067	-0.1580703	2.604999	0.2520798	0.3549158	2.456973	-0.1058965	0.371228	2.474325	0.1196844	-0.1687407	2.56212	-0.0429837	-0.1425412	2.570145	0.3138966	0.06749716	2.535515	-0.1884185	0.08738468	2.576589	0.1129788	-0.5944368	2.597851	-0.1131538	-0.4578574	2.450497	0.1010182	-0.987592	2.712282	-0.1093097	-0.7238415	2.872793	

0.3563974	-0.1892122	2.526569	-0.2450766	-0.1694014	2.558289	0.3660865	-0.3298475	2.544447	-0.2833396	-0.3180369	2.568642	0.3271257	-0.2370473	2.517174	-0.2213309	-0.2507556	2.518875	0.09090488	0.6154868	2.385389	0.07410302	0.4675069	2.441612	0.07053893	0.3913569	2.465839	0.05904761	0.1579444	2.529315	0.03960359	-0.1580914	2.605586	0.2508679	0.358131	2.46363	-0.1070389	0.3715151	2.474971	0.120606	-0.1683172	2.563308	-0.04255732	-0.1428433	2.570372	0.3172374	0.0700149	2.540559	-0.1880146	0.08656529	2.5739	0.1140424	-0.5954593	2.600259	-0.1102448	-0.4585407	2.450073	0.1007287	-0.9891645	2.712894	-0.1034054	-0.7244946	2.86999	

0.3690678	-0.1860295	2.529548	-0.2442756	-0.1695753	2.554279	0.3851778	-0.3236434	2.547342	-0.2767268	-0.3199849	2.569652	0.3431562	-0.2396483	2.518966	-0.2186336	-0.2563642	2.510154	0.09030408	0.6160326	2.386623	0.07331492	0.4682307	2.442947	0.06985332	0.3920924	2.467197	0.05874727	0.158567	2.530541	0.0401775	-0.15801	2.606251	0.2511011	0.3600817	2.467196	-0.1072226	0.3715461	2.475059	0.1214192	-0.1677804	2.564653	-0.0421555	-0.1430441	2.570587	0.3213342	0.07175297	2.544237	-0.1873209	0.08645222	2.571575	0.1149152	-0.5948561	2.601732	-0.1082893	-0.4587656	2.449059	0.1009139	-0.9890639	2.712775	-0.1098245	-0.7292967	2.871111	

0.3736613	-0.1852089	2.52976	-0.2435569	-0.1697366	2.552092	0.3870043	-0.3309133	2.564672	-0.2879013	-0.3158822	2.558513	0.3581835	-0.2803585	2.524778	-0.2192083	-0.2557922	2.514218	0.0900538	0.616208	2.387392	0.07307442	0.4683895	2.443109	0.06964721	0.3922625	2.467401	0.05867005	0.1587391	2.530843	0.04065292	-0.1580446	2.606601	0.2513032	0.3608143	2.46836	-0.1072878	0.3715444	2.47491	0.1219742	-0.167572	2.565312	-0.04170557	-0.1433165	2.57067	0.3235403	0.07215101	2.544942	-0.1869417	0.0864209	2.569469	0.1157687	-0.5951377	2.602369	-0.106344	-0.4591378	2.448313	0.1007991	-0.9895388	2.712708	-0.1138466	-0.7307025	2.869874	

0.3834769	-0.1846815	2.536087	-0.2430987	-0.1690515	2.55179	0.3927777	-0.3276648	2.575922	-0.3008258	-0.3172325	2.565576	0.3473997	-0.1880707	2.5493	-0.2380899	-0.2909693	2.535556	0.09037478	0.6168874	2.389189	0.07367049	0.4686116	2.443936	0.07017501	0.3924832	2.468154	0.05902142	0.1588982	2.531327	0.04115441	-0.158136	2.60672	0.2521578	0.3612217	2.47044	-0.1072394	0.371584	2.47497	0.1224829	-0.1675718	2.565587	-0.04118264	-0.1435586	2.570565	0.3273133	0.07142715	2.547487	-0.1858296	0.08704741	2.56637	0.116113	-0.59515	2.602351	-0.1034471	-0.4598351	2.448124	0.1008125	-0.9896014	2.712497	-0.1317086	-0.7333077	2.866924	

0.388921	-0.1840497	2.542107	-0.2430536	-0.1687656	2.550885	0.3872047	-0.3310081	2.592868	-0.3017915	-0.3149987	2.566411	0.3697372	-0.2987721	2.5704	-0.2307034	-0.2592759	2.53108	0.09105955	0.6175017	2.391089	0.07421295	0.468852	2.444586	0.0706959	0.3927451	2.468751	0.05948714	0.1591712	2.531734	0.04194595	-0.1580281	2.606764	0.2528536	0.3620801	2.4719	-0.1068326	0.3717415	2.475101	0.1233087	-0.1673592	2.565675	-0.04048141	-0.143598	2.570484	0.3312159	0.0717193	2.55056	-0.1850712	0.08723287	2.565216	0.1168797	-0.5946972	2.602059	-0.1027177	-0.4598142	2.447774	0.1009324	-0.9891281	2.712204	-0.1458124	-0.7323504	2.859196	

