0.03817467	-0.167596	2.704438	-0.3927838	-0.1375383	3.058377	0.01025461	-0.3274379	2.718743	-0.3895763	-0.249784	3.087455	0.04884345	-0.2690694	2.677	-0.4160811	-0.1464314	3.025706	-0.1841353	0.6306649	2.734922	-0.1413535	0.5014802	2.797101	-0.1463477	0.4236338	2.823122	-0.1609759	0.1850606	2.891296	-0.1801782	-0.1398794	2.971822	-0.00236449	0.3894123	2.752313	-0.3044654	0.4271975	2.933622	-0.1089564	-0.1468307	2.902416	-0.2465896	-0.1292413	2.962734	0.05818811	0.09594849	2.737565	-0.3503603	0.1193005	3.024423	-0.08473597	-0.5731007	2.989659	-0.2566947	-0.5123965	3.032672	-0.05944403	-0.9427051	3.130492	-0.5926429	-0.5713612	2.898983	

0.03825995	-0.169218	2.704662	-0.3925581	-0.138328	3.056193	0.009343139	-0.3249372	2.71006	-0.3988415	-0.2502204	3.090229	0.05147787	-0.2103974	2.680873	-0.422693	-0.1088627	3.0275	-0.1840226	0.6303328	2.735207	-0.1410431	0.5007975	2.79735	-0.1460733	0.422949	2.823386	-0.1608066	0.184362	2.891605	-0.1801494	-0.140617	2.972199	-0.002391804	0.3892007	2.752455	-0.304505	0.4268846	2.933627	-0.1089048	-0.1474711	2.902646	-0.2465895	-0.1300739	2.963285	0.05800615	0.09451565	2.738264	-0.3503733	0.1191669	3.024425	-0.08482366	-0.5731013	2.989662	-0.2574885	-0.5128306	3.032105	-0.05966405	-0.9417027	3.130214	-0.5928169	-0.5900277	2.90742	

0.03838507	-0.1696883	2.704877	-0.3917509	-0.1389643	3.055277	0.01434574	-0.3284377	2.721471	-0.3950967	-0.252456	3.089958	0.04841417	-0.234063	2.680643	-0.4146569	-0.1493594	3.021351	-0.1839832	0.630115	2.735126	-0.1408546	0.499916	2.798244	-0.1459047	0.4220612	2.824177	-0.1606915	0.1834464	2.892127	-0.1800944	-0.1416217	2.972422	-0.002378914	0.3889896	2.752584	-0.3044006	0.4264118	2.933431	-0.1088038	-0.1484068	2.902884	-0.2465839	-0.1311205	2.963488	0.05810011	0.09411978	2.738591	-0.3504605	0.1189257	3.024426	-0.08495104	-0.5731949	2.989785	-0.2574322	-0.5132525	3.031757	-0.05969559	-0.9417034	3.130319	-0.5925332	-0.6091943	2.918041	

0.03835138	-0.1701728	2.706636	-0.3901302	-0.1389176	3.052659	0.01105169	-0.3291152	2.731304	-0.3919402	-0.2515421	3.080396	0.0321479	-0.2648685	2.683087	-0.4159632	-0.1464608	3.020032	-0.1839655	0.629256	2.7358	-0.1405974	0.4992724	2.798882	-0.1456642	0.4214877	2.824701	-0.1605033	0.1830635	2.892365	-0.1799647	-0.14182	2.972425	-0.002428037	0.3891717	2.752883	-0.3046539	0.4254745	2.933177	-0.1086584	-0.1484619	2.902896	-0.2464738	-0.1315788	2.963493	0.05776787	0.09363489	2.739637	-0.3505271	0.1193995	3.02312	-0.08489227	-0.5732641	2.98987	-0.257162	-0.5134227	3.031664	-0.0601501	-0.9425346	3.13061	-0.5940806	-0.6083502	2.918343	

0.03864811	-0.1725548	2.712826	-0.3872333	-0.1401006	3.04754	0.01712318	-0.3302531	2.748784	-0.3833172	-0.2584468	3.078603	0.05266567	-0.2510107	2.701423	-0.4128583	-0.1762623	3.0245	-0.1835923	0.6290008	2.735695	-0.1401929	0.4988274	2.799378	-0.1452908	0.4211043	2.825204	-0.1602138	0.1828547	2.892884	-0.1797662	-0.1418039	2.972972	-0.002084637	0.3887371	2.753255	-0.3046131	0.4244476	2.934775	-0.1085482	-0.1484142	2.90313	-0.2461701	-0.1316114	2.964503	0.05949471	0.09119764	2.745091	-0.3498268	0.1192843	3.022487	-0.0845169	-0.5730268	2.990261	-0.2542075	-0.5149033	3.033533	-0.06030626	-0.9423617	3.130448	-0.5903505	-0.6158062	2.91976	

0.0412885	-0.1764594	2.720639	-0.3828044	-0.1418186	3.042048	0.02111808	-0.3292636	2.755192	-0.3752677	-0.2577091	3.047558	0.06296338	-0.2667977	2.719778	-0.402485	-0.1688427	3.014105	-0.1831999	0.6286128	2.735579	-0.1396925	0.4986005	2.799531	-0.1447902	0.420951	2.825369	-0.1596695	0.1829254	2.893097	-0.1790574	-0.1413016	2.973295	-0.001449648	0.3889557	2.75335	-0.3037443	0.4244457	2.934861	-0.107864	-0.1478533	2.903259	-0.2454259	-0.1311434	2.965056	0.06132657	0.08788498	2.748214	-0.3462673	0.1183017	3.019466	-0.08269913	-0.5719153	2.990523	-0.2514364	-0.5152553	3.03474	-0.06026221	-0.9423077	3.130129	-0.5876062	-0.6147786	2.918065	

0.04271569	-0.1772809	2.723558	-0.3805406	-0.1414684	3.039671	0.02773223	-0.3243988	2.750848	-0.368773	-0.2575019	3.052937	0.06884759	-0.2629423	2.72053	-0.3843329	-0.2200687	3.0285	-0.1823994	0.6281848	2.735164	-0.1390561	0.498523	2.799667	-0.1441033	0.4209583	2.825541	-0.1587737	0.1832649	2.893405	-0.1777881	-0.1402643	2.973846	-0.0006438722	0.3889767	2.753435	-0.3017139	0.42535	2.934147	-0.1066513	-0.1470381	2.903738	-0.2441428	-0.1298687	2.96569	0.06192264	0.08742414	2.748907	-0.3439884	0.1188685	3.017239	-0.08060911	-0.5699171	2.989818	-0.2499118	-0.5155014	3.036955	-0.06027228	-0.9422222	3.129846	-0.5885868	-0.5745296	2.897757	

0.04419423	-0.1769362	2.725381	-0.3738035	-0.1436374	3.034497	0.02929563	-0.3224382	2.747914	-0.3689713	-0.2590985	3.052882	0.07090411	-0.2541856	2.722795	-0.4010359	-0.162368	3.008	-0.1795525	0.6279094	2.73356	-0.1383065	0.4982589	2.799803	-0.1433043	0.4207549	2.825755	-0.1577873	0.183274	2.893897	-0.1765111	-0.1398827	2.974807	0.0004695191	0.3889616	2.753523	-0.3005566	0.4261042	2.93435	-0.1054671	-0.1468351	2.904631	-0.2428198	-0.1292962	2.966727	0.06301076	0.08801243	2.749603	-0.3422593	0.118098	3.01629	-0.0783358	-0.5696384	2.989754	-0.2494856	-0.5157076	3.038106	-0.06023873	-0.942324	3.129589	-0.5907015	-0.5793802	2.904827	

0.04642431	-0.1775994	2.726962	-0.3724138	-0.1438403	3.034242	0.03476221	-0.3247843	2.751363	-0.3582328	-0.2597707	3.044214	0.07495504	-0.227175	2.71595	-0.388637	-0.207836	3.031947	-0.1787904	0.6272942	2.732974	-0.1369618	0.4980405	2.79996	-0.1419732	0.4206297	2.825973	-0.1565056	0.1834259	2.894275	-0.1753156	-0.1393832	2.975355	0.001624984	0.3888727	2.753596	-0.2994835	0.4272576	2.934526	-0.1043038	-0.1465806	2.90533	-0.2415941	-0.1285354	2.967151	0.06405169	0.08766234	2.749819	-0.3415404	0.1181338	3.015799	-0.07665157	-0.569539	2.989703	-0.2490589	-0.515107	3.039048	-0.05973436	-0.9423602	3.129236	-0.5898812	-0.5618792	2.894513	

0.04784762	-0.1779698	2.727467	-0.3716278	-0.1437728	3.035192	0.03795186	-0.3238277	2.749257	-0.3728984	-0.2486825	3.062206	0.0749758	-0.2331573	2.714856	-0.3917524	-0.1721253	3.030846	-0.1778765	0.6267419	2.732297	-0.1353775	0.4976631	2.800107	-0.1405263	0.4203377	2.826248	-0.1553979	0.1833527	2.894883	-0.1745317	-0.1392124	2.976435	0.002934634	0.3893289	2.75334	-0.2989593	0.4272742	2.934178	-0.1031427	-0.1468591	2.907735	-0.2410776	-0.1281461	2.967486	0.06530394	0.0874818	2.750018	-0.3410107	0.1182692	3.015657	-0.07361832	-0.5708824	2.99122	-0.2482361	-0.5144225	3.040942	-0.05928039	-0.9420211	3.129349	-0.5929074	-0.5711576	2.908686	

0.04976081	-0.1782892	2.727513	-0.3693537	-0.1433003	3.039868	0.03670946	-0.3247308	2.74702	-0.3668199	-0.240002	3.058753	0.07967646	-0.2242107	2.7114	-0.3980344	-0.1666249	3.019083	-0.1767998	0.6262526	2.731108	-0.1338528	0.4974892	2.799525	-0.1391181	0.4202476	2.825873	-0.1542636	0.1834776	2.894995	-0.1735592	-0.1388061	2.977138	0.003999085	0.3895653	2.752842	-0.2983197	0.4275297	2.933536	-0.1020653	-0.1465664	2.908619	-0.2402878	-0.1276374	2.967933	0.06678076	0.08734981	2.750197	-0.3405184	0.1184718	3.015532	-0.07172322	-0.5715169	2.99165	-0.2479665	-0.5137652	3.041685	-0.0591759	-0.9420286	3.12915	-0.5949862	-0.5770369	2.917725	

0.05202406	-0.1777009	2.725053	-0.3746562	-0.1407934	3.045394	0.0306234	-0.3333242	2.722739	-0.3854268	-0.2335708	3.084307	0.06520017	-0.2282799	2.6849	-0.414786	-0.1676578	3.030667	-0.169143	0.6258895	2.727797	-0.1269858	0.4964499	2.797816	-0.1331382	0.4195121	2.824749	-0.1506221	0.1834592	2.895185	-0.1719039	-0.1382763	2.978289	0.008424674	0.38929	2.752617	-0.2946878	0.4284214	2.931835	-0.1001084	-0.1464381	2.9103	-0.2389288	-0.126744	2.968586	0.07000127	0.08796692	2.748881	-0.3398477	0.1196296	3.016387	-0.07032711	-0.5725951	2.993937	-0.2480359	-0.5131992	3.045794	-0.05912286	-0.9421365	3.1292	-0.5908167	-0.5676652	2.907881	

0.05285337	-0.1764049	2.723901	-0.3771603	-0.1394094	3.047138	0.03606767	-0.3341116	2.72909	-0.3815691	-0.2406761	3.089608	0.05576435	-0.280874	2.682706	-0.410058	-0.1921069	3.030437	-0.1655724	0.6253967	2.727243	-0.125108	0.4964931	2.798388	-0.131225	0.4196096	2.825274	-0.1488316	0.1837695	2.89565	-0.1707687	-0.1377213	2.978705	0.01189371	0.3894441	2.754057	-0.2926817	0.4300429	2.931737	-0.09877745	-0.1460043	2.91112	-0.2379771	-0.1260423	2.96862	0.07167222	0.08927745	2.74852	-0.3390772	0.1205246	3.017434	-0.06975707	-0.5723382	2.995114	-0.2493394	-0.5124263	3.049014	-0.05905339	-0.9414856	3.128859	-0.5884035	-0.5496444	2.897624	

0.0535407	-0.17601	2.721852	-0.3775842	-0.1393219	3.04749	0.03671786	-0.3281609	2.719231	-0.3949818	-0.2451654	3.070924	-0.002184262	-0.2062651	2.759375	-0.4022571	-0.1919381	3.048111	-0.1641273	0.6246454	2.72747	-0.1240674	0.4963612	2.799054	-0.1302006	0.4195455	2.825908	-0.147931	0.1839383	2.896259	-0.1702024	-0.1372074	2.979366	0.01425816	0.3899461	2.755406	-0.2916232	0.4310814	2.932366	-0.09831368	-0.1457154	2.911968	-0.2373382	-0.1252619	2.969064	0.07270329	0.08966929	2.748307	-0.3387858	0.1206432	3.017972	-0.06901714	-0.5728329	2.996595	-0.250087	-0.5111192	3.049182	-0.05892074	-0.9414049	3.128934	-0.5905856	-0.5589989	2.90457	

0.05348802	-0.1759659	2.721514	-0.3786196	-0.1393066	3.045476	0.02659773	-0.3269235	2.721919	-0.3772466	-0.2519911	3.073176	-0.010805	-0.2049118	2.803125	-0.4028354	-0.1854661	3.037201	-0.1624998	0.6243679	2.728209	-0.1232659	0.4960508	2.799551	-0.1294703	0.4193029	2.826355	-0.1474487	0.1838939	2.896608	-0.1700523	-0.1370374	2.979665	0.01630635	0.3896438	2.756821	-0.2910211	0.4307782	2.933027	-0.09812772	-0.1456746	2.912426	-0.2372361	-0.1249688	2.969234	0.07326407	0.08969151	2.748605	-0.3385426	0.1208221	3.017838	-0.0683301	-0.5721788	2.996672	-0.2500733	-0.5110751	3.04919	-0.0588028	-0.9412702	3.128888	-0.5908222	-0.5592444	2.9036	

0.05349163	-0.1761727	2.721592	-0.377969	-0.139797	3.044701	0.02933651	-0.3300648	2.739364	-0.3795157	-0.2490619	3.066836	-0.009076371	-0.2129324	2.788091	-0.3989549	-0.1956644	3.037429	-0.1611457	0.6243762	2.728921	-0.1221679	0.4958338	2.800021	-0.1285534	0.4191448	2.826809	-0.1470085	0.1838998	2.897043	-0.1701381	-0.1367938	2.980292	0.01760244	0.3891841	2.757703	-0.2903123	0.4313696	2.934037	-0.0983823	-0.1457613	2.913625	-0.2372434	-0.1244593	2.969527	0.07376885	0.08945214	2.749532	-0.3381137	0.1205509	3.017882	-0.06776498	-0.5728891	2.996731	-0.2494958	-0.5113369	3.049507	-0.05868654	-0.9414444	3.12869	-0.5899518	-0.5574548	2.901133	

0.05351621	-0.1761354	2.72803	-0.3779154	-0.1398005	3.044564	0.02570967	-0.3312974	2.755416	-0.3773647	-0.2488604	3.064439	-0.0196567	-0.2089225	2.812786	-0.3878613	-0.2093892	3.044555	-0.1603384	0.6243054	2.729532	-0.1215381	0.4955346	2.800632	-0.1280041	0.4188715	2.827295	-0.1467269	0.1837344	2.897244	-0.1701311	-0.1368212	2.98027	0.01820228	0.388762	2.75912	-0.289999	0.4308651	2.934718	-0.09834943	-0.1458204	2.91368	-0.2372518	-0.1244713	2.969476	0.07435727	0.08955875	2.754172	-0.3378012	0.120529	3.017752	-0.067612	-0.5726795	2.996413	-0.2494599	-0.5107682	3.046924	-0.05870181	-0.9408556	3.128422	-0.589767	-0.5630356	2.89933	

0.05419743	-0.1789957	2.733986	-0.3775657	-0.1399455	3.044284	0.02989021	-0.3326185	2.768545	-0.3749525	-0.2503061	3.063435	-0.02324991	-0.2094197	2.813406	-0.4003904	-0.1827408	3.028158	-0.1599273	0.6245424	2.729938	-0.1212649	0.4955187	2.801003	-0.1277159	0.4188289	2.827587	-0.146428	0.1836413	2.897365	-0.1699462	-0.1369266	2.980211	0.01845813	0.3886352	2.759594	-0.2897408	0.4303245	2.934993	-0.09811563	-0.1459433	2.913565	-0.2371267	-0.124544	2.969442	0.07571588	0.0867009	2.760212	-0.3375371	0.1205058	3.017642	-0.06762373	-0.5720459	2.996271	-0.2491766	-0.5109884	3.045957	-0.05874693	-0.9405544	3.128567	-0.5845054	-0.5640663	2.88615	

0.05595303	-0.1793159	2.737226	-0.3768194	-0.1394282	3.044396	0.02853556	-0.3254478	2.761211	-0.3757252	-0.256916	3.069519	-0.02094969	-0.2058651	2.816468	-0.3999914	-0.1754536	3.035857	-0.1598287	0.6240722	2.73043	-0.1212827	0.495158	2.801679	-0.127687	0.4185042	2.82821	-0.1463217	0.1834335	2.897869	-0.1698841	-0.1369723	2.980549	0.01858353	0.3883154	2.760009	-0.2898333	0.4302157	2.935117	-0.09810348	-0.1461129	2.914066	-0.2370557	-0.1244943	2.9696	0.07671858	0.0865676	2.761848	-0.3373317	0.1211267	3.01749	-0.06751646	-0.5720092	2.996055	-0.2495035	-0.5106642	3.044035	-0.05875636	-0.9404458	3.128432	-0.5635001	-0.4309414	2.851404	

0.05895301	-0.1796732	2.737103	-0.3763397	-0.1395676	3.044203	0.03084265	-0.3255759	2.772026	-0.3740937	-0.2553329	3.068789	-0.01787629	-0.1962808	2.814	-0.3981374	-0.1922048	3.035911	-0.1599232	0.6239423	2.730457	-0.1213105	0.4948475	2.802207	-0.1276608	0.4181553	2.828745	-0.1461567	0.1829748	2.89845	-0.1696641	-0.1375262	2.981151	0.01864401	0.3881709	2.7603	-0.2897951	0.430052	2.934989	-0.09786686	-0.1464505	2.914561	-0.2369008	-0.1252068	2.970203	0.07721157	0.08640554	2.762441	-0.3372977	0.1211308	3.017447	-0.06695984	-0.5720662	2.995731	-0.2497801	-0.5113525	3.044559	-0.05842516	-0.9403331	3.128585	-0.5794401	-0.4782529	2.865801	

0.06048899	-0.1796785	2.736156	-0.3757471	-0.1389627	3.043947	0.03711785	-0.3184074	2.761408	-0.3725522	-0.2592262	3.070983	-0.0162676	-0.1953656	2.816334	-0.4036765	-0.1887397	3.020166	-0.1599368	0.6235397	2.730146	-0.1212932	0.4945199	2.80207	-0.1276177	0.4178064	2.828681	-0.1460402	0.182483	2.898656	-0.1695192	-0.1383299	2.982027	0.01885208	0.3877586	2.760241	-0.289968	0.4295737	2.934806	-0.09783868	-0.1471935	2.915162	-0.2366441	-0.1259776	2.971284	0.07771389	0.08645377	2.762022	-0.3369096	0.121713	3.016746	-0.06527533	-0.5703783	2.998127	-0.2584922	-0.4864569	3.056031	-0.0551464	-0.9381879	3.129619	-0.5444359	-0.7200041	3.057756	

0.06186598	-0.1803221	2.735554	-0.3753751	-0.1383708	3.043974	0.03595931	-0.3240669	2.749536	-0.3738125	-0.255158	3.066604	-0.01261908	-0.1910195	2.8141	-0.3952354	-0.211309	3.040572	-0.1599383	0.6232172	2.729451	-0.1211823	0.4943905	2.80198	-0.1275163	0.4176188	2.828643	-0.1459893	0.1819547	2.898881	-0.1698708	-0.1396797	2.983	0.01881334	0.3876178	2.76008	-0.2899705	0.4292437	2.934469	-0.0980643	-0.1477111	2.915606	-0.2371239	-0.1284206	2.97286	0.07810249	0.08587617	2.761288	-0.3365998	0.1221701	3.015841	-0.06267582	-0.5690894	2.998847	-0.2585507	-0.4972589	3.069737	-0.05347178	-0.9374198	3.130128	-0.4870159	-0.7516589	3.194152	

0.06307046	-0.1803558	2.734709	-0.3752309	-0.138177	3.043881	0.03600046	-0.3244586	2.75287	-0.3712467	-0.2547991	3.059984	-0.00730815	-0.1909502	2.819522	-0.3974968	-0.1903966	3.030357	-0.1601264	0.6225089	2.728939	-0.1212018	0.4940642	2.801876	-0.1275055	0.4171822	2.828625	-0.1458639	0.1810288	2.899289	-0.1695962	-0.1413776	2.984272	0.01881393	0.3874317	2.759691	-0.289727	0.4281496	2.933625	-0.09803247	-0.1488041	2.917084	-0.2365883	-0.1307012	2.973799	0.07827428	0.08586117	2.760866	-0.3364814	0.1222689	3.01526	-0.05986028	-0.5674769	3.000504	-0.258135	-0.5028524	3.077228	-0.05186607	-0.9370974	3.1309	-0.1512488	-0.9018766	3.346346	

0.06381899	-0.1816532	2.73333	-0.3752534	-0.1386025	3.043919	0.03589382	-0.3222034	2.744373	-0.376838	-0.2558393	3.060024	-0.007475534	-0.1851266	2.8146	-0.3964558	-0.2016298	3.035386	-0.1602289	0.6220482	2.728267	-0.1209121	0.4936669	2.801235	-0.1272354	0.4166885	2.828209	-0.1455902	0.1800933	2.899384	-0.1693882	-0.1433492	2.985345	0.01887223	0.3872388	2.759572	-0.2898103	0.4280216	2.933486	-0.09804845	-0.1499939	2.917966	-0.2361156	-0.1333992	2.974928	0.07869542	0.08459391	2.759256	-0.3365107	0.121794	3.014974	-0.05682043	-0.5642734	3.002518	-0.2536447	-0.5270143	3.10157	-0.04975563	-0.9352996	3.132203	-0.1501567	-0.930235	3.35462	

0.06423548	-0.1832294	2.73178	-0.3752183	-0.138137	3.043635	0.03458163	-0.3242705	2.740708	-0.3799799	-0.2536306	3.075854	0.01207309	-0.192697	2.779	-0.4052017	-0.1813267	3.028	-0.1600807	0.6205333	2.727443	-0.1208504	0.4926506	2.800887	-0.1270745	0.4154574	2.827963	-0.1451195	0.1782432	2.899531	-0.1685277	-0.1457429	2.985893	0.01891636	0.386476	2.75937	-0.2898084	0.4279378	2.933386	-0.09739621	-0.1512322	2.91835	-0.2351408	-0.1370304	2.975559	0.0787831	0.08299793	2.758446	-0.3366158	0.1221898	3.014086	-0.04079216	-0.5665519	3.022465	-0.2529264	-0.5373938	3.116271	-0.04829405	-0.9346673	3.132574	-0.1520718	-0.9284493	3.341936	

0.06454282	-0.1837624	2.729076	-0.3764411	-0.1381317	3.04269	0.03522657	-0.3254886	2.732011	-0.3822692	-0.2577412	3.07028	0.02346986	-0.2211557	2.70069	-0.4049009	-0.2087304	3.037714	-0.1598008	0.6187418	2.727149	-0.1210048	0.4914787	2.800884	-0.1270671	0.4139855	2.827976	-0.1444937	0.1758465	2.899561	-0.1668207	-0.1493299	2.98559	0.018769	0.3841603	2.758635	-0.2899902	0.4265189	2.932282	-0.09556133	-0.1541032	2.917534	-0.2336568	-0.1411063	2.975756	0.07878429	0.08233526	2.757676	-0.3369124	0.1221154	3.013762	-0.03523888	-0.5679563	3.029049	-0.248428	-0.5550021	3.132646	-0.04489389	-0.9335904	3.13413	-0.1556585	-0.9332036	3.333834	

0.06435204	-0.1843849	2.727554	-0.3770608	-0.1390293	3.043026	0.02968501	-0.3294558	2.734785	-0.3887428	-0.2599583	3.071779	0.01587036	-0.2072417	2.7248	-0.4168261	-0.1753555	3.023421	-0.1593903	0.6167552	2.727488	-0.1213512	0.489638	2.801257	-0.1272459	0.4120488	2.828356	-0.1442438	0.1738243	2.899912	-0.1661545	-0.1511681	2.985702	0.01870168	0.3824744	2.758518	-0.2901071	0.4254561	2.931872	-0.09484388	-0.1553779	2.9173	-0.2330938	-0.1434725	2.976247	0.07861748	0.0815906	2.757334	-0.3380646	0.1212156	3.013892	-0.03157241	-0.5651667	3.03212	-0.2476543	-0.557147	3.136553	-0.04399794	-0.9329314	3.135181	-0.1589991	-0.9373717	3.333115	

0.06363493	-0.1854176	2.726238	-0.3793024	-0.1407598	3.043458	0.0269887	-0.3309333	2.733717	-0.3887256	-0.2576566	3.0798	0.0007575032	-0.2057052	2.8144	-0.4206941	-0.1642064	3.024364	-0.1592568	0.6159857	2.727671	-0.1215466	0.488148	2.801193	-0.1273714	0.4104773	2.828279	-0.1442196	0.1721641	2.899767	-0.1660282	-0.1527551	2.985337	0.01827707	0.3816363	2.759361	-0.290422	0.4236998	2.931432	-0.09425454	-0.1562821	2.916848	-0.2336431	-0.1459975	2.97591	0.07814058	0.08045041	2.756964	-0.3396079	0.1194324	3.014914	-0.03082511	-0.5654517	3.033112	-0.2392621	-0.5823992	3.157933	-0.04318148	-0.9322318	3.135647	-0.1627081	-0.9430661	3.332564	

0.06301888	-0.185558	2.726016	-0.3813408	-0.1408896	3.045145	0.02757015	-0.3190197	2.737086	-0.3959368	-0.2607462	3.089493	0.009986362	-0.206827	2.7301	-0.4160489	-0.1854967	3.027429	-0.1593003	0.6156335	2.728109	-0.1227059	0.4873737	2.802212	-0.128318	0.4096948	2.829165	-0.1447096	0.1714233	2.900321	-0.1661558	-0.1533954	2.985522	0.01759538	0.3813193	2.760382	-0.2916932	0.4233756	2.931126	-0.09426287	-0.1564255	2.916922	-0.2339309	-0.1472185	2.976177	0.07719927	0.08026968	2.75724	-0.3424512	0.1192649	3.015762	-0.03077297	-0.56695	3.034098	-0.2391494	-0.5849905	3.15954	-0.04293139	-0.9321659	3.135697	-0.1634814	-0.9442143	3.331697	

0.06195204	-0.1853369	2.725751	-0.3831452	-0.1400999	3.046001	0.02469769	-0.3206228	2.728829	-0.400496	-0.2529832	3.085876	0.01528957	-0.2088809	2.700655	-0.423641	-0.1659226	3.0229	-0.1593093	0.6158317	2.728755	-0.1259112	0.4862532	2.80533	-0.1307604	0.4086421	2.831605	-0.1455166	0.1707036	2.901225	-0.166091	-0.1537835	2.985515	0.01664381	0.3816383	2.76232	-0.2931466	0.4234301	2.930852	-0.09409412	-0.1565556	2.916967	-0.2340317	-0.1479257	2.976038	0.07627431	0.08042406	2.757472	-0.3444889	0.1199474	3.015905	-0.03076674	-0.5670327	3.034228	-0.2400246	-0.5627117	3.14514	-0.04215918	-0.9315569	3.135504	-0.1632421	-0.9455972	3.331358	

0.05867063	-0.18174	2.727677	-0.3855962	-0.138238	3.046019	0.0158252	-0.3177212	2.748902	-0.4047056	-0.2561609	3.074159	-0.008690846	-0.2033892	2.794778	-0.4208506	-0.203619	3.03345	-0.161935	0.6173377	2.735492	-0.1284976	0.4870715	2.809409	-0.1333139	0.409214	2.835402	-0.1477111	0.1706646	2.90393	-0.1673796	-0.1542137	2.986521	0.01355653	0.3825178	2.766643	-0.2964775	0.4228345	2.932054	-0.09498613	-0.1566778	2.918089	-0.2356581	-0.1485124	2.976861	0.07380021	0.08385251	2.761218	-0.3474734	0.1220081	3.01658	-0.03391679	-0.5529882	3.033337	-0.2373558	-0.578847	3.156497	-0.04075607	-0.9314267	3.13597	-0.1630404	-0.9470136	3.331743	

0.05569774	-0.1798928	2.730083	-0.3893398	-0.1409985	3.046212	0.01429602	-0.3134439	2.74444	-0.4095056	-0.2577788	3.07134	0.006816458	-0.2073946	2.712364	-0.4346077	-0.1497331	3.01475	-0.1644433	0.6194969	2.74062	-0.1309459	0.487388	2.813327	-0.1356034	0.409364	2.839073	-0.1494268	0.170397	2.906714	-0.1681849	-0.154758	2.987809	0.01132313	0.3829046	2.770447	-0.302336	0.4225676	2.937191	-0.09562016	-0.1569026	2.919327	-0.2365453	-0.1492299	2.978135	0.07171035	0.08550656	2.7654	-0.350587	0.1193802	3.018276	-0.03362075	-0.5542925	3.035279	-0.2358429	-0.5830534	3.159305	-0.04013625	-0.930617	3.136303	-0.1629179	-0.9470924	3.332067	

0.05321459	-0.1768673	2.733999	-0.392125	-0.141655	3.045976	0.01585375	-0.3122819	2.753098	-0.413735	-0.2560661	3.072514	-0.01262269	-0.1891452	2.818364	-0.4376031	-0.1291136	3.016333	-0.16716	0.6203846	2.746582	-0.1338869	0.4890379	2.818539	-0.1383152	0.410615	2.843714	-0.1514227	0.1706514	2.90974	-0.1692239	-0.1553118	2.988949	0.009023795	0.3832915	2.773459	-0.3048072	0.4214945	2.939243	-0.09635948	-0.1570574	2.920312	-0.2378422	-0.1501211	2.97942	0.06914346	0.0885714	2.769023	-0.3529321	0.1188306	3.019184	-0.03382614	-0.55114	3.035087	-0.2355152	-0.5849497	3.16109	-0.04005605	-0.9306043	3.136301	-0.1623509	-0.9487891	3.333684	

0.05159883	-0.1751884	2.739691	-0.3953004	-0.1410745	3.044363	0.01590127	-0.305875	2.763388	-0.4152277	-0.2606827	3.065953	-0.01670892	-0.1784649	2.8265	-0.4426641	-0.1566383	3.010929	-0.1711655	0.6237959	2.754513	-0.1383238	0.49101	2.824619	-0.1425916	0.4124067	2.849695	-0.1550756	0.1718041	2.915172	-0.1716552	-0.1551671	2.992801	0.004708257	0.3861021	2.779799	-0.3101216	0.4211638	2.944517	-0.09872666	-0.156309	2.924429	-0.2402203	-0.1503781	2.983037	0.06508363	0.09027082	2.776002	-0.3567464	0.1200614	3.021284	-0.03425837	-0.5509412	3.03576	-0.2353115	-0.5755219	3.160352	-0.04003051	-0.9306985	3.136612	-0.1624155	-0.9485629	3.333678	

0.04822488	-0.1739318	2.749542	-0.3975123	-0.1380775	3.043218	0.01856088	-0.3125786	2.781243	-0.4103429	-0.2582437	3.066957	-0.02035906	-0.1820316	2.832072	-0.4399445	-0.1955354	3.0095	-0.1756331	0.6279055	2.763289	-0.1446437	0.4959811	2.834135	-0.1485516	0.4169241	2.858697	-0.1599439	0.1749697	2.922625	-0.1749913	-0.1537827	2.997967	0.0005304768	0.390047	2.787234	-0.31748	0.4235552	2.952003	-0.101877	-0.1544376	2.929653	-0.2436117	-0.1493721	2.988154	0.06187624	0.09197888	2.779994	-0.3609539	0.1237494	3.02295	-0.03434528	-0.5602642	3.042611	-0.2341261	-0.5702543	3.165158	-0.04003119	-0.9307066	3.136607	-0.1623284	-0.9485813	3.333774	

0.046761	-0.1693332	2.753731	-0.3991494	-0.1348296	3.041982	0.01445559	-0.2973323	2.776451	-0.4128716	-0.2564507	3.063906	-0.02219401	-0.1777049	2.834421	-0.4404009	-0.1759193	3.013944	-0.1799136	0.6322033	2.77014	-0.1475039	0.4994304	2.839038	-0.1514616	0.4201596	2.863602	-0.1629518	0.1774863	2.927472	-0.1779715	-0.15244	3.002486	-0.002118419	0.392477	2.794174	-0.3195984	0.4255139	2.955091	-0.1046855	-0.1531489	2.933867	-0.2466491	-0.1479339	2.99297	0.05831448	0.09658837	2.785633	-0.3642564	0.1276096	3.024637	-0.03458281	-0.5624659	3.045008	-0.2327136	-0.5716611	3.174648	-0.04160522	-0.9323871	3.138399	-0.1625377	-0.9494058	3.334662	

0.04311698	-0.1638781	2.759545	-0.4016513	-0.1340948	3.043247	0.006827947	-0.2896197	2.775455	-0.4166467	-0.2610314	3.0773	-0.02811892	-0.1663467	2.8414	-0.4496687	-0.1280138	3.0235	-0.1851611	0.6366061	2.778459	-0.1505903	0.5030443	2.844524	-0.1547111	0.4236413	2.869119	-0.1666784	0.1805078	2.933072	-0.1822862	-0.1502421	3.008096	-0.006755004	0.3977337	2.80159	-0.3258862	0.427352	2.961694	-0.1093962	-0.1500852	2.939962	-0.2504819	-0.1465111	2.998135	0.05574993	0.101834	2.793741	-0.3680944	0.1286382	3.026861	-0.03565763	-0.561901	3.046337	-0.2280846	-0.56625	3.181812	-0.04098066	-0.931703	3.138374	-0.1624037	-0.9493566	3.335141	

0.04145391	-0.1565865	2.764353	-0.4052796	-0.1297877	3.045411	0.003288708	-0.2893398	2.777589	-0.4174117	-0.2599261	3.082318	-0.03123576	-0.1822397	2.844048	-0.4528824	-0.1429098	3.025307	-0.1899094	0.6439905	2.7877	-0.1557842	0.5068454	2.851919	-0.1594086	0.4271119	2.875957	-0.1699973	0.1830347	2.938353	-0.1840842	-0.1488449	3.01156	-0.0105916	0.4015899	2.809997	-0.3305382	0.4289577	2.96733	-0.1110892	-0.1483163	2.943073	-0.252333	-0.1455343	3.001976	0.05270404	0.108878	2.802285	-0.3749572	0.1337695	3.032757	-0.03793705	-0.5580958	3.046879	-0.2161579	-0.5728016	3.20419	-0.04103362	-0.9317854	3.138667	-0.1607668	-0.9487503	3.336448	

0.04009387	-0.1485284	2.768002	-0.4096283	-0.1276096	3.047859	0.003301822	-0.2905218	2.788922	-0.4273506	-0.260399	3.077647	-0.03407213	-0.1684068	2.84985	-0.4502233	-0.1838341	3.026091	-0.1928247	0.6458501	2.793052	-0.1590077	0.5095869	2.857646	-0.1626092	0.4297488	2.8814	-0.1730168	0.1852893	2.942888	-0.1866257	-0.1472548	3.014786	-0.01343901	0.4036889	2.814996	-0.3337475	0.4294609	2.971511	-0.1134778	-0.1461657	2.945928	-0.2549881	-0.1445405	3.005618	0.04979567	0.1167891	2.808279	-0.378154	0.1358404	3.035517	-0.03863556	-0.5572523	3.048192	-0.2160627	-0.5719632	3.207243	-0.04111214	-0.9317847	3.138735	-0.1582181	-0.9460232	3.337852	

0.03909621	-0.1460817	2.771349	-0.4125071	-0.1261783	3.05122	0.004602789	-0.2808903	2.794594	-0.4294955	-0.2491619	3.0779	-0.03878846	-0.1619159	2.852905	-0.4520202	-0.1520395	3.024055	-0.1961036	0.6481348	2.798863	-0.1613857	0.5117202	2.863089	-0.1646865	0.4316511	2.886209	-0.1742762	0.1865411	2.945989	-0.1870515	-0.1467425	3.016094	-0.01624431	0.405055	2.820319	-0.3355722	0.4289779	2.975096	-0.1136537	-0.1454248	2.946953	-0.2557004	-0.1442984	3.007292	0.04724308	0.119276	2.811795	-0.3812991	0.1373608	3.039438	-0.06420771	-0.5806611	3.100829	-0.2132317	-0.5705923	3.210321	-0.04136841	-0.9413917	3.140528	-0.1577823	-0.9486969	3.338692	

0.03792529	-0.1459378	2.773887	-0.4148085	-0.1235725	3.055295	0.002277181	-0.2818015	2.78846	-0.4339678	-0.2527682	3.084004	-0.04103367	-0.1678292	2.853467	-0.448742	-0.149122	3.024263	-0.1987838	0.6492776	2.803277	-0.1635443	0.5148069	2.867896	-0.1669526	0.4346836	2.891204	-0.1767759	0.1893011	2.951398	-0.1895907	-0.1446393	3.021567	-0.01838934	0.4061399	2.823718	-0.3403846	0.4344939	2.985541	-0.1167517	-0.1429918	2.952003	-0.2575762	-0.1425673	3.013127	0.0462293	0.1194644	2.813848	-0.385281	0.1402059	3.04381	-0.04458679	-0.5391371	3.050146	-0.2119443	-0.5690706	3.215358	-0.04195913	-0.9330485	3.139359	-0.1573998	-0.9484664	3.338971	

0.03693341	-0.1466472	2.775893	-0.4186479	-0.1262407	3.058609	0.003786077	-0.283126	2.801906	-0.440096	-0.2525982	3.085768	-0.04186868	-0.1586657	2.856217	-0.4584162	-0.153961	3.032095	-0.2034249	0.6511792	2.809156	-0.164837	0.5152399	2.870577	-0.1679872	0.4350855	2.893521	-0.1771716	0.1896033	2.952759	-0.1894987	-0.144476	3.022056	-0.02169762	0.4081568	2.828804	-0.3415702	0.4324294	2.98763	-0.1164361	-0.1424103	2.952491	-0.2576467	-0.1427301	3.013774	0.0450413	0.1187415	2.815988	-0.387819	0.1374085	3.04761	-0.06848761	-0.5791669	3.102787	-0.2097361	-0.5681406	3.217455	-0.04186281	-0.9398241	3.141346	-0.1572673	-0.9488379	3.339204	

0.0292645	-0.1471179	2.790166	-0.4243861	-0.1259738	3.07165	0.0007507927	-0.2778616	2.802596	-0.4471343	-0.253359	3.109474	-0.01548045	-0.1668151	2.776875	-0.4598803	-0.1503108	3.050964	-0.2109831	0.6550384	2.822487	-0.170924	0.5180686	2.883411	-0.173777	0.4377478	2.905484	-0.1819203	0.1917623	2.962058	-0.1926382	-0.1430403	3.027831	-0.02795532	0.4112028	2.839245	-0.3465012	0.4324229	2.998165	-0.1193982	-0.1404339	2.957624	-0.2608637	-0.1419581	3.02008	0.04074153	0.1184287	2.82727	-0.3946981	0.1377537	3.060143	-0.04486466	-0.5386242	3.05601	-0.2091636	-0.5655905	3.226066	-0.03957222	-0.9260352	3.141203	-0.1571557	-0.9492267	3.339663	

0.02357264	-0.133441	2.80356	-0.4283058	-0.1240598	3.096643	-0.00695887	-0.2741341	2.816932	-0.4431138	-0.2544402	3.134368	-0.02417906	-0.1737418	2.79025	-0.4573775	-0.1693368	3.075667	-0.2189854	0.6592457	2.842207	-0.1815449	0.5226522	2.906922	-0.1831931	0.4420387	2.926271	-0.1880144	0.1951696	2.975489	-0.1951567	-0.140908	3.033509	-0.03464547	0.4158928	2.858703	-0.3516147	0.4329599	3.013479	-0.1217047	-0.1370397	2.962868	-0.2636159	-0.1411064	3.026308	0.03010545	0.1316548	2.846889	-0.4017714	0.1394647	3.079892	-0.0458212	-0.5478041	3.05943	-0.2097142	-0.5657966	3.230152	-0.04031477	-0.9300592	3.140897	-0.157619	-0.9497643	3.340146	

0.02112295	-0.1361527	2.806465	-0.4274304	-0.1222401	3.104053	-0.007220048	-0.2794788	2.824365	-0.4349051	-0.2526852	3.142867	-0.02722231	-0.169304	2.791294	-0.4560259	-0.1519602	3.077914	-0.2209814	0.6608592	2.846287	-0.1831892	0.524052	2.910739	-0.1853166	0.4435215	2.930632	-0.1915329	0.1968022	2.981056	-0.1997914	-0.1393568	3.038998	-0.03647548	0.4163963	2.862226	-0.3534784	0.4324321	3.018636	-0.1260387	-0.1351631	2.967608	-0.2683664	-0.1399917	3.032419	0.02934328	0.1289068	2.849583	-0.4031646	0.141198	3.084603	-0.04731662	-0.5469136	3.059887	-0.2110077	-0.5663271	3.232847	-0.04085167	-0.9293186	3.14135	-0.1575781	-0.9497399	3.340358	

0.01594719	-0.1358152	2.815684	-0.4266769	-0.1201958	3.121378	-0.01348906	-0.2718253	2.8331	-0.4387256	-0.2583521	3.164484	-0.03234626	-0.1837876	2.803148	-0.4553557	-0.160302	3.09875	-0.226459	0.6624402	2.856993	-0.1872745	0.5246381	2.920173	-0.1897361	0.4441385	2.940111	-0.1966544	0.1975541	2.990163	-0.2053572	-0.1383608	3.04683	-0.04145958	0.418501	2.870541	-0.3553361	0.4332175	3.026994	-0.1318524	-0.1336033	2.975042	-0.2735398	-0.1395885	3.040573	0.02654586	0.1293535	2.857033	-0.4066799	0.1431297	3.098176	-0.05060114	-0.5468194	3.060388	-0.2151136	-0.5680414	3.237165	-0.04180109	-0.9291605	3.142073	-0.1577978	-0.9496465	3.340433	

0.01154289	-0.1308817	2.822891	-0.425842	-0.1236623	3.130196	-0.01776746	-0.2791576	2.845139	-0.4408253	-0.2595879	3.179651	-0.04115607	-0.1896878	2.818411	-0.457351	-0.1675267	3.119179	-0.2301207	0.6623582	2.864174	-0.190238	0.5259498	2.928114	-0.1931663	0.4454981	2.947461	-0.201475	0.1991245	2.996031	-0.2124602	-0.136306	3.051139	-0.04476117	0.4182898	2.875451	-0.3586806	0.4323495	3.036839	-0.1386135	-0.1339339	2.980245	-0.2814164	-0.1348591	3.044251	0.02178285	0.1342545	2.864773	-0.4081087	0.1397721	3.106661	-0.05311476	-0.5472034	3.060276	-0.218002	-0.5642153	3.238309	-0.0423626	-0.929107	3.142911	-0.1577857	-0.9497156	3.340394	

0.007732267	-0.1348967	2.828406	-0.4272027	-0.1232348	3.142067	-0.02060114	-0.2725718	2.846905	-0.4433822	-0.2590479	3.189868	-0.04858689	-0.1767849	2.828957	-0.4653423	-0.1367603	3.1235	-0.2332716	0.6629736	2.870987	-0.1918304	0.5269289	2.931975	-0.194995	0.4463755	2.951275	-0.203989	0.1996925	2.999587	-0.2157511	-0.1361759	3.054147	-0.04689128	0.4187687	2.881716	-0.360309	0.4322518	3.04196	-0.1418119	-0.133366	2.983141	-0.2844394	-0.1352671	3.047175	0.01839659	0.1303566	2.868856	-0.4088506	0.1390374	3.11138	-0.05398665	-0.5479285	3.060511	-0.2201654	-0.5637552	3.242541	-0.04282622	-0.9291282	3.143545	-0.1578171	-0.9492568	3.340494	

0.00464287	-0.1351723	2.83127	-0.4280278	-0.1242772	3.14774	-0.02384267	-0.2748008	2.853088	-0.4401789	-0.2586361	3.191571	-0.05085218	-0.1869763	2.826118	-0.4618385	-0.1441681	3.128037	-0.2351237	0.6636546	2.874203	-0.1940827	0.5268965	2.934354	-0.1970104	0.4464317	2.953181	-0.2053646	0.1999347	3.00035	-0.2166144	-0.1357886	3.053991	-0.04841736	0.4190707	2.883741	-0.361238	0.4321986	3.045189	-0.1423938	-0.1331614	2.982989	-0.2855194	-0.1347179	3.047009	0.01701219	0.1300897	2.870892	-0.4098813	0.1377821	3.115776	-0.05753783	-0.545487	3.059761	-0.2207151	-0.5626238	3.243281	-0.04435128	-0.931937	3.145879	-0.1592908	-0.9494521	3.340315	

0.001677886	-0.1348209	2.833792	-0.4276176	-0.1218569	3.152105	-0.03057051	-0.2742524	2.855016	-0.4417161	-0.259251	3.196212	-0.0567783	-0.175902	2.839313	-0.4576297	-0.1504684	3.13556	-0.2367057	0.663722	2.877605	-0.1952596	0.5277539	2.936317	-0.1983547	0.4471463	2.955105	-0.2071918	0.200237	3.002054	-0.2189598	-0.1360421	3.055169	-0.04993123	0.4186877	2.885746	-0.3618732	0.4327189	3.047048	-0.1445436	-0.1335504	2.983695	-0.2879364	-0.1348638	3.048685	0.0162899	0.1304581	2.872109	-0.4115916	0.1400885	3.118595	-0.05798817	-0.5458624	3.060259	-0.2219576	-0.5620345	3.245944	-0.04480513	-0.9318179	3.146091	-0.1593165	-0.9493901	3.340145	

-0.001413455	-0.1324463	2.836344	-0.4285418	-0.1217881	3.155741	-0.03318886	-0.2725974	2.854767	-0.4359271	-0.2618793	3.207489	-0.06170935	-0.1726667	2.842875	-0.462508	-0.1584248	3.137	-0.2386612	0.6636158	2.881366	-0.1984906	0.5287363	2.940497	-0.2020254	0.4480439	2.95959	-0.2122158	0.2008365	3.007293	-0.2256317	-0.1359361	3.060964	-0.05200844	0.4188395	2.887317	-0.3620946	0.4339215	3.04907	-0.1524431	-0.1339663	2.990548	-0.293201	-0.1344116	3.053407	0.01486059	0.1327923	2.874157	-0.4133672	0.1404145	3.123374	-0.05817974	-0.5459077	3.060364	-0.2226954	-0.5621809	3.24851	-0.04510595	-0.9317296	3.146248	-0.159288	-0.9494857	3.340206	

-0.004430913	-0.1302528	2.835538	-0.4289222	-0.1237955	3.157605	-0.03228698	-0.2742736	2.848189	-0.4388487	-0.2578777	3.200377	-0.06463423	-0.1748749	2.823786	-0.4650984	-0.1596041	3.1385	-0.2411391	0.6647101	2.885443	-0.1996667	0.5296102	2.942369	-0.2034924	0.4488289	2.961551	-0.2146889	0.2013369	3.009522	-0.2297501	-0.1359206	3.063505	-0.05469789	0.4195198	2.889836	-0.3620435	0.435312	3.051866	-0.1567542	-0.1340768	2.992786	-0.2969414	-0.134284	3.056193	0.01100154	0.134848	2.875311	-0.4152815	0.1389397	3.127869	-0.0588493	-0.5464046	3.060836	-0.2235446	-0.5626814	3.249432	-0.0454109	-0.9316533	3.14623	-0.1596372	-0.9495243	3.34051	

-0.006538039	-0.1290011	2.834125	-0.4297464	-0.1225261	3.157302	-0.04008287	-0.2761934	2.834764	-0.4399021	-0.2600519	3.202562	-0.05574191	-0.1853839	2.800263	-0.466355	-0.1509379	3.136468	-0.2426093	0.6649379	2.888586	-0.2004037	0.5298286	2.944032	-0.2040968	0.4490173	2.96265	-0.2149419	0.2014464	3.009622	-0.2300382	-0.1356364	3.062612	-0.05577599	0.4198192	2.890621	-0.3626338	0.4372758	3.055366	-0.1572539	-0.1334834	2.991242	-0.2970617	-0.1342066	3.055761	0.00961874	0.1359358	2.875087	-0.416016	0.1405278	3.129544	-0.05938612	-0.5469012	3.060956	-0.2238079	-0.562419	3.249367	-0.04546427	-0.9316732	3.146223	-0.1595774	-0.9494159	3.340456	

-0.007459607	-0.1280796	2.833755	-0.4307221	-0.1214653	3.157441	-0.03213811	-0.2731709	2.836728	-0.4428512	-0.2585604	3.206576	-0.062185	-0.1673944	2.81319	-0.4627544	-0.1516821	3.13113	-0.2442924	0.6647509	2.892148	-0.201675	0.5303528	2.94759	-0.2056426	0.4494936	2.966053	-0.2171388	0.2018068	3.012244	-0.2327497	-0.1354181	3.064157	-0.05680704	0.4198653	2.891625	-0.3636796	0.4369606	3.059797	-0.1600006	-0.133541	2.99238	-0.2996735	-0.1337305	3.057805	0.007854353	0.1368492	2.875281	-0.4166917	0.1417269	3.130662	-0.05986686	-0.547136	3.061271	-0.2243366	-0.5624666	3.249926	-0.04564057	-0.9311587	3.14666	-0.1596744	-0.9494151	3.3405	

-0.007766425	-0.1270241	2.83422	-0.4444422	-0.1207508	3.165439	-0.02952929	-0.2853076	2.860832	-0.4584292	-0.2517408	3.209546	-0.05091665	-0.2039307	2.803333	-0.482591	-0.1435689	3.139875	-0.2450482	0.6653677	2.895686	-0.2043224	0.530779	2.951741	-0.2075871	0.4497632	2.96928	-0.21755	0.2017991	3.013231	-0.2324482	-0.1355383	3.064117	-0.05872672	0.4206492	2.895336	-0.3643196	0.4367356	3.06077	-0.1594815	-0.1336434	2.992352	-0.299505	-0.1338686	3.057758	0.006570621	0.1378613	2.876647	-0.4201554	0.1411581	3.135808	-0.06069877	-0.5471178	3.06232	-0.2249563	-0.5621083	3.250973	-0.045928	-0.9312578	3.146961	-0.1599458	-0.9492084	3.340413	

-0.008044475	-0.1263228	2.834577	-0.4501036	-0.1198339	3.17299	-0.02996155	-0.2838379	2.860817	-0.4659356	-0.2541499	3.202974	-0.06013633	-0.1963688	2.824846	-0.4846193	-0.1431957	3.14388	-0.2455116	0.6665456	2.899482	-0.2046838	0.5315758	2.954313	-0.2079106	0.450441	2.97157	-0.2176231	0.2021062	3.014389	-0.2322584	-0.1355287	3.064178	-0.05959025	0.4210888	2.897177	-0.3645978	0.436668	3.061082	-0.1590647	-0.1335432	2.992691	-0.2993997	-0.1339075	3.057693	0.005757126	0.1384122	2.878543	-0.423291	0.1412603	3.140183	-0.06125905	-0.5471821	3.063509	-0.2257995	-0.5610858	3.253026	-0.04600471	-0.9310614	3.147029	-0.1602347	-0.9486006	3.340304	

-0.007717396	-0.126105	2.835078	-0.4567039	-0.1184012	3.183836	-0.02665954	-0.2743942	2.854366	-0.4751075	-0.2478735	3.23974	-0.04893596	-0.187363	2.815962	-0.48879	-0.1693939	3.1907	-0.2458935	0.6666835	2.90138	-0.2063249	0.5330337	2.958857	-0.2093029	0.4517038	2.975711	-0.2181646	0.2027835	3.017016	-0.231908	-0.1354645	3.06472	-0.0604396	0.4210416	2.898425	-0.3652776	0.4372056	3.061844	-0.1586333	-0.1332936	2.993423	-0.2991312	-0.1339967	3.058073	0.006159035	0.1385493	2.879676	-0.4279073	0.1425158	3.151335	-0.06163281	-0.5476718	3.064417	-0.2260449	-0.5610955	3.25368	-0.04617035	-0.9304228	3.147384	-0.1606226	-0.94815	3.340213	

0.0004059343	-0.1307261	2.847641	-0.4544509	-0.1096131	3.214126	0.005169753	-0.284381	2.881597	-0.4609315	-0.2480892	3.277153	-0.03985297	-0.1751641	2.8615	-0.488547	-0.1418228	3.193421	-0.2462745	0.6696258	2.904088	-0.2072215	0.534214	2.960493	-0.2097491	0.4528901	2.97703	-0.2173954	0.2042701	3.017718	-0.2265136	-0.1321438	3.063538	-0.06125095	0.4229051	2.901693	-0.3655141	0.4392469	3.06322	-0.1524502	-0.1293441	2.993423	-0.2944439	-0.1312847	3.055726	0.007141232	0.1350958	2.883578	-0.4296959	0.147369	3.161466	-0.06992632	-0.554045	3.061395	-0.2283962	-0.557941	3.253974	-0.04840829	-0.9306408	3.145054	-0.1618602	-0.9474896	3.339375	

0.0005529322	-0.1313807	2.847698	-0.4408991	-0.1140691	3.208763	-0.007139345	-0.2850637	2.875163	-0.4354029	-0.2459408	3.25825	-0.05002923	-0.1878958	2.869889	-0.4685027	-0.1632053	3.186278	-0.2456975	0.6704366	2.902364	-0.2074627	0.5346845	2.957846	-0.2099684	0.4535056	2.975171	-0.2174825	0.2051295	3.017115	-0.2265697	-0.1309783	3.063673	-0.06127428	0.42357	2.899195	-0.3646306	0.4402646	3.061323	-0.152521	-0.1289277	2.99366	-0.2945108	-0.1290262	3.055552	0.007836423	0.1345062	2.882697	-0.4273346	0.1452298	3.161815	-0.09933992	-0.5706887	3.041018	-0.2348303	-0.5587333	3.250065	-0.05083034	-0.9331769	3.144261	-0.1661639	-0.949441	3.338794	

0.004224992	-0.1460776	2.805514	-0.3944163	-0.134789	3.180687	-0.03050004	-0.2897768	2.844133	-0.398923	-0.2530318	3.208608	-0.09034818	-0.171999	2.841125	-0.4227216	-0.1812788	3.179	-0.2265672	0.6551924	2.84078	-0.1785298	0.5229888	2.8964	-0.183166	0.4423607	2.919407	-0.1988551	0.1964837	2.982767	-0.2209557	-0.1353568	3.056287	-0.03761718	0.4125433	2.837979	-0.3353694	0.4254315	3.01932	-0.147948	-0.1357916	2.984064	-0.2880406	-0.1316395	3.049758	0.03269777	0.1189122	2.833106	-0.3818164	0.1244919	3.133613	-0.1018328	-0.571909	3.027078	-0.2862845	-0.5552034	3.145656	-0.05433035	-0.9366627	3.141573	-0.1743412	-0.9494389	3.333992	

0.01062479	-0.1474038	2.785103	-0.3717048	-0.1362962	3.164479	-0.006358689	-0.2906142	2.793327	-0.3920177	-0.1728398	3.158869	-0.0781671	-0.1884328	2.831433	-0.3962886	-0.1233212	3.1398	-0.2208357	0.6508216	2.832021	-0.1728773	0.5200264	2.889723	-0.1779807	0.4399487	2.912985	-0.1928324	0.1947834	2.973552	-0.2126154	-0.1373593	3.042458	-0.03337089	0.4107171	2.831893	-0.3300728	0.4256271	3.015018	-0.1409652	-0.1406385	2.970869	-0.2784988	-0.1305144	3.035458	0.03665908	0.1174848	2.817623	-0.3695368	0.1247391	3.123802	-0.1008463	-0.572931	3.021701	-0.3134073	-0.5320231	3.094866	-0.0566965	-0.9385139	3.140724	-0.2012602	-0.9359391	3.321086	

0.03644043	-0.1461952	2.736486	-0.3513393	-0.1293186	3.144403	0.01447013	-0.2933398	2.74807	-0.3647584	-0.2655525	3.164556	-0.0324995	-0.206543	2.8153	-0.3691563	-0.2156204	3.1455	-0.2069453	0.6505828	2.813563	-0.1577139	0.5194142	2.871561	-0.1630059	0.440267	2.894196	-0.1781557	0.1979935	2.951862	-0.1985076	-0.1312509	3.018205	-0.01583974	0.4097905	2.814219	-0.3137906	0.4330779	3.003954	-0.1295252	-0.1384863	2.948036	-0.261998	-0.1201833	3.010035	0.05131117	0.1172165	2.789584	-0.3487338	0.131516	3.102576	-0.09115833	-0.5687152	3.011745	-0.3327266	-0.4719826	3.038899	-0.05809958	-0.9386782	3.138255	-0.2546917	-0.890884	3.276402	

0.03715407	-0.1405953	2.737027	-0.3527209	-0.1261071	3.144094	0.02023952	-0.2927145	2.743835	-0.3673672	-0.262071	3.165398	-0.02938177	-0.1700308	2.820834	-0.3703024	-0.2140913	3.145872	-0.2038424	0.6508965	2.809019	-0.1553755	0.5197426	2.868796	-0.160572	0.4407917	2.891055	-0.175617	0.1991262	2.947672	-0.1957093	-0.1293653	3.012432	-0.01414554	0.4106184	2.811178	-0.3110265	0.4340374	3.001107	-0.1262019	-0.1366595	2.941679	-0.2598943	-0.1184835	3.004983	0.05562294	0.1233824	2.784902	-0.3463989	0.133894	3.098816	-0.08321068	-0.55633	2.999184	-0.3475942	-0.468882	3.020854	-0.05851655	-0.9386017	3.136945	-0.1839671	-0.775378	3.281281	

0.0458404	-0.1472471	2.7315	-0.3547622	-0.119749	3.139017	0.03706764	-0.3004852	2.74461	-0.3714105	-0.08651082	3.118227	-0.009210607	-0.178021	2.822072	-0.3719411	-0.054428	3.102778	-0.1949596	0.6517009	2.797925	-0.1484799	0.5192173	2.858139	-0.1535756	0.4406507	2.880668	-0.1684911	0.1999937	2.938317	-0.1882445	-0.1275359	3.004529	-0.00778982	0.4102948	2.801566	-0.2992277	0.4377527	2.983721	-0.1188522	-0.1352214	2.934256	-0.2526407	-0.1164148	2.996651	0.06118122	0.1171961	2.777187	-0.3410761	0.1391528	3.090324	-0.07968741	-0.5579622	2.998105	-0.3936593	-0.4535367	2.972805	-0.05819244	-0.9385357	3.135452	-0.2242686	-0.8020549	3.267724	

0.05741324	-0.1555318	2.72912	-0.3645481	-0.1160773	3.118054	0.05722053	-0.3076414	2.742992	-0.3817182	-0.1157056	3.098218	0.03155436	-0.2256087	2.703688	-0.3800961	-0.1067488	3.085	-0.1839045	0.6498562	2.781268	-0.1410008	0.5172116	2.847891	-0.1464816	0.4389875	2.871106	-0.1625382	0.1992192	2.930729	-0.1836375	-0.1274711	2.999358	-0.002475995	0.4093881	2.793567	-0.2964106	0.4380405	2.977336	-0.1143984	-0.1353122	2.929746	-0.2480067	-0.1162236	2.990736	0.06973004	0.1093862	2.771932	-0.3396867	0.144356	3.08024	-0.07587817	-0.5622911	2.996489	-0.3934214	-0.4512039	2.970632	-0.05786059	-0.9369635	3.132689	-0.2321654	-0.7778514	3.292263	

0.05992895	-0.1576384	2.73265	-0.3747343	-0.115172	3.092026	0.04514298	-0.3180191	2.773408	-0.398799	-0.1733641	3.066945	-0.007518569	-0.1864552	2.821241	-0.4009787	-0.1381587	3.062084	-0.1741341	0.6467712	2.769329	-0.1319698	0.5143982	2.834291	-0.1383539	0.436579	2.858902	-0.156952	0.1979015	2.922411	-0.1808372	-0.1277231	2.995369	0.004804533	0.4071496	2.786181	-0.2926073	0.4391974	2.964863	-0.1111815	-0.136113	2.926423	-0.2456468	-0.1159104	2.985903	0.07156941	0.1076683	2.772076	-0.3418135	0.1456628	3.061395	-0.07403127	-0.5634943	2.994261	-0.388069	-0.4518587	2.970176	-0.05767898	-0.9370642	3.131892	-0.2290678	-0.7775227	3.293759	

0.06114881	-0.1595073	2.738419	-0.3795598	-0.1176251	3.064728	0.04686274	-0.3098972	2.765603	-0.4033643	-0.1945822	3.069937	-0.01524413	-0.2248445	2.822067	-0.4085397	-0.1392792	3.054572	-0.1690391	0.6454829	2.762642	-0.1293847	0.5129714	2.829668	-0.1359408	0.4352984	2.854424	-0.1551908	0.1971232	2.91864	-0.1800938	-0.1278116	2.993091	0.009083278	0.4054898	2.782552	-0.2919617	0.4389811	2.961949	-0.1100525	-0.1363808	2.924748	-0.2453926	-0.115799	2.982861	0.07353143	0.1061987	2.773084	-0.3417508	0.1449503	3.052132	-0.07340278	-0.5592729	2.990758	-0.385254	-0.452624	2.969545	-0.05776379	-0.93757	3.130707	-0.225655	-0.7780761	3.293043	

0.06118255	-0.1613324	2.740737	-0.3818888	-0.1231111	3.06206	0.04636629	-0.3120197	2.769536	-0.4013444	-0.2069636	3.041983	-0.01538934	-0.2000511	2.8216	-0.4053607	-0.1687675	3.039091	-0.1667212	0.6444823	2.76043	-0.127872	0.5123022	2.828094	-0.1345644	0.4346449	2.852808	-0.1542564	0.1965501	2.91696	-0.1798299	-0.1281683	2.991584	0.01225812	0.4032948	2.781108	-0.2911173	0.4379325	2.957353	-0.1093662	-0.136985	2.923586	-0.245601	-0.115907	2.980894	0.07460552	0.1044086	2.774248	-0.3419214	0.1387765	3.046312	-0.0727561	-0.5606663	2.99123	-0.3799379	-0.4548301	2.969496	-0.05771181	-0.9375851	3.130345	-0.2253539	-0.782724	3.292871	

0.05978195	-0.1623972	2.744615	-0.3811136	-0.1278367	3.057722	0.0333398	-0.319154	2.776243	-0.3972627	-0.2315445	3.042177	-0.02402182	-0.2045427	2.81749	-0.4093993	-0.1547614	3.029632	-0.1640269	0.6428763	2.756593	-0.1259658	0.5104014	2.824651	-0.1327969	0.4327931	2.849454	-0.152954	0.1948998	2.91395	-0.179251	-0.1293841	2.989291	0.01333918	0.4020017	2.779485	-0.2911348	0.4382093	2.955947	-0.1084807	-0.138552	2.921695	-0.2453301	-0.116766	2.978255	0.0744056	0.1035514	2.774286	-0.3419264	0.1337493	3.038525	-0.07371049	-0.5617074	2.990586	-0.3704166	-0.4586022	2.973007	-0.05807618	-0.9375987	3.130173	-0.2868802	-0.7573739	3.153511	

0.05840361	-0.1634238	2.745651	-0.3800849	-0.1276799	3.057454	0.03370384	-0.3187287	2.768577	-0.3936975	-0.2295437	3.049848	-0.02826571	-0.2102364	2.817138	-0.4044454	-0.1724511	3.0342	-0.1623117	0.6423342	2.753172	-0.1249981	0.5089777	2.822145	-0.1318724	0.4313393	2.846916	-0.152203	0.1933835	2.911348	-0.1788695	-0.1308662	2.986772	0.01434594	0.4008458	2.777818	-0.2905961	0.4364764	2.952319	-0.1076668	-0.1401564	2.919874	-0.245448	-0.1181034	2.974974	0.07417761	0.102553	2.77373	-0.3417741	0.1338021	3.036385	-0.07406113	-0.5636607	2.990755	-0.3668503	-0.4602654	2.977431	-0.05849606	-0.937778	3.129764	-0.193671	-0.7188756	3.157875	

0.05755326	-0.1635699	2.745009	-0.3787681	-0.1271424	3.058413	0.03310596	-0.3184864	2.758516	-0.3898854	-0.2199915	3.05252	-0.02703109	-0.2077923	2.81597	-0.4046709	-0.1154716	3.0477	-0.1615947	0.6418384	2.751713	-0.1246712	0.5082473	2.820781	-0.1315651	0.4307153	2.845629	-0.1519631	0.1930489	2.910278	-0.1787475	-0.1308795	2.985973	0.01474694	0.4007093	2.776427	-0.2904322	0.4366773	2.95126	-0.1074287	-0.14028	2.918939	-0.245415	-0.1180347	2.97439	0.07407264	0.1023571	2.773178	-0.3417632	0.1344039	3.036344	-0.07410415	-0.5636599	2.990712	-0.3636709	-0.4605449	2.982033	-0.05846327	-0.9378437	3.129535	-0.1906952	-0.6239586	3.221069	

0.05693084	-0.1632572	2.743719	-0.3760335	-0.1263967	3.061118	0.0352166	-0.3172458	2.755688	-0.3873508	-0.2159509	3.054357	-0.02871738	-0.2101519	2.817204	-0.3952191	-0.1748607	3.047	-0.1606903	0.6412383	2.750321	-0.1238139	0.5078023	2.819713	-0.1308254	0.430327	2.844635	-0.151544	0.1928207	2.9095	-0.1786692	-0.1309294	2.985458	0.01531246	0.4004942	2.774805	-0.2903524	0.4371198	2.950784	-0.1073048	-0.1404033	2.918507	-0.2453827	-0.1180036	2.973848	0.07433227	0.1026273	2.771716	-0.3417524	0.1351515	3.036302	-0.07402625	-0.564481	2.990805	-0.3621872	-0.4605517	2.984401	-0.05903358	-0.9381297	3.129162	-0.1901279	-0.6218392	3.216862	

0.05685779	-0.1638996	2.74033	-0.3744956	-0.1248966	3.064683	0.03307194	-0.3224437	2.747954	-0.3867216	-0.2115424	3.07136	-0.02020228	-0.194628	2.8215	-0.3988388	-0.1224061	3.051	-0.160033	0.6407006	2.749356	-0.1234958	0.5074955	2.819052	-0.1305299	0.4300606	2.844049	-0.1513301	0.1926715	2.909122	-0.1785837	-0.1309503	2.985319	0.01576299	0.4003099	2.774149	-0.2903785	0.436925	2.948948	-0.1071788	-0.1404408	2.918467	-0.2453364	-0.1180058	2.973565	0.07492889	0.1018068	2.770473	-0.3420324	0.1364485	3.036914	-0.07422756	-0.5654863	2.992477	-0.3605844	-0.4606375	2.986793	-0.05902649	-0.9381919	3.12921	-0.1997962	-0.7209501	3.175086	

0.05670916	-0.1635328	2.738091	-0.3736116	-0.1242689	3.068091	0.03467753	-0.3241712	2.746138	-0.3897607	-0.2152893	3.08285	-0.0151936	-0.1875661	2.821882	-0.3990731	-0.120649	3.053298	-0.1593637	0.6400284	2.747846	-0.1234732	0.5072403	2.818837	-0.1304765	0.4297982	2.843823	-0.151184	0.1923952	2.90887	-0.1783446	-0.1312011	2.985065	0.01595022	0.4002093	2.773702	-0.290357	0.4368753	2.947755	-0.1067864	-0.1408336	2.918353	-0.2451975	-0.1181634	2.97319	0.07502005	0.1020905	2.769262	-0.342224	0.1366976	3.037186	-0.07433933	-0.5654325	2.993407	-0.3596366	-0.4607255	2.988362	-0.05903748	-0.938258	3.129413	-0.1997447	-0.7226774	3.175233	

0.05721518	-0.1638036	2.736516	-0.3731173	-0.1232823	3.071764	0.03463323	-0.3239212	2.744038	-0.388336	-0.2146161	3.095526	-0.00906444	-0.1866613	2.8222	-0.4049536	-0.1249726	3.067445	-0.1588711	0.6395875	2.747537	-0.1240057	0.5067211	2.818532	-0.1308309	0.429356	2.843545	-0.1511908	0.1921079	2.908647	-0.1779663	-0.1314379	2.984805	0.01598827	0.4000773	2.773573	-0.2908273	0.4362132	2.94545	-0.1061608	-0.1410823	2.918325	-0.244975	-0.1184367	2.972683	0.07516939	0.1017655	2.768764	-0.3424949	0.1371403	3.037263	-0.07275142	-0.5670141	2.995935	-0.3569049	-0.461188	2.991398	-0.05910812	-0.9382139	3.12937	-0.1978218	-0.7286492	3.17156	

0.05732251	-0.1639877	2.736318	-0.3734071	-0.1232522	3.072448	0.03894395	-0.3151769	2.737742	-0.3881797	-0.2245865	3.091689	-0.0166763	-0.197314	2.820448	-0.4030121	-0.1235807	3.055475	-0.1586248	0.6396706	2.747353	-0.124117	0.5064445	2.818518	-0.1309061	0.4290715	2.843488	-0.1511417	0.1917664	2.908434	-0.1776866	-0.1318622	2.984303	0.01602137	0.3998633	2.773572	-0.2912723	0.436286	2.944965	-0.1057997	-0.1414033	2.9182	-0.2448317	-0.1190196	2.971621	0.07511221	0.1015873	2.768623	-0.3430767	0.1371342	3.037563	-0.07181563	-0.5683932	2.997465	-0.3343113	-0.4708067	2.976625	-0.05918571	-0.9382579	3.129327	-0.1634337	-0.7082264	3.183458	

0.05733594	-0.1639068	2.736373	-0.3746041	-0.1232466	3.073414	0.0384223	-0.3167051	2.745575	-0.3900231	-0.2235028	3.097031	-0.01532617	-0.1953187	2.820595	-0.4046226	-0.1622442	3.068273	-0.1585942	0.6396613	2.747373	-0.1243179	0.5061723	2.818505	-0.1310321	0.4288023	2.843392	-0.1510216	0.1913686	2.90795	-0.1768478	-0.132491	2.982768	0.01609773	0.3998837	2.773668	-0.2920417	0.4361882	2.942195	-0.104694	-0.1418858	2.917338	-0.244358	-0.1197974	2.969305	0.07512069	0.1016728	2.768624	-0.3440318	0.1368831	3.03734	-0.07211498	-0.5688383	2.997236	-0.2561906	-0.4984795	3.02861	-0.05919765	-0.9384381	3.129389	-0.5946766	-0.569468	2.894082	

0.05771401	-0.1639496	2.73746	-0.375345	-0.1232575	3.072628	0.03713011	-0.3186568	2.759834	-0.3898723	-0.2329679	3.085685	-0.01637081	-0.1947376	2.82024	-0.4184429	-0.1225158	3.057	-0.1585345	0.6396192	2.747403	-0.1244386	0.5059865	2.818496	-0.1311176	0.4285793	2.843313	-0.1509447	0.1909425	2.907536	-0.1764237	-0.1332196	2.981718	0.01649051	0.3996504	2.774089	-0.2934833	0.4353446	2.94077	-0.1040333	-0.1423901	2.916907	-0.244296	-0.1208056	2.967458	0.07501866	0.1016884	2.769327	-0.3454797	0.1369219	3.036361	-0.0760828	-0.5682672	2.99336	-0.2560107	-0.4989929	3.028609	-0.05929703	-0.9384512	3.129343	-0.5940114	-0.5637819	2.889824	

0.05971365	-0.1643851	2.74278	-0.3793342	-0.1228312	3.048312	0.04086603	-0.3193237	2.771621	-0.3918752	-0.234202	3.052725	-0.03029686	-0.2092174	2.815489	-0.4155024	-0.1559192	3.01325	-0.1568596	0.6395645	2.748096	-0.1241821	0.5059038	2.818486	-0.1308045	0.4284529	2.843155	-0.1502992	0.1906084	2.906475	-0.1754882	-0.1338452	2.978703	0.01812035	0.3996734	2.775621	-0.2951741	0.4346982	2.939156	-0.1027455	-0.1426258	2.914975	-0.2438687	-0.121825	2.963411	0.07600042	0.1013619	2.773912	-0.3492045	0.1393935	3.024291	-0.07509041	-0.5691458	2.994444	-0.2556981	-0.49904	3.031374	-0.05942259	-0.9384128	3.129398	-0.5939301	-0.5747876	2.900082	

0.06342348	-0.1645089	2.747893	-0.386548	-0.1234599	3.028877	0.04633287	-0.3183138	2.767141	-0.3847184	-0.2520974	3.023174	0.02930124	-0.2164897	2.732924	-0.4049405	-0.2085212	3.015417	-0.1542433	0.6401074	2.749273	-0.1238223	0.5059201	2.818647	-0.1305558	0.4284452	2.843171	-0.1501498	0.1905664	2.906171	-0.1756701	-0.1339299	2.97769	0.02095438	0.399625	2.778305	-0.2963756	0.4349163	2.939169	-0.1027067	-0.142595	2.914737	-0.2444384	-0.1220992	2.961371	0.07808354	0.1014335	2.777431	-0.3506507	0.1394182	3.016514	-0.07348923	-0.5696121	2.995378	-0.2556154	-0.4983371	3.035819	-0.0594788	-0.9384972	3.12959	-0.595215	-0.6274075	2.976847	

0.06721143	-0.1648242	2.75078	-0.3936837	-0.1257301	3.017604	0.05777624	-0.3192567	2.76884	-0.3843638	-0.263747	3.01574	0.0271726	-0.2394558	2.751643	-0.4247607	-0.1649862	2.978379	-0.1518724	0.6406081	2.750113	-0.1237276	0.5056862	2.818975	-0.1304721	0.4282697	2.843308	-0.1500634	0.1904365	2.906036	-0.1755536	-0.134027	2.977082	0.02291048	0.3987962	2.780502	-0.2975005	0.4350195	2.93918	-0.1024653	-0.1425924	2.914601	-0.2445625	-0.1223267	2.960074	0.0794538	0.1012513	2.780043	-0.3515214	0.1367495	3.012067	-0.07293654	-0.567736	2.994989	-0.2709923	-0.4667708	3.034094	-0.05964835	-0.9385396	3.129636	-0.4190314	-0.8001471	3.047581	

0.06974249	-0.1651831	2.752296	-0.3958102	-0.1279531	3.015877	0.05767341	-0.3189105	2.765839	-0.3958077	-0.2531567	3.024985	0.02767245	-0.2689735	2.759778	-0.4315032	-0.1818461	2.986	-0.1503345	0.6407889	2.751026	-0.1235982	0.5054852	2.819257	-0.1303184	0.4280836	2.843427	-0.1497023	0.1901678	2.905737	-0.1747324	-0.134397	2.975955	0.02410297	0.3982016	2.78235	-0.2979425	0.4351703	2.938749	-0.1011762	-0.142764	2.913552	-0.2440953	-0.1227803	2.959119	0.08020768	0.1009639	2.781544	-0.3514119	0.1340766	3.009561	-0.07294669	-0.5677532	2.994996	-0.2531928	-0.5009245	3.042285	-0.06020754	-0.9382646	3.129253	-0.5851132	-0.6446755	2.968019	

0.07513244	-0.164162	2.758171	-0.3959544	-0.1321545	3.016532	0.06415059	-0.3190667	2.771572	-0.391832	-0.2548549	3.02528	0.04428224	-0.2247101	2.735501	-0.4270185	-0.1473379	2.993667	-0.1499998	0.6405674	2.751121	-0.1232706	0.5049627	2.819924	-0.1298336	0.4275094	2.843922	-0.1486224	0.1893872	2.905791	-0.1724858	-0.1355219	2.975591	0.02431315	0.3977507	2.783965	-0.2988614	0.4345815	2.937855	-0.09770159	-0.1434377	2.913464	-0.2426182	-0.1242431	2.958724	0.08252309	0.1021519	2.786295	-0.3513952	0.1297572	3.009293	-0.07285991	-0.5681347	2.995844	-0.252764	-0.5028402	3.043539	-0.06029019	-0.9382939	3.129457	-0.5807667	-0.6497232	2.955512	

0.07738899	-0.1641375	2.761134	-0.3947006	-0.1330093	3.018418	0.06114259	-0.3194355	2.781292	-0.4005666	-0.2497161	3.031594	0.04175894	-0.2467178	2.74812	-0.4237508	-0.1378196	2.996167	-0.1508536	0.6397514	2.75142	-0.1237514	0.5043796	2.82022	-0.1300576	0.427024	2.844106	-0.1484249	0.1890584	2.905811	-0.1714373	-0.1358344	2.975678	0.02408936	0.3978625	2.784555	-0.3000966	0.4340684	2.937073	-0.0964236	-0.1433886	2.913469	-0.241702	-0.1249014	2.959018	0.08363906	0.1022494	2.788418	-0.3517349	0.1290339	3.009458	-0.07260242	-0.5683164	2.996165	-0.2527657	-0.5028747	3.043497	-0.05973108	-0.9382335	3.129553	-0.5821047	-0.6450785	2.950915	

0.08080484	-0.1644542	2.766967	-0.386888	-0.1330161	3.032541	0.06691504	-0.3143648	2.794492	-0.3824566	-0.2572847	3.064876	0.03968472	-0.2307608	2.774555	-0.4068299	-0.2002915	3.0276	-0.1601862	0.6369481	2.747299	-0.1282834	0.5027951	2.816113	-0.1332078	0.4255333	2.841023	-0.148974	0.1881712	2.904853	-0.1707114	-0.1365617	2.976002	0.02143111	0.3977209	2.78332	-0.3060007	0.4303523	2.934142	-0.09575995	-0.1436843	2.91385	-0.2409157	-0.1262017	2.959395	0.08394692	0.1022233	2.788773	-0.3531631	0.1289714	3.010381	-0.07234912	-0.5682079	2.996434	-0.2526531	-0.5029001	3.043531	-0.05960825	-0.938548	3.129804	-0.580115	-0.6544501	2.959371	

0.08407797	-0.1659672	2.777156	-0.3826548	-0.130928	3.047352	0.0768123	-0.3154816	2.810526	-0.3829898	-0.256456	3.092803	0.05249202	-0.1962193	2.764637	-0.3980853	-0.2184493	3.068	-0.1755748	0.6348214	2.737251	-0.1380541	0.5009412	2.807237	-0.140727	0.4235656	2.833352	-0.1508811	0.1864626	2.9008	-0.1688729	-0.1378481	2.974897	0.01238851	0.3961919	2.775749	-0.3129969	0.4248977	2.927363	-0.09373844	-0.1438623	2.912252	-0.2390725	-0.1288198	2.958789	0.08459366	0.1008625	2.789366	-0.3549731	0.1297082	3.012235	-0.07235868	-0.5682151	2.996451	-0.2524344	-0.5026557	3.043768	-0.0597504	-0.9391424	3.130379	-0.5787539	-0.6604527	2.966851	

0.08954723	-0.1691366	2.784175	-0.3815827	-0.1267523	3.069633	0.09265193	-0.3075678	2.828909	-0.3853157	-0.2430845	3.111433	0.05344393	-0.205859	2.793934	-0.4050488	-0.1375813	3.0615	-0.1928272	0.6286824	2.728101	-0.1496691	0.4963154	2.790486	-0.1507949	0.4193839	2.819335	-0.155305	0.1838159	2.894641	-0.1687076	-0.1382966	2.974977	0.0007680622	0.392899	2.762914	-0.3203846	0.4218338	2.921345	-0.09369177	-0.1439192	2.912178	-0.2387629	-0.130024	2.95943	0.08513158	0.09749114	2.788539	-0.3562624	0.1293962	3.013905	-0.07501586	-0.5680438	2.993349	-0.2534277	-0.5018221	3.043839	-0.05976406	-0.9391907	3.130376	-0.5847557	-0.654961	2.982405	

0.09060941	-0.1752103	2.788375	-0.3843187	-0.1715076	3.088854	0.09646167	-0.3016259	2.845996	-0.3819817	-0.2430931	3.111756	0.05189214	-0.199861	2.801412	-0.394745	-0.1790008	3.083882	-0.2477188	0.5923293	2.67978	-0.1957421	0.4661835	2.744137	-0.1931954	0.3896142	2.77812	-0.1826284	0.1570361	2.871881	-0.1705599	-0.1517782	2.978958	-0.04139487	0.3650728	2.711114	-0.3523944	0.3792909	2.866971	-0.09423737	-0.1513635	2.9136	-0.242706	-0.1499124	2.967049	0.07978008	0.09030665	2.778157	-0.3687711	0.08203037	3.022227	-0.1150565	-0.5715585	2.966642	-0.2867983	-0.5132671	3.054074	-0.0614476	-0.9407508	3.127811	-0.6361	-0.4347565	2.951724	

0.09210348	-0.2055679	2.7967	-0.3848523	-0.1753957	3.089758	0.08942959	-0.3256161	2.858136	-0.3916096	-0.2687797	3.133673	0.04313194	-0.2267222	2.8057	-0.4130523	-0.19397	3.079778	-0.2595426	0.5707532	2.667007	-0.2065708	0.4427004	2.72562	-0.2021378	0.3684737	2.763803	-0.1888464	0.1389822	2.865532	-0.1732482	-0.1781316	2.986212	-0.05475045	0.3394445	2.698899	-0.3624564	0.3525103	2.85642	-0.0954603	-0.1768199	2.919578	-0.2464115	-0.1740468	2.974609	0.07042837	0.05626767	2.764916	-0.3715982	0.07607833	3.016584	-0.1272209	-0.5721253	2.961301	-0.2978643	-0.5168672	3.052094	-0.06505861	-0.9438929	3.124714	-0.6337256	-0.4070456	2.933009	

0.06041315	-0.2513522	2.779362	-0.4268151	-0.2472364	3.070299	0.05867356	-0.3866022	2.84063	-0.4383101	-0.3271137	3.131955	0.02031217	-0.2973478	2.788778	-0.4529727	-0.2657751	3.066	-0.2736216	0.5174794	2.652928	-0.2216753	0.391618	2.713086	-0.2178199	0.3162463	2.752759	-0.2051692	0.08562006	2.861792	-0.1870698	-0.2277176	2.996729	-0.07108532	0.2863367	2.691764	-0.378372	0.2981641	2.843644	-0.1087331	-0.2298459	2.930268	-0.2597749	-0.2173691	2.984616	0.05131304	0.01024404	2.743298	-0.3877235	-0.0005196589	2.992988	-0.1819178	-0.5861107	2.940488	-0.3417926	-0.5569507	3.034618	-0.06656586	-0.9487664	3.123358	-0.7084267	-0.5249285	3.021518	

-0.01731831	-0.3055153	2.695528	-0.4861992	-0.2777074	2.990401	-0.0312153	-0.45404	2.706037	-0.5120609	-0.3638359	3.026236	-0.06967692	-0.374238	2.708067	-0.512501	-0.2774637	2.959	-0.2724133	0.5120076	2.652979	-0.2249096	0.3784797	2.709007	-0.2234243	0.3016489	2.746231	-0.2213203	0.06486501	2.84444	-0.22237	-0.2557596	2.960082	-0.07997489	0.2654155	2.683737	-0.3885266	0.2918603	2.839747	-0.1440731	-0.2593888	2.894364	-0.2947616	-0.2454052	2.947889	0.005219805	-0.04027259	2.704238	-0.4130045	-0.02701841	2.955826	-0.2280775	-0.6043789	2.919737	-0.3657892	-0.5898479	2.987314	-0.07364638	-0.9531916	3.11547	-0.4033281	-0.9386951	3.077604	

-0.113547	-0.2434919	2.597271	-0.5308456	-0.2352505	2.89451	-0.1976035	-0.3901887	2.630391	-0.5520979	-0.3058736	2.894106	-0.1926816	-0.286822	2.578534	-0.5408433	-0.2059961	2.847125	-0.2735601	0.5252475	2.647748	-0.2335043	0.3961035	2.690599	-0.2372534	0.3213984	2.725202	-0.2517099	0.09280793	2.818325	-0.2671635	-0.2232518	2.937735	-0.101445	0.2836987	2.656374	-0.4026183	0.3168187	2.804408	-0.1847744	-0.2314816	2.871374	-0.3424112	-0.2091137	2.926215	-0.02952477	0.006607077	2.647599	-0.4447116	0.01545855	2.92451	-0.1985406	-0.5966997	2.893346	-0.3652608	-0.557916	2.978004	-0.07602747	-0.9547694	3.113132	-0.07961881	-0.797685	3.292959	

-0.1490974	-0.08658811	2.572746	-0.4936595	-0.0658244	2.801412	-0.218228	-0.1732107	2.577919	-0.5075663	-0.1155234	2.790092	-0.2206334	-0.06139389	2.627666	-0.5110677	-0.06967024	2.7705	-0.3093849	0.62158	2.627344	-0.2617202	0.4981934	2.665697	-0.2625746	0.4204805	2.698665	-0.2640804	0.1821646	2.787767	-0.2649331	-0.142436	2.896228	-0.127088	0.3725918	2.611387	-0.4252746	0.4095791	2.798292	-0.1904478	-0.149165	2.827959	-0.3322271	-0.1318796	2.886503	0.002601467	0.1313121	2.61435	-0.4602712	0.1723853	2.928324	-0.1585904	-0.582202	2.922932	-0.4678355	-0.4528092	2.941166	-0.07624012	-0.9547175	3.112955	-0.1144735	-0.6227853	3.23597	

-0.1459452	0.05217689	2.565972	-0.467135	0.009684141	2.746025	-0.2291978	-0.01863482	2.593565	-0.4781078	-0.1022572	2.702352	-0.142342	0.006311043	2.655435	-0.4816771	-0.05645369	2.682747	-0.3421123	0.6896276	2.608771	-0.2849591	0.5734178	2.65162	-0.2861941	0.4957541	2.683032	-0.2887762	0.2572553	2.767626	-0.2909974	-0.06805795	2.870258	-0.1456277	0.4519825	2.589603	-0.4265926	0.4906313	2.760891	-0.2193012	-0.08030982	2.80538	-0.3547361	-0.05396756	2.857147	0.03383803	0.2499538	2.591261	-0.4680173	0.2454494	2.883303	-0.1340062	-0.5305601	2.927023	-0.5153	-0.3499703	2.946831	-0.0742068	-0.9464616	3.101308	-0.3040898	-0.5821352	3.127153	

-0.1215795	0.04758397	2.561773	-0.4948305	0.01165756	2.679557	-0.1955055	-0.05583278	2.613459	-0.5056546	-0.1003056	2.635908	-0.2067128	0.08191221	2.622321	-0.5090208	-0.05450056	2.61634	-0.3989278	0.7108019	2.5534	-0.3348074	0.6031034	2.602446	-0.3364479	0.5237837	2.636107	-0.3400301	0.2800517	2.727534	-0.3433398	-0.05253198	2.839299	-0.2043619	0.4758874	2.53274	-0.4547029	0.4928442	2.694314	-0.2688596	-0.06234156	2.777436	-0.4083572	-0.04129069	2.823329	0.004945	0.2825271	2.551666	-0.4958605	0.2474972	2.816804	-0.2357514	-0.5482953	2.821298	-0.3527346	-0.3742619	2.920794	-0.2401852	-0.9651908	2.891617	-0.1232435	-0.5110125	3.143172	

-0.1232816	0.01292159	2.554936	-0.5512528	-0.003426568	2.882911	-0.2119667	-0.09519155	2.610612	-0.5357469	-0.157605	2.847067	-0.2455709	-0.01623078	2.623591	-0.5363376	-0.1540535	2.83175	-0.3972606	0.6947266	2.553266	-0.3363559	0.5871354	2.603619	-0.3384756	0.5080402	2.63679	-0.3434983	0.2648554	2.726752	-0.3488411	-0.06735945	2.836511	-0.2034779	0.4605802	2.532802	-0.4554114	0.4912465	2.69604	-0.2756657	-0.07769475	2.771905	-0.4126326	-0.05558187	2.823024	-0.0002753236	0.2494507	2.543667	-0.496565	0.2459151	2.818526	-0.2448172	-0.5638155	2.81423	-0.4239542	-0.4473003	2.932661	-0.2473301	-0.9838223	2.89031	-0.1409589	-0.5860728	3.156689	

-0.1448213	-0.1010115	2.541295	-0.5728136	-0.05472627	2.966981	-0.2520428	-0.2141062	2.612972	-0.5765938	-0.07002362	2.969068	-0.230515	-0.1430152	2.532889	-0.5732925	-0.06110633	2.9315	-0.3927019	0.6037743	2.563967	-0.3348508	0.4931484	2.610785	-0.3399259	0.4134602	2.641491	-0.3539409	0.1690485	2.72381	-0.3713565	-0.1639546	2.823123	-0.2068735	0.3633083	2.542908	-0.4574426	0.3978629	2.710254	-0.2944628	-0.1698304	2.750141	-0.43797	-0.153582	2.818492	-0.02407533	0.136086	2.530357	-0.4985605	0.1532177	2.832516	-0.2783968	-0.5995473	2.781979	-0.5079044	-0.4942106	2.875878	-0.230108	-0.9879678	2.920869	-0.1894439	-0.7306244	3.164258	

-0.2441168	-0.2716026	2.520901	-0.5756449	-0.149838	2.991504	-0.3189838	-0.4447704	2.594776	-0.5243971	-0.1732337	2.995097	-0.3040961	-0.3510463	2.5116	-0.5158409	-0.1744573	2.974	-0.4145669	0.5266776	2.589413	-0.3530886	0.4081024	2.62866	-0.3551979	0.3285736	2.656514	-0.360125	0.08501318	2.730146	-0.3651731	-0.2464607	2.817731	-0.2356822	0.2763774	2.56654	-0.4691342	0.2993784	2.728058	-0.2868496	-0.253865	2.740232	-0.4333774	-0.2322965	2.817758	-0.1609909	-0.01868313	2.536196	-0.510152	0.05548088	2.850122	-0.3470264	-0.636878	2.754336	-0.5190408	-0.5824555	2.79804	-0.2334832	-0.9890329	2.917109	-0.2182713	-0.8104105	3.109508	

-0.341255	-0.1923258	2.538701	-0.5470958	-0.2031296	2.944764	-0.4626504	-0.3241927	2.578003	-0.5760224	-0.2751379	2.947177	-0.4394099	-0.2107108	2.558889	-0.5229483	-0.2172202	2.889833	-0.4650116	0.5351658	2.601714	-0.3956438	0.4170849	2.633921	-0.3828384	0.3360768	2.662571	-0.3632236	0.08921093	2.736122	-0.3401735	-0.2372369	2.83745	-0.2617432	0.2895935	2.564975	-0.5081165	0.3162357	2.746573	-0.2637323	-0.2335712	2.759351	-0.4047244	-0.2335234	2.839971	-0.1785882	0.03175797	2.536176	-0.5488787	0.07226617	2.868707	-0.3293286	-0.6314936	2.753213	-0.5327458	-0.5709611	2.794626	-0.2499941	-0.9908719	2.918122	-0.2243603	-0.7944711	3.10239	

-0.3422235	-0.1918406	2.539314	-0.54378	-0.1948118	2.937226	-0.4583136	-0.3191366	2.570258	-0.5784416	-0.2985041	2.925993	-0.4493548	-0.2126156	2.567125	-0.5249205	-0.2251495	2.880294	-0.4738763	0.5316786	2.603231	-0.3996159	0.4167848	2.635151	-0.3882069	0.3364539	2.664039	-0.3637194	0.09054761	2.737633	-0.3310235	-0.2353432	2.836519	-0.2677542	0.2906308	2.565471	-0.5102158	0.3128782	2.745133	-0.2538031	-0.2293742	2.757037	-0.3979615	-0.2339368	2.839435	-0.1795091	0.03178784	2.535906	-0.5509598	0.06893072	2.867264	-0.3225904	-0.6057491	2.740813	-0.5343904	-0.5679534	2.797599	-0.2796372	-0.9750164	2.921978	-0.233712	-0.8044875	3.103143	

-0.2884549	-0.3147117	2.564044	-0.5616506	-0.2533091	2.920287	-0.3464819	-0.4440756	2.633018	-0.5868797	-0.3550525	2.909452	-0.3276872	-0.3357183	2.525549	-0.5461317	-0.3302347	2.86475	-0.526204	0.5026757	2.618819	-0.4344786	0.3984629	2.648482	-0.4215637	0.3218777	2.68155	-0.38299	0.08666089	2.77056	-0.3298031	-0.2321246	2.887161	-0.2916523	0.2786662	2.574908	-0.5239993	0.3085198	2.757256	-0.2616107	-0.2314557	2.808137	-0.3890608	-0.2265573	2.88854	-0.1881535	0.01952633	2.540391	-0.5283336	0.02475018	2.900888	-0.3208064	-0.6034794	2.74357	-0.5265175	-0.5583813	2.807073	-0.2961114	-0.972921	2.927054	-0.222684	-0.8036093	3.102994	

-0.1052542	-0.2628577	2.525023	-0.5229948	-0.2030105	3.0249	-0.07357564	-0.4019158	2.5174	-0.5359048	-0.1949559	3.014085	-0.152769	-0.3144991	2.5083	-0.5227773	-0.1890618	2.986	-0.5107446	0.5283998	2.62195	-0.4332814	0.4152241	2.653881	-0.422607	0.3345935	2.68462	-0.3875889	0.09259751	2.769465	-0.3458975	-0.231361	2.872017	-0.295131	0.2904144	2.581704	-0.5291526	0.307897	2.760627	-0.2719051	-0.228629	2.797284	-0.4119854	-0.2287469	2.868155	-0.1334571	0.001061027	2.563565	-0.5290751	0.02487387	2.90113	-0.3067882	-0.5903988	2.767349	-0.5173705	-0.5701367	2.875401	-0.2970498	-0.964469	2.929399	-0.2267089	-0.8525645	3.151091	

-0.1035744	-0.241136	2.501686	-0.5182966	-0.1905686	3.021924	-0.06695668	-0.3800395	2.497667	-0.5517016	-0.2710255	3.016224	-0.1436437	-0.3055994	2.4695	-0.5385093	-0.2647803	2.988178	-0.4832518	0.5615345	2.621133	-0.4189897	0.4417225	2.656769	-0.4133619	0.3597302	2.687016	-0.3910182	0.1109638	2.769203	-0.3595288	-0.2198619	2.868915	-0.2859771	0.3139785	2.587455	-0.5296695	0.3187574	2.760801	-0.2882745	-0.2172784	2.794215	-0.4218466	-0.2170742	2.865639	-0.1325678	0.02099903	2.554575	-0.5274362	0.03783674	2.89901	-0.3012923	-0.5863006	2.776044	-0.522876	-0.5593672	2.876721	-0.296917	-0.964475	2.930427	-0.2252772	-0.8053562	3.177687	

-0.1322479	-0.2159914	2.463606	-0.5043671	-0.1525143	3.019269	-0.1278671	-0.36159	2.467753	-0.5378194	-0.2331083	3.013559	-0.186566	-0.2686725	2.451667	-0.524685	-0.2270368	2.985488	-0.4331232	0.5990996	2.619523	-0.3759573	0.4779457	2.655699	-0.3779725	0.3978198	2.684819	-0.3840549	0.1448748	2.7636	-0.3850754	-0.184944	2.856353	-0.2635445	0.3366677	2.587744	-0.5200579	0.3575051	2.760949	-0.3069699	-0.1946225	2.785595	-0.4509579	-0.171713	2.850209	-0.1403221	0.04220477	2.542947	-0.5158756	0.07652471	2.897213	-0.2999132	-0.5847914	2.798307	-0.5219288	-0.5202689	2.874214	-0.2955414	-0.957054	2.937694	-0.2371525	-0.7340071	3.208585	

-0.1483419	-0.2120105	2.484537	-0.4942684	-0.1383277	3.014402	-0.1531584	-0.3760595	2.48523	-0.5277538	-0.2189728	3.008686	-0.2187565	-0.2899183	2.4922	-0.5146604	-0.2129647	2.980603	-0.4272348	0.601959	2.620262	-0.3729938	0.4789348	2.655704	-0.3758174	0.3987963	2.684787	-0.3824665	0.1487314	2.763061	-0.386557	-0.1822184	2.855778	-0.2567798	0.3422709	2.587775	-0.5100282	0.3722515	2.75626	-0.3100071	-0.1906758	2.784627	-0.4518415	-0.1692795	2.849705	-0.1462346	0.05518519	2.544549	-0.5058922	0.09082846	2.892427	-0.2997097	-0.5834299	2.800309	-0.5270133	-0.5168854	2.873821	-0.2951657	-0.9542695	2.940032	-0.2409091	-0.7327209	3.205879	

-0.163352	-0.2029322	2.725688	-0.5916796	-0.09134101	2.98463	-0.2017843	-0.381525	2.776665	-0.575285	-0.1215196	2.843038	-0.2360741	-0.2741569	2.7142	-0.5690029	-0.1132541	2.831	-0.3525335	0.6135795	2.606627	-0.3185082	0.4722621	2.648068	-0.3321805	0.3962992	2.678581	-0.3695902	0.1562122	2.760503	-0.3926332	-0.1674683	2.85529	-0.1880366	0.3466261	2.615293	-0.4950809	0.3940072	2.751161	-0.3147723	-0.1791544	2.789042	-0.4606485	-0.1486959	2.842393	-0.133366	0.05631214	2.684655	-0.561914	0.1600169	2.914434	-0.300608	-0.5726479	2.815287	-0.5837945	-0.4858737	2.84262	-0.29529	-0.9518068	2.942822	-0.4698221	-0.7163429	3.17167	

-0.07998894	-0.1689438	2.854458	-0.6242921	-0.1134007	2.896736	-0.1003377	-0.3124089	2.947746	-0.6224795	-0.1644477	2.846981	-0.1353706	-0.2394809	2.872263	-0.5970812	-0.1313924	2.8218	-0.3001873	0.6164765	2.603923	-0.3039373	0.4738044	2.655905	-0.3188	0.3981355	2.684391	-0.3600962	0.1621682	2.761413	-0.3986079	-0.1565063	2.852383	-0.1423252	0.3535054	2.654409	-0.4880693	0.4026268	2.737231	-0.3176415	-0.1710361	2.794689	-0.4724113	-0.1323036	2.826226	-0.08960611	0.0853362	2.788186	-0.5793526	0.1447145	2.861636	-0.3001473	-0.5588632	2.861124	-0.5811362	-0.4749783	2.825897	-0.2965676	-0.9449938	2.95346	-0.479	-0.7084643	3.185994	

0.001063387	-0.1272971	2.961164	-0.6665483	-0.1232811	2.7911	0.0008319495	-0.2606857	3.067616	-0.6860631	-0.2553351	2.829477	-0.03659504	-0.1978928	2.9923	-0.5988486	-0.1541678	2.77925	-0.2666558	0.6039923	2.616723	-0.296084	0.4660092	2.668252	-0.3101917	0.3911258	2.694469	-0.3516263	0.1592526	2.764898	-0.3969393	-0.156733	2.851501	-0.1247409	0.3519402	2.697869	-0.4738897	0.387903	2.696569	-0.311214	-0.1697032	2.802735	-0.4692183	-0.1374482	2.816242	-0.05781078	0.103249	2.854597	-0.5924267	0.1312792	2.781485	-0.2867824	-0.5509695	2.902565	-0.548497	-0.491502	2.763435	-0.2890812	-0.9106679	2.973488	-0.5997015	-0.854298	3.083149	

0.0005053587	-0.12396	2.965969	-0.6585497	-0.1278938	2.755298	-0.009382035	-0.2599977	3.092883	-0.6947566	-0.2591016	2.76213	-0.03730994	-0.2091797	3.008	-0.5991591	-0.1740257	2.759556	-0.2629272	0.6040944	2.61815	-0.2955248	0.4654008	2.670864	-0.3092395	0.3904233	2.696728	-0.3495789	0.1587345	2.765965	-0.3956734	-0.1569737	2.850655	-0.12392	0.3514746	2.703809	-0.472971	0.3886081	2.693608	-0.3086747	-0.1687213	2.806439	-0.468025	-0.1403085	2.81068	-0.061592	0.1040706	2.856289	-0.5916566	0.1296992	2.773666	-0.2869449	-0.5513153	2.90263	-0.547197	-0.553161	2.797116	-0.2892439	-0.9123728	2.974321	-0.6329763	-0.9264876	3.029985	

-0.02055687	-0.141615	2.956685	-0.6145842	-0.1480627	2.688279	-0.03569283	-0.2860727	3.069271	-0.6282212	-0.2646025	2.687494	-0.05408926	-0.2328711	2.980177	-0.5736247	-0.1920739	2.710619	-0.2593488	0.6026433	2.618651	-0.2949804	0.4651743	2.671872	-0.308568	0.3900311	2.697574	-0.3484704	0.1580673	2.76614	-0.3950188	-0.1582761	2.849061	-0.1234472	0.3523729	2.709708	-0.4720676	0.3885612	2.685139	-0.3082646	-0.1685472	2.807913	-0.4679877	-0.1465201	2.803066	-0.07385344	0.09345648	2.856436	-0.5888675	0.1151821	2.734276	-0.2871766	-0.5517493	2.902908	-0.5560396	-0.6141778	2.814484	-0.2889031	-0.9124503	2.974985	-0.6257691	-0.9701619	2.850096	

-0.1039943	-0.2340691	2.724017	-0.5557948	-0.1493312	2.666312	-0.09537719	-0.3905164	2.717846	-0.544144	-0.3108825	2.666986	-0.1308824	-0.3002022	2.697387	-0.486926	-0.1948966	2.6437	-0.2547939	0.5971946	2.613571	-0.2998276	0.4610445	2.667134	-0.3125561	0.3854622	2.692819	-0.3501911	0.1524033	2.760397	-0.3961653	-0.1667116	2.839593	-0.1414007	0.3357817	2.714803	-0.4825906	0.3871921	2.642911	-0.3099543	-0.1735449	2.808693	-0.4695264	-0.1567154	2.782107	-0.1308337	0.02947472	2.766694	-0.590234	0.1156824	2.683782	-0.3018879	-0.5805414	2.919747	-0.5089187	-0.610603	2.714896	-0.2929028	-0.9393418	2.981079	-0.5063664	-0.9772325	2.713158	

-0.1355904	-0.2115022	2.604773	-0.5425164	-0.1516096	2.620353	-0.1570381	-0.3670952	2.55005	-0.4957109	-0.2499919	2.62466	-0.1743166	-0.2907715	2.56425	-0.4825074	-0.1723612	2.607425	-0.2601724	0.5949488	2.608932	-0.3246562	0.4568762	2.652776	-0.3322046	0.3804784	2.679155	-0.3582741	0.1462166	2.747845	-0.3954805	-0.1750493	2.825134	-0.1530612	0.3371586	2.713011	-0.4926454	0.3811721	2.627723	-0.3103896	-0.1779874	2.804746	-0.4684871	-0.1655738	2.764685	-0.1498131	0.03723662	2.711989	-0.5954497	0.1075734	2.671928	-0.3044619	-0.5790235	2.917974	-0.5008045	-0.5992923	2.704648	-0.296086	-0.9374999	2.980896	-0.4961826	-0.9760867	2.751425	

