0.2061588	-0.07617334	3.262972	-0.1017316	-0.1416158	2.847619	0.2184557	-0.1913733	3.301135	-0.05649828	-0.2691266	2.887459	0.1873973	-0.1160806	3.222429	-0.09611844	-0.2210791	2.827476	-0.01600945	0.7092832	3.060072	-0.05007375	0.5660673	3.033003	-0.03751594	0.4838191	3.049508	0.0008468071	0.2316928	3.088646	0.05301334	-0.112068	3.129976	0.07243469	0.4515345	3.134356	-0.1587731	0.4239765	2.929202	0.104948	-0.1041189	3.130439	-0.0003755071	-0.1170519	3.046492	0.152036	0.1820724	3.251346	-0.1866956	0.1086994	2.886106	0.06971715	-0.5934641	3.326575	-0.1051299	-0.6025877	3.097887	0.031577	-0.9526809	3.449208	-0.1510002	-0.9771765	3.193	

0.2083291	-0.07451469	3.250162	-0.1154306	-0.1423944	2.854285	0.231223	-0.2072736	3.290009	-0.08514292	-0.2737957	2.897969	0.2002733	-0.1352404	3.2105	-0.1361548	-0.2174811	2.846586	-0.01562523	0.7095652	3.059895	-0.05018302	0.566239	3.03288	-0.03760587	0.4838277	3.049552	0.0006656034	0.2308646	3.088885	0.05257514	-0.1163108	3.130993	0.07446951	0.4488174	3.132344	-0.1597692	0.424753	2.929705	0.1053196	-0.1103416	3.131099	-0.00135926	-0.1197556	3.047518	0.154079	0.1836976	3.250057	-0.1907071	0.1103819	2.889426	0.06987837	-0.5936348	3.326886	-0.0992515	-0.5916738	3.095158	0.03157171	-0.9530737	3.449741	-0.1509232	-0.9770492	3.193259	

0.2125803	-0.07154991	3.239246	-0.1296709	-0.1382251	2.859119	0.2432667	-0.2074886	3.269845	-0.09756776	-0.2804781	2.905102	0.2197008	-0.1477544	3.2001	-0.1610959	-0.2179443	2.855821	-0.01535525	0.7084445	3.059589	-0.05012115	0.5660567	3.03298	-0.0375756	0.4833684	3.049688	0.0004070049	0.2288224	3.089277	0.05157569	-0.1209076	3.131865	0.08240299	0.433564	3.128111	-0.1599449	0.4247338	2.930003	0.1050475	-0.1177579	3.131658	-0.002781968	-0.1220915	3.048357	0.1569456	0.1841313	3.249088	-0.1981609	0.1138752	2.894065	0.07046638	-0.5935387	3.327262	-0.09853982	-0.593119	3.0955	0.0318171	-0.9530065	3.450511	-0.1506011	-0.9768346	3.193373	

0.2354708	-0.09176462	3.201824	-0.1863127	-0.1434613	2.887673	0.2694246	-0.1854594	3.225151	-0.1708856	-0.2881418	2.920657	0.2002597	-0.08899711	3.187111	-0.2138177	-0.2128858	2.868667	-0.01520994	0.7087223	3.059328	-0.04965041	0.5656949	3.032437	-0.03759742	0.4827215	3.049094	-0.002757289	0.226125	3.087611	0.03834748	-0.1277188	3.127492	0.08393984	0.4436654	3.128639	-0.1613944	0.4255024	2.931751	0.09409733	-0.121507	3.125749	-0.01893236	-0.1317242	3.045545	0.1741029	0.1630748	3.236066	-0.2198501	0.1175471	2.911768	0.07227694	-0.598183	3.332399	-0.09760083	-0.5937625	3.095494	0.03192504	-0.9534085	3.450712	-0.1500099	-0.9762757	3.193739	

0.2390145	-0.08944729	3.194221	-0.1970174	-0.1491179	2.898765	0.2805057	-0.1666837	3.193493	-0.1967201	-0.2830485	2.937268	0.1674403	-0.1502444	3.1505	-0.244935	-0.215232	2.898111	-0.01509002	0.7092944	3.056317	-0.04954143	0.5656742	3.032127	-0.03795687	0.4824855	3.048665	-0.006677514	0.2246618	3.086469	0.0292765	-0.1298898	3.126095	0.08516859	0.4423668	3.127663	-0.1646214	0.4268274	2.933471	0.08603361	-0.1248122	3.12298	-0.0287711	-0.1321675	3.045298	0.174913	0.1652448	3.234257	-0.2268776	0.1134832	2.918035	0.07251168	-0.5978411	3.332757	-0.09739872	-0.594021	3.095682	0.02994055	-0.9579699	3.452298	-0.1496499	-0.9761198	3.193968	

0.237659	-0.0793863	3.190416	-0.2061657	-0.1498836	2.90671	0.2809942	-0.1716979	3.188942	-0.207429	-0.2838208	2.949199	0.1675186	-0.1503129	3.152005	-0.2561761	-0.2179605	2.908625	-0.01507112	0.7090446	3.054725	-0.04946361	0.5657444	3.031877	-0.03825584	0.4823577	3.048385	-0.00900011	0.2235913	3.086134	0.02527058	-0.1317673	3.126242	0.08555668	0.4485778	3.127612	-0.1660416	0.4278063	2.934842	0.08251521	-0.1256479	3.122593	-0.03302815	-0.1349685	3.045897	0.1752221	0.1653824	3.233573	-0.2375577	0.1026595	2.930043	0.07260591	-0.597427	3.333326	-0.09734888	-0.5951331	3.096558	0.02956847	-0.9578319	3.452481	-0.149649	-0.9760759	3.194017	

0.2365295	-0.07215346	3.18996	-0.2155398	-0.1468529	2.917706	0.2794708	-0.1660753	3.181738	-0.2147043	-0.2773932	2.963061	0.1908779	-0.108294	3.164143	-0.2693213	-0.2029594	2.917909	-0.01511227	0.7090323	3.054442	-0.04947262	0.5656893	3.031874	-0.03867313	0.4820741	3.04833	-0.01146103	0.2226531	3.086421	0.02100873	-0.1327768	3.127215	0.08451949	0.4571409	3.132764	-0.167022	0.4278169	2.935691	0.07754045	-0.1252744	3.122855	-0.03674343	-0.1371665	3.047464	0.175307	0.1653593	3.233571	-0.239944	0.09932221	2.933829	0.0715976	-0.5993974	3.336606	-0.09921982	-0.5974865	3.098162	0.02840671	-0.9586919	3.453072	-0.1497244	-0.9761463	3.194316	

0.2335122	-0.06710809	3.190505	-0.2286601	-0.1402355	2.933462	0.2582325	-0.1789392	3.196134	-0.2336027	-0.2864917	2.984063	0.2161442	-0.1546772	3.161	-0.2774916	-0.2107398	2.933435	-0.01503837	0.7075186	3.053332	-0.04934412	0.5647562	3.031377	-0.03916617	0.4810256	3.047986	-0.01349764	0.2216139	3.086816	0.01700874	-0.1329925	3.129006	0.08221905	0.459331	3.134502	-0.1681967	0.4268472	2.936933	0.07297914	-0.1242649	3.124536	-0.04005472	-0.1383487	3.04929	0.1725115	0.1650258	3.233146	-0.2388829	0.1042311	2.936455	0.06670287	-0.6001062	3.339435	-0.1022681	-0.5974173	3.102019	0.027396	-0.9597349	3.453543	-0.1497439	-0.9757088	3.194278	

0.2260641	-0.05886434	3.194085	-0.2299661	-0.1421264	2.934807	0.2595572	-0.1737561	3.194266	-0.2364159	-0.2871995	2.980821	0.2210447	-0.1304826	3.14425	-0.2849858	-0.1830726	2.929769	-0.01545229	0.7060188	3.051423	-0.04996566	0.5641633	3.030637	-0.04037484	0.4801904	3.047381	-0.01545319	0.2207093	3.087119	0.01510171	-0.1336747	3.130407	0.08084938	0.4599676	3.133979	-0.168952	0.4258777	2.937128	0.07112106	-0.124321	3.125981	-0.04184917	-0.1396255	3.050581	0.1675789	0.1701173	3.229617	-0.237665	0.1091943	2.938767	0.06439815	-0.6005687	3.341283	-0.1067753	-0.5978253	3.102821	0.02767975	-0.9596272	3.453579	-0.1499478	-0.9753855	3.194627	

0.215444	-0.0506482	3.198673	-0.2300645	-0.1422006	2.934976	0.2468651	-0.183273	3.216232	-0.2343017	-0.2869837	2.982418	0.1857931	-0.1003078	3.184429	-0.2764874	-0.1910234	2.927635	-0.01568511	0.706035	3.0511	-0.05048442	0.5636157	3.030357	-0.04124185	0.479583	3.047291	-0.01667441	0.2204067	3.087789	0.01388673	-0.1332609	3.132251	0.07670625	0.4634237	3.136448	-0.1693424	0.4257651	2.937226	0.06886578	-0.1252993	3.129532	-0.04246597	-0.1382273	3.051559	0.1621685	0.1765998	3.227462	-0.2371661	0.1137853	2.93908	0.06218718	-0.5997915	3.342129	-0.1104043	-0.5976705	3.104436	0.02801167	-0.9583535	3.453944	-0.1499009	-0.975077	3.194906	

0.2079258	-0.05174243	3.206172	-0.2293221	-0.1415974	2.934767	0.2295497	-0.1868144	3.231163	-0.2245953	-0.2849061	2.980448	0.1763641	-0.1113716	3.194417	-0.2676653	-0.2007465	2.9325	-0.01622923	0.7061381	3.050716	-0.05131458	0.5634928	3.029421	-0.0422103	0.4794201	3.046847	-0.01789857	0.2202986	3.088674	0.01239386	-0.133157	3.136624	0.07329419	0.467617	3.141187	-0.1705564	0.4254258	2.937056	0.06619251	-0.1267778	3.133978	-0.04264776	-0.1364625	3.055903	0.1545948	0.1808926	3.224618	-0.237018	0.1171395	2.939164	0.06083491	-0.5991936	3.343044	-0.1131633	-0.5979338	3.105439	0.02719151	-0.9573005	3.453927	-0.1494842	-0.9744116	3.195266	

0.1949541	-0.0715491	3.221346	-0.2258685	-0.1384593	2.932465	0.2219277	-0.1961989	3.24619	-0.2292082	-0.2854539	2.974156	0.1694307	-0.1262109	3.205214	-0.2596276	-0.2037376	2.921632	-0.01680712	0.7064701	3.050215	-0.05228924	0.5631731	3.02898	-0.04335983	0.4789909	3.046679	-0.01891724	0.2197766	3.089392	0.01202376	-0.133843	3.138188	0.07259057	0.4662629	3.140867	-0.1713862	0.4254505	2.936945	0.06568699	-0.1280868	3.13592	-0.04275192	-0.1365718	3.056831	0.1518835	0.1828858	3.225699	-0.2366821	0.120021	2.938624	0.05912244	-0.5985749	3.343844	-0.1144647	-0.5979083	3.105974	0.02670076	-0.9561504	3.454963	-0.1494137	-0.9741868	3.195457	

0.1893093	-0.08415601	3.237353	-0.2189529	-0.1336163	2.927773	0.2020827	-0.2079931	3.287542	-0.2142613	-0.2852184	2.968449	0.1628604	-0.1603211	3.2052	-0.2520415	-0.1707962	2.913566	-0.01737908	0.7064674	3.049826	-0.05375066	0.5623367	3.028113	-0.04509312	0.477977	3.04605	-0.0206427	0.2185901	3.089564	0.0108576	-0.1351399	3.138777	0.0718469	0.4502558	3.137805	-0.1723571	0.4248814	2.936836	0.06479678	-0.1299727	3.13644	-0.04394501	-0.1372103	3.057296	0.1505988	0.1730238	3.231084	-0.2359388	0.121553	2.937189	0.05783868	-0.5988337	3.344772	-0.1156312	-0.597573	3.106405	0.02735197	-0.9552752	3.455393	-0.1492129	-0.9736212	3.19549	

0.1840064	-0.08493499	3.245474	-0.2101653	-0.1287559	2.922092	0.1930096	-0.2067313	3.305074	-0.1893883	-0.2820935	2.953999	0.150553	-0.1286378	3.205333	-0.2417736	-0.1886331	2.9105	-0.01892166	0.7055702	3.048604	-0.05608382	0.562008	3.027313	-0.04718471	0.4775923	3.045686	-0.02173044	0.2182316	3.090107	0.01073365	-0.1356039	3.140117	0.06668518	0.4514456	3.133312	-0.1735336	0.4246042	2.936427	0.06484359	-0.1304741	3.137708	-0.04413619	-0.137506	3.05847	0.1416208	0.1756009	3.22731	-0.2348955	0.1225896	2.933356	0.05623518	-0.5994279	3.345208	-0.1170788	-0.5973417	3.107167	0.02730573	-0.954147	3.45651	-0.148524	-0.9731893	3.194984	

0.1754826	-0.08778828	3.267315	-0.2031595	-0.1247565	2.914634	0.1903072	-0.2041575	3.33708	-0.1784868	-0.2890753	2.938595	0.1665005	-0.1563117	3.27275	-0.215644	-0.2169881	2.895077	-0.0205191	0.7045567	3.047642	-0.05895258	0.5609119	3.025528	-0.04956201	0.4767595	3.044627	-0.02264739	0.2180425	3.090392	0.01081544	-0.1352652	3.141723	0.0623485	0.4550587	3.134689	-0.1751741	0.4252163	2.936007	0.06481954	-0.1300255	3.139624	-0.04390892	-0.1372141	3.059675	0.1334495	0.1790104	3.226673	-0.2334437	0.1240221	2.930799	0.05516343	-0.5999283	3.345832	-0.1186801	-0.5970535	3.107807	0.02752	-0.9528592	3.457049	-0.1483547	-0.9726304	3.195065	

0.1658707	-0.1250647	3.247581	-0.1854992	-0.1258417	2.897839	0.1455623	-0.1230706	3.291446	-0.1498803	-0.286608	2.917196	0.1453018	-0.1208101	3.271533	-0.2005126	-0.2046835	2.878048	-0.02330246	0.7039809	3.047	-0.06365169	0.5608981	3.023991	-0.054864	0.4763961	3.043125	-0.02870365	0.2167816	3.089507	0.00559025	-0.1374004	3.141296	0.04876704	0.4260537	3.109028	-0.1794754	0.426785	2.933555	0.06068777	-0.1323953	3.139864	-0.05010144	-0.1388757	3.058312	0.1149107	0.1477787	3.194552	-0.2295793	0.125117	2.91769	0.05088593	-0.6010425	3.348062	-0.1208619	-0.595776	3.108009	0.02646512	-0.9508144	3.456362	-0.1483606	-0.9724346	3.195117	

0.1514681	-0.09518995	3.254331	-0.1759539	-0.1298392	2.891364	0.160842	-0.1763105	3.281217	-0.1433109	-0.2882855	2.916382	0.160508	-0.1737982	3.261315	-0.179666	-0.2246635	2.86985	-0.02611759	0.7052577	3.046958	-0.06912546	0.5618745	3.02351	-0.05935375	0.4774573	3.04284	-0.03065529	0.2180157	3.089723	0.005589529	-0.1357408	3.141764	0.03365038	0.4560131	3.114661	-0.1824451	0.42766	2.930985	0.06084278	-0.1292101	3.141932	-0.05012812	-0.1379688	3.057938	0.1005163	0.179833	3.203176	-0.2285783	0.126178	2.911704	0.0431327	-0.6041216	3.353737	-0.1227816	-0.5950436	3.108984	0.02517677	-0.9495054	3.456642	-0.1484325	-0.9711874	3.194911	

0.1459672	-0.09570437	3.255482	-0.1539994	-0.1358856	2.874656	0.106199	-0.1633681	3.195446	-0.1156349	-0.2863588	2.908889	0.105687	-0.1582125	3.18	-0.1508077	-0.2446341	2.85772	-0.03187219	0.7014159	3.046917	-0.07768412	0.5608389	3.023099	-0.06649653	0.4769793	3.042523	-0.03379754	0.2187977	3.089758	0.005463706	-0.1341332	3.14191	0.02799332	0.4554982	3.115749	-0.1842589	0.4267715	2.929528	0.06041931	-0.1227607	3.14296	-0.05012637	-0.1380015	3.057842	0.09524713	0.179804	3.203865	-0.2258768	0.1252418	2.901242	0.02093597	-0.6066014	3.372423	-0.1302385	-0.5955195	3.10885	0.02204187	-0.9489752	3.457426	-0.1490286	-0.9708095	3.194192	

0.1405458	-0.09719727	3.25559	-0.1488389	-0.1374046	2.870432	0.1301571	-0.1208123	3.360451	-0.1030299	-0.2879825	2.909499	0.1291405	-0.1210048	3.340719	-0.146259	-0.2308335	2.848714	-0.03717596	0.69809	3.047905	-0.08407237	0.5590373	3.022171	-0.07288823	0.4754322	3.041717	-0.03911548	0.2184168	3.08949	0.003583024	-0.133346	3.142055	0.02246636	0.4539912	3.115807	-0.1883139	0.4234027	2.925563	0.05766959	-0.1211184	3.144655	-0.05175818	-0.1384552	3.056549	0.08975844	0.178729	3.203655	-0.2242392	0.1217572	2.89325	0.01015411	-0.6092046	3.378273	-0.1352853	-0.595444	3.109392	0.0141055	-0.9493405	3.459937	-0.1493991	-0.9705799	3.193948	

0.1219648	-0.0789686	3.362053	-0.144908	-0.1376827	2.864895	0.129595	-0.2003115	3.427434	-0.09535465	-0.2877864	2.895087	0.1151625	-0.1797346	3.384857	-0.09381089	-0.2245904	2.838534	-0.0411365	0.6934285	3.049597	-0.08902392	0.5555347	3.02229	-0.07980347	0.471383	3.041497	-0.05353544	0.2130772	3.087854	-0.02078771	-0.1387683	3.137717	0.01767091	0.4505966	3.116518	-0.1896175	0.4205814	2.924261	0.02899881	-0.1292531	3.139467	-0.07096305	-0.1436628	3.051958	0.08607838	0.1708652	3.206064	-0.2235413	0.1139871	2.886964	0.001810245	-0.609689	3.38249	-0.1412778	-0.5947052	3.109124	0.0110528	-0.9470368	3.460418	-0.151007	-0.9680981	3.192925	

0.1160843	-0.07616641	3.359403	-0.1386737	-0.1425192	2.85531	0.1164895	-0.1967407	3.433686	-0.08840836	-0.2897829	2.875385	0.1006835	-0.1635606	3.378125	-0.1294992	-0.2358302	2.82395	-0.04765311	0.6881515	3.051286	-0.09525381	0.5565397	3.020967	-0.08610881	0.4724661	3.039884	-0.05869909	0.2143732	3.085819	-0.02318661	-0.1375787	3.135837	0.0116056	0.451609	3.115626	-0.2001682	0.4233491	2.920593	0.02821395	-0.1271865	3.137567	-0.0756367	-0.1437275	3.049564	0.07989635	0.1730073	3.204685	-0.2226422	0.1170723	2.880313	-0.003357727	-0.611949	3.3844	-0.1543756	-0.5978386	3.111893	0.00741919	-0.9453094	3.461336	-0.1513849	-0.9684001	3.192284	

0.1100822	-0.07397804	3.357663	-0.1376101	-0.1436329	2.852279	0.1142716	-0.185232	3.438441	-0.09406568	-0.2961558	2.879382	0.1037779	-0.1686921	3.403429	-0.1264223	-0.2661995	2.831182	-0.05055694	0.68541	3.052859	-0.101611	0.5586807	3.019367	-0.09189885	0.4743174	3.039025	-0.06287912	0.2156175	3.086808	-0.02567464	-0.1367831	3.139047	0.005293727	0.4537559	3.114309	-0.2039321	0.4242014	2.91669	0.02612679	-0.1255349	3.140996	-0.07794125	-0.143916	3.052505	0.07363094	0.175253	3.203295	-0.2217753	0.1177716	2.875652	-0.005140936	-0.6122122	3.383987	-0.1608826	-0.5998062	3.112113	0.00582192	-0.9446986	3.461403	-0.1526228	-0.9678528	3.192206	

0.1075495	-0.0789887	3.360843	-0.1357701	-0.1455759	2.850009	0.1140391	-0.184855	3.431443	-0.09461388	-0.2902758	2.872588	0.0982717	-0.1710628	3.397857	-0.1234955	-0.2700943	2.828917	-0.05420062	0.6879425	3.051667	-0.1053989	0.5606678	3.017975	-0.09524532	0.4760552	3.03827	-0.06504554	0.2168137	3.087629	-0.02663715	-0.1358062	3.142392	0.001517123	0.4557444	3.11306	-0.2024923	0.4208472	2.911942	0.02438676	-0.1237659	3.144678	-0.07797231	-0.1437194	3.055674	0.07083751	0.1733624	3.203562	-0.2200603	0.1101568	2.870391	-0.007358315	-0.6117387	3.381525	-0.164096	-0.6015309	3.112747	0.003945388	-0.9444578	3.461847	-0.1540319	-0.9688067	3.191766	

0.08911452	-0.07067667	3.350707	-0.1335991	-0.1425117	2.849907	0.1052154	-0.1783269	3.413713	-0.1187188	-0.2952521	2.902729	0.08948482	-0.1645592	3.380111	-0.1481019	-0.2088915	2.834435	-0.06313577	0.677507	3.057193	-0.1240487	0.5666494	3.009538	-0.1133791	0.4805181	3.031173	-0.08093481	0.2171056	3.084636	-0.03901683	-0.140489	3.143657	-0.01707455	0.4617206	3.104861	-0.1976817	0.4230494	2.894936	0.008019454	-0.1280777	3.142256	-0.08682899	-0.1489826	3.059847	0.05200356	0.1806874	3.194777	-0.2041414	0.1143401	2.842959	-0.008451289	-0.6127594	3.374337	-0.1661114	-0.604326	3.111109	0.003149125	-0.9445375	3.461314	-0.1553813	-0.9689493	3.190715	

0.07625087	-0.06554833	3.342509	-0.1230917	-0.1427296	2.847083	0.09253953	-0.1770456	3.406286	-0.09952688	-0.3007302	2.891882	0.0768645	-0.1632802	3.37265	-0.0593287	-0.1912241	2.918	-0.07778911	0.6807483	3.052697	-0.1368466	0.5695171	3.002967	-0.131968	0.4818978	3.02363	-0.1248051	0.2095575	3.074685	-0.1062945	-0.1639456	3.136018	-0.02986305	0.4645844	3.098342	-0.1996375	0.4224887	2.884087	-0.0641505	-0.1661068	3.123111	-0.1455938	-0.1573551	3.064231	0.03897188	0.1848179	3.187699	-0.1992854	0.1149377	2.833727	-0.01511586	-0.6154351	3.373749	-0.1706168	-0.6049159	3.104847	-0.002808199	-0.9440262	3.460863	-0.1558538	-0.9696437	3.189681	

0.06894271	-0.06668405	3.337716	-0.1152407	-0.1423655	2.842378	0.08512166	-0.1786861	3.401105	-0.08978442	-0.3073813	2.900202	0.0694791	-0.1649105	3.367443	-0.165164	-0.219219	2.900484	-0.08144481	0.6783465	3.053206	-0.144324	0.5684787	2.998193	-0.1404057	0.4805769	3.019045	-0.1301724	0.2092124	3.072127	-0.1140374	-0.1623453	3.132635	-0.03731745	0.4635432	3.093586	-0.2095197	0.4197966	2.870073	-0.07324625	-0.1630073	3.118173	-0.1520153	-0.1569827	3.061981	0.03157877	0.1837225	3.182922	-0.1984993	0.11155	2.82849	-0.02434663	-0.6184558	3.374189	-0.1755403	-0.6070037	3.101459	-0.005968039	-0.9451844	3.460666	-0.1571794	-0.9723403	3.188833	

0.06528326	-0.06681968	3.333539	-0.1027688	-0.1432827	2.835958	0.08152507	-0.179091	3.396847	-0.08408883	-0.3058222	2.885478	0.06589783	-0.1653111	3.363159	-0.1557382	-0.2232631	2.895914	-0.08268964	0.6773106	3.052774	-0.1480536	0.5683539	2.994103	-0.1443384	0.4801727	3.016075	-0.1342155	0.2085774	3.071499	-0.1207133	-0.1630433	3.134859	-0.04103266	0.4634105	3.089501	-0.2106878	0.4197318	2.868617	-0.08008791	-0.1630107	3.116999	-0.1597158	-0.158805	3.068825	0.02788792	0.1835886	3.178798	-0.1901449	0.1125193	2.820171	-0.02947022	-0.6197937	3.371773	-0.1787909	-0.60858	3.09757	-0.009664054	-0.9443414	3.460528	-0.1576415	-0.9727226	3.188582	

0.04724533	-0.06756004	3.312575	-0.08316061	-0.1506524	2.817054	0.06372726	-0.1807777	3.376147	-0.06989645	-0.3126166	2.859177	0.048179	-0.1669831	3.342422	-0.1349264	-0.2148671	2.8906	-0.09689056	0.6729773	3.041898	-0.1663194	0.5671198	2.973595	-0.1731398	0.4761142	2.984006	-0.18293	0.1970791	3.016121	-0.1923578	-0.1831628	3.050922	-0.05923334	0.4621518	3.069012	-0.2225739	0.422252	2.855662	-0.149866	-0.1850989	3.036387	-0.2295142	-0.176121	2.980438	0.009742592	0.182611	3.158143	-0.1741468	0.1191316	2.800372	-0.0283369	-0.6157688	3.365389	-0.1872351	-0.6123919	3.092075	-0.02043021	-0.9461246	3.456601	-0.1603585	-0.9737731	3.188555	

0.04494363	-0.06813336	3.309212	-0.08015865	-0.1523235	2.81318	0.06150359	-0.1817794	3.373008	-0.06113661	-0.312684	2.854243	0.04596474	-0.1679777	3.339251	-0.1215805	-0.2236296	2.888857	-0.09918223	0.6724629	3.039695	-0.1686094	0.5661796	2.970573	-0.1735997	0.4756437	2.983068	-0.1825516	0.1968112	3.01562	-0.1907831	-0.1834523	3.049717	-0.06151023	0.4612032	3.06598	-0.2264877	0.4223358	2.853044	-0.1477573	-0.1847003	3.033893	-0.2282732	-0.1768721	2.979909	0.007431225	0.1818673	3.154983	-0.1738592	0.119989	2.798841	-0.03062335	-0.6100262	3.356128	-0.1920678	-0.616574	3.089781	-0.02241255	-0.949159	3.456557	-0.1618267	-0.9758591	3.188988	

0.04268707	-0.06830066	3.306308	-0.07707968	-0.1531992	2.811534	0.05933871	-0.1824494	3.370399	-0.06102061	-0.3165374	2.857191	0.04380924	-0.1686426	3.336617	-0.1224714	-0.2152911	2.883143	-0.1040703	0.6744847	3.034456	-0.1708357	0.5655545	2.968047	-0.1760212	0.4753379	2.980713	-0.1900189	0.1983794	3.009843	-0.2143437	-0.1759939	3.033674	-0.0637249	0.4605711	3.063447	-0.2290756	0.4210334	2.849469	-0.17158	-0.1708105	3.016671	-0.251817	-0.1754798	2.964674	0.005168895	0.1814912	3.152311	-0.1730361	0.1193879	2.796865	-0.1046738	-0.5273101	3.308846	-0.1940489	-0.6179968	3.088925	-0.02804098	-0.9291838	3.449177	-0.1625076	-0.977318	3.188918	

0.03884048	-0.06897663	3.303281	-0.07390335	-0.1539822	2.809748	0.05554558	-0.183337	3.367498	-0.0481923	-0.3104976	2.84257	0.04003348	-0.1695253	3.333716	-0.1196792	-0.2141664	2.8866	-0.1071707	0.6729978	3.031435	-0.1747148	0.5646834	2.965144	-0.1786036	0.4743571	2.978892	-0.1906869	0.1972866	3.009443	-0.2106828	-0.1811947	3.036291	-0.06759164	0.4596994	3.060547	-0.2315709	0.4181118	2.844413	-0.1664567	-0.1807472	3.030623	-0.2473955	-0.1800268	2.961576	0.001303937	0.1807275	3.149369	-0.1713008	0.117046	2.795051	-0.04540433	-0.5308241	3.295181	-0.1961737	-0.6203513	3.088102	-0.03043682	-0.9345563	3.44769	-0.1637554	-0.9782469	3.188458	

0.03025734	-0.071028	3.2966	-0.07183228	-0.1543186	2.808218	0.04700372	-0.1854104	3.360821	-0.038234	-0.3063033	2.843209	0.03153086	-0.1715874	3.327039	-0.09827176	-0.2040247	2.856308	-0.111403	0.666384	3.032588	-0.183436	0.5626225	2.958459	-0.1861096	0.4726652	2.972958	-0.1946079	0.1965446	3.005617	-0.210733	-0.1811524	3.03541	-0.07628363	0.4576367	3.053872	-0.2380903	0.4176185	2.841708	-0.1669689	-0.1771602	3.025301	-0.2475175	-0.1808155	2.961141	-0.007324378	0.1786688	3.142694	-0.171985	0.117588	2.794023	-0.06544611	-0.4785708	3.270374	-0.1971725	-0.6206932	3.087008	-0.03868624	-0.8824386	3.421873	-0.1646836	-0.9786439	3.188718	

0.02625324	-0.07175254	3.295582	-0.07023031	-0.1549596	2.807598	0.04300963	-0.1860874	3.359767	-0.04156034	-0.3087192	2.853572	0.02755529	-0.1722609	3.325985	-0.07922412	-0.2508668	2.87025	-0.1200281	0.6697844	3.027074	-0.1875103	0.5619439	2.957403	-0.190321	0.4719043	2.971734	-0.1986424	0.1956418	3.003994	-0.2121518	-0.1816862	3.034455	-0.0803461	0.4569593	3.052819	-0.24059	0.4129132	2.836118	-0.1705827	-0.1755951	3.022634	-0.2484417	-0.1829855	2.960616	-0.01135029	0.177965	3.141653	-0.1714984	0.1131662	2.792436	-0.07239505	-0.4761755	3.269652	-0.2054277	-0.6613998	3.092783	-0.0437362	-0.8805234	3.41974	-0.1647089	-0.9788913	3.188832	

0.01845682	-0.07388222	3.292039	-0.07038207	-0.1550367	2.807849	0.03524531	-0.1882237	3.356227	-0.04331968	-0.3044948	2.86797	0.01982695	-0.1743864	3.322446	-0.1193471	-0.2013366	2.843231	-0.1258991	0.6656424	3.025882	-0.195428	0.5597905	2.95386	-0.1974138	0.4693737	2.968434	-0.2033911	0.1921906	3.001327	-0.2135408	-0.1859652	3.032747	-0.08823887	0.4548083	3.049281	-0.2444176	0.4106738	2.835854	-0.1708321	-0.1784374	3.021821	-0.2511132	-0.1886869	2.957892	-0.01918612	0.175825	3.138115	-0.1747822	0.1110989	2.791751	-0.05293897	-0.534727	3.320571	-0.1963385	-0.5871861	3.073132	-0.04907659	-0.9498075	3.443871	-0.1649421	-0.9792777	3.189196	

0.01351187	-0.07589983	3.290668	-0.0811848	-0.1532609	2.810169	0.03025982	-0.1898538	3.354602	-0.04663667	-0.2982585	2.880357	0.01486462	-0.1760085	3.32082	-0.1253823	-0.232691	2.8905	-0.1324345	0.6650091	3.024181	-0.200511	0.5581405	2.952233	-0.2025518	0.4677886	2.96686	-0.2082716	0.190818	2.999995	-0.216548	-0.1868864	3.032127	-0.09330627	0.4531612	3.047658	-0.2462825	0.4097978	2.835726	-0.1754763	-0.1784272	3.018569	-0.2533813	-0.1904069	2.9592	-0.02416325	0.173971	3.136576	-0.1827861	0.1086309	2.791765	-0.0532781	-0.535065	3.321015	-0.2066336	-0.6600346	3.091427	-0.05592553	-0.9523169	3.437774	-0.165262	-0.979495	3.18892	

0.009771762	-0.07711454	3.289737	-0.1346201	-0.1480574	2.816667	0.0265344	-0.1910658	3.35367	-0.1137159	-0.3191034	2.877157	0.01115653	-0.1772147	3.319889	-0.1876304	-0.2374953	2.885053	-0.1407671	0.6675814	3.016986	-0.2043087	0.5569116	2.9513	-0.2073345	0.4664437	2.966021	-0.2166236	0.1890869	2.999659	-0.2300962	-0.1891568	3.033232	-0.09709267	0.451935	3.046728	-0.2467828	0.4092535	2.834727	-0.1944927	-0.1806119	3.021645	-0.2607702	-0.1922733	2.959416	-0.02792214	0.1727512	3.135645	-0.2268988	0.1024135	2.789339	-0.05299046	-0.5348979	3.318904	-0.1965934	-0.6109059	3.079881	-0.05329772	-0.9486129	3.436746	-0.1645899	-0.9810846	3.188434	

0.007444086	-0.07768495	3.289581	-0.1381068	-0.148188	2.816148	0.02423171	-0.1917364	3.353581	-0.1246496	-0.3228689	2.879177	0.008864576	-0.1778821	3.3198	-0.1897954	-0.2440546	2.884331	-0.142811	0.6666661	3.016604	-0.2066553	0.5562298	2.951211	-0.2083316	0.4660619	2.966384	-0.2150282	0.1888451	3.002356	-0.2130145	-0.1884216	3.04755	-0.09943273	0.4512551	3.046639	-0.2478906	0.4089895	2.834189	-0.1713209	-0.1836469	3.043343	-0.2475207	-0.1889363	2.968602	-0.03025955	0.1721326	3.135534	-0.228763	0.1019848	2.791035	-0.05104851	-0.4876841	3.278854	-0.1966846	-0.6111896	3.08004	-0.05239271	-0.8970355	3.418717	-0.1651849	-0.9805706	3.188169	

0.006058986	-0.07827006	3.289526	-0.1432543	-0.1500137	2.815671	0.02285197	-0.19232	3.353526	-0.1359554	-0.3230371	2.87505	0.007491274	-0.1784629	3.319746	-0.09491607	-0.1988437	2.903556	-0.1440737	0.6659726	3.016052	-0.2080613	0.5556362	2.951157	-0.2084364	0.4658784	2.966723	-0.2031877	0.1903445	3.010288	-0.1706777	-0.1801152	3.067948	-0.1008348	0.4506631	3.046586	-0.2527946	0.404996	2.832461	-0.1276977	-0.1706773	3.060716	-0.2099006	-0.1845849	2.989239	-0.03165156	0.1715446	3.13548	-0.2307655	0.09804985	2.79119	-0.05777076	-0.6195309	3.337921	-0.1968693	-0.6115724	3.080024	-0.05270322	-0.9475577	3.437741	-0.1663069	-0.9796289	3.18786	

0.004182867	-0.07917761	3.288642	-0.1492742	-0.154287	2.816798	0.02098307	-0.1932248	3.352643	-0.1434831	-0.3230584	2.881173	0.005631062	-0.1793633	3.318862	-0.09990618	-0.1963788	2.905674	-0.1450315	0.6642869	3.016273	-0.2099671	0.5547192	2.950273	-0.208865	0.4653562	2.966819	-0.2016353	0.1892294	3.012177	-0.1715685	-0.1828281	3.069757	-0.1027344	0.4497477	3.045703	-0.2552418	0.4033056	2.833137	-0.1280762	-0.1768982	3.065394	-0.2106257	-0.1853107	2.989641	-0.03353711	0.1706335	3.134597	-0.2325642	0.09641855	2.791824	-0.05467054	-0.6177143	3.340894	-0.1925051	-0.6327013	3.097201	-0.0514548	-0.947481	3.438584	-0.1665101	-0.9803318	3.187912	

0.003007093	-0.07980711	3.288743	-0.1538454	-0.1570292	2.816748	0.0198118	-0.1938522	3.352744	-0.1449549	-0.3264578	2.886745	0.004742449	-0.1798866	3.319042	-0.1077357	-0.1940045	2.9054	-0.1457238	0.663282	3.016106	-0.2111604	0.55408	2.950375	-0.2093745	0.4647739	2.967412	-0.2007465	0.1886239	3.013975	-0.1723217	-0.183904	3.070932	-0.1039245	0.4491104	3.045806	-0.2576525	0.4022833	2.833612	-0.1285995	-0.1789895	3.067401	-0.2113434	-0.1854559	2.990088	-0.03471876	0.1700009	3.134699	-0.2422125	0.09493321	2.793133	-0.05282234	-0.6106538	3.338221	-0.1916006	-0.6342592	3.099001	-0.04871844	-0.9522265	3.440606	-0.1668099	-0.9804671	3.187944	

0.002193186	-0.08034171	3.289099	-0.1635233	-0.1555498	2.814073	0.01900103	-0.1943851	3.353098	-0.1570371	-0.3192366	2.864622	0.00464718	-0.1801281	3.319529	-0.1120933	-0.1965685	2.901445	-0.1462543	0.6625184	3.016231	-0.2119861	0.5535359	2.950732	-0.2096798	0.4641294	2.968252	-0.1991419	0.1877172	3.016143	-0.1716928	-0.1854072	3.072501	-0.1047481	0.4485683	3.046162	-0.261487	0.4011009	2.834061	-0.1265195	-0.1854973	3.074608	-0.2112577	-0.1852923	2.989923	-0.03553667	0.1694633	3.135054	-0.250493	0.09356842	2.793936	-0.04746874	-0.6085197	3.340898	-0.1969113	-0.627749	3.090658	-0.04333195	-0.9492598	3.443497	-0.1670312	-0.9803222	3.187824	

-0.03129746	-0.1300739	3.177028	-0.1699742	-0.1567169	2.811373	-0.009371109	-0.3106897	3.207758	-0.1519467	-0.3201266	2.872546	-0.04940823	-0.2553461	3.131	-0.1203836	-0.1909558	2.900143	-0.145769	0.6612771	3.017878	-0.212456	0.5531017	2.950978	-0.2098093	0.4635326	2.968893	-0.1980137	0.1868031	3.017528	-0.1711771	-0.1871695	3.073707	-0.1052169	0.4481355	3.046408	-0.2661767	0.4007069	2.835008	-0.1253564	-0.1882568	3.078224	-0.2112337	-0.1855955	2.989346	-0.03600224	0.1690341	3.1353	-0.2588651	0.09308659	2.79495	-0.04180777	-0.607619	3.344892	-0.1984435	-0.626968	3.089676	-0.02298672	-1.016665	3.458043	-0.1675681	-0.9804496	3.187668	

-0.03212947	-0.1335305	3.178959	-0.1832418	-0.1607703	2.80793	0.00263801	-0.308603	3.192192	-0.1706502	-0.3221852	2.856163	-0.04093779	-0.2484476	3.120875	-0.1354576	-0.1991397	2.899778	-0.1473027	0.6579874	3.017854	-0.2138319	0.549641	2.953255	-0.2106129	0.4598753	2.971942	-0.1977692	0.1839569	3.020584	-0.1724157	-0.190175	3.076214	-0.1065906	0.4446864	3.048681	-0.2718853	0.3987035	2.837156	-0.1259007	-0.1904629	3.080005	-0.2128617	-0.18713	2.990387	-0.03736703	0.1656134	3.137564	-0.2699188	0.09115653	2.795631	-0.038826	-0.6057751	3.341531	-0.20441	-0.6272535	3.087571	-0.01698825	-1.016663	3.458719	-0.1687432	-0.9811634	3.188475	

-0.0322801	-0.1354487	3.181086	-0.1892592	-0.163692	2.806082	0.005266718	-0.3082754	3.197842	-0.1748966	-0.3276904	2.861534	-0.03722511	-0.2450907	3.119	-0.141128	-0.2037751	2.896684	-0.1481028	0.6563703	3.018105	-0.2142468	0.5477126	2.955557	-0.2100106	0.4577782	2.974741	-0.1935487	0.1814067	3.024326	-0.1645173	-0.1938567	3.079957	-0.1070061	0.4427657	3.05098	-0.2751782	0.3968632	2.83824	-0.1172479	-0.1938342	3.083517	-0.2074666	-0.1895157	2.992553	-0.03778069	0.1637109	3.139859	-0.2742946	0.08936419	2.796294	-0.04131971	-0.5885038	3.315632	-0.2056591	-0.6270983	3.087269	-0.01723787	-0.9966354	3.451125	-0.1702525	-0.9807863	3.188792	

-0.03141661	-0.1355771	3.182819	-0.1998673	-0.2028124	2.813623	-0.001320619	-0.3027179	3.185594	-0.1849065	-0.3253197	2.849531	-0.03555671	-0.2557168	3.11825	-0.1433191	-0.2162933	2.8996	-0.1488245	0.6561115	3.017907	-0.213466	0.5463706	2.9576	-0.2084609	0.4567711	2.976906	-0.1897791	0.1818679	3.026214	-0.1588543	-0.1910804	3.080735	-0.106229	0.4414293	3.05302	-0.2776012	0.3960008	2.840498	-0.1069388	-0.188476	3.088675	-0.2040964	-0.187774	2.990365	-0.03715055	0.1629538	3.14167	-0.2797613	0.08916889	2.798529	-0.04072661	-0.5947289	3.319715	-0.2071891	-0.6262023	3.087338	-0.01789247	-1.003576	3.453389	-0.172157	-0.9797857	3.189521	

-0.03135639	-0.1351524	3.184979	-0.201013	-0.2009938	2.813035	-0.002048613	-0.3081009	3.180925	-0.1960385	-0.3220921	2.844084	-0.02857365	-0.2492046	3.124572	-0.1496457	-0.2167436	2.89584	-0.1491444	0.6554747	3.018539	-0.2134496	0.5455364	2.960106	-0.207598	0.456344	2.980746	-0.1854951	0.1841787	3.035061	-0.1498882	-0.1829269	3.098922	-0.1062148	0.4406003	3.055524	-0.2791636	0.3961725	2.84233	-0.1015311	-0.1822412	3.106933	-0.1940839	-0.1790439	3.005064	-0.03728475	0.1627284	3.143937	-0.2827363	0.09003731	2.800188	-0.04007295	-0.5966226	3.321734	-0.2081843	-0.625855	3.087381	-0.01833978	-1.005302	3.455987	-0.1727675	-0.9815384	3.190462	

-0.03107399	-0.1335287	3.185679	-0.205056	-0.1994163	2.810467	0.0008566976	-0.3069574	3.184108	-0.202745	-0.3226136	2.841208	-0.02877614	-0.2375881	3.122546	-0.1543828	-0.223992	2.89532	-0.1491113	0.6560761	3.019248	-0.2131567	0.5459414	2.961115	-0.2062751	0.4572096	2.98245	-0.1797277	0.1866927	3.038184	-0.1384267	-0.1797293	3.101981	-0.1059207	0.4410017	3.056526	-0.280209	0.3966519	2.843147	-0.09187557	-0.1760566	3.108734	-0.1799759	-0.1788031	3.009916	-0.03713689	0.1637077	3.144686	-0.2868914	0.09122799	2.801023	-0.03882489	-0.5964698	3.322999	-0.2086737	-0.6255848	3.087682	-0.02019128	-1.005294	3.456298	-0.1729358	-0.9817402	3.190336	

-0.02936797	-0.131488	3.187726	-0.2161826	-0.1986634	2.817042	0.01259262	-0.3041737	3.20096	-0.2118386	-0.3198286	2.849657	-0.02158493	-0.2335414	3.122693	-0.1578804	-0.2172277	2.894607	-0.1460311	0.6559709	3.023244	-0.2114677	0.5467495	2.963464	-0.2036185	0.4581836	2.984836	-0.1757185	0.1875436	3.039337	-0.1338773	-0.179851	3.100957	-0.1042358	0.4418066	3.058868	-0.2795478	0.397486	2.844188	-0.08724853	-0.1756964	3.107983	-0.1762152	-0.1792581	3.008557	-0.03561011	0.165096	3.146772	-0.2905892	0.09282086	2.802613	-0.03431696	-0.5970184	3.322291	-0.2090493	-0.6265321	3.08833	-0.02118248	-1.002882	3.455397	-0.173675	-0.9813299	3.190633	

-0.02862272	-0.1300515	3.188201	-0.2196277	-0.1972524	2.820558	0.0008759335	-0.2530007	3.164662	-0.2095424	-0.3217278	2.852572	-0.01960442	-0.2077631	3.122	-0.1599594	-0.2220519	2.895656	-0.1463114	0.6568372	3.023292	-0.2106636	0.5468367	2.964304	-0.2022548	0.4583887	2.985819	-0.173246	0.1879745	3.040203	-0.1309021	-0.1795379	3.101277	-0.103432	0.441891	3.0597	-0.279298	0.3976972	2.844786	-0.08440311	-0.1748663	3.107805	-0.1733452	-0.1794119	3.009227	-0.03497176	0.1658233	3.147328	-0.2918785	0.09377851	2.803701	-0.02907646	-0.597111	3.321773	-0.2097321	-0.6285507	3.090049	-0.03093912	-0.9943045	3.452877	-0.1737035	-0.9812748	3.190554	

-0.02710265	-0.1290309	3.18922	-0.2222373	-0.1966721	2.821582	0.0008719824	-0.2524447	3.157673	-0.2028385	-0.3245761	2.868774	-0.01969408	-0.1780964	3.1152	-0.1623512	-0.2237808	2.898567	-0.1441011	0.656305	3.027089	-0.2090915	0.5467305	2.965632	-0.1993144	0.4586551	2.987198	-0.164704	0.1900833	3.040799	-0.111812	-0.1737264	3.098862	-0.1018633	0.4417837	3.061021	-0.2778341	0.3973839	2.846051	-0.0618206	-0.163274	3.102703	-0.1576863	-0.1781435	3.008722	-0.03354743	0.1662535	3.14842	-0.2928323	0.09418204	2.805052	-0.02125092	-0.5916626	3.31458	-0.2106268	-0.628455	3.090309	-0.02229666	-1.000028	3.453043	-0.1770582	-0.9741917	3.190538	

-0.0246449	-0.1280331	3.190701	-0.2235472	-0.1956075	2.822679	0.01244462	-0.2484141	3.161688	-0.2034153	-0.3245677	2.872572	-0.009457858	-0.1993463	3.126667	-0.1606518	-0.2180699	2.896597	-0.1430831	0.6572915	3.028085	-0.206563	0.5466261	2.967429	-0.197219	0.4583522	2.988568	-0.1642939	0.1892931	3.041261	-0.1155393	-0.178595	3.099083	-0.09934089	0.4416782	3.06281	-0.2759546	0.3969899	2.847644	-0.06852113	-0.171545	3.101643	-0.1598293	-0.1811866	3.009802	-0.03117344	0.1666743	3.14998	-0.2940926	0.09462622	2.805815	-0.01759176	-0.5915895	3.313034	-0.2110795	-0.6287255	3.090736	-0.02427392	-0.9990072	3.453802	-0.1773637	-0.9748416	3.191069	

-0.02186271	-0.1267013	3.192359	-0.2240016	-0.1951096	2.823632	0.01534815	-0.2457211	3.164035	-0.2144227	-0.3284918	2.869937	-0.006166821	-0.1853153	3.121454	-0.1568643	-0.2174189	2.897421	-0.141232	0.6583323	3.029525	-0.2036931	0.5469328	2.969383	-0.1946374	0.4586741	2.990114	-0.1635628	0.1893141	3.041669	-0.1158456	-0.1786419	3.099101	-0.0964784	0.4419831	3.064757	-0.2705991	0.396253	2.850235	-0.06948119	-0.1716553	3.101962	-0.1598525	-0.1811762	3.009661	-0.02845343	0.167469	3.151713	-0.2930702	0.09489702	2.806632	-0.01084406	-0.5924241	3.313011	-0.2110501	-0.6287398	3.091271	-0.02378616	-0.9999799	3.453019	-0.1774088	-0.9754122	3.191244	

-0.01714933	-0.1236032	3.194614	-0.21228	-0.1909186	2.82546	0.02357823	-0.2461022	3.176513	-0.2088897	-0.3256589	2.87447	-0.005391183	-0.1783772	3.122727	-0.1564808	-0.2145321	2.898299	-0.1373962	0.6612383	3.032886	-0.1988639	0.5490845	2.971916	-0.1916002	0.4603402	2.992113	-0.1638599	0.1897997	3.042537	-0.1275214	-0.1783029	3.101005	-0.09166293	0.4441291	3.067282	-0.2622235	0.3980723	2.85316	-0.08188105	-0.1732653	3.104749	-0.1702032	-0.1788408	3.011013	-0.02378823	0.1700673	3.15404	-0.2876683	0.09732635	2.811479	-0.008016104	-0.5906767	3.314604	-0.2110442	-0.6282274	3.092795	-0.02400011	-0.9988502	3.452749	-0.1765417	-0.9744101	3.191475	

-0.0148623	-0.1201669	3.196954	-0.2108838	-0.1900413	2.82673	0.01827669	-0.2446152	3.168476	-0.2106169	-0.318606	2.870482	-0.004517136	-0.167217	3.12375	-0.1514871	-0.2162451	2.899318	-0.1344163	0.6634727	3.035562	-0.1964744	0.5516232	2.974521	-0.1883767	0.4628936	2.994866	-0.1602356	0.1913389	3.044951	-0.1220905	-0.1782696	3.102396	-0.08928056	0.4466614	3.069882	-0.257282	0.4004079	2.855933	-0.07742995	-0.1728652	3.105873	-0.163436	-0.1790971	3.012776	-0.02153372	0.1730287	3.15645	-0.2785784	0.09975406	2.81473	-0.007218464	-0.5906038	3.317636	-0.2085858	-0.6277353	3.095139	-0.02160854	-0.9998152	3.453191	-0.1763648	-0.9746077	3.191758	

-0.01138472	-0.1176216	3.198237	-0.2022568	-0.1635356	2.826749	0.01660217	-0.2424004	3.17394	-0.2022457	-0.3190852	2.876652	-0.001595181	-0.1787809	3.12674	-0.1419611	-0.2066143	2.90088	-0.1301019	0.665592	3.039108	-0.1929577	0.5542117	2.975841	-0.1847881	0.4652719	2.995981	-0.1576945	0.192699	3.045454	-0.120251	-0.1779396	3.101954	-0.08577279	0.4492415	3.071196	-0.2539141	0.4010479	2.856825	-0.07496247	-0.1727179	3.104892	-0.1620943	-0.1785759	3.012681	-0.0180504	0.1755884	3.15775	-0.275837	0.1003715	2.816467	-0.008162042	-0.5910212	3.320272	-0.2068391	-0.6269416	3.096133	-0.02039535	-1.002129	3.450857	-0.1749108	-0.9737551	3.190786	

-0.003945999	-0.1121858	3.203756	-0.1485899	-0.1745791	2.842147	0.009623309	-0.2858144	3.191724	-0.130165	-0.3111879	2.904253	0.0001334184	-0.2037009	3.14025	-0.08891501	-0.1909732	2.922589	-0.1203866	0.6683583	3.050153	-0.1853102	0.5585477	2.981643	-0.1768367	0.4690736	3.001472	-0.1497705	0.1947869	3.049977	-0.1122541	-0.1783544	3.104548	-0.07815211	0.4535728	3.076994	-0.2469323	0.4064406	2.861302	-0.06852798	-0.1731202	3.104447	-0.1517023	-0.1788534	3.019818	-0.01062156	0.1804456	3.163337	-0.2439155	0.1055341	2.819168	-0.02554426	-0.6065614	3.336847	-0.200408	-0.6265081	3.099777	-0.0200665	-1.010784	3.454323	-0.1736283	-0.9739075	3.190437	

-0.000939289	-0.1106941	3.206333	-0.1353953	-0.1428288	2.836567	0.0142772	-0.284215	3.209129	-0.1095733	-0.3031951	2.89844	0.004085783	-0.2006227	3.142562	-0.07953313	-0.1762215	2.924	-0.1166386	0.6693024	3.054057	-0.1822574	0.5600497	2.984223	-0.1749764	0.4703768	3.003313	-0.1499575	0.1956838	3.050595	-0.116142	-0.1766362	3.104027	-0.07511019	0.4550738	3.079573	-0.2392058	0.4121701	2.866672	-0.0751308	-0.1693846	3.099756	-0.1550497	-0.1779985	3.021549	-0.007602556	0.181942	3.165916	-0.2295949	0.1114434	2.823241	-0.03148112	-0.6311717	3.354865	-0.1959039	-0.6215614	3.100516	-0.0237531	-1.003776	3.454401	-0.1700984	-0.9735914	3.189964	

0.002802549	-0.1075535	3.20987	-0.1198613	-0.1405873	2.837581	0.01316218	-0.2859803	3.210768	-0.08574653	-0.2941633	2.897199	-1.538251E-05	-0.2119447	3.1478	-0.1702114	-0.2229091	2.906485	-0.1139491	0.6735259	3.055663	-0.1784573	0.5632192	2.987757	-0.1717835	0.4732323	3.007061	-0.1490791	0.1975673	3.054575	-0.1177098	-0.1763424	3.108346	-0.07132405	0.4582393	3.083106	-0.2271023	0.4162709	2.869812	-0.07632178	-0.1708234	3.102578	-0.1568491	-0.1754429	3.028782	-0.003845065	0.1850938	3.169453	-0.2101945	0.1158451	2.825978	-0.03234714	-0.6256921	3.354579	-0.192086	-0.6171027	3.100298	-0.02440743	-1.004704	3.454709	-0.1681305	-0.9739096	3.189702	

0.007325828	-0.1048953	3.213668	-0.07940662	-0.140764	2.840058	0.01859022	-0.2801002	3.226727	-0.04754337	-0.2832569	2.8898	0.01087525	-0.2556582	3.189715	-0.1205402	-0.2273084	2.9199	-0.1075974	0.6747742	3.062399	-0.1738637	0.5658982	2.991555	-0.1673649	0.4757126	3.010521	-0.1460457	0.1992238	3.056758	-0.1163196	-0.1759959	3.108826	-0.06674673	0.4609157	3.086901	-0.2226575	0.4175372	2.873527	-0.07357757	-0.1718827	3.103368	-0.1558264	-0.1742371	3.029063	0.0006980429	0.1877604	3.173251	-0.1814912	0.1195285	2.827803	-0.0327896	-0.6195077	3.35576	-0.1883479	-0.6115367	3.098709	-0.026931	-1.005671	3.455108	-0.1672275	-0.9736089	3.189558	

0.009669282	-0.1042556	3.214781	-0.07606919	-0.1393435	2.839611	0.01683052	-0.2256891	3.244025	-0.03387648	-0.2820928	2.88521	0.009124453	-0.2015167	3.206991	-0.1188568	-0.2211184	2.918333	-0.1033982	0.6737246	3.066521	-0.1714852	0.5665424	2.99267	-0.1648448	0.4766304	3.011545	-0.1433418	0.2010145	3.057429	-0.1134111	-0.1733931	3.108423	-0.0643758	0.4615594	3.088015	-0.219226	0.4184105	2.874949	-0.0711287	-0.1711712	3.103159	-0.1524007	-0.1691993	3.028049	0.0030517	0.1884021	3.174364	-0.1783775	0.1204213	2.828546	-0.03367754	-0.6195123	3.357898	-0.1862071	-0.60742	3.097884	-0.02830762	-1.006836	3.454985	-0.1668061	-0.973526	3.189474	

0.01201441	-0.1032725	3.216139	-0.07076452	-0.1372852	2.838539	0.0191694	-0.2248224	3.245411	-0.01969927	-0.2858994	2.900853	0.009786159	-0.2012716	3.207386	-0.1043909	-0.2192824	2.921257	-0.1006801	0.6745169	3.067846	-0.1691044	0.5675337	2.994028	-0.1618973	0.4778807	3.013391	-0.1386761	0.2031386	3.06106	-0.1062735	-0.1705697	3.114394	-0.06200282	0.4625495	3.089371	-0.2190865	0.4184151	2.875057	-0.06318019	-0.1689395	3.106314	-0.1462073	-0.1664413	3.037247	0.005407258	0.1893884	3.175721	-0.1709177	0.1214202	2.829483	-0.05031038	-0.6482907	3.36419	-0.1850702	-0.6062061	3.097156	-0.03025791	-1.010115	3.455373	-0.1659547	-0.9733485	3.189094	

0.01371564	-0.1031343	3.217515	-0.04460425	-0.1457155	2.835543	0.02085987	-0.2246766	3.246786	0.02056448	-0.2738023	2.881215	0.01111816	-0.2010155	3.208364	-0.0776566	-0.2009114	2.920286	-0.09837352	0.6745331	3.069158	-0.1674025	0.5679789	2.995331	-0.1596308	0.4783609	3.015218	-0.1345949	0.2035825	3.064719	-0.09933037	-0.1707787	3.120631	-0.06030675	0.462995	3.090673	-0.2110585	0.4194687	2.878189	-0.05730185	-0.1721659	3.109807	-0.1376926	-0.1631597	3.04714	0.007127048	0.1896874	3.17708	-0.1642697	0.1222192	2.831327	-0.05124439	-0.6579229	3.374164	-0.1841737	-0.6067426	3.097265	-0.02994012	-1.010479	3.455283	-0.1659148	-0.9733239	3.189152	

0.02454525	-0.1018082	3.226444	-0.04646035	-0.1445197	2.832644	0.03164354	-0.2233575	3.255707	0.006027137	-0.2705904	2.86123	0.02386597	-0.1991993	3.218659	-0.06335627	-0.2252939	2.878364	-0.08698139	0.6762216	3.076992	-0.1564374	0.5696554	3.004225	-0.1492773	0.4805146	3.023881	-0.1266017	0.2069501	3.072201	-0.09448574	-0.1664509	3.125982	-0.04937703	0.4646733	3.099551	-0.2041803	0.4220608	2.885573	-0.05113868	-0.1715875	3.121487	-0.1332323	-0.1554333	3.047822	0.01801886	0.1911991	3.186003	-0.1631261	0.124265	2.834071	-0.1791619	-0.740232	3.149121	-0.172711	-0.6075882	3.102522	-0.1618391	-1.093121	3.219539	-0.1619343	-0.9751969	3.189612	

0.02866238	-0.0996676	3.229907	-0.06285285	-0.136845	2.826604	0.02757509	-0.2457607	3.240764	-0.02061207	-0.2776521	2.874451	0.0219136	-0.2175056	3.1914	-0.1018099	-0.2123983	2.905857	-0.08198672	0.6782386	3.080383	-0.1522909	0.5722125	3.007617	-0.1456832	0.4833151	3.026526	-0.1242427	0.2106791	3.073092	-0.09341685	-0.159776	3.124216	-0.04524345	0.4672253	3.102937	-0.2022016	0.4238477	2.890511	-0.04923018	-0.1585724	3.117444	-0.133224	-0.1533726	3.046624	0.02216852	0.1935521	3.189452	-0.1677518	0.1251837	2.837606	0.004398455	-0.5332138	3.362126	-0.1707225	-0.6069149	3.103697	-0.01839075	-0.9602665	3.43975	-0.1616714	-0.9749153	3.189357	

0.03207964	-0.1004939	3.233993	-0.06702252	-0.1368112	2.826652	0.02309739	-0.2808403	3.235259	-0.03338484	-0.2820142	2.870908	0.01459022	-0.216301	3.180857	-0.1012603	-0.2074425	2.853375	-0.07755726	0.6771957	3.082934	-0.1488493	0.571703	3.011654	-0.1428575	0.4832155	3.029647	-0.1230668	0.2112785	3.074068	-0.093251	-0.1587691	3.123902	-0.04181311	0.4667195	3.106966	-0.2011042	0.4242978	2.894467	-0.04904915	-0.1568637	3.116748	-0.1332642	-0.1532551	3.04642	0.02561333	0.1928955	3.193529	-0.1716033	0.1251166	2.840094	0.006397899	-0.5233174	3.359522	-0.1619633	-0.6083032	3.117071	-0.02102688	-0.9498927	3.438308	-0.1613279	-0.9743167	3.189305	

0.03606506	-0.1017648	3.240297	-0.09333757	-0.143325	2.835526	0.03059605	-0.2758155	3.245767	-0.06227949	-0.2807202	2.871302	0.01979872	-0.2093832	3.183167	-0.1162069	-0.2443399	2.88525	-0.07477363	0.677394	3.087322	-0.1448259	0.5707029	3.017914	-0.1393741	0.4828989	3.035255	-0.1213138	0.2126774	3.077507	-0.09348743	-0.1557917	3.125291	-0.03780474	0.4657274	3.113216	-0.2027811	0.426805	2.904166	-0.04850551	-0.1517633	3.120355	-0.1340308	-0.1523798	3.046262	0.02962787	0.1917747	3.199823	-0.1875001	0.1262337	2.851732	0.005529393	-0.5255575	3.361101	-0.160096	-0.6050408	3.12116	-0.02290308	-0.9521714	3.439366	-0.1606807	-0.9735364	3.189242	

0.03928412	-0.1024752	3.245003	-0.1119012	-0.1446682	2.842253	0.03264058	-0.2796323	3.256147	-0.08282694	-0.2830315	2.88608	0.021182	-0.212561	3.19199	-0.1387287	-0.2150795	2.9222	-0.07143303	0.6771036	3.088382	-0.1415719	0.5701607	3.022593	-0.1358742	0.4827516	3.03985	-0.1175051	0.2140275	3.081372	-0.0903979	-0.1527758	3.127176	-0.03456277	0.4651911	3.117889	-0.2083616	0.4249725	2.913303	-0.04231771	-0.1445133	3.122198	-0.1334588	-0.1523886	3.047075	0.03286848	0.1911585	3.204523	-0.2010879	0.1239598	2.861814	-0.06693282	-0.527936	3.272853	-0.1566481	-0.6159992	3.151215	-0.04073767	-0.9320992	3.422373	-0.1606155	-0.9728845	3.189197	

0.04188666	-0.1030326	3.251273	-0.1223359	-0.1436954	2.846966	0.03136221	-0.2800721	3.261835	-0.09549868	-0.2837554	2.892246	0.02824648	-0.218576	3.202667	-0.1411941	-0.2032636	2.929333	-0.07103268	0.6783202	3.08711	-0.138925	0.5695693	3.028877	-0.133266	0.4826969	3.045645	-0.1151658	0.2156006	3.085712	-0.08871708	-0.149187	3.129597	-0.03192794	0.4646081	3.124167	-0.2093294	0.4260905	2.916694	-0.04030773	-0.1402206	3.124791	-0.133033	-0.1512901	3.048327	0.03548273	0.1905922	3.210795	-0.2094575	0.1248897	2.866474	-0.03376523	-0.5427265	3.334813	-0.1568599	-0.6152025	3.152059	-0.03037784	-0.963496	3.439081	-0.1604433	-0.972914	3.189484	

0.04243864	-0.10325	3.254555	-0.1318055	-0.1463194	2.85213	0.03665153	-0.2737743	3.256772	-0.1042288	-0.2822605	2.887243	0.0233167	-0.2127456	3.198302	-0.1355202	-0.2028826	2.9183	-0.07062241	0.6781158	3.086727	-0.1383693	0.5694332	3.032135	-0.1325624	0.4831222	3.048737	-0.1139451	0.2181806	3.088644	-0.08671144	-0.141346	3.132015	-0.03137662	0.4644766	3.127424	-0.2114336	0.4272187	2.920614	-0.03915729	-0.1306249	3.128485	-0.1313321	-0.146935	3.049369	0.03604066	0.1904221	3.214071	-0.2161686	0.1259521	2.871143	0.03490524	-0.4466875	3.364633	-0.1779618	-0.5911753	3.11398	-0.004935372	-0.8686499	3.459852	-0.1615909	-0.9715867	3.190517	

-0.1048515	-0.03276768	3.342142	-0.1553008	-0.1443671	2.863351	-0.1468431	-0.1698527	3.403372	-0.1330421	-0.284074	2.906065	-0.1583255	-0.1085725	3.346749	-0.107452	-0.1884993	2.950857	-0.0707199	0.6784466	3.084927	-0.1368576	0.5692976	3.036998	-0.1306014	0.4836636	3.0536	-0.1104764	0.2211843	3.093485	-0.0812057	-0.1347944	3.136163	-0.02987377	0.4643482	3.132286	-0.2134631	0.4272458	2.926597	-0.03228142	-0.1221557	3.136206	-0.1275379	-0.1427912	3.050725	0.03753049	0.1903089	3.218935	-0.2303182	0.1260827	2.881552	0.03342699	-0.4484961	3.363018	-0.1564036	-0.6121979	3.174286	-0.005913008	-0.8703526	3.458769	-0.1621186	-0.9712404	3.191402	

-0.1044721	-0.03306166	3.34405	-0.1653635	-0.1418133	2.867216	-0.1465096	-0.1701498	3.405157	-0.1490275	-0.2832731	2.907056	-0.1582643	-0.1086272	3.34708	-0.1180773	-0.1721161	2.951095	-0.07171366	0.6786536	3.082752	-0.1362708	0.5691243	3.03921	-0.1295057	0.4839433	3.056077	-0.1072589	0.2234723	3.096901	-0.07424991	-0.1290521	3.14054	-0.02929135	0.4641795	3.134499	-0.2162137	0.4280376	2.930583	-0.0259718	-0.1175237	3.140427	-0.1206581	-0.1367734	3.054595	0.03811378	0.1901241	3.221165	-0.2365906	0.1270762	2.885743	-0.03323433	-0.5426722	3.352354	-0.1568975	-0.6115816	3.173728	-0.03788013	-0.9665747	3.445188	-0.1629899	-0.9708242	3.191562	

0.08592562	-0.06188983	3.328694	-0.2235914	-0.1224576	2.885241	0.09916131	-0.2114072	3.366645	-0.1946014	-0.2824037	2.925923	0.06237734	-0.1660154	3.310875	-0.1483964	-0.1730165	2.957927	-0.07382372	0.6760733	3.078202	-0.134552	0.5665462	3.044943	-0.1276101	0.482321	3.062052	-0.1051413	0.2245338	3.103585	-0.07264667	-0.1247717	3.148577	-0.02758289	0.4616165	3.140228	-0.2252432	0.4293009	2.944671	-0.02412002	-0.1137742	3.149329	-0.1193033	-0.1322945	3.061621	0.03176081	0.2185733	3.286776	-0.2719045	0.1306483	2.91325	0.00218722	-0.5301449	3.397296	-0.1872578	-0.5874949	3.12933	-0.02652969	-0.9616035	3.450232	-0.1649758	-0.968035	3.193487	

0.08819658	-0.06249815	3.326101	-0.2451444	-0.123842	2.894548	0.1055905	-0.2099462	3.353486	-0.228257	-0.2731539	2.928682	0.0586711	-0.1498513	3.251545	-0.204783	-0.1733995	2.92175	-0.07417689	0.6773339	3.074343	-0.1320738	0.5650761	3.050658	-0.1259384	0.4814759	3.067405	-0.105723	0.2251028	3.107951	-0.07728253	-0.1227717	3.152912	-0.02511747	0.4601589	3.145941	-0.2323513	0.4322452	2.954684	-0.02786391	-0.1131086	3.152076	-0.1248004	-0.1286152	3.067986	0.03942315	0.1990716	3.261622	-0.2785928	0.133634	2.919831	0.002684667	-0.528971	3.397917	-0.1879505	-0.5866824	3.129582	-0.02495968	-0.9607278	3.449469	-0.1644389	-0.9681027	3.193574	

0.09269593	-0.06156603	3.317947	-0.2595149	-0.1299391	2.905628	0.1093082	-0.2122724	3.351858	-0.2533826	-0.2753235	2.94548	0.0477833	-0.175311	3.229857	-0.1814428	-0.1705009	2.965775	-0.07275361	0.6802956	3.072604	-0.130889	0.5642774	3.054882	-0.1248903	0.4806624	3.072604	-0.1058119	0.2243439	3.115965	-0.07987356	-0.124154	3.164066	-0.0002308184	0.414187	3.170038	-0.2348116	0.4338074	2.960281	-0.02979662	-0.1154412	3.160486	-0.1279605	-0.1289633	3.081948	0.05379387	0.1503692	3.28411	-0.2873726	0.1360864	2.932929	-0.07685336	-0.5199707	3.295631	-0.1879762	-0.5756146	3.127608	-0.03899614	-0.9300846	3.427763	-0.1640868	-0.9684606	3.19345	

0.0944273	-0.05975122	3.311975	-0.2659604	-0.1321677	2.910903	0.1116904	-0.2096334	3.338497	-0.2584265	-0.2641561	2.940664	0.04742907	-0.1805335	3.22775	-0.2305716	-0.1822139	2.933818	-0.07118282	0.6831034	3.073172	-0.1274484	0.5623082	3.062081	-0.1228451	0.4793932	3.078587	-0.1066305	0.2244527	3.119129	-0.08455838	-0.1226789	3.165669	-1.76291E-05	0.4499356	3.207067	-0.2365443	0.4352524	2.967113	-0.03634922	-0.1154316	3.162151	-0.1311974	-0.1264342	3.083419	0.05197433	0.17027	3.287215	-0.2953911	0.1386837	2.941879	-0.06778109	-0.5283679	3.32023	-0.1861514	-0.5755877	3.131557	-0.02678456	-0.9437744	3.435953	-0.1639858	-0.9686399	3.193691	

0.09455266	-0.06191396	3.30829	-0.3157022	-0.1209452	2.957397	0.1075785	-0.2171205	3.319845	-0.3093245	-0.2613918	2.974893	0.06106949	-0.1003177	3.285833	-0.2802466	-0.1999519	2.95965	-0.05657687	0.6912715	3.087022	-0.1120602	0.5618722	3.093966	-0.1102893	0.4797473	3.110435	-0.1036073	0.2275881	3.149095	-0.09284109	-0.1164515	3.191518	0.007328206	0.4406902	3.209953	-0.2338829	0.4421808	3.003852	-0.04139965	-0.1123223	3.185962	-0.1422597	-0.1170995	3.11091	0.06160799	0.1664574	3.302378	-0.3108611	0.1499451	2.986418	-0.06692092	-0.552866	3.360855	-0.1805396	-0.5707896	3.129952	-0.01865032	-0.9703361	3.466955	-0.1613999	-0.9690107	3.192982	

0.09493973	-0.06539138	3.308661	-0.3302098	-0.1168089	2.985413	0.1038454	-0.2193135	3.32146	-0.3388788	-0.2563272	3.013232	0.06175073	-0.1272188	3.293273	-0.3030994	-0.205584	2.998313	-0.04236262	0.6890265	3.107293	-0.1043654	0.5643161	3.112891	-0.1041379	0.4823074	3.130682	-0.1031405	0.2309032	3.174506	-0.1032797	-0.1116397	3.224189	0.02587545	0.4376044	3.249085	-0.2279563	0.4454349	3.021949	-0.05413205	-0.1060691	3.225749	-0.1500286	-0.1139658	3.136957	0.06603748	0.1536034	3.321984	-0.3115921	0.1550841	3.00044	-0.06602016	-0.5502316	3.361127	-0.1722979	-0.5697043	3.130496	-0.2012983	-0.8777027	3.600874	-0.1581727	-0.9709495	3.189795	

0.09410119	-0.06640065	3.31093	-0.3331089	-0.117289	2.994502	0.1006872	-0.2199595	3.340968	-0.3409786	-0.2491991	3.022524	0.07677981	-0.1800947	3.313334	-0.3097101	-0.1888267	3.004095	-0.03921665	0.6897226	3.112285	-0.1015426	0.5653604	3.11894	-0.1020271	0.4833215	3.136398	-0.1028574	0.2317884	3.178778	-0.1041395	-0.1110276	3.226228	0.02784629	0.4362646	3.255026	-0.225065	0.4474822	3.029745	-0.05463772	-0.1059573	3.226711	-0.1511618	-0.1127181	3.140196	0.06716996	0.1527915	3.329735	-0.3119884	0.158123	3.008676	-0.06471542	-0.5501722	3.36553	-0.1693949	-0.5728766	3.131293	-0.2000824	-0.8782148	3.604509	-0.1574886	-0.9719293	3.188931	

0.09274761	-0.07403807	3.367717	-0.3434558	-0.1095166	3.045275	0.101006	-0.2234272	3.381523	-0.3583604	-0.2460363	3.081049	0.07280909	-0.1421726	3.355	-0.3140649	-0.189882	3.0598	-0.02927904	0.6948839	3.140028	-0.09459157	0.5670655	3.148311	-0.09672405	0.4852975	3.164876	-0.1024113	0.2345383	3.203944	-0.1088762	-0.1075519	3.245653	0.02684361	0.4467973	3.273376	-0.2206772	0.4479002	3.053954	-0.0595304	-0.1042007	3.248222	-0.1554003	-0.1081247	3.156926	0.06565302	0.1720741	3.370524	-0.3160325	0.16208	3.053949	-0.06244372	-0.5663053	3.414707	-0.1690314	-0.5774589	3.144869	-0.1981866	-0.8956316	3.651743	-0.1574474	-0.9720744	3.189574	

0.09400135	-0.07081658	3.372363	-0.3437706	-0.1096268	3.046026	0.1093787	-0.2226662	3.404545	-0.3569195	-0.2459924	3.08527	0.06342924	-0.1145038	3.3715	-0.3146572	-0.1711064	3.056334	-0.02816248	0.6951228	3.142712	-0.09368245	0.5679837	3.151577	-0.09599814	0.48627	3.168602	-0.1025494	0.2357277	3.209257	-0.1110425	-0.1059466	3.253298	0.02970645	0.4545472	3.292226	-0.220314	0.4485977	3.058074	-0.06213684	-0.1029749	3.254623	-0.1569821	-0.1061054	3.165953	0.06632497	0.1732972	3.374225	-0.3158223	0.1626098	3.05479	-0.06344008	-0.565027	3.413026	-0.1687983	-0.5817172	3.152076	-0.2124837	-0.9136645	3.614574	-0.1577673	-0.9722033	3.190144	

0.09934711	-0.07077727	3.405226	-0.3440799	-0.1097106	3.048452	0.1111051	-0.2299682	3.458144	-0.3521052	-0.2367031	3.08764	0.07454686	-0.1327545	3.420333	-0.3139711	-0.1723496	3.069526	-0.02921651	0.6956475	3.153467	-0.09424083	0.5686129	3.160265	-0.09687417	0.4865103	3.177531	-0.1045078	0.2347499	3.218771	-0.1145852	-0.1086574	3.263077	0.02915222	0.4485462	3.297145	-0.2215541	0.448272	3.066073	-0.06559248	-0.1066353	3.263832	-0.1605666	-0.1077857	3.176244	0.06501959	0.1709282	3.388412	-0.3173626	0.1622664	3.060301	-0.0650076	-0.5616846	3.41188	-0.1689277	-0.5818892	3.152537	-0.2530166	-0.9061113	3.589053	-0.1582798	-0.9726495	3.191649	

0.08893447	-0.06263221	3.458219	-0.3448377	-0.110861	3.045746	0.1081598	-0.2099586	3.496418	-0.3519574	-0.2503043	3.070078	0.08450547	-0.1899808	3.477	-0.3036275	-0.1457959	3.073833	-0.0615318	0.6962982	3.173306	-0.1248046	0.5733173	3.171533	-0.1224226	0.4897305	3.187037	-0.1176675	0.2347766	3.223799	-0.1177419	-0.1101766	3.264315	-0.005591432	0.411604	3.308759	-0.2405909	0.4476452	3.073587	-0.06926288	-0.109045	3.26587	-0.1632503	-0.1085867	3.176831	0.04231651	0.1476334	3.424303	-0.3248648	0.1576713	3.059031	-0.07515325	-0.5939012	3.420631	-0.1716568	-0.5612891	3.15273	-0.3051112	-0.90825	3.603586	-0.2587935	-0.9397639	3.286455	

0.08741227	-0.06005735	3.457565	-0.3469228	-0.1116338	3.040171	0.1103808	-0.2137191	3.506627	-0.3462122	-0.2528098	3.065271	0.06887952	-0.1494899	3.4796	-0.3076289	-0.1722242	3.061765	-0.06768756	0.6941015	3.175591	-0.13015	0.5728568	3.173784	-0.1284184	0.489376	3.189494	-0.1236335	0.2343903	3.226115	-0.1199025	-0.1110106	3.265059	-0.01985065	0.4318615	3.312826	-0.2434952	0.4471849	3.074661	-0.07323049	-0.1101733	3.267026	-0.1640874	-0.1090881	3.177202	0.0351474	0.1647313	3.41984	-0.3322056	0.158526	3.054169	-0.07582954	-0.5944964	3.421173	-0.1882913	-0.5856667	3.170452	-0.3099729	-0.9095927	3.598055	-0.2673702	-0.9505668	3.29059	

0.08025149	-0.05911053	3.456825	-0.3494708	-0.1247473	3.016649	0.1035973	-0.2080075	3.503919	-0.3519424	-0.2578608	3.03796	0.05355336	-0.130249	3.48025	-0.3140368	-0.1880065	3.028222	-0.09783161	0.6888595	3.175633	-0.1525144	0.5702832	3.172811	-0.1486699	0.4865887	3.188142	-0.1373669	0.2307475	3.223773	-0.125813	-0.116108	3.261468	-0.03704002	0.435168	3.310391	-0.2551584	0.4468804	3.070471	-0.08094607	-0.1146254	3.262321	-0.1681043	-0.1145741	3.174426	0.02362233	0.170414	3.418976	-0.3389844	0.1572308	3.04195	-0.09254979	-0.6451192	3.434019	-0.2264222	-0.6200216	3.199471	0.009580187	-0.9975128	3.456464	-0.2839323	-0.9536185	3.300085	

0.04837306	-0.05888132	3.46053	-0.3593561	-0.1348452	2.972945	0.04953982	-0.219715	3.537417	-0.3693171	-0.2897926	3.014705	-0.002237794	-0.08511132	3.462667	-0.2906207	-0.1924417	3.03375	-0.1478812	0.6915511	3.170694	-0.2052638	0.5675014	3.164432	-0.199784	0.4820344	3.180531	-0.1778293	0.221215	3.218628	-0.1495522	-0.1313861	3.258044	-0.09034977	0.4359979	3.300843	-0.3050466	0.4373831	3.050467	-0.1080862	-0.1305663	3.254874	-0.187623	-0.128733	3.174557	-0.01587892	0.1815871	3.421564	-0.3642801	0.1422201	3.014217	-0.09787316	-0.6309565	3.427336	-0.2678169	-0.616043	3.224271	0.00792214	-0.9968522	3.456824	-0.2942394	-0.9581165	3.315838	

0.03743232	-0.05884821	3.458308	-0.3604472	-0.1345568	2.967959	0.04441485	-0.2152286	3.516922	-0.3733723	-0.2961723	2.99959	0.02838086	-0.1412013	3.515167	-0.2916256	-0.2057094	3.032414	-0.1517354	0.6909947	3.168699	-0.2082396	0.5675112	3.162349	-0.2029658	0.481259	3.178326	-0.1852638	0.2157161	3.214686	-0.1651856	-0.1517594	3.250726	-0.08602967	0.3488497	3.215094	-0.3086035	0.4366923	3.048835	-0.1145558	-0.1495522	3.247696	-0.2147408	-0.1509733	3.167258	-0.02969246	0.1367728	3.397161	-0.3703532	0.1425411	3.0056	-0.1010432	-0.6294432	3.424718	-0.2717107	-0.615868	3.226152	0.007477679	-0.995695	3.456463	-0.2990845	-0.9569286	3.317695	

0.01695012	-0.05734735	3.456563	-0.3650754	-0.1360643	2.957054	0.02883624	-0.2119371	3.515649	-0.3777568	-0.3017742	2.984313	0.006376683	-0.1410319	3.510334	-0.3034487	-0.1895152	3.030233	-0.1677312	0.6909655	3.163096	-0.2191671	0.5677624	3.158698	-0.2132619	0.4809006	3.175179	-0.1945546	0.2142048	3.213131	-0.1699941	-0.152277	3.251289	-0.09182376	0.3589781	3.214617	-0.3168045	0.4368885	3.045437	-0.1192067	-0.1507994	3.247685	-0.2180147	-0.1505163	3.168317	-0.03813921	0.1414525	3.391767	-0.378384	0.1431131	2.998233	-0.1050329	-0.6239141	3.419773	-0.2792208	-0.6158915	3.229562	0.007487009	-0.9954392	3.456473	-0.3014225	-0.956402	3.320272	

-0.04698867	-0.07120637	3.442907	-0.3909168	-0.136673	2.910432	-0.03257499	-0.2118322	3.487595	-0.3972301	-0.3112855	2.933863	-0.05170911	-0.1542002	3.48375	-0.3468634	-0.2245129	2.96475	-0.2176603	0.6816924	3.139299	-0.2609721	0.5608796	3.137847	-0.2556777	0.4738625	3.154993	-0.2383566	0.2072637	3.195743	-0.2122642	-0.1560794	3.239166	-0.117286	0.3536249	3.207864	-0.3656643	0.4317181	3.023024	-0.1593187	-0.1537145	3.236427	-0.2581892	-0.1542358	3.15625	-0.07437646	0.1358873	3.387451	-0.4111116	0.1358533	2.966578	-0.1040756	-0.6217425	3.412291	-0.3135239	-0.6231828	3.244006	0.007363065	-0.9954706	3.456479	-0.3076027	-0.9533815	3.323018	

-0.06689894	-0.08206755	3.428016	-0.3999822	-0.1396321	2.90145	-0.05999441	-0.1603721	3.411772	-0.4163072	-0.309153	2.899346	-0.06455579	-0.1263843	3.4045	-0.363445	-0.227093	2.951222	-0.2212867	0.6813943	3.135104	-0.2699162	0.5602921	3.129832	-0.263783	0.4736614	3.148655	-0.2445822	0.2079256	3.193172	-0.2184508	-0.1543435	3.239814	-0.1588893	0.3705757	3.183763	-0.3725085	0.4303775	3.019996	-0.1676024	-0.1505273	3.236341	-0.263425	-0.1535906	3.157378	-0.1142857	0.1401368	3.348588	-0.4210968	0.1358173	2.960172	-0.102264	-0.6168815	3.402237	-0.3258206	-0.624232	3.244138	0.01175484	-0.993314	3.455254	-0.312605	-0.9546689	3.323172	

-0.08712041	-0.08851709	3.429451	-0.4187738	-0.1486468	2.885298	-0.0553338	-0.2193235	3.440372	-0.4376721	-0.3163989	2.895526	-0.05991907	-0.1850725	3.433114	-0.3774089	-0.221642	2.9265	-0.2279639	0.6830227	3.128439	-0.283312	0.5613685	3.120605	-0.2780779	0.4748514	3.139556	-0.2610416	0.2095998	3.185425	-0.2370275	-0.1519564	3.234995	-0.1634753	0.3713853	3.181237	-0.3853999	0.4274272	3.011933	-0.1827734	-0.1469206	3.23326	-0.2856057	-0.1530668	3.150388	-0.1188688	0.1411007	3.345932	-0.4370447	0.1341399	2.948802	-0.0994285	-0.6081578	3.391054	-0.3476349	-0.6249291	3.248079	0.01141478	-0.993057	3.454714	-0.317169	-0.954141	3.324479	

-0.09297745	-0.1046116	3.428763	-0.4258504	-0.1488568	2.892061	-0.06153883	-0.2352248	3.440612	-0.4469109	-0.3180529	2.91869	-0.06609576	-0.2009012	3.433357	-0.3858435	-0.2239792	2.957778	-0.2303533	0.6830598	3.125543	-0.2889187	0.5622742	3.115611	-0.2832552	0.4753837	3.135595	-0.2652282	0.2093001	3.183897	-0.240878	-0.1531783	3.235803	-0.16784	0.3600641	3.177651	-0.3908193	0.4258565	3.007209	-0.187553	-0.1482752	3.233768	-0.2883359	-0.1540801	3.151473	-0.1232114	0.1299183	3.342273	-0.4424371	0.1320809	2.948094	-0.1005341	-0.6085772	3.390047	-0.3541495	-0.6305606	3.254394	0.03129248	-0.9940964	3.444147	-0.3181609	-0.9539289	3.3257	

-0.09774831	-0.0818131	3.428435	-0.425452	-0.1518781	2.900768	-0.06667247	-0.2124828	3.440718	-0.4349835	-0.3207056	2.940136	-0.07120575	-0.1782629	3.433455	-0.37376	-0.2153856	2.9795	-0.2301924	0.6832606	3.124	-0.2888685	0.5621871	3.114357	-0.28329	0.4754406	3.13449	-0.2654278	0.2096686	3.183276	-0.2411838	-0.152329	3.235699	-0.1728317	0.3836199	3.175095	-0.3909442	0.4258498	3.00655	-0.1878885	-0.146677	3.233658	-0.2885249	-0.1537523	3.151416	-0.1282119	0.153535	3.339573	-0.4428565	0.1319988	2.950775	-0.1078513	-0.5604793	3.367841	-0.3555838	-0.6318188	3.256058	0.004519128	-0.972183	3.442714	-0.3193286	-0.9524483	3.326444	

-0.09052305	-0.07618666	3.428372	-0.4166022	-0.1522793	2.915591	-0.05961541	-0.2068913	3.44071	-0.4172941	-0.3211582	2.958695	-0.06418098	-0.1726968	3.433444	-0.356486	-0.2093936	2.990819	-0.2253372	0.6813682	3.121629	-0.2807642	0.5630233	3.111634	-0.2761693	0.4765763	3.132301	-0.2606996	0.2114561	3.182624	-0.2378772	-0.1496513	3.236892	-0.1655449	0.3891892	3.174612	-0.3849072	0.4273979	3.006164	-0.1846745	-0.1437411	3.23469	-0.2850046	-0.1513888	3.152867	-0.1210261	0.159317	3.33889	-0.4373678	0.1333098	2.956133	-0.0999611	-0.6048378	3.380884	-0.3571478	-0.6290461	3.256533	0.02305139	-1.001618	3.443522	-0.3223303	-0.9586586	3.326789	

-0.07075071	-0.04749257	3.463084	-0.4046818	-0.1488062	2.925952	-0.0399208	-0.1782647	3.475557	-0.4134795	-0.3182788	2.97881	-0.04457834	-0.1442092	3.468282	-0.3415807	-0.2089164	3.000647	-0.2076869	0.683438	3.122275	-0.2623	0.5652456	3.111644	-0.2586386	0.4792521	3.132544	-0.246187	0.2154407	3.183976	-0.2271066	-0.1442674	3.240243	-0.1456461	0.4177592	3.208418	-0.3674788	0.4290843	3.00806	-0.1761848	-0.1378216	3.239017	-0.2715177	-0.1467086	3.155278	-0.1013235	0.1879223	3.372586	-0.4244583	0.1355576	2.963541	-0.1029509	-0.5500642	3.365916	-0.356094	-0.6282103	3.258558	0.02124679	-0.9603319	3.432427	-0.32263	-0.9589056	3.3273	

-0.03588831	-0.07315385	3.444541	-0.3690648	-0.1391803	2.941764	-0.005194275	-0.2038505	3.456962	-0.372367	-0.307108	2.991593	-0.01000932	-0.1696743	3.449695	-0.3095334	-0.1978577	3.026368	-0.1602761	0.6833367	3.130314	-0.2321502	0.5663618	3.119305	-0.2293456	0.4806494	3.139062	-0.2197583	0.2178093	3.187654	-0.2055185	-0.1407581	3.241286	-0.1103078	0.3921686	3.190288	-0.3252828	0.4317647	3.016528	-0.1507197	-0.1316474	3.238034	-0.2542851	-0.1456227	3.157986	-0.06627445	0.162721	3.354199	-0.3891816	0.1397268	2.975419	-0.078302	-0.6125177	3.389199	-0.3441372	-0.6192623	3.26146	0.02256505	-0.9979981	3.440637	-0.3230554	-0.9605113	3.32731	

-0.04186687	-0.1298126	3.293132	-0.3630858	-0.1380804	2.944602	-0.02811888	-0.308079	3.283945	-0.3628689	-0.3108726	3.014598	-0.016659	-0.2146292	3.292059	-0.2988888	-0.1900028	3.028125	-0.1561697	0.6831636	3.13246	-0.2234872	0.5654177	3.122746	-0.2203812	0.4795972	3.142357	-0.2100409	0.2164987	3.19042	-0.1950273	-0.1422704	3.243222	-0.1066243	0.3911935	3.191759	-0.3203738	0.4312024	3.018012	-0.1406815	-0.1334843	3.239724	-0.244074	-0.1469747	3.160325	-0.06261809	0.1617556	3.355668	-0.3827772	0.138879	2.976195	-0.07081664	-0.610442	3.393266	-0.3369758	-0.6164432	3.264824	0.01631892	-0.9983671	3.442099	-0.3224457	-0.9595104	3.327324	

-0.03472947	-0.1295185	3.29122	-0.3442259	-0.1314739	2.950294	-0.01459584	-0.3056881	3.276994	-0.3508972	-0.2957363	3.017735	0.00240997	-0.2217287	3.294055	-0.2837371	-0.1944886	3.029333	-0.1346988	0.680864	3.139029	-0.1970311	0.5659472	3.128958	-0.1938342	0.480608	3.148146	-0.183324	0.2190315	3.194944	-0.1681258	-0.1375456	3.246102	-0.08340795	0.3908634	3.196976	-0.2971675	0.4331188	3.025659	-0.111888	-0.129236	3.243988	-0.219872	-0.1421786	3.162073	-0.0395705	0.1614367	3.360878	-0.3625078	0.1415643	2.982147	-0.05112061	-0.605746	3.396905	-0.3215865	-0.6107312	3.2643	0.01179904	-0.9984176	3.442889	-0.3209531	-0.9522504	3.328121	

-0.02691724	-0.1283648	3.29232	-0.3375469	-0.1315227	2.952968	-0.01253752	-0.3059449	3.280361	-0.3403273	-0.2875529	3.011917	0.01646259	-0.1995158	3.306714	-0.2759549	-0.1886026	3.038188	-0.1228003	0.6800023	3.143105	-0.1869425	0.5664906	3.133688	-0.1828198	0.4813915	3.15326	-0.1693615	0.2206755	3.201282	-0.1498908	-0.1344422	3.25424	-0.07249321	0.3912627	3.201937	-0.2841427	0.4378935	3.028461	-0.09567668	-0.1256655	3.254759	-0.1996707	-0.1395959	3.167681	-0.0287359	0.1618426	3.365839	-0.3489544	0.1461649	2.985034	-0.0445848	-0.6073644	3.39992	-0.3067928	-0.600764	3.26176	0.00786891	-0.9940187	3.444209	-0.3201939	-0.9525411	3.328545	

0.002611336	-0.1234388	3.297806	-0.3225828	-0.1291143	2.961277	0.01245247	-0.2994967	3.289536	-0.3118722	-0.2784089	3.019634	0.03729993	-0.2854444	3.3145	-0.2597259	-0.163405	3.044118	-0.097782	0.6820388	3.147403	-0.156874	0.5708917	3.142548	-0.1551489	0.4855539	3.160818	-0.1486688	0.2240638	3.205367	-0.1373853	-0.1321428	3.254855	-0.04238125	0.3955104	3.210693	-0.2567925	0.4410939	3.03623	-0.08494578	-0.1244612	3.255086	-0.1860848	-0.1362098	3.168541	0.001157774	0.1660766	3.374596	-0.3243933	0.149793	2.995103	-0.03751408	-0.6077994	3.402559	-0.279086	-0.6112009	3.257416	0.004037688	-0.994881	3.445469	-0.3190899	-0.9522157	3.328972	

0.00853041	-0.1221626	3.29833	-0.3129819	-0.1266627	2.967948	0.01897896	-0.2986405	3.284716	-0.3078837	-0.2805495	3.027634	0.03963796	-0.2341829	3.291429	-0.2523186	-0.1661423	3.049471	-0.08491119	0.6854734	3.150837	-0.1512139	0.5721363	3.143347	-0.149104	0.4866683	3.161662	-0.1418781	0.2246851	3.206133	-0.1308894	-0.1323378	3.254965	-0.03674727	0.3967358	3.211477	-0.2512395	0.4412004	3.037758	-0.07932557	-0.125337	3.255049	-0.1788517	-0.1356762	3.168795	0.006751099	0.1672958	3.375383	-0.319309	0.1499343	2.99763	-0.03197609	-0.6085333	3.403969	-0.2487017	-0.6097861	3.243693	0.002917969	-0.9930955	3.446582	-0.3166389	-0.9516023	3.328618	

0.03097094	-0.07598785	3.328043	-0.2918053	-0.114551	2.995792	0.05092917	-0.2554306	3.308482	-0.2887643	-0.2658576	3.035574	0.06544133	-0.2083613	3.313727	-0.2299719	-0.1778808	3.068609	-0.04862884	0.6922975	3.157746	-0.1101364	0.5738724	3.153722	-0.1042619	0.4911375	3.173493	-0.08929192	0.2378999	3.221319	-0.07158604	-0.1076023	3.273138	0.005937472	0.4805348	3.298793	-0.2234868	0.4444414	3.050787	-0.0288266	-0.1086292	3.279058	-0.1125023	-0.10374	3.180997	0.0324238	0.2128291	3.409074	-0.3003956	0.1548478	3.018216	-0.005745844	-0.6150966	3.410356	-0.1464727	-0.5804245	3.162519	-0.004083912	-1.000073	3.45018	-0.2744643	-0.9676589	3.299206	

0.1738256	-0.03615595	3.300982	-0.3047576	-0.09435906	3.066793	0.2225779	-0.1731543	3.281923	-0.3272231	-0.2320079	3.124016	0.1683094	-0.1027355	3.285111	-0.2704569	-0.1289264	3.079	0.007224194	0.7001421	3.155986	-0.06611843	0.5740336	3.154683	-0.06583717	0.4935525	3.172781	-0.05983292	0.245893	3.216941	-0.04632754	-0.09144381	3.264389	0.06354946	0.4603681	3.304696	-0.1962338	0.4469643	3.056451	0.002724746	-0.08659467	3.27446	-0.09256916	-0.0925039	3.168649	0.1179911	0.173001	3.349173	-0.2845453	0.1610822	3.055411	0.03982435	-0.5132269	3.360116	-0.0404235	-0.5657426	3.096173	0.008529676	-0.9393589	3.431845	-0.1089739	-0.9449759	3.212226	

0.2134146	-0.02776838	3.252927	-0.3115515	-0.07290838	3.070735	0.2732385	-0.1434766	3.20028	-0.3375466	-0.2146026	3.135321	0.2181317	-0.09992229	3.229833	-0.2872488	-0.1307092	3.086313	0.009675611	0.7002999	3.153399	-0.06224631	0.5740415	3.153607	-0.06088745	0.493692	3.171125	-0.05409431	0.2468285	3.213331	-0.04209641	-0.08947624	3.258207	0.07334758	0.4483121	3.297951	-0.1927813	0.4472649	3.055949	0.008208984	-0.08466911	3.265172	-0.09014669	-0.09115463	3.164911	0.1316981	0.1629878	3.336568	-0.2840671	0.162644	3.058915	0.04443083	-0.4997392	3.349753	-0.01863705	-0.5650994	3.089641	0.04611924	-0.9275945	3.418924	-0.05347511	-0.9367108	3.175123	

0.2801774	0.02225981	3.166099	-0.3195336	-0.05382989	3.09369	0.3489524	-0.09458465	3.085452	-0.3578171	-0.1846935	3.188157	0.2732992	-0.02906957	3.1495	-0.3064586	-0.1277609	3.13125	0.02922954	0.6958392	3.144958	-0.04055281	0.5723786	3.143692	-0.04045919	0.49267	3.160373	-0.03922055	0.2478966	3.200289	-0.03460171	-0.08603412	3.241751	0.1005324	0.4435675	3.28982	-0.169525	0.4475295	3.048206	0.0151228	-0.08299997	3.251333	-0.08316094	-0.08632999	3.14592	0.1778139	0.1898083	3.276326	-0.27951	0.1709218	3.06257	0.05403068	-0.499024	3.32056	0.03977415	-0.6065558	3.074542	0.05393532	-0.9253275	3.397163	0.05215859	-0.9587039	3.104657	

0.4124022	0.1096912	3.003548	-0.3116623	-0.04380032	3.095902	0.4807155	0.03296313	2.905756	-0.3698547	-0.145743	3.197411	0.4567187	0.03135662	2.9305	-0.2813936	-0.08694358	3.125625	0.09392155	0.6825794	3.10129	0.02801229	0.5623057	3.096177	0.02516313	0.4813203	3.10929	0.01639452	0.2329338	3.137849	0.004398135	-0.1060021	3.164745	0.1780266	0.3968872	3.212944	-0.1047178	0.4408121	2.999916	0.06250006	-0.119238	3.169817	-0.05388623	-0.089863	3.073414	0.2762777	0.2010241	3.16085	-0.2336349	0.1787728	3.046416	0.01734724	-0.5805218	3.135215	0.07944701	-0.586621	3.027689	0.018715	-1.00726	3.208053	0.1986578	-1.006152	3.018337	

0.419012	0.1167533	2.997082	-0.3044213	-0.05447612	3.096005	0.4956581	0.03841123	2.884905	-0.3506206	-0.15707	3.182042	0.4730217	0.04347356	2.92675	-0.2939423	-0.1176499	3.127812	0.09638287	0.6820973	3.097912	0.03046736	0.5620096	3.091883	0.02809765	0.4810132	3.104381	0.02102273	0.2325929	3.130841	0.01189099	-0.1064026	3.154342	0.1813088	0.3980014	3.209218	-0.1039892	0.4405639	2.999216	0.0704503	-0.1197234	3.159	-0.04703614	-0.09016217	3.063415	0.2798715	0.2026765	3.154799	-0.2309665	0.1770569	3.043918	0.01948571	-0.5821035	3.120032	0.07343081	-0.5077224	3.041264	0.02084199	-1.008839	3.192861	0.1725255	-0.932145	3.050462	

0.475123	0.1159238	2.941469	-0.2545462	-0.04016557	3.0102	0.5365919	0.03865426	2.84119	-0.3308872	-0.1721359	3.099418	0.4695311	0.06989547	2.968	-0.2448605	-0.1046441	3.030643	0.1327032	0.6784309	3.053322	0.06619559	0.5575417	3.039502	0.06578329	0.4757126	3.051035	0.06428336	0.2246626	3.074857	0.06199161	-0.1180723	3.095375	0.2297692	0.3860621	3.156244	-0.05736949	0.4315183	2.943304	0.11757	-0.1338366	3.101707	0.004620736	-0.09900054	3.002819	0.3290545	0.1921991	3.097368	-0.1808668	0.1650688	2.983441	0.09511335	-0.6077308	3.021745	0.09661569	-0.5176263	3.027111	0.09606083	-1.034356	3.094517	0.2105528	-0.9390528	3.010246	

0.4842851	0.1162227	2.929165	-0.2290829	-0.05277285	2.955526	0.5570126	0.02269321	2.820832	-0.2989249	-0.1914448	3.034299	0.5286717	0.03028067	2.857273	-0.2291929	-0.1293386	2.980846	0.1495419	0.6807054	3.026019	0.08063974	0.558688	3.018705	0.08085281	0.476667	3.030045	0.08126955	0.2249664	3.053264	0.08169051	-0.1187795	3.072898	0.2447003	0.3932588	3.122365	-0.03905569	0.433202	2.916675	0.1357196	-0.1339596	3.082551	0.02535946	-0.100316	2.976736	0.3388003	0.1935519	3.085129	-0.1521866	0.1586091	2.940205	0.10094	-0.6086842	3.012677	0.0681406	-0.5239283	3.015306	0.2360491	-0.9768572	3.000842	0.2011344	-0.9396359	3.009093	

0.5222641	0.1011315	2.889394	-0.1895804	-0.05537647	2.871564	0.5834638	0.0009450018	2.788921	-0.270938	-0.2056538	2.952139	0.557963	0.0199306	2.845334	-0.1900167	-0.1373939	2.892036	0.1794826	0.6842416	2.975851	0.1120303	0.5683368	2.965149	0.1142263	0.485215	2.975871	0.1204869	0.2300433	2.997292	0.1285382	-0.1185707	3.01455	0.2746117	0.3904868	3.076049	-0.002460776	0.4372772	2.859273	0.1812083	-0.131675	3.022138	0.07212627	-0.1020609	2.920808	0.3745188	0.1942798	3.033181	-0.116387	0.160674	2.868586	0.1145229	-0.6056247	2.991286	0.08616088	-0.5284192	2.955797	0.2455565	-0.9898112	2.997442	0.2033476	-0.9450457	2.995716	

0.5191987	0.06123442	2.878119	-0.1422818	-0.08032635	2.803223	0.5858545	-0.04068935	2.789395	-0.2162697	-0.2273747	2.871919	0.5578594	-0.01460142	2.846637	-0.1558618	-0.1849032	2.840875	0.2050308	0.6801581	2.923939	0.1395143	0.5675583	2.9143	0.1432094	0.4839914	2.92691	0.1539176	0.2273771	2.953998	0.1678774	-0.1232644	2.978761	0.2965534	0.3800308	3.033663	0.02340784	0.4312036	2.810439	0.2129037	-0.1344847	2.993893	0.1148892	-0.1081962	2.880256	0.3852246	0.177206	3.018675	-0.08453525	0.151082	2.809584	0.1412546	-0.6245404	2.990541	0.0803092	-0.5223847	2.957958	0.2393598	-0.9882078	3.005004	0.1974999	-0.9390608	2.99784	

0.5012676	-0.03670763	2.908828	-0.03804956	-0.1154437	2.711447	0.5527042	-0.133986	2.858678	-0.08364148	-0.2643076	2.758703	0.5215781	-0.1242707	2.880286	-0.01426908	-0.1662264	2.726572	0.230347	0.6695657	2.861313	0.1627259	0.5563449	2.851768	0.170983	0.4697154	2.869082	0.1954614	0.2037167	2.910225	0.2279541	-0.1595866	2.953509	0.3200664	0.3685689	2.970496	0.06036233	0.4139488	2.746002	0.2697553	-0.158602	2.95804	0.179469	-0.1559307	2.863067	0.3976193	0.1411227	2.996753	-0.02143349	0.1238815	2.7327	0.09970145	-0.5936061	2.941659	0.1449909	-0.5737566	2.92605	0.2379625	-0.9884583	3.005288	0.2617699	-0.9905325	2.963001	

0.4896776	-0.05086148	2.928077	-0.01131331	-0.1192756	2.696116	0.5394729	-0.154502	2.892272	-0.04308734	-0.2763887	2.737368	0.5118036	-0.1410257	2.9232	0.01748593	-0.1920987	2.712333	0.2334875	0.6685802	2.858826	0.1649754	0.5563697	2.84648	0.1733131	0.4696939	2.863419	0.1980299	0.2035206	2.903352	0.2308402	-0.1600984	2.944816	0.3223135	0.3685825	2.965207	0.06179451	0.4131005	2.742904	0.2727709	-0.1590193	2.952199	0.1819322	-0.1565193	2.850784	0.3974522	0.1402533	2.99702	-0.01103613	0.1201351	2.722331	0.3850816	-0.5417783	3.068235	0.1488964	-0.5720792	2.921983	0.2705425	-0.9628983	3.028738	0.2368316	-0.9705887	2.961756	

0.4777476	-0.07158573	2.949357	0.03577404	-0.1265661	2.666523	0.5265002	-0.1734774	2.929884	0.01201997	-0.2936049	2.720893	0.4960103	-0.1484873	2.943	0.1021343	-0.1929003	2.731519	0.2425334	0.6691898	2.849101	0.1717786	0.5548034	2.833454	0.1809976	0.4683543	2.851475	0.2086262	0.2027846	2.89406	0.2468604	-0.1599971	2.938391	0.329106	0.3669934	2.952178	0.06719669	0.4100338	2.731622	0.2898015	-0.1561803	2.940861	0.1976664	-0.158804	2.848729	0.4002696	0.1304122	3.000513	0.01807383	0.1153253	2.694395	0.3875446	-0.5421409	3.058978	0.1488477	-0.5729261	2.919996	0.2664379	-0.9617277	3.024532	0.2075893	-0.961987	3.014622	

0.4700861	-0.1156166	3.012245	0.1255989	-0.1132611	2.625487	0.4894434	-0.1898029	2.996649	0.1367018	-0.2904498	2.677507	0.4676591	-0.1496483	3.014	0.1959734	-0.1639946	2.700333	0.2581705	0.6652609	2.822669	0.1865875	0.5569826	2.806452	0.1969513	0.470349	2.82715	0.2276827	0.2043183	2.877154	0.2697437	-0.1589022	2.929932	0.3438896	0.3691107	2.925177	0.08767866	0.4020062	2.699689	0.3097357	-0.1507665	2.928133	0.2231414	-0.1623758	2.845289	0.4086135	0.09401227	3.005386	0.07099406	0.1012297	2.656374	0.3958387	-0.5584508	3.021502	0.1561693	-0.5844328	2.916773	0.3269806	-0.8913158	3.216154	0.2079571	-0.9601746	3.012228	

0.4536155	-0.1151223	3.033449	0.2208753	-0.1104377	2.588313	0.4533134	-0.1366621	3.000595	0.2636539	-0.2673363	2.614517	0.4523312	-0.09323844	3.023637	0.1900845	-0.1819321	2.652546	0.2702638	0.6664928	2.805196	0.1969258	0.5564936	2.791331	0.2091039	0.4698104	2.812084	0.2458903	0.2035483	2.863162	0.2965935	-0.160142	2.919453	0.3542065	0.3685906	2.910051	0.1079772	0.3996011	2.682211	0.3339964	-0.1516368	2.916677	0.249925	-0.1639142	2.836696	0.4146383	0.09471723	2.996045	0.124388	0.1015012	2.61669	0.4332031	-0.5784332	2.986167	0.1647095	-0.5950485	2.913382	0.3941581	-0.9623985	3.153265	0.2108601	-0.9584801	3.012354	

0.5205917	-0.1178359	2.992253	0.4697737	-0.02045848	2.488344	0.5033541	-0.2011171	2.866513	0.62148	-0.1100987	2.495129	0.5059843	-0.1947554	2.867713	0.5433189	-0.1043184	2.455382	0.3518878	0.6592134	2.743393	0.277185	0.5513653	2.734291	0.2855366	0.4653401	2.754738	0.3097863	0.2009823	2.805312	0.3413888	-0.1602637	2.861123	0.4342327	0.3633579	2.852959	0.19929	0.3995802	2.634529	0.3783194	-0.1606766	2.850273	0.2942091	-0.1550561	2.786393	0.4943761	0.08944372	2.938878	0.282469	0.1309336	2.545696	0.51095	-0.6189112	2.91346	0.2105438	-0.5903192	2.884899	0.6220921	-0.9833708	2.923882	0.2134668	-0.960852	3.011912	

0.5509708	-0.1209521	2.984483	0.526319	-0.02119964	2.470638	0.5698806	-0.1893936	2.961834	0.6691582	-0.1073147	2.482016	0.5722577	-0.1831309	2.963074	0.6073558	-0.1122436	2.442577	0.3799833	0.6580976	2.738176	0.3080665	0.5482243	2.7265	0.3165713	0.4620302	2.746348	0.3412169	0.1971434	2.795089	0.3733509	-0.1648754	2.848338	0.465009	0.3602116	2.845142	0.2317586	0.3957289	2.624909	0.4099523	-0.1651054	2.833895	0.325792	-0.1597333	2.777082	0.5249102	0.08631372	2.931086	0.3226888	0.1313878	2.53501	0.5130433	-0.6178772	2.910895	0.225119	-0.5931532	2.878235	0.6212649	-0.9841974	2.923881	0.2188669	-0.959923	3.010866	

0.5788071	-0.1148031	2.976904	0.53028	-0.01796166	2.465425	0.5976037	-0.1832691	2.954271	0.6859595	-0.1152497	2.461196	0.5998327	-0.1770375	2.955535	0.6286895	-0.1092557	2.419625	0.3984615	0.6632723	2.73411	0.3363602	0.5544927	2.718858	0.3441738	0.4664538	2.738528	0.3671826	0.1962927	2.786662	0.3983094	-0.1727511	2.838712	0.4932072	0.3664482	2.837495	0.2615263	0.3981772	2.617106	0.4381458	-0.17439	2.819185	0.3468978	-0.1661038	2.772017	0.5528885	0.09249584	2.923479	0.3572601	0.1310107	2.520561	0.5246282	-0.6138754	2.90623	0.2600243	-0.5929006	2.870656	0.6212468	-0.9836764	2.923076	0.2260868	-0.9607825	3.006842	

0.6282851	-0.1035472	2.96473	0.5816972	-0.008880696	2.427524	0.6468822	-0.1720578	2.942134	0.7159001	-0.1102322	2.421837	0.6488504	-0.165884	2.943448	0.6364738	-0.08579086	2.389469	0.4482294	0.68387	2.718063	0.3866495	0.5659508	2.706547	0.3950144	0.4789	2.725187	0.418845	0.2113068	2.770415	0.4493784	-0.1545315	2.819126	0.5433232	0.3778554	2.825181	0.3091308	0.4059218	2.5991	0.485242	-0.1542299	2.803704	0.3999066	-0.1501651	2.749398	0.6026163	0.1038106	2.911252	0.4076508	0.136918	2.498537	0.5433006	-0.6114723	2.900965	0.2731491	-0.595619	2.863405	0.6223794	-0.9817609	2.921443	0.2287904	-0.9633995	3.00515	

0.6881461	-0.1020663	2.958747	0.6007546	-0.01743808	2.413695	0.7065106	-0.1705828	2.936203	0.7426967	-0.1186536	2.386449	0.7081766	-0.1644191	2.937588	0.6790428	-0.1157226	2.361417	0.5044299	0.6851231	2.709758	0.4474854	0.5674325	2.700438	0.4554914	0.482343	2.716747	0.4779945	0.2207151	2.755041	0.5064945	-0.1371236	2.79464	0.6039385	0.3793333	2.819045	0.3683998	0.4036641	2.593054	0.5412207	-0.1385415	2.789904	0.4563468	-0.1315405	2.714527	0.6627705	0.1052927	2.905203	0.4475918	0.1282067	2.48398	0.5597116	-0.6040293	2.897835	0.3375733	-0.5944876	2.824065	0.6222382	-0.9818496	2.921164	0.2361824	-0.9615164	2.99524	

0.7213327	-0.1028641	2.957085	0.5946735	-0.04746823	2.415459	0.739571	-0.1713776	2.934573	0.7111992	-0.1636886	2.39219	0.7410736	-0.1652118	2.936003	0.6491228	-0.1521334	2.3628	0.5669562	0.6793743	2.708278	0.4812074	0.566596	2.6987	0.4885555	0.4820894	2.713909	0.509281	0.2221774	2.749028	0.5360386	-0.1334118	2.784468	0.637536	0.3785052	2.817293	0.3874295	0.4057926	2.595369	0.5680654	-0.1363267	2.781359	0.4878223	-0.1263058	2.702797	0.6961163	0.1044852	2.903501	0.4476493	0.1278707	2.484488	0.5967197	-0.5921516	2.888984	0.4339737	-0.5821174	2.79257	0.6185244	-0.9741464	2.921511	0.2643874	-0.9404071	2.962782	

0.7311564	-0.1035989	2.956899	0.5884492	-0.06248198	2.415634	0.7493578	-0.1721094	2.934397	0.6922071	-0.1845039	2.396359	0.7508126	-0.1659405	2.93584	0.6322455	-0.1757978	2.368556	0.5679358	0.6800147	2.707442	0.4911892	0.5658406	2.698495	0.4997095	0.4804138	2.713825	0.524278	0.217104	2.749343	0.5566377	-0.1445918	2.785448	0.6474807	0.3777545	2.817082	0.3982555	0.4051443	2.594222	0.5900882	-0.1498292	2.773808	0.5089243	-0.136383	2.712447	0.7059869	0.103745	2.903305	0.4477383	0.126839	2.486041	0.6055853	-0.6055541	2.890463	0.4348937	-0.5614263	2.737887	0.6223921	-0.9765497	2.919813	0.2841434	-0.9152138	2.93108	

0.7991636	-0.1135521	2.839591	0.5288335	-0.1155434	2.447151	0.7973167	-0.2456793	2.846023	0.5980741	-0.2541843	2.447718	0.8228631	-0.162306	2.8299	0.5362045	-0.2126257	2.5222	0.6217247	0.6806196	2.69892	0.5458524	0.5598744	2.692204	0.5533476	0.4767845	2.703997	0.5739328	0.2212759	2.728814	0.5994782	-0.1283718	2.750578	0.7019417	0.371807	2.810761	0.4281943	0.4056841	2.599143	0.6377912	-0.1222878	2.74381	0.5427565	-0.1305316	2.67311	0.7600341	0.09785607	2.897058	0.4388171	0.1128134	2.506912	0.6329672	-0.6757815	2.892633	0.5235201	-0.5642701	2.658393	0.6165003	-0.996348	2.904112	0.3516735	-0.8984771	2.867987	

1.024358	0.06930672	2.478068	0.3254688	-0.07427302	2.611647	1.064505	-0.01738662	2.360253	0.2901571	-0.2244069	2.679024	1.041917	0.001764928	2.426125	0.262824	-0.1610621	2.616687	0.7365286	0.6757919	2.62116	0.6607508	0.5580564	2.628977	0.6637396	0.4759074	2.640006	0.6701048	0.223178	2.662704	0.6758151	-0.1228853	2.681851	0.837797	0.3629788	2.7161	0.5238205	0.4215079	2.539554	0.7214252	-0.1217571	2.677386	0.6090685	-0.1201839	2.60271	0.9143848	0.1597916	2.655303	0.3925193	0.1546537	2.581555	0.5962028	-0.5673382	2.858588	0.7117492	-0.540228	2.534582	0.6207613	-0.970756	2.916525	0.7463676	-0.9761562	2.521204	

1.02488	0.06922559	2.47703	0.3252346	-0.09714322	2.627192	1.063101	-0.02025278	2.349692	0.2960678	-0.2264799	2.687603	1.048276	-0.01751863	2.380063	0.2615812	-0.1734475	2.620071	0.7385804	0.6720094	2.61909	0.6618659	0.5577349	2.626815	0.6647938	0.4755612	2.637718	0.6709592	0.2227434	2.65999	0.6763499	-0.1234755	2.678447	0.8376841	0.3627839	2.712347	0.5243042	0.4212536	2.538926	0.7222974	-0.122869	2.673142	0.6092953	-0.1203372	2.600028	0.9151989	0.1594833	2.654474	0.3938306	0.1539615	2.580229	0.6531559	-0.667604	2.654473	0.7119649	-0.5405105	2.535148	0.6192145	-0.9747751	2.914592	0.7492045	-0.9762076	2.519463	

1.026813	0.03791884	2.444321	0.3584035	-0.1445906	2.589274	1.068721	-0.0355319	2.324302	0.3186628	-0.2320363	2.634778	1.059915	-0.0254414	2.399429	0.2928395	-0.1884229	2.573231	0.7567688	0.6642787	2.590876	0.6752425	0.5496124	2.593479	0.6803339	0.4658467	2.601466	0.6933452	0.2077949	2.615275	0.7055256	-0.1441103	2.628028	0.8624681	0.3298554	2.680793	0.5468951	0.4097135	2.502938	0.7501149	-0.1449001	2.624679	0.6385203	-0.1387547	2.548143	0.9278283	0.1210148	2.63165	0.4198878	0.1392811	2.536132	0.6553048	-0.5935118	2.637166	0.6922972	-0.5673608	2.535924	0.626168	-0.9404383	2.884285	0.7373184	-0.9663631	2.522331	

1.072571	0.02251576	2.376477	0.4073975	-0.1164169	2.451298	1.081341	-0.06253655	2.288474	0.3743662	-0.2593576	2.504434	1.083327	-0.04222424	2.345875	0.3495401	-0.1727807	2.442316	0.7711906	0.6652	2.529402	0.6928752	0.5565062	2.53085	0.6993126	0.4727051	2.539057	0.7159966	0.2147105	2.55331	0.7355019	-0.1389169	2.561027	0.8798246	0.3185055	2.619989	0.5698593	0.4041094	2.435673	0.7781396	-0.1350987	2.563409	0.6690086	-0.1382507	2.47584	0.956681	0.1178493	2.54619	0.4587364	0.1231565	2.448711	0.6437408	-0.6435763	2.78438	0.70616	-0.5647299	2.497404	0.6284854	-0.986962	2.915845	0.737338	-0.966325	2.522317	

1.150446	0.05203291	2.289874	0.4070514	-0.1209298	2.41735	1.096124	-0.05256153	2.25973	0.3702397	-0.2544256	2.452521	1.086007	-0.01139232	2.32775	0.3446807	-0.1849249	2.401304	0.7734774	0.663941	2.519792	0.6946442	0.5590945	2.51555	0.7010584	0.4736139	2.523474	0.7177587	0.2100885	2.535798	0.7373845	-0.153814	2.538567	0.9297917	0.2827846	2.606015	0.5768835	0.4045133	2.415034	0.7790961	-0.1621378	2.533325	0.6712399	-0.1441024	2.459361	1.009101	0.07373535	2.464708	0.4644786	0.1234891	2.423917	0.6743171	-0.6184978	2.609552	0.7056878	-0.5689338	2.490991	0.6354088	-0.9463854	2.878725	0.7383916	-0.9728219	2.519311	

1.14614	0.1876123	2.248433	0.385626	-0.1224072	2.341918	1.127093	-0.002535413	2.19879	0.348383	-0.2548716	2.391168	1.108869	0.03635873	2.278636	0.3253217	-0.1870851	2.338734	0.782372	0.663774	2.471288	0.7013164	0.5633607	2.464139	0.708414	0.478887	2.47128	0.7270317	0.2186385	2.482378	0.7490643	-0.1383893	2.485834	0.9255636	0.2953793	2.575909	0.5968254	0.4011408	2.357235	0.7855456	-0.1408672	2.503627	0.6865543	-0.1349737	2.390675	1.035117	0.08417146	2.415603	0.4706445	0.1247526	2.356499	0.6633093	-0.6187894	2.779053	0.7086897	-0.5511603	2.463476	0.6327395	-0.9879062	2.913148	0.7394236	-0.9756541	2.516844	

1.152777	0.06366049	2.176967	0.392211	-0.1169589	2.259847	1.130857	0.005193339	2.142452	0.3330868	-0.2577697	2.297517	1.119343	0.003967114	2.155429	0.3389247	-0.1181624	2.261778	0.7823659	0.6574826	2.430643	0.7020724	0.5558042	2.422997	0.710482	0.4699852	2.430121	0.7331554	0.2053672	2.440741	0.7610937	-0.1583766	2.442528	0.9160101	0.2885032	2.514028	0.6029571	0.3897513	2.318325	0.8000286	-0.1579795	2.45339	0.6964334	-0.1532906	2.349864	1.067066	0.1572062	2.366406	0.4704897	0.1152278	2.290474	0.6875463	-0.6240956	2.748161	0.7138787	-0.5656214	2.435286	0.646832	-0.9827653	2.90171	0.7406772	-0.9900489	2.518783	

1.153103	0.1216392	2.218447	0.4405474	-0.1294201	2.189387	1.146001	-0.0100199	2.163749	0.3772396	-0.2853055	2.202601	1.12187	0.001584979	2.247	0.3813415	-0.1343714	2.1885	0.7780926	0.6510462	2.390633	0.7043097	0.543629	2.380927	0.7146339	0.4527776	2.390285	0.7436752	0.1703674	2.404908	0.7791405	-0.2152436	2.416314	0.9066085	0.2391605	2.445641	0.6119318	0.3719241	2.269163	0.823141	-0.2276983	2.440885	0.7086698	-0.1954756	2.309968	1.028304	0.05953943	2.397158	0.4895581	0.09347962	2.226105	0.9291406	-0.5995616	2.576302	0.7098913	-0.5957999	2.427262	0.75694	-0.9089921	2.820835	0.7390209	-0.9772382	2.511076	

1.096679	-0.07458001	2.285269	0.5751626	-0.1492307	2.116678	1.125752	-0.1299995	2.249289	0.5510179	-0.3312408	2.122543	1.101838	-0.134123	2.2792	0.5234001	-0.2246456	2.10275	0.7923487	0.6409357	2.339684	0.7128462	0.5370209	2.330942	0.728395	0.4447382	2.343296	0.7709088	0.1608666	2.370743	0.8294473	-0.2298248	2.389786	0.9146224	0.2334997	2.400557	0.6182344	0.3653992	2.220572	0.8684385	-0.2285017	2.363922	0.7622356	-0.2233417	2.334492	1.00847	0.04954466	2.453733	0.5613537	0.06918357	2.162459	0.9657874	-0.5995864	2.505849	0.712214	-0.6359566	2.414912	0.8718496	-0.8639404	2.653243	0.7393587	-0.9775061	2.506962	

1.103928	-0.1596522	2.365381	0.6711072	-0.1597403	2.08701	1.097598	-0.1876188	2.32623	0.6913403	-0.3228081	2.09659	1.071404	-0.1761071	2.36425	0.6567203	-0.2674689	2.056931	0.7887641	0.6446891	2.327922	0.7156037	0.5377438	2.321293	0.73015	0.4449755	2.336337	0.7712036	0.1602832	2.368731	0.8276748	-0.2311807	2.391417	0.9177918	0.2341275	2.389084	0.6222428	0.365299	2.211853	0.8680699	-0.2290162	2.365369	0.7580277	-0.226152	2.336402	0.9995444	0.01837398	2.448127	0.6138841	0.06599692	2.142148	0.9592232	-0.6113085	2.488228	0.7127689	-0.6396209	2.414963	0.8936024	-0.936202	2.651087	0.7403635	-0.9766223	2.504583	

1.022681	-0.2896802	2.353727	0.8455572	-0.1278225	2.053072	1.031474	-0.5397353	2.335751	0.9494805	-0.2618483	2.053925	0.9781978	-0.4509152	2.310684	0.8610473	-0.2006577	2.067364	0.8054548	0.6398794	2.273046	0.7459491	0.5262862	2.268007	0.7542239	0.433356	2.285318	0.7752038	0.1486881	2.3322	0.8083476	-0.2414323	2.376306	0.9479569	0.2223417	2.335589	0.6662912	0.3512213	2.16507	0.8437368	-0.2508216	2.339582	0.7439089	-0.2279135	2.328662	1.026019	0.005970635	2.406864	0.7078815	0.05553326	2.09497	1.02992	-0.6114536	2.416932	0.7198723	-0.6414839	2.409479	0.9933625	-0.8907547	2.478449	0.7415408	-0.9803326	2.504562	

1.041566	-0.2915211	2.337032	0.9265638	-0.0700856	2.039034	1.052147	-0.5859209	2.295971	1.057149	-0.1842945	2.047351	1.003144	-0.5004893	2.294174	0.9331905	-0.1281847	2.048727	0.8331335	0.6320614	2.251599	0.7652385	0.5245718	2.251213	0.7737031	0.4320094	2.270781	0.7979426	0.1471134	2.318949	0.8237709	-0.2427939	2.37142	0.9671639	0.2205895	2.318786	0.6844593	0.3497016	2.148656	0.8664384	-0.2506285	2.330556	0.7541116	-0.2283511	2.328181	1.045023	0.004215941	2.390134	0.7501182	0.07336107	2.076864	1.040247	-0.6196495	2.402371	0.7240592	-0.6431513	2.404701	1.07299	-0.938316	2.415494	0.7439405	-0.9826396	2.502342	

1.131575	-0.0198704	2.168752	0.9457176	-0.06901638	2.038948	1.127836	-0.1809321	2.067347	1.082116	-0.1569744	2.037932	1.0777	-0.09785703	2.06571	0.995209	-0.1326027	2.061429	0.8396083	0.6327403	2.246115	0.7735535	0.5233368	2.244388	0.7815552	0.4331655	2.263644	0.8046694	0.1569984	2.30924	0.8309163	-0.2096252	2.353905	0.9754424	0.2193399	2.311953	0.693206	0.3484821	2.142613	0.8647938	-0.2092588	2.3436	0.7709027	-0.1955118	2.275896	1.053213	0.002969674	2.383329	0.7527626	0.07424562	2.07586	1.02634	-0.5941893	2.38444	0.7310109	-0.6201221	2.394508	1.059317	-0.9127601	2.400066	0.7444997	-0.9816014	2.501368	

1.189273	-0.02143285	2.134343	1.006643	-0.04251199	2.015927	1.133737	-0.09503078	1.974673	1.14222	-0.08207489	2.003265	1.076146	-0.03246579	1.999412	1.020914	-0.1023029	2.0224	0.9099501	0.6275993	2.210573	0.8391721	0.521403	2.212317	0.8466326	0.4340176	2.231826	0.8651878	0.1645958	2.280257	0.8856017	-0.204785	2.333414	1.040763	0.2173683	2.279863	0.756394	0.3432904	2.111474	0.9137468	-0.20218	2.32496	0.8268991	-0.2003388	2.261487	1.117921	0.001008115	2.351481	0.8227905	0.0699347	2.050754	1.031967	-0.6028173	2.372172	0.7565466	-0.6234569	2.378778	1.057062	-0.9207574	2.400092	0.7461148	-0.9823986	2.500433	

1.24553	-0.01353575	2.116382	1.024652	-0.0512623	2.008479	1.198064	-0.08048712	1.991952	1.148622	-0.1159324	1.995871	1.140194	-0.01803405	2.016848	1.031232	-0.1061507	2.016	0.9858553	0.625209	2.192785	0.8964304	0.5294118	2.194067	0.9028636	0.4425762	2.213062	0.9180315	0.1747988	2.260105	0.9335693	-0.1924412	2.311626	1.097767	0.2253627	2.26164	0.8020983	0.3571962	2.09549	0.9608447	-0.1854433	2.308937	0.8740343	-0.1928123	2.234565	1.174437	0.008948472	2.333489	0.8484905	0.07399611	2.037209	1.050071	-0.5951538	2.355831	0.8037406	-0.6180316	2.350317	1.058217	-0.9121485	2.397847	0.7499195	-0.9861025	2.498508	

1.238076	-0.05122217	2.03992	1.044631	-0.06218321	1.994126	1.14559	-0.0942303	1.956608	1.134278	-0.1527872	1.974481	1.128587	-0.06757426	1.961	1.045098	-0.118806	2.003	1.011832	0.6197721	2.190324	0.9158965	0.5290655	2.192677	0.9209475	0.4414753	2.210741	0.9327369	0.1716228	2.255277	0.9454116	-0.1985513	2.303286	1.09061	0.1873232	2.185229	0.8149755	0.3575116	2.093319	0.9767697	-0.1933168	2.299205	0.88206	-0.1972229	2.227686	1.167034	-0.02890589	2.257111	0.8727316	0.06790979	2.030531	1.061488	-0.6016718	2.355315	0.8145743	-0.6173179	2.345536	1.064039	-0.9181137	2.401229	0.7555884	-0.9826934	2.491792	

1.19596	0.02348714	1.958168	1.046272	-0.06982053	1.990714	1.216055	0.0246486	1.860462	1.135374	-0.1669909	1.983838	1.198385	0.05047423	1.865251	1.021742	-0.1120366	1.978179	1.032015	0.6186322	2.184592	0.9392732	0.5261604	2.187925	0.9455846	0.4389069	2.205035	0.9602086	0.1700867	2.246437	0.9745187	-0.198425	2.290375	1.104589	0.202366	2.188828	0.8293638	0.3572604	2.093157	1.007849	-0.196904	2.289554	0.9080555	-0.1932822	2.211975	1.137378	-0.01722195	2.176536	0.8794029	0.06622619	2.028394	1.069639	-0.6081893	2.353815	0.8343946	-0.6093149	2.330602	1.064685	-0.923804	2.404353	0.7581854	-0.9821903	2.490075	

1.218535	0.01702845	1.959659	1.023482	-0.107787	1.989609	1.240144	0.01681297	1.86233	1.108	-0.2112986	1.977731	1.222362	0.04269504	1.867194	1.047415	-0.1902518	2.005048	1.060632	0.6135308	2.178311	0.9777038	0.5174199	2.187457	0.9802638	0.4318333	2.202661	0.9854089	0.1670595	2.239558	0.9915262	-0.1976239	2.278816	1.137338	0.2023041	2.191768	0.8580907	0.3579915	2.095805	1.023521	-0.1995621	2.283508	0.9263263	-0.1879856	2.193378	1.155224	-0.01943716	2.17702	0.8850896	0.06421181	2.028166	1.107065	-0.609909	2.331726	0.9051602	-0.6006514	2.281895	1.072459	-0.9195723	2.402218	0.7899219	-0.9753584	2.46315	

