0.5437421	-0.06918693	3.029546	-0.003670563	-0.09538023	3.08348	0.549709	-0.2277304	3.025037	-0.01621377	-0.2437332	3.10176	0.5711418	-0.1200829	3.003143	0.02055161	-0.1452141	3.073875	0.2525765	0.6871706	2.973251	0.2601781	0.5472713	3.028434	0.2634169	0.4697192	3.044067	0.2723743	0.2323044	3.081309	0.283576	-0.09093551	3.120993	0.4304707	0.4486246	3.041894	0.079089	0.4531452	3.054129	0.3600894	-0.09082632	3.079234	0.2000397	-0.08879464	3.085532	0.5041556	0.1764545	3.074361	0.03216077	0.1532348	3.098308	0.4515246	-0.5375648	3.199601	0.2087482	-0.5126976	3.258654	0.5085245	-0.9113944	3.274305	0.2294218	-0.9009033	3.352841	

0.543923	-0.06923911	3.03007	-0.003853139	-0.09536994	3.083475	0.5529796	-0.2217064	3.029136	-0.01714189	-0.2450865	3.113483	0.5718663	-0.1080648	3.008929	0.01769246	-0.1545084	3.066637	0.2526156	0.6872671	2.973307	0.2603915	0.5473083	3.0283	0.2635781	0.4697334	3.043978	0.2724297	0.2322823	3.081303	0.2835822	-0.09101069	3.121046	0.4304583	0.4487159	3.042001	0.07913779	0.4530163	3.054135	0.3600941	-0.09084887	3.079268	0.2000462	-0.08895525	3.085597	0.5041239	0.1764278	3.07445	0.0322476	0.1532092	3.098414	0.4519523	-0.5389953	3.200732	0.2087072	-0.512824	3.25833	0.508525	-0.9114387	3.274309	0.2294754	-0.900319	3.352846	

0.5442138	-0.06927583	3.032578	-0.004113088	-0.09558638	3.085252	0.5532647	-0.2195735	3.036834	-0.02069606	-0.2466739	3.125163	0.5696969	-0.1149563	3.013075	0.004179579	-0.1658781	3.1078	0.2527319	0.687356	2.973797	0.2602002	0.5474977	3.028695	0.2634197	0.4699235	3.044359	0.2723555	0.2324758	3.081658	0.2836034	-0.09080118	3.121394	0.4303685	0.4485037	3.042348	0.0790762	0.4531307	3.054463	0.3601083	-0.090754	3.079458	0.2000759	-0.08858884	3.086153	0.5039769	0.1765951	3.07515	0.03243592	0.1529713	3.100306	0.4523543	-0.5442643	3.206422	0.2086775	-0.51379	3.258653	0.5085235	-0.9120783	3.275164	0.229708	-0.9002131	3.352697	

0.5634431	-0.06722812	3.056849	-0.03048481	-0.09137236	3.094144	0.6169558	-0.2344524	3.083204	-0.1011279	-0.2511296	3.123465	0.5970733	-0.08591791	3.051889	-0.0133042	-0.1819459	3.088334	0.2522488	0.6879203	2.975346	0.2598811	0.5476979	3.029912	0.2631179	0.4700565	3.045708	0.2721101	0.232357	3.083491	0.2834575	-0.09139252	3.124071	0.4300118	0.4490622	3.043595	0.07892454	0.4538172	3.059213	0.3599434	-0.09127794	3.082189	0.1999559	-0.08923349	3.088729	0.5055799	0.1769302	3.081016	0.02934853	0.1530249	3.108436	0.4518892	-0.5417547	3.206228	0.2082649	-0.5151903	3.259786	0.5087656	-0.9127796	3.275308	0.2296837	-0.9002243	3.35264	

0.567145	-0.06944588	3.059699	-0.03757219	-0.09160779	3.096446	0.6307071	-0.2257695	3.076463	-0.1104132	-0.2490964	3.115968	0.6094983	-0.112634	3.050125	-0.08866558	-0.2240825	3.082572	0.2519337	0.6880376	2.976606	0.2594318	0.5482553	3.031448	0.2626984	0.4706106	3.047229	0.2717744	0.2329008	3.084949	0.2832159	-0.09084682	3.125403	0.429832	0.449541	3.044999	0.07868988	0.4532291	3.060819	0.3597082	-0.09053732	3.08334	0.1997093	-0.08890046	3.090266	0.5081814	0.1749433	3.086217	0.02579716	0.1525268	3.111284	0.4517909	-0.5415223	3.206326	0.2077723	-0.5144695	3.259652	0.5088345	-0.9124803	3.275051	0.2296832	-0.8999075	3.352287	

0.5727589	-0.07027947	3.062874	-0.04618116	-0.09190525	3.099201	0.6406665	-0.2221431	3.069353	-0.1273082	-0.2443361	3.141133	0.6157459	-0.08749402	3.052286	-0.04492978	-0.173794	3.0844	0.2519321	0.6882197	2.977045	0.2594799	0.5483528	3.031926	0.2627249	0.4707649	3.047737	0.2717182	0.2332696	3.085573	0.2829854	-0.09004226	3.126226	0.4297986	0.450856	3.047524	0.07874561	0.4533534	3.061812	0.3594562	-0.08947224	3.084309	0.1995095	-0.08834235	3.090943	0.5100734	0.1739158	3.089441	0.02060173	0.1520856	3.114223	0.4516555	-0.5410445	3.206026	0.2070915	-0.5141087	3.260034	0.5089517	-0.9122649	3.274999	0.2298597	-0.901958	3.35159	

0.5826306	-0.06858558	3.066278	-0.06137098	-0.09038831	3.100215	0.6586997	-0.209598	3.076414	-0.136803	-0.2406712	3.132007	0.6204344	-0.07293127	3.053222	-0.06229437	-0.1747957	3.086778	0.2520372	0.688637	2.979472	0.259774	0.5484291	3.034035	0.2629713	0.470826	3.049675	0.2718351	0.2332885	3.087021	0.2829739	-0.09006586	3.127089	0.4298219	0.4509728	3.048834	0.07863872	0.4535517	3.063797	0.3594463	-0.08950161	3.084965	0.1995001	-0.08836406	3.092021	0.5124348	0.1741686	3.093999	0.01557338	0.1513262	3.116052	0.4509895	-0.5403611	3.205954	0.2056109	-0.5163893	3.261114	0.5089796	-0.9121484	3.274965	0.2300521	-0.9018171	3.351542	

0.5918812	-0.06578634	3.068966	-0.07058156	-0.0879238	3.102312	0.6672549	-0.2112699	3.06626	-0.1419195	-0.2461172	3.150963	0.6351539	-0.08209088	3.0566	-0.08141705	-0.1810382	3.097333	0.252701	0.688953	2.981761	0.2595898	0.5486425	3.035378	0.2628008	0.4710522	3.050904	0.271701	0.2335372	3.087918	0.2828788	-0.08982322	3.127587	0.4306993	0.4513885	3.052152	0.07869956	0.4536784	3.065067	0.3593356	-0.08918442	3.085754	0.1994267	-0.08819924	3.092285	0.5153279	0.1755101	3.096806	0.01124958	0.1527214	3.117828	0.4505893	-0.5396986	3.206142	0.2048962	-0.5163594	3.261555	0.5090247	-0.911915	3.275244	0.2301006	-0.9023213	3.351476	

0.6010413	-0.06353372	3.070299	-0.08163974	-0.08380902	3.103623	0.6790611	-0.213567	3.082108	-0.1331437	-0.2343684	3.147884	0.6382222	-0.06480578	3.051857	-0.04912034	-0.08517756	3.1175	0.253104	0.6897105	2.982754	0.258721	0.5489995	3.036541	0.2620969	0.4714422	3.051929	0.2713902	0.2339968	3.088594	0.282918	-0.08925885	3.127954	0.4309781	0.4516576	3.053922	0.07884453	0.4535658	3.065973	0.3593921	-0.08846703	3.086326	0.1994517	-0.08779081	3.092477	0.5192075	0.1762478	3.100282	0.006382639	0.1550578	3.119814	0.4491161	-0.5371079	3.20551	0.2044279	-0.5163886	3.261464	0.5089238	-0.9114103	3.27515	0.2301067	-0.9023218	3.351465	

0.6202585	-0.06030522	3.073686	-0.08813792	-0.08171567	3.106548	0.6881287	-0.2154654	3.095151	-0.1302804	-0.2226638	3.14114	0.6680092	-0.1302323	3.038428	-0.05499586	-0.08041994	3.127375	0.2548333	0.6912559	2.98667	0.2592654	0.550184	3.040345	0.2623817	0.4724619	3.05539	0.2710544	0.2346002	3.091124	0.2820252	-0.08906181	3.129502	0.4310838	0.4515301	3.055074	0.07893852	0.4536675	3.067856	0.3583566	-0.08804148	3.088335	0.1987206	-0.08778817	3.093584	0.5275332	0.1757967	3.10422	-0.001636853	0.1581799	3.123155	0.4493611	-0.535636	3.205855	0.2042961	-0.5149803	3.262002	0.5089267	-0.9113986	3.275182	0.2301792	-0.9037589	3.351701	

0.6260121	-0.0603629	3.074506	-0.09041581	-0.08194717	3.107865	0.6861841	-0.2194747	3.111824	-0.1262401	-0.2194081	3.119476	0.6701034	-0.121822	3.045703	-0.08496711	-0.1573489	3.100786	0.2556272	0.6927723	2.989933	0.2592177	0.5506539	3.041115	0.2623574	0.4728963	3.056188	0.2710905	0.2349088	3.091957	0.2821149	-0.08895177	3.130229	0.4313118	0.4512801	3.05651	0.07869719	0.4535544	3.069782	0.3585155	-0.0877997	3.089305	0.198755	-0.08778832	3.094067	0.5314881	0.1754062	3.105754	-0.004032404	0.1584398	3.124689	0.4493215	-0.5353273	3.206531	0.2043963	-0.5146653	3.262896	0.5085796	-0.9108611	3.275559	0.2302216	-0.9038023	3.35175	

0.6286359	-0.06021178	3.075251	-0.09032571	-0.08004677	3.108338	0.6847566	-0.2091116	3.105328	-0.126586	-0.2222445	3.135144	0.6712968	-0.1312394	3.041492	-0.06252684	-0.1088395	3.1175	0.2566232	0.6932457	2.991737	0.2596411	0.5508456	3.041731	0.2627368	0.4730818	3.056817	0.2713282	0.2350676	3.092586	0.2821639	-0.08884896	3.130767	0.4320173	0.4507962	3.058262	0.07884707	0.4538566	3.071732	0.3586695	-0.08741687	3.090079	0.1987339	-0.08787908	3.094425	0.534347	0.1759306	3.106674	-0.004282934	0.1607567	3.125335	0.449139	-0.534941	3.207117	0.204335	-0.5142913	3.263604	0.5086556	-0.9106255	3.275781	0.2303777	-0.9037166	3.351823	

0.6312233	-0.05848235	3.075921	-0.08483705	-0.08264304	3.106795	0.6775236	-0.2081165	3.104392	-0.09730884	-0.2273525	3.127434	0.6732621	-0.1119854	3.04264	-0.03102731	-0.08125603	3.123143	0.2583802	0.694253	2.995964	0.2600658	0.5510371	3.042626	0.2631304	0.4732715	3.057871	0.2715743	0.2352363	3.094169	0.2820697	-0.08876286	3.133106	0.4324396	0.4501082	3.060069	0.07943786	0.4542924	3.073124	0.3585623	-0.08697201	3.092224	0.1986494	-0.08822684	3.096904	0.5362955	0.1775886	3.107799	-0.003289418	0.1598777	3.126502	0.4487728	-0.5345291	3.208553	0.2050082	-0.5157717	3.267138	0.5084723	-0.9109939	3.276287	0.2305625	-0.9037329	3.352347	

0.6342268	-0.05848221	3.075745	-0.0799384	-0.08391535	3.105181	0.6763113	-0.2010712	3.09559	-0.08510265	-0.2301899	3.129818	0.6693456	-0.09404611	3.039225	-0.02343879	-0.08525252	3.120833	0.2594613	0.6949806	2.997235	0.2602817	0.5517675	3.044501	0.2633264	0.4739405	3.059788	0.2717044	0.2357043	3.096138	0.2821131	-0.08858577	3.134975	0.4335044	0.4500346	3.062763	0.07983971	0.454654	3.074634	0.358569	-0.08649785	3.093989	0.1987252	-0.08838758	3.098834	0.5391662	0.177637	3.108691	-0.001399642	0.1597011	3.127554	0.4490809	-0.5345351	3.210103	0.2050614	-0.5149449	3.267596	0.5080103	-0.9109145	3.277092	0.2307201	-0.904142	3.352599	

0.6374242	-0.05702024	3.075024	-0.07573962	-0.08642342	3.104032	0.6777716	-0.199806	3.092555	-0.07458515	-0.2298688	3.121355	0.6822491	-0.08375317	3.05225	-0.01420763	-0.08054435	3.13175	0.2606384	0.6948164	2.999615	0.2606599	0.5524516	3.04719	0.2636786	0.4745959	3.062397	0.2719763	0.2362676	3.098449	0.2822856	-0.08816228	3.136786	0.4351031	0.4500362	3.066164	0.08034609	0.4553145	3.077107	0.3587921	-0.08601994	3.096732	0.198842	-0.08806527	3.099845	0.5416073	0.1788345	3.109343	2.502163E-05	0.1581661	3.127982	0.4491454	-0.5343223	3.211157	0.2048087	-0.5146202	3.268171	0.5077763	-0.9107857	3.277371	0.2307345	-0.9040425	3.352618	

0.6468049	-0.05293525	3.068527	-0.06313863	-0.08956155	3.102608	0.6843549	-0.1781019	3.059168	-0.04911746	-0.2396446	3.137156	0.6820791	-0.0471164	3.030786	-0.004509232	-0.0877572	3.120125	0.26179	0.695813	3.001947	0.2610503	0.5532923	3.049609	0.264117	0.4754412	3.064795	0.2725541	0.2371208	3.100746	0.2830352	-0.08732117	3.138869	0.4366646	0.4510745	3.06903	0.08164997	0.4560276	3.079582	0.3596215	-0.08504013	3.09894	0.199475	-0.08740998	3.10167	0.5493111	0.1813908	3.111799	0.005411662	0.1571601	3.129861	0.4495876	-0.5341944	3.212535	0.2047883	-0.5143694	3.268978	0.5077263	-0.9106584	3.277574	0.2307586	-0.9039131	3.352332	

0.6513351	-0.0521656	3.064629	-0.05793933	-0.09063874	3.10281	0.6878405	-0.1762997	3.062406	-0.0476579	-0.2334646	3.11616	0.6860708	-0.05014591	3.032364	-0.004855571	-0.1007398	3.113333	0.2622096	0.6966196	3.003068	0.261732	0.5540369	3.051873	0.2647833	0.4761818	3.067083	0.2731684	0.2378471	3.103085	0.2835747	-0.08662645	3.141212	0.4374876	0.4518442	3.07129	0.08305642	0.4564362	3.081858	0.3601708	-0.08445339	3.100982	0.1999788	-0.08664116	3.104228	0.5536287	0.1815667	3.11285	0.007868836	0.1569946	3.130696	0.45061	-0.5356879	3.216072	0.2050094	-0.5144872	3.270087	0.5076346	-0.910823	3.278459	0.2305642	-0.903241	3.352648	

0.6547437	-0.05041505	3.060955	-0.05346836	-0.09239855	3.103126	0.6875371	-0.1793288	3.061035	-0.05217138	-0.2373244	3.129494	0.6774017	-0.09617633	3.003819	0.00373183	-0.08435776	3.140333	0.2628959	0.6971123	3.003914	0.2618391	0.5542348	3.052249	0.2649149	0.4764222	3.067565	0.2733884	0.238239	3.103953	0.283949	-0.08597867	3.142739	0.438108	0.4522483	3.072179	0.08392879	0.45668	3.083216	0.3606345	-0.08388444	3.102368	0.2002479	-0.08593865	3.105855	0.5563322	0.18253	3.113449	0.009620223	0.1561016	3.1317	0.4509929	-0.5350158	3.216824	0.2053544	-0.514236	3.270956	0.5076316	-0.9108088	3.278527	0.2305954	-0.9030225	3.352668	

0.6583834	-0.04750658	3.058524	-0.05178047	-0.09407084	3.102371	0.6908282	-0.1763107	3.052582	-0.05229682	-0.2445542	3.136621	0.6953512	-0.06029212	3.028	0.0005243334	-0.08678633	3.132132	0.2636271	0.6972637	3.006657	0.2628036	0.5543113	3.053633	0.2658322	0.4764771	3.069031	0.2741518	0.2382236	3.105661	0.2844769	-0.08610559	3.144752	0.4387272	0.4519433	3.072558	0.0848528	0.4566174	3.084241	0.3610109	-0.08385093	3.103418	0.2009283	-0.08632111	3.109107	0.5587273	0.1846635	3.113433	0.01130931	0.1544208	3.133594	0.4514048	-0.5350201	3.218959	0.2055728	-0.5143418	3.271578	0.5076764	-0.9108878	3.278615	0.230567	-0.9029659	3.35268	

0.6586246	-0.04774158	3.057739	-0.05082013	-0.09492538	3.103046	0.688935	-0.1768375	3.051406	-0.05061442	-0.2368673	3.123307	0.688704	-0.04550135	3.031125	0.0002168802	-0.08683418	3.130649	0.2639444	0.6977705	3.007494	0.2636152	0.5547504	3.055166	0.2666246	0.476882	3.070503	0.2748773	0.2385267	3.106923	0.2851023	-0.08593121	3.145707	0.439814	0.452135	3.07373	0.08591123	0.4564463	3.086127	0.3615993	-0.08366411	3.104273	0.2015536	-0.08615986	3.110059	0.5595144	0.1847481	3.11318	0.01293681	0.1535188	3.134817	0.4523399	-0.534689	3.220001	0.2063117	-0.5146006	3.272264	0.5076272	-0.9110057	3.278899	0.230465	-0.9032801	3.352701	

0.6583769	-0.04806134	3.05774	-0.04970377	-0.09519574	3.104596	0.6847202	-0.1806284	3.054674	-0.05069919	-0.2372054	3.127879	0.6806094	-0.1472891	3.0226	-0.005136781	-0.1133254	3.1258	0.2646559	0.6982427	3.00868	0.2644939	0.5551171	3.055878	0.2675232	0.47728	3.071263	0.2758301	0.2390213	3.107819	0.2861173	-0.08530753	3.146755	0.4411873	0.4530412	3.074786	0.0870841	0.4570146	3.088846	0.3626906	-0.0829978	3.105261	0.2024638	-0.08558871	3.111096	0.5603837	0.1851827	3.112632	0.01439564	0.1533369	3.136108	0.4533001	-0.5346664	3.220809	0.2086076	-0.5177474	3.27466	0.5074543	-0.91094	3.279481	0.2302211	-0.9037442	3.352724	

0.6578185	-0.04844624	3.057842	-0.04863996	-0.09493211	3.106284	0.6792737	-0.1810241	3.061277	-0.05262464	-0.2388879	3.146122	0.6739907	-0.1170398	3.01	0.002586921	-0.08656638	3.1474	0.2652692	0.699158	3.009896	0.26511	0.5555214	3.056404	0.2681672	0.4776872	3.071836	0.2765592	0.2394315	3.108533	0.2869647	-0.08490848	3.147643	0.4418421	0.4532814	3.075076	0.08767089	0.4571608	3.089138	0.3635485	-0.08253771	3.106076	0.203279	-0.08525404	3.112006	0.5605471	0.1853143	3.11238	0.01549981	0.153784	3.137015	0.4541155	-0.5340756	3.221153	0.2089412	-0.5178343	3.275024	0.5074607	-0.911117	3.279681	0.2301896	-0.9034967	3.352595	

0.6553758	-0.04833357	3.058029	-0.04736933	-0.09436396	3.10905	0.6710142	-0.1794543	3.052105	-0.05510594	-0.2291082	3.134503	0.6776418	-0.07463537	3.034688	-0.02320965	-0.1564853	3.104636	0.2661222	0.6995825	3.010786	0.2657771	0.5561005	3.056885	0.2688148	0.4782236	3.072286	0.277146	0.2398445	3.108887	0.2874745	-0.08464219	3.147873	0.4425288	0.4540443	3.075698	0.08976044	0.4577535	3.089195	0.3641315	-0.08227511	3.106285	0.2037144	-0.08498405	3.112231	0.5602608	0.1866404	3.111518	0.01733888	0.154411	3.138385	0.4547457	-0.533421	3.221736	0.2091217	-0.517956	3.275117	0.5073802	-0.9111055	3.27983	0.2301905	-0.9034969	3.352601	

0.6522707	-0.04997963	3.05949	-0.04648242	-0.0940668	3.113333	0.6690438	-0.1805236	3.052573	-0.05413045	-0.2328037	3.145007	0.6791599	-0.09351351	3.036286	-0.02080447	-0.1476753	3.111134	0.2676623	0.7001918	3.012145	0.26683	0.5570948	3.05824	0.2697719	0.479081	3.073479	0.2778358	0.240343	3.109642	0.2878701	-0.08448565	3.148189	0.4430748	0.4544851	3.076139	0.09081669	0.4578009	3.090243	0.3645988	-0.08205335	3.106563	0.2040406	-0.08488362	3.112558	0.5602936	0.1866178	3.111521	0.01844693	0.1549498	3.139239	0.4561524	-0.5299643	3.221606	0.2096561	-0.5180792	3.275252	0.5074142	-0.9110712	3.279956	0.2300457	-0.9032754	3.352629	

0.6504598	-0.05071525	3.060261	-0.04583303	-0.09443985	3.11479	0.664345	-0.1899295	3.069295	-0.05318318	-0.2374379	3.150299	0.6741485	-0.06331724	3.040143	-0.02327736	-0.1549874	3.1286	0.2684506	0.699993	3.012759	0.267925	0.5570177	3.059167	0.2708033	0.4790322	3.074322	0.2786737	0.2403574	3.110235	0.2884594	-0.08443572	3.148477	0.4437152	0.4548728	3.076526	0.09155584	0.4576047	3.090651	0.3651818	-0.08198394	3.106706	0.20464	-0.08485005	3.112988	0.5600553	0.1867201	3.111521	0.01920392	0.1546561	3.140196	0.4565327	-0.530654	3.222435	0.2097891	-0.518156	3.275481	0.507363	-0.9111808	3.280096	0.2300768	-0.9024905	3.352672	

0.6489777	-0.0516784	3.061842	-0.04496911	-0.09471692	3.117067	0.6623111	-0.1893474	3.059868	-0.05790541	-0.2230079	3.145577	0.6733826	-0.05155246	3.047357	-0.01771646	-0.1437143	3.117834	0.269644	0.7000811	3.01319	0.2684714	0.5573243	3.059476	0.2713717	0.4793469	3.074624	0.2792989	0.2406861	3.110498	0.2891384	-0.084115	3.14864	0.4446165	0.4552781	3.077233	0.0923544	0.4578977	3.091017	0.3659029	-0.08161591	3.106971	0.2052703	-0.08457218	3.113037	0.5600269	0.1866724	3.11143	0.01926185	0.1547648	3.140423	0.4566253	-0.5308448	3.222488	0.2101259	-0.5182371	3.275558	0.5072622	-0.9110238	3.280849	0.2301347	-0.9024888	3.352684	

0.6447188	-0.05394118	3.064723	-0.04366825	-0.09480264	3.118333	0.6624223	-0.1967794	3.082586	-0.04555804	-0.2432125	3.168839	0.6567154	-0.1189805	3.024428	0.004085985	-0.08820777	3.13625	0.2714878	0.6996361	3.014512	0.2710653	0.5571631	3.060472	0.2736422	0.4791974	3.075511	0.2807072	0.2405654	3.111075	0.2896892	-0.08420666	3.148873	0.4454035	0.4553707	3.077477	0.09343778	0.4582542	3.091074	0.3663205	-0.08164093	3.107021	0.2059825	-0.0847516	3.113502	0.5599331	0.1865227	3.111095	0.01988357	0.1549663	3.140778	0.4567337	-0.526429	3.220276	0.2106393	-0.5194256	3.276378	0.5072798	-0.9109294	3.2807	0.2302127	-0.9039872	3.351609	

0.6409743	-0.05511144	3.065865	-0.04161844	-0.09435758	3.119539	0.6573139	-0.1886564	3.065626	-0.04234314	-0.2313796	3.145845	0.6636682	-0.07172822	3.042467	-0.009316558	-0.1426808	3.109048	0.2730282	0.6998872	3.015038	0.2733824	0.5575879	3.060753	0.2756403	0.479586	3.075828	0.2818499	0.240843	3.111433	0.2900201	-0.08406743	3.149152	0.446054	0.4555985	3.077207	0.09555139	0.4591665	3.090724	0.3665687	-0.08144765	3.107211	0.2063984	-0.08467871	3.113861	0.5596094	0.1868517	3.110712	0.02203113	0.1554855	3.141323	0.4569283	-0.5265082	3.220216	0.2110711	-0.5204924	3.277005	0.5072954	-0.9108463	3.280569	0.2299696	-0.9047858	3.352059	

0.6376682	-0.05451638	3.066422	-0.03853589	-0.0946916	3.120169	0.6549425	-0.189631	3.064308	-0.04012509	-0.2296248	3.14143	0.6581053	-0.1143143	3.033842	0.01231788	-0.09269964	3.130167	0.2742552	0.6999503	3.01559	0.2742062	0.5576596	3.060637	0.2764314	0.479651	3.075696	0.2824901	0.2408825	3.111256	0.2903832	-0.08407019	3.148931	0.4464841	0.4558173	3.077008	0.09592603	0.4593853	3.09079	0.367078	-0.08136317	3.106729	0.2066493	-0.08473024	3.113786	0.5580833	0.1884541	3.108457	0.02379096	0.1555468	3.140969	0.4567968	-0.5256344	3.219825	0.211109	-0.5208376	3.277323	0.5073896	-0.9108514	3.280848	0.2300178	-0.9045471	3.351808	

0.6343899	-0.05396049	3.066691	-0.03409575	-0.09565656	3.118586	0.6492975	-0.1970285	3.070552	-0.02926831	-0.2319132	3.133514	0.6570647	-0.08421811	3.0445	0.02128375	-0.08805776	3.131	0.2760561	0.7007319	3.016361	0.2759475	0.5579358	3.060488	0.2779979	0.4798599	3.075549	0.2835267	0.2409177	3.111115	0.2907912	-0.0841778	3.148802	0.4474927	0.4556037	3.076064	0.09637574	0.4597144	3.090857	0.3675104	-0.08134136	3.106269	0.2071519	-0.08499186	3.113905	0.5566103	0.1897673	3.107457	0.02720049	0.1547713	3.141083	0.4569644	-0.5259876	3.220173	0.2114955	-0.5222618	3.278232	0.5074694	-0.9110625	3.280947	0.2299597	-0.9053315	3.351707	

0.6322816	-0.05417524	3.066533	-0.03016837	-0.0951777	3.117733	0.6441255	-0.1975589	3.07532	-0.02490619	-0.2298437	3.125015	0.6562051	-0.09184872	3.041877	0.0149156	-0.1212735	3.114	0.2768079	0.7009543	3.01708	0.2769638	0.5581886	3.060098	0.2789416	0.4800618	3.075159	0.2842277	0.2409749	3.110732	0.2911492	-0.08428736	3.148417	0.4482757	0.4550782	3.074911	0.09731245	0.4590027	3.089944	0.3679679	-0.08154418	3.10577	0.2073884	-0.08502095	3.113625	0.5554715	0.1899201	3.10646	0.03029213	0.1554147	3.140164	0.4567464	-0.5272147	3.221038	0.2119866	-0.522965	3.278501	0.5075119	-0.9110168	3.280999	0.2299816	-0.9057974	3.351427	

0.626294	-0.05474656	3.066873	-0.0268725	-0.09508423	3.115401	0.6319058	-0.1951641	3.056613	-0.01775279	-0.2356346	3.125847	0.6457742	-0.1085684	3.038	0.02136061	-0.1060683	3.1106	0.2771516	0.7011989	3.016928	0.2776465	0.5585649	3.059811	0.2795871	0.4803948	3.074916	0.28473	0.2411777	3.110603	0.2913889	-0.08424223	3.148384	0.4486775	0.4553692	3.074172	0.09790696	0.4594605	3.089881	0.3681223	-0.08148876	3.105696	0.2077112	-0.08498717	3.113648	0.5538438	0.1907573	3.105919	0.03336048	0.1554531	3.138981	0.4573596	-0.5291677	3.221898	0.2122976	-0.5242486	3.279131	0.5075974	-0.9108991	3.281069	0.2297496	-0.9074022	3.351343	

0.6222706	-0.05253756	3.067878	-0.02525479	-0.09238662	3.113889	0.633771	-0.1975646	3.0729	-0.01632307	-0.2353698	3.12618	0.6465449	-0.09270027	3.0476	0.01359287	-0.1375817	3.093	0.277481	0.7014054	3.016885	0.2779813	0.5587541	3.059632	0.2799369	0.480595	3.074746	0.2850982	0.2413977	3.110458	0.2916787	-0.08404731	3.148275	0.449374	0.4559012	3.073025	0.09798649	0.4596487	3.089982	0.3683002	-0.0813536	3.105417	0.2081874	-0.0846635	3.113724	0.5514647	0.1937647	3.10414	0.03721526	0.1575941	3.137946	0.4578977	-0.5276496	3.221035	0.2125193	-0.5242364	3.279208	0.5075947	-0.9107738	3.281029	0.2298321	-0.9074001	3.351328	

0.6185863	-0.05351297	3.067411	-0.02424981	-0.09231904	3.112744	0.6301821	-0.2046507	3.079236	-0.01629632	-0.2367449	3.121608	0.6543725	-0.09309004	3.061	0.01128474	-0.1383838	3.089231	0.2778803	0.7016339	3.016934	0.27864	0.5589992	3.059148	0.2805098	0.4808203	3.074327	0.2854259	0.2415563	3.11021	0.291745	-0.08398322	3.148185	0.4498973	0.4560461	3.071776	0.09855133	0.4599264	3.089402	0.3683588	-0.08129828	3.105103	0.2082614	-0.08457743	3.113738	0.5502088	0.1935268	3.103392	0.03778381	0.1577442	3.137392	0.4579554	-0.5281759	3.221266	0.2126479	-0.5243105	3.279267	0.5074909	-0.9102938	3.281151	0.2298513	-0.9073991	3.351321	

0.6113995	-0.05534193	3.067895	-0.02389716	-0.09263957	3.111599	0.6194615	-0.2068133	3.085037	-0.02195913	-0.2331836	3.112347	0.6346568	-0.1034812	3.050778	0.01546211	-0.1255623	3.101271	0.2779509	0.7019494	3.016468	0.278872	0.5592516	3.058837	0.2807714	0.4810335	3.07404	0.2857693	0.2416589	3.109976	0.2921585	-0.08404635	3.147999	0.4498145	0.4565461	3.070862	0.09858851	0.459953	3.089318	0.3686988	-0.0811813	3.104735	0.2088057	-0.08485103	3.113715	0.5464203	0.1927871	3.102381	0.03821036	0.1573885	3.136586	0.4581338	-0.5297079	3.221976	0.2128318	-0.5250518	3.279649	0.5076316	-0.9103029	3.280955	0.2297959	-0.9073976	3.35131	

0.6084312	-0.05570723	3.068035	-0.02346234	-0.09332819	3.11065	0.6204133	-0.1998272	3.076912	-0.02686721	-0.2256374	3.101682	0.6369835	-0.1013656	3.0575	0.01348297	-0.1316237	3.096045	0.2779569	0.7019544	3.01639	0.2790898	0.559324	3.0586	0.2810065	0.4810827	3.073815	0.2860481	0.2416321	3.109785	0.2924522	-0.08419769	3.147843	0.449343	0.4565452	3.069694	0.0985681	0.4600052	3.089322	0.3689701	-0.08127225	3.104333	0.2091474	-0.08508852	3.113758	0.543711	0.1925198	3.102236	0.03863301	0.1566734	3.136178	0.4582188	-0.5299393	3.22176	0.2132007	-0.5250094	3.279531	0.5076545	-0.9103185	3.280938	0.2298779	-0.9087775	3.35125	

0.6042754	-0.05620059	3.068323	-0.02283717	-0.09360966	3.109806	0.6127169	-0.2051914	3.070116	-0.02481344	-0.2356679	3.122432	0.6209949	-0.1488037	3.038727	0.02112927	-0.1045069	3.108375	0.2779459	0.702019	3.016301	0.2791132	0.5594363	3.058563	0.2810544	0.4811863	3.073763	0.2861951	0.2417189	3.109663	0.292778	-0.08418251	3.147555	0.4492976	0.4564569	3.069321	0.09848858	0.4599526	3.089327	0.3693406	-0.08129684	3.103833	0.2093772	-0.08504682	3.113645	0.5404048	0.1922935	3.102114	0.03879497	0.1564726	3.135966	0.4583127	-0.5282394	3.220906	0.2136401	-0.5246762	3.279168	0.5077857	-0.9102418	3.280901	0.2298812	-0.9085214	3.351377	

0.5960776	-0.05711509	3.068748	-0.02216098	-0.0932821	3.109869	0.6038951	-0.2089958	3.08059	-0.0184411	-0.2356381	3.121305	0.6181128	-0.1130782	3.054	0.009335834	-0.1693723	3.099454	0.2777427	0.7019814	3.015971	0.2793093	0.5594086	3.058102	0.2812829	0.481162	3.073365	0.2865039	0.2416958	3.109417	0.2931627	-0.08421725	3.147471	0.4491657	0.4566205	3.068972	0.09843537	0.4597074	3.088975	0.3696161	-0.08124477	3.103717	0.209839	-0.08518375	3.113625	0.5359304	0.1923922	3.102013	0.03959383	0.1568095	3.135332	0.4584514	-0.5285773	3.220546	0.2137492	-0.524783	3.27923	0.5078088	-0.9102318	3.280943	0.2297777	-0.9089804	3.351337	

0.5913979	-0.05534023	3.069619	-0.02095708	-0.0932797	3.109556	0.5974923	-0.2141723	3.077927	-0.01460391	-0.2388235	3.126379	0.6151093	-0.09702259	3.0521	0.01269906	-0.1576703	3.0841	0.277523	0.7020567	3.015676	0.2786171	0.5594985	3.057837	0.2808407	0.4812344	3.07318	0.286469	0.2417171	3.109387	0.293337	-0.08418993	3.147489	0.4488547	0.4565808	3.06831	0.0983884	0.4596913	3.088917	0.3696996	-0.08123136	3.103773	0.210109	-0.08513319	3.113591	0.5332565	0.1947497	3.101947	0.04043782	0.1569129	3.13481	0.4583272	-0.5290191	3.219898	0.213876	-0.5247162	3.279287	0.508164	-0.9102539	3.280434	0.2297658	-0.9090518	3.351212	

0.5890888	-0.05894327	3.06985	-0.01918166	-0.0935037	3.10913	0.5917395	-0.2144047	3.072056	-0.01200572	-0.2394802	3.120178	0.6053358	-0.1178601	3.0407	0.03295568	-0.09580248	3.115417	0.2771527	0.7017077	3.015028	0.2782626	0.5594682	3.057667	0.2806212	0.4811925	3.073087	0.2864555	0.2416709	3.109402	0.293652	-0.08447915	3.147812	0.4485624	0.4564653	3.068054	0.0981847	0.4594931	3.088956	0.3699081	-0.08138898	3.103984	0.2104947	-0.0855702	3.114066	0.5307597	0.1910651	3.102479	0.04146833	0.1568438	3.134912	0.4589536	-0.5306157	3.219414	0.2145645	-0.5252812	3.280454	0.5084763	-0.9096221	3.279896	0.229333	-0.9105833	3.350431	

0.587028	-0.06179582	3.069872	-0.01804217	-0.09371641	3.108522	0.5903092	-0.2223504	3.0901	-0.00918022	-0.2443735	3.128011	0.5974663	-0.148576	3.035	0.02431453	-0.1336178	3.10475	0.2765054	0.7013052	3.013772	0.278248	0.5593197	3.057361	0.2806368	0.4810365	3.072864	0.286584	0.2414418	3.109352	0.2940952	-0.08503366	3.148106	0.4482992	0.4560905	3.067514	0.09802931	0.4590728	3.088591	0.3701802	-0.08155329	3.104164	0.2110896	-0.08670641	3.11453	0.5291616	0.1883312	3.102304	0.04194247	0.1567661	3.134779	0.4588824	-0.5314608	3.218839	0.2150836	-0.5253613	3.280638	0.508573	-0.9097655	3.279797	0.2293111	-0.9104024	3.350158	

0.5848369	-0.06437139	3.069327	-0.01616222	-0.09426805	3.108673	0.5918185	-0.2236295	3.092132	-0.0111631	-0.2368979	3.123779	0.5944516	-0.1534139	3.038304	0.02893418	-0.1126576	3.110857	0.2760391	0.7006395	3.013196	0.2771739	0.5590432	3.056462	0.2798859	0.4807681	3.072197	0.2864861	0.2412529	3.109192	0.294423	-0.08534622	3.148194	0.4478121	0.4559984	3.067048	0.09782391	0.4589481	3.088513	0.370404	-0.08169083	3.104179	0.2114781	-0.0871986	3.114729	0.5276684	0.1858805	3.102181	0.04260539	0.1564915	3.135118	0.4588482	-0.5330774	3.218915	0.2158577	-0.5261691	3.28119	0.5086083	-0.9097901	3.279742	0.2292771	-0.910341	3.35019	

0.5801866	-0.06798544	3.069051	-0.01520319	-0.09429055	3.109102	0.5869181	-0.2150109	3.082794	-0.0105007	-0.2373913	3.129335	0.5991864	-0.1073422	3.047812	0.0278357	-0.129906	3.11152	0.2747363	0.7001726	3.01219	0.2768018	0.5586103	3.056184	0.2795768	0.480418	3.071977	0.2863966	0.2411174	3.109148	0.2944387	-0.08535723	3.148242	0.4475041	0.4559312	3.066708	0.09740959	0.4585612	3.088405	0.3704041	-0.08174054	3.104261	0.2114988	-0.08717573	3.114764	0.5258996	0.1829518	3.101567	0.0431893	0.1565785	3.135162	0.4590388	-0.5340688	3.218687	0.2160078	-0.5261903	3.281137	0.5086305	-0.9099289	3.27977	0.229329	-0.910303	3.350219	

0.5776125	-0.06890054	3.069018	-0.01363219	-0.09471979	3.110011	0.5794015	-0.2225799	3.087513	-0.00973421	-0.239374	3.136341	0.5901306	-0.1623918	3.0338	0.03807619	-0.09831387	3.126667	0.2739055	0.6999889	3.010882	0.2763142	0.5583099	3.055669	0.2791894	0.4801463	3.071546	0.2863112	0.2409486	3.108991	0.294541	-0.0854465	3.148257	0.4471352	0.4560936	3.066383	0.09701943	0.4582368	3.088095	0.3704509	-0.08174958	3.104255	0.2116515	-0.08737835	3.114822	0.5250993	0.1824693	3.101028	0.04320556	0.1565558	3.135105	0.4590271	-0.5341431	3.217642	0.2163139	-0.5262997	3.281224	0.5087077	-0.9100391	3.279689	0.2294348	-0.9104467	3.350416	

0.5763296	-0.06970483	3.068581	-0.01279001	-0.0949066	3.110967	0.5824469	-0.223294	3.087139	-0.007751739	-0.2387886	3.129846	0.5904576	-0.1620808	3.034316	0.03230213	-0.126243	3.119667	0.2736624	0.6997952	3.010456	0.2750869	0.5581233	3.055067	0.2783053	0.4799614	3.071058	0.2861876	0.2408185	3.108834	0.294988	-0.08563459	3.148246	0.4468814	0.4561076	3.066317	0.09665913	0.4578988	3.088036	0.3708826	-0.08186566	3.104213	0.2120522	-0.08759194	3.114846	0.5245067	0.1816495	3.101136	0.04352694	0.1564109	3.135141	0.4589128	-0.5341887	3.217627	0.216328	-0.5262303	3.281185	0.5086983	-0.9101669	3.279615	0.2294957	-0.9101085	3.350462	

0.5755934	-0.06907205	3.068139	-0.01167741	-0.09461625	3.112248	0.5833482	-0.2191035	3.089368	-0.009895337	-0.2364048	3.13143	0.5891721	-0.1543165	3.031226	0.01859004	-0.1624777	3.112616	0.2727438	0.6995369	3.009735	0.2732972	0.5577461	3.054477	0.2767624	0.479631	3.070551	0.2855271	0.2406258	3.108642	0.2949713	-0.08564619	3.148269	0.4463905	0.4566756	3.066211	0.09620483	0.4578423	3.087984	0.3708473	-0.08180281	3.104257	0.2120193	-0.08769514	3.114881	0.5236382	0.1822134	3.101229	0.04389238	0.1569236	3.135183	0.4591677	-0.5343284	3.217201	0.2163842	-0.5262615	3.281225	0.5087926	-0.9101153	3.279383	0.2295535	-0.9098738	3.350358	

0.5753198	-0.06917453	3.067483	-0.01121054	-0.09462873	3.113043	0.5858997	-0.2180733	3.089104	-0.01279064	-0.2389882	3.141743	0.6047638	-0.1091705	3.053556	0.02941012	-0.1094719	3.118334	0.2718967	0.6999042	3.009309	0.2731531	0.557742	3.05445	0.2765778	0.4796304	3.070498	0.2853129	0.2406306	3.108538	0.2948827	-0.08559565	3.14821	0.4459632	0.4566623	3.065941	0.0958095	0.4577182	3.087747	0.3707666	-0.08179988	3.10422	0.2118918	-0.08753964	3.114774	0.5235371	0.1820997	3.101148	0.04406381	0.1570016	3.135345	0.4590883	-0.5356884	3.217544	0.2164169	-0.5262864	3.281193	0.508812	-0.9100971	3.279407	0.2295979	-0.9098048	3.350298	

0.5751415	-0.06915279	3.067278	-0.01108907	-0.09463614	3.113279	0.5823254	-0.2225431	3.09244	-0.01378104	-0.2397154	3.142614	0.5942756	-0.156197	3.028666	0.02940917	-0.109253	3.118266	0.2709615	0.7001607	3.008785	0.2727768	0.5577824	3.054223	0.2762055	0.4796482	3.070257	0.2850676	0.2405775	3.108334	0.2948627	-0.08563152	3.148157	0.4457815	0.4568268	3.065907	0.09547248	0.4575547	3.087726	0.3707369	-0.08180772	3.104151	0.211874	-0.08759639	3.11473	0.5232633	0.1820922	3.101048	0.04411151	0.1570155	3.135446	0.4591573	-0.5363596	3.217517	0.2166139	-0.5262052	3.281132	0.5088302	-0.9100798	3.27943	0.2296342	-0.9096767	3.350333	

0.5750504	-0.0690568	3.067117	-0.01121501	-0.09519214	3.113758	0.5792656	-0.2225412	3.086799	-0.0174046	-0.2396291	3.141334	0.596294	-0.1243517	3.036192	0.03182265	-0.09984744	3.1306	0.2701868	0.7001246	3.008652	0.2725241	0.5576632	3.054205	0.2759268	0.4795193	3.070226	0.2847967	0.240427	3.108291	0.2947585	-0.08570986	3.148167	0.4452701	0.4570297	3.06586	0.09516068	0.4572355	3.08751	0.3706239	-0.08185761	3.104156	0.2117724	-0.08769157	3.114747	0.5228713	0.1820055	3.100938	0.0438017	0.1563922	3.135692	0.4593821	-0.536323	3.216753	0.2169114	-0.5268277	3.281256	0.5088186	-0.9100155	3.279386	0.2294591	-0.910548	3.350415	

0.5748689	-0.06932067	3.066641	-0.01164236	-0.09677132	3.113748	0.586475	-0.2164967	3.086795	-0.01882854	-0.2375069	3.131894	0.5907585	-0.1590045	3.029444	0.02160666	-0.1376207	3.110286	0.2699219	0.7000074	3.008729	0.2719144	0.557439	3.05418	0.2753923	0.4793033	3.070149	0.2845149	0.2402313	3.108126	0.2947711	-0.08583701	3.147998	0.4446113	0.4575395	3.065808	0.09442136	0.4564305	3.087219	0.3706287	-0.08190771	3.104007	0.2117846	-0.08789606	3.114555	0.5223509	0.181554	3.100809	0.04308354	0.1547574	3.136424	0.4593526	-0.5363734	3.216523	0.2170833	-0.5272134	3.281163	0.5088382	-0.9099995	3.279357	0.2295521	-0.9105368	3.350348	

0.5742828	-0.06932994	3.066453	-0.01214562	-0.0965999	3.114644	0.5821426	-0.222467	3.09144	-0.02152681	-0.2359249	3.13358	0.5964471	-0.1307247	3.043429	0.02950063	-0.1012031	3.127667	0.2696806	0.7001941	3.008646	0.2715045	0.5575048	3.054161	0.2750411	0.4793427	3.07007	0.2843233	0.2401972	3.107905	0.2948584	-0.08594667	3.147533	0.4438907	0.4579951	3.066019	0.09418571	0.4565173	3.087391	0.370723	-0.08193076	3.103663	0.211841	-0.08808626	3.11395	0.5218896	0.1815103	3.100502	0.04310658	0.1547689	3.136607	0.4594398	-0.536805	3.216199	0.2170009	-0.5275152	3.28109	0.5088218	-0.9098628	3.279407	0.2295566	-0.9104934	3.3503	

0.5728188	-0.07071298	3.066066	-0.01336237	-0.09661132	3.115166	0.5785978	-0.2222797	3.083227	-0.01883208	-0.2439201	3.13532	0.5976971	-0.08928515	3.0438	0.0291357	-0.09011041	3.132715	0.2692369	0.700281	3.008649	0.2711508	0.5573843	3.053967	0.2746936	0.4792208	3.069842	0.2840673	0.2400676	3.107609	0.2948211	-0.08602318	3.147273	0.443589	0.4578783	3.065975	0.0941825	0.45655	3.087394	0.3706974	-0.08198591	3.103478	0.211782	-0.08816381	3.113608	0.5215768	0.1803211	3.100082	0.04256121	0.1545617	3.136932	0.4595839	-0.5374665	3.216101	0.2170548	-0.5274873	3.280924	0.5090687	-0.9100389	3.278842	0.2294832	-0.9109623	3.350172	

0.5723543	-0.07072216	3.065331	-0.01507895	-0.09809877	3.11551	0.5787401	-0.2151042	3.083944	-0.02213443	-0.2416875	3.146131	0.6017538	-0.1052467	3.047667	0.02266212	-0.09905315	3.131592	0.2691839	0.7001952	3.00865	0.2709241	0.5572942	3.053821	0.2744897	0.4791431	3.069661	0.2839636	0.2400152	3.107322	0.2949735	-0.08599122	3.146827	0.4432049	0.4580508	3.065928	0.09389984	0.4563017	3.087581	0.3708484	-0.08198529	3.103194	0.2119104	-0.08806363	3.112959	0.5210975	0.180258	3.099598	0.04144748	0.152879	3.137868	0.4594254	-0.5371284	3.215166	0.2168817	-0.5270181	3.280646	0.5090885	-0.9099486	3.27882	0.2295112	-0.911008	3.350199	

0.5721245	-0.07082838	3.064417	-0.01858751	-0.09932311	3.116393	0.5740932	-0.2168114	3.070945	-0.0350645	-0.2308671	3.138848	0.596514	-0.1142142	3.038412	0.01230545	-0.1097535	3.126333	0.2689679	0.7001554	3.008717	0.2707958	0.5572881	3.053829	0.2743938	0.4791354	3.069638	0.2839346	0.2399927	3.107205	0.2952039	-0.08602859	3.14644	0.4428948	0.4580286	3.066049	0.09385931	0.4560616	3.087576	0.3711153	-0.08204133	3.102907	0.2120862	-0.08805969	3.112457	0.520768	0.1800575	3.099443	0.03907312	0.1513629	3.139232	0.4593385	-0.5373455	3.214832	0.2165754	-0.5265248	3.280107	0.5091062	-0.9100287	3.2788	0.2294114	-0.9110741	3.350138	

0.577561	-0.06941839	3.061347	-0.04105775	-0.09565113	3.126179	0.6016775	-0.2306861	3.073718	-0.06825474	-0.2312854	3.144679	0.6031103	-0.1318869	3.016071	-0.03014512	-0.1593353	3.1325	0.2687956	0.7002136	3.008774	0.2706687	0.5572298	3.053837	0.2742628	0.4790756	3.069578	0.2837638	0.2398838	3.106734	0.2951922	-0.08614124	3.144977	0.4427438	0.4579688	3.066131	0.0938126	0.4560049	3.087573	0.3713307	-0.08200918	3.101428	0.2118329	-0.08828799	3.110997	0.5211882	0.1800544	3.099478	0.02933027	0.1519638	3.141054	0.4591624	-0.537085	3.214515	0.2163989	-0.5262144	3.279382	0.5091275	-0.9100149	3.278788	0.2296915	-0.9104223	3.350487	

0.5867617	-0.06773822	3.058959	-0.04846924	-0.09224334	3.131931	0.6251402	-0.2310179	3.075231	-0.08476986	-0.2394888	3.181175	0.6141196	-0.1473885	3.015524	-0.03074298	-0.1100966	3.136167	0.2687877	0.7003871	3.008824	0.2704601	0.557336	3.053993	0.2740797	0.4791474	3.069632	0.2835723	0.2398969	3.10656	0.2949703	-0.08623087	3.144326	0.4426835	0.4580059	3.06635	0.09369333	0.4559502	3.087682	0.371204	-0.08202694	3.101162	0.2114953	-0.08846671	3.109815	0.5227886	0.1795211	3.099904	0.02469772	0.1545757	3.142452	0.4589657	-0.5364727	3.213832	0.2162471	-0.5261988	3.278864	0.5090964	-0.9098806	3.278764	0.2298163	-0.9103369	3.350219	

0.6135073	-0.05946003	3.059617	-0.07634389	-0.08383061	3.14052	0.6649625	-0.2160199	3.06749	-0.1258026	-0.2366239	3.217671	0.6549989	-0.1149556	3.023762	-0.07214601	-0.1625921	3.140154	0.2690886	0.7004818	3.009763	0.2703373	0.5573844	3.054106	0.2739455	0.4791744	3.069676	0.2833222	0.2398543	3.106395	0.2945212	-0.08642708	3.143765	0.4427653	0.4575447	3.066967	0.09357531	0.45603	3.087786	0.3709061	-0.08215491	3.100972	0.2108766	-0.08871292	3.108734	0.5296712	0.1814242	3.102117	0.01587653	0.156368	3.144501	0.4589822	-0.5367243	3.213802	0.2160311	-0.5261855	3.278421	0.50907	-0.9098943	3.278753	0.2303869	-0.9116072	3.349671	

0.623719	-0.05684426	3.061358	-0.07898965	-0.08225143	3.147144	0.6769699	-0.2016287	3.083576	-0.1421058	-0.2110037	3.253844	0.6707078	-0.1244517	3.022261	-0.08530362	-0.1576272	3.1671	0.2691978	0.7006199	3.010086	0.2703192	0.557376	3.054175	0.2739198	0.4791659	3.069689	0.2831552	0.2397885	3.106156	0.2940795	-0.08658411	3.142869	0.4429611	0.4570151	3.06751	0.09342044	0.4559703	3.088085	0.3704578	-0.08229358	3.100118	0.2104727	-0.08885608	3.107897	0.5365703	0.1829806	3.102704	0.01446153	0.1571301	3.144293	0.4587228	-0.5368226	3.213773	0.215522	-0.5257515	3.276367	0.5090219	-0.9102958	3.278714	0.23053	-0.9118831	3.349441	

0.6286031	-0.05600853	3.063235	-0.07971849	-0.08180198	3.154281	0.6732143	-0.1977151	3.076614	-0.1455965	-0.205335	3.245321	0.669386	-0.09594691	3.030423	-0.07137071	-0.1469182	3.185	0.2692637	0.7005799	3.010337	0.2703219	0.5573968	3.05445	0.2738955	0.4791736	3.069777	0.2830606	0.2397789	3.10601	0.2937463	-0.08661178	3.141939	0.4430547	0.4569122	3.067827	0.09331152	0.4559746	3.088153	0.3701535	-0.08233319	3.099284	0.2101253	-0.08885221	3.106942	0.5396638	0.1832355	3.103965	0.01400391	0.1569223	3.144394	0.4585963	-0.5369194	3.213753	0.214984	-0.5243623	3.274725	0.509065	-0.9106504	3.278849	0.2306526	-0.9115208	3.349578	

0.6308418	-0.05529461	3.065296	-0.07972927	-0.08385166	3.156461	0.6761023	-0.1995821	3.090609	-0.142545	-0.2137834	3.262003	0.6704376	-0.1298349	3.026	-0.06266425	-0.1338414	3.176278	0.2695238	0.7007896	3.010772	0.2699487	0.5573225	3.054797	0.2735489	0.4790927	3.069942	0.2826746	0.2396256	3.105742	0.2932912	-0.08690509	3.140986	0.4433012	0.4566799	3.068168	0.0928999	0.4556235	3.088087	0.3698024	-0.08262251	3.098634	0.2095669	-0.08910617	3.105685	0.5403162	0.1835598	3.104443	0.0131905	0.1551007	3.145407	0.4581658	-0.5370252	3.213722	0.2146685	-0.5240499	3.273866	0.5089552	-0.9105842	3.278927	0.2306543	-0.9126045	3.349195	

0.6307749	-0.05534276	3.066659	-0.07113815	-0.0871929	3.161211	0.6988729	-0.2100732	3.099175	-0.125943	-0.2286894	3.251374	0.6601638	-0.1337334	3.032136	-0.06867058	-0.1677317	3.16275	0.2697184	0.700991	3.010911	0.2695251	0.557354	3.054902	0.2731354	0.4791014	3.069925	0.2822525	0.2395509	3.10527	0.293024	-0.08708733	3.139941	0.4433425	0.4565155	3.06841	0.09276614	0.4554235	3.087887	0.3696451	-0.08275069	3.097804	0.2091791	-0.08933003	3.104466	0.5405238	0.1837464	3.105023	0.01333452	0.1544919	3.146233	0.4580697	-0.5369991	3.213593	0.2143307	-0.5238077	3.2732	0.508871	-0.9105246	3.278508	0.2306387	-0.9126124	3.349101	

0.6288904	-0.05775642	3.071696	-0.06385412	-0.09118042	3.162138	0.7112797	-0.1853373	3.087723	-0.1240247	-0.2351739	3.248423	0.6648416	-0.0849138	3.06075	-0.07472154	-0.1829927	3.15853	0.2698684	0.7009967	3.010947	0.2695002	0.5573489	3.054931	0.2730741	0.4790838	3.069917	0.2819107	0.2394023	3.104864	0.2922589	-0.08744749	3.138915	0.4432402	0.4556106	3.067998	0.09243157	0.4550949	3.087006	0.3689318	-0.08315363	3.096908	0.2083864	-0.08961928	3.103345	0.5399528	0.1822686	3.106337	0.01551572	0.1523248	3.147497	0.455966	-0.5309159	3.208873	0.213902	-0.5234798	3.272208	0.5088407	-0.9107326	3.278836	0.2306304	-0.9122512	3.349094	

0.6250436	-0.05982487	3.076709	-0.05940011	-0.09302969	3.161988	0.7068308	-0.1851038	3.09534	-0.1262533	-0.2285893	3.229007	0.6452674	-0.03660666	3.067	-0.06890208	-0.18063	3.142693	0.2701065	0.701055	3.011412	0.2693873	0.5574182	3.054984	0.2729403	0.4791348	3.0699	0.2816694	0.2394006	3.104493	0.2919997	-0.08756077	3.138093	0.4432474	0.4554083	3.068089	0.09229735	0.4548934	3.086389	0.3687287	-0.08333889	3.096004	0.2080814	-0.08965819	3.102625	0.5393156	0.1817795	3.107554	0.01676917	0.1515332	3.147115	0.4568825	-0.5331061	3.209007	0.2136834	-0.5233151	3.271528	0.5089105	-0.9108024	3.27869	0.2301826	-0.9116331	3.348838	

0.6226866	-0.06113422	3.078442	-0.05676706	-0.09494863	3.160912	0.7048125	-0.1890275	3.095127	-0.1247261	-0.2300356	3.220174	0.6619873	-0.09562209	3.06675	-0.06246802	-0.1671531	3.141042	0.27015	0.7011071	3.011458	0.2691943	0.5574663	3.054919	0.2726955	0.4791903	3.069736	0.2813814	0.2394822	3.103928	0.2918513	-0.08739757	3.137267	0.443231	0.4553413	3.068143	0.09189882	0.4550727	3.086309	0.3685426	-0.08309822	3.095006	0.2079674	-0.08956151	3.101979	0.5385599	0.1812042	3.108146	0.01834785	0.1500407	3.146308	0.4568534	-0.533217	3.208754	0.2136351	-0.5230979	3.271287	0.5088854	-0.9108341	3.278679	0.2301003	-0.9102916	3.34887	

0.6205871	-0.06215204	3.080943	-0.0542093	-0.09618881	3.158914	0.6981869	-0.1903002	3.091735	-0.1184769	-0.2308138	3.218674	0.6793377	-0.1329165	3.076715	-0.06103427	-0.1732737	3.1415	0.2701581	0.70105	3.0115	0.2689449	0.5573071	3.055182	0.2724434	0.4790659	3.069854	0.2810819	0.2394023	3.103737	0.2914151	-0.08734394	3.136649	0.4429515	0.4550447	3.067882	0.09152864	0.4555725	3.086441	0.3681814	-0.08301136	3.09446	0.2074618	-0.0895445	3.101305	0.5380583	0.1809658	3.108539	0.01903411	0.1496468	3.146182	0.4567596	-0.5331753	3.208536	0.2135259	-0.5230981	3.27125	0.5088619	-0.910864	3.278669	0.2301184	-0.9101796	3.34899	

0.6198562	-0.06303674	3.080902	-0.05237015	-0.09775376	3.154578	0.6964912	-0.1912244	3.091473	-0.1153558	-0.2377953	3.205573	0.6553594	-0.08776336	3.073	-0.06365135	-0.2073388	3.13075	0.2701989	0.7012515	3.011737	0.2685134	0.5574349	3.055253	0.2719775	0.4791832	3.069839	0.2806363	0.2394943	3.103498	0.2910854	-0.08725695	3.136358	0.4428668	0.4548874	3.067976	0.09111121	0.4557892	3.086354	0.3678243	-0.08299135	3.094137	0.2071596	-0.08939349	3.10105	0.5368288	0.1798386	3.109507	0.01971568	0.1487714	3.145396	0.4566672	-0.5335745	3.208447	0.213472	-0.523061	3.271222	0.508624	-0.9106664	3.278229	0.2302221	-0.9099725	3.348849	

0.6189946	-0.06308784	3.080661	-0.05189291	-0.09726483	3.149292	0.6839721	-0.2009575	3.088856	-0.1052937	-0.2262771	3.167376	0.6366049	-0.05111869	3.0555	-0.04764222	-0.1635261	3.114167	0.2703401	0.7013602	3.012649	0.2679925	0.5574582	3.055322	0.2714607	0.4791883	3.069836	0.2802615	0.2394628	3.10334	0.2909172	-0.0872907	3.136225	0.4426526	0.4546414	3.068296	0.09070031	0.456093	3.086272	0.3676474	-0.08307775	3.094068	0.2069856	-0.08936672	3.100831	0.5360657	0.1798609	3.109764	0.01998468	0.149748	3.144392	0.4564751	-0.5342034	3.208569	0.2134295	-0.5230622	3.271199	0.508621	-0.9106076	3.278232	0.2300228	-0.9093009	3.348635	

0.6171623	-0.06376586	3.079989	-0.05281401	-0.09751765	3.143367	0.6594644	-0.219083	3.101476	-0.104834	-0.2297078	3.162842	0.6597154	-0.1911859	3.086667	-0.05035446	-0.1713084	3.1054	0.2702561	0.7015364	3.013143	0.2672994	0.5575516	3.055935	0.270813	0.4792411	3.070267	0.2798211	0.2394392	3.103408	0.2906299	-0.08735561	3.136136	0.4424461	0.4542787	3.068604	0.09021369	0.4565774	3.085942	0.3673972	-0.08312491	3.094006	0.2066698	-0.08944734	3.100721	0.5352371	0.179555	3.10974	0.01908627	0.1498237	3.142633	0.4564895	-0.5340612	3.208514	0.2133294	-0.5226035	3.270924	0.5087494	-0.9104618	3.278106	0.2300253	-0.9090342	3.348314	

0.6123542	-0.06484738	3.07705	-0.05310669	-0.09842166	3.139691	0.6158983	-0.216984	3.109542	-0.08594837	-0.2309667	3.160177	0.556438	-0.07064459	3.084	-0.01349879	-0.1014131	3.133667	0.2700315	0.7016643	3.013572	0.2670603	0.5574845	3.056083	0.2705639	0.4792063	3.070375	0.2795991	0.2394966	3.10342	0.2904154	-0.08712637	3.136132	0.4422001	0.4541065	3.068842	0.0894904	0.4572539	3.085603	0.3672157	-0.08303729	3.094075	0.2063978	-0.08898296	3.100611	0.5336654	0.1794184	3.109715	0.01835841	0.1492546	3.141831	0.4563183	-0.5342913	3.208591	0.2133073	-0.5224262	3.270899	0.5086884	-0.9105356	3.278018	0.2300295	-0.9090145	3.348278	

0.607863	-0.06652598	3.075815	-0.05222879	-0.09904506	3.13744	0.6124612	-0.2073131	3.092169	-0.08220223	-0.2457861	3.183673	0.5567442	-0.08470816	3.074111	-0.01300674	-0.1024172	3.134068	0.2699564	0.7016193	3.014259	0.2665023	0.5575636	3.056532	0.2700619	0.4792698	3.070735	0.2793404	0.2395262	3.103563	0.290363	-0.08711218	3.136186	0.4420263	0.4538003	3.069328	0.08895876	0.4574803	3.08538	0.3671357	-0.0830395	3.094272	0.206355	-0.08896238	3.100608	0.5321417	0.1786679	3.109694	0.01811822	0.1490896	3.141382	0.4559755	-0.5363945	3.209634	0.2128524	-0.5211211	3.270506	0.5087193	-0.9105317	3.277957	0.2299431	-0.9093125	3.348336	

0.6029119	-0.06793699	3.075553	-0.05056972	-0.1002534	3.135573	0.6109099	-0.2050028	3.089421	-0.0741032	-0.2511482	3.173972	0.5534218	-0.08928705	3.071222	-0.03025695	-0.1599537	3.125231	0.2699973	0.7017444	3.014804	0.2661027	0.5574811	3.056657	0.2696843	0.4792144	3.070884	0.2790901	0.2395514	3.103781	0.2902546	-0.0869117	3.136768	0.4413344	0.4535761	3.07072	0.08850844	0.4576921	3.085196	0.3668762	-0.08306607	3.09573	0.2063268	-0.0886663	3.100773	0.5307251	0.1783701	3.110012	0.01811421	0.148457	3.140892	0.4557298	-0.5362304	3.210346	0.2123879	-0.5216349	3.271377	0.5087384	-0.9103434	3.27798	0.2301046	-0.9086007	3.348419	

0.5987406	-0.068807	3.074856	-0.04733858	-0.1017142	3.134475	0.6014915	-0.1991264	3.08004	-0.06184115	-0.2576473	3.186171	0.5548763	-0.1058514	3.064	-0.01791422	-0.1419798	3.134666	0.2698988	0.7018725	3.014905	0.2656144	0.5574991	3.056587	0.2692287	0.4792432	3.070854	0.2787981	0.2396086	3.103854	0.2901095	-0.08678811	3.137063	0.4409233	0.4536207	3.070972	0.08821175	0.4577216	3.085068	0.3666362	-0.08302121	3.096247	0.2062582	-0.08849942	3.100892	0.529348	0.1783362	3.109945	0.01792986	0.1479747	3.139725	0.4560163	-0.5367273	3.2107	0.2122155	-0.5215718	3.271444	0.5087788	-0.9102963	3.278099	0.2300836	-0.9085534	3.348368	

0.5903446	-0.07127959	3.076277	-0.04579041	-0.1033525	3.134758	0.6055625	-0.2071801	3.092211	-0.04972068	-0.2425192	3.174977	0.5495272	-0.1123385	3.067177	0.003322241	-0.1052273	3.143571	0.2700632	0.7017118	3.014812	0.2652435	0.5573824	3.05653	0.2688965	0.4791447	3.070832	0.2786195	0.2395648	3.103912	0.290062	-0.08678364	3.137294	0.4405693	0.453858	3.072369	0.08798103	0.4576591	3.0851	0.3665817	-0.08300668	3.096717	0.2062376	-0.08849742	3.100938	0.5272871	0.1777106	3.110281	0.01846284	0.1465844	3.139677	0.4556417	-0.5375119	3.211393	0.2123588	-0.5215738	3.271499	0.5087569	-0.9100351	3.277758	0.2299652	-0.9092132	3.348441	

0.5862594	-0.07276317	3.075622	-0.0440458	-0.1039396	3.134141	0.5970041	-0.2232953	3.097786	-0.04938375	-0.232142	3.15258	0.5448301	-0.1012888	3.070021	0.003563266	-0.1082416	3.14163	0.2702617	0.7012486	3.014786	0.2652084	0.5569749	3.056284	0.2688458	0.4788571	3.070661	0.2785874	0.2395164	3.103891	0.2900329	-0.08669545	3.137406	0.4405306	0.4538397	3.072399	0.08781423	0.4576996	3.085006	0.3665152	-0.08298101	3.096898	0.2062456	-0.08832521	3.100983	0.5253093	0.176761	3.109726	0.01859395	0.146421	3.139519	0.4556358	-0.5375334	3.211319	0.2120704	-0.5216957	3.271419	0.508783	-0.9103522	3.277442	0.2299996	-0.9089961	3.348634	

0.5827218	-0.0742978	3.07396	-0.04114098	-0.1045727	3.134084	0.589918	-0.2222106	3.0881	-0.04680802	-0.2349314	3.15493	0.5372735	-0.09080144	3.074667	0.01167126	-0.1069406	3.148749	0.2705999	0.700703	3.013879	0.2649704	0.5567913	3.055848	0.2686055	0.4786867	3.070266	0.2784015	0.2394113	3.103652	0.2899868	-0.08670995	3.137376	0.4404574	0.4537936	3.072353	0.08783807	0.4578212	3.084426	0.3664865	-0.08300938	3.096907	0.2061484	-0.08831322	3.100825	0.5238441	0.1756639	3.108927	0.01976177	0.1462092	3.139203	0.4558463	-0.539278	3.212106	0.2118916	-0.5216278	3.271485	0.5089206	-0.9106334	3.277511	0.2297706	-0.9086074	3.348672	

0.5864156	-0.08065724	3.04058	0.0160632	-0.1028656	3.133444	0.5891329	-0.223068	3.044924	0.01384985	-0.2168149	3.155886	0.5171273	-0.1355902	3.009166	0.06456356	-0.07980577	3.144	0.3069215	0.6887947	2.965552	0.3075686	0.549835	3.012877	0.3104265	0.4722613	3.030493	0.3170368	0.2348694	3.074443	0.3191363	-0.08820192	3.12478	0.4755422	0.4524117	3.022379	0.1333125	0.4561475	3.054248	0.3954639	-0.08203135	3.079125	0.2358067	-0.09213156	3.092518	0.5546016	0.175352	3.060689	0.07296588	0.1484031	3.127709	0.4724578	-0.5277639	3.160631	0.2252094	-0.5266339	3.264333	0.5089816	-0.9106628	3.27754	0.2303476	-0.9089872	3.348476	

0.5876652	-0.079376	3.0359	0.01835361	-0.1031838	3.133148	0.5944641	-0.2159371	3.039809	0.02013797	-0.2172155	3.156074	0.519421	-0.1350603	3.00697	0.06495069	-0.0989347	3.140143	0.307764	0.6883026	2.963791	0.3088934	0.549834	3.012871	0.3115759	0.4722386	3.030388	0.3180844	0.2347622	3.073922	0.3224694	-0.08866397	3.122267	0.4774365	0.4524664	3.021132	0.1345485	0.456818	3.053914	0.3982623	-0.08211781	3.076383	0.239179	-0.09295301	3.090526	0.5549151	0.1764075	3.060068	0.07412559	0.1483634	3.127075	0.4725867	-0.527447	3.159876	0.232195	-0.5302499	3.257298	0.5095685	-0.9107516	3.277169	0.2317979	-0.9100884	3.3482	

0.5988088	-0.07506903	3.024667	0.05140367	-0.1024863	3.142664	0.5963789	-0.2070316	3.021418	0.05096289	-0.207861	3.171436	0.5303926	-0.1378042	2.9846	0.09955748	-0.08409566	3.1511	0.3314713	0.6880614	2.943759	0.3333567	0.5487455	2.996439	0.334405	0.4712605	3.014991	0.3371006	0.2339869	3.060685	0.3403055	-0.08919803	3.110504	0.5008	0.4493649	3.007692	0.1550455	0.4575626	3.043603	0.4151018	-0.08384891	3.064122	0.2570151	-0.09230263	3.079636	0.5656972	0.1803516	3.054457	0.09646247	0.1498801	3.123566	0.47796	-0.5257849	3.15385	0.2423561	-0.540307	3.220337	0.5113295	-0.9108849	3.276225	0.2337797	-0.9115618	3.345865	

0.6542268	-0.08174898	2.989372	0.1307488	-0.08666968	3.137831	0.63718	-0.2146638	3.00933	0.131803	-0.2006719	3.178553	0.5793284	-0.1245569	2.968334	0.1773716	-0.07244742	3.143222	0.4018994	0.6733087	2.870274	0.4091895	0.537108	2.938385	0.4085284	0.4610329	2.959113	0.4050728	0.2280318	3.011686	0.3988721	-0.08924081	3.071872	0.5727562	0.4431272	2.943897	0.2288896	0.4605159	2.997459	0.4717707	-0.08720685	3.020835	0.3159652	-0.08903471	3.045801	0.6362666	0.1758756	3.001873	0.1715278	0.1626301	3.096398	0.5159107	-0.4886269	3.139118	0.2631691	-0.5456853	3.157037	0.5143113	-0.9111548	3.278372	0.2371583	-0.9150801	3.336561	

0.6120503	-0.1078505	2.833656	0.1627902	-0.07844198	3.161796	0.5837286	-0.2357007	2.819314	0.1566781	-0.2023563	3.211173	0.560689	-0.2022171	2.8172	0.1869666	-0.1202183	3.142625	0.4174231	0.6560979	2.831405	0.4238046	0.529258	2.91467	0.4222516	0.4538533	2.936483	0.4162249	0.222713	2.992144	0.4069558	-0.0924317	3.056035	0.5868931	0.4310852	2.887176	0.2381942	0.4599116	2.98857	0.4790844	-0.09578387	2.998428	0.3245911	-0.08817639	3.034569	0.635579	0.1461584	2.888546	0.1839103	0.167178	3.097385	0.5173122	-0.4920698	3.14077	0.2581783	-0.5238039	2.996854	0.5153781	-0.9109149	3.279858	0.2443767	-0.9187616	3.203385	

0.582002	-0.07981084	2.731033	0.1661642	-0.05994101	3.178671	0.5348208	-0.2123363	2.689585	0.182065	-0.1673282	3.24451	0.5194427	-0.1352885	2.692036	0.1872183	-0.07101204	3.142364	0.4167388	0.6545158	2.821803	0.4256283	0.5253618	2.899411	0.4236687	0.4498693	2.921066	0.4162517	0.2185595	2.976401	0.4047725	-0.09659068	3.040149	0.5851409	0.4291905	2.87403	0.2439833	0.4597522	2.975628	0.4759855	-0.1023562	2.985708	0.3234788	-0.0885682	3.016893	0.6240341	0.1553124	2.842438	0.1961413	0.1765683	3.092381	0.5181029	-0.4953491	3.14033	0.2614056	-0.5421602	2.965015	0.5163721	-0.9096626	3.280287	0.2417124	-0.9396769	3.100637	

0.5258727	-0.009422537	2.557657	0.1664115	-0.0542218	3.163883	0.4396957	-0.1209694	2.47402	0.1623561	-0.2216498	3.251529	0.4253859	-0.07180284	2.489333	0.1675974	-0.125099	3.149392	0.4076624	0.635189	2.760894	0.4152448	0.5085751	2.834845	0.4121974	0.4327651	2.857562	0.4013986	0.2005076	2.916096	0.3851506	-0.1158189	2.984162	0.5683075	0.4094204	2.805177	0.2449514	0.443352	2.909544	0.4547445	-0.1242728	2.929102	0.3056178	-0.1043746	2.96213	0.5735946	0.1447906	2.770477	0.2033454	0.1797299	3.073866	0.5158567	-0.5619861	3.14871	0.2647385	-0.6034847	2.908647	0.5166833	-0.9109098	3.278705	0.2380725	-0.9700899	2.875659	

0.478598	0.0009149367	2.439597	0.1383011	-0.05972264	3.081436	0.396525	-0.09312111	2.367144	0.1331322	-0.2274445	3.167945	0.3833421	-0.02996521	2.371	0.1384856	-0.1308423	3.065806	0.3796612	0.6182726	2.697546	0.3862526	0.4906182	2.77243	0.3865927	0.4144461	2.796432	0.3861473	0.1810491	2.85877	0.3839639	-0.1368343	2.931792	0.5387	0.3939337	2.738849	0.2163128	0.4209196	2.837347	0.449278	-0.1394755	2.874256	0.3085756	-0.1305985	2.912284	0.5641134	0.1445507	2.64813	0.178769	0.1751838	2.994814	0.4996204	-0.5541967	3.097944	0.2707785	-0.6260201	2.85187	0.5144703	-0.9140408	3.274665	0.2530033	-0.9719483	2.777843	

0.4542085	-0.067287	2.401494	0.06345442	-0.1335327	2.881523	0.4063365	-0.1769416	2.347114	0.07904726	-0.250082	2.934019	0.3747845	-0.1302182	2.353316	0.08642886	-0.1912282	2.881	0.2971129	0.6156946	2.583413	0.3056822	0.4841426	2.653411	0.3045966	0.4071912	2.670743	0.3000923	0.1711604	2.71305	0.2926976	-0.1508328	2.75921	0.4641234	0.3830702	2.631612	0.1204292	0.4031761	2.696817	0.3672025	-0.1529355	2.708684	0.2100043	-0.1445074	2.73248	0.5102118	0.1294293	2.571433	0.07046501	0.1139566	2.821075	0.4573093	-0.5534411	2.855637	0.2197365	-0.5891126	2.764106	0.5172575	-0.8791991	3.148464	0.2500565	-0.9722903	2.773368	

0.4631995	-0.09130649	2.4248	0.0366527	-0.1581791	2.784065	0.4226758	-0.2164341	2.38823	0.05449054	-0.2766523	2.796896	0.4005543	-0.1496048	2.38612	0.07280251	-0.1981344	2.755143	0.2834928	0.614324	2.562994	0.2844605	0.4814211	2.628097	0.283895	0.4042289	2.643844	0.2810035	0.1673375	2.68085	0.275999	-0.1561536	2.718512	0.4531209	0.3809601	2.619277	0.09353576	0.3930996	2.651926	0.3531442	-0.1543895	2.67753	0.191821	-0.1538495	2.68349	0.5024711	0.1261966	2.570979	0.04703265	0.09709767	2.758589	0.4409834	-0.5419074	2.740361	0.2164075	-0.588384	2.7612	0.5144274	-0.8523114	3.045716	0.2481588	-0.972348	2.770415	

0.5076119	-0.15781	2.540624	0.01071156	-0.1787828	2.515289	0.5015535	-0.286096	2.5314	0.02633852	-0.3226053	2.495662	0.4361461	-0.1916447	2.505741	0.05504404	-0.2645348	2.488625	0.2386347	0.6069915	2.474066	0.2303296	0.4689164	2.540256	0.2333585	0.391928	2.5566	0.2416306	0.1555896	2.595886	0.2518232	-0.1671155	2.637833	0.4115279	0.3785857	2.557512	0.05242709	0.3704848	2.548456	0.3273561	-0.1568459	2.600938	0.1688909	-0.1724897	2.597424	0.4751181	0.09673285	2.582185	0.01105038	0.0872879	2.565236	0.3925121	-0.5615091	2.540633	0.1928309	-0.5908009	2.713308	0.4885191	-0.9137723	2.792156	0.2479111	-0.9726894	2.768308	

0.5123271	-0.1569742	2.551843	0.01140005	-0.1742612	2.458649	0.5168799	-0.2851506	2.561021	0.03328572	-0.3149824	2.422689	0.4484491	-0.2086646	2.497044	0.05735673	-0.2583804	2.418346	0.2362671	0.6067877	2.468147	0.2293429	0.4686198	2.53527	0.2325456	0.3916112	2.551775	0.2413104	0.1552059	2.591502	0.2520997	-0.1675924	2.633935	0.4108714	0.3781708	2.554667	0.05053077	0.3688791	2.540477	0.3278617	-0.1570008	2.596988	0.1689226	-0.1732706	2.593546	0.4748161	0.09780142	2.583197	0.01162723	0.09001797	2.540365	0.3879486	-0.5608145	2.51178	0.1929885	-0.5898287	2.71041	0.4691024	-0.9351264	2.737248	0.247542	-0.9729363	2.767467	

0.5380593	-0.1484889	2.609337	0.01697521	-0.1455248	2.353724	0.5408522	-0.2689155	2.613307	0.05202398	-0.2832953	2.280715	0.5005022	-0.200137	2.585333	0.05849493	-0.2184499	2.276387	0.226082	0.6004064	2.42279	0.2186888	0.4624136	2.485567	0.2238927	0.385543	2.502694	0.2389331	0.1497508	2.546576	0.2574719	-0.172437	2.593586	0.4028435	0.3750865	2.514994	0.0407464	0.3606915	2.48987	0.3346694	-0.1594718	2.556615	0.1725972	-0.1802886	2.553153	0.4769055	0.09935781	2.585493	0.00177048	0.09087174	2.469529	0.3818404	-0.5713906	2.452945	0.1924997	-0.5910917	2.698375	0.4493954	-0.973525	2.611244	0.2473028	-0.9729562	2.764978	

0.5577125	-0.1370387	2.625046	0.0272201	-0.122647	2.258965	0.5670076	-0.2565596	2.670847	0.06893073	-0.2413776	2.160248	0.5238547	-0.1991225	2.617917	0.07117553	-0.1749922	2.169304	0.2244775	0.5951417	2.389388	0.2176049	0.4554673	2.457204	0.2236488	0.3788058	2.474667	0.2412231	0.1429795	2.515956	0.26416	-0.1790677	2.560504	0.3989984	0.3703099	2.486143	0.03903702	0.3542119	2.458674	0.3413001	-0.1639507	2.525062	0.1790121	-0.1888834	2.518697	0.4801229	0.1030708	2.585667	-0.004460648	0.08823635	2.416795	0.3827559	-0.5917161	2.423091	0.193278	-0.5927038	2.682527	0.4427498	-0.9949489	2.466324	0.2464941	-0.97318	2.758145	

0.5674495	-0.1311913	2.627729	0.03537296	-0.0998375	2.184332	0.5932724	-0.2312252	2.67426	0.08660776	-0.2026895	2.07136	0.5508702	-0.2124437	2.6212	0.1144609	-0.1657265	2.09175	0.2268367	0.585037	2.340148	0.2187119	0.445983	2.41055	0.2250682	0.3693401	2.428513	0.2433914	0.1341128	2.473762	0.2671103	-0.1873213	2.523124	0.3979863	0.3642587	2.436386	0.04424642	0.3447221	2.409805	0.3438935	-0.1729137	2.487837	0.1821261	-0.1960126	2.481244	0.4866423	0.1044802	2.575168	-0.004532103	0.08798297	2.368755	0.3848496	-0.6264487	2.393689	0.1945075	-0.5910949	2.654134	0.4370281	-1.00784	2.360546	0.2467575	-0.9729627	2.756259	

0.5960795	-0.1254239	2.611378	0.0488261	-0.0845139	2.131318	0.6227911	-0.2209904	2.657598	0.1008277	-0.1841286	2.008214	0.572879	-0.2194874	2.593	0.1139758	-0.1420771	2.018742	0.2365383	0.5779123	2.301502	0.2280538	0.439144	2.376435	0.2341946	0.3622939	2.393395	0.2520519	0.1259301	2.433434	0.2749029	-0.1971897	2.475781	0.4079685	0.3588319	2.409589	0.05052762	0.3433599	2.384333	0.3519867	-0.1836314	2.444299	0.1890208	-0.2043342	2.431055	0.5089386	0.09725335	2.52933	0.001325193	0.08842965	2.328653	0.3851453	-0.6416284	2.374921	0.1960849	-0.5990903	2.628928	0.4220312	-1.006134	2.311631	0.2475209	-0.9721571	2.752406	

0.6235096	-0.1468564	2.53025	0.06374396	-0.09223799	2.059223	0.633871	-0.2389501	2.567525	0.1159711	-0.1887175	1.939483	0.5918891	-0.2079583	2.52375	0.1488928	-0.1546083	1.957722	0.2622051	0.5706099	2.2392	0.25084	0.4259264	2.307728	0.2559336	0.3489766	2.322531	0.2703198	0.1123831	2.357131	0.2885984	-0.2112387	2.392471	0.4301387	0.3398596	2.330751	0.07519566	0.3318118	2.310171	0.3669276	-0.1968897	2.355442	0.2009536	-0.2187948	2.35252	0.531951	0.07671893	2.455006	0.0178836	0.07766228	2.259717	0.3863199	-0.6436108	2.343375	0.2039924	-0.6133461	2.548971	0.4211763	-1.006137	2.311373	0.2488706	-0.9766202	2.740599	

0.6239047	-0.172861	2.415935	0.07532518	-0.1118405	2.01569	0.6263028	-0.2833425	2.458836	0.1215157	-0.2078827	1.901889	0.5863945	-0.2483061	2.406143	0.1416493	-0.1607487	1.915613	0.2886955	0.5759736	2.179164	0.2731217	0.4300161	2.239197	0.277513	0.3525799	2.251888	0.2896407	0.1142839	2.280186	0.3047161	-0.2120422	2.307041	0.4554447	0.3340762	2.262209	0.09484289	0.327787	2.245679	0.3836077	-0.1987768	2.268449	0.2156423	-0.218247	2.268776	0.5436539	0.06274837	2.363109	0.03991533	0.07176763	2.20555	0.4049495	-0.6218867	2.300033	0.2125019	-0.6128425	2.441405	0.4205312	-1.005473	2.307657	0.2495172	-0.9707781	2.699899	

0.5904604	-0.2201721	2.225513	0.07599469	-0.1685373	2.007091	0.577538	-0.3558012	2.236522	0.09514277	-0.2836903	1.933975	0.5160633	-0.2376568	2.16775	0.138888	-0.2525565	1.936334	0.3122455	0.5738915	2.103494	0.3020301	0.4231437	2.158937	0.3054997	0.345615	2.172842	0.314624	0.106865	2.204796	0.3253816	-0.22027	2.236433	0.4769696	0.3176457	2.162396	0.122662	0.3277669	2.183108	0.4019634	-0.2123004	2.193835	0.2376212	-0.2206889	2.202358	0.549133	0.03407256	2.22235	0.0706331	0.04485233	2.164839	0.4155547	-0.6186438	2.264749	0.19769	-0.6189147	2.248164	0.421363	-1.001171	2.304486	0.2332221	-0.9441147	2.544583	

0.543067	-0.2310506	2.05284	0.06554778	-0.2104201	2.073806	0.5258949	-0.3810397	2.04355	0.06612451	-0.356546	2.030532	0.5037941	-0.262358	2.092818	0.08995693	-0.2869013	2.0194	0.3242123	0.5654325	2.046106	0.3168209	0.4186862	2.112649	0.3185091	0.3409654	2.128468	0.3225857	0.1015936	2.165738	0.3273974	-0.2263616	2.203362	0.4838637	0.3113776	2.093901	0.1339361	0.3260915	2.153649	0.401282	-0.2244495	2.150807	0.2414404	-0.2218328	2.177464	0.5432055	0.02595198	2.095292	0.07529885	0.03976066	2.16098	0.4183058	-0.6219895	2.247095	0.1871926	-0.6295394	2.132189	0.4208953	-0.9977008	2.29838	0.2335539	-0.974594	2.404749	

0.4732755	-0.1417549	1.700728	0.05544311	-0.2126221	2.229217	0.4233504	-0.2737758	1.617679	0.05266306	-0.3523405	2.300175	0.4929471	-0.1898978	1.6804	0.08805945	-0.2499157	2.2393	0.3294767	0.5435069	1.927568	0.3278626	0.4011406	2.002429	0.3276651	0.3237774	2.019373	0.3253101	0.08520272	2.060458	0.320086	-0.2420143	2.104054	0.486862	0.295532	1.974566	0.1421963	0.3109995	2.050237	0.3936356	-0.2433701	2.05147	0.2349065	-0.2318615	2.080153	0.5144405	0.04402161	1.887643	0.08103115	0.03142199	2.160957	0.4138394	-0.6304935	2.182516	0.1943927	-0.6439728	1.980454	0.4154662	-1.000893	2.283855	0.2103623	-1.04846	2.047278	

0.4681159	-0.1284497	1.671089	0.05718138	-0.2116315	2.235697	0.4099416	-0.255071	1.566513	0.05690299	-0.3373843	2.3234	0.4435782	-0.2529685	1.570437	0.09539502	-0.2210963	2.2425	0.3280097	0.5424362	1.920446	0.3261437	0.3998204	1.995243	0.3260423	0.3223895	2.012365	0.3239675	0.08360173	2.053958	0.3190919	-0.2438958	2.09816	0.4853459	0.2928576	1.964884	0.1415349	0.3097842	2.041715	0.3927502	-0.2454776	2.046193	0.2337959	-0.2334015	2.073586	0.5100348	0.0428753	1.871681	0.08245791	0.02981206	2.160118	0.4138926	-0.6316708	2.180979	0.194167	-0.646875	1.973719	0.4134655	-1.006172	2.286002	0.1933374	-1.03908	1.973854	

0.4352127	-0.1127392	1.538153	0.05363658	-0.1998547	2.239319	0.387159	-0.2225678	1.449588	0.06370476	-0.3018989	2.332095	0.4164632	-0.1733398	1.4304	0.08547532	-0.2589395	2.26275	0.3032274	0.5255247	1.83771	0.3008837	0.3820945	1.909716	0.3022168	0.3046412	1.925566	0.3045989	0.06554531	1.96329	0.3058588	-0.2627294	2.002084	0.459713	0.2710999	1.873054	0.1187707	0.2953556	1.952615	0.3790556	-0.2630874	1.95136	0.2209984	-0.2523533	1.976467	0.479659	0.02663286	1.762384	0.07907674	0.02010451	2.119991	0.4025857	-0.6518291	2.11782	0.1949986	-0.6620352	1.920177	0.4095951	-1.010627	2.275572	0.1928852	-1.113778	1.864545	

0.4254445	-0.1250295	1.487277	0.0202634	-0.2021276	2.179245	0.3748167	-0.2284771	1.401515	0.03899915	-0.3171181	2.252506	0.3581829	-0.1597583	1.3974	0.06360919	-0.2126638	2.158455	0.277487	0.5190009	1.79187	0.2721512	0.3743973	1.856081	0.2743825	0.2966998	1.869799	0.2796412	0.05664611	1.90107	0.2849496	-0.2733147	1.93101	0.4339531	0.2610263	1.821395	0.09290911	0.2820612	1.891144	0.3604601	-0.2734077	1.882265	0.1981688	-0.2624196	1.903442	0.4603204	0.01671403	1.711695	0.05276594	0.007415838	2.045714	0.3873956	-0.6438265	2.046449	0.1791859	-0.6719483	1.872749	0.4048719	-1.009147	2.251427	0.1943252	-1.124484	1.871734	

0.4137471	-0.1356649	1.468988	-0.007976355	-0.2337741	2.115523	0.3708779	-0.2408082	1.381324	0.007744157	-0.3434253	2.17411	0.3478098	-0.1768939	1.375167	0.03718849	-0.2356627	2.099143	0.2642688	0.519782	1.770548	0.2529708	0.3733228	1.824178	0.2552724	0.2953977	1.836439	0.2608826	0.05444121	1.863029	0.2669098	-0.2771834	1.885853	0.4185541	0.2579322	1.795734	0.0726082	0.2769298	1.85448	0.3440306	-0.2759537	1.841404	0.1794994	-0.2671393	1.855268	0.4501333	0.01331259	1.688337	0.02457452	-0.01213173	2.000801	0.3810682	-0.6330452	1.98755	0.1636281	-0.6753576	1.843873	0.4014201	-1.003052	2.230793	0.1859923	-1.126605	1.858962	

0.4104425	-0.1510464	1.456586	-0.03111799	-0.2559135	2.028233	0.3658543	-0.2663203	1.378359	-0.02928764	-0.3762915	2.075689	0.3382932	-0.2067501	1.371385	0.009994491	-0.2496536	2.011238	0.2390745	0.5218014	1.736493	0.23047	0.3731602	1.789403	0.2328232	0.2953084	1.800365	0.2388055	0.05444844	1.823313	0.2456524	-0.27722	1.841954	0.3981511	0.2568254	1.762515	0.04804995	0.2749498	1.814466	0.3215437	-0.2743756	1.795413	0.1593563	-0.2685315	1.811728	0.4388637	0.008527459	1.669357	-0.004859559	-0.02021639	1.939279	0.3710486	-0.6397719	1.922058	0.1537344	-0.6748793	1.817721	0.4006845	-0.9838907	2.197617	0.1853768	-1.122777	1.859048	

0.4058413	-0.1624868	1.456635	-0.04531591	-0.2707574	1.983236	0.3605866	-0.2788529	1.379187	-0.04387305	-0.394225	2.028189	0.3345277	-0.224024	1.378133	-0.002180644	-0.2645099	1.96975	0.233639	0.5218685	1.727381	0.2237826	0.3727393	1.781015	0.2262897	0.2948659	1.791762	0.2326866	0.05388933	1.814011	0.2399162	-0.2780395	1.831428	0.3927247	0.2551899	1.753857	0.04149739	0.2742336	1.804875	0.316645	-0.274577	1.787272	0.1531165	-0.2699866	1.798883	0.4350325	0.006954091	1.661308	-0.0154968	-0.02668869	1.917006	0.3698588	-0.6494739	1.891395	0.1499938	-0.675508	1.810335	0.4017985	-0.9892591	2.17158	0.1840974	-1.122388	1.857454	

0.4007287	-0.1949141	1.469395	-0.07417529	-0.2973706	1.880947	0.3609556	-0.3168158	1.403158	-0.0678447	-0.4285146	1.922155	0.3690662	-0.2570251	1.386897	0.005302164	-0.3433839	1.763	0.2086925	0.5154166	1.69066	0.1949881	0.3657264	1.74137	0.1977935	0.2875685	1.750598	0.2060212	0.04573721	1.7694	0.2158195	-0.2876573	1.782129	0.3725142	0.2508155	1.725707	0.01108938	0.2658299	1.757403	0.2930457	-0.2815862	1.741774	0.1293049	-0.2814	1.746107	0.4229256	-0.0008127454	1.650918	-0.04200006	-0.04548968	1.84551	0.3636461	-0.6720364	1.788688	0.1422279	-0.6785055	1.795785	0.4083043	-0.9951427	2.084939	0.1809872	-1.123087	1.854454	

0.4126951	-0.2684728	1.515762	-0.08523265	-0.3092161	1.684831	0.3784581	-0.3910968	1.47624	-0.08314522	-0.4706806	1.688555	0.4048198	-0.3159142	1.4574	-0.02051626	-0.3681269	1.641667	0.1761342	0.5037282	1.62537	0.1606605	0.3522367	1.679586	0.1643275	0.2738138	1.690338	0.1745509	0.03077299	1.712529	0.1872454	-0.3044111	1.729427	0.3418444	0.2406039	1.672361	-0.01974851	0.2468959	1.684196	0.2657497	-0.2942371	1.694234	0.1004177	-0.3011547	1.688303	0.4038265	-0.03636811	1.642278	-0.07039978	-0.04886793	1.717555	0.3432852	-0.6945333	1.62519	0.1207099	-0.6898748	1.763575	0.3983798	-1.018447	1.918239	0.182303	-1.125029	1.853562	

0.4872948	-0.276995	1.662263	-0.02757355	-0.2337012	1.33757	0.500265	-0.4033041	1.68003	0.03359254	-0.3650116	1.241636	0.3834999	-0.3131402	1.563571	0.06116929	-0.3435306	1.263727	0.15086	0.4915988	1.497904	0.1366249	0.3388298	1.552568	0.144649	0.2614062	1.566233	0.1683311	0.02093887	1.597038	0.1994643	-0.3110505	1.6249	0.322425	0.2330875	1.55999	-0.0398634	0.2282251	1.555274	0.2809859	-0.291752	1.589242	0.1085413	-0.3158024	1.584516	0.4046414	-0.03501054	1.641744	-0.08349488	-0.03006952	1.500193	0.297392	-0.6997911	1.511617	0.1221817	-0.6892762	1.698733	0.3316345	-0.9839519	1.665242	0.1833974	-1.109771	1.835846	

0.4941353	-0.26791	1.665605	-0.0005815546	-0.2114678	1.257163	0.5169737	-0.3847893	1.695957	0.07663829	-0.3214776	1.149704	0.4712918	-0.3225643	1.6725	0.08622499	-0.2637405	1.170429	0.1566785	0.4844853	1.450032	0.1422708	0.3311919	1.50763	0.152124	0.2537202	1.519314	0.1812404	0.01326458	1.546189	0.2195018	-0.3187959	1.569781	0.3296386	0.2314504	1.518924	-0.03110026	0.2242539	1.513883	0.3044133	-0.2905564	1.530274	0.1239474	-0.3316582	1.533517	0.4173741	-0.02757235	1.625237	-0.07165249	-0.03157646	1.441636	0.2910572	-0.6993946	1.508315	0.1227729	-0.6871364	1.683093	0.3228595	-0.9798906	1.668459	0.1839534	-1.10519	1.826617	

0.5118653	-0.3051846	1.500747	0.02660086	-0.2523264	1.178853	0.5104308	-0.4484816	1.543763	0.08396021	-0.3826597	1.090756	0.4300074	-0.3956133	1.4055	0.08882098	-0.3068388	1.101825	0.2128417	0.4820063	1.337368	0.1922572	0.3250244	1.38895	0.1999006	0.2476739	1.400427	0.2219178	0.006482258	1.424582	0.250014	-0.3277529	1.44259	0.3790345	0.2151758	1.392164	0.01672141	0.2203666	1.403836	0.3320652	-0.307505	1.403068	0.1548699	-0.3309594	1.407057	0.4553099	-0.05741436	1.468806	-0.02952072	-0.04550588	1.340618	0.3171576	-0.7103304	1.424521	0.1457102	-0.7042008	1.52057	0.3316364	-0.9722314	1.613452	0.1904423	-1.093238	1.727826	

0.5104213	-0.3114802	1.472467	0.02655999	-0.2528051	1.178653	0.5082602	-0.4494301	1.492193	0.07926043	-0.393938	1.093011	0.462064	-0.3830341	1.451579	0.08241648	-0.3184168	1.098508	0.2146154	0.4814436	1.333981	0.1942126	0.3243827	1.386123	0.2017683	0.2470112	1.397739	0.2235154	0.00575468	1.422281	0.2512611	-0.3285434	1.440736	0.3811227	0.2143009	1.387417	0.01712577	0.2203253	1.403259	0.3330863	-0.3089126	1.400771	0.1562956	-0.3312038	1.405524	0.4573859	-0.06020995	1.458183	-0.02843323	-0.04562048	1.339384	0.318273	-0.7114873	1.42332	0.146414	-0.7101827	1.505387	0.3318733	-0.9726766	1.613237	0.1399552	-1.130823	1.652267	

0.48538	-0.3496346	1.301802	0.01332568	-0.3082896	1.192286	0.4837197	-0.5148897	1.343083	0.02991562	-0.4533498	1.136985	0.4150057	-0.4417613	1.306208	0.03989652	-0.3644011	1.126129	0.2421334	0.4714386	1.277481	0.2274768	0.3145547	1.33494	0.2317394	0.2360133	1.348009	0.2429436	-0.009078023	1.376893	0.2550249	-0.3458715	1.406334	0.4057501	0.1988023	1.315506	0.05172374	0.2127517	1.361814	0.3328674	-0.336027	1.354342	0.1621872	-0.3392379	1.382632	0.4735915	-0.09162039	1.334485	-0.007966286	-0.06572928	1.327398	0.3453091	-0.7275587	1.415799	0.1252079	-0.8181038	1.368806	0.3678608	-1.16173	1.519319	0.0984048	-1.207238	1.381572	

0.4771541	-0.3523821	1.262784	0.0100452	-0.3137962	1.198416	0.4610815	-0.5468843	1.230291	0.01678333	-0.4709994	1.162176	0.4274549	-0.4304436	1.299462	0.03126136	-0.3915502	1.141351	0.2433924	0.4711387	1.275093	0.2276629	0.3145222	1.334517	0.2319247	0.2359581	1.347549	0.2431219	-0.009218946	1.376301	0.2554713	-0.3471332	1.403402	0.4068243	0.1979581	1.31204	0.05198376	0.2126969	1.36151	0.3329276	-0.3363944	1.353185	0.1636074	-0.3409928	1.377874	0.4746537	-0.09644301	1.316643	-0.005730654	-0.07269428	1.324935	0.3518056	-0.7290568	1.408894	0.12057	-0.8198625	1.357922	0.3813302	-1.164437	1.506077	0.08894029	-1.208975	1.365652	

0.4439344	-0.3310661	1.128157	-0.0109112	-0.3558777	1.274192	0.4118645	-0.4751976	1.111876	-0.008263329	-0.4916852	1.257718	0.3960812	-0.383375	1.144	0.02874253	-0.4216353	1.253353	0.2558212	0.4686521	1.243525	0.2413887	0.3133785	1.302115	0.2439195	0.2348609	1.318222	0.250386	-0.01029488	1.355261	0.2584115	-0.3492548	1.387465	0.4183891	0.191181	1.26882	0.06337775	0.2144732	1.342116	0.3342142	-0.3387225	1.33677	0.168211	-0.3417239	1.36353	0.4722647	-0.08997912	1.233569	-0.003025138	-0.0866868	1.330251	0.3604309	-0.7323492	1.385812	0.1083929	-0.8187755	1.270881	0.3980357	-1.168805	1.475645	0.06326728	-1.205868	1.218821	

0.412099	-0.3011725	1.028917	-0.02394188	-0.3462223	1.34529	0.3605433	-0.4317428	0.9822548	-0.03088435	-0.4887508	1.354971	0.3454359	-0.3499415	0.9776088	0.03490771	-0.4286384	1.304353	0.2614629	0.4651703	1.214483	0.2489197	0.312111	1.275489	0.2514603	0.23373	1.290005	0.2569281	-0.01114935	1.323601	0.2611666	-0.3504094	1.35484	0.4233726	0.1898983	1.241383	0.07213739	0.2154512	1.320003	0.3356507	-0.3422867	1.300873	0.1721397	-0.3397157	1.334143	0.4778761	-0.08763579	1.174684	0.01037055	-0.08922075	1.350249	0.3572321	-0.7289916	1.374443	0.08721969	-0.8149346	1.268779	0.390237	-1.158213	1.491434	0.02225368	-1.200586	1.239151	

0.393092	-0.2867093	0.9744889	-0.01480563	-0.339724	1.411016	0.3261437	-0.4031701	0.899612	-0.01138161	-0.4677046	1.443025	0.3113703	-0.3392473	0.8930001	0.03172062	-0.3524182	1.402826	0.2633823	0.4598344	1.181535	0.2518862	0.305734	1.236976	0.2540228	0.2275605	1.253445	0.2583468	-0.01701274	1.291972	0.2611672	-0.3562576	1.327081	0.4233226	0.1810941	1.200608	0.07699268	0.2132789	1.290095	0.3357036	-0.349535	1.273177	0.1719938	-0.3431873	1.307015	0.4793437	-0.08591805	1.128622	0.01342083	-0.09032784	1.360854	0.3491508	-0.7290645	1.367839	0.1001622	-0.8202695	1.248734	0.3736578	-1.150888	1.508124	0.04578577	-1.207459	1.225079	

0.3841147	-0.2879633	0.9461231	-0.008088185	-0.3313395	1.432537	0.3102472	-0.4086846	0.8591441	0.002881086	-0.4448459	1.505635	0.3345025	-0.348379	0.8436957	0.03158858	-0.3386765	1.438067	0.2589791	0.4521919	1.144626	0.2468473	0.2977342	1.201768	0.2491651	0.2193818	1.21657	0.2540299	-0.0258489	1.250681	0.257455	-0.3658352	1.281271	0.4183414	0.172902	1.171492	0.07263589	0.2055826	1.252705	0.3327884	-0.3582816	1.227606	0.1672819	-0.3523571	1.261102	0.4724066	-0.09060827	1.103825	0.01459922	-0.08800838	1.361127	0.3387226	-0.7969486	1.36911	0.1118197	-0.8278171	1.259256	0.3506363	-1.155288	1.508664	0.07077005	-1.214273	1.282173	

0.3622055	-0.3330071	0.8748171	-0.05275012	-0.3228461	1.355556	0.3033936	-0.4500962	0.8055556	-0.0569552	-0.4542615	1.43995	0.3038121	-0.3770602	0.7893549	-0.01477811	-0.3844852	1.359267	0.2190861	0.4399413	1.052974	0.1987778	0.2852591	1.107993	0.2031374	0.2072881	1.122241	0.2144683	-0.03776696	1.154212	0.2267591	-0.3784723	1.179954	0.3789296	0.1542931	1.085443	0.02337214	0.1913404	1.149839	0.3038515	-0.3673104	1.131734	0.1355445	-0.3661477	1.15496	0.4283763	-0.1206151	1.023049	-0.02663017	-0.0883373	1.2634	0.3287696	-0.8036621	1.27299	0.1121062	-0.8369398	1.189271	0.3558969	-1.160488	1.412672	0.09645835	-1.220222	1.242399	

0.3480994	-0.3452549	0.8221009	-0.1423134	-0.3401404	1.259213	0.2872238	-0.4417952	0.7544897	-0.1738317	-0.4779843	1.350138	0.2796879	-0.368642	0.7287894	-0.1076294	-0.4013136	1.255125	0.1854967	0.4301552	0.9964373	0.1628934	0.2796898	1.051945	0.1668623	0.2016839	1.067316	0.177238	-0.0440565	1.102444	0.188506	-0.3858721	1.131528	0.343898	0.1516137	1.037357	-0.01799654	0.1823478	1.076573	0.2690893	-0.3753892	1.089124	0.09562806	-0.3714126	1.100806	0.3916943	-0.1311556	0.976324	-0.08869783	-0.1032602	1.184151	0.321899	-0.8129576	1.217935	0.08471089	-0.8416482	1.13553	0.3707201	-1.171005	1.347864	0.07830279	-1.224632	1.18938	

0.3419963	-0.3466724	0.8115966	-0.2118532	-0.3429493	1.221085	0.2836152	-0.440028	0.7412387	-0.2337521	-0.4667505	1.29235	0.3153295	-0.3308254	0.7517031	-0.1641906	-0.3686836	1.222419	0.1701404	0.4243284	0.9747311	0.1435067	0.2750295	1.027911	0.1478258	0.1969735	1.042685	0.1594367	-0.04925419	1.075755	0.1725709	-0.3920173	1.101185	0.3282062	0.1486936	1.022009	-0.04233553	0.1705038	1.033607	0.2559462	-0.3784505	1.065047	0.07738741	-0.3801015	1.063605	0.3829891	-0.1347646	0.969617	-0.1284008	-0.1146459	1.147847	0.2984255	-0.8230449	1.178614	0.07158959	-0.8429069	1.127673	0.3387802	-1.186675	1.296223	0.06894667	-1.220568	1.205653	

0.3388065	-0.348237	0.8075166	-0.2180479	-0.3436151	1.215781	0.2877546	-0.4324502	0.7327811	-0.2531923	-0.4662188	1.28271	0.3059647	-0.3828552	0.8813637	-0.2072435	-0.4334493	1.223	0.164527	0.4224084	0.967755	0.1382287	0.273588	1.020848	0.142679	0.1955397	1.035709	0.1547734	-0.0507258	1.069082	0.1686594	-0.3935056	1.09499	0.32179	0.1475955	1.01559	-0.04505277	0.1693372	1.030092	0.2510553	-0.3796179	1.058007	0.07473097	-0.3814097	1.058733	0.3770701	-0.1366449	0.96658	-0.1334847	-0.1155936	1.143122	0.2979187	-0.8247106	1.168385	0.05782493	-0.84577	1.11552	0.3416791	-1.188766	1.283458	0.04628439	-1.224626	1.187577	

0.3320046	-0.3783367	0.8046919	-0.2834207	-0.3548896	1.114396	0.2776797	-0.4496289	0.759407	-0.3163568	-0.5043198	1.179359	0.287019	-0.4388988	0.844091	-0.2144517	-0.3298827	1.1286	0.1175942	0.403793	0.9208198	0.09054998	0.2586956	0.9722893	0.09466255	0.1809628	0.986124	0.1062617	-0.06492727	1.01611	0.1202209	-0.4074549	1.036405	0.2773495	0.1390624	0.9770559	-0.08919482	0.1497592	0.9695483	0.1994244	-0.3890708	1.005714	0.03243664	-0.3973846	0.9946837	0.3383719	-0.154235	0.9488792	-0.1940241	-0.1219291	1.062453	0.3976176	-0.8095998	1.045473	-0.005785252	-0.8538864	1.070556	0.5603578	-1.153997	1.103819	-0.03522766	-1.227334	1.158424	

0.3296483	-0.4038575	0.8697822	-0.2792138	-0.4175147	0.9856631	0.3170775	-0.4982443	0.8408347	-0.2904229	-0.5524616	1.020574	0.2868367	-0.424854	0.8921819	-0.2204423	-0.4063459	1.0095	0.09306903	0.3935905	0.8994747	0.0607641	0.2475915	0.947975	0.06566877	0.1706252	0.9618207	0.0798677	-0.07325786	0.9915791	0.09740476	-0.4132777	1.010898	0.2593053	0.1334564	0.9661549	-0.1192256	0.1325379	0.9293885	0.1837997	-0.3943688	0.9887958	0.002560105	-0.4023488	0.9589541	0.3285351	-0.1546769	0.956144	-0.2260499	-0.1654487	0.9812821	0.4962691	-0.7447278	0.8509393	-0.0142284	-0.855828	1.04593	0.7479573	-1.031249	0.7644102	-0.0274707	-1.227318	1.142985	

