0.4280845	-0.05333666	2.90196	0.1008443	-0.04971849	3.348529	0.4183173	-0.1613183	2.93959	0.1265153	-0.1576424	3.386598	0.4526779	-0.0689835	2.879272	0.1278694	-0.07242558	3.301105	0.2454784	0.7391649	3.09784	0.283155	0.6291226	3.0828	0.279908	0.5494756	3.097246	0.2690894	0.3053595	3.130763	0.2534473	-0.02741587	3.165349	0.3877909	0.5015396	2.990819	0.1581417	0.5097335	3.180737	0.3026252	-0.02906526	3.084335	0.1979277	-0.02507774	3.166641	0.4593689	0.2112553	2.942731	0.1098131	0.2112266	3.304522	0.4437178	-0.5340496	3.128855	0.2937584	-0.5151307	3.377353	0.4982561	-0.9263562	3.165915	0.3576427	-0.9058306	3.457459	

0.4278582	-0.05238592	2.900788	0.1040441	-0.06029901	3.36189	0.4105271	-0.1601254	2.939871	0.1296412	-0.1679819	3.395271	0.4376456	-0.1266367	2.880368	0.1328477	-0.1450572	3.3824	0.2455542	0.7391754	3.098507	0.2833989	0.6289334	3.082959	0.2803205	0.548965	3.097438	0.2703384	0.3029552	3.13109	0.2565749	-0.03454737	3.166035	0.3880609	0.4998714	2.991482	0.1591256	0.4992067	3.163611	0.307099	-0.03558424	3.085965	0.199751	-0.03306193	3.165958	0.4607537	0.2112901	2.942603	0.1098605	0.2124698	3.30537	0.443752	-0.538206	3.129664	0.2952898	-0.52086	3.380409	0.4986993	-0.927696	3.165013	0.3540991	-0.9092854	3.454284	

0.4280797	-0.05177298	2.899158	0.103791	-0.06027947	3.361851	0.4162449	-0.1684871	2.927672	0.1153627	-0.1773496	3.390832	0.44252	-0.1124882	2.878889	0.1303342	-0.1060004	3.322091	0.2456969	0.739042	3.098791	0.2833482	0.628363	3.083545	0.2802339	0.548422	3.098099	0.2700951	0.3026202	3.131947	0.255872	-0.0342446	3.167329	0.3885596	0.4969139	2.991474	0.1589921	0.4986006	3.164506	0.3064356	-0.03538697	3.08657	0.1989927	-0.03251084	3.168236	0.461767	0.2109071	2.942409	0.1100377	0.2124249	3.304553	0.4436435	-0.5394371	3.129944	0.297455	-0.5273863	3.383111	0.4992042	-0.9289997	3.163746	0.3534975	-0.9099981	3.45398	

0.4265471	-0.05603814	2.896672	0.09284137	-0.04894534	3.372992	0.4020578	-0.1854355	2.934839	0.09861805	-0.1684687	3.386068	0.4398111	-0.1519542	2.888857	0.1169866	-0.09156653	3.326074	0.245818	0.7390438	3.098829	0.2836751	0.6269118	3.084187	0.2805158	0.5472443	3.09853	0.2702153	0.3022134	3.131947	0.2558894	-0.03413709	3.166985	0.388423	0.4925133	2.991406	0.1584774	0.4894096	3.161556	0.3064562	-0.03489061	3.085835	0.1990002	-0.03257008	3.168054	0.4632545	0.2064423	2.941378	0.1067406	0.20921	3.322525	0.4435134	-0.5400285	3.129625	0.2987975	-0.5315138	3.3857	0.4994574	-0.9290808	3.163431	0.3538614	-0.9117207	3.453938	

0.424749	-0.07696699	2.893415	0.09414329	-0.04269248	3.368344	0.4189313	-0.2076804	2.92496	0.08483203	-0.1781442	3.393091	0.4363036	-0.1510009	2.864154	0.1293801	-0.08591232	3.34025	0.2462209	0.7387335	3.098992	0.2841433	0.6233987	3.084975	0.2809124	0.5435497	3.099318	0.2702924	0.2984159	3.13261	0.2554353	-0.03694972	3.167243	0.3895721	0.4868348	2.992008	0.1607089	0.4914853	3.164364	0.305186	-0.03976887	3.086155	0.1990186	-0.03385223	3.168223	0.4540846	0.1741095	2.941126	0.1036655	0.2077689	3.336109	0.4521639	-0.5665923	3.13209	0.3120587	-0.5608872	3.393599	0.4993797	-0.9294062	3.162829	0.3541226	-0.9130407	3.454226	

0.424861	-0.07416768	2.893935	0.09342063	-0.03433482	3.367167	0.424421	-0.215724	2.929399	0.09685754	-0.1983955	3.421484	0.4419856	-0.1625923	2.864637	0.133344	-0.0885739	3.353375	0.2470324	0.7383621	3.099328	0.2848303	0.6216497	3.086799	0.2815346	0.5417606	3.10088	0.2707081	0.2966106	3.133443	0.2555333	-0.03855694	3.167218	0.3901886	0.4846076	2.993151	0.1658119	0.4979923	3.17366	0.3046441	-0.04267785	3.086321	0.1994713	-0.03451672	3.168091	0.453144	0.169521	2.941705	0.1055981	0.2166719	3.329917	0.4495725	-0.5605862	3.131015	0.3033615	-0.5405055	3.390476	0.4991528	-0.9298977	3.162262	0.3541293	-0.9133346	3.454341	

0.4252397	-0.07071674	2.89642	0.09321535	-0.03415061	3.367211	0.4246757	-0.2239028	2.931395	0.09471913	-0.2077456	3.413408	0.4490002	-0.1422783	2.868334	0.1319826	-0.1077936	3.368667	0.2478171	0.7380524	3.099608	0.2852188	0.6204975	3.087503	0.2818498	0.5405719	3.101487	0.2707888	0.2953634	3.133741	0.2552392	-0.03976715	3.167048	0.3910682	0.4835871	2.993826	0.1657539	0.4965875	3.174679	0.3042918	-0.04345656	3.085999	0.1993759	-0.03592349	3.168104	0.4517753	0.1682268	2.942788	0.1066238	0.2200757	3.325922	0.4488598	-0.5581359	3.130123	0.3033915	-0.5401728	3.390183	0.4989121	-0.9305427	3.161742	0.3539402	-0.9144667	3.453598	

0.425828	-0.06848405	2.897808	0.09287713	-0.0370409	3.366393	0.4237285	-0.2256682	2.938622	0.1110877	-0.215732	3.418768	0.4482292	-0.1377434	2.879185	0.1321809	-0.1031333	3.358509	0.2484369	0.7372976	3.100186	0.2854608	0.6194483	3.088425	0.2820411	0.5395268	3.102314	0.2708193	0.2943956	3.134266	0.2550539	-0.04048704	3.167179	0.3918667	0.4825072	2.994377	0.1731298	0.5107315	3.186675	0.3029916	-0.04612701	3.085977	0.199563	-0.03591308	3.168243	0.4507078	0.1669151	2.944033	0.1091875	0.2315757	3.322165	0.4481243	-0.5559185	3.129478	0.3161711	-0.5721623	3.400913	0.4990634	-0.9308068	3.161419	0.3543229	-0.9152026	3.453616	

0.4261652	-0.07504877	2.901055	0.09344158	-0.04098758	3.36222	0.4166316	-0.225412	2.942077	0.1026741	-0.2128738	3.397573	0.4463586	-0.135831	2.887597	0.1307024	-0.1037846	3.336167	0.2491792	0.7367654	3.10046	0.2857794	0.6178984	3.089267	0.2821995	0.5384264	3.102966	0.2707143	0.2941848	3.134477	0.2544767	-0.03999277	3.167247	0.3923071	0.4817872	2.994454	0.1689387	0.5027301	3.185133	0.3022453	-0.04504465	3.086087	0.1992142	-0.03558481	3.1683	0.4503812	0.166137	2.944739	0.105947	0.219647	3.328685	0.4475856	-0.5527959	3.128881	0.3009652	-0.527061	3.38152	0.4995932	-0.9318091	3.161829	0.354266	-0.9155273	3.452383	

0.4259704	-0.07626412	2.905107	0.09497669	-0.04480892	3.35488	0.407115	-0.2209674	2.947705	0.09566673	-0.2115802	3.373667	0.4455937	-0.131386	2.893153	0.1234739	-0.1314391	3.292643	0.250071	0.7364248	3.100826	0.2863926	0.6172254	3.09014	0.2825887	0.5379056	3.103613	0.2706772	0.2940615	3.134604	0.2538558	-0.03975577	3.16704	0.3930534	0.4808452	2.995192	0.1731875	0.5078832	3.186835	0.300635	-0.04377342	3.085511	0.1991545	-0.03560168	3.168256	0.4499866	0.1624265	2.94646	0.1075134	0.2266418	3.325052	0.4473266	-0.5500612	3.128913	0.3021005	-0.5310075	3.383885	0.4994116	-0.9318395	3.161709	0.3542602	-0.9157966	3.45232	

0.4262147	-0.07734183	2.918026	0.09644596	-0.04652433	3.338875	0.4002416	-0.2006157	2.948527	0.09917823	-0.2082645	3.353326	0.4472568	-0.1219103	2.911884	0.1349145	-0.1532098	3.260667	0.2514213	0.7358854	3.101379	0.2875656	0.6167402	3.091371	0.2834048	0.5375412	3.104391	0.2707448	0.2940218	3.13457	0.2533253	-0.03935155	3.16584	0.3940354	0.4797379	2.99548	0.1749468	0.5102974	3.190388	0.299441	-0.04224024	3.083335	0.1991588	-0.03566138	3.167718	0.4516404	0.1596475	2.950845	0.1084242	0.229336	3.322029	0.4467422	-0.5486543	3.128577	0.3022791	-0.5315427	3.384594	0.4993615	-0.931876	3.161627	0.3534244	-0.9153375	3.451623	

0.4275397	-0.07322729	2.921742	0.09567354	-0.04314011	3.332905	0.4085146	-0.2007068	2.95215	0.1033127	-0.2103578	3.354094	0.4506257	-0.1087778	2.913421	0.1557468	-0.1266641	3.2219	0.25261	0.7352747	3.101971	0.2880004	0.616226	3.092113	0.2836896	0.5371662	3.104868	0.2707312	0.2939939	3.134515	0.2524832	-0.03879963	3.164699	0.3946133	0.4792651	2.995634	0.1742375	0.5104834	3.190162	0.2985947	-0.04093979	3.081614	0.1986806	-0.03560463	3.167181	0.4509079	0.1618966	2.952462	0.108759	0.2315234	3.319525	0.4462231	-0.5466635	3.127842	0.3023753	-0.5321295	3.384646	0.5000381	-0.9319253	3.161906	0.3523757	-0.9156601	3.45062	

0.4280314	-0.0697427	2.92307	0.09731297	-0.04697026	3.327824	0.403186	-0.2035646	2.95792	0.1043151	-0.2123767	3.353528	0.4440812	-0.1261297	2.914217	0.1581685	-0.1379509	3.2172	0.2530275	0.7349411	3.101927	0.2887485	0.6158952	3.091921	0.2842724	0.536912	3.104634	0.2708916	0.2939725	3.134064	0.2518929	-0.03806162	3.16298	0.3949326	0.4787232	2.99553	0.1742332	0.5124367	3.194549	0.2972777	-0.03923167	3.078471	0.1986946	-0.03547873	3.166594	0.4499293	0.1636405	2.953522	0.1093786	0.2329056	3.317633	0.4456672	-0.5453528	3.127347	0.3023298	-0.5323033	3.384534	0.5005633	-0.9319602	3.161906	0.3522147	-0.9155507	3.450387	

0.426793	-0.07806021	2.922428	0.09725183	-0.04715799	3.326816	0.401929	-0.2132656	2.950247	0.1211761	-0.2218556	3.367502	0.4390756	-0.1462356	2.91175	0.1587096	-0.1536274	3.225091	0.2535375	0.7346505	3.101685	0.2889973	0.6156104	3.091801	0.2844686	0.536595	3.104462	0.2707986	0.2935565	3.133546	0.250923	-0.03864004	3.161482	0.3952873	0.4778874	2.995158	0.1660591	0.4906474	3.186452	0.297072	-0.03945669	3.077492	0.1970778	-0.036579	3.164839	0.4504392	0.1583619	2.953283	0.1049638	0.207232	3.313025	0.4454001	-0.5447025	3.12705	0.3022389	-0.5327124	3.384779	0.5010988	-0.9317767	3.162126	0.3521855	-0.9156147	3.450219	

0.4254273	-0.08443891	2.922	0.09766328	-0.04669891	3.326294	0.3990652	-0.2149023	2.95727	0.1319121	-0.2212972	3.371619	0.442083	-0.1339817	2.910088	0.1574371	-0.1531809	3.226666	0.254424	0.7322552	3.101089	0.2895671	0.6149613	3.091904	0.2847996	0.536062	3.104526	0.270621	0.2932938	3.133461	0.2493457	-0.03872438	3.161147	0.3957402	0.4769728	2.995104	0.1725093	0.5008039	3.193225	0.2953632	-0.03958528	3.077586	0.1960216	-0.03665667	3.164311	0.4501707	0.1547557	2.952694	0.1067774	0.2048288	3.301037	0.4515556	-0.5648611	3.13075	0.3023629	-0.5342182	3.385564	0.5007668	-0.9325505	3.161548	0.3523389	-0.915679	3.450292	

0.4225164	-0.08159254	2.919234	0.1000056	-0.03649729	3.323746	0.4004532	-0.2183266	2.944482	0.1071528	-0.1950292	3.363122	0.426094	-0.1667217	2.897895	0.1365383	-0.1163933	3.292084	0.2541432	0.731136	3.100423	0.289936	0.6142616	3.091475	0.2849121	0.5355546	3.104281	0.2700046	0.2930121	3.133428	0.2458823	-0.0382238	3.162091	0.3968028	0.475941	2.995046	0.1731476	0.5014349	3.193826	0.292228	-0.03962984	3.078667	0.1927368	-0.03568858	3.165225	0.449638	0.1550553	2.952199	0.1076151	0.2077524	3.299732	0.4466521	-0.5542013	3.127949	0.3021498	-0.5345387	3.38551	0.5007284	-0.9317345	3.161859	0.3518489	-0.9156834	3.449734	

0.418038	-0.08620366	2.915475	0.1057652	-0.06893805	3.330088	0.3895999	-0.2296597	2.947777	0.1427941	-0.225976	3.398401	0.4280515	-0.1628509	2.89899	0.1565938	-0.1725251	3.255	0.2540118	0.7301488	3.100042	0.2895179	0.6127027	3.09097	0.2845006	0.5340927	3.103701	0.2693934	0.2920485	3.13255	0.245464	-0.03852659	3.160823	0.3971593	0.4751025	2.994998	0.1741371	0.5014812	3.193159	0.2919435	-0.03974508	3.077706	0.1923081	-0.03622272	3.163791	0.4493536	0.152279	2.951019	0.1079126	0.2041929	3.299241	0.4489715	-0.5628793	3.129121	0.3019893	-0.5349404	3.385455	0.500465	-0.9318809	3.161481	0.351817	-0.9157314	3.449712	

0.4169202	-0.08579279	2.913889	0.1064761	-0.03283127	3.32038	0.3862691	-0.2284426	2.939562	0.1142196	-0.1861117	3.361335	0.4270371	-0.1567103	2.893589	0.1398865	-0.102104	3.2857	0.2529559	0.729288	3.098906	0.2892892	0.6119298	3.090367	0.2841397	0.5333564	3.103159	0.2683271	0.2914691	3.132042	0.2435876	-0.03865784	3.160422	0.39753	0.474099	2.994951	0.1769513	0.5046768	3.190819	0.2899692	-0.03953454	3.076966	0.1906492	-0.03668129	3.163786	0.4490262	0.1522241	2.950551	0.1183575	0.2724237	3.220124	0.4503285	-0.5661324	3.129009	0.3018325	-0.5352778	3.385405	0.5004479	-0.9320605	3.161371	0.3521603	-0.9170044	3.449683	

0.4161066	-0.08553155	2.912399	0.1060513	-0.02958337	3.323649	0.386277	-0.2313841	2.939734	0.1140997	-0.1857333	3.37265	0.4264211	-0.162892	2.894063	0.1350467	-0.1256198	3.31075	0.2522965	0.7284235	3.098572	0.2893012	0.6109155	3.089803	0.2840126	0.5325862	3.102734	0.2677869	0.2912337	3.131815	0.2422443	-0.03809424	3.160406	0.3983112	0.4719478	2.994899	0.1779915	0.5065891	3.192286	0.2882822	-0.03899224	3.077017	0.1897539	-0.03616984	3.163792	0.4488802	0.1520162	2.950536	0.118487	0.2749749	3.222436	0.4366943	-0.5453576	3.138842	0.3012928	-0.5360506	3.385611	0.5015375	-0.9315073	3.162121	0.352223	-0.9171077	3.449659	

0.4156883	-0.08633154	2.911784	0.1077629	-0.02894479	3.325615	0.3895314	-0.2383315	2.935148	0.1196874	-0.1763962	3.377793	0.4263518	-0.1658571	2.89535	0.1309483	-0.1072559	3.307562	0.2517644	0.7276682	3.095792	0.2891343	0.6092138	3.087028	0.2837862	0.530827	3.100087	0.2672131	0.2896802	3.12958	0.2418451	-0.03924692	3.158774	0.3981503	0.4703698	2.993697	0.1790527	0.5047002	3.189061	0.2879336	-0.03959318	3.075571	0.1893902	-0.03799134	3.162043	0.4484088	0.1510104	2.950236	0.118736	0.2735988	3.219753	0.4480367	-0.5673173	3.131625	0.3005913	-0.5365334	3.384945	0.5016221	-0.9312254	3.161335	0.3516188	-0.9173691	3.449132	

0.4158194	-0.08656111	2.912221	0.1123791	-0.02531944	3.331356	0.3944943	-0.2336694	2.941077	0.1331201	-0.2142305	3.389574	0.4386604	-0.144953	2.899292	0.135356	-0.1293502	3.323091	0.2505667	0.7270654	3.092806	0.2889542	0.6084864	3.085538	0.283646	0.530037	3.098584	0.2670813	0.2888881	3.128047	0.2420758	-0.0399943	3.157216	0.3983529	0.4694654	2.992942	0.1800036	0.505483	3.188793	0.2879028	-0.03977522	3.073559	0.1899644	-0.03936596	3.16079	0.4482274	0.1507131	2.950248	0.119155	0.2746968	3.219594	0.4233426	-0.5254231	3.136611	0.3000194	-0.5367614	3.384456	0.5014767	-0.931264	3.161068	0.3515762	-0.9173735	3.449127	

0.4163697	-0.08671517	2.912712	0.1126881	-0.02398559	3.331217	0.3926213	-0.2327659	2.941184	0.1313573	-0.2135978	3.401048	0.4406919	-0.15186	2.905555	0.134644	-0.1587642	3.346727	0.2498736	0.7266404	3.090753	0.2887288	0.6071543	3.083691	0.2834336	0.5288067	3.096734	0.2668002	0.2881037	3.126166	0.2420044	-0.04020579	3.15523	0.398727	0.4684336	2.992273	0.1806823	0.5061164	3.187742	0.2878829	-0.04004206	3.071935	0.1898831	-0.03946333	3.158617	0.4481344	0.1505506	2.950248	0.1195067	0.275679	3.21909	0.4528703	-0.5786815	3.128652	0.2991457	-0.53764	3.384218	0.5021092	-0.9319699	3.161453	0.3513364	-0.9175351	3.448787	

0.4181234	-0.08851586	2.914487	0.1117332	-0.02875073	3.329087	0.3864515	-0.2330918	2.94518	0.1372247	-0.2132451	3.383891	0.4418473	-0.1627486	2.912769	0.136661	-0.1331903	3.314455	0.2483897	0.7254047	3.087158	0.2883495	0.605848	3.0811	0.2832116	0.527453	3.094035	0.2669809	0.2867527	3.123088	0.2431823	-0.04152721	3.151513	0.3989533	0.4674906	2.990927	0.1800113	0.5003375	3.182668	0.2893678	-0.04069274	3.068039	0.1907932	-0.04139735	3.155143	0.448147	0.1490084	2.950633	0.1182037	0.2695923	3.21423	0.4521609	-0.5781837	3.128072	0.2980469	-0.5376773	3.38372	0.5016395	-0.9323622	3.161018	0.3514201	-0.917582	3.448804	

0.4188168	-0.08874365	2.91577	0.1118573	-0.02926394	3.328067	0.3967232	-0.2271434	2.946669	0.1328443	-0.2044999	3.382553	0.4392819	-0.2073013	2.9296	0.1326622	-0.1146221	3.308	0.2474534	0.7245787	3.084852	0.2882976	0.6043651	3.077897	0.2829984	0.5261638	3.091338	0.2663684	0.2860287	3.121578	0.2424028	-0.04176525	3.150969	0.3997145	0.4656671	2.988412	0.1803838	0.4995281	3.180541	0.2886591	-0.04096362	3.067677	0.1899896	-0.04157524	3.154485	0.4480967	0.1488812	2.950608	0.118309	0.2686287	3.212552	0.4514989	-0.5778174	3.127269	0.2970648	-0.5374776	3.382984	0.5015016	-0.9322274	3.160933	0.3512576	-0.917873	3.448682	

0.419089	-0.09001061	2.916382	0.1114032	-0.03114326	3.327335	0.3959699	-0.2353871	2.950844	0.1280964	-0.1765767	3.376124	0.4326925	-0.1977449	2.913572	0.1327857	-0.1147434	3.311	0.246801	0.7225096	3.082349	0.2879891	0.6028993	3.075916	0.2825751	0.5247851	3.089609	0.2655907	0.2849779	3.120537	0.2412683	-0.0424713	3.150692	0.3998099	0.4652575	2.987688	0.1800705	0.4976669	3.179296	0.2877058	-0.04146316	3.067251	0.1886799	-0.04250149	3.154467	0.4482753	0.1475669	2.950895	0.1177757	0.2664664	3.211458	0.4508859	-0.5775594	3.126934	0.2966027	-0.5377389	3.382153	0.5012543	-0.9325145	3.160625	0.3508578	-0.9178977	3.448356	

0.4195844	-0.09262371	2.916848	0.1125624	-0.03046131	3.328995	0.3965964	-0.2422124	2.945897	0.130564	-0.1769844	3.371377	0.4434924	-0.1604838	2.91268	0.1280936	-0.0933966	3.307067	0.2452758	0.7209147	3.080621	0.2881743	0.6018429	3.074078	0.2826124	0.5239042	3.088084	0.2652845	0.2845864	3.119808	0.2406761	-0.04247941	3.150561	0.3997992	0.4650415	2.987163	0.1812016	0.4982509	3.180398	0.2865531	-0.04154979	3.066826	0.188438	-0.04246531	3.154525	0.4485387	0.1449875	2.950787	0.1187622	0.266924	3.212706	0.4504718	-0.5772769	3.126409	0.2968406	-0.5401626	3.382308	0.5012542	-0.9325046	3.160594	0.3498906	-0.91905	3.448533	

0.4199944	-0.09298912	2.917306	0.1125618	-0.03091054	3.328813	0.3994324	-0.2432498	2.950752	0.1323832	-0.1778393	3.370136	0.4428782	-0.1737016	2.9126	0.1300096	-0.09280846	3.302462	0.2448829	0.7193721	3.078712	0.2881007	0.6012106	3.073354	0.2825367	0.5232712	3.087306	0.2651351	0.2840697	3.118995	0.2404992	-0.04267314	3.150029	0.400113	0.4642083	2.986113	0.1812577	0.4977822	3.180079	0.2864258	-0.04178428	3.06632	0.1882652	-0.04259128	3.15407	0.4485489	0.1446705	2.950743	0.1187592	0.266389	3.212458	0.4442343	-0.5739022	3.133444	0.2962391	-0.5396823	3.381523	0.5012076	-0.9325128	3.160427	0.349849	-0.9188684	3.448452	

0.4201525	-0.09540169	2.916495	0.1149414	-0.05746086	3.339498	0.4025941	-0.2427919	2.944611	0.1333272	-0.2145725	3.394922	0.4396953	-0.1977334	2.911	0.1406752	-0.1273357	3.309375	0.2440901	0.7174268	3.074124	0.2889805	0.599912	3.07153	0.2834421	0.5216195	3.085386	0.2659625	0.2812989	3.116912	0.2411352	-0.04699512	3.148155	0.4002906	0.4632983	2.984244	0.16402	0.4426923	3.139633	0.2893427	-0.04622184	3.064484	0.1868417	-0.04735859	3.151962	0.4479803	0.1424253	2.948741	0.1010875	0.2110727	3.172517	0.4450734	-0.5743113	3.130957	0.2961614	-0.5398796	3.381321	0.5011057	-0.9323924	3.160247	0.349578	-0.9186121	3.447879	

0.4192752	-0.09623654	2.914429	0.1127261	-0.03012263	3.345952	0.3922941	-0.2454108	2.941294	0.1213967	-0.1759692	3.374158	0.4289444	-0.1951103	2.899714	0.1393521	-0.1084388	3.297357	0.2436251	0.7157039	3.072379	0.2900959	0.5990747	3.068229	0.2848917	0.5202332	3.081919	0.2685847	0.2779313	3.112885	0.2460143	-0.05385791	3.143579	0.4002835	0.4622637	2.980662	0.1634696	0.425629	3.127001	0.2972795	-0.05234138	3.059571	0.189067	-0.05459981	3.147748	0.4475492	0.141605	2.94575	0.1005317	0.1940889	3.15986	0.44605	-0.5748535	3.130244	0.2962576	-0.5402458	3.381107	0.5009487	-0.9323833	3.160092	0.3495255	-0.9187392	3.44773	

0.4188314	-0.09648538	2.912563	0.1132352	-0.06597359	3.340845	0.3946185	-0.2459487	2.945077	0.1470683	-0.2233642	3.396518	0.4279122	-0.1781632	2.893645	0.1426863	-0.1428418	3.3089	0.2425386	0.713848	3.071025	0.2906693	0.5977691	3.06551	0.2854908	0.5187275	3.079525	0.269144	0.2760449	3.111418	0.2464316	-0.0559081	3.143206	0.4002801	0.462021	2.978827	0.1628358	0.4240021	3.127184	0.2979748	-0.05339895	3.058934	0.1889184	-0.05793868	3.147897	0.4469233	0.1414132	2.943286	0.09990174	0.1924717	3.160039	0.4469617	-0.5752771	3.129689	0.296463	-0.5403509	3.38073	0.5007878	-0.9327412	3.159889	0.3498387	-0.9192994	3.447197	

0.4174094	-0.09849206	2.910378	0.1141612	-0.02338889	3.336262	0.3962975	-0.2491059	2.933201	0.1257753	-0.167515	3.367036	0.4279667	-0.1763791	2.887333	0.1417721	-0.1143412	3.298818	0.2415117	0.712063	3.068965	0.2913024	0.5975022	3.064016	0.2862494	0.5182015	3.077996	0.2702787	0.2746795	3.10982	0.2480522	-0.05839898	3.141736	0.4003779	0.461574	2.976917	0.1618937	0.420748	3.1274	0.2997234	-0.05470267	3.057218	0.1903013	-0.06155658	3.146747	0.4463612	0.1393558	2.940558	0.09896504	0.1892366	3.160246	0.4477671	-0.5749223	3.128482	0.2966383	-0.5402386	3.380078	0.5007233	-0.932744	3.159578	0.3495466	-0.9193804	3.446857	

0.4158765	-0.09793638	2.908367	0.115012	-0.05137848	3.346803	0.3925674	-0.2415923	2.929851	0.1386217	-0.2130158	3.380192	0.4312226	-0.1563229	2.886568	0.1466803	-0.1665462	3.343313	0.2409564	0.7115207	3.068141	0.2919634	0.5972286	3.062933	0.2869757	0.5178068	3.07685	0.2711095	0.2739959	3.108588	0.2488718	-0.05922205	3.140568	0.4004408	0.4618402	2.975698	0.1613812	0.4177152	3.127557	0.3007937	-0.05510994	3.056384	0.1907816	-0.06267891	3.145172	0.4457453	0.1398727	2.937776	0.09845519	0.1862213	3.160395	0.4485534	-0.5748135	3.127591	0.2968458	-0.540331	3.379842	0.5004615	-0.9322758	3.15941	0.3499129	-0.9198687	3.447163	

0.4150428	-0.09898391	2.90572	0.1154753	-0.0530778	3.347027	0.3925619	-0.2415914	2.929853	0.1356054	-0.1961002	3.381782	0.429718	-0.1693215	2.886244	0.1413069	-0.1097402	3.297715	0.2404939	0.7098734	3.065496	0.2929983	0.596588	3.060827	0.2879221	0.5171699	3.075015	0.2717332	0.2734934	3.107535	0.2491083	-0.05942351	3.140283	0.4008856	0.4616132	2.973479	0.1611025	0.4163907	3.127317	0.3011449	-0.05519449	3.056127	0.1908937	-0.06291014	3.14487	0.4456387	0.1387443	2.935256	0.09817781	0.1849037	3.160151	0.4355547	-0.5441472	3.130059	0.2969695	-0.5403678	3.379664	0.5004331	-0.9322474	3.159428	0.3505718	-0.9203571	3.447468	

0.4147443	-0.09691439	2.903597	0.1178611	-0.05357791	3.34476	0.3892121	-0.2408707	2.926994	0.1397851	-0.2047394	3.37128	0.4247088	-0.1749005	2.882194	0.1475809	-0.1071097	3.28625	0.2400875	0.7098199	3.06446	0.2935406	0.5960275	3.058914	0.2885219	0.5166866	3.073182	0.2724317	0.2732953	3.106006	0.2498453	-0.05916935	3.139197	0.4008649	0.4621686	2.971354	0.1625889	0.4160815	3.124553	0.3020469	-0.05502069	3.055155	0.1914497	-0.06244264	3.143651	0.4455497	0.1408325	2.932627	0.09965329	0.1845914	3.157387	0.4484551	-0.5656244	3.123386	0.2970743	-0.540519	3.37963	0.500545	-0.9321997	3.159453	0.3503606	-0.9206094	3.445551	

0.4143482	-0.09696557	2.90222	0.1182845	-0.05501781	3.344644	0.3873793	-0.2398541	2.92113	0.1424877	-0.2054718	3.372531	0.4163792	-0.1946388	2.876937	0.1434421	-0.1128245	3.300364	0.2396519	0.7098176	3.062084	0.2937946	0.5959429	3.058253	0.2887402	0.516575	3.072567	0.2725342	0.2731479	3.105547	0.249817	-0.05927105	3.138971	0.4007942	0.4622116	2.970616	0.1625829	0.4147972	3.124168	0.3020638	-0.0551592	3.055002	0.1913568	-0.0624456	3.143335	0.44532	0.1407456	2.931468	0.09964679	0.1833137	3.156998	0.4496063	-0.5678737	3.123229	0.2974046	-0.5407893	3.379115	0.5004909	-0.9322234	3.159393	0.3504255	-0.9200901	3.445762	

0.4136592	-0.09781755	2.901142	0.1183607	-0.05655415	3.344196	0.3920732	-0.2412962	2.92624	0.1411824	-0.2026721	3.379755	0.4321665	-0.1528043	2.883179	0.1441543	-0.1168103	3.306616	0.2395551	0.7096994	3.061465	0.2943582	0.595769	3.057188	0.2891063	0.5164355	3.07179	0.2725381	0.2731086	3.105371	0.2495029	-0.05922442	3.139088	0.4007933	0.4621648	2.970048	0.1622779	0.41325	3.123439	0.3018475	-0.05513754	3.054982	0.1908589	-0.06229175	3.143706	0.44515	0.139835	2.9304	0.09934305	0.1817742	3.156266	0.4501343	-0.5683261	3.123167	0.297842	-0.5412593	3.378882	0.5012832	-0.9318648	3.160041	0.3500029	-0.9213972	3.445041	

0.4132686	-0.09822296	2.899906	0.1193581	-0.05589078	3.344484	0.3879765	-0.2404384	2.923243	0.1426074	-0.2056413	3.375246	0.4271373	-0.1798339	2.886	0.1460475	-0.1138366	3.299576	0.2392666	0.709012	3.060355	0.2948058	0.5955737	3.056405	0.2894441	0.5163186	3.071073	0.2725743	0.2731982	3.104869	0.2491229	-0.05874898	3.138726	0.4006889	0.4619381	2.969117	0.162899	0.413855	3.123526	0.301533	-0.05485341	3.054533	0.1903663	-0.06146486	3.143417	0.4451733	0.1393812	2.929266	0.09996032	0.1823756	3.156354	0.4438394	-0.5480021	3.115055	0.298078	-0.5413148	3.378543	0.5016268	-0.9319388	3.160028	0.3513937	-0.9214329	3.445126	

0.4129874	-0.09947685	2.899507	0.1198024	-0.05723917	3.343278	0.3863225	-0.2397863	2.924899	0.1444097	-0.2098631	3.386779	0.4283777	-0.1646081	2.881327	0.1445825	-0.1197378	3.303554	0.23904	0.7077411	3.059737	0.2950775	0.595393	3.055392	0.2896474	0.5161303	3.070152	0.2725551	0.2730373	3.104276	0.2489032	-0.05882344	3.138531	0.4006155	0.4614709	2.968688	0.1631002	0.4125498	3.122112	0.3014335	-0.05496525	3.0545	0.1899407	-0.06141288	3.142911	0.4449028	0.1382242	2.927653	0.1001593	0.1810757	3.154938	0.4435865	-0.5464142	3.114309	0.2983224	-0.5415065	3.378224	0.5011375	-0.9307386	3.160672	0.3507703	-0.9203504	3.445515	

0.4136526	-0.09886678	2.898684	0.1273647	-0.04339078	3.339293	0.3917346	-0.2404681	2.923702	0.137151	-0.1868502	3.370537	0.4317614	-0.1715911	2.883979	0.1470379	-0.1090914	3.300503	0.2392534	0.7075668	3.05809	0.2952534	0.5952238	3.054122	0.2899497	0.5160339	3.068821	0.2732075	0.2732275	3.102812	0.2499805	-0.05807924	3.137129	0.4008353	0.4611337	2.967557	0.1701483	0.4267674	3.11765	0.3020632	-0.05443454	3.053883	0.1916142	-0.06039726	3.140446	0.4455253	0.1388193	2.927304	0.1071626	0.1952015	3.150505	0.4431081	-0.5443767	3.112667	0.298627	-0.541449	3.377942	0.50101	-0.9307083	3.160489	0.3504103	-0.9205176	3.444753	

0.4147833	-0.09779925	2.89794	0.1295756	-0.04933394	3.33749	0.4001598	-0.2406639	2.923139	0.1383634	-0.197408	3.38973	0.4342731	-0.1809296	2.88015	0.1494297	-0.1116888	3.310445	0.2392313	0.7077555	3.05634	0.2955993	0.5950255	3.05317	0.2902608	0.5158727	3.067981	0.2733696	0.2731791	3.102334	0.2499876	-0.05804247	3.137047	0.4009567	0.4609621	2.966767	0.1662972	0.4201128	3.121075	0.3021221	-0.05437515	3.05368	0.1916016	-0.06037489	3.140439	0.4467891	0.1398488	2.926896	0.1033367	0.1885924	3.153917	0.4493442	-0.5608994	3.115127	0.2987621	-0.541288	3.377451	0.5009465	-0.9309513	3.160283	0.3503818	-0.9204383	3.444787	

0.4175842	-0.0968061	2.896832	0.1268903	-0.04541121	3.3435	0.4025472	-0.2433997	2.919284	0.1358225	-0.1871271	3.387411	0.4382446	-0.1829417	2.877308	0.1482936	-0.1212281	3.3095	0.2386945	0.7080215	3.054428	0.2954217	0.5947528	3.052458	0.2902012	0.5157471	3.067298	0.2736225	0.2735031	3.101577	0.2509289	-0.05649563	3.13609	0.40128	0.460702	2.965617	0.1700702	0.4289901	3.118929	0.3030364	-0.0528692	3.052585	0.1925311	-0.05881263	3.139739	0.4481308	0.140986	2.926159	0.1070861	0.1974138	3.151791	0.4461334	-0.5504246	3.113222	0.298947	-0.5415221	3.377419	0.5009099	-0.9301855	3.161098	0.3512325	-0.9200085	3.445505	

0.4218387	-0.09683012	2.895315	0.1243741	0.01997551	3.328452	0.4054997	-0.2438399	2.919094	0.1259324	-0.1466248	3.360453	0.4451063	-0.1806347	2.87796	0.1467607	-0.1107318	3.304673	0.2384672	0.7088995	3.051164	0.2955592	0.5944068	3.050835	0.2905214	0.5154806	3.065841	0.2743907	0.2734598	3.10056	0.2522817	-0.0562797	3.135636	0.4016457	0.4600376	2.964125	0.1686582	0.4264632	3.12021	0.3039882	-0.05237561	3.052107	0.1944065	-0.05892466	3.139395	0.4497604	0.1411462	2.925956	0.1056835	0.1949047	3.153068	0.4492064	-0.5612122	3.114914	0.2994374	-0.5418097	3.376887	0.5008426	-0.9300859	3.160869	0.3512007	-0.9201981	3.445504	

0.424147	-0.09566078	2.895524	0.1217464	-0.05502194	3.339745	0.406835	-0.2439276	2.918502	0.1385621	-0.1954031	3.385929	0.4505723	-0.1811833	2.884764	0.148188	-0.1148349	3.30575	0.2382485	0.7083494	3.049668	0.2957954	0.5940164	3.050149	0.2908725	0.5152172	3.065133	0.2751789	0.2736361	3.099738	0.2538756	-0.05517546	3.134768	0.40198	0.4595932	2.963516	0.1701646	0.4330377	3.123139	0.3050358	-0.05125303	3.051582	0.1965854	-0.057861	3.138203	0.4515198	0.1422773	2.926164	0.1334301	0.1976922	3.151584	0.4467787	-0.5516098	3.114063	0.3110989	-0.5690056	3.382991	0.5012536	-0.9281771	3.16106	0.3512002	-0.9202001	3.445498	

0.4270028	-0.09498917	2.895249	0.1224159	-0.05097064	3.335848	0.4104853	-0.243723	2.916121	0.1362895	-0.1943682	3.388527	0.4546867	-0.1973453	2.8901	0.1548739	-0.1142387	3.2972	0.2388567	0.7087013	3.048281	0.2959181	0.5939692	3.049959	0.2909482	0.5152227	3.065025	0.2752014	0.2738016	3.099775	0.2535048	-0.05414999	3.135731	0.4024989	0.4592004	2.962975	0.1718538	0.4362155	3.120484	0.3047709	-0.05048183	3.052675	0.1960313	-0.05646517	3.13918	0.4521377	0.143055	2.926274	0.1382688	0.1998606	3.145829	0.4464728	-0.5477203	3.112629	0.3049194	-0.5483991	3.375056	0.5008699	-0.9278357	3.160935	0.3533366	-0.9208515	3.446833	

0.4289586	-0.09455078	2.895079	0.122448	-0.05089986	3.335408	0.4137914	-0.2461473	2.914165	0.1379289	-0.194297	3.387341	0.4495314	-0.1787271	2.877316	0.1494291	-0.1153681	3.304305	0.239697	0.7076808	3.046513	0.2960615	0.5938584	3.049516	0.2911852	0.5151811	3.064564	0.2757744	0.2740417	3.099293	0.254673	-0.0534759	3.135284	0.4028337	0.4586969	2.962529	0.1723623	0.4377418	3.12112	0.3056127	-0.04975828	3.052293	0.1975102	-0.05587454	3.138725	0.4534372	0.1434378	2.926715	0.1392222	0.2012194	3.147172	0.4503993	-0.5554893	3.114364	0.304965	-0.5478925	3.37505	0.5011818	-0.927708	3.161002	0.3529674	-0.9205865	3.447367	

0.4302727	-0.09522363	2.895223	0.1238048	-0.05488653	3.335909	0.4122722	-0.243083	2.917812	0.1417549	-0.1983177	3.385808	0.4498303	-0.1751487	2.877063	0.1501594	-0.1160042	3.300077	0.2401959	0.7083432	3.045156	0.2961168	0.5936764	3.049152	0.2913692	0.515057	3.064188	0.2765221	0.2741448	3.098836	0.2566863	-0.05296215	3.134769	0.4032645	0.4585117	2.962412	0.1722183	0.4385241	3.12224	0.3072565	-0.04929817	3.052305	0.1998998	-0.05529673	3.137591	0.4553041	0.1426162	2.927589	0.1394674	0.1991143	3.150008	0.4491535	-0.5506119	3.114541	0.3051623	-0.546625	3.374399	0.5012109	-0.9276847	3.161161	0.3536552	-0.9212398	3.448353	

0.4324404	-0.09509955	2.89544	0.128483	-0.06836077	3.337525	0.4202816	-0.2448628	2.918025	0.1448046	-0.213005	3.380014	0.4596983	-0.1619832	2.882852	0.1508284	-0.1259211	3.29891	0.2413281	0.7093183	3.043052	0.2962928	0.5933955	3.048779	0.291711	0.514735	3.063738	0.277486	0.2736984	3.098222	0.2586228	-0.05383132	3.133977	0.4037457	0.4582305	2.962055	0.1708663	0.4302207	3.118861	0.3095377	-0.04986309	3.052269	0.2015928	-0.0565666	3.135991	0.4559856	0.1429496	2.927506	0.1384111	0.1817834	3.146564	0.4486196	-0.5484177	3.113765	0.3048447	-0.5449957	3.372889	0.5011322	-0.9277098	3.161096	0.3537202	-0.9211961	3.448543	

0.433166	-0.09542152	2.895733	0.1216283	-0.04790917	3.339702	0.4190274	-0.2405731	2.918812	0.1324252	-0.185433	3.366075	0.4650773	-0.1711098	2.888572	0.149423	-0.1064645	3.286091	0.2423732	0.709469	3.041725	0.2967042	0.5928977	3.048362	0.2922314	0.514246	3.063317	0.2782371	0.2732729	3.097893	0.2594754	-0.0542741	3.133811	0.4048162	0.4575256	2.961926	0.1699734	0.4262978	3.117522	0.3108402	-0.05037384	3.052441	0.2020651	-0.0569349	3.135648	0.4567133	0.1431686	2.927674	0.1226018	0.1810924	3.28091	0.4483997	-0.5467633	3.113243	0.3046702	-0.543959	3.37263	0.5010266	-0.927664	3.161124	0.3539346	-0.9211062	3.448764	

0.4349883	-0.0951322	2.896153	0.1206229	-0.05572353	3.335662	0.4201932	-0.2391219	2.921108	0.1397127	-0.2045798	3.368639	0.4597261	-0.1663414	2.881503	0.1502276	-0.1375491	3.295	0.2431974	0.709929	3.040279	0.2967699	0.5919756	3.047957	0.2924522	0.5134856	3.062934	0.2788325	0.2728336	3.097571	0.2606594	-0.05447064	3.133497	0.4061891	0.4568785	2.962156	0.1663721	0.4214243	3.121456	0.3120906	-0.05043004	3.052421	0.2030873	-0.05724505	3.135078	0.4577296	0.1439591	2.928204	0.122608	0.1815881	3.281111	0.4481963	-0.5453811	3.113521	0.3045587	-0.5418973	3.37147	0.5020358	-0.9274634	3.161513	0.354376	-0.9209176	3.448098	

0.4362965	-0.09544689	2.896399	0.122416	-0.0636285	3.331776	0.4192896	-0.2327155	2.920543	0.1416686	-0.2131906	3.366733	0.4584878	-0.1768056	2.882339	0.1500484	-0.1165374	3.283231	0.2442942	0.7098417	3.039158	0.2974436	0.591156	3.048166	0.2931992	0.512759	3.063057	0.2797446	0.2723791	3.097518	0.2616192	-0.05466602	3.133235	0.4076292	0.4563245	2.962703	0.1661147	0.420577	3.120994	0.3134341	-0.0504455	3.052099	0.2036488	-0.05753383	3.134898	0.4582323	0.1441087	2.928494	0.1234441	0.1793739	3.276745	0.4481947	-0.5442503	3.113134	0.3045073	-0.541142	3.371187	0.5020845	-0.9275355	3.161637	0.3536262	-0.9195245	3.447634	

0.4378732	-0.09538462	2.896616	0.1233833	-0.06095012	3.322607	0.4221791	-0.2321104	2.920985	0.1376911	-0.2034073	3.364615	0.4586915	-0.1731313	2.884341	0.1498796	-0.1122645	3.279462	0.2450092	0.7094123	3.038161	0.2976908	0.5909204	3.048267	0.2934588	0.5125836	3.063133	0.2800218	0.2723641	3.097557	0.2618581	-0.05452248	3.133242	0.4097255	0.4555498	2.963679	0.1657946	0.4202438	3.121099	0.3138857	-0.05018618	3.052461	0.2037985	-0.05741398	3.134682	0.4588671	0.1446088	2.928804	0.1234554	0.1789792	3.27603	0.4483165	-0.5434756	3.113111	0.3046276	-0.5410299	3.371061	0.501779	-0.9279855	3.161446	0.3545606	-0.9187674	3.447916	

0.4390956	-0.09512099	2.897108	0.1229066	-0.06211248	3.322445	0.4272178	-0.2326678	2.920083	0.1418603	-0.213494	3.371511	0.4616044	-0.1543191	2.881379	0.1496059	-0.1186211	3.285474	0.2455249	0.7093322	3.037917	0.2978584	0.5902857	3.048173	0.2937063	0.5121849	3.063049	0.2806015	0.2724084	3.09749	0.263485	-0.05332232	3.133206	0.4108101	0.4553526	2.96422	0.1712014	0.4418384	3.132734	0.3147783	-0.04925541	3.052513	0.2061261	-0.056013	3.134534	0.4600052	0.1452421	2.929901	0.1207294	0.1957691	3.292865	0.4483248	-0.5432071	3.113249	0.3045278	-0.5405058	3.371073	0.5014673	-0.9284567	3.161703	0.354668	-0.9187856	3.447993	

0.4430183	-0.09388087	2.90053	0.1220287	-0.06522213	3.321464	0.4256486	-0.2313608	2.924233	0.1370298	-0.2117223	3.359762	0.4631494	-0.1969389	2.900167	0.1449444	-0.1300593	3.27825	0.2461811	0.7097483	3.037193	0.2982657	0.5899888	3.048295	0.294118	0.5119517	3.063187	0.2809856	0.2723919	3.097709	0.2637047	-0.05315644	3.133557	0.4112232	0.4555249	2.964815	0.1677771	0.4354806	3.13165	0.3151661	-0.04915539	3.053325	0.2062032	-0.05583631	3.134631	0.461595	0.1470352	2.932853	0.1205017	0.1966731	3.292246	0.4487411	-0.5428792	3.113217	0.3048014	-0.5406169	3.371241	0.5022556	-0.9270232	3.162466	0.3548978	-0.9186203	3.448105	

0.4465994	-0.09356698	2.904038	0.1196644	-0.05811994	3.317953	0.4360128	-0.2392614	2.931348	0.1301722	-0.2041179	3.360915	0.4771963	-0.1546503	2.897034	0.1496341	-0.1423403	3.267	0.247561	0.7101424	3.036427	0.2983543	0.5897052	3.048381	0.2942548	0.5118038	3.063222	0.281474	0.2726017	3.097634	0.2650203	-0.05178421	3.133104	0.4140747	0.4553211	2.967	0.168863	0.4465237	3.139875	0.315957	-0.04762211	3.05306	0.2079913	-0.0546423	3.133925	0.4650263	0.1475026	2.937478	0.118728	0.2130969	3.290209	0.4488583	-0.5414581	3.112839	0.3050043	-0.5392861	3.370142	0.502782	-0.9266601	3.162615	0.3547812	-0.9185207	3.447929	

0.4484591	-0.09315857	2.906574	0.1178894	-0.05689928	3.3181	0.4383086	-0.2406421	2.931902	0.1322758	-0.2129455	3.362735	0.4659558	-0.1870353	2.890222	0.1451858	-0.1273806	3.283	0.2483671	0.7104541	3.036081	0.298473	0.5893077	3.048474	0.2943494	0.5116667	3.063359	0.2816616	0.2734054	3.098497	0.2646807	-0.04719232	3.13671	0.4151087	0.455353	2.968019	0.1854391	0.4957062	3.157998	0.3138454	-0.04367103	3.056854	0.2093359	-0.04907626	3.137621	0.4665147	0.1479168	2.940226	0.1178036	0.2094304	3.289861	0.4490121	-0.5412737	3.112994	0.3053587	-0.5403822	3.370967	0.5030525	-0.9266335	3.162701	0.3515709	-0.9206215	3.448893	

0.4495192	-0.09388059	2.908388	0.1142577	-0.06068077	3.319569	0.4387855	-0.2411997	2.932145	0.1369236	-0.2142427	3.364798	0.4788221	-0.1530751	2.897963	0.1465907	-0.1279582	3.276846	0.2503059	0.7104628	3.034228	0.2987724	0.5887535	3.048577	0.2947232	0.5112365	3.063682	0.2824675	0.2734238	3.100055	0.2659971	-0.04679721	3.14095	0.4159162	0.4552945	2.969187	0.1744982	0.4664305	3.147867	0.3145936	-0.04371208	3.06422	0.2107387	-0.048572	3.139606	0.4677895	0.1476358	2.94192	0.1148788	0.1983396	3.295248	0.44911	-0.5410462	3.112991	0.3054035	-0.5402154	3.370655	0.5029282	-0.9264939	3.162935	0.3517586	-0.9206554	3.449072	

0.4546987	-0.09435181	2.912608	0.1104519	-0.05356217	3.319207	0.4443348	-0.2412746	2.927886	0.1322968	-0.2139733	3.362846	0.4790684	-0.1767683	2.9038	0.1395338	-0.1257663	3.285045	0.2510547	0.7104306	3.033938	0.2980615	0.5866593	3.049172	0.2943968	0.5096481	3.064441	0.2828076	0.2727829	3.10118	0.2672504	-0.04712003	3.142643	0.4171065	0.4551113	2.970207	0.1728515	0.462838	3.146611	0.3159552	-0.04426379	3.06725	0.2117734	-0.04874059	3.140152	0.4687045	0.1480316	2.943586	0.114495	0.197852	3.294941	0.4490883	-0.5403357	3.112987	0.3053838	-0.5401452	3.370675	0.5023697	-0.9254991	3.163065	0.3507124	-0.9209434	3.449419	

0.4558821	-0.09505185	2.91348	0.1096788	-0.04919723	3.315761	0.450079	-0.2409252	2.927504	0.1231749	-0.2032062	3.35279	0.4784954	-0.1705701	2.898892	0.1449183	-0.1191772	3.276875	0.2518125	0.7104623	3.033927	0.2981636	0.5865427	3.049312	0.2945113	0.5095588	3.064571	0.2829047	0.2728103	3.101232	0.2673202	-0.04709452	3.142476	0.4173223	0.4552046	2.970706	0.1724515	0.462183	3.145867	0.3161021	-0.0442363	3.06709	0.2117832	-0.04870674	3.139741	0.469864	0.1476862	2.944855	0.1140949	0.1991616	3.294188	0.449143	-0.5402678	3.113084	0.3052796	-0.5399556	3.370386	0.5027552	-0.9252447	3.163134	0.3511563	-0.9208103	3.449614	

0.4569784	-0.0955529	2.913834	0.1101928	-0.06405969	3.310841	0.4459203	-0.2460771	2.933089	0.1291682	-0.211405	3.35468	0.4882971	-0.1712107	2.905778	0.1435747	-0.1238971	3.277752	0.2524829	0.7105658	3.033977	0.2984439	0.586352	3.049489	0.2948118	0.5093891	3.064666	0.2832958	0.2727472	3.101015	0.2680809	-0.04741625	3.140589	0.4172666	0.455209	2.971072	0.1720132	0.4602545	3.143259	0.3174951	-0.04424115	3.064238	0.2121352	-0.0492917	3.138179	0.4705584	0.1474921	2.946137	0.1138072	0.2001318	3.292821	0.4491112	-0.5400785	3.11294	0.3053756	-0.5398807	3.370164	0.5027897	-0.9253037	3.163158	0.3497917	-0.9213917	3.450282	

0.45818	-0.09596849	2.914859	0.1103282	-0.0673052	3.310343	0.4509513	-0.2468796	2.933235	0.1329192	-0.2256422	3.372509	0.4799317	-0.1831951	2.892875	0.1533908	-0.1589156	3.246778	0.2530765	0.7106162	3.033988	0.2985151	0.5862336	3.0496	0.2949797	0.509229	3.064883	0.2838587	0.2725848	3.101627	0.2691227	-0.04785942	3.141677	0.4184065	0.4551187	2.972586	0.1714041	0.4594379	3.142698	0.3186725	-0.04473151	3.066382	0.2130149	-0.04969857	3.138497	0.4713723	0.1474408	2.947127	0.1134905	0.1996583	3.291435	0.4491614	-0.5398885	3.112941	0.3053761	-0.5399338	3.3702	0.5033025	-0.925305	3.163219	0.3504329	-0.9206279	3.449872	

0.458702	-0.09655311	2.914898	0.109592	-0.05799675	3.30617	0.4507205	-0.2412605	2.931587	0.1169651	-0.2101819	3.335293	0.4805939	-0.1759045	2.898173	0.15575	-0.1448879	3.1995	0.2544821	0.7099383	3.033547	0.2985333	0.5854076	3.04983	0.295061	0.5085884	3.06493	0.2840641	0.2722572	3.101144	0.2696108	-0.04818132	3.138804	0.4185238	0.4549908	2.972993	0.1702299	0.4583889	3.14319	0.3194115	-0.04481601	3.063154	0.2132329	-0.05028086	3.135551	0.4714379	0.1471518	2.947731	0.1129471	0.1996062	3.290844	0.4491747	-0.5400214	3.112941	0.3053169	-0.5402503	3.370278	0.5026772	-0.9247686	3.162763	0.3519448	-0.9208812	3.449793	

0.4587447	-0.09691078	2.915202	0.109386	-0.06403453	3.305075	0.4451842	-0.2417234	2.933341	0.1182953	-0.211756	3.343849	0.4777324	-0.1691487	2.895265	0.1462517	-0.1413052	3.251143	0.2553433	0.7088751	3.033577	0.2984747	0.5843178	3.050372	0.2950255	0.5076875	3.065332	0.2840306	0.2719705	3.101167	0.269444	-0.04832297	3.138607	0.4185393	0.4550206	2.973685	0.1697253	0.4580079	3.143449	0.3193173	-0.04493585	3.062895	0.2129368	-0.05047505	3.135352	0.4715368	0.1469942	2.948189	0.1115768	0.212824	3.285545	0.4491926	-0.5400448	3.112941	0.305211	-0.5402812	3.370226	0.5027032	-0.9246417	3.162817	0.3537896	-0.9204394	3.449335	

0.4574359	-0.09580781	2.916034	0.1100465	-0.06657636	3.305971	0.4236945	-0.2329207	2.931234	0.1330447	-0.22175	3.356399	0.4728349	-0.1622228	2.908737	0.1492214	-0.1448411	3.242	0.2560579	0.7079441	3.034189	0.2979107	0.5833122	3.051636	0.2945431	0.5069721	3.066269	0.2837485	0.2719138	3.101352	0.2687389	-0.04785764	3.138302	0.4184115	0.4549083	2.974718	0.1732204	0.4709873	3.14647	0.3182771	-0.04437529	3.062054	0.2124212	-0.05006216	3.135352	0.4709806	0.1483751	2.948943	0.1109762	0.2065442	3.285286	0.4489202	-0.5397251	3.112942	0.3049641	-0.5399835	3.370311	0.5034786	-0.9250388	3.163547	0.353839	-0.9204252	3.449253	

0.4560292	-0.09527321	2.916246	0.1096647	-0.0606835	3.30698	0.4203146	-0.2329909	2.926647	0.129516	-0.2122611	3.343914	0.4616926	-0.1794483	2.895385	0.1477531	-0.133924	3.251134	0.256359	0.7079505	3.034122	0.2979387	0.5832945	3.051699	0.2945453	0.5069689	3.066308	0.2836006	0.272043	3.101318	0.2676967	-0.047128	3.13776	0.4183143	0.454663	2.975504	0.1736924	0.4749021	3.149878	0.3169135	-0.04371659	3.061354	0.211667	-0.04929592	3.134923	0.4706711	0.1491429	2.949409	0.1109274	0.2044037	3.28478	0.4489102	-0.5396954	3.112861	0.3048738	-0.5399792	3.370349	0.5032626	-0.9249068	3.163718	0.353606	-0.9198775	3.447968	

0.4552397	-0.09488495	2.916711	0.1109983	-0.06790929	3.308471	0.4276363	-0.2331886	2.932156	0.1290536	-0.2195781	3.361532	0.4687364	-0.1725489	2.901629	0.1471882	-0.141822	3.255606	0.2568616	0.707631	3.034364	0.2979609	0.5828794	3.052077	0.2947735	0.5066054	3.066523	0.2851145	0.2716666	3.100801	0.2739882	-0.04746841	3.134184	0.4183787	0.4548087	2.97609	0.1722394	0.46797	3.148189	0.3252632	-0.04252036	3.056156	0.2163223	-0.05078141	3.132541	0.4703226	0.149817	2.949789	0.1111481	0.1964747	3.28402	0.448716	-0.5391125	3.112651	0.3045985	-0.5400558	3.370587	0.5030357	-0.9252847	3.163914	0.353545	-0.9196623	3.447935	

0.4549935	-0.0951978	2.916723	0.1112034	-0.06807236	3.308662	0.4269633	-0.2327207	2.933024	0.1312387	-0.2201962	3.354939	0.4757533	-0.1609382	2.909048	0.1494144	-0.1311589	3.245889	0.2575675	0.706462	3.035064	0.2982351	0.5822908	3.053824	0.295067	0.5060928	3.06775	0.2852353	0.2715303	3.100924	0.273905	-0.04760492	3.133925	0.418262	0.4547367	2.97628	0.1720087	0.4669992	3.148073	0.3249931	-0.04260425	3.055917	0.2163708	-0.05104534	3.132226	0.4701872	0.1498211	2.949821	0.111578	0.1901987	3.285711	0.4486641	-0.5390479	3.112664	0.3045246	-0.5389473	3.369704	0.5026733	-0.9254764	3.163715	0.3538971	-0.9197862	3.447894	

0.4542872	-0.09536451	2.916428	0.1122819	-0.06905301	3.309408	0.4211578	-0.232499	2.930027	0.1338191	-0.2206458	3.36348	0.4671812	-0.1679577	2.893381	0.1593465	-0.1550641	3.2054	0.2576959	0.7061175	3.035203	0.2984541	0.5821126	3.054135	0.2952991	0.5059102	3.068053	0.2853613	0.2714678	3.101028	0.2738576	-0.04761674	3.133956	0.41803	0.4548594	2.976492	0.1717365	0.4648521	3.148749	0.3246429	-0.04279999	3.056212	0.216378	-0.05102317	3.132208	0.4701358	0.1498924	2.949845	0.1118302	0.1903317	3.285975	0.4486287	-0.5389927	3.112674	0.3044035	-0.5381753	3.369089	0.5024312	-0.9247894	3.163484	0.35197	-0.9202502	3.447417	

0.4537829	-0.09533463	2.916163	0.1127481	-0.07280631	3.310929	0.4227194	-0.2339573	2.931609	0.139115	-0.2210288	3.355135	0.4732291	-0.1557974	2.899137	0.1475855	-0.1721113	3.311875	0.2575794	0.7060223	3.035278	0.2985267	0.5820794	3.054184	0.2953568	0.5058632	3.068107	0.2853525	0.2714359	3.101046	0.2732207	-0.04781443	3.134039	0.4179992	0.4548786	2.976611	0.1719297	0.4638461	3.148551	0.3236874	-0.04306346	3.056033	0.2158897	-0.05121651	3.132532	0.4701241	0.1498579	2.94986	0.1181523	0.2439632	3.282818	0.4486264	-0.5389872	3.112677	0.3043206	-0.5382054	3.369094	0.5024611	-0.9249412	3.163383	0.351906	-0.9202272	3.447419	

0.4535877	-0.09561133	2.916018	0.1130181	-0.07230199	3.312232	0.4223077	-0.2331329	2.938028	0.1437434	-0.2206732	3.355509	0.4765635	-0.1674515	2.906335	0.1437199	-0.1258323	3.279	0.2578668	0.7057101	3.035347	0.2988745	0.5819594	3.054477	0.2956361	0.5057036	3.068415	0.2853835	0.2712721	3.101269	0.2724462	-0.04825494	3.134531	0.4186215	0.4545256	2.977177	0.1720902	0.4635265	3.148615	0.3226812	-0.0436416	3.056803	0.2153129	-0.05155672	3.132839	0.4701658	0.1498357	2.949877	0.1175971	0.1878837	3.284814	0.44862	-0.5389946	3.112681	0.3043139	-0.5382167	3.369096	0.503206	-0.9266093	3.163452	0.3527575	-0.9201392	3.447984	

0.453542	-0.09637631	2.91592	0.1166215	-0.06638258	3.310984	0.4233513	-0.2262608	2.935863	0.1342209	-0.2032652	3.346915	0.4756629	-0.1626	2.901788	0.1485308	-0.1139366	3.267	0.257695	0.7053359	3.03544	0.2992589	0.5819469	3.054741	0.295941	0.5056667	3.068678	0.2854408	0.2712424	3.101423	0.27202	-0.04831813	3.134806	0.4188781	0.4544061	2.97731	0.1726218	0.4632369	3.149212	0.3220927	-0.04368864	3.057033	0.2150167	-0.05164436	3.133181	0.4705341	0.1491777	2.949939	0.1187713	0.2146724	3.289088	0.4486217	-0.5390398	3.112689	0.3041917	-0.5378866	3.368937	0.5033585	-0.925374	3.163819	0.3532193	-0.9203336	3.447932	

0.4535696	-0.09747013	2.915763	0.1182863	-0.06353027	3.309922	0.4255969	-0.2253664	2.934761	0.1369255	-0.2040353	3.351292	0.4818031	-0.1758636	2.911429	0.1480156	-0.1372073	3.289	0.2577914	0.7052951	3.035343	0.2999725	0.5821161	3.054566	0.2964463	0.5057387	3.068594	0.285512	0.2712168	3.101431	0.2715801	-0.04857127	3.134991	0.4192033	0.4543332	2.977278	0.1728531	0.4609619	3.149656	0.3216263	-0.04399896	3.057105	0.2145967	-0.05185789	3.133502	0.4713036	0.148177	2.950008	0.1201121	0.2095486	3.289599	0.4486157	-0.5390462	3.112692	0.304307	-0.5380901	3.368956	0.5029323	-0.9254655	3.163625	0.3525721	-0.9203091	3.44788	

0.453121	-0.09856185	2.916182	0.1185293	-0.06389684	3.313148	0.4219717	-0.2329472	2.935694	0.1391863	-0.203844	3.356514	0.4760937	-0.1573254	2.899375	0.1500349	-0.1193699	3.275084	0.2581011	0.7049227	3.035697	0.3008496	0.5820083	3.05493	0.2970687	0.505681	3.068971	0.2855727	0.2712946	3.101772	0.2702312	-0.04801641	3.135994	0.4194655	0.4542696	2.977399	0.1737874	0.4618167	3.1534	0.320437	-0.0439298	3.057562	0.2130444	-0.05060473	3.135351	0.4726251	0.1470942	2.950837	0.1207802	0.2083908	3.291512	0.4485776	-0.5391271	3.113049	0.3042005	-0.5379347	3.369343	0.5031359	-0.9253425	3.163784	0.3535466	-0.9195913	3.447818	

0.4530704	-0.09935059	2.915845	0.1192343	-0.06408395	3.315416	0.4221658	-0.2330517	2.937027	0.1413096	-0.2034303	3.358181	0.4816759	-0.1429689	2.901421	0.1492773	-0.1112791	3.2806	0.2584354	0.7047679	3.035589	0.3015454	0.5822997	3.055217	0.2975933	0.5059931	3.069457	0.2854361	0.2719512	3.103283	0.2672917	-0.04634161	3.140566	0.4198729	0.4541304	2.977354	0.1780165	0.4718107	3.159044	0.3164006	-0.04314197	3.062155	0.2112054	-0.04817626	3.13996	0.4735136	0.1464275	2.950768	0.1213227	0.2071238	3.293453	0.4486231	-0.5389872	3.113044	0.3044675	-0.5384097	3.370137	0.5030778	-0.9252591	3.164103	0.3544096	-0.9202545	3.448054	

0.4531337	-0.09990055	2.915367	0.1209807	-0.06161657	3.315732	0.4220183	-0.2329751	2.936028	0.1412188	-0.2022764	3.361214	0.4787956	-0.1527532	2.903689	0.1489069	-0.1215037	3.280406	0.2587376	0.7046499	3.035637	0.3021568	0.5821331	3.054999	0.2982693	0.5057909	3.06927	0.286146	0.2716795	3.103102	0.2683312	-0.04691343	3.139992	0.420399	0.4540118	2.977513	0.1782435	0.4661274	3.157038	0.3176658	-0.04349636	3.061009	0.2122289	-0.04904689	3.139752	0.4746871	0.1459325	2.951017	0.121936	0.2056771	3.297042	0.4486252	-0.5390297	3.113122	0.3044559	-0.5383548	3.370176	0.503493	-0.9256975	3.164064	0.3544337	-0.920333	3.447642	

0.4528605	-0.1014912	2.915079	0.1209396	-0.06272732	3.319616	0.4222134	-0.2330797	2.937361	0.1463472	-0.2145296	3.369368	0.4782281	-0.1573367	2.901542	0.1574383	-0.138027	3.268444	0.2595434	0.7041547	3.034981	0.3027147	0.5818768	3.054809	0.2989081	0.5054347	3.069116	0.286932	0.2709966	3.102973	0.269528	-0.04842507	3.139547	0.4205801	0.4540414	2.977476	0.1676711	0.423958	3.131912	0.3200386	-0.04507159	3.060605	0.2126185	-0.05065783	3.139217	0.4755768	0.1443327	2.950895	0.1222516	0.2049821	3.298888	0.448716	-0.5390536	3.113213	0.3045442	-0.5385063	3.370397	0.5038177	-0.9256652	3.164204	0.3541122	-0.918161	3.448452	

0.4529876	-0.1009951	2.915312	0.1235875	-0.06198356	3.320316	0.4192518	-0.2322543	2.935363	0.1416012	-0.2118131	3.37412	0.480363	-0.1507505	2.903605	0.1514244	-0.1199799	3.287933	0.2601008	0.7039214	3.034819	0.3035049	0.5815254	3.054327	0.2995351	0.5052119	3.068883	0.2872286	0.2710117	3.103105	0.2697239	-0.04806908	3.140152	0.4214386	0.4540682	2.977657	0.1817659	0.4656047	3.154926	0.3199739	-0.04479509	3.061264	0.2130716	-0.050173	3.139821	0.4760829	0.1450604	2.951086	0.1228059	0.2011881	3.304479	0.4488383	-0.539023	3.113307	0.3045945	-0.5385586	3.37056	0.5042937	-0.9259719	3.164612	0.3542941	-0.9180407	3.448686	

0.4533189	-0.1019573	2.915811	0.1211858	-0.06456846	3.325656	0.421243	-0.2312168	2.933219	0.1407316	-0.2130805	3.393512	0.4679147	-0.1898703	2.896385	0.1490327	-0.1287187	3.297883	0.2608292	0.7036399	3.034169	0.3050836	0.5810795	3.052901	0.300997	0.5049223	3.067773	0.2882439	0.2711248	3.102672	0.2704681	-0.04757294	3.140071	0.4223284	0.4540254	2.977816	0.1830782	0.472552	3.158048	0.3202522	-0.04455178	3.061153	0.2143967	-0.04935499	3.139821	0.4763548	0.1444139	2.951234	0.1229172	0.2008982	3.305191	0.4489205	-0.538945	3.113579	0.3047325	-0.5382741	3.371046	0.5044088	-0.9258815	3.164566	0.3548812	-0.9182147	3.448767	

0.4536819	-0.101827	2.915999	0.1210416	-0.06485616	3.326179	0.4250872	-0.2331274	2.931358	0.1375664	-0.2046932	3.377424	0.4757513	-0.1606084	2.896292	0.1567382	-0.130413	3.253333	0.2617598	0.7032705	3.033475	0.3056516	0.5807408	3.052464	0.3014563	0.5047064	3.067522	0.2884372	0.2711491	3.102726	0.2705549	-0.04714497	3.140554	0.4225241	0.4540622	2.977597	0.1833322	0.4741246	3.157872	0.3200755	-0.04414182	3.062129	0.2146322	-0.04886581	3.140005	0.4765846	0.1448701	2.951345	0.1218386	0.1979405	3.30931	0.4489776	-0.5387961	3.113832	0.3048319	-0.5383698	3.371396	0.5045007	-0.925855	3.16462	0.3547724	-0.9178949	3.449004	

0.4547583	-0.1021182	2.917183	0.1207447	-0.0648609	3.326984	0.42762	-0.2404845	2.937855	0.1354091	-0.204152	3.376815	0.4817097	-0.1617147	2.9053	0.1575156	-0.1313421	3.246	0.2625522	0.7028564	3.033067	0.3061275	0.5805502	3.052549	0.3018961	0.5045543	3.067694	0.2887511	0.2711568	3.103221	0.2705485	-0.04679092	3.141708	0.4228472	0.4539905	2.97736	0.1833626	0.4754874	3.158398	0.3196764	-0.04392286	3.063303	0.2149625	-0.0483814	3.141148	0.4767327	0.1450831	2.951416	0.1209075	0.1956045	3.31409	0.4491556	-0.5386499	3.11408	0.3050438	-0.538406	3.371517	0.5045586	-0.925752	3.164676	0.3535973	-0.9191396	3.449448	

0.4549389	-0.1023458	2.917536	0.1230362	-0.06759284	3.326846	0.4351864	-0.2411351	2.942492	0.1330261	-0.2048231	3.381071	0.485642	-0.1501572	2.910429	0.1458862	-0.127645	3.299471	0.2642186	0.7027119	3.030985	0.3077416	0.5808254	3.051074	0.303346	0.5046748	3.06658	0.2896351	0.2710297	3.102927	0.2710208	-0.04713759	3.141876	0.4240303	0.4539541	2.977288	0.1819792	0.4698895	3.154254	0.3203957	-0.0443076	3.063734	0.2152252	-0.04870008	3.14111	0.4768771	0.1451874	2.951471	0.1208267	0.1954894	3.314091	0.4493705	-0.5385993	3.114297	0.3052593	-0.5386539	3.371651	0.5042152	-0.9253069	3.165326	0.3535804	-0.9191186	3.449527	

0.4562774	-0.1026078	2.918128	0.1155595	-0.04889532	3.327054	0.4388647	-0.2414377	2.941569	0.127953	-0.1865007	3.36843	0.4737308	-0.176765	2.904682	0.1424279	-0.1211719	3.308501	0.2657091	0.7020652	3.030393	0.3089153	0.5805222	3.051116	0.3044147	0.5043723	3.066653	0.2902656	0.2707962	3.103103	0.2711587	-0.04729669	3.142046	0.4248369	0.4537697	2.977238	0.1822582	0.4690728	3.150882	0.3208294	-0.04462321	3.064213	0.2152158	-0.04876091	3.14112	0.4770936	0.1453227	2.951391	0.1224736	0.1972996	3.300994	0.449422	-0.5382109	3.114542	0.3052547	-0.5386056	3.371708	0.5042809	-0.9252619	3.165254	0.3548315	-0.9191173	3.450161	

0.4571954	-0.1025785	2.9188	0.1262888	-0.06711411	3.321434	0.4357244	-0.2415168	2.938349	0.1354948	-0.2042511	3.378415	0.4781967	-0.164966	2.904261	0.1562278	-0.1196078	3.2508	0.26699	0.7014453	3.029527	0.3097006	0.5801719	3.050889	0.3049357	0.5041255	3.066608	0.2903599	0.2707067	3.103419	0.2701004	-0.04721277	3.143927	0.425618	0.4536433	2.977195	0.1814665	0.468402	3.151549	0.319456	-0.04551042	3.067529	0.2142581	-0.04806304	3.142055	0.4773062	0.1457054	2.951479	0.1217415	0.1951856	3.302711	0.4496095	-0.5382852	3.114948	0.3052436	-0.5381553	3.371846	0.5041448	-0.9253938	3.165158	0.3549411	-0.9187112	3.450488	

0.4581344	-0.1026864	2.920153	0.1236237	-0.06719784	3.321244	0.4422191	-0.2422079	2.940122	0.1334523	-0.2048708	3.373415	0.480203	-0.1749585	2.904766	0.147449	-0.1250634	3.2943	0.2682997	0.7007873	3.028611	0.3112288	0.579845	3.05026	0.3064952	0.5037781	3.066033	0.2916715	0.2704046	3.103137	0.2710213	-0.04747922	3.143748	0.426619	0.4532534	2.976859	0.1810134	0.4676535	3.150547	0.3206677	-0.04579608	3.067256	0.2148653	-0.0482567	3.141839	0.4775067	0.1459379	2.951545	0.1233748	0.1976854	3.287127	0.4498497	-0.5383994	3.115314	0.3052587	-0.5381376	3.37183	0.5043609	-0.9256222	3.165202	0.3557816	-0.9194329	3.450327	

0.4597067	-0.1006251	2.920177	0.1218998	-0.06739841	3.319884	0.4389573	-0.2464255	2.937058	0.1296227	-0.2028939	3.366266	0.4777928	-0.1677132	2.90197	0.148772	-0.1104297	3.274667	0.2694487	0.7005247	3.027917	0.3114677	0.5794989	3.049979	0.3067386	0.5035254	3.065817	0.2918567	0.2703724	3.103089	0.2712335	-0.04730253	3.14376	0.4280282	0.4527412	2.976864	0.1804217	0.4739442	3.157621	0.320768	-0.0455716	3.067287	0.2152198	-0.04809364	3.141751	0.4780174	0.1482815	2.951713	0.1210999	0.1944594	3.295272	0.4499298	-0.5382529	3.115409	0.3052823	-0.5381848	3.371879	0.5042584	-0.9256848	3.165126	0.3562962	-0.9194012	3.450235	

0.4603579	-0.1008816	2.920678	0.1112544	-0.05412869	3.319011	0.4441237	-0.2420465	2.940926	0.1230621	-0.1862529	3.362299	0.4791924	-0.1663439	2.906196	0.155451	-0.1183115	3.247	0.2686624	0.7006115	3.024429	0.3106469	0.5790388	3.045813	0.306229	0.5032308	3.062563	0.2918535	0.2704449	3.101985	0.2713738	-0.0471159	3.143655	0.4278817	0.4522949	2.975579	0.1792716	0.4735183	3.157845	0.3207797	-0.04541522	3.06716	0.2155471	-0.04780571	3.141584	0.4780519	0.1483129	2.951732	0.1202042	0.1936109	3.297943	0.4499551	-0.5382146	3.115281	0.3051521	-0.5387179	3.372244	0.504542	-0.925742	3.164824	0.3547122	-0.9198999	3.449722	

0.4598853	-0.1016236	2.921109	0.1186685	-0.06727297	3.316562	0.4346326	-0.2406644	2.943017	0.1308434	-0.2039453	3.378815	0.4856211	-0.1541301	2.911353	0.1411817	-0.1221558	3.295125	0.2670994	0.6988664	3.021215	0.3092249	0.5778962	3.043313	0.3051881	0.5021486	3.060318	0.2917102	0.269684	3.100681	0.2718956	-0.04758636	3.143166	0.4273273	0.4515129	2.973247	0.1775659	0.4696279	3.148782	0.3213443	-0.04554276	3.066682	0.216007	-0.04873826	3.140902	0.4783992	0.1477729	2.951576	0.1197916	0.1934459	3.298461	0.4497367	-0.5379251	3.114818	0.3055828	-0.5396142	3.373425	0.5030855	-0.9253888	3.163899	0.3539068	-0.9215316	3.449662	

0.4638749	-0.1075681	2.913198	0.1217638	-0.05313716	3.301682	0.4486091	-0.2413035	2.929338	0.1337726	-0.1751129	3.335721	0.4923737	-0.1835203	2.905313	0.1476415	-0.1112256	3.276522	0.2633088	0.6865265	2.995973	0.3041742	0.5726297	3.027216	0.3012774	0.4972946	3.045221	0.2908923	0.2662	3.089017	0.2742224	-0.04942802	3.135737	0.426702	0.4487724	2.957766	0.1719641	0.4658166	3.136758	0.3234575	-0.04728181	3.059309	0.2183616	-0.05054031	3.133078	0.4814779	0.1420157	2.944094	0.119447	0.1945195	3.276411	0.4514779	-0.5373473	3.112455	0.3076734	-0.5381185	3.36894	0.5038898	-0.9238014	3.163879	0.3537242	-0.9215409	3.448896	

0.4667346	-0.1068923	2.91138	0.1217251	-0.05514849	3.301799	0.4502564	-0.2477641	2.937335	0.13487	-0.1931709	3.353154	0.4926005	-0.169437	2.893394	0.1475824	-0.1181078	3.278726	0.261474	0.6877913	2.992743	0.3023109	0.5713449	3.021156	0.3000957	0.4960332	3.040255	0.291247	0.2651426	3.086664	0.2764396	-0.05050817	3.135272	0.4259827	0.448565	2.952576	0.1697825	0.4624231	3.130197	0.32467	-0.04785177	3.059529	0.2218805	-0.05226775	3.131418	0.4823827	0.1430636	2.941254	0.1187522	0.1926712	3.276528	0.4534154	-0.5385033	3.11124	0.3093177	-0.5380656	3.36505	0.5041796	-0.9234688	3.16406	0.3551482	-0.9222207	3.44786	

0.496321	-0.1126504	2.892172	0.1168972	-0.09423975	3.264842	0.4801602	-0.2467757	2.910643	0.1210277	-0.2185213	3.313512	0.5184102	-0.1626862	2.8755	0.1464035	-0.1273229	3.243667	0.2626222	0.6814345	2.96072	0.3035263	0.5642403	2.988241	0.3023438	0.4890489	3.00925	0.2969388	0.2586748	3.062153	0.2863841	-0.05550383	3.120481	0.4333628	0.4452326	2.930367	0.1652664	0.4597341	3.104363	0.33207	-0.05007201	3.047877	0.2338522	-0.06016111	3.113591	0.4939828	0.1374601	2.924275	0.1228476	0.1508827	3.226028	0.4589488	-0.5385239	3.104671	0.3117207	-0.5349681	3.3499	0.5041296	-0.9232142	3.163647	0.3547162	-0.921469	3.447544	

0.4973786	-0.1130393	2.891244	0.1123118	-0.1080773	3.267858	0.4857852	-0.2478324	2.912749	0.1203725	-0.2184974	3.309226	0.5286002	-0.1473953	2.873265	0.1389424	-0.1555451	3.244417	0.2620828	0.6819925	2.957023	0.3033113	0.5642328	2.983732	0.3023298	0.4889258	3.00441	0.2978743	0.258113	3.056336	0.2895946	-0.05665805	3.114238	0.4338706	0.4446907	2.923876	0.1644759	0.4591153	3.101469	0.3352966	-0.05165503	3.042176	0.2367463	-0.06057806	3.106994	0.4974766	0.1375485	2.916486	0.1212617	0.1515923	3.225704	0.4616298	-0.539071	3.102125	0.3127723	-0.5323444	3.338378	0.5045404	-0.9199349	3.162114	0.3544865	-0.9205222	3.446945	

0.4990987	-0.1134499	2.888882	0.1110043	-0.1122391	3.265036	0.4913453	-0.2473795	2.911801	0.1153266	-0.216306	3.289069	0.5245953	-0.1796843	2.870476	0.1325189	-0.1642687	3.254909	0.2628689	0.6793648	2.949798	0.3026498	0.5634953	2.979475	0.3019644	0.488211	2.99991	0.2986298	0.2574616	3.051083	0.2925797	-0.05711992	3.108243	0.4349144	0.4437384	2.916313	0.1643016	0.4600655	3.098109	0.3381322	-0.05207634	3.036176	0.2396954	-0.06093135	3.10109	0.5009704	0.1372005	2.913008	0.1188071	0.1530407	3.222736	0.4639815	-0.5358202	3.096808	0.3131714	-0.533031	3.336175	0.5051001	-0.9196117	3.161572	0.3538554	-0.9203982	3.446197	

0.5111261	-0.1187769	2.878721	0.1047892	-0.118307	3.240166	0.5103145	-0.2467	2.906659	0.08566869	-0.2062344	3.248519	0.5439886	-0.1790389	2.858435	0.1107491	-0.1587549	3.215555	0.2650066	0.6749145	2.929868	0.3044336	0.5606753	2.961557	0.3046762	0.4852554	2.982009	0.3043222	0.2540429	3.03329	0.302801	-0.06116821	3.090989	0.4372625	0.4403969	2.900849	0.166172	0.4571125	3.070945	0.3491046	-0.05473923	3.017304	0.2488744	-0.0660182	3.085361	0.5087594	0.1319912	2.898064	0.1134605	0.1569758	3.206964	0.4663759	-0.5330471	3.091314	0.3126904	-0.533199	3.331156	0.5053898	-0.9191779	3.161396	0.353649	-0.9190256	3.445378	

0.5125142	-0.1248235	2.830449	0.1092718	-0.09080891	3.197719	0.4988063	-0.2510635	2.863384	0.1004984	-0.1957237	3.230631	0.5419283	-0.1765887	2.823077	0.1455375	-0.08426871	3.1915	0.2694795	0.6638778	2.879875	0.3134291	0.5509963	2.910698	0.3125467	0.476268	2.932848	0.3082307	0.2478949	2.994252	0.3024395	-0.06407352	3.064639	0.4434384	0.4339717	2.843984	0.1721688	0.4610913	3.054863	0.3465407	-0.0599363	2.988918	0.2504137	-0.06674758	3.060868	0.5127366	0.1260808	2.844798	0.1193558	0.1585838	3.18647	0.4693368	-0.5325408	3.074012	0.2846919	-0.540617	3.275445	0.5056919	-0.919327	3.160736	0.3524446	-0.9180648	3.441447	

0.4895513	-0.1262688	2.805737	0.1121445	-0.08718561	3.201335	0.466951	-0.255493	2.839689	0.1077222	-0.1968751	3.241518	0.5093223	-0.1689442	2.786303	0.1373945	-0.1427571	3.179637	0.2693728	0.6634045	2.874719	0.3147065	0.5501198	2.904338	0.3133483	0.4753546	2.927319	0.3079908	0.2462918	2.987731	0.3000122	-0.06644621	3.057328	0.4419811	0.4304509	2.834108	0.1793119	0.4586039	3.04098	0.3432064	-0.06547787	2.978631	0.2487804	-0.06681659	3.055954	0.5062816	0.1241821	2.824263	0.1256353	0.1610879	3.181697	0.4719109	-0.530255	3.066996	0.2504191	-0.524404	3.218858	0.5080515	-0.9184242	3.15962	0.3409521	-0.903227	3.425943	

0.4342861	-0.136808	2.774576	0.1450218	-0.07543004	3.214223	0.4088748	-0.2626638	2.809465	0.1257465	-0.1704527	3.247022	0.4423852	-0.2176476	2.756467	0.1463244	-0.09691928	3.186846	0.2688883	0.6584623	2.859213	0.3147344	0.5459584	2.889382	0.3122864	0.4717748	2.913371	0.3037514	0.2439812	2.974828	0.2907752	-0.06689467	3.04529	0.4371511	0.4247604	2.808546	0.1902037	0.4511873	3.021547	0.3331332	-0.07130401	2.963732	0.2400602	-0.0620686	3.046085	0.4770253	0.110654	2.7765	0.1506469	0.203293	3.161732	0.4787492	-0.5219364	3.056962	0.2030976	-0.4972649	3.160988	0.5096102	-0.91522	3.158638	0.3111695	-0.8616415	3.383969	

0.4143893	-0.1312238	2.759803	0.1451564	-0.02413152	3.236182	0.3674053	-0.260141	2.786256	0.1373881	-0.1004063	3.240867	0.404127	-0.1998094	2.733326	0.1456939	-0.05904283	3.204	0.2671435	0.6548958	2.850368	0.3145488	0.5440229	2.881392	0.3113746	0.4699586	2.905367	0.300537	0.2426337	2.966956	0.2841007	-0.06743878	3.03787	0.4333504	0.4227689	2.798766	0.1931403	0.4494862	3.013863	0.3269182	-0.0743156	2.956363	0.2334771	-0.05959094	3.039309	0.4719734	0.113632	2.769978	0.1539674	0.2082214	3.155173	0.4806027	-0.5199319	3.053166	0.1917306	-0.4962108	3.14948	0.5121509	-0.9122643	3.158989	0.2886829	-0.8692613	3.363796	

0.3314314	-0.1124728	2.717088	0.1601156	-0.04092378	3.201075	0.2793185	-0.2488756	2.744309	0.1529084	-0.1736878	3.234204	0.323301	-0.207799	2.7036	0.161144	-0.1319949	3.197354	0.2586229	0.654898	2.835861	0.3120412	0.5425966	2.861649	0.3104937	0.4688922	2.887007	0.3039391	0.2425908	2.952287	0.2932215	-0.06616079	3.026624	0.4244015	0.4238222	2.782204	0.2043942	0.4626881	2.977756	0.3357963	-0.07429162	2.943268	0.2428333	-0.05678483	3.030165	0.4254164	0.1210877	2.723854	0.1660374	0.2305941	3.119232	0.481	-0.5208137	3.050746	0.1528666	-0.4969877	3.109121	0.5125718	-0.9093365	3.157744	0.2390283	-0.8820168	3.307668	

0.2211358	-0.06557649	2.644754	0.1559544	-0.03724843	3.185639	0.1160987	-0.1866354	2.653171	0.1489581	-0.1691089	3.217725	0.1596182	-0.1694943	2.621786	0.157208	-0.1274326	3.180874	0.2365737	0.6459323	2.81057	0.2964	0.5394245	2.838426	0.2977797	0.466509	2.864012	0.299491	0.2424563	2.930185	0.2990776	-0.06336319	3.00536	0.4002433	0.4231714	2.752748	0.1995765	0.463731	2.963639	0.3435705	-0.06449118	2.914929	0.2471359	-0.0588751	3.014739	0.3688057	0.1539374	2.680963	0.1612584	0.2315195	3.106923	0.4771104	-0.5200232	3.043435	0.1337029	-0.5110126	3.084875	0.511293	-0.9098349	3.156695	0.1493196	-0.9352068	3.216246	

0.1368473	-0.03544469	2.603798	0.1455041	-0.03354555	3.174927	0.01576393	-0.1411912	2.598643	0.1388871	-0.1650946	3.207116	0.08372284	-0.1221093	2.574652	0.1471802	-0.1234339	3.170262	0.2212143	0.6415417	2.802338	0.2799285	0.531256	2.827002	0.2831134	0.4591961	2.852463	0.2907191	0.2377867	2.919168	0.2969998	-0.06512544	2.996884	0.3876568	0.4188173	2.742333	0.1883989	0.4664657	2.952681	0.3349804	-0.06590562	2.907454	0.2510454	-0.06232322	3.003527	0.3331434	0.1619389	2.663531	0.1497243	0.2342639	3.095896	0.4761941	-0.5208234	3.042181	0.1228103	-0.5843264	3.083973	0.5105907	-0.910221	3.156031	0.08177836	-0.9526809	3.136731	

0.1120405	-0.02218859	2.584516	0.136619	-0.03308246	3.169181	-0.02716536	-0.1145374	2.569871	0.1301089	-0.1644965	3.20135	0.04438213	-0.1084094	2.5268	0.1384406	-0.1228371	3.164495	0.2102295	0.6371576	2.796015	0.2735574	0.5305157	2.821283	0.2760416	0.4581565	2.846447	0.2820235	0.235903	2.912292	0.2884399	-0.06752042	2.990142	0.3747866	0.4146622	2.733687	0.1792344	0.4665414	2.946918	0.3226312	-0.06826068	2.901397	0.2462805	-0.06459075	2.998264	0.3119511	0.1617375	2.649656	0.1405707	0.2343194	3.090204	0.4750515	-0.5232251	3.040289	0.1222382	-0.5864525	3.082647	0.5065858	-0.9141715	3.154688	0.06839389	-0.9598511	3.115626	

0.04355927	-0.0005038371	2.556957	0.09944527	-0.06109177	3.144834	-0.09150472	-0.0759228	2.537593	0.09310757	-0.1922457	3.176944	-0.001222037	-0.06648608	2.519143	0.1016039	-0.1504538	3.14009	0.1816523	0.6327211	2.781921	0.2490008	0.5262954	2.804524	0.2509901	0.4528798	2.830609	0.2558609	0.2275766	2.898969	0.2609572	-0.07982552	2.979822	0.3484048	0.4074875	2.72269	0.1415795	0.4378132	2.922739	0.2986784	-0.07774645	2.895914	0.2162295	-0.07997038	2.983568	0.2547215	0.1584576	2.622541	0.1031081	0.2057216	3.066043	0.468235	-0.527577	3.035355	0.1218938	-0.5972745	3.07413	0.5064189	-0.914098	3.15477	0.04043502	-0.9721704	3.068243	

-0.02529557	0.01547639	2.541334	0.04523167	-0.06281663	3.135078	-0.165659	-0.0512393	2.516252	0.03908931	-0.1939656	3.167183	-0.1001686	-0.06191035	2.51375	0.04783193	-0.1521628	3.130324	0.1193299	0.625892	2.766814	0.1841093	0.5171049	2.789868	0.1859928	0.4435168	2.814486	0.1909985	0.2177614	2.878409	0.1970097	-0.09004549	2.953347	0.2865762	0.3968171	2.70963	0.08673542	0.4361055	2.913015	0.2333201	-0.08717853	2.870605	0.1554442	-0.09049231	2.956722	0.1837526	0.1462091	2.608965	0.04865098	0.2040003	3.056296	0.4206004	-0.560635	3.015213	0.1082345	-0.6000168	3.067696	0.505658	-0.9140048	3.153701	0.03931182	-0.9737901	3.069041	

-0.02711468	0.01570194	2.540958	0.04001673	-0.05220794	3.13508	-0.1743191	-0.05714319	2.522146	0.0338933	-0.1833955	3.167186	-0.1130962	-0.06473665	2.519435	0.04265972	-0.141641	3.130324	0.1140615	0.6267954	2.76518	0.1790223	0.5188985	2.789231	0.1807017	0.4452088	2.813811	0.1850608	0.2191219	2.877615	0.1901056	-0.08919273	2.952372	0.2853913	0.3969325	2.709482	0.08145817	0.4468349	2.912987	0.2259902	-0.0865284	2.869784	0.149115	-0.08947044	2.95559	0.181153	0.1462389	2.608057	0.04341229	0.2146565	3.056288	0.4055024	-0.5412521	3.000585	0.09974228	-0.596041	3.062603	0.5023501	-0.9130231	3.149222	0.03937984	-0.9742623	3.069153	

-0.04173724	0.01283084	2.540099	0.03020237	-0.05155509	3.132447	-0.1866106	-0.06422685	2.519643	0.02411443	-0.1827454	3.164552	-0.1232667	-0.07132111	2.520947	0.03292561	-0.1409931	3.12769	0.09985804	0.6290114	2.765269	0.1661219	0.520276	2.787588	0.1676299	0.4463328	2.811983	0.1715149	0.219458	2.875225	0.1759756	-0.08995753	2.949199	0.2676398	0.396434	2.707295	0.07152934	0.4475043	2.910354	0.2113841	-0.0877825	2.867678	0.1357409	-0.08973389	2.951329	0.1747656	0.1478372	2.607686	0.0335537	0.2153151	3.053654	0.4025444	-0.5554709	3.003216	0.0940044	-0.5963203	3.059773	0.5014234	-0.9134201	3.148431	0.03933093	-0.9746453	3.069244	

-0.0708202	-0.01073091	2.549716	-0.03732389	-0.006692454	3.135084	-0.2003326	-0.1032836	2.544052	-0.04316676	-0.1380456	3.167196	-0.1024431	-0.07864866	2.5533	-0.03404672	-0.0964987	3.130324	0.02515566	0.6391878	2.760883	0.08943897	0.5291389	2.782101	0.09204055	0.4554181	2.805629	0.09960146	0.2291851	2.866291	0.109469	-0.07939006	2.936878	0.192572	0.4065964	2.699999	0.003206493	0.492866	2.912866	0.136872	-0.07385408	2.856808	0.07913158	-0.08277426	2.937463	0.1445874	0.1526516	2.611757	-0.03427766	0.2603742	3.056244	0.3105028	-0.551453	2.947044	0.05742401	-0.5950633	3.055418	0.4775407	-0.9155539	3.108712	0.03545111	-0.9710444	3.070863	

-0.07049244	-0.01561032	2.552834	-0.06751215	-0.04804933	3.117498	-0.1954943	-0.1139674	2.551849	-0.07324415	-0.1792543	3.149606	-0.1030652	-0.08698437	2.554611	-0.06398447	-0.1375143	3.112746	0.02021983	0.6403896	2.76026	0.08520371	0.5298629	2.782101	0.08548658	0.4557793	2.80564	0.0825942	0.2271597	2.86636	0.07026785	-0.087864	2.937052	0.1903138	0.4063767	2.700855	-0.02733749	0.4510996	2.895407	0.1082559	-0.08157744	2.861193	0.02830421	-0.09174152	2.932066	0.1409716	0.1529337	2.613765	-0.06460451	0.2188517	3.0387	0.2276766	-0.5569568	2.941288	0.05395599	-0.5919126	3.053976	0.4638975	-0.8982429	3.097182	0.0350914	-0.9710125	3.070975	

-0.057302	-0.05421959	2.584292	-0.08478611	-0.04395451	3.118656	-0.1719805	-0.148762	2.575664	-0.09045523	-0.1751742	3.150764	-0.1076082	-0.1385224	2.570917	-0.08111635	-0.1334534	3.113906	-0.01249066	0.6368042	2.763926	0.0512575	0.5251438	2.786963	0.04964653	0.4504532	2.809502	0.04664772	0.221454	2.866842	0.04620477	-0.09078567	2.933746	0.1682621	0.4042026	2.704211	-0.04481597	0.4552366	2.896551	0.07752863	-0.08382936	2.862944	0.01219379	-0.09497757	2.925859	0.1325269	0.1440644	2.624353	-0.08195674	0.2229632	3.039851	0.1974835	-0.5326056	2.827679	0.03940485	-0.5902916	3.052252	0.40986	-0.8740808	3.012116	0.03858305	-0.9687664	3.071892	

-0.04421956	-0.05589495	2.590606	-0.1045429	-0.04950297	3.112812	-0.1545916	-0.1701091	2.586696	-0.1101393	-0.1807031	3.144922	-0.07729761	-0.1425806	2.580714	-0.1007089	-0.1389555	3.108068	-0.02229067	0.6342144	2.763721	0.04060487	0.5232877	2.788357	0.0408269	0.4488559	2.810044	0.04077385	0.2202951	2.86563	0.04051161	-0.09185324	2.929781	0.157011	0.4022319	2.706916	-0.06480817	0.4496425	2.890719	0.0754011	-0.08409695	2.859935	0.002138197	-0.09736239	2.920521	0.1308701	0.141514	2.6327	-0.1018043	0.2173954	3.034009	0.1792305	-0.5573298	2.831892	0.0171517	-0.5883836	3.051276	0.4186061	-0.870585	3.03139	0.03844992	-0.9678059	3.071356	

0.03086628	-0.1052196	2.617485	-0.2039891	-0.06902608	3.113521	-0.04165952	-0.2400305	2.606567	-0.1759852	-0.2424897	3.141613	0.03272902	-0.2184505	2.67	-0.169229	-0.1783952	3.079947	-0.07200851	0.6275797	2.760236	-0.01279573	0.5166383	2.788048	-0.01394038	0.4428511	2.80674	-0.01737266	0.2164427	2.852877	-0.02197182	-0.09246725	2.904072	0.1250315	0.4007058	2.71399	-0.1288959	0.4381215	2.903209	0.02942245	-0.08812284	2.828571	-0.07271977	-0.09427721	2.900027	0.1344448	0.1344096	2.653276	-0.1979227	0.1749286	3.075776	0.09465376	-0.54768	2.7555	-0.06733867	-0.5209233	3.034973	0.3283823	-0.8692417	2.949583	0.02987234	-0.9560907	3.079518	

0.1204064	-0.117635	2.627051	-0.2919525	-0.1412264	2.978384	0.08755761	-0.2721958	2.636219	-0.2973461	-0.2655934	2.977525	0.1274869	-0.191763	2.599378	-0.2799466	-0.2174529	2.922667	-0.09942909	0.6295838	2.751055	-0.03978338	0.5174319	2.777743	-0.04204661	0.443733	2.796157	-0.04888733	0.2175849	2.841442	-0.05825566	-0.09097625	2.891451	0.09216207	0.4012103	2.713846	-0.1902852	0.4004956	2.911065	-0.002191413	-0.09243994	2.819165	-0.1139432	-0.08602444	2.883465	0.1475756	0.1288965	2.668895	-0.2463324	0.1031331	3.005453	0.04266214	-0.5691602	2.726397	-0.07096694	-0.5247071	2.983004	0.226283	-0.9377762	2.876638	0.02093936	-0.9511262	3.077188	

0.175965	-0.1256822	2.636652	-0.35803	-0.1333095	2.865582	0.166531	-0.2668618	2.626117	-0.3702044	-0.2306323	2.826741	0.1917576	-0.2030105	2.604035	-0.3286227	-0.1746106	2.833625	-0.1196247	0.6274235	2.739313	-0.06142228	0.5179619	2.770226	-0.05821349	0.4437282	2.78886	-0.05391316	0.2165867	2.835061	-0.05456955	-0.09367386	2.882152	0.07875567	0.4004897	2.707499	-0.2125382	0.394653	2.902934	-0.0003586327	-0.09349913	2.814092	-0.1071263	-0.09152827	2.869013	0.1613801	0.1222123	2.674836	-0.2760816	0.09196535	2.94487	0.007722184	-0.5926797	2.709713	-0.07850882	-0.5249237	2.985871	0.1257247	-0.9677029	2.810098	0.00118184	-0.958088	3.061795	

0.190128	-0.129269	2.640487	-0.3808386	-0.1041474	2.817059	0.1992308	-0.2666742	2.630605	-0.4127546	-0.2148739	2.762043	0.2346369	-0.1950868	2.62245	-0.3740183	-0.1904407	2.7779	-0.1280602	0.624849	2.735374	-0.07023238	0.5156896	2.766917	-0.06580147	0.4414558	2.784858	-0.05620881	0.214092	2.829281	-0.04563227	-0.09822833	2.871408	0.06932462	0.4004442	2.703309	-0.22374	0.3884489	2.894504	0.007192918	-0.0961005	2.805499	-0.09743758	-0.09780917	2.857354	0.1735665	0.1186381	2.677091	-0.2852711	0.1043832	2.925734	0.002301074	-0.5961434	2.705511	-0.09081184	-0.5258353	2.989109	0.0815215	-0.9871647	2.765051	-0.02680106	-0.964599	3.049374	

0.2465557	-0.1206621	2.649937	-0.4206837	-0.06793217	2.734886	0.2625943	-0.2457322	2.651755	-0.464179	-0.1730875	2.661683	0.2908436	-0.1465039	2.654083	-0.4268199	-0.1519854	2.695333	-0.1574422	0.6200444	2.713452	-0.1003415	0.5076503	2.742389	-0.09570488	0.4338073	2.758851	-0.08055454	0.2075112	2.799414	-0.05845677	-0.1013029	2.845968	0.05001429	0.3962851	2.685425	-0.2484137	0.3702535	2.85439	-0.00283662	-0.09915878	2.779117	-0.1124078	-0.1006451	2.83331	0.1783444	0.1186821	2.677169	-0.3155157	0.1204527	2.870574	-0.009554276	-0.6013032	2.697627	-0.113401	-0.5270654	2.968788	0.0103394	-0.994315	2.712218	-0.04421948	-0.9652573	3.028037	

0.2517126	-0.1192476	2.649879	-0.4338263	-0.05322195	2.708304	0.2840223	-0.2462657	2.671078	-0.4877779	-0.1430141	2.62264	0.3034198	-0.1375962	2.653572	-0.4393288	-0.1013303	2.695667	-0.1616289	0.6174694	2.707352	-0.1060121	0.5068305	2.739122	-0.100717	0.4330961	2.75537	-0.0844407	0.2069079	2.794491	-0.06193291	-0.101956	2.835726	0.04311065	0.3946186	2.676702	-0.2509266	0.3706344	2.852417	-0.006160153	-0.09984361	2.767193	-0.1158967	-0.1012278	2.824588	0.1791658	0.1186951	2.676939	-0.325723	0.1256696	2.854719	-0.01439362	-0.5954455	2.693308	-0.1528565	-0.5058503	3.000097	-0.002276418	-0.9938093	2.70361	-0.08280838	-0.9442542	3.05812	

0.2582207	-0.1185699	2.651357	-0.4455944	-0.04205971	2.683666	0.2975482	-0.2397392	2.672007	-0.507318	-0.1226001	2.587845	0.3126849	-0.1316618	2.657778	-0.452592	-0.09328047	2.659	-0.1718187	0.6146989	2.698225	-0.114425	0.5040526	2.729094	-0.1090803	0.4301474	2.745601	-0.09254699	0.2033651	2.785269	-0.06956537	-0.1061789	2.827584	0.03390886	0.3911213	2.666322	-0.2565821	0.3712139	2.845963	-0.01366797	-0.1024312	2.758891	-0.1235421	-0.1070643	2.816596	0.1797652	0.1174801	2.675946	-0.3336648	0.1295234	2.836038	-0.01746206	-0.595373	2.692261	-0.1453493	-0.5143292	2.989284	-0.02045736	-0.9987639	2.692528	-0.07548124	-0.9527045	3.04736	

0.2651018	-0.1342891	2.645865	-0.4842778	-0.02312553	2.598117	0.2974595	-0.2452821	2.660625	-0.5330668	-0.09065843	2.510016	0.3068978	-0.1459368	2.620895	-0.4909116	-0.0766782	2.581357	-0.1925578	0.6090217	2.64322	-0.1346591	0.4986262	2.674677	-0.1307422	0.4240167	2.690854	-0.1182845	0.1949425	2.729454	-0.1008164	-0.1178942	2.770492	0.007813006	0.3799547	2.614248	-0.2816836	0.3579625	2.78792	-0.04570791	-0.1115457	2.700096	-0.1529874	-0.1208582	2.76142	0.173386	0.09583231	2.636335	-0.3604307	0.1191956	2.771005	-0.02269541	-0.5909446	2.689609	-0.1589347	-0.5249166	2.940599	-0.02372592	-0.999877	2.690945	0.005411304	-0.9182119	3.069721	

0.2247849	-0.1609768	2.58506	-0.5010973	-0.0330212	2.563009	0.2438398	-0.2652221	2.621145	-0.5578102	-0.09775845	2.470647	0.2658355	-0.1754417	2.570222	-0.5306782	-0.1094152	2.494333	-0.2036029	0.6062332	2.604485	-0.1474129	0.4942611	2.635669	-0.1453443	0.4181235	2.653006	-0.1388194	0.1841757	2.694227	-0.1309272	-0.136344	2.737193	-0.006394284	0.3751929	2.568119	-0.2927709	0.3523724	2.733193	-0.07371428	-0.1224537	2.673542	-0.1824691	-0.1459526	2.722871	0.1501954	0.07621302	2.589508	-0.380393	0.1174489	2.730755	-0.03391919	-0.585643	2.664452	-0.1755918	-0.5500298	2.901439	-0.02636829	-0.9994034	2.689951	-0.01112558	-0.9431961	3.030553	

0.2142376	-0.1664805	2.574103	-0.5057112	-0.03548599	2.555393	0.2245757	-0.2735296	2.590669	-0.5595813	-0.1084119	2.467124	0.2482876	-0.2131484	2.5538	-0.5317596	-0.1173392	2.494674	-0.2057558	0.6067676	2.595655	-0.1502286	0.4918651	2.624069	-0.148037	0.4159355	2.639664	-0.1406309	0.1829889	2.675772	-0.1298043	-0.1349461	2.712231	-0.00773286	0.3737608	2.561147	-0.2952497	0.3494008	2.724815	-0.07109701	-0.1220896	2.636657	-0.1834569	-0.144074	2.705805	0.1451092	0.07238167	2.580284	-0.3829227	0.1145263	2.721842	-0.03611875	-0.5858979	2.658763	-0.1765782	-0.5445834	2.890607	-0.02744695	-0.9981519	2.688462	0.004956736	-0.9150224	3.055037	

0.1524311	-0.1809921	2.520303	-0.510379	-0.04535726	2.549156	0.1575292	-0.300413	2.559594	-0.5613579	-0.130806	2.457015	0.1926849	-0.2362953	2.5166	-0.53302	-0.1367049	2.48425	-0.2130452	0.5996255	2.5555	-0.1569247	0.4864924	2.585864	-0.1552296	0.4108477	2.601323	-0.149298	0.1785751	2.638203	-0.1402727	-0.1387172	2.67743	-0.01755891	0.3673128	2.516451	-0.3021677	0.3523816	2.691281	-0.08181649	-0.1266245	2.605335	-0.193786	-0.1465028	2.671395	0.1122564	0.06452727	2.527039	-0.3843484	0.1165927	2.700282	-0.03843808	-0.5864497	2.644792	-0.1900203	-0.5563506	2.839675	-0.02860209	-0.9963529	2.686692	0.004598336	-0.9069195	3.028589	

0.1295167	-0.1883698	2.50226	-0.51065	-0.05320383	2.545913	0.1218406	-0.3043775	2.530766	-0.5577233	-0.1470849	2.456532	0.1595795	-0.2308418	2.48692	-0.5184214	-0.1222228	2.539834	-0.2155467	0.6011683	2.545302	-0.1610221	0.484879	2.573155	-0.1596067	0.4089902	2.590047	-0.1545613	0.1759748	2.630116	-0.1472259	-0.1425045	2.671958	-0.01924007	0.3656888	2.507065	-0.3038706	0.3527992	2.680931	-0.09126196	-0.1319514	2.599462	-0.1991726	-0.1491962	2.665441	0.1010114	0.05884813	2.512574	-0.3860725	0.1131052	2.693158	-0.03920777	-0.5865717	2.633394	-0.1933082	-0.5596357	2.832531	-0.02932035	-0.9942436	2.685391	0.0005300746	-0.9118839	3.019285	

0.02293876	-0.2100815	2.420133	-0.4966065	-0.129742	2.568104	0.003721752	-0.3286125	2.445696	-0.5265355	-0.2170948	2.52091	0.05622457	-0.2553908	2.414231	-0.4965022	-0.2110342	2.546	-0.2311407	0.5927872	2.486895	-0.1729362	0.4743537	2.510518	-0.1760412	0.3971507	2.527768	-0.1847571	0.1599339	2.569538	-0.1957796	-0.1642533	2.614508	-0.03819292	0.3470492	2.444347	-0.3189614	0.3336865	2.631556	-0.1410151	-0.1585623	2.539616	-0.2445554	-0.1649669	2.610189	0.04053223	0.03823736	2.435283	-0.3905328	0.07372916	2.674547	-0.03613763	-0.5947129	2.613259	-0.2250597	-0.5870727	2.752867	-0.02863706	-0.9935061	2.684697	-0.03363791	-0.9360031	2.947415	

-0.1839688	-0.1836442	2.269539	-0.407121	-0.1853337	2.703469	-0.2466967	-0.3275153	2.303419	-0.4086195	-0.2882452	2.656302	-0.1960848	-0.2635796	2.287143	-0.4226296	-0.2590268	2.655	-0.2646495	0.577557	2.422146	-0.1961178	0.4656702	2.440132	-0.195602	0.3892003	2.460548	-0.1931523	0.1541215	2.511827	-0.1894723	-0.1669419	2.573407	-0.08057488	0.3350614	2.366199	-0.3121991	0.3591538	2.543548	-0.138208	-0.1614444	2.493136	-0.235183	-0.1673356	2.573815	-0.08896532	0.04603474	2.296584	-0.3686812	0.05347363	2.660578	-0.04973927	-0.6059114	2.583462	-0.3020937	-0.6086666	2.651656	-0.02878103	-0.9941269	2.67985	-0.1760066	-0.9749651	2.864205	

-0.3161869	-0.1387023	2.177737	-0.4183932	-0.1552424	2.676756	-0.4283849	-0.2649047	2.184181	-0.4299486	-0.290073	2.64213	-0.3711697	-0.2555892	2.1695	-0.4438349	-0.2608388	2.64085	-0.2890296	0.5703906	2.39442	-0.2153069	0.4641355	2.410747	-0.2160742	0.388408	2.432212	-0.2177268	0.1555279	2.486233	-0.2214372	-0.1624437	2.546144	-0.105006	0.3335844	2.332431	-0.3236427	0.389735	2.516689	-0.181543	-0.1583747	2.469896	-0.2568427	-0.1614699	2.542691	-0.161118	0.0679503	2.232049	-0.3800228	0.08374512	2.633829	-0.05662527	-0.5956383	2.567408	-0.3654432	-0.6084081	2.586979	-0.03271968	-0.9955889	2.677788	-0.2932281	-1.016595	2.745193	

-0.4216742	-0.08169644	2.109891	-0.4515819	-0.186607	2.63307	-0.5632685	-0.1738896	2.084374	-0.462978	-0.3213256	2.598464	-0.4687456	-0.1561566	2.083	-0.4766541	-0.2919005	2.597241	-0.323659	0.5614858	2.364844	-0.2523696	0.4545932	2.379994	-0.2520878	0.3791254	2.403114	-0.2498987	0.1470966	2.462445	-0.2449984	-0.1696018	2.530755	-0.1419819	0.328787	2.297753	-0.3573623	0.358112	2.473047	-0.1980396	-0.1638	2.457472	-0.2842986	-0.1698713	2.525557	-0.2385963	0.07623898	2.17918	-0.4134163	0.05225345	2.590147	-0.06063283	-0.5985958	2.561483	-0.3934244	-0.6216688	2.558311	-0.03743435	-0.9974037	2.674851	-0.419071	-1.023791	2.607993	

-0.4418995	-0.07592528	2.100726	-0.4566985	-0.1702081	2.637713	-0.5976751	-0.1520919	2.066337	-0.4279152	-0.2738195	2.524267	-0.532273	-0.1595139	2.060193	-0.4254966	-0.2722718	2.51	-0.3301349	0.5585214	2.360204	-0.2562145	0.4529231	2.375787	-0.2563003	0.3775658	2.398862	-0.2554159	0.1458671	2.45802	-0.2530919	-0.1705208	2.52593	-0.1472858	0.325706	2.294096	-0.362531	0.3747077	2.477621	-0.2106299	-0.1658761	2.450547	-0.2887924	-0.1700537	2.522231	-0.2545499	0.07688281	2.169693	-0.4185534	0.06873392	2.594771	-0.06412461	-0.6003543	2.55697	-0.3973278	-0.6313047	2.553214	-0.03767018	-0.9973711	2.674721	-0.4429331	-1.030447	2.583554	

-0.5453193	-0.07947314	2.049618	-0.2279686	-0.1012845	2.440914	-0.6811595	-0.153829	2.019594	-0.2441739	-0.1984749	2.417297	-0.6148926	-0.1661154	2.010834	-0.2427162	-0.1972899	2.402866	-0.3651315	0.5451108	2.331067	-0.3344228	0.4357783	2.3382	-0.3342986	0.3605531	2.359206	-0.3323537	0.1291999	2.412292	-0.3279896	-0.1871455	2.472314	-0.2269698	0.3053821	2.254667	-0.437347	0.3791173	2.453142	-0.2820986	-0.1841875	2.396595	-0.3633965	-0.184153	2.469375	-0.3510518	0.0611295	2.124211	-0.4927292	0.07307138	2.5704	-0.1221942	-0.6068605	2.511147	-0.4203349	-0.6678543	2.522009	-0.04371026	-0.9984186	2.669333	-0.4686421	-1.037465	2.547334	

-0.5486153	-0.08035114	2.049117	-0.2321029	-0.1019523	2.440327	-0.6875728	-0.1625473	2.013539	-0.1416442	-0.09448936	2.354515	-0.6244957	-0.1758837	2.009074	-0.1535825	-0.09638172	2.329512	-0.3729914	0.5440182	2.328959	-0.3390357	0.4360181	2.336355	-0.3390397	0.3607581	2.357343	-0.3374722	0.1292897	2.410375	-0.3336172	-0.1872287	2.470324	-0.2319968	0.3045706	2.252745	-0.4442021	0.3767129	2.449186	-0.2883186	-0.1851296	2.393748	-0.3684236	-0.1834872	2.468122	-0.3540523	0.06002912	2.1232	-0.4995219	0.0706777	2.566448	-0.124872	-0.6073846	2.509117	-0.4252809	-0.6726146	2.521251	-0.04600783	-0.9987283	2.665919	-0.4693829	-1.037225	2.546389	

-0.5666883	-0.09238161	2.04352	-0.2453096	-0.103331	2.435782	-0.6967055	-0.1718106	2.011397	-0.1662055	-0.1001686	2.336503	-0.6307691	-0.1844174	2.006392	-0.1651738	-0.09954681	2.322	-0.3911671	0.5450199	2.32049	-0.3541005	0.4364767	2.329559	-0.3541902	0.3610917	2.350671	-0.3528101	0.1292352	2.404082	-0.3491267	-0.18781	2.464531	-0.2461792	0.3047556	2.247366	-0.4639905	0.3713048	2.435545	-0.304031	-0.1859223	2.388676	-0.3830549	-0.1837681	2.461802	-0.3730114	0.04970933	2.115977	-0.5191274	0.06528212	2.552825	-0.1799914	-0.6223093	2.503188	-0.4325958	-0.6695094	2.519177	-0.04854856	-0.9952095	2.662458	-0.4699494	-1.038983	2.545332	

-0.5683026	-0.09420991	2.040997	-0.2588736	-0.1101116	2.427773	-0.7025835	-0.1811925	2.010586	-0.1604223	-0.2358507	2.347447	-0.6345603	-0.188917	2.00584	-0.159435	-0.2343992	2.333	-0.4080355	0.5453186	2.314495	-0.3700439	0.4369786	2.323127	-0.3707172	0.3612427	2.343872	-0.3711218	0.128225	2.396124	-0.3699616	-0.1906223	2.454859	-0.2615128	0.304425	2.240259	-0.4782057	0.3646543	2.426075	-0.3226546	-0.1877166	2.379682	-0.4054989	-0.1875385	2.451556	-0.3767399	0.05060485	2.113763	-0.5332088	0.05866443	2.543361	-0.1696558	-0.6185645	2.496286	-0.4418854	-0.6637945	2.515865	-0.05522991	-0.9868669	2.652364	-0.4724604	-1.041544	2.542995	

-0.5722994	-0.09806301	2.036993	-0.274128	-0.1057656	2.422187	-0.7092713	-0.1936487	2.005112	-0.181092	-0.2073877	2.331453	-0.6404231	-0.2026343	2.0032	-0.1805229	-0.2104565	2.316	-0.4241722	0.5463952	2.309474	-0.3871606	0.4382533	2.316782	-0.3880407	0.3625281	2.337182	-0.3889036	0.1295677	2.388454	-0.3880565	-0.1891236	2.446004	-0.2798512	0.3047462	2.233342	-0.4937292	0.3691846	2.420062	-0.3410113	-0.1867711	2.370407	-0.4226346	-0.1854835	2.443237	-0.3837228	0.04946936	2.112501	-0.5485987	0.06314982	2.537388	-0.1801012	-0.6014249	2.476725	-0.4464304	-0.6614231	2.512548	-0.05892884	-0.9850137	2.647088	-0.4738075	-1.04343	2.541686	

-0.5948521	-0.1234858	2.019985	-0.3234571	-0.1047682	2.404795	-0.7152729	-0.2185972	1.997754	-0.2392474	-0.1007911	2.315463	-0.6443831	-0.225863	1.984	-0.2496693	-0.1079202	2.288439	-0.4665875	0.5462437	2.296683	-0.4352518	0.439597	2.304712	-0.4367859	0.3634788	2.323878	-0.4389941	0.1292942	2.371582	-0.4390045	-0.1910732	2.424653	-0.3210283	0.3042482	2.224048	-0.5439654	0.3702264	2.401847	-0.390834	-0.1894194	2.354874	-0.4729962	-0.1865802	2.416368	-0.4156183	0.03301102	2.100511	-0.5983954	0.06416055	2.519265	-0.2340604	-0.6064979	2.446047	-0.4603369	-0.6619588	2.508112	-0.07092407	-0.9758427	2.629129	-0.476792	-1.044958	2.539315	

-0.5550647	-0.2009206	2.038368	-0.4108394	-0.1111924	2.373394	-0.6481609	-0.312632	2.01143	-0.3163753	-0.2123663	2.282355	-0.582139	-0.2971868	1.997593	-0.3189822	-0.2147827	2.264	-0.5934904	0.5345787	2.264885	-0.5214356	0.4288419	2.286488	-0.5188631	0.3535819	2.301705	-0.5086199	0.122044	2.337614	-0.4920635	-0.1949037	2.3749	-0.3964067	0.2956763	2.213062	-0.6325238	0.3637637	2.370089	-0.4382303	-0.1817994	2.304084	-0.5297484	-0.2016237	2.368052	-0.4159985	0.02888133	2.105414	-0.6861719	0.05771938	2.487671	-0.3623294	-0.637569	2.315733	-0.5627773	-0.6351745	2.477893	-0.1451153	-0.9565843	2.533363	-0.4834808	-1.04048	2.536909	

-0.5425855	-0.2070086	2.046067	-0.4180667	-0.1125238	2.371875	-0.6175755	-0.3357025	2.028899	-0.3227069	-0.2298535	2.290674	-0.5556387	-0.3199934	2.019143	-0.3211064	-0.09847298	2.3	-0.5974172	0.5342211	2.263455	-0.5251477	0.4279475	2.285934	-0.5239923	0.3524397	2.30163	-0.5198758	0.1199061	2.340034	-0.5158929	-0.1988397	2.383439	-0.4000759	0.2943387	2.211949	-0.6398442	0.3624142	2.368543	-0.469763	-0.1898706	2.321275	-0.5470861	-0.2025409	2.370546	-0.4156979	0.02394976	2.110092	-0.6934292	0.05638205	2.486136	-0.3804231	-0.6465541	2.299378	-0.5808091	-0.6382341	2.474178	-0.1575935	-0.960096	2.519388	-0.489653	-1.04027	2.534186	

-0.4553049	-0.2413097	2.0893	-0.7734377	-0.2647508	2.436806	-0.4967375	-0.376591	2.094711	-0.7762426	-0.3758923	2.438408	-0.4500387	-0.3421909	2.057641	-0.7316936	-0.2648443	2.4182	-0.6499211	0.5305373	2.243591	-0.5786607	0.4193157	2.272485	-0.5810058	0.3432843	2.289976	-0.5854525	0.1094697	2.33269	-0.5885099	-0.2103404	2.379004	-0.4338328	0.2894574	2.204655	-0.7239	0.2869603	2.373672	-0.5288689	-0.2103902	2.307507	-0.6290503	-0.2034957	2.37354	-0.3973597	-0.00206567	2.136971	-0.7906803	-0.01674619	2.460775	-0.4671002	-0.6692764	2.216651	-0.6628335	-0.6315658	2.497065	-0.2601927	-1.007933	2.415715	-0.5240471	-1.05409	2.556724	

-0.340138	-0.2755154	2.134092	-0.8926021	-0.2476301	2.264771	-0.345575	-0.3854589	2.147995	-0.8891073	-0.3486274	2.235193	-0.3015988	-0.319724	2.119333	-0.8380249	-0.2407477	2.273875	-0.6818497	0.5270792	2.225026	-0.6123226	0.4165558	2.255471	-0.6117506	0.3406824	2.269894	-0.6095347	0.107094	2.301667	-0.6038935	-0.2128248	2.327982	-0.4607495	0.2875519	2.193007	-0.7714977	0.2494993	2.347993	-0.5356371	-0.2103726	2.266757	-0.6514705	-0.2082688	2.316698	-0.3529168	-0.02747842	2.167207	-0.8247725	-0.02795944	2.368679	-0.5172022	-0.6728489	2.184189	-0.4876103	-0.6958034	2.490349	-0.3667318	-1.062659	2.337234	-0.5126013	-1.065814	2.484259	

-0.2447531	-0.2430809	2.182319	-0.9580976	-0.1861956	2.128863	-0.2166433	-0.3443752	2.220172	-0.9835445	-0.2651689	2.027004	-0.1905164	-0.2736996	2.177895	-0.958179	-0.282973	2.078308	-0.7162582	0.5243855	2.195727	-0.6501625	0.4093502	2.225814	-0.6454031	0.3338616	2.241883	-0.628657	0.1018949	2.281297	-0.6085694	-0.2155817	2.320091	-0.4929125	0.2872809	2.170792	-0.7996953	0.2488409	2.309997	-0.5396718	-0.2130054	2.260439	-0.6578834	-0.2114821	2.303168	-0.3127048	-0.002795688	2.189908	-0.869777	-0.00382202	2.282358	-0.552789	-0.6836207	2.159223	-0.4997706	-0.7495314	2.484161	-0.4979353	-1.075223	2.211944	-0.4693967	-1.087337	2.537119	

-0.2336407	-0.2370319	2.190124	-0.9670135	-0.1682281	2.107608	-0.1858855	-0.323168	2.226798	-0.9968273	-0.2486256	2.003617	-0.1687125	-0.2371581	2.186695	-0.9705592	-0.2560122	2.028857	-0.7191539	0.5222585	2.192694	-0.6530928	0.4086489	2.222725	-0.6490964	0.332954	2.237755	-0.6348768	0.100054	2.272699	-0.6142477	-0.2186747	2.307523	-0.4977149	0.2864089	2.165018	-0.8037157	0.2468032	2.304256	-0.5448516	-0.2153216	2.248927	-0.6634324	-0.2150027	2.289623	-0.3136416	-0.0006625075	2.189376	-0.8755193	0.001693203	2.273884	-0.5538586	-0.6811504	2.158306	-0.500836	-0.7386103	2.482383	-0.5180671	-1.078071	2.176657	-0.4690941	-1.085188	2.56064	

-0.2052999	-0.2213662	2.201175	-0.9775018	-0.1588323	2.081131	-0.1584058	-0.3084672	2.244883	-1.013772	-0.2358823	1.968365	-0.1450158	-0.2257689	2.201464	-0.9806468	-0.2399385	1.998636	-0.7282714	0.5192575	2.18224	-0.6599762	0.4061486	2.213393	-0.6559102	0.3302914	2.228343	-0.6407123	0.09702493	2.26368	-0.6176215	-0.2219575	2.300153	-0.5026665	0.2852199	2.157958	-0.8107232	0.2434988	2.293381	-0.5481795	-0.2169203	2.241786	-0.6666462	-0.2199634	2.281873	-0.3120915	0.003479593	2.189488	-0.8881291	0.006549845	2.25344	-0.5556623	-0.6784072	2.156384	-0.5011113	-0.7349765	2.480713	-0.5361292	-1.074111	2.158281	-0.4862935	-1.061817	2.515682	

-0.1709045	-0.1945234	2.204001	-1.002904	-0.1542868	2.01927	-0.1264544	-0.2799576	2.25142	-1.031645	-0.2244938	1.935721	-0.1282587	-0.1815685	2.201783	-0.9913799	-0.2136275	1.991571	-0.7413509	0.511181	2.155842	-0.6741474	0.3984188	2.184798	-0.6702693	0.3220889	2.200012	-0.6553026	0.08728541	2.236082	-0.6315119	-0.2339907	2.273778	-0.5128657	0.2798121	2.133399	-0.8303686	0.2329563	2.256767	-0.5605924	-0.2245514	2.219899	-0.6811724	-0.2362291	2.250955	-0.3108288	0.01080859	2.186131	-0.9140393	0.0003649393	2.201919	-0.5589514	-0.6870322	2.150992	-0.5038216	-0.7346439	2.470772	-0.5551446	-1.07447	2.140375	-0.4867895	-1.062258	2.515147	

-0.1706675	-0.1912357	2.203078	-1.004771	-0.15542	2.014961	-0.1193828	-0.2720631	2.242927	-1.036464	-0.2263399	1.906592	-0.1266661	-0.1617805	2.19976	-1.009667	-0.2352084	1.950692	-0.7450839	0.5080738	2.145701	-0.6777657	0.3965958	2.173978	-0.6739141	0.3207599	2.186836	-0.6587284	0.08809476	2.213997	-0.6337146	-0.2287611	2.235251	-0.5166433	0.2775452	2.122435	-0.8325106	0.2309424	2.249182	-0.5600008	-0.2243925	2.175587	-0.6854787	-0.2259508	2.217602	-0.3086944	0.01459786	2.180671	-0.9157293	-0.002461452	2.198946	-0.5608672	-0.6867217	2.149628	-0.5071574	-0.7351648	2.460789	-0.5558844	-1.070447	2.138917	-0.4870327	-1.065327	2.515749	

-0.1687745	-0.1883445	2.200059	-1.009108	-0.1580983	2.003303	-0.1147692	-0.2671696	2.232764	-1.043328	-0.2193386	1.884667	-0.1091825	-0.1958455	2.199625	-1.01893	-0.2415829	1.928368	-0.7495962	0.5059401	2.133215	-0.6812596	0.3943918	2.162298	-0.6773058	0.3181351	2.174066	-0.6616387	0.08380822	2.199475	-0.6360233	-0.2360266	2.222204	-0.5208041	0.2737512	2.110412	-0.8355761	0.2273321	2.229646	-0.5618321	-0.2258395	2.165217	-0.6883651	-0.2405396	2.201864	-0.3094649	0.01462218	2.172235	-0.9204497	-0.00642881	2.188502	-0.5634641	-0.6876661	2.14413	-0.5094649	-0.7373401	2.453923	-0.5558628	-1.070061	2.138552	-0.4871464	-1.065824	2.516189	

-0.1845639	-0.1993525	2.139076	-1.022671	-0.1746945	1.964059	-0.1422147	-0.28379	2.176984	-1.062044	-0.244566	1.880552	-0.124295	-0.2158344	2.147963	-1.019947	-0.2448892	1.894478	-0.7598131	0.5019825	2.074517	-0.6932487	0.3886014	2.101363	-0.690064	0.3119912	2.113613	-0.6769722	0.07611379	2.140832	-0.6553834	-0.2471915	2.166493	-0.537617	0.2625338	2.048065	-0.8502445	0.2279586	2.169175	-0.5814236	-0.2324602	2.110293	-0.7063506	-0.2532701	2.146963	-0.3269588	0.001940379	2.108299	-0.9307953	-0.007920395	2.132975	-0.5698851	-0.6929798	2.105675	-0.523603	-0.7499793	2.417596	-0.5570188	-1.067119	2.130885	-0.4895103	-1.064386	2.510396	

-0.1894389	-0.203874	2.128234	-1.022585	-0.1753177	1.963214	-0.1500423	-0.2947243	2.1601	-1.06304	-0.2498548	1.868725	-0.1426116	-0.2103212	2.118659	-1.021572	-0.2389098	1.880515	-0.760932	0.5020261	2.070336	-0.6947423	0.3883258	2.097359	-0.6913138	0.3117618	2.109243	-0.6773724	0.07602908	2.135106	-0.6542033	-0.2470544	2.15833	-0.5390306	0.2619495	2.042354	-0.8503586	0.2281103	2.167252	-0.5799516	-0.2322168	2.101681	-0.7054061	-0.2532077	2.139248	-0.3297588	-0.0006719439	2.099635	-0.931466	-0.007599052	2.131584	-0.5712734	-0.6920987	2.101481	-0.5242177	-0.7524703	2.416147	-0.5575538	-1.065775	2.126128	-0.4914623	-1.064595	2.506277	

-0.2362817	-0.241748	2.032261	-1.028048	-0.1978686	1.938675	-0.2084251	-0.3319423	2.067399	-1.062996	-0.2800757	1.857692	-0.1819352	-0.2609298	2.037333	-1.040784	-0.2884535	1.909143	-0.7668814	0.4978138	2.010382	-0.7038677	0.3861462	2.034626	-0.698914	0.3099244	2.046488	-0.680276	0.07505518	2.072631	-0.6509397	-0.247181	2.096879	-0.5531986	0.2522304	1.972623	-0.8567635	0.2319775	2.10834	-0.5774558	-0.2315468	2.032923	-0.7008769	-0.253897	2.08531	-0.3578194	-0.02450778	2.017467	-0.9383598	-0.01812461	2.094172	-0.5720884	-0.683757	2.080817	-0.5364586	-0.7499435	2.3874	-0.5576063	-1.065228	2.12203	-0.5015421	-1.059723	2.483711	

-0.2591071	-0.2563112	2.017315	-1.030192	-0.2059142	1.935055	-0.2323665	-0.3485267	2.048258	-1.065028	-0.3006756	1.875475	-0.2029824	-0.2830238	2.01245	-1.032529	-0.2990144	1.893111	-0.7674768	0.4978745	2.005106	-0.7042028	0.3858714	2.030296	-0.6996691	0.3094805	2.042453	-0.6823182	0.07406937	2.069133	-0.6553633	-0.2491951	2.093569	-0.5540926	0.2513535	1.966969	-0.8566357	0.2289656	2.101574	-0.5823988	-0.2336357	2.029294	-0.7046468	-0.2557586	2.082363	-0.3628052	-0.02971586	2.005712	-0.9404042	-0.02439453	2.088382	-0.5711993	-0.6864497	2.07453	-0.7586148	-0.6675695	2.230384	-0.5580695	-1.064848	2.118026	-0.569098	-1.008699	2.442971	

-0.3398733	-0.3049693	1.941359	-1.018083	-0.2800222	1.944215	-0.315406	-0.4143311	1.987328	-1.028804	-0.3781385	1.929387	-0.282039	-0.3425384	1.931955	-0.974002	-0.3251518	1.907956	-0.7751246	0.4839998	1.944802	-0.7065138	0.3766731	1.967966	-0.7067871	0.2986961	1.982912	-0.7038997	0.05837923	2.018226	-0.6957053	-0.2711526	2.054444	-0.5632728	0.2362477	1.904063	-0.8382651	0.2373371	2.028586	-0.6249478	-0.2576785	1.986571	-0.7410389	-0.2747472	2.047536	-0.3980684	-0.06348186	1.927198	-0.9379051	-0.07401899	2.066571	-0.5622081	-0.7021855	2.054808	-0.779792	-0.6997058	2.170012	-0.557143	-1.063404	2.115565	-0.5797487	-1.012446	2.412918	

-0.4362885	-0.3489202	1.84445	-0.9759129	-0.2926257	2.02492	-0.4107926	-0.4731684	1.873302	-1.000254	-0.4370074	2.029551	-0.3827033	-0.3893375	1.825095	-0.9556303	-0.3948398	2.006875	-0.7855411	0.4687309	1.904912	-0.7109357	0.3667707	1.929502	-0.7149648	0.2894926	1.947307	-0.7233021	0.05056654	1.988336	-0.7351247	-0.2780887	2.027683	-0.5699259	0.2226662	1.866125	-0.8260238	0.3147116	2.018166	-0.6774857	-0.2732445	1.957561	-0.7626159	-0.2737719	2.027524	-0.467732	-0.1014208	1.853983	-0.9069512	-0.01130005	2.053532	-0.5528305	-0.7026961	2.040967	-0.7984354	-0.7111326	2.11659	-0.5557851	-1.063789	2.112627	-0.5802116	-1.018973	2.351494	

-0.4822776	-0.3511312	1.815783	-0.9686291	-0.2966704	2.041648	-0.4746164	-0.4794904	1.845195	-0.9871501	-0.4449169	2.061026	-0.422541	-0.4190271	1.782714	-0.9260349	-0.332322	2.041333	-0.7868339	0.4680102	1.898774	-0.7118903	0.3656453	1.923285	-0.7163758	0.2880818	1.940273	-0.7260754	0.04868538	1.98078	-0.7371484	-0.2796658	2.022857	-0.5716267	0.2216122	1.858775	-0.8265001	0.3032049	2.002307	-0.6774024	-0.2752762	1.95312	-0.7700381	-0.2746928	2.018386	-0.4827735	-0.1021748	1.83776	-0.9058821	-0.02060057	2.050918	-0.5542839	-0.7056493	2.034611	-0.8020553	-0.7113677	2.110964	-0.5552278	-1.064488	2.110253	-0.5832276	-1.024005	2.339343	

-0.67086	-0.3325776	1.696279	-0.9743218	-0.3010044	2.024204	-0.734865	-0.4695025	1.718979	-0.9993175	-0.4739392	2.033292	-0.6747651	-0.4132138	1.684819	-0.9380898	-0.3611456	2.013698	-0.8055242	0.4589645	1.835858	-0.7297201	0.3620864	1.860862	-0.73154	0.2847136	1.880888	-0.7328449	0.04614651	1.932266	-0.7321399	-0.280606	1.998344	-0.602897	0.2153204	1.794085	-0.8411696	0.2918497	1.95336	-0.6675203	-0.2698753	1.919933	-0.7683382	-0.2795753	2.000365	-0.586165	-0.1007081	1.73006	-0.9168397	-0.03004348	2.01429	-0.5718209	-0.7029939	2.011586	-0.8354617	-0.7241001	2.047456	-0.5570673	-1.068877	2.109508	-0.7541584	-1.080911	2.181655	

-0.7556931	-0.2909369	1.649055	-0.9226809	-0.3764019	1.970496	-0.8676541	-0.4269164	1.670095	-0.9015849	-0.5227833	1.954765	-0.7940424	-0.4037242	1.6341	-0.8562168	-0.4423072	1.938	-0.8177243	0.4551905	1.820762	-0.7394615	0.3602931	1.848074	-0.7392045	0.2827119	1.86973	-0.7358068	0.04366061	1.924515	-0.7292182	-0.2853763	1.986276	-0.611894	0.2131964	1.781556	-0.8500143	0.2835217	1.936295	-0.6682864	-0.2741364	1.913881	-0.7604268	-0.2849538	1.981798	-0.6217651	-0.08508101	1.692638	-0.9275502	-0.039326	1.991066	-0.5754629	-0.7063981	2.009401	-0.8494449	-0.723654	2.028071	-0.558079	-1.071046	2.107667	-0.8227719	-1.09207	2.106772	

-0.782989	-0.2863391	1.630685	-0.9273291	-0.3775582	1.961547	-0.9145886	-0.3950149	1.631656	-0.9092454	-0.5225074	1.950193	-0.8384319	-0.3860708	1.602421	-0.8728547	-0.4587748	1.939437	-0.824859	0.451747	1.810601	-0.7458974	0.3589011	1.837953	-0.7464073	0.2810508	1.859657	-0.7441673	0.04114089	1.915455	-0.7369506	-0.2881368	1.979364	-0.6202966	0.2103112	1.770482	-0.8568214	0.2821836	1.930099	-0.6800273	-0.2793114	1.908072	-0.7659908	-0.2862149	1.975048	-0.6285331	-0.08467781	1.685769	-0.9334401	-0.04060354	1.986097	-0.5848401	-0.7099921	2.00695	-0.8584232	-0.724444	2.01931	-0.5591021	-1.072534	2.105972	-0.8486038	-1.09392	2.077292	

-0.8351212	-0.259093	1.590877	-0.9383169	-0.3787904	1.948088	-0.9660311	-0.3581163	1.578387	-0.9205893	-0.5257817	1.934512	-0.8728369	-0.3459241	1.562615	-0.8729257	-0.4527704	1.928333	-0.8440137	0.4412082	1.787818	-0.7642554	0.3524537	1.815476	-0.7637734	0.2749296	1.837805	-0.7581536	0.03584314	1.89551	-0.7462603	-0.2921744	1.961622	-0.6407592	0.2012382	1.745705	-0.8728414	0.2809729	1.912149	-0.6863426	-0.2833245	1.894248	-0.7780142	-0.2897881	1.955078	-0.6688512	-0.08404315	1.651164	-0.9491289	-0.04174814	1.968765	-0.6306579	-0.717407	1.997981	-0.8655881	-0.7270547	2.008338	-0.5608199	-1.072852	2.103579	-0.8972203	-1.173515	2.019436	

-0.8414065	-0.257281	1.58513	-0.9486529	-0.3803382	1.941612	-0.9741688	-0.3442167	1.557274	-0.9203854	-0.5320702	1.928244	-0.8797795	-0.3391308	1.543053	-0.8816642	-0.4037661	1.909	-0.8482165	0.4392194	1.781621	-0.7691077	0.3503878	1.809612	-0.7687831	0.2727914	1.831494	-0.763456	0.03348095	1.887791	-0.7513663	-0.2946895	1.952009	-0.6454564	0.1993422	1.74051	-0.8831763	0.2793659	1.906211	-0.6904413	-0.285399	1.885258	-0.7839208	-0.2927589	1.945115	-0.6732154	-0.08475599	1.647518	-0.9594984	-0.04331803	1.962814	-0.6475211	-0.7184489	1.994287	-0.8694208	-0.7298686	2.000707	-0.5625455	-1.07393	2.100485	-0.9095381	-1.175731	2.007047	

-0.9007272	-0.2813104	1.542036	-1.007741	-0.3891633	1.910214	-1.00135	-0.3626066	1.522425	-0.9473181	-0.4757777	1.891863	-0.9166508	-0.3448487	1.562667	-0.9343253	-0.4341198	1.867429	-0.9041457	0.4246469	1.746421	-0.826135	0.3398912	1.775408	-0.8254998	0.2616659	1.794825	-0.8187511	0.02040474	1.843891	-0.8039402	-0.3104294	1.898624	-0.7047377	0.1812255	1.705889	-0.9434332	0.2703772	1.874816	-0.7445384	-0.3032605	1.835645	-0.8326024	-0.3057602	1.889162	-0.7338429	-0.1097644	1.609462	-1.01916	-0.05221393	1.931684	-0.6748353	-0.7251067	1.971926	-0.8947447	-0.739443	1.973937	-0.5731118	-1.083282	2.099108	-0.9177267	-1.184633	2.005966	

