0.1798738	0.1279689	2.764844	-0.2756495	0.1055083	2.647254	0.1824337	0.06069895	2.781765	-0.241491	0.02968872	2.66613	0.126054	0.1303875	2.711739	-0.2051399	0.121089	2.652177	-0.08245917	0.8391452	2.707839	-0.08323245	0.7132428	2.721296	-0.08028219	0.6411851	2.731039	-0.0710328	0.4196969	2.751546	-0.0582033	0.1168859	2.769985	0.08019907	0.5977911	2.743567	-0.2211987	0.5840542	2.68874	0.0112828	0.1185128	2.743312	-0.1261705	0.1121796	2.723694	0.161467	0.3498864	2.787222	-0.2753412	0.3275397	2.67969	0.01096175	-0.2235484	2.857845	-0.1139682	-0.2047207	2.824624	0.01379249	-0.5357603	2.9022	-0.09409989	-0.5392671	2.878728	

0.179877	0.1281954	2.764848	-0.2636059	0.1051413	2.658346	0.1840794	0.06121419	2.781066	-0.2316596	0.0276576	2.676048	0.1359976	0.1199137	2.729884	-0.2022148	0.09471175	2.647636	-0.08248077	0.8390806	2.707775	-0.08310986	0.7129762	2.721282	-0.08022601	0.6409962	2.731007	-0.07108711	0.4196271	2.75148	-0.05858501	0.1169281	2.769776	0.08037559	0.5977547	2.743683	-0.2213639	0.5829459	2.688731	0.01088578	0.1186952	2.743288	-0.1266244	0.1120615	2.723232	0.1614131	0.3498688	2.787213	-0.2754578	0.3274602	2.679681	0.009972632	-0.2241142	2.85813	-0.1144835	-0.2062436	2.825771	0.0139741	-0.5352184	2.902666	-0.09396132	-0.5392956	2.8786	

0.1799891	0.1280498	2.764925	-0.2638015	0.1053417	2.657912	0.1852298	0.06191673	2.781879	-0.2312973	0.02761384	2.67179	0.1368958	0.1216576	2.729895	-0.2094362	0.09562564	2.65025	-0.08253518	0.8390158	2.707619	-0.08312529	0.7128686	2.721249	-0.0803089	0.6409062	2.73099	-0.07182551	0.4196386	2.751666	-0.06140571	0.1175866	2.770688	0.08048021	0.5976251	2.743766	-0.2211626	0.5818455	2.687692	0.007725959	0.1196989	2.744801	-0.1290704	0.1124236	2.723705	0.1611459	0.3494907	2.787193	-0.2756241	0.3274469	2.679534	0.009748477	-0.2238648	2.858241	-0.1144216	-0.2076787	2.826596	0.01366371	-0.5352777	2.90329	-0.09401071	-0.5389433	2.878419	

0.1797063	0.1285597	2.765648	-0.263825	0.1054092	2.657397	0.1787629	0.0576756	2.797479	-0.2360434	0.03051746	2.66695	0.1354277	0.09922066	2.739	-0.2125782	0.09078459	2.648048	-0.08249613	0.8390155	2.707556	-0.08343302	0.7126225	2.72105	-0.08061025	0.6406836	2.730849	-0.0720861	0.4194807	2.751656	-0.06153514	0.1174684	2.770785	0.08060637	0.5975086	2.744055	-0.2211385	0.5817217	2.687478	0.007512006	0.1194997	2.745383	-0.1291763	0.112321	2.723615	0.1606604	0.3498264	2.788018	-0.2757446	0.3273496	2.679204	0.008247538	-0.2237543	2.859255	-0.1144057	-0.207678	2.826652	0.01301211	-0.5347372	2.903656	-0.09410898	-0.5392107	2.878591	

0.1756894	0.1325427	2.777433	-0.2625656	0.1073273	2.652476	0.1813459	0.06596246	2.796017	-0.2276727	0.03527464	2.651824	0.1335728	0.1291224	2.743562	-0.2181841	0.09903485	2.634815	-0.0823239	0.8390079	2.707303	-0.08345454	0.7125789	2.720949	-0.08066649	0.6406628	2.730792	-0.07257916	0.4196131	2.751896	-0.06304425	0.1181233	2.772131	0.08021463	0.5978234	2.747511	-0.2204572	0.5812141	2.685811	0.005214259	0.1206771	2.748649	-0.1300343	0.1126247	2.72383	0.1586607	0.3536482	2.797368	-0.2751386	0.3287445	2.675417	0.008103933	-0.2245727	2.862314	-0.1135547	-0.2079637	2.827172	0.01186936	-0.5353482	2.905349	-0.0942872	-0.539405	2.878734	

0.1734478	0.1359149	2.784033	-0.2603897	0.1082928	2.648638	0.1817067	0.07229932	2.803289	-0.2292391	0.03764385	2.653604	0.1330024	0.1219222	2.75125	-0.2124757	0.0951096	2.631923	-0.0816709	0.838815	2.706799	-0.0834126	0.7123683	2.720601	-0.08072166	0.6405532	2.730636	-0.07306868	0.4196028	2.752093	-0.06480402	0.1184833	2.773666	0.0804937	0.597784	2.751167	-0.2178229	0.5782842	2.681428	0.002742665	0.1216163	2.751773	-0.1310541	0.1126014	2.724165	0.1559128	0.3563333	2.802926	-0.2745166	0.328989	2.670656	0.00784588	-0.2239831	2.864055	-0.1129817	-0.2089791	2.829069	0.01186793	-0.5352546	2.90536	-0.09429072	-0.5393755	2.878713	

0.1719701	0.1388928	2.787026	-0.2586434	0.1116197	2.64433	0.1789676	0.07108505	2.80785	-0.2328324	0.02837317	2.657761	0.1334727	0.1105937	2.761	-0.2071334	0.08790256	2.6372	-0.08025686	0.8391865	2.706354	-0.08348469	0.712274	2.72049	-0.08085596	0.6405079	2.730561	-0.07369943	0.4199092	2.752284	-0.06599759	0.1196233	2.774289	0.08011302	0.5987335	2.753282	-0.2151276	0.5791458	2.67762	0.001095881	0.12319	2.753943	-0.1319772	0.1134839	2.723674	0.1537398	0.3585828	2.806445	-0.2731785	0.331587	2.667557	0.007405805	-0.2230799	2.864537	-0.1136648	-0.2098082	2.829895	0.01196887	-0.5351024	2.905785	-0.09444556	-0.5392743	2.878685	

0.1696197	0.1409264	2.794582	-0.2573793	0.112894	2.640833	0.1777489	0.07003449	2.815935	-0.2313831	0.03545576	2.641251	0.133742	0.1271217	2.762316	-0.2179854	0.08663224	2.617658	-0.07852606	0.8396	2.705348	-0.08284702	0.7125471	2.720524	-0.08027557	0.64083	2.730716	-0.07298751	0.4205448	2.752961	-0.0646717	0.1205992	2.77566	0.08032891	0.5994816	2.758131	-0.2129509	0.57839	2.675458	0.002719193	0.1246643	2.75709	-0.1308141	0.1140269	2.723729	0.1510962	0.360043	2.812083	-0.2723283	0.3321458	2.665529	0.005208541	-0.2213147	2.865209	-0.1133365	-0.2100247	2.830347	0.01218513	-0.5347934	2.905961	-0.09457632	-0.539186	2.878657	

0.1690472	0.1443133	2.801981	-0.2545421	0.1116219	2.63881	0.1673745	0.06888383	2.821015	-0.232053	0.03677373	2.648907	0.1331664	0.1185917	2.7704	-0.2021099	0.0822234	2.629565	-0.076445	0.8394675	2.704898	-0.08292552	0.7125115	2.720243	-0.08028338	0.640831	2.730619	-0.07264869	0.4208443	2.753346	-0.0621164	0.1218868	2.778168	0.07949343	0.6025105	2.765478	-0.2123298	0.577558	2.674306	0.005469602	0.1270515	2.762505	-0.1283501	0.1144706	2.724013	0.1490531	0.3628564	2.819223	-0.2713139	0.3304101	2.661536	0.004790047	-0.2195287	2.866466	-0.1138375	-0.209703	2.830784	0.01130683	-0.5339347	2.905938	-0.09466054	-0.5391626	2.878627	

0.1680438	0.1468032	2.805978	-0.2524501	0.1117972	2.637012	0.1784746	0.07189069	2.828072	-0.2246191	0.03432525	2.646901	0.1343744	0.1174502	2.779562	-0.2113294	0.08166839	2.616568	-0.07437339	0.8397895	2.703896	-0.08289717	0.7125429	2.720161	-0.0802163	0.6408942	2.730598	-0.07200692	0.4212564	2.754121	-0.06012928	0.1225299	2.780249	0.07914487	0.604632	2.770327	-0.2102389	0.5773228	2.671985	0.0070096	0.126637	2.765725	-0.1257658	0.1158885	2.724648	0.1475392	0.3649142	2.824074	-0.2702534	0.3301978	2.658769	0.003051646	-0.2178512	2.867076	-0.1125573	-0.2096933	2.831314	0.010584	-0.5334683	2.907983	-0.09486207	-0.5391636	2.878462	

0.168377	0.1461128	2.817563	-0.24698	0.1117258	2.634309	0.1742921	0.07025765	2.845444	-0.2220634	0.04511251	2.647043	0.136919	0.1267385	2.788111	-0.1974191	0.08661512	2.628833	-0.07172369	0.8396552	2.702775	-0.08281473	0.7126103	2.720158	-0.07994143	0.6410967	2.730794	-0.07044692	0.422104	2.755662	-0.05611348	0.1240405	2.783436	0.07887256	0.6068254	2.777021	-0.2086632	0.5768613	2.67051	0.01037549	0.126712	2.771493	-0.1205883	0.1187197	2.725206	0.1456988	0.3638849	2.831993	-0.26849	0.3296653	2.655241	0.00282269	-0.2166017	2.868691	-0.1097372	-0.2112226	2.833736	0.01054356	-0.5331464	2.908335	-0.09476617	-0.5391092	2.878335	

0.1661781	0.1530948	2.820533	-0.2437586	0.1122584	2.632078	0.1760519	0.0701427	2.846817	-0.2142875	0.04712453	2.644219	0.1344819	0.1234538	2.789	-0.2053399	0.08984927	2.615061	-0.06874676	0.8394182	2.702596	-0.08223626	0.7125518	2.720206	-0.07916931	0.6411112	2.731098	-0.06900043	0.4223655	2.756948	-0.05426209	0.1244424	2.785425	0.07860641	0.6086253	2.781827	-0.2072554	0.5761324	2.669415	0.01165607	0.1269581	2.774597	-0.11849	0.11911	2.725816	0.1421552	0.3703006	2.838948	-0.2665173	0.3297628	2.65234	0.002907166	-0.2174062	2.870938	-0.1084532	-0.2114619	2.83444	0.01058478	-0.533106	2.908371	-0.09427168	-0.5392156	2.87833	

0.1648179	0.1529263	2.830861	-0.2412121	0.1121184	2.630494	0.1659315	0.06709119	2.862371	-0.2140668	0.04707458	2.641308	0.1458549	0.07995518	2.83575	-0.19693	0.09475067	2.6215	-0.06637616	0.8391404	2.701798	-0.08222585	0.7126154	2.719947	-0.0790062	0.6412216	2.731016	-0.06687548	0.42318	2.758219	-0.04668919	0.1265167	2.790237	0.07792403	0.6097401	2.785966	-0.205435	0.5763344	2.668024	0.01809844	0.1294872	2.780226	-0.1103752	0.1204492	2.728876	0.1411082	0.3700301	2.842202	-0.2647462	0.3293656	2.649058	-0.004893768	-0.2364896	2.878797	-0.1067177	-0.2112775	2.835086	0.009789632	-0.53449	2.908964	-0.09386673	-0.5395596	2.877865	

0.1630458	0.1515149	2.833162	-0.2392555	0.1123095	2.6286	0.169456	0.0788957	2.856216	-0.2102811	0.04710358	2.638422	0.1376491	0.1128918	2.807375	-0.1950134	0.09363749	2.621238	-0.0641115	0.8386478	2.700954	-0.08231934	0.7124079	2.719667	-0.07884482	0.6411403	2.730964	-0.06340721	0.4235207	2.759862	-0.0358851	0.1281065	2.794935	0.07737103	0.6091645	2.788859	-0.2046458	0.5763674	2.667252	0.02803776	0.1312452	2.786227	-0.0988915	0.1217553	2.731847	0.1400821	0.3685114	2.847024	-0.2636263	0.3292992	2.647254	-0.004233986	-0.2395767	2.880962	-0.1053792	-0.2106804	2.834874	0.00985411	-0.5343602	2.9094	-0.09376425	-0.539683	2.877757	

0.1626909	0.1515924	2.837034	-0.2373287	0.1116156	2.62672	0.1628427	0.06631738	2.877546	-0.2021734	0.03180491	2.638197	0.1376569	0.09637812	2.834	-0.1915674	0.08967056	2.619423	-0.0614931	0.8371864	2.70072	-0.08226875	0.7122377	2.719592	-0.078334	0.640901	2.731252	-0.06010512	0.4231263	2.762822	-0.03046685	0.1272261	2.800567	0.07653961	0.6094856	2.792258	-0.2036967	0.5758476	2.666548	0.03264999	0.1315209	2.792994	-0.09268673	0.1197095	2.736344	0.1387381	0.3683282	2.853645	-0.262697	0.328399	2.645344	-0.003702791	-0.237053	2.881828	-0.1048349	-0.2098389	2.834439	0.01003681	-0.5342956	2.909781	-0.09403162	-0.5398093	2.877967	

0.1639745	0.1536469	2.846714	-0.2321564	0.1117092	2.625368	0.1635509	0.0679308	2.890206	-0.2030376	0.04512448	2.641023	0.1410209	0.09946721	2.836462	-0.1853895	0.088191	2.619435	-0.05938387	0.836808	2.700144	-0.08210461	0.7121108	2.719363	-0.07780105	0.6408196	2.731306	-0.05843459	0.4232157	2.764007	-0.02866079	0.1273233	2.802499	0.07529567	0.6102512	2.794384	-0.2025749	0.5759896	2.665094	0.03435626	0.1321475	2.796302	-0.09083246	0.1194078	2.737239	0.1368569	0.3699907	2.861382	-0.2618582	0.3279313	2.643529	-0.003053383	-0.2372214	2.882901	-0.1038495	-0.2083274	2.834334	0.01035005	-0.5341188	2.90976	-0.09428351	-0.5395205	2.878434	

0.1606695	0.1588034	2.861663	-0.2266271	0.1085045	2.619677	0.1594635	0.0863957	2.888198	-0.191713	0.04304297	2.637187	0.1445174	0.1259898	2.837111	-0.1785191	0.08770233	2.610538	-0.05730389	0.8347675	2.699622	-0.08244614	0.7103182	2.717986	-0.07767551	0.6397539	2.730846	-0.05819721	0.4227569	2.764193	-0.02854807	0.1270842	2.80305	0.07167331	0.6125797	2.799029	-0.2005524	0.5739086	2.662241	0.03396821	0.1328029	2.79783	-0.09017857	0.1180877	2.737436	0.1326136	0.3750022	2.8793	-0.2583037	0.3245248	2.636557	-0.003211501	-0.2442427	2.887624	-0.0936103	-0.2134507	2.841136	0.009442446	-0.5336765	2.910327	-0.09494163	-0.5392453	2.878413	

0.1039011	0.1078054	2.752394	-0.220712	0.1082909	2.616413	0.08663706	-0.01577267	2.71871	-0.1836177	0.03533037	2.631308	0.05342254	0.04909835	2.707	-0.173082	0.09758116	2.6148	-0.05671429	0.8342888	2.699251	-0.08229423	0.7096691	2.717263	-0.07737971	0.6393148	2.730601	-0.05784201	0.4225022	2.76454	-0.02838283	0.1269713	2.80431	0.06838713	0.6167598	2.804617	-0.1994668	0.5741295	2.660887	0.03330719	0.1331905	2.800491	-0.08960545	0.1177149	2.737809	0.1310622	0.3746114	2.885234	-0.2564191	0.323864	2.63325	-0.003686364	-0.2460221	2.888594	-0.08891626	-0.2173594	2.845044	0.009045544	-0.533574	2.910643	-0.09707592	-0.5382666	2.878815	

0.1044006	0.1313626	2.747904	-0.2161415	0.1047343	2.613472	0.08639468	-0.006553474	2.71867	-0.1761843	0.03408782	2.628346	0.05059807	0.06136872	2.711769	-0.1734542	0.110926	2.613267	-0.05584328	0.8334233	2.698322	-0.08254775	0.7086365	2.716552	-0.0773567	0.6384801	2.730314	-0.0576923	0.4218741	2.764799	-0.02837296	0.1263382	2.804988	0.06756786	0.6165666	2.806284	-0.1968683	0.5715066	2.658594	0.03292098	0.1327974	2.801227	-0.08912491	0.1167423	2.738243	0.1294288	0.3752524	2.888057	-0.2525624	0.3203679	2.628587	-0.004648365	-0.2462482	2.889159	-0.08769248	-0.218352	2.845865	0.008932774	-0.5336486	2.910831	-0.09822566	-0.5358456	2.88012	

0.1039884	0.1317543	2.747893	-0.2070711	0.1042134	2.60509	0.09428027	-0.008312036	2.723446	-0.1738971	0.03652434	2.630174	0.0522458	0.05288272	2.709487	-0.1718636	0.07332055	2.587143	-0.05484365	0.8330566	2.697783	-0.0838955	0.7078707	2.713567	-0.07856239	0.6377229	2.728027	-0.05969054	0.4211337	2.763266	-0.03377374	0.1251023	2.803132	0.06482433	0.6204209	2.810041	-0.1961852	0.5715331	2.656689	0.0236564	0.1313573	2.798463	-0.09174043	0.1157144	2.736658	0.1268238	0.376681	2.892696	-0.2513516	0.3184444	2.626021	-0.006952665	-0.2436377	2.888469	-0.0869825	-0.2185071	2.846323	0.008086491	-0.5300376	2.91498	-0.09945995	-0.5366219	2.880842	

0.09563171	0.1134175	2.759358	-0.1968088	0.1014941	2.616984	0.08908602	-0.01382366	2.730024	-0.1689213	0.03527883	2.627545	0.05206599	0.04589869	2.710151	-0.1629756	0.1040415	2.614	-0.05460523	0.8328823	2.696209	-0.08401568	0.7070721	2.711928	-0.07851879	0.6370533	2.726871	-0.05963797	0.4208903	2.76299	-0.03373446	0.125058	2.803109	0.06336685	0.6214933	2.811072	-0.1950107	0.5719349	2.653817	0.02368682	0.1313801	2.798568	-0.09148275	0.1154629	2.736462	0.1242703	0.3802854	2.89373	-0.2502245	0.3140505	2.622991	-0.008669996	-0.2382941	2.888481	-0.08641142	-0.21954	2.846805	0.00649115	-0.5306124	2.915059	-0.09991807	-0.5366764	2.880964	

0.0955474	0.1136758	2.75965	-0.1935829	0.1016183	2.621556	0.08896938	-0.01496356	2.728784	-0.1671954	0.03268329	2.643832	0.05124161	0.05225124	2.71333	-0.1574245	0.09365927	2.617072	-0.05439394	0.8328482	2.696005	-0.0843531	0.7070089	2.710901	-0.07857629	0.6369709	2.726344	-0.05946377	0.4208296	2.76301	-0.03212191	0.1249239	2.804793	0.06267166	0.621769	2.811324	-0.1946173	0.5721825	2.652822	0.02562389	0.1317074	2.801769	-0.08980511	0.1150162	2.737062	0.1230837	0.3806047	2.894886	-0.2487324	0.3136819	2.620577	-0.009874554	-0.2355175	2.889459	-0.08608809	-0.2196306	2.846845	0.006065462	-0.5303237	2.915569	-0.1000812	-0.5363581	2.880707	

0.09658735	0.1129388	2.762427	-0.1931545	0.1007821	2.613868	0.08438005	-0.01859328	2.736993	-0.1638215	0.03353826	2.631913	0.05372799	0.04501277	2.722417	-0.1564028	0.09091449	2.616	-0.05376892	0.8316548	2.69548	-0.08511172	0.7063829	2.709415	-0.07939559	0.6361761	2.725024	-0.06078493	0.4196072	2.762295	-0.03514186	0.1226478	2.804579	0.06137457	0.6216671	2.812372	-0.1942312	0.5714934	2.651948	0.02194184	0.1296415	2.801406	-0.0919601	0.1126117	2.736664	0.1208235	0.3818182	2.894727	-0.2481471	0.3133518	2.61925	-0.01834922	-0.2483351	2.889987	-0.09124681	-0.2148646	2.842345	0.005525947	-0.530587	2.91638	-0.1004137	-0.5366606	2.881072	

0.09663697	0.1124226	2.76284	-0.1925718	0.1000707	2.612006	0.09020752	-0.01995065	2.738923	-0.1638371	0.0335438	2.632286	0.05777302	0.04499955	2.722292	-0.1593848	0.07806942	2.6015	-0.05359472	0.831261	2.69532	-0.08626688	0.70614	2.707721	-0.08013336	0.6358304	2.723897	-0.06091741	0.4192654	2.762192	-0.03479511	0.121808	2.805348	0.05988203	0.6216781	2.812174	-0.1939631	0.5707897	2.650841	0.02221665	0.1290395	2.802549	-0.09141833	0.111449	2.737005	0.1199293	0.3816002	2.89521	-0.2474895	0.3128535	2.618215	-0.02086079	-0.2515145	2.889551	-0.09412954	-0.21308	2.840527	0.005322465	-0.5309466	2.916676	-0.1006184	-0.538444	2.881279	

0.09691926	0.1129982	2.763584	-0.19266	0.09735688	2.611304	0.09424722	-0.01712053	2.734622	-0.1675226	0.03339975	2.636603	0.05710287	0.04553768	2.723452	-0.1544059	0.07811684	2.622	-0.05380961	0.830612	2.695146	-0.08925129	0.7052757	2.704598	-0.08232709	0.6349588	2.721659	-0.06150084	0.4186763	2.761927	-0.03458302	0.1211309	2.806294	0.05886308	0.6220066	2.812973	-0.1939614	0.5695222	2.650222	0.02228123	0.1285184	2.803659	-0.09100819	0.1106523	2.737656	0.1190227	0.3827797	2.895368	-0.2473352	0.3103525	2.617447	-0.02042525	-0.2523953	2.889667	-0.09566267	-0.2118692	2.839042	0.004793974	-0.5314057	2.917004	-0.1003407	-0.5381529	2.881182	

0.09630448	0.1131791	2.762652	-0.1939942	0.09801043	2.610309	0.09227371	-0.021093	2.730176	-0.1708992	0.03350822	2.629655	0.05615295	0.04878242	2.715546	-0.1590426	0.07997227	2.61569	-0.05400002	0.8298758	2.694721	-0.08895535	0.704867	2.70463	-0.08214311	0.6345814	2.721606	-0.06152801	0.4183381	2.761848	-0.03469065	0.1210174	2.806235	0.0586727	0.6218002	2.812984	-0.1949271	0.5691083	2.650334	0.02225844	0.1283828	2.803688	-0.09127309	0.1105222	2.737374	0.1189125	0.3826981	2.8953	-0.2475311	0.3114376	2.617344	-0.02091167	-0.251041	2.888721	-0.09750151	-0.2000804	2.831051	0.002413874	-0.5320168	2.916653	-0.100625	-0.5365668	2.881363	

0.09593344	0.1133918	2.761469	-0.1961238	0.0987587	2.609352	0.08904747	-0.02291373	2.728842	-0.1681889	0.03022971	2.627554	0.05590556	0.04730501	2.712671	-0.1664296	0.07794796	2.603688	-0.05413113	0.8295024	2.694809	-0.08911033	0.7047959	2.704643	-0.08230151	0.6344848	2.721574	-0.06165978	0.4181783	2.7618	-0.03468713	0.1209505	2.806208	0.05841232	0.6212246	2.812781	-0.1957732	0.5686299	2.650425	0.02242751	0.1281823	2.803792	-0.09138086	0.1104583	2.737171	0.1188398	0.3825571	2.895069	-0.2479585	0.3127038	2.617566	-0.02041584	-0.2506886	2.888906	-0.08727838	-0.2145522	2.841516	0.002322176	-0.5323909	2.917591	-0.1006497	-0.5364852	2.881309	

0.09786849	0.1133101	2.758625	-0.2017082	0.1005951	2.608085	0.09296627	-0.01828867	2.721673	-0.1669871	0.02882474	2.631353	0.05597546	0.04521899	2.704304	-0.166915	0.1009905	2.621072	-0.05464845	0.8294465	2.694798	-0.08957531	0.7045681	2.704877	-0.08255085	0.6343306	2.721651	-0.06164055	0.4181398	2.761775	-0.0336202	0.1211551	2.80589	0.05839389	0.6201313	2.812839	-0.1970443	0.5687887	2.650512	0.0242934	0.1277146	2.803966	-0.09045368	0.1114249	2.736135	0.1190139	0.3820569	2.893476	-0.2497374	0.3154621	2.618362	-0.008705811	-0.2117583	2.877865	-0.08987852	-0.210291	2.83818	0.005303667	-0.5232617	2.917519	-0.08924409	-0.5232192	2.883011	

0.1080725	0.1192868	2.734993	-0.2020318	0.1010967	2.604898	0.09222516	-0.01495931	2.693351	-0.1662905	0.02870305	2.62035	0.05969506	0.06185457	2.6826	-0.1655057	0.1049439	2.61	-0.05707514	0.8289717	2.695909	-0.09075349	0.703771	2.707141	-0.08316017	0.6338616	2.722445	-0.06168307	0.4178914	2.760949	-0.03124532	0.1217477	2.796633	0.05881452	0.6182821	2.811681	-0.1978282	0.5674686	2.651322	0.02827446	0.1277502	2.79436	-0.08970206	0.112573	2.726733	0.1226523	0.378775	2.888691	-0.2500317	0.3159605	2.618613	-0.009097027	-0.2136319	2.874174	-0.08971416	-0.2020282	2.827944	0.006796692	-0.5209454	2.917031	-0.08676202	-0.522229	2.882825	

0.1154546	0.1238374	2.716475	-0.2029286	0.1022146	2.601881	0.09932783	-0.01227457	2.684744	-0.1659524	0.02676345	2.61848	0.06139472	0.0377949	2.67625	-0.1605147	0.09513673	2.607513	-0.06077638	0.828939	2.697797	-0.09078236	0.7032614	2.709812	-0.0832523	0.633504	2.723437	-0.0617283	0.4175402	2.759574	-0.03158373	0.1214765	2.787592	0.05936178	0.6165645	2.811215	-0.1985194	0.5669484	2.652175	0.02871732	0.1274296	2.78484	-0.09089687	0.1123601	2.718238	0.1253638	0.3745533	2.88332	-0.2501848	0.3171701	2.618927	-0.00754186	-0.2152147	2.873001	-0.08870632	-0.2007749	2.825618	0.008307705	-0.5190793	2.91668	-0.08795115	-0.5217429	2.882038	

0.1160599	0.1247139	2.716205	-0.2026652	0.1031938	2.6003	0.1015299	-0.0103223	2.681324	-0.1656551	0.02790854	2.613815	0.06316171	0.06898409	2.67345	-0.1579705	0.08903963	2.603812	-0.06285584	0.8285809	2.699337	-0.0909452	0.7031005	2.710782	-0.08327588	0.633122	2.724053	-0.06087777	0.4160115	2.758802	-0.02825553	0.1170211	2.785968	0.05955449	0.6143781	2.809912	-0.198922	0.5667561	2.653149	0.03404551	0.1168318	2.783668	-0.08894114	0.1113591	2.716556	0.1265203	0.372995	2.881268	-0.2500804	0.3180283	2.61916	-0.006261537	-0.2150939	2.870752	-0.08762332	-0.1997131	2.822717	0.008499248	-0.5186827	2.916567	-0.0888359	-0.520579	2.881737	

0.1166435	0.1253239	2.714896	-0.2028295	0.1035179	2.598565	0.1013887	-0.01116987	2.681024	-0.1655967	0.02789987	2.612982	0.06439014	0.05981483	2.671362	-0.1583022	0.08619092	2.5961	-0.06393137	0.8288928	2.699244	-0.09101328	0.7032836	2.711501	-0.08332228	0.6331756	2.724325	-0.06082215	0.4160596	2.757896	-0.02828341	0.1174645	2.783869	0.0599512	0.6127099	2.808571	-0.19905	0.5668765	2.653264	0.03381767	0.1199893	2.780137	-0.08902761	0.1107266	2.714822	0.1269167	0.3733148	2.880286	-0.2501184	0.3182578	2.61913	-0.004048876	-0.2139618	2.868197	-0.08712255	-0.1986222	2.820304	0.008668141	-0.5184186	2.916479	-0.08457827	-0.5197982	2.882457	

0.1173745	0.1339421	2.715952	-0.2021051	0.1037527	2.596558	0.1036007	-0.007345702	2.674612	-0.1639555	0.02783323	2.60615	0.06461152	0.06884956	2.668357	-0.1615775	0.08507639	2.587226	-0.06491385	0.8287511	2.699596	-0.0907028	0.7029024	2.713987	-0.08289778	0.6326505	2.72593	-0.05984328	0.4153334	2.757523	-0.02577448	0.1161459	2.782052	0.06017527	0.6113821	2.808041	-0.1989095	0.5664018	2.653676	0.0355879	0.1169437	2.77942	-0.08518348	0.1115348	2.711374	0.1208174	0.4014865	2.854859	-0.2499526	0.3182687	2.619227	-0.003330383	-0.2156165	2.867165	-0.08649379	-0.1985654	2.819417	0.009469297	-0.5177423	2.916035	-0.08215275	-0.5199307	2.882839	

0.1190236	0.1342394	2.716155	-0.2012414	0.1040954	2.594835	0.1091664	-0.007941144	2.67305	-0.1603583	0.0266331	2.605653	0.06812465	0.04974348	2.6664	-0.1565915	0.08454914	2.588375	-0.06567207	0.8277127	2.700292	-0.0907187	0.7025825	2.714914	-0.08280808	0.6322944	2.726514	-0.05919894	0.4147572	2.756896	-0.0242816	0.1154952	2.780321	0.06059789	0.6101426	2.807613	-0.1991708	0.5663791	2.65396	0.03658697	0.1152387	2.778435	-0.08327799	0.112316	2.708826	0.1207376	0.4021227	2.8544	-0.2497621	0.318375	2.619044	-0.003612485	-0.2168324	2.866486	-0.08552884	-0.1981678	2.818131	0.008313109	-0.5188638	2.913508	-0.08026658	-0.5194389	2.883108	

0.1192922	0.1340259	2.715353	-0.2000953	0.1043036	2.590908	0.1115359	-0.005884485	2.672074	-0.1601279	0.02898032	2.601988	0.07139081	0.08255035	2.669046	-0.1577757	0.09231564	2.589876	-0.06626868	0.8277368	2.700578	-0.09068262	0.702566	2.714997	-0.08280775	0.6322219	2.726537	-0.05957861	0.4137795	2.755244	-0.02645292	0.1133476	2.776765	0.06104762	0.6091514	2.807589	-0.1988394	0.5663607	2.653699	0.03381088	0.1101724	2.775271	-0.08561205	0.1125002	2.70478	0.1207999	0.4020177	2.853382	-0.2497533	0.318064	2.618856	-0.002979768	-0.2202283	2.866116	-0.0847321	-0.1979267	2.81723	0.008703033	-0.5180572	2.913781	-0.07993829	-0.5195197	2.883041	

0.121294	0.1335954	2.715149	-0.2000149	0.1043985	2.59058	0.1126547	-0.007945106	2.673936	-0.1637658	0.02779692	2.602989	0.07097183	0.06776644	2.667608	-0.1538177	0.07914378	2.586562	-0.06706598	0.8280303	2.700356	-0.0906435	0.7025279	2.71508	-0.08271474	0.6321408	2.726589	-0.05875333	0.4135575	2.75458	-0.02458353	0.1134542	2.776003	0.06115732	0.6091852	2.807588	-0.1988125	0.5663149	2.653919	0.03518032	0.1099968	2.774907	-0.08341669	0.113203	2.703871	0.1207902	0.4021167	2.852084	-0.2490262	0.3183549	2.617929	-0.002719109	-0.2206368	2.866019	-0.08440732	-0.1974051	2.816583	0.00951797	-0.5173892	2.913749	-0.08531922	-0.5174466	2.881427	

0.1267784	0.1317046	2.720352	-0.1995126	0.1043638	2.590285	0.1165651	-0.007945322	2.67429	-0.1636287	0.02777633	2.600825	0.07501999	0.05662519	2.668534	-0.1617804	0.1025127	2.587267	-0.0681793	0.8276691	2.69998	-0.09060094	0.7022757	2.715212	-0.08273026	0.6318224	2.726651	-0.05900455	0.4131154	2.754052	-0.0254591	0.1131951	2.775407	0.06147569	0.6090329	2.807579	-0.198827	0.5655689	2.653817	0.03428642	0.1094419	2.774765	-0.08442595	0.1133938	2.702841	0.1208865	0.4027333	2.851751	-0.2486803	0.318308	2.617342	-0.002734428	-0.220568	2.865845	-0.08914513	-0.1963183	2.811296	0.008694903	-0.5171233	2.913462	-0.0819234	-0.5185041	2.882174	

0.126624	0.1321587	2.719696	-0.1988078	0.1045026	2.590001	0.1126103	-0.007940785	2.672999	-0.163638	0.02777698	2.600993	0.0745336	0.07668144	2.669688	-0.1543583	0.09172924	2.595198	-0.06816303	0.8277676	2.699939	-0.09036452	0.7022632	2.715522	-0.08245953	0.6317661	2.726867	-0.05837077	0.4130985	2.753828	-0.02432959	0.1134379	2.775152	0.06162775	0.6101246	2.80726	-0.1987599	0.5652724	2.653582	0.03489531	0.1095876	2.774856	-0.08266316	0.1138727	2.702241	0.1209867	0.4029902	2.851547	-0.2484715	0.3183465	2.616904	-0.002524303	-0.2203598	2.865615	-0.08778737	-0.1963692	2.811474	0.009355633	-0.5164207	2.914063	-0.08076769	-0.5192216	2.882189	

0.1314722	0.1274239	2.731596	-0.1985787	0.1043497	2.589863	0.1108573	-0.006584653	2.672749	-0.1637721	0.02780222	2.603162	0.07346634	0.05892485	2.671818	-0.1547604	0.07908756	2.588533	-0.0684109	0.8278983	2.699867	-0.09004092	0.7021416	2.715011	-0.08210608	0.6315646	2.726392	-0.05782434	0.4128419	2.753196	-0.0239445	0.1133232	2.775184	0.06216468	0.6094505	2.805883	-0.1985152	0.5656749	2.653056	0.0353759	0.1093448	2.775039	-0.08238705	0.1138878	2.702242	0.1211102	0.4038238	2.850013	-0.2483889	0.3181767	2.616544	-0.002805235	-0.2202731	2.865156	-0.08694207	-0.196225	2.811594	0.009820452	-0.5150997	2.913981	-0.07907907	-0.5195316	2.882205	

0.1312547	0.1270694	2.730727	-0.1985227	0.1036696	2.589149	0.1127131	-0.01594507	2.677845	-0.1639513	0.02783228	2.605997	0.0735659	0.02980297	2.673292	-0.1600419	0.09862299	2.588696	-0.06880914	0.827934	2.699584	-0.08998345	0.702277	2.714651	-0.0820189	0.6316197	2.726082	-0.05757227	0.4128299	2.752755	-0.0236719	0.1132805	2.775179	0.06256671	0.6089929	2.804949	-0.1984432	0.5657008	2.652964	0.03565095	0.109262	2.775114	-0.08215345	0.1139153	2.702226	0.1213618	0.4034065	2.849349	-0.2483586	0.3174967	2.615733	-0.002820414	-0.2201842	2.86516	-0.08651807	-0.1959405	2.811677	0.009897007	-0.5148895	2.913957	-0.08526406	-0.5180565	2.880095	

0.1282759	0.1288686	2.726167	-0.2004565	0.102208	2.586621	0.1107814	-0.01150038	2.684841	-0.1637513	0.02779961	2.602832	0.07158729	0.0611398	2.674571	-0.159709	0.09410657	2.58924	-0.06900673	0.8280306	2.699273	-0.08901544	0.7021905	2.714677	-0.08126789	0.6314789	2.726135	-0.05731756	0.4127508	2.75277	-0.02370804	0.1132415	2.775506	0.06282705	0.6089014	2.803854	-0.1977316	0.5668446	2.651897	0.03572456	0.1090931	2.775921	-0.08226442	0.1139658	2.702398	0.1216827	0.4035806	2.849056	-0.2483943	0.3163613	2.614505	-0.002759896	-0.2201278	2.865162	-0.08646605	-0.1951823	2.812328	0.01036815	-0.5138902	2.914883	-0.08249415	-0.5183863	2.881097	

0.1212969	0.134181	2.717073	-0.1930544	0.1039196	2.584381	0.1111831	-0.007717501	2.68012	-0.1611418	0.02691575	2.603667	0.07248731	0.04851465	2.6733	-0.1581285	0.09441449	2.591711	-0.06869989	0.8280576	2.698836	-0.08886887	0.7024257	2.71347	-0.08115053	0.6315453	2.725218	-0.05726317	0.412632	2.752291	-0.02375562	0.1130564	2.775627	0.06319096	0.6080272	2.801641	-0.1975367	0.566475	2.651348	0.03589299	0.1087493	2.776241	-0.08252748	0.1138413	2.70246	0.1226109	0.404188	2.850883	-0.2482675	0.3161765	2.614198	-0.002503128	-0.2199884	2.865004	-0.08643801	-0.1948263	2.812511	0.01046206	-0.5134788	2.914764	-0.0818414	-0.51803	2.881245	

0.1222674	0.1349902	2.720883	-0.1952261	0.1024599	2.582917	0.110036	-0.006049366	2.680658	-0.1588666	0.02732728	2.606313	0.07128383	0.05224802	2.674794	-0.1558435	0.08967493	2.593113	-0.06890424	0.8283114	2.697872	-0.08861313	0.7025043	2.713006	-0.08088268	0.6315678	2.72483	-0.05694438	0.412604	2.752016	-0.02346144	0.1130055	2.775811	0.06283686	0.6084792	2.798807	-0.1971216	0.5663457	2.649987	0.03623038	0.1090682	2.776253	-0.08208402	0.1132961	2.703092	0.1231282	0.4062545	2.851959	-0.2482937	0.3151964	2.613372	-0.003386253	-0.2197967	2.86446	-0.08640477	-0.1947924	2.812595	0.01074004	-0.5125257	2.914304	-0.08625703	-0.5166259	2.87975	

0.1199375	0.1325004	2.730466	-0.1947411	0.1023624	2.584292	0.120497	-0.01486936	2.690183	-0.1586548	0.02831415	2.602886	0.06657191	0.0215444	2.675083	-0.1595996	0.09608854	2.589465	-0.06889588	0.8286551	2.697334	-0.0887282	0.7031487	2.711616	-0.08098861	0.6320617	2.723712	-0.05704485	0.4128916	2.751433	-0.02356646	0.1131156	2.775893	0.06287054	0.6084687	2.797206	-0.1964071	0.56651	2.648353	0.03615317	0.1092331	2.776377	-0.08229747	0.1134398	2.703154	0.1235024	0.407375	2.853158	-0.2480338	0.3152356	2.612539	-0.003495507	-0.2194887	2.864359	-0.08631916	-0.1946725	2.812705	0.01094616	-0.5123757	2.914398	-0.08332989	-0.5170785	2.880877	

0.1208475	0.138953	2.721287	-0.1946719	0.1024076	2.584256	0.1094048	-0.0005689751	2.684788	-0.1567058	0.02781979	2.604508	0.06990471	0.07206301	2.6786	-0.1592124	0.1001233	2.588917	-0.06901912	0.8292894	2.696402	-0.0885609	0.7034338	2.710707	-0.08083998	0.6322449	2.72298	-0.05695465	0.4129269	2.751092	-0.02356052	0.113083	2.775992	0.06283502	0.6088388	2.795443	-0.1959491	0.5662322	2.647265	0.03624115	0.1091491	2.776549	-0.08236389	0.1134572	2.703231	0.1241776	0.4091941	2.854589	-0.2479079	0.3153154	2.612262	-0.003066853	-0.2180285	2.86416	-0.08651804	-0.1940933	2.81315	0.01094538	-0.5121982	2.914472	-0.08296017	-0.5169332	2.88101	

0.120209	0.1401949	2.721078	-0.1942734	0.1023416	2.58454	0.1113315	-0.0003524719	2.68419	-0.1640227	0.02873992	2.606924	0.07118763	0.06476086	2.679036	-0.1551453	0.07947706	2.583808	-0.06933838	0.8299462	2.695822	-0.0885876	0.703751	2.710352	-0.08094901	0.6324997	2.72259	-0.05743486	0.4130705	2.750457	-0.02489461	0.1129572	2.775563	0.06274723	0.6087627	2.793643	-0.1957882	0.5659059	2.646498	0.03502963	0.1090921	2.77617	-0.08392365	0.113363	2.70273	0.1245939	0.4101526	2.854971	-0.2461203	0.3157713	2.610099	-0.003201072	-0.2180562	2.864219	-0.08662575	-0.1936948	2.813478	0.0111401	-0.5117426	2.914805	-0.0880139	-0.5138888	2.880116	

0.1217045	0.1415344	2.722505	-0.1936607	0.1025053	2.584667	0.1123315	-8.125223E-05	2.684925	-0.160336	0.02782683	2.605177	0.07068346	0.07652062	2.680223	-0.1580258	0.07446545	2.575957	-0.06937969	0.8301368	2.695509	-0.08768427	0.7041953	2.709044	-0.08025607	0.6328862	2.721603	-0.05719865	0.4133404	2.750174	-0.02494506	0.1133581	2.776064	0.06220848	0.6106526	2.791255	-0.1956729	0.56552	2.645877	0.0348943	0.1094734	2.776639	-0.0839187	0.1138734	2.703308	0.1239864	0.412605	2.854042	-0.245569	0.3160018	2.609008	-0.002999351	-0.2165422	2.864046	-0.08675496	-0.1937798	2.813685	0.01113532	-0.5114005	2.915055	-0.08927783	-0.5136434	2.879104	

0.1214056	0.1426385	2.722225	-0.1928209	0.102982	2.58438	0.1114149	-0.0008149971	2.685908	-0.1586223	0.02728173	2.60218	0.07051665	0.07107493	2.680857	-0.1557622	0.08858658	2.581086	-0.06976189	0.830676	2.694546	-0.08696087	0.7042886	2.707651	-0.07968605	0.6329667	2.720466	-0.05701964	0.4134212	2.74974	-0.02501783	0.1134271	2.776216	0.06230191	0.611429	2.790474	-0.1952677	0.5651036	2.644911	0.0348409	0.1095741	2.776707	-0.08405396	0.1139344	2.703608	0.1241613	0.4136587	2.853875	-0.2450403	0.3164416	2.608144	-0.003613917	-0.2172095	2.863936	-0.08687165	-0.1938115	2.81386	0.01090685	-0.511605	2.914941	-0.08476097	-0.5148128	2.88009	

0.1229852	0.1407127	2.727603	-0.1920268	0.1034725	2.584233	0.1096961	-0.001033652	2.686195	-0.154474	0.02727447	2.601183	0.07060421	0.05871641	2.678625	-0.1559804	0.09119979	2.584	-0.06985118	0.8311933	2.694017	-0.08684605	0.7043642	2.706224	-0.07978818	0.6329768	2.719055	-0.05788293	0.4132805	2.748343	-0.0276308	0.1129767	2.775497	0.06258645	0.6118676	2.789528	-0.1948462	0.5652054	2.643735	0.03258626	0.1086878	2.775729	-0.08721571	0.1140471	2.703106	0.1241815	0.4142653	2.853536	-0.2440383	0.3170503	2.606858	-0.00197074	-0.2154303	2.86465	-0.08734342	-0.1930203	2.813935	0.01094512	-0.5115321	2.914884	-0.08783279	-0.5141033	2.879165	

0.1213957	0.1427463	2.723452	-0.1915429	0.1033736	2.584337	0.1126065	0.0008227714	2.684919	-0.1566512	0.02780736	2.603517	0.07299118	0.08461415	2.681381	-0.1503132	0.08421089	2.590778	-0.07016521	0.8316754	2.693557	-0.0866128	0.7046374	2.705932	-0.07975112	0.633172	2.718743	-0.05875608	0.4133935	2.747617	-0.0318245	0.1126177	2.77451	0.06337026	0.6129373	2.789909	-0.1946483	0.5650953	2.643564	0.02888575	0.1078336	2.775034	-0.09188884	0.1143362	2.701765	0.1242567	0.4147168	2.852998	-0.2438295	0.3169084	2.606524	-0.001935796	-0.215188	2.864551	-0.08738814	-0.1929824	2.813956	0.0108994	-0.5114369	2.91492	-0.0891536	-0.5142522	2.878716	

0.1227446	0.1421807	2.72611	-0.1915239	0.1030431	2.584262	0.1130515	-0.0005973066	2.683551	-0.1567516	0.0278261	2.605185	0.0726895	0.06821749	2.678647	-0.1549063	0.09266533	2.585044	-0.07010383	0.832012	2.692918	-0.08663749	0.7047821	2.705743	-0.07972103	0.6333274	2.718539	-0.05849884	0.413613	2.747417	-0.03043564	0.1131921	2.774717	0.06356768	0.6136382	2.788526	-0.1938564	0.5644443	2.642535	0.03028798	0.1087155	2.775241	-0.0904625	0.1146564	2.701979	0.1243306	0.415645	2.852264	-0.2435759	0.3166469	2.606197	-0.001467837	-0.2148886	2.86462	-0.08742401	-0.1929391	2.813899	0.01090809	-0.5111871	2.914828	-0.08520912	-0.5153196	2.879758	

0.1186785	0.1218807	2.723669	-0.1932357	0.1023224	2.582834	0.1076307	-0.0001650724	2.678318	-0.1601762	0.02899624	2.602852	0.07077283	0.06699145	2.677386	-0.1565414	0.08704168	2.585142	-0.07007869	0.8320631	2.692901	-0.08635077	0.7045962	2.705513	-0.0793711	0.6331405	2.718307	-0.05792123	0.4134418	2.747283	-0.02899707	0.1130448	2.775174	0.06414015	0.6134222	2.787006	-0.1937515	0.5640627	2.641933	0.03192763	0.1086706	2.775458	-0.08918346	0.1144217	2.702677	0.1345543	0.3929689	2.854085	-0.2434597	0.3162847	2.606108	-0.0005553529	-0.213463	2.864369	-0.08729975	-0.1927025	2.813794	0.007126929	-0.5115611	2.912755	-0.08257198	-0.5150176	2.879902	

0.1187352	0.1193488	2.721816	-0.1950314	0.1018422	2.582476	0.1060736	-0.0002327122	2.67857	-0.1640375	0.02784722	2.607352	0.07892696	0.012635	2.668333	-0.1596607	0.09159305	2.58682	-0.07023476	0.8320708	2.692802	-0.08616132	0.7045339	2.705347	-0.07924462	0.6331	2.718058	-0.05805624	0.4135055	2.74665	-0.02975312	0.1134016	2.774091	0.06451796	0.6132021	2.78598	-0.1936824	0.5641395	2.641913	0.03137158	0.1090512	2.773965	-0.09014409	0.1147766	2.701889	0.135546	0.3898618	2.853369	-0.2435835	0.3161501	2.606333	-0.0005630008	-0.2134324	2.864338	-0.08739123	-0.1924713	2.814002	0.008985902	-0.5110273	2.913746	-0.08723474	-0.5144008	2.878843	

0.1174149	0.1147576	2.717667	-0.1975897	0.1016871	2.584424	0.1015377	-0.006155498	2.672931	-0.172738	0.02910351	2.612684	0.06568159	0.05943786	2.669286	-0.1633786	0.1042993	2.597588	-0.07043117	0.8321885	2.692976	-0.08604764	0.7047202	2.70547	-0.07918474	0.6332406	2.718103	-0.05807896	0.4136164	2.746588	-0.02987177	0.1135116	2.773951	0.06602025	0.6128017	2.785639	-0.1940865	0.5640454	2.642269	0.03124999	0.1094211	2.773293	-0.09028598	0.1147963	2.70195	0.1365112	0.3848025	2.849899	-0.2440599	0.3165027	2.607348	-3.264486E-05	-0.2130863	2.864437	-0.08734278	-0.192436	2.814128	0.009082098	-0.510901	2.913862	-0.08546285	-0.5147078	2.879525	

0.115259	0.1139599	2.715616	-0.1994286	0.1018222	2.586578	0.09414674	-0.005483618	2.671843	-0.1661981	0.02838148	2.60933	0.0690679	0.01139847	2.665	-0.1627819	0.09499818	2.596949	-0.07079389	0.8323988	2.69318	-0.08555496	0.705152	2.705914	-0.07889068	0.633574	2.71833	-0.05807478	0.4138031	2.746547	-0.03018869	0.1137651	2.773651	0.067592	0.6111423	2.784397	-0.1941106	0.5643914	2.642559	0.03107374	0.109368	2.772772	-0.09091862	0.1155373	2.701851	0.1368537	0.3839337	2.847601	-0.2444184	0.3169949	2.608616	0.0006710102	-0.2126168	2.864805	-0.08752301	-0.1922076	2.814554	0.009592738	-0.5108587	2.91384	-0.08329675	-0.5147666	2.88012	

0.1710879	0.1385935	2.824058	-0.203016	0.1047344	2.588888	0.167937	0.08855966	2.830686	-0.1744863	0.03007365	2.613785	0.149166	0.1167611	2.794417	-0.1642431	0.08347645	2.59975	-0.07141174	0.832788	2.69317	-0.08555359	0.70534	2.705866	-0.07898422	0.6338308	2.71822	-0.05883992	0.4144066	2.746109	-0.03251738	0.1148937	2.772865	0.06796636	0.6113946	2.78353	-0.1943867	0.5655227	2.643341	0.02939627	0.1101621	2.77176	-0.09387775	0.1169349	2.701479	0.1371316	0.3816182	2.846193	-0.246748	0.3201238	2.611848	0.002718651	-0.2104144	2.865383	-0.08869804	-0.1919301	2.816054	0.00965659	-0.5108629	2.913834	-0.08142841	-0.5148094	2.880553	

0.1546133	0.1442889	2.800008	-0.205898	0.1051013	2.590559	0.1196804	0.09954343	2.706194	-0.1780434	0.02950028	2.617756	0.1274623	0.1408169	2.714	-0.1678802	0.08859839	2.604	-0.07159733	0.8334117	2.693386	-0.08563779	0.7061448	2.706016	-0.07925115	0.6345961	2.71829	-0.0598494	0.4151797	2.745983	-0.03491636	0.1155404	2.772645	0.06839923	0.6109547	2.783371	-0.1947875	0.5658569	2.643549	0.02729574	0.1109224	2.770881	-0.09663015	0.117411	2.70202	0.1376601	0.3802684	2.845345	-0.2483671	0.320777	2.612847	0.002109469	-0.2099675	2.865362	-0.08986024	-0.1912087	2.816794	0.01008527	-0.5105124	2.913813	-0.08047666	-0.5149024	2.880531	

0.1724944	0.1628352	2.833885	-0.2140682	0.06989855	2.607247	0.158872	0.08457743	2.829356	-0.169457	0.03137872	2.631574	0.1364527	0.1138385	2.783	-0.143171	0.07863954	2.618818	-0.07231993	0.833692	2.693595	-0.08595997	0.7066849	2.706373	-0.07965762	0.6351552	2.718714	-0.06051973	0.4157251	2.746721	-0.03580496	0.1160047	2.774304	0.0677865	0.6105229	2.782621	-0.1977048	0.5668479	2.645014	0.02667488	0.1114174	2.772171	-0.0977269	0.1177553	2.70413	0.1371822	0.3797449	2.845122	-0.2521328	0.3196641	2.614584	0.001737355	-0.2095169	2.865561	-0.09239426	-0.191691	2.819282	0.01021971	-0.5104481	2.913679	-0.08481699	-0.5132772	2.881083	

0.1721569	0.1629708	2.834121	-0.2559989	0.103352	2.643941	0.1579791	0.08383838	2.840105	-0.1916955	0.02718889	2.630682	0.1327325	0.1272556	2.785167	-0.1894286	0.09634977	2.602333	-0.07332022	0.8339775	2.693952	-0.08727549	0.7067659	2.706485	-0.08109072	0.6352655	2.718931	-0.06227582	0.4158615	2.74738	-0.03768447	0.1161454	2.775898	0.06652983	0.6100141	2.782211	-0.2004682	0.5683012	2.645567	0.02505931	0.1115907	2.773807	-0.09973577	0.1178177	2.705675	0.1331012	0.3792203	2.844087	-0.25494	0.3196049	2.616141	-0.002899516	-0.2101837	2.865452	-0.103562	-0.1892629	2.818821	0.0101215	-0.5103624	2.913561	-0.08459377	-0.5129519	2.881407	

0.1656194	0.1586923	2.837559	-0.2365959	0.1010633	2.615097	0.1493779	0.08126233	2.847193	-0.2019989	0.03564063	2.625065	0.1269757	0.1256656	2.807727	-0.1855632	0.07223132	2.60862	-0.07451162	0.8343966	2.69396	-0.09025594	0.7071323	2.705132	-0.08467074	0.63587	2.71782	-0.06813994	0.4173104	2.747346	-0.04718729	0.1191995	2.778484	0.06336665	0.6102528	2.783721	-0.2037536	0.5698687	2.645481	0.01374428	0.1183824	2.775753	-0.1078682	0.1178451	2.708944	0.1260017	0.3746839	2.846281	-0.2587582	0.3196246	2.617439	-0.00307889	-0.2079084	2.864044	-0.1126806	-0.1890628	2.821116	0.008595555	-0.5116005	2.91277	-0.08483974	-0.5141561	2.881869	

0.1499834	0.1599214	2.87231	-0.2254331	0.09999213	2.616323	0.1190589	0.07404245	2.8702	-0.1942712	0.0281283	2.62978	0.1227736	0.108142	2.835	-0.1902554	0.09261125	2.614968	-0.08132574	0.8352408	2.697814	-0.1004167	0.70737	2.707766	-0.09495933	0.6362754	2.721185	-0.07835103	0.4180348	2.752937	-0.05616066	0.1201065	2.786834	0.04930593	0.6080759	2.79167	-0.2100196	0.571242	2.647527	0.004460999	0.1213504	2.785274	-0.1158906	0.1164592	2.716254	0.1093795	0.3748496	2.864999	-0.2655385	0.3159758	2.617965	2.716643E-05	-0.1988305	2.855832	-0.1177757	-0.1907932	2.822774	-0.01372141	-0.5179163	2.917342	-0.09265114	-0.5150664	2.882047	

0.08199827	0.137895	2.732291	-0.2251117	0.1007066	2.614242	0.07304783	-0.0004839412	2.705938	-0.1942503	0.03051193	2.629712	0.03414083	0.05857275	2.702083	-0.1930219	0.07543144	2.5934	-0.08768309	0.8361867	2.700751	-0.1042257	0.7086912	2.710576	-0.09869496	0.6374846	2.723957	-0.08168521	0.4188236	2.755498	-0.05868018	0.1203055	2.788921	0.04459985	0.6094999	2.796909	-0.2128347	0.5713444	2.649476	0.001496716	0.1223147	2.788177	-0.1178611	0.1159116	2.717673	0.1067838	0.3751578	2.868434	-0.2675577	0.3163283	2.618532	-0.005061619	-0.2084535	2.860339	-0.1154441	-0.193074	2.824761	-0.02404211	-0.5121863	2.924608	-0.09911926	-0.5128537	2.881433	

0.08185671	0.1378634	2.732623	-0.2236292	0.1034844	2.611089	0.07301401	-0.0004833025	2.704664	-0.1904316	0.03405431	2.625846	0.03434119	0.06725074	2.699332	-0.1842586	0.08370942	2.603916	-0.09305269	0.8367897	2.70716	-0.1081991	0.7096563	2.717916	-0.1016002	0.6385387	2.731236	-0.08162323	0.4201658	2.763182	-0.0536393	0.1222638	2.798689	0.04145237	0.6105489	2.803041	-0.2140543	0.5709142	2.652328	0.006868918	0.1263013	2.797851	-0.1129043	0.1155595	2.727729	0.1051741	0.3744012	2.872752	-0.2680092	0.3187904	2.619995	-0.01886266	-0.216742	2.873468	-0.1101523	-0.1950338	2.828895	-0.02881654	-0.5032732	2.942641	-0.1010031	-0.5116354	2.881623	

0.1065543	0.1631885	2.80898	-0.2194513	0.1044133	2.610328	0.0883486	0.02320924	2.721636	-0.1866952	0.03523552	2.624014	0.07513922	0.1033517	2.708375	-0.1798642	0.09641818	2.608449	-0.09482177	0.8400754	2.719222	-0.1084128	0.7113219	2.723567	-0.1021621	0.6399469	2.735437	-0.08257178	0.4209083	2.764307	-0.05609196	0.1229199	2.7973	0.04036887	0.6132894	2.807783	-0.2141016	0.5693318	2.655749	0.003719832	0.1280555	2.795522	-0.1148327	0.1153417	2.726896	0.1045723	0.3754703	2.875745	-0.2675088	0.3189029	2.621536	-0.02280707	-0.2202598	2.880679	-0.1068844	-0.1986009	2.833586	-0.03110413	-0.5030014	2.945305	-0.1019367	-0.5116191	2.881998	

0.07940885	0.1350566	2.747915	-0.2104329	0.1049242	2.611737	0.07944146	-0.0008290295	2.727958	-0.1795565	0.04065417	2.624931	0.0369115	0.04034029	2.723834	-0.1708171	0.0976532	2.6094	-0.0906387	0.8415533	2.725942	-0.106166	0.7126444	2.729603	-0.09835142	0.6418302	2.742942	-0.07253105	0.4247955	2.775754	-0.03375171	0.129537	2.812384	0.04311493	0.6146007	2.814351	-0.2098786	0.5688706	2.661315	0.02876974	0.1384187	2.811394	-0.09503472	0.1180336	2.741397	0.1062509	0.3775862	2.880628	-0.2639847	0.3180496	2.624981	-0.02238743	-0.218941	2.882954	-0.1021319	-0.1987581	2.836258	-0.03239695	-0.5028336	2.94589	-0.1018967	-0.511365	2.88202	

0.08313854	0.1370067	2.750341	-0.2023042	0.1041371	2.614793	0.08721803	-0.0008307153	2.736956	-0.1695026	0.03903447	2.636684	0.0385511	0.07495631	2.728522	-0.1611123	0.08406328	2.610286	-0.08386518	0.8423162	2.734848	-0.09874056	0.7142266	2.738487	-0.09077249	0.6431799	2.751881	-0.06596734	0.4251198	2.783431	-0.03038014	0.1283984	2.817077	0.04604211	0.6157567	2.818393	-0.2024871	0.5694028	2.668113	0.03106424	0.1363781	2.815477	-0.09061734	0.1177088	2.746776	0.1124661	0.3838314	2.895541	-0.2570656	0.316886	2.629642	-0.02030261	-0.219371	2.888092	-0.0973481	-0.196907	2.837393	-0.03428533	-0.5057172	2.946132	-0.1009259	-0.5119141	2.882362	

0.08471579	0.1373062	2.750976	-0.1993225	0.104714	2.615724	0.08800427	0.0005449654	2.737287	-0.1609415	0.03659131	2.634854	0.04181641	0.06175492	2.72875	-0.1596549	0.09378134	2.614278	-0.08043146	0.8430704	2.738683	-0.0961465	0.714918	2.742757	-0.08904961	0.6436728	2.754953	-0.06585086	0.4251911	2.784106	-0.03174212	0.1280089	2.816683	0.04833113	0.6153784	2.820557	-0.1992464	0.5704116	2.67209	0.02906845	0.1349047	2.814588	-0.0917852	0.117913	2.746615	0.1151466	0.386942	2.899794	-0.2524171	0.3177517	2.633314	-0.01892586	-0.2202315	2.892389	-0.09274749	-0.1945941	2.838805	-0.03652884	-0.5056088	2.944978	-0.09926943	-0.5083424	2.882908	

0.09442522	0.1380559	2.753085	-0.1874461	0.1035573	2.620044	0.09458835	-0.0008293436	2.732872	-0.1550545	0.03904443	2.637189	0.05005407	0.06498312	2.724177	-0.1493082	0.1096189	2.620684	-0.0694408	0.8424447	2.745787	-0.08739309	0.7158024	2.747744	-0.07938058	0.6447374	2.759998	-0.05455998	0.4265645	2.788381	-0.0204651	0.1290469	2.818334	0.05742393	0.6168017	2.829805	-0.1893812	0.5704751	2.675922	0.03956806	0.1374116	2.816225	-0.07978653	0.1173538	2.748294	0.1217412	0.3857467	2.904686	-0.2452626	0.3153926	2.635298	-0.01866503	-0.220917	2.893805	-0.09107156	-0.1937312	2.83981	-0.03244386	-0.504126	2.95093	-0.09798564	-0.5097212	2.884006	

0.1289409	0.1198619	2.776075	-0.1820599	0.1040482	2.619526	0.1049158	-0.0133864	2.740705	-0.1481494	0.03913449	2.643193	0.07013634	0.04513678	2.730375	-0.1437821	0.1130766	2.622125	-0.06195997	0.8428082	2.747346	-0.08182664	0.717401	2.749901	-0.07509891	0.6457317	2.761722	-0.05314026	0.4264018	2.789056	-0.02049226	0.1280438	2.818405	0.06349528	0.6206061	2.834241	-0.18313	0.5715912	2.678308	0.03903859	0.1303375	2.817518	-0.07970294	0.1178463	2.748023	0.1279772	0.3897392	2.908374	-0.2390092	0.3160338	2.637108	-0.01718723	-0.2206085	2.895106	-0.08756157	-0.1938678	2.84086	-0.0312825	-0.50284	2.952089	-0.09561774	-0.5127303	2.885184	

0.1921057	0.1679592	2.890303	-0.1497115	0.1142169	2.655177	0.1870884	0.09425872	2.886429	-0.1463592	0.02957576	2.654693	0.169274	0.1190823	2.860556	-0.1241023	0.1150279	2.651934	-0.04546641	0.8423093	2.745995	-0.06902685	0.7153963	2.750964	-0.06137252	0.6444327	2.763337	-0.03752713	0.4270315	2.792149	-0.004964984	0.1307144	2.822407	0.08427104	0.615958	2.842502	-0.1672366	0.5693192	2.680667	0.05489663	0.1352347	2.821761	-0.06432216	0.1209605	2.751398	0.1451452	0.3819369	2.904492	-0.2259689	0.3184329	2.640829	0.04167059	-0.2595527	2.936725	-0.04708179	-0.2016106	2.802686	-0.001454528	-0.518765	2.985186	-0.07959587	-0.5248832	2.880853	

0.2036102	0.1599056	2.887467	-0.1706585	0.1043991	2.63983	0.2282942	0.07804347	2.890167	-0.1548425	0.03132883	2.661368	0.181673	0.1371872	2.891556	-0.1462475	0.1017704	2.646522	-0.0378115	0.8410835	2.745214	-0.05972487	0.7132514	2.749722	-0.05236674	0.6427341	2.762313	-0.02955813	0.4263211	2.791586	0.001820211	0.1308869	2.822135	0.0915425	0.6128999	2.843335	-0.1618614	0.5687495	2.68062	0.06208938	0.1348252	2.821764	-0.05820876	0.1223335	2.750684	0.1607701	0.3747063	2.900761	-0.2213396	0.3176717	2.641275	0.02888515	-0.2613915	2.921111	-0.02784202	-0.1959096	2.782015	0.001206914	-0.5203269	2.978725	-0.06673098	-0.5281352	2.86892	

0.2466098	0.1588647	2.85904	-0.1885333	0.07733435	2.669759	0.2762172	0.08730023	2.842345	-0.1693226	0.02653799	2.691386	0.2269587	0.1382477	2.869572	-0.158445	0.07675496	2.667091	-0.02794345	0.8379375	2.742915	-0.04546192	0.7109706	2.74887	-0.03911867	0.6409814	2.761722	-0.01932303	0.4258289	2.79159	0.008541573	0.13154	2.822584	0.1010115	0.6101608	2.841298	-0.1548371	0.5683141	2.679862	0.06925045	0.1343929	2.823246	-0.0518738	0.1244983	2.750036	0.1823353	0.3676631	2.88425	-0.2171243	0.3186613	2.643399	0.03015249	-0.2622194	2.919646	0.01173449	-0.182333	2.74441	0.006632814	-0.5219251	2.975916	-0.031645	-0.5254795	2.833633	

0.3168661	0.1712677	2.779811	-0.2000483	0.09351254	2.628766	0.3575141	0.118769	2.754202	-0.2026905	0.03986501	2.693174	0.3239653	0.1287355	2.768222	-0.1870274	0.07886428	2.667625	0.004645532	0.8326362	2.722661	-0.02490104	0.7093061	2.736201	-0.02085216	0.6392969	2.750336	-0.007533757	0.424207	2.783749	0.01333885	0.1303321	2.81859	0.1438784	0.5934338	2.829415	-0.132433	0.5674829	2.666309	0.0736903	0.1313123	2.820505	-0.04647696	0.1257021	2.743995	0.2261709	0.3660755	2.831709	-0.205719	0.3126502	2.644835	-0.02492715	-0.243049	2.953925	0.05238046	-0.2316291	2.730366	-0.02766563	-0.5111058	2.972564	0.06539747	-0.5375202	2.749414	

0.3349713	0.1787721	2.754063	-0.2095765	0.07849883	2.689278	0.3818487	0.131167	2.711569	-0.1940077	0.02003961	2.726751	0.3428083	0.1337257	2.750333	-0.1710249	0.06107336	2.695333	0.01328377	0.8322014	2.714577	-0.007258194	0.7057581	2.720139	-0.003623511	0.6360141	2.735497	0.007437483	0.4216779	2.772803	0.02303851	0.1288133	2.813018	0.1488576	0.5924193	2.822922	-0.1231272	0.5660496	2.656446	0.08320595	0.128406	2.815931	-0.0374712	0.1257827	2.737762	0.2328668	0.3634396	2.822184	-0.1993782	0.3124962	2.641701	-0.02266881	-0.2424842	2.952424	0.05329311	-0.2319082	2.728913	-0.02447564	-0.5105597	2.971004	0.0901938	-0.5426017	2.715251	

0.3410687	0.1784111	2.744333	-0.2093309	0.078428	2.689128	0.3856941	0.1377033	2.696651	-0.1845513	0.01976589	2.725557	0.3365779	0.1559327	2.744538	-0.1675445	0.0605261	2.695134	0.02097141	0.8308747	2.707522	-0.004316015	0.7049924	2.716826	-0.0006956988	0.635091	2.731836	0.01030552	0.4201969	2.767994	0.02543347	0.1264765	2.806841	0.1549276	0.5901807	2.8174	-0.1162286	0.5643256	2.648731	0.08569523	0.1234771	2.809075	-0.03521194	0.1256303	2.731925	0.2380659	0.3619215	2.814453	-0.1900136	0.3100079	2.63753	-0.01827767	-0.2494173	2.942463	0.06398769	-0.2299214	2.716256	-0.02661171	-0.5151882	2.975703	0.09129803	-0.5400729	2.7135	

0.3453126	0.1807884	2.736584	-0.1965656	0.07759389	2.694327	0.392716	0.1399472	2.684619	-0.1907781	0.01491793	2.731859	0.3616139	0.1323251	2.722	-0.1651016	0.05721677	2.691786	0.02516438	0.8305165	2.703269	0.000605121	0.7043782	2.71348	0.004063855	0.6344337	2.728383	0.01457098	0.4194233	2.764303	0.02890623	0.1255918	2.803101	0.1626159	0.5848869	2.810858	-0.111705	0.5632237	2.643973	0.08918613	0.122758	2.805724	-0.03208289	0.1248167	2.728086	0.2416002	0.3633168	2.808443	-0.1839025	0.3082412	2.634188	-0.02198783	-0.224034	2.93353	0.06802382	-0.2016471	2.707642	-0.03457957	-0.5162324	2.985857	0.09317342	-0.5416142	2.711156	

0.3571678	0.1788587	2.717981	-0.1628926	0.07699813	2.708338	0.405243	0.1371443	2.671824	-0.1828599	0.01281784	2.709516	0.3664795	0.1331943	2.6994	-0.1475782	0.09725051	2.677167	0.03462577	0.827343	2.690307	0.01140517	0.7010164	2.698999	0.01551462	0.6312835	2.71467	0.02809046	0.4168605	2.752741	0.04562556	0.1237592	2.794203	0.1687077	0.5870337	2.798981	-0.09694295	0.5612976	2.626471	0.1046236	0.1221959	2.797532	-0.01460061	0.1219066	2.718616	0.2513359	0.3597679	2.790885	-0.1733527	0.3029549	2.621881	-0.02180328	-0.2239478	2.933395	0.07869318	-0.2015888	2.691443	-0.03451281	-0.5163525	2.985976	0.09422055	-0.5428193	2.709783	

0.3750951	0.1678342	2.693057	-0.1516171	0.07254466	2.618998	0.4147385	0.1308282	2.643504	-0.1455273	0.01225057	2.661479	0.3744227	0.1445475	2.6796	-0.1219497	0.05707874	2.626467	0.06219831	0.8274243	2.640229	0.04135103	0.7000362	2.646466	0.04646884	0.6296912	2.661647	0.06188404	0.4133722	2.698547	0.08262525	0.1176402	2.738896	0.1951896	0.5871859	2.748826	-0.06583325	0.5585549	2.577026	0.1394964	0.1146999	2.74512	0.02351578	0.1174842	2.660506	0.2766586	0.3580483	2.747717	-0.1450444	0.2985043	2.562286	0.01929114	-0.2451322	2.895321	0.08845352	-0.1861968	2.673906	-0.03196993	-0.5165995	2.983304	0.100377	-0.5489169	2.710143	

0.3782029	0.165908	2.690187	-0.119664	0.07352312	2.582526	0.422928	0.1253693	2.640499	-0.1424149	0.02221295	2.60405	0.3722402	0.1440164	2.691055	-0.1028813	0.06969711	2.574	0.06817426	0.8283853	2.630403	0.04638332	0.6990867	2.634532	0.05175769	0.6289629	2.649219	0.0679789	0.4133528	2.684558	0.08989847	0.1186799	2.72263	0.1987952	0.5879998	2.741849	-0.05763192	0.5571733	2.562282	0.1460834	0.1165774	2.72864	0.03129463	0.1176423	2.644406	0.2800447	0.3568739	2.741942	-0.1293261	0.2948081	2.538717	0.03465834	-0.2492867	2.872981	0.09965061	-0.2221637	2.661988	-0.01575068	-0.4939985	2.962311	0.1008225	-0.5368353	2.703388	

0.3876986	0.151112	2.680535	-0.1054779	0.07284294	2.538928	0.4295119	0.113386	2.642363	-0.08951633	0.006293029	2.574829	0.3820374	0.131714	2.682214	-0.06990458	0.05563175	2.539647	0.08187599	0.8274749	2.605375	0.06420631	0.7009571	2.603235	0.07062417	0.6301861	2.616945	0.0900646	0.412335	2.649345	0.1165241	0.1139908	2.683458	0.2068787	0.5913118	2.705777	-0.04086506	0.5560309	2.532552	0.172273	0.1113866	2.685413	0.0573955	0.1135297	2.609368	0.2952758	0.3462552	2.725348	-0.1054859	0.2965498	2.49968	0.04766618	-0.237944	2.851686	0.09958509	-0.221177	2.659885	0.0009961615	-0.484363	2.938875	0.10235	-0.5341461	2.700232	

0.3877978	0.1473322	2.67848	-0.05577659	0.05573297	2.470621	0.4294513	0.09545168	2.654943	-0.02002583	-0.008814701	2.510878	0.3626034	0.1378095	2.698889	-0.01579373	0.05494388	2.467571	0.1024326	0.8237329	2.564962	0.07447132	0.6967246	2.56826	0.08301011	0.6260281	2.580182	0.1094273	0.4085401	2.606924	0.1444417	0.1113443	2.636546	0.217354	0.5952323	2.688131	-0.02418893	0.5515646	2.497762	0.1967292	0.1136366	2.644494	0.08742809	0.1059398	2.557709	0.3040111	0.3481092	2.711114	-0.0765942	0.271702	2.451014	0.1920378	-0.1918989	2.680984	0.1018846	-0.2109575	2.646286	0.05238186	-0.4584613	2.875797	0.1039352	-0.5314739	2.697533	

0.3890681	0.1407293	2.681553	-0.004024857	0.05853675	2.411127	0.4245515	0.07960586	2.677952	0.01405336	0.006791046	2.437586	0.353607	0.1326681	2.711444	0.02060615	0.08856835	2.419667	0.1091352	0.8233779	2.556169	0.08137465	0.6952581	2.55389	0.09008264	0.6243591	2.568328	0.116461	0.4063892	2.601164	0.1536101	0.1078662	2.634687	0.2278205	0.5847899	2.662752	-0.01247884	0.5466984	2.480717	0.2058175	0.1115228	2.644148	0.09748259	0.1007618	2.55341	0.3109496	0.34452	2.705772	-0.0589916	0.2707868	2.426931	0.2518447	-0.1917405	2.673531	0.1430303	-0.2113533	2.635614	0.09090375	-0.4627705	2.846897	0.1052868	-0.5315369	2.694973	

0.3808363	0.1333737	2.686646	0.1049151	0.06806839	2.347204	0.4024154	0.0624079	2.712266	0.1512242	0.01807936	2.418186	0.3772898	0.07958344	2.665833	0.1401956	0.08019982	2.396	0.1352695	0.8221197	2.512769	0.1046499	0.6973329	2.505603	0.112068	0.6259329	2.522874	0.1303157	0.4061835	2.573844	0.1581957	0.1067284	2.625835	0.2381718	0.6195207	2.623501	0.01923601	0.5512037	2.438266	0.2067976	0.1124425	2.634745	0.1066517	0.09729689	2.543869	0.3257018	0.3447451	2.685634	-0.001383874	0.259688	2.355554	0.2728379	-0.2614075	2.657809	0.1705023	-0.2599788	2.630608	0.1860435	-0.5107852	2.763086	0.1138492	-0.5349304	2.699218	

0.3778025	0.1309718	2.628554	0.1543716	0.08096908	2.316288	0.4123025	0.02728481	2.659314	0.2138216	0.05669612	2.297153	0.3870912	0.04462703	2.612891	0.1545638	0.06120132	2.293	0.1447491	0.8212666	2.498508	0.1149685	0.6956013	2.490121	0.1223824	0.6243515	2.507105	0.1465334	0.4046777	2.546444	0.1773468	0.104676	2.591243	0.2512182	0.6113648	2.602384	0.03546453	0.5468991	2.422429	0.2207302	0.1110635	2.59256	0.1284219	0.09533899	2.517172	0.3354815	0.3453777	2.626454	0.03885517	0.2669666	2.320155	0.3234138	-0.212419	2.595265	0.1158643	-0.2092271	2.585814	0.2727699	-0.5292182	2.694561	0.1128267	-0.5368614	2.695654	

0.4492306	0.07928686	2.478038	0.3097669	0.08652619	2.277316	0.4437071	-0.05093323	2.460708	0.3194906	0.003818383	2.352694	0.4049214	-0.0002512118	2.431857	0.2976633	0.06627014	2.326308	0.2568407	0.8089269	2.42525	0.2227128	0.6858854	2.411597	0.2277139	0.6140379	2.425475	0.2420947	0.3926981	2.458576	0.2607193	0.0894455	2.493784	0.3436518	0.6170281	2.503998	0.1532681	0.5321946	2.342455	0.2994103	0.09141345	2.49066	0.214477	0.08489934	2.425089	0.4222364	0.3539262	2.536389	0.1653626	0.2441192	2.244617	0.3627787	-0.2276381	2.554121	0.1440823	-0.2807029	2.589169	0.4087731	-0.5295245	2.555574	0.1190554	-0.5377447	2.685732	

0.4590938	0.08738454	2.467348	0.332892	0.03365908	2.329751	0.452594	-0.05552479	2.436343	0.4093352	-0.05595739	2.41786	0.4184194	0.01952752	2.411217	0.4034679	0.02329988	2.403	0.2710479	0.8095294	2.419893	0.2390503	0.6850312	2.403367	0.2404686	0.6132746	2.41769	0.2470256	0.3921377	2.452004	0.2594773	0.08889259	2.486526	0.3590635	0.6173276	2.498414	0.164474	0.5317172	2.335469	0.2987278	0.09111217	2.481028	0.2128464	0.08417311	2.41978	0.4375403	0.3542126	2.530817	0.1733749	0.2432702	2.238415	0.3653507	-0.2244869	2.552394	0.1564653	-0.2809339	2.585597	0.410897	-0.5273414	2.555578	0.1238817	-0.5361539	2.681987	

0.5019085	0.08675547	2.440004	0.3427459	0.08337306	2.186641	0.4898165	-0.05015089	2.405947	0.3848981	0.05500599	2.184411	0.4551454	-0.001042281	2.38555	0.3494543	0.08690786	2.142273	0.3115467	0.8133183	2.397805	0.2840199	0.6900484	2.378167	0.2819757	0.6178885	2.392378	0.2731897	0.3952982	2.428986	0.2669871	0.09055686	2.469395	0.4034899	0.6390043	2.480254	0.2106066	0.5368159	2.311055	0.3043012	0.09370824	2.464986	0.2220001	0.08470276	2.401933	0.4816617	0.3757258	2.512759	0.1993736	0.2468337	2.219165	0.3722236	-0.2246639	2.547503	0.2317786	-0.2494356	2.544591	0.4169112	-0.5240647	2.553363	0.1333333	-0.5366403	2.677038	

0.4913275	0.0777417	2.420568	0.3763365	0.02588136	2.293376	0.4950544	-0.04943361	2.400259	0.4527597	-0.02115454	2.382346	0.4549506	-0.01778758	2.3735	0.3953531	-0.0647593	2.298667	0.3160087	0.8135933	2.394444	0.2887775	0.6895821	2.376297	0.2866345	0.6172879	2.39036	0.2787974	0.3942043	2.425242	0.270486	0.0887306	2.463432	0.4138915	0.6273776	2.474696	0.2122094	0.5368209	2.309894	0.3091641	0.09090837	2.457963	0.2242042	0.08374438	2.396962	0.491984	0.3641562	2.507179	0.2020063	0.2470659	2.217045	0.3733208	-0.2272708	2.544302	0.2765025	-0.2444993	2.537123	0.4194784	-0.5247685	2.552497	0.1420519	-0.5342195	2.668265	

0.4835954	0.07561838	2.402034	0.3589151	0.03545982	2.241801	0.5085879	-0.05217357	2.38153	0.4252052	-0.06448826	2.290322	0.4626574	0.006459913	2.355611	0.3517944	-0.04393102	2.294519	0.3361296	0.8133692	2.381753	0.2989593	0.6898498	2.369507	0.2986983	0.6171027	2.38294	0.2981579	0.3923624	2.414791	0.2977327	0.08368213	2.448639	0.4336697	0.6218302	2.463895	0.2209443	0.5359585	2.305207	0.3367403	0.08754412	2.44558	0.249993	0.07728826	2.379934	0.5116174	0.3586191	2.496386	0.2072017	0.2470649	2.213241	0.3800903	-0.2399661	2.532422	0.284553	-0.2482769	2.531585	0.4225199	-0.5256513	2.550689	0.1582663	-0.5263155	2.654533	

0.4913243	0.09291008	2.406001	0.3570679	0.05334525	2.238867	0.5219477	-0.03871687	2.373405	0.427767	-0.06074458	2.27384	0.4744532	0.03152292	2.354063	0.3531	0.02759916	2.17025	0.3571528	0.8114859	2.375861	0.3099259	0.6875645	2.365127	0.3095343	0.6153576	2.379337	0.3076632	0.3923728	2.413369	0.3053206	0.08591738	2.449492	0.4430836	0.619719	2.459748	0.2286701	0.5363402	2.301125	0.3498592	0.08618354	2.448311	0.2546346	0.08243138	2.379633	0.5307754	0.3660422	2.524652	0.2108194	0.2483238	2.211952	0.3848473	-0.2437501	2.518529	0.2988069	-0.2050721	2.482013	0.4266193	-0.5277349	2.549778	0.1743228	-0.5059263	2.63711	

0.669798	0.1064495	2.479665	0.283504	0.04144541	2.208884	0.7011609	0.05466836	2.465982	0.3198697	-0.008662633	2.238482	0.6257563	0.109689	2.487909	0.2679882	0.01180703	2.219667	0.3805046	0.8038902	2.358418	0.3501784	0.6835199	2.348038	0.3521616	0.6121963	2.362866	0.3570575	0.3925618	2.399156	0.3595065	0.09175261	2.439822	0.5012692	0.5897579	2.452754	0.2516653	0.535685	2.286911	0.4097642	0.08687119	2.447101	0.2964061	0.09336892	2.362039	0.5954988	0.3116409	2.490758	0.2124621	0.2484315	2.211713	0.4173226	-0.2281484	2.403311	0.3677624	-0.1964953	2.418082	0.4327732	-0.5267803	2.547616	0.2482088	-0.5014862	2.569893	

0.7196855	0.1309857	2.398706	0.2463612	0.04598771	2.244389	0.759424	0.08327205	2.374314	0.2831152	-0.02058199	2.287782	0.6951963	0.1171083	2.412563	0.2316666	0.008552316	2.251625	0.4236469	0.8069221	2.325203	0.3673259	0.6836827	2.337275	0.3784456	0.6124348	2.348327	0.4127901	0.3927851	2.374143	0.4469154	0.09151686	2.405602	0.5375659	0.5735813	2.440309	0.263482	0.5358426	2.278915	0.5006706	0.09100344	2.411788	0.3798834	0.08933013	2.32841	0.630304	0.32654	2.445956	0.2132534	0.2605132	2.225101	0.4363294	-0.2232006	2.384201	0.4461359	-0.2805777	2.368105	0.4187804	-0.547129	2.525482	0.3260658	-0.5850865	2.519979	

0.7223251	0.1334212	2.393679	0.2455653	0.04862672	2.244427	0.7744389	0.08768078	2.356672	0.2702811	-0.01511877	2.285124	0.7346805	0.09121373	2.377889	0.2134032	0.02479822	2.243636	0.4247604	0.8065186	2.324567	0.3753405	0.6822432	2.332913	0.385168	0.6115452	2.34584	0.4162385	0.3929723	2.374948	0.4540482	0.09358268	2.409692	0.5363503	0.5806544	2.431229	0.2706409	0.5359119	2.273445	0.5079365	0.09476949	2.416492	0.3869062	0.08983811	2.332081	0.6308447	0.3273986	2.443841	0.2137187	0.2638257	2.228442	0.4398025	-0.2269963	2.390286	0.4607675	-0.2812719	2.351138	0.4004036	-0.5572319	2.491104	0.3829355	-0.5693288	2.477323	

0.7415555	0.143658	2.356153	0.2430779	0.04964114	2.250298	0.7899737	0.1030322	2.313829	0.262524	-0.0149019	2.29938	0.7367393	0.1172936	2.356444	0.212919	0.02372988	2.2513	0.4339212	0.8065639	2.316133	0.3915261	0.681075	2.321948	0.4004228	0.610903	2.337216	0.4268893	0.3938356	2.372793	0.4638475	0.0961148	2.4114	0.5506282	0.5706555	2.422695	0.280656	0.5354792	2.265789	0.5223113	0.1018639	2.418755	0.3931573	0.08927242	2.333359	0.6422275	0.3276579	2.428132	0.2148265	0.264753	2.229994	0.4488904	-0.2635116	2.436549	0.4873783	-0.2608924	2.329715	0.4300275	-0.555545	2.445982	0.4338413	-0.5616164	2.400985	

0.7469733	0.1413692	2.348703	0.2412656	0.05144373	2.25293	0.7957827	0.1054081	2.30032	0.2663188	-0.01455231	2.301368	0.7391149	0.1270826	2.3518	0.210716	0.02756781	2.258813	0.4411941	0.8061721	2.309784	0.394145	0.6808564	2.317162	0.4034763	0.6108658	2.332903	0.4307979	0.3945013	2.370387	0.4685418	0.09782746	2.41109	0.5564747	0.5691078	2.419283	0.2893659	0.5348153	2.258407	0.5261566	0.1041532	2.419318	0.3979459	0.0897211	2.332106	0.6494805	0.3270196	2.418691	0.2189275	0.2668854	2.230031	0.4498305	-0.2629596	2.435544	0.4896713	-0.2566044	2.324168	0.4181989	-0.554794	2.537898	0.4673536	-0.5731088	2.359802	

0.7545247	0.144947	2.338357	0.242986	0.05166931	2.257141	0.8046439	0.1083041	2.291707	0.2614809	-0.01334594	2.304131	0.7539887	0.1215496	2.33847	0.2045442	0.03143972	2.265778	0.4472493	0.8057852	2.303508	0.4000196	0.6799222	2.312665	0.4093344	0.609732	2.328274	0.436066	0.3930422	2.366123	0.4718902	0.09616241	2.407769	0.5633765	0.5696604	2.414509	0.2956397	0.5332828	2.252594	0.5292957	0.09896868	2.413486	0.4014682	0.09003245	2.330123	0.6547341	0.3284462	2.410981	0.2225521	0.2664791	2.22953	0.472091	-0.2218529	2.352488	0.5005203	-0.2238495	2.295494	0.4238951	-0.5340847	2.524297	0.4728686	-0.5534237	2.344537	

0.7627531	0.143762	2.324081	0.2539237	0.04767194	2.221027	0.8227931	0.1045302	2.271081	0.2680435	-0.003797536	2.266124	0.7838106	0.0999077	2.297889	0.2312841	0.031433	2.238091	0.4691492	0.8035091	2.278913	0.4259041	0.6770401	2.286355	0.4340484	0.6068773	2.303059	0.457141	0.3904553	2.344685	0.4872643	0.09379765	2.391201	0.5774042	0.581759	2.383872	0.3242292	0.529719	2.22651	0.5395409	0.09385988	2.400929	0.4214255	0.09175061	2.310071	0.6697078	0.3325633	2.391459	0.2417349	0.2660836	2.215112	0.489428	-0.2454612	2.30741	0.5031	-0.2238804	2.292145	0.4319344	-0.5311329	2.515397	0.5366045	-0.5737655	2.295062	

0.7761788	0.1381683	2.307114	0.2723584	0.03937972	2.232155	0.826487	0.09734431	2.255748	0.2979888	-0.02729835	2.281852	0.7755902	0.1108342	2.305611	0.240287	0.02074064	2.230231	0.4812159	0.8019705	2.267567	0.4365498	0.6748009	2.273602	0.444811	0.6043798	2.291131	0.4682581	0.3871959	2.335053	0.4985177	0.08952326	2.384346	0.586071	0.581432	2.375231	0.335479	0.5258502	2.212438	0.5509307	0.08824793	2.39073	0.4316756	0.08837839	2.306447	0.681776	0.3247032	2.379221	0.2612996	0.255769	2.195072	0.4917685	-0.2466315	2.303965	0.5030668	-0.2194432	2.283289	0.4349276	-0.5313984	2.513255	0.5398628	-0.5727381	2.292135	

0.7982184	0.1182103	2.292016	0.3028805	0.03153178	2.180165	0.8485455	0.07366443	2.264258	0.3285338	-0.03835712	2.228072	0.8043416	0.08088988	2.286588	0.2709461	0.01437947	2.196286	0.4955783	0.7929742	2.237983	0.4638391	0.666847	2.230834	0.4740835	0.5955866	2.246762	0.5033901	0.3757511	2.286136	0.5411272	0.07421856	2.329679	0.6100298	0.5844368	2.339921	0.3727379	0.5117334	2.16793	0.584807	0.0730653	2.337007	0.4810349	0.07313313	2.252005	0.7047389	0.3093634	2.349384	0.2982776	0.2460418	2.146011	0.5093281	-0.2778828	2.298478	0.5106093	-0.237743	2.249982	0.4364413	-0.5485174	2.520307	0.5510196	-0.5980501	2.288073	

0.8023917	0.1198515	2.28782	0.3073269	0.030607	2.175501	0.850968	0.07465761	2.254889	0.3398792	-0.03883874	2.209661	0.7833018	0.1059304	2.3049	0.2822322	0.007283952	2.168667	0.5072715	0.7932437	2.225694	0.4659092	0.6668733	2.226666	0.4760986	0.5954487	2.242395	0.50523	0.3750606	2.281093	0.5426927	0.07262171	2.323532	0.6179029	0.5765562	2.333433	0.3758935	0.5116727	2.163396	0.5865388	0.07108516	2.331293	0.4823457	0.07197159	2.245375	0.7068895	0.3094851	2.347056	0.303153	0.2450215	2.140848	0.5110928	-0.2777067	2.299032	0.526472	-0.236876	2.242248	0.4383413	-0.5500852	2.518909	0.5554698	-0.5977237	2.284696	

0.8165687	0.1106562	2.281412	0.3413965	0.02151074	2.12879	0.8567094	0.06419062	2.255881	0.3714242	-0.04218905	2.165025	0.7902509	0.09861165	2.297821	0.3176755	-0.0002331244	2.124429	0.515192	0.7935226	2.20885	0.4744355	0.6663026	2.200952	0.4858453	0.594942	2.214484	0.5190497	0.3747555	2.24617	0.5629452	0.07264976	2.278316	0.6322533	0.5760695	2.31411	0.3951854	0.5088468	2.13707	0.6069177	0.07017621	2.284847	0.5015497	0.07286523	2.201707	0.7234167	0.3035155	2.331645	0.3331274	0.2368134	2.09905	0.5189586	-0.287234	2.30777	0.5391349	-0.2345594	2.215189	0.439557	-0.5614114	2.523448	0.561218	-0.592006	2.278763	

0.8222996	0.1021592	2.280326	0.3491038	0.01695378	2.120115	0.8690914	0.0579474	2.265481	0.3912821	-0.04930262	2.152502	0.8182483	0.06963629	2.276444	0.3429189	-0.01634946	2.1162	0.5168138	0.7926372	2.198376	0.4794816	0.666234	2.193796	0.4912578	0.5950461	2.206424	0.5252853	0.3754398	2.235569	0.5695326	0.07414681	2.265012	0.636938	0.5772846	2.301469	0.3987433	0.5078574	2.130995	0.6142936	0.07156636	2.271182	0.5071288	0.07442722	2.188757	0.7313353	0.2970698	2.325231	0.3384889	0.2324625	2.092176	0.5392288	-0.2780847	2.273913	0.555915	-0.2267991	2.221829	0.4499053	-0.5408431	2.499421	0.5834359	-0.5853403	2.278308	

0.8217757	0.1155026	2.287218	0.4252837	0.01296209	2.040704	0.8685753	0.04733438	2.270276	0.4615519	-0.04786299	2.071231	0.7866988	0.1016333	2.300625	0.4143792	-0.02218047	2.037546	0.5396374	0.7899821	2.1524	0.5022987	0.662884	2.144477	0.5179226	0.592817	2.159055	0.5634141	0.3764278	2.194385	0.6229038	0.0793035	2.232454	0.6522021	0.5967388	2.258786	0.4268104	0.5038664	2.087518	0.6619229	0.0771616	2.241534	0.5644059	0.07897919	2.153814	0.7404061	0.3176959	2.303121	0.3779944	0.2257536	2.03054	0.5469151	-0.3228376	2.306852	0.5688766	-0.2222588	2.206734	0.4505755	-0.5665838	2.511653	0.5775609	-0.5751053	2.256661	

0.823302	0.1177624	2.283645	0.4753798	0.01872194	1.996348	0.8629923	0.03635432	2.279293	0.5194877	-0.04363734	2.030302	0.8012668	0.07268501	2.277258	0.4536149	-0.01773289	2.000875	0.5562068	0.7886239	2.135643	0.5081083	0.6612433	2.137884	0.5234186	0.590926	2.151988	0.5679908	0.373666	2.185642	0.6261236	0.07500648	2.220754	0.6535608	0.5981172	2.250472	0.4357798	0.5022998	2.075852	0.664228	0.07248967	2.231181	0.5684454	0.07522445	2.140659	0.75115	0.3236182	2.299852	0.4022318	0.2276127	1.99672	0.5888091	-0.3487048	2.214917	0.5731496	-0.2229753	2.202426	0.4655506	-0.5303016	2.494912	0.5784308	-0.5767917	2.257691	

0.8232311	0.1146489	2.283111	0.4980834	0.02238172	1.961548	0.8565322	0.02903185	2.286833	0.5436873	-0.03420991	2.01426	0.7868633	0.08573601	2.243636	0.4823524	-0.01024483	2.019059	0.5567469	0.7878416	2.134162	0.5164877	0.6588647	2.128324	0.5316488	0.5881659	2.143515	0.5758194	0.3698861	2.180108	0.6339844	0.06989798	2.218568	0.6585593	0.5978864	2.240117	0.4417522	0.4997893	2.065018	0.6696488	0.06882482	2.227121	0.5796164	0.06809737	2.140952	0.7527882	0.3209412	2.284547	0.411456	0.2225865	1.987122	0.5880787	-0.3510574	2.215616	0.5882099	-0.2751626	2.201301	0.4844418	-0.5695072	2.482995	0.5795643	-0.5799162	2.258723	

0.8456628	0.140158	2.234309	0.639266	0.04770264	1.885151	0.8207543	0.07258246	2.150343	0.6930565	0.02423537	1.882404	0.8031935	0.1029049	2.136857	0.6412446	0.01921319	1.897334	0.5944484	0.7801976	2.077619	0.5515698	0.6578723	2.063874	0.5662474	0.5867117	2.082026	0.6085401	0.3668262	2.128174	0.6612076	0.06519531	2.183348	0.6886694	0.6262447	2.185364	0.4899936	0.4917462	2.005043	0.6945876	0.06753593	2.180868	0.6061555	0.06129511	2.115852	0.7785206	0.3473388	2.229302	0.4958941	0.2109104	1.904035	0.5621011	-0.334059	2.220444	0.6196703	-0.3092677	2.195434	0.5556403	-0.5546499	2.388956	0.5836855	-0.5840863	2.258361	

0.7704417	0.05651566	2.175135	0.6652671	0.06092941	1.867321	0.8092604	-0.02535609	2.184423	0.7394629	0.04140906	1.867788	0.7918191	0.00552687	2.170886	0.6850276	0.03257991	1.871	0.6153182	0.7803187	2.063735	0.5593071	0.6568661	2.060653	0.5737338	0.5857089	2.078404	0.6153905	0.3658117	2.123291	0.6694108	0.06375366	2.174114	0.6938741	0.6291171	2.182502	0.4969433	0.4921045	1.998128	0.6996279	0.06616351	2.173297	0.6183074	0.059567	2.105285	0.7836862	0.3501883	2.226461	0.5091009	0.210646	1.896489	0.7527865	-0.3472929	2.213109	0.6451035	-0.3435814	2.197001	0.6758166	-0.5862465	2.303278	0.6218745	-0.5990178	2.269409	

0.8179744	0.04412415	2.115893	0.7349397	0.06504522	1.830595	0.8446735	-0.02179279	2.073117	0.7989465	0.04703667	1.840456	0.8184251	0.003124388	2.054333	0.7227311	0.04178783	1.828667	0.6569856	0.7779078	2.025641	0.6119822	0.6521122	2.013522	0.6214396	0.5806765	2.030298	0.647555	0.3598661	2.072479	0.6800377	0.05638888	2.119873	0.7464241	0.6170239	2.120364	0.5471075	0.4889899	1.946941	0.7103695	0.06169826	2.114602	0.6275887	0.04924125	2.056353	0.8357401	0.3380135	2.164466	0.5708636	0.2058689	1.853815	0.8215005	-0.2888711	2.123539	0.6067512	-0.3347851	2.169746	0.8430544	-0.5783918	2.14902	0.600745	-0.5971802	2.257932	

0.8455877	0.04532504	2.097569	0.7432736	0.06059412	1.823081	0.8704475	-0.02165845	2.060927	0.8210925	0.03425461	1.826555	0.8410878	-0.00227366	2.0373	0.7718572	0.02667761	1.817833	0.6815199	0.7746032	2.009377	0.6400983	0.6534006	1.995033	0.6476249	0.5812824	2.012572	0.6682968	0.358622	2.056965	0.6945598	0.05314988	2.10697	0.7744166	0.6182835	2.101892	0.5782583	0.4849671	1.925671	0.7227257	0.05701553	2.102818	0.6440048	0.04768648	2.04233	0.8634971	0.3392335	2.14608	0.5814316	0.2041027	1.844437	0.8383785	-0.3401863	2.119373	0.608261	-0.3335716	2.166544	0.8912718	-0.6038748	2.118011	0.599633	-0.596629	2.256807	

0.8682974	0.03996756	2.081027	0.761279	0.04579121	1.809686	0.8790029	-0.02926874	2.03747	0.8202586	0.01763094	1.805035	0.8600088	-0.02168891	2.019	0.7755544	0.01294186	1.8015	0.703797	0.7706094	1.996256	0.6632442	0.6480315	1.97839	0.6673795	0.5760528	1.995619	0.6792274	0.3534179	2.038902	0.6950854	0.04660808	2.084797	0.7974569	0.6129099	2.085256	0.5912638	0.4844775	1.913803	0.726925	0.04836429	2.070714	0.6416852	0.04299129	2.028152	0.8863321	0.3338652	2.129497	0.602477	0.192737	1.826869	0.8400984	-0.3054773	2.114577	0.6121567	-0.3180081	2.153624	0.8872573	-0.5866259	2.117177	0.5965568	-0.591211	2.254274	

0.9678578	0.04590652	1.991739	0.7606351	0.004293453	1.751643	0.9504494	-0.1039508	1.955977	0.8179725	-0.03805263	1.836324	0.9134706	-0.03724434	1.942292	0.7567548	-0.02244996	1.7849	0.7930839	0.7704213	1.94995	0.751267	0.6463807	1.928101	0.7509237	0.5750571	1.942906	0.7465582	0.3544777	1.979584	0.7369556	0.05093168	2.020147	0.8850788	0.6112092	2.035032	0.6707579	0.4855225	1.857869	0.7676396	0.0511281	2.014436	0.6814566	0.04902351	1.957986	0.9732177	0.332119	2.07954	0.6512418	0.1914028	1.780536	0.8542551	-0.3067859	2.094768	0.7008158	-0.2982832	2.09297	0.9029938	-0.5817065	2.099761	0.6215577	-0.5660005	2.221094	

0.9854433	0.05072233	1.974202	0.7719914	-0.003683578	1.779238	0.9647569	-0.1075418	1.931459	0.8554371	-0.1138856	1.832245	0.9311021	-0.03417091	1.909697	0.8060395	-0.1125118	1.8415	0.8038841	0.7723092	1.942093	0.765712	0.6477693	1.921989	0.7657917	0.5747261	1.936264	0.7637334	0.3482005	1.970762	0.7592305	0.03313895	2.006766	0.8994591	0.6125889	2.028934	0.6809797	0.4844461	1.851618	0.7910041	0.03339492	1.992449	0.7028872	0.03103781	1.951926	0.9874842	0.3334895	2.073491	0.6543032	0.1902576	1.776675	0.8623397	-0.3086772	2.08094	0.7299556	-0.292171	2.066901	0.9074456	-0.5805274	2.09469	0.624267	-0.5663167	2.217331	

1.013072	0.0502784	1.956836	0.7586545	-0.005880023	1.759957	0.9966955	-0.1075819	1.908998	0.8691777	-0.1165525	1.812106	0.9605453	-0.03460901	1.890212	0.7897274	-0.08074643	1.782833	0.8263659	0.7684076	1.928719	0.7860071	0.6448436	1.911353	0.7828057	0.5710532	1.926276	0.7719887	0.3434031	1.963097	0.7595178	0.02885458	2.001842	0.9196596	0.6096638	2.018313	0.7005235	0.4821735	1.839098	0.7914859	0.0252522	1.984152	0.7027577	0.0298356	1.950154	1.007513	0.330577	2.062927	0.6620914	0.1890643	1.764349	0.8697571	-0.3120884	2.058924	0.7360232	-0.254609	2.036572	0.9094461	-0.5796648	2.09255	0.6462152	-0.5488366	2.190992	

1.050491	0.04248616	1.938637	0.7423415	-0.01836621	1.751834	1.038532	-0.1111468	1.884229	0.7849981	-0.0651011	1.800778	1.00636	-0.03451069	1.8704	0.7287988	-0.04280888	1.747095	0.8526713	0.7601837	1.903051	0.8158383	0.6373023	1.890934	0.8229735	0.5626277	1.898536	0.8282304	0.3352106	1.922321	0.8302888	0.02241599	1.946363	0.9493455	0.602127	1.997915	0.7222954	0.477781	1.823954	0.8652921	0.01842951	1.929808	0.7668672	0.02564242	1.896443	1.036932	0.3230654	2.042616	0.6656119	0.1857094	1.757375	0.8583816	-0.3169025	1.973279	0.7643741	-0.2628386	1.983016	0.9141108	-0.5778562	2.091061	0.6906286	-0.5409015	2.157657	

1.143453	0.04048084	1.993889	0.7293377	-0.02886301	1.760668	1.133209	-0.05346607	1.967452	0.8069544	-0.06220238	1.81157	1.079091	0.02468823	1.932572	0.7306504	-0.05840235	1.762111	0.8671953	0.755736	1.890992	0.8347725	0.6315839	1.876812	0.8373725	0.5591809	1.885387	0.8457412	0.3347684	1.898043	0.8542107	0.02821801	1.899435	0.9681854	0.5964133	1.983809	0.7347615	0.4729398	1.811705	0.8928141	0.03134445	1.887823	0.7858897	0.02410654	1.845143	1.055597	0.3173713	2.028566	0.6715723	0.1808693	1.75209	0.8976993	-0.2727181	1.930374	0.7889181	-0.254416	1.95154	0.9157817	-0.5794531	2.089901	0.757189	-0.5730492	2.1172	

1.149256	0.06679142	1.989541	0.7278875	-0.03206033	1.761822	1.175079	-0.01687193	1.983073	0.7572439	-0.09802996	1.856671	1.088547	0.028045	1.9381	0.6902221	-0.03809544	1.7906	0.873265	0.7550222	1.881906	0.842728	0.6315548	1.870939	0.845022	0.5594004	1.878955	0.8493574	0.3356639	1.893812	0.8543211	0.02850683	1.899133	0.9761022	0.5963784	1.977946	0.7402382	0.4708776	1.80652	0.8926392	0.03244753	1.887346	0.7862291	0.02401195	1.844805	1.073989	0.3162219	1.993285	0.6751972	0.1787311	1.749734	0.8928484	-0.3060125	2.018137	0.9097905	-0.2981037	1.893483	0.9205793	-0.5850511	2.081594	0.7738469	-0.569533	2.090128	

1.155713	0.07692697	1.977139	0.7237328	-0.0333452	1.764466	1.202455	-0.009324167	1.963774	0.7516155	-0.07119421	1.820711	1.104777	0.02963121	1.944455	0.6972675	-0.03901337	1.8048	0.8783073	0.7554977	1.872818	0.8492187	0.6326226	1.864361	0.8508965	0.5602592	1.872832	0.8528281	0.3361251	1.889924	0.8545446	0.02847086	1.898962	0.9825607	0.5974345	1.971381	0.746213	0.4708967	1.801879	0.8926516	0.03245819	1.887333	0.7869449	0.02375583	1.844309	1.082995	0.3175064	1.979072	0.6783448	0.1788293	1.748519	0.9039484	-0.2942958	2.053409	0.9167007	-0.3314136	1.889309	0.9262463	-0.5906716	2.072034	0.8374368	-0.6177894	2.07252	

1.191466	0.1151884	1.899533	0.7244104	-0.03698041	1.768218	1.239461	0.01707973	1.858999	0.7561206	-0.07567573	1.824078	1.179829	0.05007479	1.906864	0.6927727	-0.03914546	1.795449	0.9199458	0.7468751	1.832812	0.8742584	0.6300314	1.833974	0.8731029	0.5576832	1.844929	0.8667128	0.3339055	1.869872	0.85769	0.02670297	1.892033	1.007466	0.5948125	1.941037	0.7739468	0.4635609	1.775551	0.8948846	0.03099778	1.881085	0.7907557	0.02163497	1.837009	1.109731	0.314874	1.936079	0.6901193	0.176051	1.742875	0.9506928	-0.3389275	1.988175	0.9222975	-0.3303114	1.882845	0.9248515	-0.6036689	2.067994	0.9397836	-0.627184	1.9014	

1.2016	0.1050437	1.882585	0.7253034	-0.03727916	1.769331	1.249882	0.01769089	1.831389	0.7559372	-0.07337204	1.820601	1.220585	0.02685302	1.873909	0.7115277	-0.0485012	1.8126	0.9179979	0.7456983	1.829714	0.8933603	0.6221835	1.820756	0.8913782	0.5495462	1.831246	0.8815615	0.3250582	1.855426	0.8651648	0.01705938	1.879538	1.026469	0.5869807	1.927835	0.7785411	0.4631448	1.768291	0.9042577	0.0147425	1.8677	0.796463	0.01717603	1.825198	1.12092	0.3042307	1.925084	0.7002256	0.1754165	1.734754	0.956333	-0.318944	1.911668	0.9872091	-0.2810248	1.801557	0.925064	-0.6090648	2.070034	0.9990517	-0.6278194	1.835317	

1.218348	0.09823378	1.846181	0.7303264	-0.04362185	1.764752	1.249528	0.01344329	1.803679	0.7826691	-0.09213234	1.818129	1.196642	0.06785204	1.866167	0.7606688	-0.07904261	1.801	0.9537136	0.7303798	1.785984	0.9131947	0.6162731	1.795464	0.9179893	0.5431078	1.803635	0.9295806	0.3173972	1.823015	0.935308	0.007890787	1.846148	1.04619	0.581059	1.902576	0.8032883	0.4554011	1.731649	0.9753949	0.005610369	1.836856	0.8624732	0.009900238	1.790981	1.143586	0.2992362	1.892179	0.7218106	0.1638408	1.705704	0.9724917	-0.3294224	1.876682	0.9921547	-0.31662	1.784037	0.9249497	-0.6067542	2.070489	1.037591	-0.6026964	1.773337	

1.246652	0.03951311	1.808288	0.7887964	-0.00489147	1.842571	1.266794	-0.01437625	1.816343	0.7750013	-0.1165	1.900269	1.219226	0.00813078	1.795222	0.7720492	-0.01652336	1.868689	0.9746512	0.7010305	1.702224	0.9745458	0.5890499	1.712869	0.9729952	0.5160705	1.722928	0.9638218	0.2902744	1.745893	0.9463472	-0.02093159	1.768533	1.107164	0.5538319	1.820091	0.8496746	0.4542144	1.651141	0.9858347	-0.0192391	1.751245	0.8726752	-0.02187275	1.722107	1.188231	0.2667153	1.816015	0.7703729	0.1834429	1.627892	1.015666	-0.3360585	1.830595	1.025113	-0.2808444	1.732551	0.930541	-0.5974675	2.059454	1.069468	-0.6312062	1.751013	

1.110322	-0.03735474	1.542389	0.8593326	0.01111627	1.756225	1.068596	-0.1514029	1.529552	0.8429059	-0.1283658	1.795585	1.05336	-0.07688981	1.529368	0.8406488	-0.02077529	1.78	0.980636	0.6918991	1.613194	1.00101	0.574738	1.593363	1.00291	0.5030531	1.610335	1.003718	0.2810055	1.654267	0.9990841	-0.02503617	1.705036	1.133334	0.5393729	1.700752	0.9006147	0.5246263	1.605389	1.039807	-0.01770439	1.664091	0.9217395	-0.03145888	1.683596	1.095938	0.2530565	1.600347	0.8656038	0.2489201	1.595482	1.056204	-0.3599786	1.742686	1.058768	-0.3304275	1.691629	0.9582279	-0.595844	1.995445	1.212381	-0.6340905	1.726557	

1.134829	0.04209167	1.543695	0.8699961	-0.0566511	1.670445	1.142559	-0.07478672	1.521422	0.8503775	-0.1364935	1.789413	1.126936	-0.0008236617	1.521477	0.8513052	-0.05245228	1.733972	0.9773362	0.6909198	1.612363	1.000669	0.574635	1.590087	1.002563	0.5025656	1.608225	1.003242	0.2795843	1.653935	0.9974688	-0.03091568	1.708252	1.132989	0.5392634	1.697481	0.9102821	0.4450882	1.549138	1.034928	-0.02253458	1.669121	0.9231162	-0.03953998	1.685708	1.10722	0.2577095	1.580561	0.9009739	0.1487823	1.47884	1.058385	-0.3600039	1.733961	1.059602	-0.3289253	1.684502	0.9624441	-0.5932062	1.989771	1.221785	-0.6400591	1.711983	

1.004257	-0.004268778	1.48237	0.8739123	-0.05366409	1.658821	1.005722	-0.0669556	1.44343	0.8532957	-0.13917	1.76075	0.9769776	0.003385193	1.405148	0.8520347	-0.05188184	1.717212	1.047439	0.6771713	1.579903	0.9510071	0.5900372	1.591892	0.9649051	0.5128487	1.607915	0.9922374	0.2797846	1.65141	0.999082	-0.03524695	1.703269	1.083566	0.5545573	1.69924	0.9192812	0.4444517	1.537382	1.032201	-0.02384887	1.665749	0.9337145	-0.05000269	1.675763	1.022745	0.281392	1.572998	0.9124271	0.1502109	1.457492	1.073935	-0.3544787	1.6609	1.069205	-0.3352534	1.676229	1.001155	-0.578717	1.930779	1.234023	-0.648514	1.706249	

0.9667577	0.03047752	1.407663	0.9535832	-0.007393092	1.583118	0.9845689	-0.09398998	1.340136	0.8850191	-0.1245226	1.663758	0.9555619	-0.02340595	1.302056	0.8763693	-6.594403E-05	1.645629	1.034607	0.6276125	1.552958	0.9397833	0.5812051	1.595259	0.9517993	0.5042132	1.60942	0.9794229	0.2686037	1.644891	1.004354	-0.05955308	1.676834	1.072389	0.5457559	1.702568	0.9404024	0.4512003	1.506346	1.023434	-0.04095463	1.646387	0.9521617	-0.0775079	1.643889	0.9903927	0.3063202	1.526417	0.915319	0.1989386	1.507336	1.06679	-0.4574447	1.667227	1.078739	-0.3536655	1.669341	1.058754	-0.5968387	1.886494	1.240863	-0.6694798	1.729464	

0.9768932	0.04365512	1.384437	0.9548589	-0.005731163	1.570477	0.9973948	-0.08070932	1.316163	0.8843481	-0.1269942	1.64352	0.9682274	-0.01022595	1.278196	0.8778446	0.0002368397	1.630194	0.9886135	0.5172526	1.544757	0.9413142	0.5816483	1.590556	0.9517667	0.5039085	1.606866	0.9756842	0.2644424	1.644807	0.9899918	-0.07724813	1.692098	1.073907	0.5461891	1.697874	0.9512369	0.4573085	1.492561	1.008923	-0.06509154	1.65512	0.9328164	-0.08942411	1.669718	0.9921538	0.3190413	1.505605	0.9230966	0.22946	1.495704	1.158403	-0.4429656	1.705027	1.079213	-0.358724	1.663249	1.145907	-0.7290785	1.949827	1.263813	-0.6678839	1.687084	

0.9773872	0.04405858	1.384344	1.026297	-0.03209265	1.482725	0.9967825	-0.08061627	1.316942	1.044979	-0.1821185	1.531934	0.9676213	-0.01013375	1.27897	0.9710742	-0.1114939	1.511148	0.9850659	0.4998491	1.537486	0.9507067	0.5845326	1.583512	0.9576442	0.5049629	1.601481	0.9766855	0.2624289	1.64313	0.9905217	-0.08033917	1.691129	1.08325	0.5490568	1.69086	0.9639555	0.4622656	1.485249	1.009652	-0.06872042	1.652787	0.9334651	-0.09116196	1.669207	0.9960014	0.3203822	1.50287	0.9401232	0.2310213	1.407922	1.162683	-0.4443053	1.704809	1.079095	-0.3671436	1.658291	1.147871	-0.7291888	1.952271	1.258518	-0.6767859	1.676334	

0.993921	0.03181759	1.48915	1.024798	-0.03566219	1.481139	1.007322	-0.1235095	1.505696	1.052046	-0.1835841	1.529117	1.014895	-0.03080334	1.453962	0.9825135	-0.1172518	1.503762	0.9843048	0.4940047	1.535372	0.9572346	0.5859281	1.575733	0.9630902	0.5056512	1.594776	0.9781788	0.2608823	1.641239	0.9910695	-0.08206874	1.691508	1.089738	0.5504374	1.683105	0.9705004	0.4640543	1.47833	1.010105	-0.0701504	1.65291	0.9342434	-0.09245909	1.669431	0.9987745	0.3201554	1.498899	0.942579	0.2286312	1.406595	1.087844	-0.3670704	1.636458	1.079501	-0.378681	1.654178	1.196754	-0.7131211	1.647872	1.249816	-0.6846492	1.666246	

1.008335	-0.01845106	1.504847	1.072708	-0.2346858	1.559135	0.9935086	-0.1131151	1.517818	1.11301	-0.3735548	1.594563	1.025844	-0.09087795	1.469939	1.047207	-0.3048784	1.585227	0.9848461	0.4525473	1.544864	0.9560748	0.2985213	1.555134	0.9646345	0.2380472	1.577903	0.9852337	0.05161221	1.638426	1.007071	-0.2036641	1.71066	1.088286	0.2642981	1.662019	0.9695647	0.1774515	1.457871	1.033574	-0.1899955	1.675805	0.9440438	-0.2099627	1.683543	0.962238	0.1598662	1.399342	0.9956636	-0.02684479	1.520457	1.152395	-0.5285167	1.638441	1.165226	-0.4851165	1.655071	1.134387	-0.6985577	1.941398	1.366662	-0.7234862	1.652009	

1.051351	-0.0543488	1.515681	1.105001	-0.3239392	1.57942	1.035018	-0.1817939	1.545933	1.132776	-0.4613526	1.601507	1.030711	-0.1371505	1.475064	1.082258	-0.4103562	1.586455	1.036822	0.3861603	1.565093	1.006347	0.2358389	1.579315	1.007498	0.1798268	1.6042	1.005343	0.007478572	1.671285	0.9966102	-0.2273111	1.751247	1.13833	0.2020023	1.686193	1.01966	0.1149445	1.481953	1.023934	-0.2120996	1.703485	0.9347748	-0.2320481	1.734415	1.009905	0.1277862	1.414506	1.00173	-0.08071311	1.568896	1.058187	-0.3217485	1.701496	1.161562	-0.4972461	1.638785	1.131621	-0.7206639	1.712321	1.36709	-0.7272981	1.577551	

1.05729	-0.06818715	1.522225	1.108034	-0.2674267	1.566228	1.067282	-0.1967305	1.578644	1.111384	-0.3869053	1.574088	0.9918135	-0.1726939	1.526	1.081464	-0.3415508	1.594334	1.039529	0.3850641	1.566002	1.009008	0.234789	1.58024	1.009699	0.1788262	1.606073	1.006408	0.006230057	1.678712	0.9921892	-0.2292838	1.777148	1.140981	0.2009605	1.687121	1.022314	0.1139003	1.482878	1.020007	-0.2094589	1.776304	0.9324693	-0.2348302	1.73472	1.014798	0.1121064	1.418847	1.013968	-0.07425902	1.582804	1.163232	-0.5209759	1.635955	1.163998	-0.4954433	1.638443	1.297323	-0.7905074	1.535117	1.373573	-0.7216001	1.576679	

1.071882	-0.031549	1.624299	1.116489	-0.3324544	1.588793	0.9959907	-0.1040077	1.606219	1.105885	-0.4256374	1.593069	1.003417	-0.09023409	1.560429	1.086956	-0.3493694	1.615454	1.048751	0.3737993	1.571009	1.018065	0.2238882	1.585238	1.025071	0.1585795	1.623131	1.035104	-0.03750917	1.736411	1.035963	-0.2964183	1.872721	1.150001	0.1901266	1.69212	1.031341	0.1030332	1.48786	1.060459	-0.3039684	1.821448	0.9767854	-0.2789449	1.861318	1.019572	0.1353207	1.506526	1.03599	-0.1359675	1.56742	1.158341	-0.4398292	1.467321	1.156116	-0.4886327	1.598195	1.252754	-0.5596887	1.179938	1.320086	-0.671639	1.390892	

0.9561229	0.05626244	1.322496	1.090892	-0.163813	1.663018	0.9210156	0.05488855	1.264123	1.112137	-0.3191505	1.578379	0.927618	0.06747205	1.218873	1.093059	-0.2435607	1.600709	1.061861	0.1137892	1.641724	1.030998	-0.02877341	1.654227	1.034409	-0.087164	1.689153	1.038839	-0.2648589	1.785972	1.03846	-0.5051144	1.906749	1.162919	-0.06117907	1.760906	1.044013	-0.1490438	1.556474	1.060648	-0.4948651	1.89162	0.982568	-0.498995	1.860059	1.061939	-0.004509756	1.547624	1.025539	0.05268801	1.631302	1.082138	-0.583418	1.774946	1.201048	-0.4128038	1.552041	1.207775	-0.9340336	1.835698	1.39845	-0.3434644	1.304985	

0.9924002	0.0250154	1.347717	1.127167	-0.1949358	1.688281	0.9572477	0.0238134	1.289449	1.149722	-0.3140103	1.689493	0.9637508	0.03666455	1.244264	1.130805	-0.2385687	1.711683	1.098863	0.0810304	1.666662	1.067562	-0.06049685	1.679322	1.062674	-0.1103469	1.706406	1.045057	-0.2679451	1.78678	1.036942	-0.4973962	1.896444	1.199376	-0.09273135	1.786048	1.08048	-0.1806239	1.581558	1.058654	-0.4726222	1.875682	0.9812139	-0.4990519	1.852767	1.086736	-0.02876299	1.547644	1.061941	0.02129847	1.656536	1.118539	-0.6146167	1.80004	1.216345	-0.4322141	1.554776	1.244067	-0.9650065	1.860898	1.428106	-0.3796003	1.316574	

1.129825	-0.3470703	1.638033	1.196653	-0.7943518	1.81323	1.115273	-0.2826513	1.628636	1.21949	-0.9107136	1.814797	1.122262	-0.2677302	1.583267	1.201118	-0.8321966	1.83766	1.166857	-0.5445768	1.790148	1.136254	-0.6699186	1.803164	1.112732	-0.7004766	1.790542	1.03645	-0.7911553	1.744926	0.9281611	-0.9126038	1.676124	1.26821	-0.6995126	1.910304	1.148682	-0.7882183	1.705013	0.9059796	-0.888586	1.648827	0.9187324	-0.9055406	1.64634	1.167517	-0.6393081	1.697665	1.131448	-0.5820846	1.781523	1.085328	-1.099815	1.81869	1.190265	-1.055529	1.758649	1.312639	-1.564043	1.984532	1.177498	-1.276407	1.848939	

1.113707	-0.3287372	1.621088	1.183083	-0.7788661	1.774943	1.075591	0.0903451	1.555554	1.205881	-0.8952422	1.776529	1.081662	0.08186462	1.54525	1.187462	-0.8167207	1.799425	1.153668	-0.5288251	1.751692	1.122817	-0.6543671	1.76482	1.118199	-0.7030619	1.791666	1.142711	-0.8706862	1.881176	1.156063	-1.087005	1.989879	1.254754	-0.683964	1.871963	1.135238	-0.7727336	1.66664	1.158387	-1.032485	2.146293	1.12097	-1.110934	1.776462	1.154016	-0.623781	1.659343	1.11793	-0.566538	1.743224	1.181058	-1.247001	1.82884	1.191846	-1.048857	1.727802	1.299053	-1.548659	1.946178	1.163926	-1.261012	1.810595	

