0.6842957	0.1961973	2.502295	0.3900737	0.2754806	2.755742	0.6752669	0.07011457	2.56833	0.4092836	0.1086898	2.81962	0.6409365	0.1429403	2.532427	0.4287308	0.1651509	2.742059	0.5129188	0.9905391	2.584774	0.5337638	0.8628359	2.608549	0.5352056	0.7860397	2.626355	0.5365994	0.5486201	2.671057	0.5349582	0.222859	2.722078	0.6220057	0.7009821	2.468934	0.4064894	0.7058452	2.646485	0.5757912	0.2132133	2.640709	0.4799339	0.2263593	2.725785	0.6924118	0.448707	2.468966	0.3804231	0.5278707	2.707918	0.6484913	-0.1276884	2.739959	0.547581	-0.115736	2.817041	0.7029644	-0.4550638	2.795902	0.6199746	-0.4448681	2.862137	

0.6848511	0.197296	2.501832	0.3894898	0.279209	2.769052	0.6748204	0.07006629	2.56663	0.3838076	0.152571	2.802305	0.6401473	0.1425245	2.533593	0.4189142	0.2136991	2.734267	0.5135087	0.9905459	2.584093	0.5334005	0.8625962	2.608613	0.5348731	0.7858634	2.626418	0.5364584	0.5486195	2.671085	0.5349773	0.2230082	2.722057	0.6219023	0.7009593	2.468811	0.406037	0.707391	2.647055	0.5757947	0.2132891	2.640707	0.479899	0.2265785	2.725701	0.6922092	0.4486679	2.469038	0.3803332	0.5278736	2.707585	0.6486565	-0.1276166	2.739861	0.5474329	-0.1187727	2.817894	0.7019304	-0.4577636	2.794743	0.6210675	-0.446604	2.86078	

0.6825814	0.1985219	2.500315	0.3798937	0.2523251	2.743438	0.6749861	0.07718467	2.554541	0.3921801	0.1149122	2.801962	0.6399633	0.1435216	2.520424	0.4246913	0.1796571	2.741566	0.5140285	0.9906542	2.583223	0.5315831	0.861504	2.608789	0.5330448	0.7848362	2.626607	0.5350004	0.5479693	2.671232	0.5343973	0.2228282	2.722055	0.6219092	0.7000076	2.468192	0.4021089	0.7065783	2.648823	0.5753998	0.2130116	2.640468	0.4786578	0.2263729	2.725821	0.6922463	0.4478239	2.469657	0.3773907	0.4510149	2.690583	0.6476136	-0.1283161	2.739018	0.5447391	-0.120181	2.816066	0.7014684	-0.4592657	2.794149	0.6206871	-0.4480049	2.860761	

0.6796063	0.2020419	2.498181	0.3851826	0.2282901	2.762506	0.6715418	0.0707036	2.56056	0.3993687	0.1036326	2.821961	0.6372828	0.1608644	2.5242	0.4254413	0.1446733	2.745917	0.5139657	0.9906316	2.582961	0.5309646	0.8612961	2.609076	0.5324342	0.7846555	2.626813	0.5344779	0.5478876	2.671207	0.534017	0.222867	2.721693	0.6217914	0.6999318	2.46822	0.401502	0.7051864	2.652738	0.575047	0.2131095	2.640404	0.4780692	0.2262891	2.724777	0.6920342	0.4477452	2.470004	0.3787327	0.4518969	2.703707	0.6473536	-0.1282497	2.738837	0.5433825	-0.1203624	2.815202	0.7021549	-0.4581442	2.794309	0.6205746	-0.4475928	2.860865	

0.6799519	0.2020831	2.497818	0.3885294	0.218568	2.776636	0.6737083	0.07335862	2.556238	0.3785212	0.1089993	2.810473	0.6377195	0.1487594	2.526278	0.4208038	0.1583279	2.741003	0.5140006	0.990614	2.582978	0.5306864	0.8611776	2.60909	0.5320897	0.7845482	2.626818	0.53396	0.5478605	2.671155	0.5334027	0.2230088	2.72149	0.6221135	0.699861	2.468098	0.4003142	0.7121832	2.639133	0.5749122	0.2131842	2.640516	0.4762315	0.2265313	2.723651	0.6924751	0.4477279	2.470088	0.378995	0.4615453	2.699516	0.6467939	-0.1283587	2.738771	0.5426809	-0.1194507	2.815143	0.7024495	-0.4572454	2.794707	0.6204783	-0.446401	2.861339	

0.6789381	0.2025515	2.496729	0.3888139	0.2189685	2.777704	0.6744879	0.07712818	2.552624	0.3978463	0.1032561	2.811711	0.639015	0.1673024	2.522411	0.4210626	0.1680072	2.738055	0.5139785	0.9906202	2.582935	0.5299744	0.8611246	2.60935	0.5312631	0.7844691	2.627089	0.532861	0.5477185	2.671416	0.5321974	0.2228033	2.721625	0.6215023	0.6993929	2.467937	0.4000842	0.7119683	2.638836	0.5741095	0.2128954	2.640763	0.4746555	0.2264348	2.72373	0.6893644	0.4465346	2.470146	0.3793774	0.4606389	2.697199	0.6456793	-0.1286655	2.739144	0.5424216	-0.1192896	2.815147	0.7030956	-0.4564369	2.795795	0.6204586	-0.4463297	2.86136	

0.6787943	0.2030492	2.496379	0.3892521	0.2196343	2.777115	0.6789166	0.07894234	2.550304	0.3901292	0.1044226	2.82267	0.6366264	0.1645713	2.517706	0.4228868	0.1629497	2.741004	0.513922	0.9906894	2.582705	0.5289057	0.8606954	2.60934	0.5302461	0.7840948	2.627063	0.5320749	0.5475235	2.671334	0.5317792	0.2227949	2.721474	0.6210006	0.6986639	2.467165	0.399951	0.7115933	2.637248	0.5739124	0.2128606	2.640765	0.4740221	0.2264638	2.723402	0.689418	0.4460308	2.470109	0.3816715	0.4578808	2.688185	0.6455826	-0.1287494	2.738977	0.5416413	-0.1194797	2.814374	0.7031052	-0.4566702	2.795886	0.6202591	-0.4460669	2.861402	

0.6773376	0.2041	2.495843	0.3891427	0.2156401	2.779003	0.6753922	0.07779785	2.551198	0.3993027	0.1052195	2.81846	0.6367632	0.167551	2.520945	0.4235066	0.1700283	2.75	0.5138672	0.9906765	2.582701	0.5286691	0.8605847	2.609182	0.5299928	0.7839708	2.626892	0.5318034	0.5473738	2.671121	0.5315566	0.2226251	2.721176	0.621607	0.69836	2.467348	0.3970528	0.7079211	2.640038	0.5738726	0.2128237	2.640698	0.4735696	0.2260844	2.722837	0.6886924	0.4453123	2.469929	0.3799809	0.454149	2.690892	0.6452965	-0.1288057	2.739003	0.5412851	-0.1196143	2.814344	0.7029608	-0.4561282	2.796016	0.6201889	-0.4460796	2.861534	

0.6749378	0.20489	2.49402	0.3821664	0.2297894	2.754602	0.6700711	0.07732826	2.553206	0.3898213	0.1050876	2.808965	0.6346115	0.1595589	2.522636	0.4189993	0.1382758	2.742625	0.5120587	0.9901065	2.581899	0.525464	0.8601975	2.609388	0.5270802	0.7835107	2.626812	0.5296376	0.5467544	2.670259	0.5301731	0.2216316	2.718858	0.620161	0.6980845	2.467107	0.393152	0.7035924	2.640713	0.5730283	0.2121723	2.638983	0.4718654	0.2247217	2.720195	0.6866763	0.4448389	2.469302	0.3677221	0.4621565	2.693194	0.6444779	-0.1291341	2.738003	0.5379376	-0.1201028	2.814649	0.7010854	-0.4586525	2.796001	0.6195816	-0.4446516	2.861392	

0.6748772	0.2048787	2.493962	0.382485	0.2289094	2.755246	0.6733465	0.07685971	2.555587	0.3929336	0.1041787	2.810588	0.63524	0.1525778	2.521654	0.4183829	0.1552936	2.744716	0.5116931	0.9900078	2.581585	0.5251399	0.86005	2.608966	0.526734	0.7833931	2.626388	0.5292645	0.5467367	2.669808	0.5298725	0.2217778	2.7184	0.6197492	0.6979471	2.467079	0.3930805	0.7043738	2.640851	0.5727085	0.2123642	2.638596	0.4716315	0.2248085	2.719725	0.6852801	0.4443872	2.468843	0.3681232	0.4618526	2.692762	0.6443217	-0.1289356	2.737554	0.5373002	-0.1200812	2.814242	0.7013334	-0.458126	2.795678	0.6195745	-0.4445121	2.861127	

0.6757923	0.2060495	2.493553	0.3822846	0.2268086	2.756479	0.6771898	0.07951159	2.554619	0.3924274	0.1049947	2.812352	0.6356415	0.1620025	2.518926	0.4212196	0.1692734	2.739105	0.511386	0.9900266	2.580851	0.5247159	0.8597959	2.608561	0.5263265	0.7831678	2.626017	0.5289491	0.5465983	2.66952	0.5297399	0.2217509	2.718236	0.6196975	0.6977223	2.466673	0.3935897	0.7043801	2.639235	0.5726495	0.2123237	2.638521	0.471428	0.2248143	2.719472	0.6855391	0.4442668	2.468644	0.3707395	0.4601595	2.692419	0.644121	-0.1290265	2.737442	0.5373736	-0.1200546	2.8139	0.7009521	-0.4581869	2.795443	0.6199403	-0.4453174	2.860341	

0.6757261	0.206175	2.493437	0.3839227	0.2116179	2.778835	0.6715297	0.07950489	2.554127	0.3930163	0.1058876	2.813296	0.6386619	0.1563818	2.518052	0.4192872	0.1481956	2.7458	0.5113615	0.9900528	2.580812	0.5247846	0.8598479	2.608021	0.5263511	0.7831901	2.625592	0.5289099	0.5465668	2.669328	0.5296965	0.2217031	2.7182	0.6197238	0.697821	2.466574	0.3934683	0.7044728	2.639674	0.5726171	0.2122856	2.638517	0.4713833	0.2247579	2.719409	0.6857281	0.4444165	2.468615	0.3761204	0.452237	2.695636	0.6442116	-0.129129	2.737222	0.5374342	-0.1201101	2.813782	0.7013636	-0.4581234	2.795224	0.619913	-0.4451394	2.860316	

0.6756203	0.2063531	2.493312	0.3824325	0.2200337	2.761346	0.6737889	0.07884177	2.553396	0.3880301	0.1048579	2.813066	0.6388977	0.1629321	2.513567	0.4198199	0.1699004	2.741091	0.5113758	0.990145	2.580466	0.5247902	0.8600209	2.607829	0.5263172	0.7833256	2.625442	0.5287889	0.5466368	2.669247	0.5294262	0.2217192	2.718201	0.619769	0.6977643	2.466492	0.3948346	0.7054194	2.638032	0.5724034	0.2122073	2.638441	0.4710198	0.2248969	2.719531	0.6856333	0.444329	2.468641	0.3710778	0.4664165	2.698208	0.6442022	-0.1291402	2.737184	0.5372613	-0.1199356	2.813897	0.7020146	-0.4575452	2.794949	0.6198919	-0.4451728	2.860199	

0.6755679	0.2060783	2.493408	0.382638	0.2202836	2.761559	0.6678355	0.07754789	2.558533	0.3889432	0.1080443	2.802631	0.6361694	0.1424282	2.523391	0.4193469	0.1504903	2.7462	0.5113534	0.9903519	2.579981	0.5241936	0.8602944	2.606851	0.5258389	0.7835555	2.62465	0.5286121	0.5467489	2.668906	0.529446	0.2217438	2.718169	0.6197633	0.6975925	2.465344	0.3938963	0.7065709	2.636359	0.5724313	0.2122125	2.638475	0.4710635	0.2249947	2.719325	0.6853558	0.4441449	2.468302	0.3706873	0.4662397	2.698506	0.6440516	-0.12919	2.737192	0.5375912	-0.1198977	2.813406	0.7019039	-0.4578955	2.794792	0.6199859	-0.4450184	2.860182	

0.6767545	0.2095236	2.491081	0.3838823	0.2742884	2.751421	0.6693141	0.07693449	2.553128	0.3973765	0.1050834	2.821418	0.6349915	0.1720169	2.518063	0.4208887	0.1695077	2.737246	0.5143788	0.9901861	2.57608	0.5257084	0.8591531	2.604823	0.5270161	0.7827606	2.622771	0.5291111	0.5468338	2.66739	0.5296575	0.2230298	2.716935	0.6198806	0.6977453	2.465092	0.4018302	0.7161444	2.627248	0.5726948	0.2129312	2.636565	0.4713348	0.2269165	2.718655	0.6900331	0.4455171	2.466678	0.3724579	0.5190637	2.678527	0.6436912	-0.1282873	2.736091	0.5393503	-0.1181962	2.811507	0.702255	-0.4558428	2.794597	0.6197267	-0.4440412	2.860236	

0.6766027	0.2095655	2.490998	0.3810318	0.2698569	2.737031	0.6676112	0.07673931	2.555031	0.3808402	0.1306497	2.798253	0.6337233	0.1642244	2.522438	0.4241486	0.1831969	2.7292	0.5148414	0.9906942	2.574874	0.5262952	0.8594564	2.604065	0.5275283	0.783106	2.622087	0.5294213	0.5473037	2.666915	0.5297931	0.2237232	2.716729	0.6202692	0.6982467	2.462982	0.4029503	0.7169043	2.626333	0.5727268	0.2133711	2.636364	0.4716125	0.2278532	2.718527	0.690164	0.4460756	2.466302	0.373363	0.5203568	2.681605	0.6436521	-0.1279067	2.735815	0.539281	-0.1175179	2.810985	0.7019584	-0.4560297	2.794476	0.619742	-0.4439256	2.8601	

0.6764029	0.2096517	2.490724	0.3769335	0.2668285	2.728623	0.6675907	0.07859274	2.556846	0.3812768	0.1306068	2.794412	0.6383955	0.1477325	2.519567	0.4217496	0.1889732	2.7234	0.514645	0.9913636	2.573722	0.5261253	0.8607451	2.602824	0.5273474	0.7844175	2.620855	0.5291849	0.5486965	2.665763	0.5295132	0.225168	2.715856	0.6206619	0.6990272	2.462014	0.4027467	0.7175258	2.626792	0.5723178	0.2146734	2.635487	0.471484	0.2293142	2.717756	0.6907176	0.4468936	2.465285	0.3732906	0.5193223	2.680347	0.6431131	-0.1265124	2.735283	0.5384944	-0.1160546	2.810644	0.7016202	-0.4555818	2.79434	0.6192909	-0.4432539	2.859527	

0.6782805	0.208717	2.491107	0.3730794	0.2704999	2.731688	0.677295	0.08541796	2.552401	0.3747706	0.1313701	2.798744	0.6415468	0.1681263	2.51625	0.4176524	0.1883292	2.7356	0.514578	0.9920221	2.572047	0.5261456	0.8609071	2.602558	0.5273607	0.7845948	2.620608	0.5291703	0.5489308	2.665579	0.5294626	0.2255166	2.71579	0.6206717	0.6999756	2.461223	0.4021916	0.7171726	2.627951	0.5722247	0.2149885	2.635507	0.4714828	0.2296827	2.717621	0.6909295	0.4478474	2.463937	0.3727978	0.5204604	2.686738	0.6428188	-0.1262298	2.735354	0.5384229	-0.1157199	2.810483	0.7011548	-0.4557127	2.794004	0.6193845	-0.443358	2.85925	

0.7150185	0.1994294	2.485513	0.3358464	0.2658681	2.779418	0.7039186	0.08286802	2.541893	0.3333165	0.1199907	2.818372	0.6672623	0.1834488	2.510636	0.3427625	0.118275	2.801	0.5149018	0.9920182	2.571939	0.5266033	0.8607351	2.602221	0.5280844	0.7843457	2.620096	0.5310123	0.5483937	2.664382	0.5335846	0.2244431	2.713416	0.6214614	0.6997132	2.460614	0.40231	0.7174609	2.627956	0.5755764	0.2147439	2.63432	0.4764573	0.2274715	2.713775	0.7162793	0.4558755	2.455936	0.3656714	0.484689	2.726949	0.6430304	-0.1265907	2.735551	0.5396565	-0.1170677	2.810492	0.7011256	-0.4557398	2.794042	0.619423	-0.4433133	2.859273	

0.7453429	0.2201253	2.426927	0.2961877	0.2804843	2.798154	0.7340724	0.07147913	2.49001	0.2772919	0.1433882	2.867584	0.6891907	0.1664938	2.457278	0.2992284	0.2055453	2.8445	0.5150346	0.9917083	2.571753	0.5275915	0.8605135	2.601475	0.5302035	0.7838767	2.618665	0.5387845	0.5467163	2.659813	0.5535295	0.2201741	2.702717	0.6209787	0.700541	2.467066	0.4021673	0.7171134	2.628251	0.597504	0.2135275	2.6233	0.4939141	0.2205796	2.703809	0.7251324	0.4606983	2.438594	0.3611899	0.4857365	2.728578	0.6438431	-0.1269649	2.73545	0.5463835	-0.1170361	2.8071	0.7017863	-0.4555112	2.79417	0.6194257	-0.4432134	2.859302	

0.7473778	0.2163329	2.422913	0.2891338	0.2747326	2.806265	0.7408938	0.06935642	2.466897	0.2628702	0.1375264	2.869134	0.6961399	0.130841	2.427	0.2685673	0.165763	2.881286	0.5150892	0.9917269	2.571568	0.5277793	0.8604643	2.601602	0.5307013	0.7838139	2.61876	0.5403801	0.5467659	2.659741	0.5553175	0.2206691	2.702799	0.622385	0.7007442	2.461794	0.4021384	0.716989	2.628241	0.5984849	0.2139422	2.623691	0.4966902	0.2211153	2.703475	0.7274622	0.4613183	2.433389	0.3571475	0.4886857	2.732873	0.6441274	-0.1267951	2.735586	0.5481284	-0.1162844	2.806237	0.7022659	-0.4549425	2.794049	0.6195495	-0.443101	2.859221	

0.7552138	0.2183449	2.41446	0.2855214	0.2796905	2.810184	0.7567716	0.07084689	2.455503	0.2479144	0.1454067	2.879414	0.7063586	0.1305263	2.413833	0.2630608	0.1541206	2.89525	0.5150052	0.9916909	2.571272	0.5279653	0.8605602	2.601446	0.5310844	0.7839451	2.618467	0.5410129	0.5469845	2.659252	0.5555636	0.220955	2.702543	0.6225451	0.7013804	2.460148	0.3903722	0.7032747	2.657062	0.598381	0.2144779	2.623915	0.4976951	0.2212824	2.702199	0.7288382	0.4625869	2.430378	0.3504751	0.4881681	2.742436	0.6444099	-0.1263444	2.735516	0.5480707	-0.115827	2.806099	0.7021366	-0.4547893	2.79412	0.6195366	-0.4413733	2.859723	

0.7599692	0.2192368	2.40624	0.2789229	0.2825574	2.815321	0.768535	0.07015944	2.451037	0.2365652	0.1498451	2.884638	0.7143676	0.1447123	2.404	0.2567692	0.203296	2.901429	0.5150858	0.991742	2.571197	0.5283983	0.8610355	2.600939	0.5317349	0.7844861	2.617902	0.5419041	0.5476801	2.658829	0.5562068	0.2219026	2.702646	0.6231006	0.701705	2.458993	0.3904765	0.7038966	2.656887	0.5984489	0.2158121	2.624682	0.49893	0.2220837	2.701848	0.7320853	0.4643583	2.426577	0.3482231	0.4867655	2.744072	0.644295	-0.1252773	2.735836	0.5482129	-0.1159165	2.806138	0.7018447	-0.4535895	2.794283	0.6195143	-0.4413783	2.859727	

0.7657346	0.2223025	2.398947	0.2726716	0.2860206	2.81432	0.7761152	0.07390516	2.439417	0.2286724	0.1541628	2.885857	0.7210879	0.1351889	2.385947	0.2605355	0.2350571	2.89025	0.5151876	0.9917725	2.571053	0.528607	0.8611243	2.600832	0.5321147	0.7846176	2.617725	0.542586	0.5479754	2.658567	0.5568331	0.2224834	2.702527	0.623825	0.7020853	2.458052	0.3959081	0.7094886	2.648866	0.5988494	0.2164951	2.625117	0.4997896	0.2225875	2.701186	0.7351462	0.4660929	2.422815	0.3455633	0.4899451	2.743803	0.6441292	-0.1248747	2.735904	0.5499543	-0.1168832	2.805868	0.7015608	-0.4544063	2.793861	0.6186275	-0.4392301	2.860644	

0.7702411	0.2219705	2.396628	0.2629463	0.278944	2.822977	0.7776978	0.06788566	2.43408	0.2244809	0.1446307	2.886406	0.7291864	0.136773	2.384813	0.2591051	0.2274873	2.90725	0.5162054	0.9920569	2.570854	0.5292096	0.8611419	2.601118	0.5328876	0.7846212	2.617982	0.5435448	0.5479937	2.65877	0.5575658	0.2226106	2.702766	0.6242144	0.7016263	2.457379	0.3965326	0.7098902	2.648716	0.5990322	0.2164997	2.625157	0.5011307	0.2228355	2.701876	0.7378211	0.4669091	2.420744	0.3440306	0.4879068	2.746945	0.6444903	-0.1247898	2.73605	0.5499605	-0.1175604	2.806525	0.7012773	-0.4546987	2.794191	0.6185319	-0.4390122	2.860914	

0.774259	0.22131	2.396316	0.263859	0.2804259	2.821642	0.7851949	0.06825227	2.447241	0.230939	0.1441029	2.871958	0.7359028	0.1386368	2.393722	0.2596467	0.2254841	2.897177	0.5179731	0.9919851	2.571183	0.5309148	0.8608872	2.601529	0.5345846	0.7844558	2.618305	0.5447959	0.5481445	2.658957	0.5581337	0.2231247	2.702963	0.625175	0.701556	2.457313	0.3967033	0.7106171	2.648175	0.5993614	0.2168721	2.625285	0.5017398	0.2233469	2.70219	0.7421822	0.4686925	2.419862	0.3458409	0.494152	2.747669	0.6447911	-0.1244749	2.73608	0.549903	-0.1181592	2.807045	0.7013715	-0.4543224	2.794475	0.6186925	-0.4393087	2.860831	

0.7813947	0.2165308	2.400202	0.2638627	0.2763768	2.820168	0.7863675	0.06940521	2.448444	0.2308402	0.1356392	2.865855	0.7356415	0.1393647	2.403619	0.2606837	0.2109893	2.889	0.5201074	0.9920255	2.57127	0.5333013	0.8604294	2.60149	0.5370387	0.783991	2.618215	0.5469934	0.5477843	2.658862	0.5594513	0.2230469	2.703028	0.62838	0.7008059	2.456702	0.3969723	0.7107309	2.648329	0.6003262	0.2168692	2.625397	0.5031354	0.2231237	2.702272	0.7446795	0.467521	2.419983	0.3463774	0.4913136	2.747524	0.645341	-0.1245483	2.736185	0.5533607	-0.1207115	2.80603	0.7019504	-0.453795	2.794042	0.6186402	-0.4428388	2.85951	

0.7820302	0.2164348	2.401345	0.2641533	0.2746065	2.81947	0.7846836	0.0688653	2.454925	0.2384836	0.1373949	2.866856	0.7351987	0.1382354	2.413134	0.2664538	0.2052884	2.8895	0.5214666	0.9920921	2.571325	0.5340701	0.8605995	2.601721	0.5378048	0.784158	2.618373	0.5476552	0.5479662	2.658879	0.5598426	0.2232814	2.702975	0.6283709	0.7007369	2.456541	0.4000894	0.7115055	2.64765	0.6004644	0.2169925	2.625397	0.5037382	0.2234145	2.702188	0.7451298	0.4676718	2.420104	0.3468477	0.4891651	2.748262	0.6453946	-0.1244369	2.736195	0.5529538	-0.1205953	2.805957	0.7024813	-0.4537964	2.794382	0.6186042	-0.4429909	2.859532	

0.7826704	0.2166929	2.40223	0.2685607	0.2776344	2.812562	0.7840555	0.06991107	2.461477	0.2425085	0.1376531	2.859042	0.7356344	0.1399762	2.415842	0.2664204	0.2036123	2.884333	0.5222633	0.9921983	2.571359	0.5347444	0.8604467	2.601678	0.5385558	0.7840223	2.61828	0.54854	0.5479329	2.658679	0.560702	0.2234766	2.702729	0.6292963	0.7005846	2.456587	0.403046	0.7144942	2.644478	0.6013573	0.2170989	2.624769	0.5045006	0.2236522	2.702312	0.7468819	0.4678602	2.421457	0.3481469	0.4884394	2.745525	0.6456017	-0.124138	2.736216	0.5521563	-0.1205999	2.806135	0.702051	-0.4541031	2.79446	0.6189213	-0.4416196	2.859931	

0.7827119	0.2182276	2.404951	0.2770094	0.2829396	2.802153	0.7785791	0.07003818	2.469665	0.2532293	0.1456614	2.856307	0.7310163	0.1354194	2.425687	0.2827865	0.220984	2.874625	0.522832	0.9926881	2.571264	0.5361351	0.8608476	2.601281	0.5398402	0.7843949	2.617832	0.5494338	0.5482406	2.658182	0.5610806	0.2237483	2.702298	0.6292691	0.7008576	2.456369	0.4046857	0.7141703	2.643569	0.6016515	0.217357	2.624194	0.5048504	0.2238821	2.702075	0.749302	0.4692991	2.423419	0.3490787	0.4868777	2.744196	0.6456583	-0.123606	2.73631	0.5518366	-0.1203118	2.806284	0.7020346	-0.4541022	2.794474	0.6176751	-0.4393799	2.860841	

0.7828928	0.2166111	2.409172	0.2807654	0.2844649	2.792791	0.7799554	0.06926316	2.471183	0.2490637	0.1472742	2.845689	0.7322228	0.1343055	2.428312	0.2805916	0.2167878	2.884123	0.5253111	0.9933031	2.571539	0.5377707	0.8609325	2.600555	0.5416187	0.7844846	2.616972	0.5515339	0.548375	2.65697	0.5633329	0.2240337	2.70074	0.6297662	0.7008841	2.456223	0.407158	0.7158505	2.639149	0.6042629	0.2176642	2.622579	0.5065087	0.2240823	2.700737	0.7491928	0.4688805	2.425063	0.3518056	0.4915209	2.739338	0.6460063	-0.1231056	2.735869	0.5516301	-0.1198548	2.806192	0.7023628	-0.4543087	2.793841	0.6177667	-0.439277	2.860642	

0.7838774	0.2132092	2.413876	0.2821254	0.2843344	2.794489	0.7810379	0.06463878	2.478037	0.2565825	0.1450609	2.857282	0.7315037	0.1375799	2.426768	0.2838347	0.2231939	2.865667	0.528312	0.9934542	2.571533	0.5416642	0.8608904	2.600218	0.5449053	0.7843051	2.616841	0.5533023	0.5479449	2.65732	0.563922	0.2234199	2.701545	0.6335027	0.6993168	2.454068	0.4097217	0.7108235	2.638062	0.604753	0.2166062	2.623254	0.5072117	0.2238249	2.701815	0.7489849	0.4650664	2.425908	0.3536381	0.490513	2.738486	0.6470636	-0.1240762	2.73649	0.5513837	-0.1196808	2.806445	0.7031167	-0.4539558	2.794007	0.6183625	-0.4395731	2.860557	

0.7844507	0.212139	2.416525	0.2824958	0.2815993	2.796118	0.7824314	0.06422919	2.481632	0.2561328	0.1433975	2.858357	0.7330564	0.1362079	2.431318	0.2825961	0.218681	2.875397	0.5303885	0.9935998	2.571526	0.5433319	0.8607776	2.600415	0.546746	0.784219	2.616967	0.5555025	0.5479505	2.657274	0.5660928	0.2235954	2.701364	0.6341051	0.6997409	2.453673	0.4131148	0.7142042	2.632829	0.6068966	0.2168055	2.623268	0.5092241	0.2239604	2.70147	0.74775	0.4644805	2.426823	0.3555953	0.4910086	2.73783	0.6481947	-0.1240305	2.736518	0.5518859	-0.1199168	2.80669	0.7037534	-0.4537981	2.79391	0.6186664	-0.438972	2.860711	

0.7844054	0.2099545	2.419236	0.2835485	0.2831391	2.79332	0.7772718	0.06196988	2.479552	0.249003	0.1440459	2.852904	0.7318155	0.1373482	2.426784	0.2801479	0.2190964	2.876146	0.5317621	0.9939654	2.571016	0.5446901	0.8609489	2.5999	0.5482648	0.7843981	2.616399	0.5573826	0.5481326	2.656633	0.5681555	0.2237871	2.700761	0.6338799	0.6998059	2.453552	0.4133443	0.7148372	2.632171	0.6087039	0.216901	2.622726	0.511403	0.224241	2.700837	0.7476168	0.4645652	2.427366	0.3565285	0.493104	2.737701	0.6491762	-0.1237298	2.736667	0.5534364	-0.118696	2.805899	0.7038093	-0.4538081	2.793956	0.6186231	-0.4389659	2.86091	

0.7831614	0.2094683	2.421376	0.2826372	0.2772466	2.799781	0.7731518	0.06347677	2.476942	0.252284	0.1361258	2.851036	0.7322015	0.1332499	2.44264	0.2839702	0.2198906	2.883631	0.5331075	0.9942608	2.570601	0.5448336	0.8609667	2.59987	0.5484917	0.7844357	2.616343	0.5579162	0.5482584	2.656491	0.5691538	0.2241031	2.700501	0.6356262	0.7001686	2.452652	0.4144665	0.716179	2.630901	0.6097482	0.2171368	2.622595	0.5123091	0.2246245	2.700457	0.7481088	0.4642597	2.427348	0.3567879	0.4912072	2.736542	0.6494183	-0.1234461	2.736895	0.5548352	-0.1151351	2.805047	0.7041278	-0.4532921	2.79387	0.6185526	-0.438431	2.861237	

0.7811979	0.2094254	2.42254	0.2826813	0.2751866	2.800019	0.7725382	0.06268665	2.484018	0.2605605	0.1375075	2.852588	0.726604	0.1376197	2.444048	0.2841491	0.2162299	2.875057	0.5338269	0.9942898	2.57022	0.5457326	0.8610801	2.599526	0.5494383	0.7845753	2.615937	0.5589141	0.5484679	2.655946	0.5700695	0.2244044	2.69984	0.6385226	0.7005176	2.45224	0.4159443	0.7165651	2.63038	0.6107208	0.2173991	2.621907	0.5131118	0.2249452	2.699839	0.7490561	0.4636348	2.4271	0.3579396	0.4904133	2.733814	0.649439	-0.1230456	2.736798	0.5567007	-0.1157061	2.804187	0.7039958	-0.4535989	2.794175	0.618402	-0.439449	2.861327	

0.7796519	0.2091186	2.423348	0.2845878	0.2771871	2.797635	0.7734245	0.06230124	2.487675	0.2657944	0.1369358	2.858236	0.7262206	0.1383311	2.438501	0.2889216	0.2180287	2.871286	0.5343972	0.9943191	2.569639	0.5460668	0.8610558	2.599511	0.5499146	0.7845095	2.615926	0.5599178	0.5482014	2.65599	0.5719436	0.2237283	2.70005	0.637933	0.7006982	2.452101	0.4161977	0.7161228	2.629859	0.612193	0.2169668	2.622537	0.5154815	0.2239591	2.699549	0.7484075	0.4637521	2.427948	0.3589035	0.4894208	2.731946	0.6504209	-0.1238325	2.736823	0.5585369	-0.1178845	2.803856	0.7045476	-0.4533314	2.794517	0.6185812	-0.4395816	2.860725	

0.7791888	0.2084742	2.42524	0.2845834	0.2727797	2.80062	0.7675641	0.05517395	2.490504	0.2601568	0.135947	2.847414	0.7228567	0.1348033	2.447857	0.2881611	0.2018562	2.869167	0.5347556	0.9943098	2.569629	0.5468412	0.8610829	2.599488	0.5507479	0.7845552	2.61585	0.5608635	0.5483122	2.655764	0.5729206	0.2239594	2.699627	0.6383357	0.7008801	2.451993	0.4163297	0.7159125	2.631135	0.6129774	0.2171435	2.621931	0.5166228	0.2242587	2.699339	0.7485352	0.4637914	2.428079	0.3601893	0.4877647	2.731763	0.6504037	-0.1235438	2.736698	0.5580945	-0.1177126	2.803947	0.7047979	-0.4535274	2.794564	0.6192468	-0.4398023	2.86038	

0.7784657	0.2075912	2.426663	0.2849434	0.2719121	2.800097	0.7687292	0.0569699	2.488155	0.2633781	0.1380741	2.852673	0.7246045	0.142828	2.446722	0.2889639	0.2027639	2.872778	0.5350379	0.9942454	2.569547	0.5473776	0.8610518	2.599262	0.5513209	0.784517	2.615607	0.5614869	0.5482559	2.655503	0.573507	0.2238998	2.699374	0.6416902	0.6991853	2.451712	0.4149317	0.7160416	2.632555	0.6136125	0.2170028	2.621592	0.5171052	0.2242754	2.699179	0.750376	0.4613561	2.428677	0.3612367	0.4865903	2.7318	0.6503933	-0.1235668	2.736786	0.5568537	-0.1167794	2.803754	0.70495	-0.453021	2.794838	0.6193349	-0.4395587	2.860347	

0.7767799	0.2069978	2.428462	0.2865032	0.2702922	2.801153	0.7615672	0.05634893	2.493857	0.2669513	0.1341645	2.85703	0.714441	0.1280042	2.444929	0.3006622	0.2213975	2.876222	0.5349972	0.9942591	2.569546	0.5481574	0.8614414	2.598711	0.5520733	0.7848102	2.615112	0.5621333	0.5483006	2.655168	0.5740278	0.223697	2.699199	0.6402684	0.6993886	2.451594	0.4152361	0.7167365	2.633315	0.6138653	0.216948	2.621548	0.5179263	0.2238673	2.698822	0.7491292	0.4616238	2.429167	0.3617826	0.4870699	2.732264	0.6503661	-0.1236355	2.736793	0.5563742	-0.1173486	2.804457	0.7049385	-0.4529749	2.794947	0.6193225	-0.4395869	2.8604	

0.7741371	0.2081001	2.429512	0.2874417	0.2679377	2.803066	0.7596645	0.06268693	2.490052	0.2679894	0.129407	2.84963	0.7115914	0.1294419	2.445667	0.3010501	0.2126982	2.890571	0.5349234	0.9943795	2.569427	0.5484633	0.8618761	2.598336	0.5522915	0.7851676	2.614796	0.5621514	0.5484695	2.65501	0.5738639	0.2237677	2.699128	0.6385971	0.6998072	2.451306	0.4174856	0.7166292	2.628332	0.6137816	0.2169611	2.621533	0.5176156	0.224051	2.698655	0.7469651	0.4617757	2.429774	0.3626748	0.488216	2.729079	0.6502873	-0.1237087	2.736602	0.5566639	-0.1168165	2.804274	0.7048044	-0.4526895	2.794962	0.6192126	-0.4395652	2.860377	

0.7722212	0.2079194	2.431099	0.2898414	0.267911	2.803904	0.7561932	0.05719408	2.497433	0.2717064	0.1252009	2.852329	0.7105456	0.1282331	2.445562	0.301814	0.212461	2.882052	0.5348886	0.9944472	2.569532	0.5485331	0.8620623	2.59811	0.5523875	0.785314	2.614572	0.5623108	0.5485036	2.654787	0.5741073	0.2236237	2.698888	0.637482	0.7001609	2.451261	0.4176077	0.7164184	2.628982	0.6141346	0.2166249	2.620512	0.5178323	0.2239779	2.698748	0.7461227	0.4622504	2.429992	0.3639269	0.4880197	2.730224	0.6502557	-0.123506	2.736785	0.55701	-0.1164047	2.804121	0.7052511	-0.4515614	2.794988	0.6192055	-0.4395594	2.860422	

0.7712674	0.207464	2.432026	0.2914555	0.2671522	2.805361	0.7608989	0.05689505	2.502055	0.2734731	0.129167	2.85136	0.7100236	0.122248	2.443267	0.3043873	0.2128734	2.885147	0.5348107	0.9944935	2.569489	0.5484686	0.8621836	2.598176	0.5523517	0.7853953	2.614596	0.5623091	0.5485299	2.654753	0.5741431	0.2235877	2.698679	0.6368833	0.700186	2.45134	0.4171107	0.7176446	2.630291	0.6141245	0.216628	2.62047	0.5179347	0.2238859	2.698353	0.7447419	0.4618903	2.430354	0.3641603	0.4882251	2.729954	0.6502167	-0.123484	2.73679	0.5564496	-0.116338	2.804415	0.7056828	-0.4516847	2.794809	0.6195589	-0.4388057	2.860358	

0.7695385	0.2084363	2.431779	0.2938266	0.2630192	2.813684	0.7574359	0.05661684	2.499614	0.2730524	0.1170869	2.855802	0.7111555	0.1315239	2.448323	0.2981244	0.188696	2.885111	0.5345693	0.9943388	2.56988	0.5484312	0.8622036	2.598215	0.5523466	0.7854011	2.614603	0.5623902	0.5485158	2.654696	0.5746154	0.2234327	2.698313	0.6368555	0.7001848	2.451332	0.4149231	0.7173553	2.631407	0.6145551	0.2165648	2.620274	0.5183615	0.2236643	2.697895	0.7447532	0.461908	2.430339	0.364155	0.487393	2.730922	0.6500676	-0.123494	2.736866	0.5561334	-0.1164152	2.804445	0.7057258	-0.4517224	2.79474	0.6201102	-0.4382232	2.860301	

0.7686269	0.2084492	2.431364	0.2945281	0.2626012	2.814395	0.7541071	0.05641955	2.493179	0.2769746	0.1171964	2.856528	0.7142648	0.1302393	2.444355	0.2978136	0.1967648	2.879926	0.5345297	0.9943014	2.569947	0.5483586	0.8621406	2.598422	0.5523525	0.785326	2.614697	0.5627567	0.5481558	2.65455	0.5762588	0.2220776	2.697152	0.6368448	0.7001922	2.451326	0.4147456	0.7114129	2.638273	0.6155342	0.215914	2.619933	0.5206589	0.2214809	2.695719	0.7443876	0.461745	2.430308	0.362962	0.4811835	2.736738	0.6501574	-0.1240124	2.737017	0.5564992	-0.1161314	2.804052	0.7058981	-0.4512665	2.795249	0.6202014	-0.4383048	2.860281	

0.7676563	0.2079482	2.43157	0.2949345	0.2618675	2.814985	0.7553262	0.05713079	2.494614	0.2752852	0.1195644	2.856457	0.7071669	0.1356245	2.436762	0.2997105	0.200033	2.882496	0.5344471	0.9942148	2.570031	0.5481657	0.8620735	2.598644	0.552234	0.7852801	2.614806	0.5627239	0.5481393	2.654515	0.5761676	0.2221149	2.696848	0.6367324	0.7006824	2.45129	0.4169195	0.7143953	2.632216	0.6155808	0.2159491	2.619423	0.5204452	0.2215456	2.69559	0.7425938	0.4614367	2.42992	0.3642069	0.4860334	2.733868	0.6499978	-0.1237159	2.737095	0.5553324	-0.1153389	2.803851	0.7059239	-0.451221	2.795244	0.6202693	-0.438176	2.860262	

0.7658044	0.209137	2.430036	0.2953712	0.2618012	2.81495	0.7551587	0.0621219	2.489975	0.2767572	0.1170991	2.854195	0.7089105	0.1447945	2.437819	0.3003099	0.2023632	2.883634	0.5337915	0.9941023	2.569983	0.5476808	0.8618932	2.598717	0.5518105	0.7851327	2.614849	0.562432	0.5480762	2.654473	0.5758209	0.2221799	2.696802	0.6358619	0.7008191	2.450842	0.4145538	0.7147688	2.631835	0.615383	0.2159827	2.619401	0.5198605	0.2216897	2.695592	0.7420874	0.4617312	2.430062	0.3643075	0.4860967	2.733896	0.6498356	-0.1236111	2.737208	0.5548367	-0.1155281	2.803949	0.7059329	-0.4511685	2.79524	0.6203361	-0.4381354	2.860248	

0.7663707	0.208854	2.429651	0.2960115	0.26161	2.81514	0.7556072	0.05763396	2.487074	0.276282	0.1201611	2.856527	0.7129289	0.1326003	2.436625	0.3024291	0.2035655	2.884298	0.5334282	0.9936913	2.569844	0.5477044	0.8619241	2.59867	0.55182	0.7851331	2.614823	0.5624039	0.5479441	2.65444	0.5754648	0.2215228	2.696954	0.6354102	0.7008521	2.450667	0.4161355	0.7093071	2.631887	0.6151505	0.2153766	2.619478	0.5193328	0.2210095	2.695932	0.7420379	0.4619534	2.429812	0.3645338	0.481768	2.735397	0.6512684	-0.1252516	2.734694	0.5490012	-0.1171752	2.801456	0.705526	-0.4518838	2.795226	0.6198	-0.438629	2.859964	

0.7776479	0.204378	2.4178	0.2966886	0.262176	2.815331	0.7817432	0.05648628	2.467589	0.2789109	0.1215093	2.860526	0.7277975	0.1280095	2.419063	0.3013846	0.200938	2.883492	0.5323286	0.9888353	2.56601	0.5490322	0.8597962	2.595555	0.5529568	0.7834598	2.61245	0.5630118	0.5473253	2.653653	0.5756	0.22155	2.697048	0.6418629	0.6972292	2.447687	0.4199909	0.7111955	2.629447	0.6155077	0.215084	2.619222	0.519488	0.2216364	2.696918	0.7501815	0.4592162	2.425058	0.3698853	0.4844008	2.734903	0.6857301	-0.1277227	2.715417	0.4477241	-0.104469	2.77191	0.7012315	-0.4521666	2.796985	0.5661226	-0.436716	2.84051	

0.7886013	0.2041792	2.409946	0.305448	0.2756898	2.813801	0.7969113	0.0552479	2.455534	0.2747771	0.137108	2.863624	0.7384	0.1239149	2.40425	0.3100339	0.218762	2.8901	0.5308163	0.9829191	2.563135	0.5521614	0.8566548	2.593041	0.5562321	0.7804272	2.610063	0.5665587	0.5448397	2.651829	0.5787798	0.2203766	2.696603	0.6426382	0.696934	2.447029	0.4268419	0.7058592	2.63497	0.6180975	0.2138503	2.618102	0.5232301	0.2205268	2.697257	0.7555866	0.4614681	2.417754	0.3729135	0.480649	2.741625	0.6913374	-0.1224434	2.713868	0.4473247	-0.09716144	2.767027	0.7065452	-0.4474982	2.794775	0.5348433	-0.438106	2.835947	

0.7973038	0.2050301	2.396125	0.3094874	0.2665216	2.822174	0.8036743	0.05424622	2.437639	0.2771676	0.1270374	2.871611	0.754057	0.1202556	2.391625	0.3148987	0.2045306	2.907375	0.5252309	0.966718	2.559812	0.5572367	0.8513926	2.588376	0.5615199	0.7753341	2.60623	0.5726247	0.5401475	2.650297	0.5864971	0.2161802	2.698722	0.6444061	0.6950185	2.446127	0.4290905	0.7034235	2.63746	0.6235583	0.210472	2.619766	0.5330077	0.2156574	2.699871	0.7609212	0.4618421	2.410502	0.3777342	0.4773878	2.743639	0.6975498	-0.1249103	2.714713	0.4698755	-0.114796	2.776755	0.7109618	-0.4430052	2.794896	0.4768378	-0.4520927	2.836777	

0.8018613	0.1978385	2.397256	0.3141408	0.256334	2.83325	0.812566	0.04768534	2.454532	0.2912497	0.1236283	2.893477	0.7579698	0.1162296	2.412333	0.3101434	0.1640632	2.911714	0.5131565	0.945222	2.553549	0.5576651	0.8391193	2.579434	0.5631281	0.7639573	2.599262	0.5772008	0.5306206	2.648079	0.5958369	0.2070799	2.702636	0.6464063	0.6868935	2.444131	0.4305238	0.7004996	2.637061	0.6332946	0.2012609	2.624082	0.5414068	0.2070379	2.703373	0.7642819	0.4544319	2.40937	0.3833726	0.4748463	2.745377	0.7061665	-0.124658	2.716118	0.4722403	-0.1138444	2.777408	0.7120383	-0.4427296	2.795223	0.4780365	-0.4490625	2.837278	

0.803484	0.1954748	2.398249	0.3158658	0.2542546	2.837117	0.8087093	0.04789466	2.45287	0.2893518	0.1148117	2.884245	0.7540584	0.1136951	2.405529	0.3180842	0.1868611	2.90475	0.5113983	0.9430666	2.552689	0.558138	0.8369333	2.577058	0.5639367	0.7615707	2.596795	0.5791279	0.5281593	2.645977	0.5985113	0.2056605	2.70152	0.6484042	0.684005	2.442815	0.4309745	0.7000908	2.638076	0.6365387	0.1997442	2.622081	0.5435323	0.2057078	2.702967	0.7662601	0.4515102	2.408683	0.3849036	0.4739218	2.74586	0.708901	-0.1249681	2.716583	0.4733561	-0.1131291	2.777772	0.7130299	-0.4425471	2.795206	0.4783177	-0.4474676	2.837913	

0.8039186	0.197696	2.39906	0.3165353	0.2530172	2.838451	0.8099931	0.0505597	2.461853	0.2930086	0.1096905	2.877021	0.7539018	0.1149924	2.415555	0.328942	0.20121	2.917125	0.5104215	0.9415545	2.552165	0.5578658	0.836496	2.576418	0.5638503	0.7611325	2.596229	0.5795821	0.5277333	2.645631	0.600085	0.2054369	2.701537	0.6450477	0.6854117	2.44372	0.4315175	0.6993155	2.639454	0.6373923	0.1996992	2.621826	0.5460196	0.2052061	2.703504	0.7650079	0.4540595	2.409317	0.3865876	0.4725239	2.746521	0.71069	-0.1236431	2.716078	0.4774868	-0.1125491	2.778297	0.7133824	-0.4422667	2.795003	0.4792579	-0.4461107	2.838062	

0.804863	0.195577	2.400239	0.3180602	0.2521415	2.838374	0.8080852	0.04888166	2.46114	0.3029626	0.1140499	2.887266	0.7567784	0.1221549	2.421619	0.3290772	0.1990767	2.902154	0.5100269	0.940777	2.551553	0.5577081	0.8362428	2.576214	0.5637919	0.7608724	2.596033	0.5798587	0.5274514	2.645495	0.6009811	0.2053154	2.701578	0.646342	0.6835274	2.441662	0.4320544	0.6990485	2.639488	0.6380677	0.199467	2.621381	0.5473344	0.2052154	2.704208	0.7659984	0.4519181	2.408707	0.3882284	0.4718708	2.746236	0.71274	-0.1240157	2.716088	0.4788959	-0.1118476	2.778183	0.7146827	-0.4409022	2.794643	0.4806451	-0.4440285	2.838213	

0.8050451	0.1942202	2.401231	0.3204069	0.2514394	2.836897	0.8088167	0.04981784	2.468314	0.3008403	0.1151398	2.867927	0.7500939	0.1084808	2.424917	0.3285303	0.1921314	2.904402	0.5097886	0.9404901	2.551182	0.5578579	0.8345188	2.575809	0.5641018	0.7592181	2.595669	0.5806646	0.5261428	2.645403	0.6021108	0.2047256	2.701877	0.6474304	0.6823772	2.440404	0.4321176	0.6986529	2.6397	0.6390934	0.1987824	2.621296	0.5484463	0.2047434	2.704893	0.7670096	0.4506708	2.408424	0.3889068	0.4710371	2.74587	0.7135328	-0.1251086	2.716774	0.4791745	-0.1115539	2.778136	0.715849	-0.4417505	2.794386	0.4808635	-0.4433845	2.838274	

0.8045685	0.1943819	2.401729	0.3226125	0.251631	2.834066	0.8045149	0.04987977	2.468395	0.3109584	0.1102677	2.880956	0.7496212	0.1111933	2.421404	0.3292121	0.1930951	2.896167	0.5094671	0.9402908	2.550859	0.557788	0.8343947	2.575498	0.5640724	0.7591033	2.595398	0.5807312	0.5260996	2.645298	0.6022449	0.2048217	2.701899	0.647454	0.6826103	2.440324	0.4251931	0.7013468	2.644906	0.6391765	0.19889	2.621316	0.5485807	0.2048143	2.704905	0.7670968	0.4509196	2.408624	0.3895255	0.4697579	2.746084	0.7141694	-0.1249226	2.716463	0.4796735	-0.1113412	2.778085	0.7161816	-0.4410776	2.794474	0.4810622	-0.4431838	2.838309	

0.803825	0.1943587	2.403099	0.3239395	0.2523918	2.832428	0.8073149	0.05011277	2.471689	0.2986829	0.115155	2.865516	0.7466552	0.1205828	2.426647	0.3317076	0.1984422	2.894867	0.5092819	0.9403463	2.550631	0.5581265	0.8349696	2.575061	0.5644315	0.7595577	2.594937	0.5812229	0.5263184	2.644812	0.6027668	0.2049153	2.701452	0.6475117	0.6827239	2.440113	0.4291464	0.7003357	2.651248	0.6394003	0.1989819	2.620764	0.5494248	0.2049208	2.704525	0.7670802	0.4509806	2.40859	0.3907503	0.466994	2.748274	0.7143523	-0.1246019	2.716008	0.4797694	-0.111185	2.778059	0.7166548	-0.4402297	2.79429	0.4818243	-0.4411947	2.837996	

0.8029133	0.194422	2.40371	0.3244773	0.2530573	2.830271	0.7984787	0.0486148	2.472533	0.3047481	0.1152384	2.860584	0.7476091	0.1270547	2.4365	0.3298183	0.1834625	2.892	0.5091916	0.9404249	2.550638	0.5582049	0.8353825	2.575139	0.5644913	0.7598149	2.594926	0.5812811	0.5263879	2.644672	0.6027921	0.2048551	2.70095	0.6477593	0.6825647	2.439595	0.4319849	0.6990941	2.65131	0.639335	0.198956	2.620262	0.5494793	0.2048263	2.703986	0.7667378	0.450462	2.408712	0.3912183	0.4664557	2.748953	0.7146312	-0.1238288	2.715486	0.480105	-0.1109494	2.778023	0.7171726	-0.4396366	2.79388	0.4816859	-0.4410894	2.837922	

0.7940778	0.1937406	2.407864	0.3260859	0.2533179	2.830616	0.7852966	0.04810415	2.481923	0.3056846	0.1148024	2.86394	0.7344999	0.1244181	2.444091	0.3302716	0.1851683	2.890875	0.5093231	0.9408594	2.550555	0.5589238	0.8361494	2.574664	0.5650667	0.7604111	2.594271	0.5815892	0.5266218	2.643295	0.6022595	0.2045707	2.697871	0.6480072	0.6825343	2.439178	0.4346482	0.6980667	2.65182	0.6381266	0.1986957	2.615128	0.5492824	0.2045664	2.702374	0.7649184	0.4492763	2.40905	0.3932763	0.465057	2.748538	0.7139319	-0.1237024	2.714302	0.4799345	-0.1112865	2.777557	0.7172979	-0.4394617	2.793831	0.4808412	-0.4403704	2.837086	

0.7878423	0.1919781	2.411379	0.3310445	0.2549678	2.831112	0.7787431	0.04334991	2.486492	0.309863	0.1113182	2.862844	0.7308403	0.1141673	2.438294	0.3379104	0.1970534	2.898945	0.5103645	0.9413318	2.550879	0.5614955	0.8371542	2.574487	0.5669878	0.7610682	2.593794	0.5823697	0.526627	2.64228	0.6018532	0.2038919	2.695609	0.645434	0.684759	2.440239	0.4398562	0.695595	2.650372	0.6371962	0.1981082	2.613145	0.5493832	0.2037944	2.699899	0.7580825	0.4493058	2.409292	0.3962167	0.4642614	2.749541	0.7114325	-0.1239074	2.712889	0.477509	-0.1121731	2.775612	0.7173144	-0.4394564	2.793817	0.4804924	-0.4402751	2.836635	

0.7843579	0.1928983	2.411877	0.3346956	0.2536626	2.833149	0.7696763	0.04396262	2.482548	0.3086148	0.1143242	2.864203	0.7297649	0.1293221	2.44825	0.3484036	0.2026476	2.902	0.5127918	0.9420611	2.552228	0.565114	0.8371081	2.573805	0.5697207	0.7608976	2.592836	0.5832506	0.526093	2.640731	0.6003169	0.2026573	2.6925	0.646566	0.6847568	2.439425	0.4430197	0.6949247	2.64719	0.6357053	0.196609	2.609412	0.5478235	0.2028386	2.697488	0.7566777	0.4479525	2.409956	0.3983734	0.4658111	2.750151	0.710601	-0.1242245	2.711807	0.4762238	-0.1124113	2.774068	0.7174534	-0.4389435	2.79353	0.480377	-0.4402723	2.836642	

0.7789365	0.1912842	2.413667	0.3383333	0.2546393	2.833952	0.7633477	0.04770026	2.477222	0.3177295	0.111058	2.87884	0.7255384	0.1099419	2.441055	0.3461222	0.201212	2.90677	0.5145805	0.9425289	2.553093	0.567092	0.837478	2.574216	0.5712235	0.7610371	2.592995	0.5836086	0.5258216	2.640508	0.5996089	0.2016119	2.691888	0.644579	0.6859543	2.440254	0.4482231	0.6917438	2.651922	0.6339962	0.1952362	2.608513	0.5477253	0.2020251	2.697098	0.7503881	0.4470715	2.410503	0.4006944	0.4625745	2.753718	0.7097138	-0.1250153	2.710401	0.4713751	-0.1140608	2.771331	0.7176742	-0.4393846	2.793285	0.4800412	-0.4412012	2.8357	

0.7744877	0.1904671	2.414114	0.3435986	0.2553313	2.835969	0.7609032	0.04154598	2.488784	0.3258496	0.1087976	2.874902	0.7291997	0.1715577	2.486333	0.3588385	0.2047538	2.9115	0.5162591	0.943112	2.554995	0.5678058	0.8375966	2.574415	0.571716	0.7610943	2.593049	0.5836287	0.5257354	2.64032	0.5982423	0.2011611	2.691001	0.6449259	0.6855462	2.439629	0.4500604	0.6910754	2.654944	0.6310889	0.1941279	2.606157	0.5473738	0.2019596	2.69702	0.7484322	0.4455824	2.410083	0.4034782	0.4627998	2.758671	0.7082394	-0.1266153	2.707862	0.4657091	-0.1142436	2.767151	0.7174256	-0.4395325	2.793115	0.4784893	-0.4414071	2.834335	

0.7482545	0.194658	2.41065	0.3752674	0.2495729	2.860583	0.7310135	0.04766466	2.485009	0.3409244	0.1296796	2.903145	0.6920359	0.1640239	2.485215	0.3800158	0.2007045	2.91921	0.5183784	0.9435219	2.557032	0.5688045	0.8377315	2.575286	0.5720919	0.7610874	2.59335	0.5828386	0.5252041	2.639709	0.5902408	0.1982496	2.686401	0.643047	0.6862992	2.440365	0.459233	0.6826717	2.663789	0.6219604	0.1917933	2.603295	0.5410717	0.1987686	2.691185	0.7395695	0.4433471	2.408998	0.4228713	0.4523446	2.766767	0.7050373	-0.1256522	2.703515	0.4378364	-0.1145992	2.750652	0.7177715	-0.4403356	2.793117	0.4640319	-0.4427876	2.817901	

0.7348707	0.1978704	2.408971	0.3896305	0.243519	2.875122	0.715197	0.05004352	2.480031	0.3593507	0.1375732	2.917215	0.6772017	0.1720078	2.480538	0.4005356	0.2012685	2.932214	0.5190614	0.9436191	2.558896	0.5703624	0.8380379	2.575738	0.5727581	0.7612523	2.593435	0.5818422	0.5251876	2.638767	0.5838603	0.1986528	2.68326	0.6414319	0.6875923	2.440541	0.4607995	0.6824111	2.662946	0.615518	0.1912173	2.598954	0.5350102	0.2001113	2.689265	0.7328323	0.4426343	2.407312	0.4339913	0.4371393	2.736308	0.7031459	-0.1242933	2.701291	0.4363376	-0.1132887	2.748785	0.7177538	-0.4407839	2.792927	0.4601344	-0.4454384	2.813476	

0.7184467	0.2001005	2.403495	0.4199987	0.2682728	2.846297	0.6942247	0.05393512	2.466979	0.4060729	0.158326	2.945239	0.6602877	0.1735372	2.47	0.4316176	0.2038858	2.920455	0.5212383	0.9466812	2.561374	0.5707639	0.8385293	2.575748	0.5728467	0.7615477	2.593331	0.5793104	0.525352	2.637126	0.5770905	0.1983157	2.680527	0.6394242	0.688126	2.440887	0.4601722	0.6829546	2.660996	0.6106547	0.1904988	2.596689	0.5264678	0.2003753	2.686224	0.7247453	0.441049	2.404522	0.4471226	0.4199789	2.652654	0.7008314	-0.1226045	2.698281	0.437115	-0.1124805	2.748738	0.7179556	-0.44082	2.792605	0.4600593	-0.4454515	2.813565	

0.7104512	0.1985427	2.402753	0.4275838	0.2812965	2.818286	0.6857035	0.0534205	2.45685	0.4002822	0.1712783	2.919556	0.6527501	0.1772313	2.47	0.4339714	0.2328437	2.876526	0.5225179	0.9497024	2.562096	0.5710112	0.8407032	2.576168	0.5726721	0.7632124	2.593458	0.5772118	0.5262467	2.636437	0.573777	0.1983626	2.679847	0.638034	0.6890565	2.440596	0.4633058	0.6846105	2.649745	0.6074943	0.1903332	2.596889	0.5230416	0.2006516	2.684597	0.7194824	0.4407762	2.40189	0.4509917	0.4219086	2.616735	0.6971936	-0.1254005	2.696578	0.4380736	-0.1110755	2.749048	0.7178064	-0.4420632	2.791666	0.4602796	-0.4448232	2.814037	

0.7032031	0.1991768	2.400823	0.4240496	0.2763796	2.852637	0.68099	0.05393782	2.45713	0.4236516	0.1617101	2.93329	0.6441604	0.1777209	2.465067	0.4400172	0.1947703	2.9132	0.5227281	0.9509173	2.562599	0.5710953	0.8424259	2.575732	0.5722648	0.7649266	2.592859	0.5739701	0.5279442	2.634871	0.5676716	0.2000615	2.678338	0.6375261	0.688374	2.436021	0.4619237	0.6856139	2.648246	0.6019583	0.1916145	2.595741	0.5167832	0.2026924	2.682813	0.7141118	0.438248	2.39939	0.4368169	0.4657894	2.690237	0.6941412	-0.1287545	2.695432	0.4385708	-0.1107834	2.749438	0.717664	-0.4420553	2.791508	0.4604803	-0.4448824	2.814122	

0.6547014	0.1983564	2.399836	0.4265465	0.2758259	2.853708	0.6437688	0.04902977	2.465128	0.4215446	0.1777493	2.895426	0.6088459	0.1726112	2.474364	0.430014	0.1980287	2.8678	0.5219613	0.9509472	2.562949	0.5710323	0.8429216	2.57574	0.5717316	0.7655844	2.592654	0.5692235	0.5288916	2.632923	0.5564761	0.201386	2.674093	0.6349196	0.6895931	2.436339	0.4619164	0.68614	2.648606	0.5885856	0.1917339	2.588379	0.5076057	0.2049185	2.681048	0.7020527	0.4370929	2.393652	0.4378441	0.465986	2.692022	0.6876652	-0.1303243	2.692198	0.4367755	-0.1079904	2.74435	0.7175653	-0.4432343	2.790396	0.4600659	-0.4430823	2.811444	

0.5023952	0.2085088	2.372806	0.4249954	0.2762304	2.84896	0.4487124	0.09190855	2.435507	0.3998864	0.2028346	2.871663	0.4499917	0.1480342	2.364455	0.4084468	0.2229804	2.844033	0.5058165	0.9529332	2.558221	0.5649725	0.8468844	2.566273	0.5654396	0.7694069	2.582673	0.5641059	0.5309207	2.623227	0.5560077	0.2021967	2.667612	0.6154087	0.686583	2.418719	0.4567174	0.6895105	2.641345	0.5875507	0.1923272	2.58436	0.5082427	0.2060166	2.672017	0.6330172	0.4280425	2.354485	0.4354521	0.4672984	2.688185	0.6864594	-0.1329196	2.691403	0.4186249	-0.1014207	2.68796	0.7168436	-0.4440949	2.789098	0.4312834	-0.440939	2.735258	

0.4758548	0.224631	2.360091	0.4227132	0.2764029	2.845284	0.3954052	0.1065224	2.420483	0.3975516	0.2029596	2.867823	0.4116159	0.2200923	2.376429	0.4061209	0.2231033	2.840192	0.5007845	0.9527715	2.556467	0.5613893	0.8481063	2.562342	0.5616718	0.7706687	2.579241	0.5599552	0.5320996	2.621052	0.5530093	0.2034777	2.667149	0.609067	0.6885326	2.411436	0.4530551	0.6907805	2.637636	0.5827804	0.1942668	2.583721	0.5066822	0.2067631	2.671858	0.6163096	0.4287502	2.350097	0.4325607	0.4680263	2.68507	0.6849723	-0.1323022	2.689562	0.4197548	-0.1008239	2.686895	0.7144674	-0.4455384	2.787098	0.4287808	-0.4403949	2.728639	

0.357925	0.2841184	2.310467	0.4072513	0.2721959	2.822801	0.2322749	0.1870595	2.344962	0.382794	0.1989033	2.846191	0.2474963	0.2433849	2.306167	0.3914217	0.2190592	2.818551	0.4828016	0.9502524	2.54531	0.5445137	0.8456396	2.540432	0.5479349	0.7684953	2.560689	0.5540048	0.5304525	2.610846	0.5532728	0.2028698	2.664177	0.5984946	0.6863828	2.401153	0.4360547	0.688392	2.616075	0.5823861	0.1939318	2.579485	0.507467	0.2059891	2.670032	0.5404122	0.4389298	2.324417	0.4162197	0.465	2.663819	0.6784109	-0.1368722	2.685698	0.4143471	-0.1458212	2.670807	0.7142137	-0.4454525	2.786962	0.3787119	-0.4688696	2.653212	

0.2814524	0.3182387	2.279271	0.3991971	0.2711274	2.815398	0.1541964	0.2475234	2.303959	0.3746219	0.1977974	2.838587	0.1827328	0.2993632	2.266158	0.3832853	0.2179559	2.810942	0.47087	0.9452186	2.536572	0.5362109	0.8448098	2.533267	0.5390202	0.7676465	2.553287	0.5452904	0.5295511	2.604305	0.5497282	0.2024801	2.661844	0.5823432	0.6811374	2.389462	0.4276676	0.6875569	2.608887	0.5765375	0.1935723	2.576317	0.5059446	0.2056238	2.668698	0.4885574	0.4428032	2.306233	0.4078234	0.4640253	2.656503	0.6754103	-0.1372973	2.680458	0.4286152	-0.165679	2.666839	0.7127134	-0.4468794	2.785227	0.3751004	-0.4751819	2.643658	

0.2213776	0.3718847	2.238222	0.3625643	0.2659672	2.797214	0.07588279	0.3261819	2.233235	0.3382142	0.1926183	2.820377	0.1266447	0.3736145	2.2076	0.3470491	0.2127952	2.792709	0.4362924	0.9393873	2.515574	0.4989251	0.839999	2.515356	0.5051063	0.7652503	2.536549	0.5203744	0.5330757	2.590655	0.535412	0.2117962	2.652255	0.5454161	0.6790163	2.369291	0.3903855	0.6827143	2.59097	0.5572537	0.2053516	2.567784	0.4967495	0.2123862	2.658841	0.4266179	0.4541008	2.279464	0.3708234	0.4590327	2.638512	0.6663292	-0.1231528	2.670069	0.4284081	-0.1598032	2.663451	0.7121907	-0.4486392	2.784024	0.3747044	-0.474757	2.643416	

0.1810316	0.3220534	2.21881	0.2986374	0.2565656	2.760234	0.04744285	0.2829148	2.215025	0.2744305	0.1832325	2.783303	0.08982576	0.3269623	2.178118	0.2835703	0.2034427	2.7556	0.3672236	0.9258641	2.480231	0.4341927	0.8308472	2.478527	0.4397286	0.7539086	2.49929	0.4548375	0.5161786	2.552525	0.4734699	0.1896959	2.614049	0.4935245	0.6695333	2.344116	0.3257537	0.6734739	2.554108	0.5036303	0.1807457	2.527818	0.4291631	0.192954	2.621885	0.404565	0.4353037	2.26816	0.3066167	0.4497044	2.601596	0.6409711	-0.1227742	2.654446	0.3553249	-0.1634694	2.629454	0.7049997	-0.4488337	2.7823	0.3567767	-0.4748389	2.633498	

0.1818929	0.3206845	2.218811	0.2970814	0.2562748	2.759078	0.04572627	0.2715105	2.214731	0.2728802	0.1829421	2.782146	0.08321294	0.3117568	2.186072	0.2832694	0.2033863	2.755374	0.3648784	0.9260438	2.479604	0.4326169	0.8305617	2.477374	0.4381598	0.7536514	2.498163	0.4532934	0.5160021	2.551473	0.4719598	0.18962	2.613089	0.4921018	0.6691056	2.343786	0.3241798	0.6731858	2.552954	0.5023763	0.1809897	2.527428	0.4272861	0.1924204	2.620074	0.3974487	0.4295499	2.266059	0.3050531	0.4494142	2.600441	0.6392037	-0.1232162	2.653348	0.3541411	-0.1635367	2.628422	0.7037458	-0.4487072	2.781035	0.3495367	-0.4752504	2.630508	

0.1820432	0.3129211	2.217276	0.2911294	0.2552671	2.755075	0.04985919	0.2558187	2.219765	0.2669501	0.1819361	2.77814	0.09245173	0.2978221	2.18068	0.2767585	0.2022609	2.750872	0.35985	0.9262956	2.476899	0.4265878	0.8295736	2.473382	0.4323433	0.7528012	2.494234	0.4481058	0.5155365	2.547723	0.4675567	0.1896097	2.609556	0.4871189	0.6686078	2.341326	0.3181587	0.6721882	2.548959	0.4993136	0.1812035	2.52624	0.4213552	0.1920821	2.613112	0.3961091	0.4273214	2.264905	0.2990718	0.448409	2.596442	0.6365755	-0.1230553	2.651763	0.3498593	-0.1634435	2.626356	0.7026228	-0.4484152	2.779623	0.3479806	-0.4751408	2.630032	

0.1784592	0.297082	2.215964	0.2839504	0.2547983	2.750818	0.05204748	0.2391842	2.21896	0.2597981	0.1814666	2.77388	0.09631725	0.2853688	2.1813	0.2690089	0.2016824	2.74617	0.351097	0.9263298	2.47289	0.4193131	0.8291347	2.469135	0.4248139	0.7522077	2.48994	0.4398271	0.5144471	2.543295	0.4582972	0.1877966	2.60496	0.48009	0.6666905	2.339441	0.3108949	0.6717377	2.544708	0.4903411	0.1803238	2.52428	0.4122579	0.1893666	2.60612	0.394192	0.4235393	2.26318	0.2918569	0.447946	2.592188	0.6313198	-0.1227968	2.648696	0.3419222	-0.1645231	2.621877	0.7002164	-0.4475479	2.77615	0.3463156	-0.4762734	2.629986	

0.1815492	0.2842096	2.216458	0.2753554	0.2536041	2.745387	0.05841942	0.2188622	2.223005	0.2512352	0.180274	2.768445	0.1006023	0.2664755	2.183522	0.2604879	0.2004939	2.740731	0.3407879	0.9282238	2.465313	0.4106044	0.82797	2.463719	0.4163058	0.7511005	2.48459	0.4319706	0.5135129	2.538145	0.4513605	0.187099	2.600084	0.4728315	0.6648152	2.334947	0.3021986	0.6705595	2.539288	0.483698	0.1800359	2.521237	0.4054385	0.1883321	2.599689	0.3932778	0.4201329	2.262329	0.283219	0.4467559	2.586762	0.6248674	-0.1226641	2.646302	0.3328325	-0.1632487	2.618371	0.69837	-0.4466394	2.774723	0.3448732	-0.4766797	2.628812	

0.1889276	0.2697494	2.218957	0.2648569	0.2526258	2.738112	0.07015785	0.2011293	2.223407	0.2407759	0.1792954	2.761166	0.1015677	0.2469042	2.185281	0.2500797	0.1995176	2.733448	0.3319526	0.9274035	2.460746	0.3999672	0.8270385	2.456459	0.4053118	0.7501757	2.47752	0.4198966	0.5126005	2.531645	0.4377946	0.1862105	2.594349	0.4644231	0.6653849	2.332324	0.2915762	0.6696095	2.532022	0.4709987	0.179211	2.516815	0.3914799	0.1874947	2.592954	0.3931057	0.4187286	2.261648	0.272668	0.4457864	2.579493	0.6159976	-0.1206854	2.643461	0.3254134	-0.1625843	2.614129	0.6965881	-0.4462734	2.771926	0.3410804	-0.4774676	2.626811	

0.2360998	0.231037	2.2306	0.2347738	0.242605	2.66556	0.1109048	0.1450687	2.241965	0.2107853	0.1692765	2.688604	0.1287487	0.195095	2.199384	0.2202159	0.1895267	2.660873	0.2902266	0.930986	2.435014	0.3532991	0.8262841	2.433782	0.3595926	0.7494314	2.455368	0.3798712	0.5118725	2.512299	0.4052003	0.1854589	2.57844	0.4292637	0.6631675	2.32096	0.26076	0.6858689	2.485713	0.4389352	0.178017	2.503142	0.3591338	0.1872405	2.574898	0.395758	0.4088321	2.262869	0.2424636	0.4358395	2.506945	0.5782849	-0.1246485	2.630441	0.2970721	-0.1327481	2.593529	0.6915147	-0.4459001	2.761455	0.338643	-0.4782215	2.624539	

0.2760692	0.1923595	2.25794	0.1969439	0.2458073	2.645774	0.1683369	0.09895942	2.269096	0.1731069	0.1724531	2.668806	0.1813869	0.1481964	2.226046	0.1827333	0.1926784	2.641063	0.2628485	0.9336824	2.420941	0.3236647	0.8286942	2.42627	0.3359703	0.7517191	2.446244	0.3661485	0.5141426	2.496996	0.401845	0.1884074	2.548526	0.4011273	0.6698088	2.313516	0.2224565	0.6892272	2.465924	0.4374616	0.1863369	2.475455	0.3535987	0.1843067	2.541769	0.3983137	0.4069082	2.269332	0.2044289	0.4390994	2.487165	0.5371001	-0.135873	2.597933	0.2903093	-0.1350763	2.590041	0.6857944	-0.458515	2.734456	0.3335201	-0.4794326	2.620843	

0.3021817	0.1821617	2.270075	0.1605262	0.238709	2.656292	0.2343012	0.06695587	2.304322	0.1368463	0.1653886	2.679307	0.227319	0.1122777	2.25875	0.1466726	0.185655	2.651551	0.2400701	0.9374873	2.412719	0.2981233	0.8292781	2.417613	0.2960598	0.7524153	2.435417	0.2993852	0.5143399	2.484599	0.3088135	0.1868867	2.542335	0.3840703	0.6731805	2.307462	0.185548	0.6820075	2.476537	0.3549102	0.180262	2.463039	0.2531679	0.1876965	2.542538	0.3999934	0.4097165	2.278203	0.1677986	0.4319493	2.497717	0.4940923	-0.1400891	2.558635	0.2778128	-0.1440971	2.587095	0.6735537	-0.4642207	2.71189	0.3315285	-0.4816682	2.61847	

0.3188694	0.1780205	2.278181	0.1510017	0.2377913	2.660547	0.2657589	0.05914329	2.30917	0.1273631	0.1644766	2.683558	0.2587984	0.1061697	2.272513	0.1372418	0.1847492	2.655798	0.2298001	0.9378467	2.409702	0.2903375	0.8309545	2.41632	0.2899504	0.7537335	2.435214	0.2899908	0.5155258	2.485736	0.2864224	0.1878659	2.545847	0.3762909	0.6754912	2.305846	0.1758935	0.6810611	2.480812	0.332371	0.1802618	2.468315	0.2314475	0.1896062	2.544283	0.3993953	0.4124336	2.28115	0.1582178	0.4310203	2.501979	0.4375347	-0.1440177	2.531522	0.274031	-0.1444085	2.586449	0.6348813	-0.4254299	2.672073	0.330798	-0.4811899	2.617845	

0.3694538	0.1570235	2.300623	0.08303277	0.2099552	2.607735	0.3321158	0.04481722	2.324025	0.0606575	0.1018104	2.644339	0.3195759	0.1046032	2.290774	0.09486545	0.1561856	2.609714	0.2115738	0.9388163	2.40332	0.2636673	0.8310178	2.413539	0.2599939	0.7539277	2.433737	0.2442437	0.5156465	2.486597	0.227027	0.1879407	2.548358	0.3592274	0.673728	2.303365	0.1316331	0.657416	2.499779	0.270826	0.1807765	2.470617	0.1762131	0.1892516	2.546753	0.4053006	0.4138879	2.2895	0.08605664	0.4438515	2.581327	0.3664486	-0.1563016	2.482876	0.2634926	-0.1530382	2.577767	0.59124	-0.4173479	2.621895	0.3272852	-0.4784924	2.616757	

0.4050927	0.1728	2.302684	0.03209408	0.2204576	2.570936	0.3642058	0.04589259	2.328759	0.0102789	0.1079172	2.608924	0.3460605	0.1000648	2.296455	0.03816891	0.1576872	2.583143	0.2011823	0.9384445	2.398664	0.2561275	0.8310419	2.411604	0.2538026	0.7538389	2.43188	0.2424643	0.5153465	2.485003	0.2268268	0.1872845	2.545897	0.3550246	0.6727688	2.302267	0.1270986	0.6534645	2.496976	0.2709265	0.1806315	2.469141	0.1755395	0.1878529	2.542975	0.4101267	0.4149395	2.2934	0.07514643	0.3999034	2.529592	0.3564597	-0.1660456	2.471162	0.2452817	-0.1593056	2.569743	0.5823562	-0.4259684	2.610439	0.3246843	-0.477109	2.615636	

0.4655162	0.1905507	2.316227	-0.07782459	0.2787232	2.459577	0.4478109	0.05336034	2.357219	-0.1374899	0.1668991	2.448046	0.4141853	0.1245783	2.325292	-0.0967363	0.1943129	2.452538	0.1765287	0.937533	2.389369	0.2293802	0.8263168	2.405101	0.2309602	0.7497315	2.423283	0.2303958	0.5123895	2.469791	0.2253915	0.1847144	2.513721	0.3464822	0.6696704	2.300341	0.08101545	0.6573887	2.484583	0.2735679	0.1800828	2.441871	0.1693895	0.1831305	2.505467	0.4368774	0.4232878	2.302827	0.02581793	0.4391218	2.495382	0.2557091	-0.164028	2.408905	0.2048022	-0.1843865	2.549415	0.4445641	-0.4697622	2.511912	0.3295646	-0.4276091	2.593066	

0.468708	0.1919089	2.317835	-0.09167704	0.2898282	2.432509	0.4639817	0.05824506	2.366026	-0.1751664	0.196109	2.391015	0.4301171	0.1134842	2.340105	-0.1096227	0.2348872	2.4229	0.1698834	0.9368523	2.387659	0.224641	0.8264326	2.403128	0.2235224	0.7499403	2.420497	0.2157912	0.5131822	2.463919	0.2035277	0.1871973	2.509305	0.3392533	0.6680706	2.298594	0.07716765	0.652312	2.479788	0.2566653	0.1805561	2.437441	0.1435974	0.1881571	2.501727	0.437031	0.4249162	2.303953	0.02040595	0.4396445	2.489002	0.2401107	-0.1668003	2.402108	0.1965201	-0.1787619	2.539578	0.4038463	-0.4888796	2.481089	0.2947611	-0.4337761	2.584167	

0.5261289	0.2100074	2.347344	-0.1751388	0.3428721	2.320373	0.5355612	0.09908029	2.388314	-0.2637438	0.2821714	2.245463	0.4817294	0.1480416	2.359941	-0.2228398	0.2883095	2.3103	0.1358142	0.9315737	2.377126	0.1775459	0.8199165	2.391429	0.1745208	0.7433943	2.406205	0.1677406	0.5070751	2.442264	0.1577389	0.1818222	2.480874	0.3189988	0.6671124	2.295633	0.04130075	0.639818	2.439306	0.2155632	0.1732846	2.412672	0.0960603	0.184732	2.470249	0.4578376	0.4487866	2.320294	-0.04688542	0.4648897	2.425718	0.141284	-0.1679931	2.3544	0.2383958	-0.1494874	2.53344	0.1903093	-0.5430315	2.36917	0.3364935	-0.5317489	2.571028	

0.5290515	0.2161368	2.348781	-0.2009679	0.3663837	2.279282	0.5487658	0.1067867	2.397777	-0.2931959	0.3192741	2.184191	0.4988981	0.1434713	2.364276	-0.2506441	0.3158181	2.243667	0.124144	0.9278014	2.3732	0.1717822	0.8185985	2.387722	0.1695933	0.7421066	2.402801	0.1632921	0.5055101	2.438888	0.1538854	0.1798766	2.477499	0.3150787	0.6662512	2.294876	0.04268002	0.6378775	2.442662	0.2103862	0.1715579	2.408799	0.09281127	0.1824203	2.466808	0.457519	0.450616	2.320901	-0.06596112	0.4769685	2.401036	0.1314399	-0.1708741	2.349819	0.1885352	-0.1836641	2.458303	0.1145879	-0.545952	2.33866	0.3338068	-0.5304934	2.579146	

0.5305143	0.2224365	2.351124	-0.2051746	0.3726051	2.269636	0.544759	0.1108733	2.393917	-0.2988601	0.3339087	2.158452	0.5037323	0.1514709	2.367276	-0.2988489	0.2997658	2.186333	0.1145905	0.9254107	2.368712	0.1666114	0.8163339	2.384007	0.1647207	0.7402535	2.398998	0.1586303	0.5047241	2.434628	0.1493377	0.1805292	2.472417	0.3057333	0.6659687	2.291899	0.02476547	0.6297714	2.426456	0.20747	0.1730433	2.405837	0.08598001	0.181697	2.458613	0.4550131	0.4557384	2.320529	-0.06377384	0.4552363	2.400528	0.1259628	-0.1749698	2.348629	0.1707661	-0.189044	2.420717	0.08784185	-0.5515643	2.321483	0.3195688	-0.4934531	2.573341	

0.5279877	0.2284527	2.349001	-0.2268745	0.3705243	2.200052	0.5340909	0.1122794	2.387302	-0.3421255	0.3716993	2.062894	0.4915622	0.1767267	2.365909	-0.323719	0.3239639	2.088	0.06397961	0.9006892	2.332343	0.1214652	0.7907147	2.340555	0.1195268	0.7155436	2.357022	0.1130976	0.48285	2.397325	0.1037906	0.1624801	2.44149	0.2653336	0.645812	2.262845	-0.02194659	0.6007489	2.374984	0.1666175	0.1603308	2.377534	0.03762578	0.1593301	2.425793	0.4379034	0.4610305	2.310782	-0.01862991	0.3420086	2.360802	0.0915698	-0.2135525	2.32899	0.1242539	-0.2110066	2.378074	0.02527423	-0.5719516	2.28582	0.3076519	-0.4678034	2.570569	

0.5166358	0.2282995	2.340941	-0.2315965	0.3666333	2.19367	0.5163026	0.1017598	2.377508	-0.3563232	0.3640576	2.040554	0.4738778	0.1501764	2.3456	-0.3504085	0.3178442	2.060067	0.0543785	0.9004653	2.322755	0.1098886	0.789223	2.333482	0.1086463	0.7133517	2.348721	0.1038218	0.4781052	2.384334	0.09687541	0.1525171	2.4189	0.2565138	0.6454037	2.257589	-0.03083726	0.6007917	2.367491	0.1586202	0.1566928	2.357029	0.03197114	0.1418125	2.399913	0.4244506	0.4546186	2.301348	-0.02478123	0.3423908	2.357121	0.08861217	-0.1918198	2.31942	0.1304003	-0.224988	2.338493	0.02661045	-0.5659611	2.288252	0.3220366	-0.5119693	2.585643	

0.4160517	0.190248	2.249889	-0.2812924	0.3350732	2.131999	0.4127801	0.05620741	2.297983	-0.3869637	0.3141477	1.998681	0.3791476	0.09935989	2.265483	-0.3746824	0.2688181	2.030273	-0.003744988	0.8962253	2.253807	0.04764139	0.7763131	2.270227	0.05006672	0.7000588	2.285524	0.05726338	0.4638773	2.32233	0.06684266	0.1384161	2.361719	0.1925294	0.6308249	2.194609	-0.09241187	0.5931377	2.308482	0.1276136	0.1469483	2.297579	0.00386579	0.1252209	2.346129	0.3425082	0.4210591	2.226562	-0.07870789	0.3513302	2.302144	0.05404913	-0.213199	2.282116	0.08133765	-0.2422027	2.319153	-0.003076531	-0.5883361	2.263368	0.2798464	-0.4633994	2.53689	

0.3317603	0.1498233	2.175834	-0.3176917	0.31127	2.10549	0.3292899	0.01856117	2.229092	-0.3937587	0.2499849	1.994552	0.2881064	0.06345483	2.2005	-0.3927935	0.2190058	2.024429	-0.0363966	0.8895902	2.21162	0.01951287	0.7727665	2.232353	0.02012895	0.6972983	2.251384	0.02104337	0.4632023	2.297625	0.01826034	0.1405759	2.347556	0.1549039	0.6251301	2.153616	-0.1155599	0.587009	2.282272	0.07961144	0.1415275	2.278688	-0.04502411	0.1348222	2.336205	0.2832028	0.3968227	2.165176	-0.1947086	0.4083627	2.254041	0.03906303	-0.2307492	2.248819	0.06943893	-0.2277129	2.310069	-0.005045342	-0.595319	2.262673	0.2676783	-0.4469367	2.53006	

0.143177	0.127969	2.020798	-0.3229495	0.2160154	2.142401	0.1187717	-0.02186614	2.049031	-0.3853849	0.1182813	2.06088	0.1007222	0.08836447	2.033313	-0.3584127	0.1441189	2.141833	-0.08761646	0.8929854	2.139659	-0.0319693	0.7682681	2.160597	-0.03356678	0.692862	2.177246	-0.03830088	0.4589419	2.218194	-0.04459434	0.1360968	2.263103	0.09898204	0.6132119	2.075486	-0.1816844	0.6040286	2.239814	0.01180041	0.1372566	2.189376	-0.09934092	0.1301505	2.257107	0.1675823	0.357859	2.04565	-0.2424432	0.3758366	2.223721	0.002039121	-0.2238698	2.218331	0.07436037	-0.1520771	2.395989	-0.007757383	-0.5911756	2.264445	0.2889563	-0.503358	2.556559	

0.01138111	0.1271716	1.944686	-0.3007768	0.1723193	2.193524	-0.04807495	-0.01885325	1.976787	-0.3434059	0.05056095	2.148615	0.03217941	0.07095482	2.015286	-0.3073571	0.08556908	2.1512	-0.1101596	0.8900878	2.111573	-0.05035875	0.7677003	2.123164	-0.05167452	0.6918232	2.144711	-0.05537999	0.4566782	2.197915	-0.06083327	0.1325971	2.254042	0.05639252	0.6125665	2.030507	-0.2064282	0.5845589	2.232096	-0.01030221	0.1281378	2.17059	-0.1110413	0.1303249	2.254352	0.08677724	0.3526748	1.971556	-0.2525523	0.3570657	2.228887	-0.001404729	-0.2271622	2.209153	-0.07674971	-0.1717345	2.284132	-0.01072513	-0.5865282	2.266382	0.1407481	-0.4176321	2.458831	

-0.2076615	0.2092713	1.792056	-0.3520978	0.162465	2.130056	-0.3416092	0.08787615	1.803057	-0.3955623	0.02414438	2.088283	-0.2652321	0.09558928	1.764231	-0.3591	0.05932586	2.090937	-0.1670621	0.8849704	2.050466	-0.102065	0.7682229	2.05765	-0.1055815	0.6908085	2.07655	-0.1158387	0.4503788	2.124361	-0.1292715	0.1181688	2.178292	-0.008821622	0.6022897	1.938589	-0.2625536	0.5799298	2.168346	-0.08548979	0.1127626	2.099501	-0.1682586	0.1192551	2.17749	-0.05632679	0.3541777	1.842375	-0.3071787	0.3474049	2.169914	-0.04697325	-0.2444019	2.178861	-0.2129439	-0.2183175	2.217416	-0.01282043	-0.582724	2.266347	-0.09096206	-0.5360929	2.323069	

-0.2207236	0.2211681	1.78282	-0.3533311	0.1626631	2.128496	-0.3591771	0.09835433	1.791296	-0.3967884	0.02434038	2.086724	-0.3037613	0.1043179	1.764134	-0.3593413	0.05936448	2.090628	-0.1708135	0.8840514	2.04864	-0.1033198	0.7684374	2.056084	-0.1068982	0.6910395	2.074944	-0.1173455	0.4506558	2.122632	-0.1310474	0.1185013	2.176393	-0.01039322	0.6021942	1.936624	-0.2638059	0.5801383	2.166781	-0.08743775	0.1130332	2.096151	-0.1698601	0.1196173	2.176589	-0.06855471	0.3582217	1.835285	-0.3084198	0.3476066	2.168352	-0.0463445	-0.2434091	2.176799	-0.2212356	-0.227924	2.211209	-0.01903108	-0.5783923	2.267073	-0.1003805	-0.5469838	2.307949	

-0.3433493	0.2531768	1.730124	-0.3813863	0.1577052	2.101329	-0.4869367	0.1755369	1.738884	-0.4246832	0.01938939	2.059578	-0.4166114	0.1671452	1.727846	-0.3879895	0.05460211	2.062278	-0.2079715	0.8753492	2.024172	-0.1318804	0.7636425	2.028883	-0.1357256	0.6865685	2.047574	-0.1468484	0.4470981	2.094771	-0.1613158	0.1160664	2.147857	-0.04549465	0.5956121	1.897508	-0.2922967	0.5752521	2.139564	-0.1196739	0.1112961	2.058947	-0.1969687	0.1166853	2.156053	-0.137223	0.364248	1.791391	-0.3366514	0.342665	2.14117	-0.04904384	-0.23149	2.162284	-0.2846182	-0.2496036	2.14289	-0.01885254	-0.5734053	2.266212	-0.2650326	-0.5752724	2.185836	

-0.4065742	0.2782345	1.69567	-0.4130966	0.1460521	2.078794	-0.5460624	0.2266291	1.694908	-0.456214	0.00778234	2.037062	-0.4804294	0.2093729	1.683735	-0.419278	0.04307525	2.039814	-0.2249804	0.8684999	2.005827	-0.1641839	0.7520075	2.006384	-0.1659437	0.6755296	2.026382	-0.1710217	0.4377383	2.077271	-0.1782505	0.1087323	2.134718	-0.0625856	0.5872683	1.881012	-0.3245039	0.5635532	2.117012	-0.1342206	0.1048659	2.046069	-0.2153854	0.1086917	2.14376	-0.1768622	0.3705371	1.765872	-0.3685622	0.3309812	2.118627	-0.05037301	-0.2338523	2.15192	-0.3078059	-0.259469	2.108288	-0.01912914	-0.5716425	2.265858	-0.3847432	-0.6208581	2.073835	

-0.4080174	0.2787164	1.694527	-0.417273	0.14502	2.076459	-0.549893	0.224432	1.687152	-0.4603672	0.006754391	2.03473	-0.4927927	0.2109461	1.6782	-0.4217558	0.04250862	2.038516	-0.2403559	0.8628336	1.998259	-0.1684392	0.7509788	2.004052	-0.1709856	0.6742125	2.023534	-0.1784203	0.4354414	2.072787	-0.1883567	0.1049996	2.128084	-0.07174738	0.5845929	1.877496	-0.328745	0.5625175	2.114672	-0.1437617	0.101347	2.038733	-0.2258327	0.1047723	2.137869	-0.1810885	0.3648578	1.763303	-0.3727646	0.3299465	2.11629	-0.05261824	-0.2347008	2.146387	-0.3111818	-0.2649119	2.106873	-0.02011617	-0.5704542	2.265227	-0.3898817	-0.6201205	2.068592	

-0.4200605	0.2786035	1.686154	-0.4356294	0.1411818	2.063821	-0.5721638	0.2282901	1.672201	-0.4786192	0.002928945	2.022108	-0.5120898	0.2113298	1.665758	-0.4415111	0.03825571	2.024899	-0.2618537	0.8558391	1.985471	-0.1871449	0.7471877	1.991405	-0.190139	0.6701838	2.010314	-0.1981992	0.4308392	2.058251	-0.2078723	0.09986158	2.112435	-0.09747849	0.5765471	1.860975	-0.3473907	0.5586858	2.102005	-0.1620942	0.09587558	2.02481	-0.2457577	0.1001456	2.120581	-0.2008167	0.3540958	1.75414	-0.3912376	0.3261048	2.103641	-0.05945447	-0.2338978	2.138776	-0.3193691	-0.271509	2.099987	-0.02206285	-0.5693243	2.26365	-0.3910884	-0.619488	2.066123	

-0.4406922	0.2655523	1.668523	-0.4802159	0.1348449	2.035981	-0.5944444	0.2025296	1.656875	-0.5229523	-0.003389236	1.994311	-0.5335214	0.1887449	1.648433	-0.4855038	0.03198211	1.997187	-0.2952483	0.8512601	1.960143	-0.2325944	0.7409774	1.963514	-0.2340485	0.6637649	1.982433	-0.2347593	0.4241888	2.032195	-0.2351173	0.09300457	2.088972	-0.138608	0.5701705	1.835544	-0.3926824	0.5523831	2.07407	-0.1885738	0.08854875	2.001218	-0.2726135	0.09394515	2.097477	-0.2426832	0.3439542	1.730522	-0.4361083	0.3197692	2.075765	-0.07613141	-0.2333041	2.124587	-0.343805	-0.2778616	2.079451	-0.02310649	-0.5693659	2.262803	-0.3913761	-0.6190748	2.064103	

-0.4517523	0.2506043	1.65816	-0.499254	0.1332174	2.024956	-0.6036718	0.1730998	1.647954	-0.5418822	-0.005013313	1.983307	-0.5023799	0.1893603	1.642212	-0.504289	0.03036963	1.986223	-0.3229209	0.848465	1.945176	-0.2520062	0.7394094	1.952455	-0.2519324	0.6622946	1.972368	-0.2513648	0.4225573	2.022927	-0.2493373	0.09105911	2.080664	-0.1570117	0.5698294	1.823557	-0.4120225	0.5507774	2.062995	-0.2036783	0.08670957	1.992638	-0.2854699	0.09195393	2.089485	-0.2506822	0.3368275	1.726115	-0.455268	0.318146	2.064721	-0.08635389	-0.2326364	2.117766	-0.3615141	-0.279122	2.06599	-0.02497844	-0.5688416	2.260882	-0.3945188	-0.6182654	2.060416	

-0.4850445	0.1958023	1.641765	-0.5503762	0.1338766	1.991793	-0.620607	0.1302872	1.632934	-0.5927083	-0.004373122	1.950212	-0.5425223	0.1286891	1.638352	-0.5547177	0.03100555	1.953242	-0.3807799	0.8475883	1.910766	-0.304146	0.7403322	1.919119	-0.3035794	0.6627543	1.939267	-0.3002701	0.4214531	1.991004	-0.2939274	0.0875003	2.050147	-0.2051966	0.5623066	1.791723	-0.4639666	0.5515779	2.029646	-0.2463096	0.08288714	1.964914	-0.3297206	0.0887785	2.056694	-0.2874423	0.3204182	1.705772	-0.5067219	0.3188502	2.031489	-0.1160971	-0.2275909	2.097884	-0.3977772	-0.2832459	2.041235	-0.02871452	-0.5660396	2.25327	-0.3996112	-0.6196957	2.054978	

-0.4846785	0.1829513	1.641294	-0.5716422	0.1317929	1.978645	-0.6166174	0.1002924	1.629512	-0.6265214	0.1135062	1.609577	-0.5150723	0.115211	1.644429	-0.5636649	0.08062586	1.631072	-0.3922781	0.8466458	1.900472	-0.3258456	0.7383127	1.905915	-0.3246092	0.6607782	1.926227	-0.319238	0.4195729	1.978482	-0.3101917	0.08568887	2.03832	-0.2231037	0.5601486	1.781751	-0.4855799	0.5495155	2.016429	-0.2610547	0.08114069	1.955326	-0.3474355	0.08690778	2.042112	-0.2941799	0.3128067	1.702222	-0.5281278	0.3167698	2.018314	-0.145897	-0.2371092	2.084906	-0.4079059	-0.2858109	2.034081	-0.0319669	-0.5652345	2.248325	-0.4056855	-0.619005	2.04903	

-0.4451348	0.09164177	1.663555	-0.6501275	0.1294509	1.929854	-0.5566007	-0.01253505	1.660772	-0.6496111	0.1116651	1.819534	-0.4827974	0.003642665	1.665769	-0.5871382	0.07889967	1.840878	-0.4485938	0.8468052	1.848531	-0.4059586	0.7362728	1.856819	-0.4048609	0.65717	1.876581	-0.3993613	0.4110136	1.927331	-0.3893339	0.07008048	1.985192	-0.3015346	0.5470988	1.736597	-0.5653578	0.5473128	1.967313	-0.3417594	0.06527337	1.906759	-0.4214779	0.07211901	1.985335	-0.3197156	0.2827222	1.698124	-0.6071341	0.314467	1.9694	-0.2029659	-0.2459792	2.034423	-0.4590751	-0.2684825	1.989576	-0.0657011	-0.5569069	2.201794	-0.4148625	-0.6195428	2.039001	

-0.4418403	0.0847129	1.664719	-0.6543652	0.1297596	1.927402	-0.5322207	-0.0333094	1.673679	-0.5704138	0.1135711	1.901463	-0.4597775	-0.004551229	1.670583	-0.5723983	0.1134985	1.8995	-0.482281	0.8387445	1.836321	-0.4102845	0.736602	1.854346	-0.4084572	0.6569895	1.874366	-0.4014059	0.4096063	1.925615	-0.3901109	0.06643859	1.98342	-0.3062242	0.5463169	1.73473	-0.5696647	0.5476332	1.964841	-0.3425061	0.06225846	1.905071	-0.4222374	0.0679359	1.983483	-0.3205471	0.2814856	1.698343	-0.6113997	0.3147798	1.96694	-0.2104057	-0.2549804	2.026831	-0.4601922	-0.2683607	1.988765	-0.06521783	-0.5610463	2.20234	-0.4163411	-0.6231676	2.039947	

-0.3499508	0.05424609	1.691264	-0.674167	0.1000117	1.985661	-0.3994464	-0.08198862	1.720208	-0.662685	-0.04616646	2.023998	-0.3458437	-0.04497746	1.696167	-0.6903441	-0.004025192	1.997125	-0.5381021	0.8269506	1.80605	-0.4701483	0.730445	1.823086	-0.4771701	0.6513011	1.841112	-0.4961776	0.4049598	1.886626	-0.519204	0.06368592	1.937386	-0.3571066	0.5422169	1.709875	-0.6292515	0.5413942	1.933551	-0.4619317	0.05594955	1.849588	-0.5557192	0.06887399	1.948123	-0.3196094	0.278236	1.698045	-0.6704063	0.3085331	1.935796	-0.3713997	-0.2861358	1.903894	-0.5062199	-0.293312	1.964764	-0.1536383	-0.5148962	2.101481	-0.4221255	-0.6257775	2.034063	

-0.3054496	0.04208464	1.708735	-0.7223761	0.1047594	1.938203	-0.3289929	-0.0783646	1.732798	-0.7561558	-0.03027732	1.922475	-0.2873943	-0.03738399	1.7118	-0.7632815	0.03526229	1.893143	-0.5468718	0.8254628	1.797569	-0.4810909	0.729242	1.817225	-0.4892431	0.6502044	1.833774	-0.5121627	0.4043002	1.873899	-0.5415828	0.063854	1.915093	-0.3603628	0.5418308	1.708847	-0.6363327	0.5413941	1.931258	-0.4856831	0.05794551	1.822791	-0.575844	0.06743703	1.93009	-0.3127773	0.2795592	1.703339	-0.677422	0.3085327	1.933522	-0.4005898	-0.2688168	1.837291	-0.5506976	-0.2798413	1.956076	-0.2091951	-0.5171205	2.038251	-0.4241636	-0.6246393	2.032297	

-0.2352621	0.07427047	1.741361	-0.8232065	0.1641863	1.770339	-0.2438622	-0.05987097	1.778124	-0.8920943	0.05512176	1.687145	-0.1999403	-0.003579405	1.750839	-0.8652505	0.1094903	1.668032	-0.5919496	0.8164643	1.763376	-0.5308349	0.7220768	1.790306	-0.5353068	0.6446762	1.80477	-0.5436807	0.4036819	1.842302	-0.5549812	0.06828776	1.883691	-0.3785748	0.5433784	1.700142	-0.7067795	0.5204148	1.894792	-0.4886058	0.06121486	1.813818	-0.6007859	0.07038879	1.874419	-0.2742289	0.3004853	1.722786	-0.7500998	0.3098455	1.880476	-0.4927355	-0.2883081	1.77204	-0.4644248	-0.262988	1.966663	-0.3545278	-0.6128482	1.900595	-0.4209007	-0.6398089	1.952263	

-0.2439538	0.04978558	1.763391	-0.8348445	0.1873932	1.739947	-0.2277602	-0.05332589	1.783763	-0.908718	0.08496177	1.631623	-0.1842977	0.003704248	1.753577	-0.8855539	0.1365901	1.622529	-0.5931605	0.8163	1.762427	-0.5329976	0.7215194	1.788969	-0.5373884	0.6443005	1.803467	-0.5468917	0.4038393	1.83996	-0.5588961	0.06992516	1.879311	-0.3839	0.5438448	1.698417	-0.7078576	0.5219347	1.890674	-0.4928163	0.06394032	1.807299	-0.6031755	0.0715549	1.872801	-0.2736567	0.3039291	1.723507	-0.7556219	0.3133479	1.869667	-0.5129662	-0.3008653	1.765039	-0.471795	-0.2639866	1.964275	-0.3945106	-0.6417043	1.871218	-0.3807635	-0.5610728	2.011506	

-0.1947311	0.08559745	1.75803	-0.8573643	0.2262923	1.671421	-0.1981073	-0.03930533	1.80311	-0.9390234	0.1288956	1.532847	-0.1525833	0.02812169	1.781762	-0.8995427	0.1960337	1.540882	-0.6057396	0.8120417	1.754823	-0.5477399	0.7183204	1.778525	-0.5519651	0.6405774	1.792238	-0.5625766	0.3980456	1.824453	-0.5741448	0.06101381	1.857019	-0.3964607	0.5435789	1.691918	-0.7239555	0.5125113	1.862831	-0.5046309	0.05682632	1.789772	-0.6194196	0.06283249	1.848718	-0.2666082	0.3156449	1.727177	-0.7787231	0.3270952	1.82288	-0.5614164	-0.317872	1.726013	-0.5158906	-0.2931092	1.906361	-0.4933288	-0.686478	1.774618	-0.409495	-0.6638443	2.009932	

-0.1912245	0.09318454	1.748111	-0.9239432	0.25105	1.51497	-0.1738901	-0.02362338	1.780031	-0.9716337	0.2289445	1.374099	-0.1366294	0.0405216	1.764	-0.9138587	0.2771186	1.441667	-0.6521538	0.787757	1.705272	-0.5978491	0.6968174	1.733964	-0.5949512	0.619117	1.745064	-0.5829709	0.3770592	1.770176	-0.5629475	0.0407791	1.794227	-0.4396117	0.5304614	1.655484	-0.7753928	0.4754435	1.799193	-0.48968	0.04536152	1.736003	-0.6121895	0.03447846	1.77627	-0.2833714	0.3260302	1.7124	-0.8256645	0.2991771	1.718506	-0.5944951	-0.3175237	1.694338	-0.571501	-0.3414798	1.786246	-0.6392475	-0.7393946	1.684066	-0.4298798	-0.6103876	1.99974	

-0.2169526	0.08904902	1.705316	-0.9188322	0.2654193	1.517854	-0.2017007	-0.03621348	1.745545	-0.9742365	0.2643919	1.378853	-0.1761504	0.01558129	1.70707	-0.9078668	0.2633625	1.420947	-0.6672884	0.7828119	1.678756	-0.6192632	0.6873221	1.70662	-0.6148022	0.6095929	1.720009	-0.5983592	0.3675408	1.751365	-0.5732049	0.03154387	1.782157	-0.4592803	0.5197025	1.632985	-0.7824941	0.4732706	1.743125	-0.496745	0.0369761	1.729553	-0.6260116	0.02480255	1.756756	-0.3041629	0.312469	1.685245	-0.8326844	0.2875887	1.696661	-0.5982603	-0.3265818	1.692994	-0.5728397	-0.346826	1.78483	-0.6539978	-0.6604779	1.661912	-0.430331	-0.6140103	1.999764	

-0.2672761	0.06204624	1.66217	-0.9438351	0.2554199	1.459918	-0.258233	-0.05363323	1.693957	-0.9764462	0.2503935	1.373055	-0.223145	0.01970099	1.683316	-0.9114757	0.2461769	1.385	-0.6901533	0.7765499	1.630379	-0.6484306	0.6827979	1.662772	-0.6428182	0.6026468	1.676797	-0.620947	0.3535645	1.712856	-0.5876649	0.00855115	1.750774	-0.4943456	0.5117753	1.591404	-0.8065652	0.4271976	1.706776	-0.5100241	0.01810019	1.706507	-0.6391757	-0.0008402145	1.719285	-0.346967	0.2972106	1.639722	-0.8588939	0.2476791	1.638628	-0.6166596	-0.3430367	1.674712	-0.5918368	-0.369781	1.759923	-0.6559564	-0.6647093	1.661277	-0.4366273	-0.6151441	1.990814	

-0.277094	0.06305535	1.653728	-0.9419366	0.2483716	1.449215	-0.2837857	-0.05958553	1.676888	-0.9526328	0.2268452	1.41076	-0.2468234	0.01289333	1.673625	-0.9317462	0.2311722	1.3845	-0.6935827	0.7759258	1.625466	-0.6512808	0.6832978	1.658768	-0.6454654	0.6030213	1.672906	-0.6237143	0.3533444	1.708095	-0.5901599	0.006944481	1.745076	-0.4913939	0.5124872	1.595213	-0.806335	0.4319971	1.70281	-0.5127195	0.01595767	1.700372	-0.6415631	-0.002086951	1.713964	-0.348331	0.2933205	1.637435	-0.8607539	0.254638	1.629997	-0.6199979	-0.3447969	1.670639	-0.5930161	-0.3692495	1.758896	-0.6582304	-0.6694971	1.658015	-0.4377584	-0.6149621	1.989431	

-0.3979119	-0.009494589	1.584251	-0.915294	0.2387064	1.380241	-0.3884744	-0.08194974	1.601555	-0.9755952	0.2027195	1.408205	-0.3520106	-0.03608578	1.580809	-0.966415	0.1944506	1.343134	-0.733801	0.7638676	1.568703	-0.6893389	0.6756837	1.606266	-0.6832966	0.5911299	1.621665	-0.6609058	0.3276091	1.660057	-0.6253732	-0.03865207	1.701515	-0.5269312	0.4864759	1.537304	-0.8374883	0.4320936	1.651804	-0.5477296	-0.03447376	1.661149	-0.6753616	-0.0411221	1.66691	-0.4084001	0.2495284	1.564128	-0.847881	0.2492367	1.567054	-0.6427146	-0.3484412	1.645527	-0.6068156	-0.3765227	1.743532	-0.6673642	-0.6798309	1.651383	-0.4458239	-0.6118641	1.980772	

-0.4882278	-0.04827672	1.495213	-0.930708	0.2260117	1.370365	-0.5272223	-0.1169941	1.514617	-0.9666951	0.2176745	1.278697	-0.481412	-0.09525569	1.506667	-0.9570471	0.2091567	1.214004	-0.7595862	0.7545123	1.52544	-0.7007642	0.6667719	1.559879	-0.7010348	0.5751977	1.573501	-0.697077	0.2904276	1.609336	-0.6862489	-0.1052228	1.646468	-0.54668	0.4381033	1.495271	-0.8476997	0.3943493	1.585466	-0.6032903	-0.1014767	1.603392	-0.7383911	-0.1042629	1.615939	-0.4671158	0.1824382	1.484925	-0.8978743	0.2068273	1.566417	-0.7323923	-0.3749164	1.568406	-0.6250501	-0.3902907	1.726314	-0.6741067	-0.6806843	1.646347	-0.4566095	-0.6090097	1.973867	

-0.5888911	-0.04341583	1.434988	-0.986741	0.1487664	1.38252	-0.6322212	-0.1295293	1.473708	-0.9837491	0.1168242	1.385878	-0.5672676	-0.06925854	1.517572	-0.9743094	0.1216428	1.369535	-0.7750707	0.739768	1.500831	-0.7130442	0.658203	1.538785	-0.7063038	0.5695294	1.562758	-0.6943504	0.2880805	1.609806	-0.6486169	-0.1105421	1.677705	-0.572295	0.4496391	1.468463	-0.8696566	0.3526011	1.569953	-0.5708697	-0.09809087	1.634734	-0.6967282	-0.1187989	1.646639	-0.5226635	0.1869753	1.442679	-0.9053519	0.161713	1.562589	-0.7320433	-0.3782509	1.571679	-0.6354845	-0.3983337	1.720536	-0.678699	-0.6848675	1.642843	-0.4617448	-0.6088735	1.971589	

-0.6883298	-0.04140656	1.3707	-1.029935	-0.008286132	1.470463	-0.7494515	-0.1155441	1.393182	-1.045539	-0.05787327	1.480421	-0.6887097	-0.08207325	1.452494	-1.019957	-0.03011845	1.445778	-0.6945147	0.544423	1.51018	-0.5679072	0.4921523	1.451036	-0.5793828	0.4102319	1.483684	-0.6101456	0.1550703	1.572494	-0.6464114	-0.1969509	1.679045	-0.6094916	0.4392595	1.425694	-0.7205807	0.1884946	1.48974	-0.5933409	-0.173695	1.670249	-0.6709746	-0.2115257	1.613708	-0.6084831	0.1742568	1.381955	-0.9316775	0.1399762	1.54398	-0.7028108	-0.4173356	1.582526	-0.653107	-0.3358178	1.815236	-0.685393	-0.6914763	1.63788	-0.4676779	-0.6147984	1.983493	

-0.7584999	-0.06368838	1.349184	-1.022877	-0.006178879	1.517983	-0.8233304	-0.1080024	1.395882	-1.038085	-0.07718092	1.482049	-0.7330185	-0.1023045	1.346467	-1.014369	-0.02165578	1.443095	-0.5701909	0.4362286	1.49653	-0.629236	0.3512725	1.410181	-0.6393182	0.2805597	1.452087	-0.6648899	0.06109345	1.568522	-0.6934569	-0.2399516	1.712728	-0.6704962	0.2987309	1.38461	-0.696637	0.1725115	1.408484	-0.6647538	-0.2167019	1.725045	-0.6910686	-0.2502113	1.626085	-0.6490074	0.09011548	1.358019	-0.9043023	0.1389676	1.525954	-0.7069831	-0.4569021	1.559812	-0.6210987	-0.3052979	1.848604	-0.6878251	-0.695403	1.636662	-0.468936	-0.6127945	1.999665	

-0.8192816	-0.02858669	1.284743	-0.6980563	0.2036574	1.351272	-0.8743087	-0.08000463	1.332292	-0.6186389	0.2349384	1.266669	-0.7989197	-0.08820653	1.289556	-0.5818662	0.2142973	1.343755	-0.5849352	0.4135995	1.491391	-0.6521483	0.3670507	1.379876	-0.6615002	0.2937995	1.425961	-0.6847937	0.06790457	1.552793	-0.7116061	-0.2391244	1.706373	-0.6933106	0.3144177	1.354355	-0.7194694	0.1881549	1.37828	-0.6837682	-0.2142684	1.715902	-0.7096822	-0.2525492	1.622793	-0.7039306	0.1198571	1.311785	-0.8995227	0.2447633	1.523201	-0.7037941	-0.4623502	1.558509	-0.6210159	-0.3116695	1.840735	-0.6881054	-0.695478	1.636527	-0.5213913	-0.6134309	1.938302	

-0.8768003	0.0441193	1.176052	-0.6522477	0.305244	1.255776	-0.8741052	0.001335338	1.237928	-0.601697	0.4079557	1.277691	-0.8626907	0.0006548716	1.224082	-0.6097728	0.3164138	1.286264	-0.6581239	0.3845227	1.42829	-0.6567143	0.2299773	1.42339	-0.6655488	0.1620466	1.466489	-0.6870011	-0.04769579	1.586249	-0.7098464	-0.3339685	1.735	-0.5951173	0.1910706	1.500202	-0.7237567	0.0516969	1.421158	-0.6405687	-0.3079579	1.726126	-0.7493301	-0.345961	1.671037	-0.741052	0.1363405	1.278447	-0.7825525	0.1426597	1.24894	-0.7324923	-0.4517932	1.475182	-0.5784537	-0.3017721	1.860956	-0.6879478	-0.6951014	1.636658	-0.5123659	-0.6568984	1.963092	

-0.8929002	0.1215573	1.136728	-0.6792063	0.4142835	1.258301	-0.9265012	0.0928833	1.094907	-0.6351669	0.4732467	1.29063	-0.9140967	0.09127212	1.081866	-0.6054637	0.4179283	1.315075	-0.6903347	0.3649588	1.412228	-0.6636678	0.2454316	1.420939	-0.6844265	0.1829776	1.46101	-0.7533394	-0.01548377	1.569286	-0.83141	-0.2965713	1.705216	-0.6128153	0.2711308	1.463258	-0.7307047	0.06710021	1.418778	-0.7876938	-0.2744255	1.707572	-0.8405804	-0.3064017	1.631903	-0.7583643	0.2126276	1.242284	-0.7598606	0.2426288	1.235839	-0.6518366	-0.3594522	1.436191	-0.7891232	-0.2815976	1.876477	-0.6291932	-0.7218345	1.530458	-0.6887828	-0.6334929	1.757622	

-0.8011172	0.2355917	1.25044	-0.7628959	0.4548424	1.176152	-0.8112813	0.3405384	1.158378	-0.7369341	0.4716782	1.199797	-0.7670045	0.2397346	1.22	-0.6855417	0.4479354	1.240734	-0.7430691	0.3352134	1.407141	-0.6878842	0.2356597	1.418022	-0.7187257	0.1639107	1.448137	-0.7949699	-0.05535578	1.525503	-0.8858404	-0.3516167	1.619263	-0.6340813	0.2525928	1.461634	-0.7870406	0.06456193	1.360079	-0.8395243	-0.337492	1.627823	-0.8945482	-0.3508075	1.541829	-0.7317024	0.07129087	1.324081	-0.7164488	0.315265	1.304679	-0.6090091	-0.5099078	1.545644	-0.8152382	-0.3460826	1.774283	-0.5899804	-0.7728965	1.620117	-0.7144114	-0.6976975	1.655353	

-0.7530738	0.2481573	1.30946	-0.7956576	0.444298	1.156894	-0.7095672	0.3234035	1.314952	-0.8127002	0.5028139	1.110016	-0.7349854	0.2930382	1.244826	-0.7604526	0.4786967	1.151685	-0.8014245	0.235203	1.370261	-0.7089056	0.2281063	1.410387	-0.730882	0.1602859	1.446914	-0.8054149	-0.05372003	1.543044	-0.896567	-0.3382635	1.684975	-0.6528115	0.2436423	1.454714	-0.8069167	0.01751341	1.344016	-0.8575387	-0.3231404	1.688871	-0.8986973	-0.3394659	1.611637	-0.7615306	0.05950035	1.29027	-0.7361627	0.2688141	1.288938	-0.6511464	-0.4264257	1.47809	-0.8253296	-0.3826782	1.839315	-0.6884604	-0.6879081	1.632173	-0.9471327	-0.5944369	1.539412	

-0.7785274	0.216937	1.32533	-0.7982983	0.4386992	1.158008	-0.7187096	0.2892983	1.317963	-0.8195381	0.4943941	1.110094	-0.7546311	0.2493801	1.270063	-0.7672279	0.4703642	1.15177	-0.7789743	0.266661	1.375578	-0.7245016	0.1913748	1.409774	-0.7493261	0.1150852	1.435387	-0.8142574	-0.1082169	1.501404	-0.8949214	-0.4116378	1.577999	-0.6686636	0.205165	1.45407	-0.7966372	0.02063818	1.34838	-0.8504573	-0.4006277	1.581035	-0.9010012	-0.4049813	1.507188	-0.797576	0.03028626	1.29622	-0.7259845	0.2719049	1.293218	-0.5789467	-0.5085953	1.590337	-0.8384167	-0.3748553	1.742508	-0.5549548	-0.7718163	1.663188	-0.9672773	-0.5860676	1.445106	

-0.8018717	0.2425285	1.307629	-0.8317243	0.05381387	1.329427	-0.7043967	0.3376686	1.307201	-0.9185168	-0.08912579	1.341307	-0.7142641	0.2972736	1.2815	-0.8469753	0.006830569	1.254654	-0.7883189	0.1376184	1.370144	-0.7425908	0.215235	1.389597	-0.7636523	0.137848	1.421634	-0.8217772	-0.09709182	1.502005	-0.9006622	-0.4056756	1.593876	-0.6864771	0.2297035	1.433858	-0.7294893	0.1116397	1.437702	-0.8870199	-0.3824895	1.610438	-0.8912436	-0.4043294	1.520587	-0.8178893	0.05638269	1.276503	-0.7305648	0.2919785	1.328215	-0.6638305	-0.568476	1.567161	-0.8245029	-0.3727416	1.754947	-0.6251699	-0.8209167	1.663445	-0.9678103	-0.5839015	1.464499	

-0.7721031	0.160477	1.276389	-0.8905646	-0.1878272	1.310436	-0.7356275	0.3146467	1.286991	-0.9755801	-0.2970342	1.373222	-0.7540299	0.2147272	1.25425	-0.9548171	-0.2038478	1.375098	-0.8262844	0.03840212	1.39262	-0.7713667	0.1411627	1.37064	-0.7923973	0.06754442	1.400039	-0.8502066	-0.1589543	1.47837	-0.9211226	-0.4672756	1.571326	-0.7149302	0.1559237	1.415161	-0.7544067	0.03312246	1.422682	-0.8991919	-0.4485767	1.579946	-0.903975	-0.4661651	1.495955	-0.8456752	-0.01734398	1.258327	-0.8228586	0.04241852	1.23038	-0.5989949	-0.4310301	1.570822	-0.8439082	-0.4528654	1.732634	-0.5598601	-0.6941645	1.642217	-0.9835047	-0.5886437	1.418607	

-0.8087908	0.08942274	1.270306	-0.9220839	-0.259799	1.305477	-0.7712206	0.2274463	1.293674	-0.8731201	-0.3443277	1.381076	-0.7799826	0.174959	1.2492	-0.9807188	-0.2827193	1.384	-0.8700817	-0.03422395	1.380426	-0.8088621	0.06833842	1.364223	-0.8318008	-0.006906683	1.392537	-0.8950615	-0.2376181	1.467502	-0.9729894	-0.550628	1.555976	-0.7523273	0.08343004	1.408872	-0.7916739	-0.03931778	1.4162	-0.9485459	-0.5261813	1.589422	-0.9569445	-0.5521909	1.457581	-0.8824862	-0.08898094	1.251924	-0.85973	-0.0292832	1.224025	-0.7083316	-0.6094363	1.651602	-0.8849013	-0.5244353	1.694241	-0.7083478	-0.67688	1.604557	-0.9969244	-0.6276931	1.386114	

-0.8189518	-0.002424054	1.265707	-0.9533103	-0.3529519	1.345296	-0.7922108	0.1515421	1.311366	-1.00673	-0.5141771	1.394008	-0.8084602	0.07673249	1.216625	-0.9815506	-0.4889317	1.363143	-0.8904309	-0.2060031	1.402891	-0.829544	-0.09758968	1.38749	-0.8499724	-0.1696303	1.414469	-0.9055207	-0.3889665	1.48541	-0.9732225	-0.6849155	1.568917	-0.7730688	-0.08178881	1.43219	-0.8121796	-0.20431	1.439152	-0.9446651	-0.6574866	1.60062	-0.9623646	-0.6846219	1.473497	-0.9028122	-0.2521682	1.274961	-0.8971992	-0.1161881	1.27835	-0.7119474	-0.7832463	1.682961	-0.9056655	-0.6874517	1.713151	-0.6750265	-0.5466227	1.520137	-1.016841	-0.7896096	1.408624	

-0.8671986	-0.0532244	1.264523	-0.8903458	-0.1666059	1.30502	-0.8515732	0.09279611	1.258069	-0.8387112	-0.01064216	1.253535	-0.8538799	-0.02656953	1.217455	-0.845343	-0.04793633	1.300524	-0.9186785	-0.6065338	1.455558	-0.8599548	-0.4865133	1.443061	-0.8776882	-0.5469724	1.465848	-0.9254185	-0.7278554	1.524669	-0.9834048	-0.9689249	1.593183	-0.803849	-0.4692907	1.487992	-0.84255	-0.5909832	1.494391	-0.9558238	-0.9365588	1.632132	-0.9737715	-0.9646348	1.493779	-0.9237442	-0.3048306	1.32435	-0.8690822	-0.3478089	1.378546	-0.7565544	-1.15719	1.729839	-0.9359589	-1.069382	1.767978	-0.7437317	-0.7918315	1.600635	-1.046822	-1.169531	1.464059	

-1.05306	0.04793667	1.129664	-0.9612411	-0.003876143	1.141858	-1.093418	0.1847447	1.064497	-0.9384639	0.1271546	1.066499	-1.093508	0.06451438	1.02584	-0.9436078	0.08845572	1.114704	-0.9676019	-0.361546	1.380841	-0.9052808	-0.2482778	1.367917	-0.9241899	-0.3198353	1.403068	-0.9744594	-0.5360688	1.499094	-1.03463	-0.825901	1.617106	-0.8487134	-0.2318959	1.41295	-0.8875546	-0.3541313	1.419634	-1.024035	-0.7897215	1.627815	-1.005699	-0.8305673	1.544583	-0.9543082	-0.08582328	1.263831	-0.9251756	-0.1714042	1.273747	-0.7835953	-0.9347119	1.660157	-0.9802869	-0.8353759	1.693733	-0.7217079	-0.669927	1.561474	-1.090909	-0.9366396	1.389452	

-0.8885946	-0.3021669	1.341946	-0.8673819	-0.3370999	1.382692	-0.9040121	-0.1453309	1.291433	-0.9069704	-0.1920235	1.293344	-0.8980628	-0.2602077	1.272545	-0.9106248	-0.2630387	1.354	-0.8422192	-0.7536893	1.558591	-0.7873839	-0.6305144	1.545418	-0.8026947	-0.6972699	1.570219	-0.843779	-0.8962437	1.634857	-0.8935623	-1.160522	1.710949	-0.7317855	-0.6128672	1.590115	-0.7705251	-0.7342021	1.596447	-0.8843594	-1.129568	1.678555	-0.8710973	-1.150343	1.682706	-0.8359311	-0.5458344	1.429934	-0.8450577	-0.5231702	1.443323	-0.683792	-1.299912	1.833979	-0.8691662	-1.241624	1.949914	-0.7426659	-0.6541835	1.552996	-0.9762663	-1.310755	1.566001	

-1.048611	-0.4690802	1.139277	-0.8272538	-0.3560214	1.355217	-1.080542	-0.3606929	1.06462	-0.7941346	-0.2211077	1.328202	-1.072812	-0.4735324	1.047674	-0.7986934	-0.2918196	1.38832	-0.9248756	-0.759445	1.458404	-0.8670666	-0.6356125	1.447474	-0.8815933	-0.7004333	1.468706	-0.9196352	-0.8935161	1.523005	-0.96462	-1.149901	1.58565	-0.8111199	-0.617927	1.492561	-0.8497124	-0.7392775	1.49884	-0.9477604	-1.132217	1.563892	-0.9462152	-1.125545	1.549437	-0.9340485	-0.5398703	1.307272	-0.9234107	-0.5279219	1.346101	-0.7639047	-1.303352	1.735486	-0.9457708	-1.233318	1.811141	-0.8240779	-0.6533725	1.4485	-1.053999	-1.315511	1.46894	

-0.8788889	-0.4948209	1.380428	-0.7131777	-0.3768307	1.297266	-0.9090942	-0.4286422	1.283365	-0.6903359	-0.3698935	1.259399	-0.9083543	-0.4910318	1.265	-0.6890756	-0.3656913	1.255	-0.1360123	-0.09093155	0.2105824	0	0	0	0	0	0	-0.6522668	-0.5134988	1.169255	-0.6655501	-0.5239561	1.193067	-0.7846961	-0.7312056	1.449291	-0.830067	-0.6376975	1.431916	-0.6534427	-0.5059382	1.148463	-0.6413556	-0.5133881	1.172575	-0.8881404	-0.662776	1.289847	-0.9036247	-0.4266275	1.278849	-0.7029213	-0.4648226	1.476995	-0.6923875	-0.5403464	1.497645	-0.7312334	-0.1116739	1.31638	-0.852443	-0.6723968	1.433382	

