0.4220165	0.1375286	2.797965	-0.03333934	0.1291598	2.835961	0.4190308	0.06899614	2.812865	-0.01135124	0.04727009	2.855324	0.3759952	0.1393772	2.791969	-0.03921653	0.07762581	2.821316	0.1741867	0.8641485	2.839744	0.1868026	0.7377458	2.865303	0.187343	0.6663575	2.873556	0.1884	0.4471541	2.889663	0.1892401	0.14781	2.902404	0.3374261	0.6106989	2.830699	0.03406149	0.6165875	2.870115	0.2560208	0.1446231	2.855447	0.1177644	0.147322	2.877204	0.4147325	0.3608519	2.837384	-0.03080133	0.352686	2.874873	0.2822582	-0.1795737	2.980329	0.1435084	-0.1259575	2.962947	0.2854816	-0.481071	3.044478	0.1876998	-0.4717193	3.03481	

0.4221162	0.1362708	2.797907	-0.03220648	0.1289762	2.836205	0.4214958	0.069906	2.815086	-0.0131379	0.04913868	2.848456	0.3757943	0.1238945	2.79035	-0.04106271	0.07983572	2.831438	0.1737745	0.8639271	2.83931	0.1866532	0.7377192	2.865305	0.1872146	0.6663291	2.873565	0.1883228	0.4471223	2.889686	0.1892051	0.1477727	2.902442	0.3373661	0.6109773	2.830856	0.03377259	0.6162677	2.870118	0.2559946	0.1446378	2.855478	0.1177005	0.1471656	2.877265	0.4144214	0.3597979	2.836769	-0.03081982	0.3527066	2.874793	0.2824507	-0.1790255	2.980115	0.1439624	-0.12616	2.962948	0.2893387	-0.4805186	3.045022	0.1878752	-0.4719409	3.034811	

0.4221316	0.1360101	2.798009	-0.03209298	0.1278169	2.836277	0.4202361	0.06923547	2.817922	-0.01570521	0.04852479	2.853435	0.3757896	0.1349019	2.791469	-0.04023321	0.07927796	2.827416	0.1733312	0.8639283	2.839269	0.1863439	0.7376837	2.865311	0.1869556	0.6662798	2.873588	0.1881752	0.4470396	2.889751	0.1891438	0.1476237	2.902573	0.3372172	0.6113509	2.830845	0.03357106	0.6161925	2.870123	0.2559171	0.1445516	2.855804	0.1176297	0.1469061	2.877268	0.4143321	0.3597783	2.836709	-0.03130266	0.3518139	2.874527	0.282268	-0.1790461	2.980267	0.1441843	-0.1262814	2.962952	0.2891947	-0.4804562	3.044855	0.1877497	-0.4721223	3.034813	

0.4218666	0.1356812	2.7979	-0.03255928	0.1274649	2.83654	0.4186647	0.07026239	2.814517	-0.01180761	0.04781207	2.858179	0.3749001	0.1404823	2.790408	-0.04235332	0.07607492	2.830689	0.173011	0.8638235	2.839227	0.1858739	0.7376894	2.865309	0.1865831	0.6663154	2.873584	0.188019	0.4471276	2.889742	0.1891307	0.1477955	2.902558	0.3371974	0.6115381	2.830963	0.03334336	0.6160405	2.869746	0.255917	0.1448795	2.85585	0.1176124	0.1469904	2.877219	0.4142949	0.3595958	2.836627	-0.03127112	0.351666	2.874241	0.2822048	-0.1786957	2.980271	0.144265	-0.1259852	2.962563	0.2892442	-0.4809221	3.044615	0.1878098	-0.4717873	3.034643	

0.4216602	0.1357356	2.797618	-0.03264427	0.1268084	2.836611	0.4212146	0.06986337	2.813252	-0.012687	0.04788853	2.855947	0.3756484	0.1354531	2.79129	-0.04042038	0.07855703	2.825997	0.1726551	0.863892	2.839181	0.1851952	0.7375205	2.865306	0.1859147	0.6661642	2.873592	0.1874102	0.4470329	2.889782	0.1886394	0.1477715	2.902632	0.3370931	0.6117526	2.83094	0.03311175	0.6159099	2.869421	0.2554404	0.1449635	2.856	0.1170941	0.1468599	2.877213	0.4141407	0.3597474	2.836544	-0.03142568	0.351152	2.874101	0.2819694	-0.1783238	2.980085	0.1442069	-0.1259683	2.962493	0.2867122	-0.4875771	3.043816	0.1877619	-0.4715081	3.034499	

0.421605	0.1358754	2.797763	-0.03346007	0.1266795	2.837181	0.4210867	0.06984281	2.812418	-0.01256747	0.04774516	2.853932	0.3728913	0.140856	2.792885	-0.04053038	0.07770313	2.828042	0.1723545	0.8633835	2.838914	0.1849325	0.7373416	2.865694	0.1857106	0.6660057	2.873888	0.1873434	0.4469358	2.889878	0.188656	0.1477139	2.902616	0.3370404	0.6117936	2.831014	0.03309802	0.6159245	2.869433	0.2554746	0.144871	2.856132	0.1171249	0.1467454	2.877008	0.4139624	0.3599596	2.836605	-0.03143705	0.3511479	2.874114	0.2821789	-0.177682	2.979881	0.1441618	-0.1260432	2.962509	0.286509	-0.4873855	3.043863	0.1876823	-0.4717855	3.03452	

0.4209821	0.135744	2.797923	-0.03256043	0.1270916	2.836783	0.4216402	0.0699317	2.816084	-0.01591746	0.04718611	2.855856	0.3743346	0.1142668	2.798333	-0.04103752	0.07892433	2.828494	0.1721939	0.8632356	2.838901	0.1847592	0.737303	2.86579	0.1855216	0.6659663	2.873991	0.1871247	0.4468988	2.889995	0.1884394	0.1476891	2.90273	0.3367201	0.6125185	2.831496	0.03303801	0.6159308	2.86938	0.2552629	0.1449365	2.856293	0.1168878	0.1466393	2.877089	0.4138706	0.3599221	2.836775	-0.03185292	0.3515885	2.874195	0.2823425	-0.1775568	2.979907	0.1442146	-0.1262543	2.962685	0.2841187	-0.4928494	3.04406	0.1877028	-0.4719263	3.034534	

0.420896	0.1355847	2.797851	-0.03239739	0.1254867	2.83691	0.4182909	0.0702037	2.812084	-0.001865923	0.0458453	2.860675	0.370939	0.1445518	2.793	-0.03926541	0.06497718	2.818167	0.1718525	0.8629674	2.838791	0.184004	0.7370366	2.865468	0.1849061	0.6657493	2.87375	0.1868605	0.4468037	2.889925	0.1884186	0.1476796	2.902733	0.3366206	0.6125739	2.831451	0.0326861	0.6156657	2.869444	0.2552232	0.1449662	2.85638	0.1168572	0.1465938	2.87705	0.4137954	0.3598731	2.836709	-0.03196535	0.3502145	2.873249	0.2823339	-0.177557	2.979908	0.1441826	-0.1263357	2.9628	0.2848084	-0.4919279	3.044117	0.1878294	-0.4719659	3.034544	

0.419693	0.1354646	2.798056	-0.03209334	0.1257495	2.837265	0.4187506	0.06987645	2.813916	-0.01423443	0.04729711	2.857138	0.3692774	0.1417165	2.791515	-0.04415642	0.07665845	2.833462	0.1713646	0.8628556	2.838876	0.1834981	0.7368524	2.865447	0.1843971	0.6655797	2.873749	0.1863775	0.446687	2.889986	0.1880395	0.147645	2.902863	0.3363756	0.6128991	2.831553	0.03224859	0.6151288	2.869289	0.2548676	0.1451089	2.85646	0.1164117	0.1463591	2.877258	0.4137689	0.3598786	2.836723	-0.0320823	0.3505814	2.873216	0.2812879	-0.1773398	2.980257	0.1428025	-0.1224236	2.961096	0.2841324	-0.4902247	3.043807	0.1879161	-0.4718955	3.034553	

0.4192652	0.1356711	2.79793	-0.03132318	0.1242349	2.836977	0.4219884	0.06988651	2.822501	-0.009616434	0.04715723	2.863288	0.3722893	0.1344379	2.79335	-0.0421823	0.07447873	2.826543	0.1711899	0.8627234	2.838858	0.1831986	0.7367154	2.865593	0.1840714	0.6654551	2.873897	0.1859909	0.4466114	2.890138	0.187627	0.1476577	2.903017	0.3360119	0.6131886	2.831868	0.03189291	0.6150395	2.869353	0.2545022	0.1450039	2.856768	0.1159141	0.1465095	2.877275	0.4136	0.3601882	2.836773	-0.03304673	0.3490576	2.873919	0.280872	-0.1764974	2.979991	0.1428765	-0.1230901	2.961576	0.2810148	-0.4939858	3.043392	0.1879283	-0.471896	3.034553	

0.4187017	0.1353778	2.797857	-0.03154528	0.1240857	2.837742	0.4177805	0.06961007	2.815956	-0.004855569	0.0478628	2.854227	0.3695321	0.1288456	2.792748	-0.04181322	0.07349892	2.82561	0.1711213	0.8625882	2.838787	0.1831703	0.7367023	2.86558	0.1840297	0.6654441	2.87389	0.1858869	0.4466165	2.890173	0.1874169	0.1477219	2.903169	0.3359302	0.6132163	2.832027	0.03181913	0.6150206	2.869378	0.2542999	0.1449903	2.856941	0.1157068	0.1466669	2.87741	0.4134532	0.3600083	2.836675	-0.03305252	0.3490918	2.873943	0.2810629	-0.176266	2.979855	0.1428437	-0.123162	2.961631	0.2807451	-0.4948914	3.043533	0.18775	-0.4719511	3.034701	

0.4184056	0.1347334	2.797798	-0.031443	0.1238546	2.837826	0.417742	0.06863705	2.815747	-0.002611835	0.04793256	2.858511	0.3684501	0.1232721	2.792471	-0.04032677	0.07228805	2.822577	0.1706395	0.8627169	2.838678	0.1830073	0.7368417	2.865691	0.1838447	0.6655554	2.873996	0.1856306	0.4466478	2.89027	0.1870595	0.1476267	2.903257	0.335861	0.6133502	2.832057	0.031482	0.6138149	2.868857	0.2540198	0.144854	2.857042	0.1152958	0.1466333	2.877471	0.4132883	0.3594813	2.836305	-0.03411311	0.3488861	2.874377	0.2811342	-0.17601	2.979739	0.1427731	-0.123277	2.961869	0.2817476	-0.4894674	3.04254	0.186513	-0.4709448	3.034718	

0.4183714	0.1345339	2.797763	-0.03151484	0.1234142	2.83777	0.4176031	0.06958039	2.81483	-0.005991593	0.0479417	2.859082	0.367962	0.1421314	2.791001	-0.04135901	0.06963429	2.832096	0.1705821	0.8623636	2.838121	0.1828568	0.7368913	2.865665	0.1837093	0.6656037	2.873976	0.1855491	0.4466902	2.890265	0.1870402	0.1476613	2.903262	0.3358725	0.6134179	2.832076	0.0314699	0.6142744	2.868973	0.2539895	0.1448513	2.857178	0.1152565	0.1468013	2.87734	0.4132375	0.359378	2.83626	-0.03424428	0.3485282	2.874418	0.2801767	-0.1756794	2.980106	0.1435681	-0.1243642	2.962751	0.2824609	-0.4898063	3.042531	0.1861888	-0.4707048	3.034723	

0.418483	0.1345726	2.79725	-0.03120383	0.1234349	2.837616	0.4190004	0.06903218	2.809507	-0.009348361	0.04574061	2.862734	0.3691133	0.1372317	2.791488	-0.0412984	0.07130928	2.828838	0.1706326	0.8620974	2.837826	0.182891	0.7368544	2.865651	0.1837475	0.6655608	2.873972	0.185619	0.4466147	2.890301	0.1872189	0.1475139	2.903408	0.3358893	0.6134254	2.832031	0.03136078	0.6137371	2.868886	0.254255	0.1446527	2.857448	0.1153799	0.1466967	2.877397	0.4131288	0.3594139	2.836217	-0.03422723	0.3485882	2.874432	0.2806408	-0.1758485	2.979925	0.1436196	-0.1247462	2.962946	0.2821389	-0.4935491	3.042512	0.1862047	-0.4701924	3.034526	

0.4185702	0.1342903	2.797522	-0.03165442	0.1233176	2.838254	0.4190237	0.06899499	2.812855	0.007310676	0.0487963	2.854057	0.3685116	0.1369133	2.791418	-0.04103134	0.07407085	2.827313	0.1706679	0.8620443	2.837819	0.182913	0.7367427	2.865733	0.1837821	0.6654728	2.87403	0.1856985	0.4465687	2.890315	0.1874968	0.1475235	2.903343	0.3358814	0.6133789	2.831978	0.03126514	0.614001	2.869463	0.2545006	0.1446356	2.857382	0.1157153	0.1467389	2.877321	0.413046	0.3592451	2.836011	-0.03410358	0.3486075	2.874452	0.2806029	-0.175689	2.979827	0.1436869	-0.1249959	2.963091	0.282338	-0.495113	3.042852	0.1862201	-0.4703721	3.03454	

0.419304	0.1342543	2.797616	-0.03135636	0.1237238	2.838117	0.4233929	0.06921388	2.816789	-0.007061446	0.05018231	2.858081	0.3694271	0.1378254	2.790575	-0.03959014	0.0816083	2.833637	0.1711525	0.861952	2.83771	0.1833802	0.7368884	2.865684	0.1843238	0.6656228	2.873975	0.1865402	0.4467399	2.890231	0.1889221	0.1477396	2.903201	0.3365315	0.6134767	2.83157	0.03158908	0.6143011	2.869991	0.255795	0.1448303	2.857223	0.1172883	0.1469774	2.87718	0.4132436	0.3592725	2.83582	-0.03353179	0.3490158	2.874739	0.2805429	-0.1757551	2.979575	0.1436791	-0.1258537	2.962503	0.2835808	-0.4925383	3.043713	0.1852845	-0.4738086	3.033544	

0.4201503	0.1340068	2.795999	-0.03090446	0.1239493	2.839641	0.4212939	0.06330341	2.818876	-0.009443341	0.04988539	2.868805	0.3694804	0.1359523	2.790302	-0.04141361	0.07539039	2.8424	0.1720035	0.8619461	2.836985	0.1845257	0.7369476	2.864976	0.1851374	0.6656694	2.873478	0.1867033	0.4467594	2.890138	0.1888505	0.1477574	2.903254	0.33805	0.6133057	2.829634	0.03255587	0.6149041	2.87063	0.2557149	0.1448092	2.857174	0.1171763	0.1470859	2.877477	0.4141037	0.3590038	2.834781	-0.03305236	0.3493657	2.8756	0.2808291	-0.1763757	2.977822	0.1455294	-0.1342259	2.957484	0.2846324	-0.4901502	3.043433	0.1832806	-0.4777495	3.032742	

0.4218121	0.1336018	2.790888	-0.03003496	0.1248032	2.842243	0.42024	0.06200438	2.806742	-0.00978582	0.04999904	2.869314	0.3725864	0.1278107	2.781955	-0.04254632	0.07583021	2.845462	0.1740341	0.8618317	2.835385	0.1891806	0.7370508	2.862546	0.1887078	0.6657606	2.871699	0.1877793	0.4468153	2.889755	0.1887924	0.1477895	2.903427	0.3407779	0.6128197	2.825719	0.03555634	0.6159426	2.870486	0.255652	0.1447633	2.857196	0.1171605	0.1473141	2.877997	0.4151009	0.3583165	2.832085	-0.03180461	0.3503395	2.877644	0.2841515	-0.1802645	2.97462	0.1514169	-0.1554156	2.943062	0.2879492	-0.4952612	3.042404	0.188021	-0.5208769	3.021703	

0.4220257	0.1330523	2.78813	-0.02977951	0.1280866	2.848427	0.4182619	0.06122003	2.804504	-0.005466618	0.05081836	2.875053	0.372921	0.119528	2.781556	-0.04083767	0.07660618	2.852385	0.1754026	0.8608747	2.834062	0.1902395	0.7366974	2.862054	0.1896113	0.665448	2.871364	0.1881339	0.4466396	2.889822	0.1884864	0.1475606	2.904385	0.3422496	0.6120499	2.823029	0.03781619	0.616293	2.869973	0.2554016	0.1444248	2.857443	0.1168358	0.147346	2.880189	0.4171986	0.3579157	2.82855	-0.02917606	0.3538761	2.881309	0.2864418	-0.1832143	2.972886	0.1509715	-0.1579131	2.93784	0.2913049	-0.4936173	3.042418	0.1869258	-0.5209976	3.020954	

0.4214083	0.1326917	2.783504	-0.02847593	0.129857	2.857533	0.4159985	0.06214787	2.796647	-0.008921653	0.05014609	2.880049	0.3712871	0.1315113	2.780449	-0.04270775	0.08004338	2.859066	0.1760019	0.8607913	2.833804	0.1909793	0.736269	2.861372	0.1903462	0.6650302	2.870799	0.1886471	0.4463038	2.889685	0.1885765	0.1472866	2.904746	0.3430393	0.61049	2.819799	0.039128	0.6165007	2.870305	0.2554009	0.1442232	2.857439	0.1171255	0.146941	2.881184	0.4191321	0.3574162	2.824888	-0.02687533	0.3560545	2.884675	0.2876442	-0.1832921	2.970552	0.1508136	-0.1619957	2.929121	0.2945063	-0.4916024	3.042429	0.1858804	-0.5214499	3.019943	

0.4197569	0.132651	2.774257	-0.0267612	0.1290371	2.863926	0.4133402	0.06122944	2.786075	0.008716105	0.04918511	2.892219	0.3709767	0.1198098	2.774643	-0.04125279	0.07345036	2.8668	0.1769815	0.8593621	2.833054	0.1925208	0.7354563	2.860162	0.1918112	0.6642537	2.869824	0.1896834	0.445672	2.889441	0.1889162	0.1468024	2.905301	0.343765	0.6089301	2.817109	0.04093472	0.6164182	2.870626	0.2556264	0.1436663	2.85743	0.1176805	0.1464818	2.882524	0.4209014	0.3567074	2.820115	-0.02591574	0.3552787	2.889653	0.2970127	-0.1819542	2.969669	0.1499782	-0.1688309	2.913458	0.2961625	-0.491162	3.042431	0.1840774	-0.5212449	3.017221	

0.4129617	0.13228	2.74674	-0.02278862	0.1313728	2.879635	0.4034371	0.06015323	2.755505	-0.01122711	0.04323962	2.919592	0.3666814	0.1518203	2.763727	-0.04345774	0.07565054	2.89375	0.178847	0.8567274	2.830123	0.1948949	0.7338374	2.857118	0.1939597	0.6627506	2.867352	0.1910153	0.4445527	2.888535	0.1892262	0.1460947	2.905699	0.3452935	0.6057789	2.811306	0.04314419	0.6150764	2.871392	0.2559312	0.1423535	2.856956	0.1181571	0.1459566	2.883855	0.4234923	0.3543225	2.802185	-0.02162664	0.3578089	2.898997	0.3094848	-0.1824374	2.972006	0.1332823	-0.1710084	2.865197	0.2986954	-0.4900088	3.042431	0.1803221	-0.5203449	3.012373	

0.4103884	0.1351883	2.73173	-0.02136946	0.1323801	2.893639	0.3967048	0.0628949	2.734377	-0.01129167	0.0434858	2.936215	0.3700323	0.1096305	2.742545	-0.04300274	0.0809541	2.910474	0.1795509	0.855575	2.828456	0.1973759	0.7330785	2.855215	0.1962266	0.6620367	2.865727	0.1924748	0.4439973	2.887841	0.1895202	0.1458502	2.905935	0.3461588	0.6043047	2.807132	0.04455224	0.614711	2.872206	0.2561546	0.1419034	2.856534	0.1188118	0.1458146	2.88512	0.4233963	0.3549968	2.795945	-0.01942928	0.3587826	2.906414	0.3143386	-0.1802179	2.97149	0.1307942	-0.1718297	2.85978	0.2995604	-0.4891896	3.042734	0.1664182	-0.5103914	2.993492	

0.404149	0.1362052	2.717413	-0.02093205	0.1363057	2.903765	0.3865908	0.07050148	2.714078	-0.004478464	0.04450442	2.940864	0.3934529	0.1434012	2.726111	-0.04234559	0.08724234	2.923421	0.1798039	0.8547092	2.826158	0.1983668	0.7326537	2.853776	0.19726	0.6616949	2.864318	0.1934866	0.4438901	2.886748	0.1898417	0.1459735	2.90573	0.3462495	0.6043218	2.802257	0.04571848	0.6145336	2.872466	0.2565094	0.1418533	2.855126	0.1193734	0.1462366	2.885371	0.4211547	0.3556831	2.78118	-0.0175599	0.3624917	2.914636	0.3186366	-0.1649818	2.959875	0.1295134	-0.1683632	2.851111	0.3010253	-0.4869932	3.042664	0.1636792	-0.510057	2.989178	

0.3929116	0.138733	2.695146	-0.02198895	0.1378998	2.914702	0.3736973	0.07584112	2.685352	-0.003269706	0.04377456	2.955709	0.3791365	0.1430849	2.7055	-0.03956626	0.08382671	2.937333	0.1794234	0.8541837	2.822727	0.1989192	0.7317037	2.849721	0.1977977	0.6610675	2.860827	0.1938967	0.4439673	2.884855	0.1898514	0.1464603	2.905404	0.3454863	0.6040073	2.796676	0.04630095	0.614372	2.872399	0.2559749	0.1429599	2.852971	0.1195676	0.1467288	2.885687	0.4178011	0.3550747	2.767343	-0.01663167	0.3637763	2.920481	0.3202285	-0.1669362	2.961479	0.1246193	-0.1628374	2.840367	0.3021658	-0.485306	3.04261	0.1593792	-0.5074154	2.979365	

0.336644	0.1494828	2.679361	-0.02895931	0.1419691	2.958806	0.3258264	0.08910289	2.621497	-0.003343739	0.04438918	2.997204	0.2886384	0.1341421	2.718529	-0.03311799	0.09026302	2.979928	0.1758399	0.8541356	2.815922	0.2005264	0.7310951	2.838427	0.1990709	0.6607399	2.850456	0.1942336	0.4444007	2.877478	0.1889135	0.1476754	2.902329	0.3363453	0.6056405	2.776194	0.04643366	0.6168638	2.871837	0.2525471	0.1438413	2.844719	0.1196353	0.1477497	2.885087	0.3931803	0.3669683	2.718137	-0.01394705	0.3639812	2.93288	0.3231544	-0.1503899	2.948215	0.1115498	-0.1576532	2.826568	0.3029372	-0.4839215	3.042216	0.1078542	-0.5057904	2.905762	

0.311792	0.1715253	2.584548	-0.004172277	0.1375316	2.962312	0.2708069	0.1006601	2.565207	-0.004811344	0.04609985	3.014791	0.2991461	0.09750992	2.589333	-0.02082655	0.09579729	2.99775	0.1614161	0.8482319	2.794951	0.1962129	0.7279463	2.819784	0.1953235	0.6577135	2.831786	0.1920761	0.4419068	2.85917	0.1877947	0.1467013	2.887147	0.3215339	0.6051639	2.745164	0.0432639	0.6164439	2.867321	0.2489363	0.1419117	2.827259	0.1210064	0.1476576	2.8745	0.373591	0.3729625	2.676962	-0.01205096	0.3602898	2.940326	0.3220381	-0.1501819	2.943612	0.09794012	-0.1583008	2.823232	0.3037259	-0.4822389	3.041019	0.07123949	-0.5110954	2.849085	

0.305023	0.1753912	2.573504	-0.01761995	0.1412369	2.976369	0.2529998	0.106777	2.541532	-0.01583159	0.1029985	3.02485	0.307699	0.1460031	2.547429	-0.03112491	0.1466351	2.995889	0.1564129	0.8462183	2.788914	0.1912885	0.7257577	2.811168	0.1910007	0.6556585	2.823522	0.189349	0.4402385	2.851846	0.1865501	0.1456078	2.880664	0.3181603	0.604793	2.740225	0.03823582	0.6167207	2.860302	0.2469786	0.1411444	2.820719	0.1208379	0.1463633	2.868467	0.3694268	0.374085	2.669854	-0.01173722	0.3612085	2.940425	0.3202586	-0.1509216	2.939173	0.09304875	-0.1613647	2.822188	0.3037063	-0.4819828	3.040798	0.06614427	-0.5118582	2.843843	

0.186042	0.1766267	2.466747	-0.07022367	0.1500258	2.948497	0.1297799	0.1128573	2.442153	-0.1010487	0.1905724	2.966151	0.1806796	0.1281339	2.453454	-0.1048564	0.198216	2.959	0.087963	0.8332668	2.719295	0.1250225	0.7109955	2.732297	0.1274443	0.6406618	2.744882	0.1343876	0.4245211	2.774009	0.1433656	0.1291888	2.804069	0.2414852	0.5880289	2.652852	-0.02456449	0.6064631	2.778088	0.2000944	0.129028	2.739115	0.08299425	0.1260364	2.797072	0.2781642	0.361564	2.567822	-0.04794188	0.3625295	2.890352	0.2608437	-0.1367506	2.859105	0.03796168	-0.1715881	2.77918	0.3004964	-0.4796501	3.032096	0.03646	-0.5274959	2.804083	

0.1822653	0.1777586	2.465729	-0.08444066	0.1554421	2.951809	0.1152587	0.1052829	2.438153	-0.1214777	0.2028968	2.968138	0.1482674	0.1038325	2.456875	-0.1210607	0.206258	2.958	0.08398241	0.8321841	2.716526	0.1210208	0.7106783	2.72837	0.1235602	0.6404322	2.740959	0.1308525	0.4245439	2.770094	0.1402699	0.1295297	2.800145	0.2374666	0.5870832	2.649711	-0.02990658	0.6067985	2.776099	0.1965624	0.1287713	2.735509	0.08033679	0.1269783	2.792755	0.2763305	0.362056	2.565392	-0.0525703	0.3633597	2.885263	0.2540997	-0.1389527	2.854263	0.03589091	-0.1701495	2.775761	0.2973223	-0.478489	3.027721	0.03640178	-0.5268745	2.803579	

0.1597547	0.1651215	2.453523	-0.1111288	0.1416467	2.8972	0.1028082	0.09280214	2.432801	-0.1398831	0.1759534	2.926641	0.1597131	0.1202883	2.440087	-0.1400425	0.1930542	2.902334	0.05389723	0.8299068	2.692612	0.09185882	0.7068516	2.706835	0.09344222	0.6364594	2.719182	0.09788081	0.4200905	2.747602	0.1034317	0.1243551	2.776719	0.2032371	0.5812555	2.625879	-0.06029793	0.6003072	2.758013	0.1602287	0.1226169	2.711728	0.04405633	0.122873	2.769777	0.2537214	0.3520885	2.54756	-0.09506571	0.3601185	2.859199	0.2296161	-0.1571517	2.837188	0.02471395	-0.1695141	2.759549	0.2904902	-0.4851677	3.022751	0.0355986	-0.5260534	2.802663	

0.1549207	0.1577045	2.451603	-0.1508761	0.1393777	2.867167	0.1007771	0.07226187	2.441932	-0.1731145	0.1690629	2.878133	0.1539929	0.0954466	2.447182	-0.1830782	0.1790679	2.849	0.03488896	0.8299834	2.678066	0.07013874	0.7053385	2.691262	0.07119112	0.6348414	2.702607	0.07410547	0.4181175	2.727853	0.07771799	0.1218093	2.752315	0.1857176	0.5812689	2.612835	-0.08137815	0.5998333	2.739451	0.133069	0.118233	2.685165	0.0202389	0.1220585	2.747306	0.2380339	0.351596	2.541237	-0.1164495	0.3578871	2.839847	0.1968664	-0.19066	2.812235	0.01038122	-0.1655703	2.744397	0.2830562	-0.4867819	3.01167	0.03339818	-0.5195963	2.801018	

0.1510343	0.1350809	2.448124	-0.189701	0.1295462	2.805879	0.1168717	0.04745868	2.45745	-0.1776869	0.02499927	2.824155	0.1475837	0.08266851	2.41348	-0.1900598	0.06402439	2.809455	-0.01277914	0.8267656	2.646871	0.02541147	0.7044121	2.660004	0.02176792	0.6329529	2.669945	0.01060185	0.4132602	2.691165	-0.00463091	0.1128407	2.710648	0.1439777	0.5769073	2.582632	-0.1281664	0.5913075	2.709662	0.05971089	0.107565	2.646196	-0.06880346	0.1151153	2.703054	0.2064936	0.34105	2.530982	-0.1771344	0.3525383	2.792617	0.1256887	-0.1850556	2.724415	0.001035084	-0.1735933	2.739184	0.2448135	-0.4725814	2.950608	0.02963928	-0.5176951	2.79962	

0.1614912	0.1278239	2.455896	-0.2436639	0.115113	2.740845	0.1466067	0.0311434	2.471057	-0.2496442	0.01928829	2.749294	0.1862112	0.08007044	2.446783	-0.2826187	0.06908662	2.7379	-0.03434188	0.8237219	2.626745	0.005844036	0.7007131	2.646564	0.0005900075	0.629544	2.655387	-0.01581649	0.4109002	2.672941	-0.0390556	0.1122995	2.686807	0.131457	0.574478	2.574033	-0.1536225	0.5835208	2.699419	0.02179856	0.1164888	2.618218	-0.1004777	0.1060137	2.682056	0.2050058	0.339182	2.530951	-0.2247744	0.3387689	2.741802	0.0798386	-0.2013051	2.646292	-0.05394039	-0.1695536	2.706895	0.2039978	-0.4660689	2.870549	0.027692	-0.5176813	2.799348	

0.1702988	0.1210862	2.464491	-0.2914775	0.1191333	2.682062	0.163522	0.03590246	2.483277	-0.3024527	0.03056343	2.679021	0.1997784	0.07135969	2.4534	-0.3313519	0.08823223	2.672357	-0.04976018	0.8227567	2.614293	-0.01048752	0.700009	2.633937	-0.01410648	0.6295443	2.642837	-0.02584902	0.4126511	2.660822	-0.04358815	0.1157616	2.67533	0.1186357	0.5727917	2.563225	-0.1701251	0.5819252	2.688733	0.0202937	0.1160632	2.610953	-0.1080125	0.1145083	2.666333	0.2025285	0.3368623	2.530925	-0.2441113	0.337602	2.71477	0.03874986	-0.2052158	2.605283	-0.05920959	-0.2334851	2.728298	0.1420163	-0.4894556	2.794347	0.0269507	-0.518378	2.799188	

0.1785481	0.116289	2.473721	-0.304121	0.1214107	2.664607	0.1771913	0.0309411	2.495773	-0.3272412	0.03584752	2.655948	0.2050979	0.06916298	2.462889	-0.3203712	0.07258862	2.602773	-0.05802254	0.8209012	2.607704	-0.01911271	0.6991401	2.62691	-0.02251545	0.6290822	2.635741	-0.03312145	0.4134493	2.6537	-0.0484485	0.1180857	2.668744	0.1107079	0.5720082	2.555963	-0.1764169	0.5810556	2.680464	0.01665834	0.1163653	2.604929	-0.1128887	0.1178608	2.660317	0.2011192	0.3354444	2.53091	-0.2507612	0.3377289	2.70369	0.02216982	-0.2006264	2.587503	-0.0620106	-0.2362209	2.729994	0.1053657	-0.5067593	2.769707	0.02840403	-0.5249603	2.799538	

0.1921433	0.1062934	2.494201	-0.3620481	0.1462359	2.563177	0.2050094	0.02809206	2.522138	-0.4157809	0.05757711	2.559008	0.2281951	0.06980578	2.485834	-0.3937632	0.09935151	2.489542	-0.09775311	0.8165241	2.569492	-0.06064681	0.6943186	2.59159	-0.06280641	0.6249968	2.599009	-0.0691688	0.4116995	2.612682	-0.07759242	0.1197258	2.622145	0.07402132	0.5657522	2.51822	-0.217363	0.5691773	2.641222	-0.009683736	0.117339	2.558084	-0.1433171	0.1188251	2.614197	0.1954369	0.3299454	2.530121	-0.2785627	0.3443688	2.638182	-0.0346693	-0.1888	2.521313	-0.09462664	-0.2423114	2.687607	0.01072323	-0.5526907	2.610561	0.005964565	-0.5408438	2.755196	

0.1952933	0.1019518	2.496841	-0.3640624	0.1443962	2.558132	0.2045344	0.02791761	2.531895	-0.4234077	0.0616509	2.538645	0.229011	0.07425871	2.490923	-0.4008689	0.1081109	2.4708	-0.09995683	0.815953	2.5679	-0.06363592	0.6932607	2.58797	-0.06572232	0.6240352	2.595759	-0.0718697	0.4109912	2.610408	-0.08006539	0.119284	2.620884	0.07230617	0.5654309	2.5165	-0.2203471	0.5684407	2.640737	-0.01221492	0.1177028	2.556415	-0.1458842	0.1175562	2.613228	0.1891079	0.3260361	2.527324	-0.2817685	0.3426146	2.634389	-0.03550186	-0.1885706	2.520757	-0.06180721	-0.2469883	2.651667	-0.01750193	-0.5598721	2.589017	0.03925451	-0.5439839	2.777934	

0.1975139	0.09957613	2.499295	-0.38282	0.1465801	2.517994	0.1995662	0.02217459	2.53194	-0.4472339	0.06709805	2.505895	0.225991	0.1146274	2.5021	-0.4185432	0.1093826	2.439788	-0.115537	0.8130053	2.552098	-0.07656321	0.6910728	2.569385	-0.07862698	0.6217884	2.578001	-0.08460509	0.4085801	2.595137	-0.09240112	0.1167144	2.608844	0.05777385	0.5606722	2.499151	-0.2365466	0.5636362	2.625265	-0.02470561	0.1147524	2.543258	-0.1574998	0.1154371	2.602413	0.1774195	0.3234258	2.519919	-0.2971553	0.3360943	2.612652	-0.06253536	-0.1784532	2.515248	-0.03112879	-0.2169916	2.701126	-0.07616723	-0.5563735	2.53041	0.003537443	-0.5021676	2.753625	

0.1952032	0.09507122	2.500648	-0.3857144	0.1417846	2.514513	0.1953873	0.01487216	2.531892	-0.4545067	0.06516732	2.495464	0.2139971	0.08337174	2.483931	-0.4231385	0.1074212	2.431	-0.1232903	0.8098621	2.543425	-0.08216605	0.688674	2.562038	-0.08454657	0.6193865	2.570316	-0.09150973	0.4061783	2.586478	-0.1006761	0.1143372	2.599057	0.05048623	0.558665	2.490566	-0.2435164	0.5624037	2.618516	-0.03278342	0.1141857	2.533641	-0.1658603	0.111196	2.592311	0.1677402	0.3182814	2.509988	-0.3028755	0.3349226	2.603684	-0.06562635	-0.1844772	2.510607	-0.03426603	-0.2156815	2.698905	-0.08507475	-0.5509915	2.523633	-0.000969831	-0.5012015	2.750664	

0.1524478	0.07761075	2.462389	-0.4014194	0.1234559	2.490875	0.158361	0.006949411	2.49603	-0.4641633	0.04910317	2.479954	0.1835402	0.05713107	2.445945	-0.4398721	0.08957317	2.412613	-0.1551579	0.799812	2.502917	-0.1145673	0.6767902	2.515362	-0.1171901	0.6076397	2.524812	-0.1247627	0.3947651	2.544579	-0.1346199	0.1032522	2.562111	0.0172856	0.5476528	2.445983	-0.2728075	0.5555249	2.578883	-0.0675145	0.1006851	2.495651	-0.1964848	0.1032811	2.558175	0.1334773	0.301624	2.466482	-0.3280647	0.3231567	2.572882	-0.08547293	-0.178879	2.494579	-0.05201579	-0.2108588	2.679756	-0.1098703	-0.5598013	2.503828	-0.0133408	-0.4933957	2.741011	

0.1482656	0.07430494	2.454566	-0.4049983	0.1220344	2.487163	0.1439599	-0.005880982	2.48391	-0.4666042	0.04105789	2.476063	0.1588073	0.03546749	2.422588	-0.4479647	0.0815656	2.40929	-0.1574127	0.7987247	2.499942	-0.1154073	0.6768064	2.512499	-0.1181497	0.607547	2.522066	-0.1260942	0.3943424	2.542115	-0.1365366	0.1023422	2.559887	0.01467532	0.5467818	2.442507	-0.2744861	0.5559282	2.57762	-0.06927597	0.1004224	2.49383	-0.1992989	0.1012297	2.554536	0.1280994	0.2982422	2.459797	-0.3306288	0.3218288	2.567822	-0.08841389	-0.1794281	2.490154	-0.0544083	-0.2118637	2.677703	-0.1123048	-0.554994	2.503577	-0.01688177	-0.4941544	2.74043	

0.1099791	0.05718673	2.408023	-0.4115309	0.1154257	2.481289	0.114532	-0.01078919	2.438167	-0.4715408	0.02554046	2.478074	0.1400467	0.05356329	2.394906	-0.4566984	0.07030724	2.410641	-0.1739635	0.7924874	2.475979	-0.1329558	0.6708546	2.484504	-0.1342857	0.6014804	2.49466	-0.1381791	0.3878981	2.516397	-0.143671	0.09536128	2.536113	-0.004799831	0.5403824	2.416968	-0.2889203	0.5546129	2.555737	-0.07736505	0.09323623	2.4691	-0.2058185	0.09460975	2.530902	0.09945641	0.2818964	2.419652	-0.3421992	0.318823	2.55667	-0.09520418	-0.1852687	2.474305	-0.06311318	-0.2140995	2.66366	-0.1148112	-0.5544825	2.501425	-0.01978734	-0.4923692	2.737259	

0.054961	0.06081215	2.330612	-0.4215006	0.09332403	2.479024	0.0569437	-0.01779765	2.351749	-0.4636427	0.004008183	2.49236	0.08979817	0.04795084	2.328767	-0.4618263	0.04308609	2.422482	-0.2045269	0.7925897	2.429316	-0.1600597	0.6707263	2.441004	-0.1611129	0.6004569	2.449617	-0.1637343	0.3840317	2.466914	-0.1666863	0.0874386	2.481117	-0.04108301	0.5370426	2.369775	-0.3160208	0.549298	2.504241	-0.102669	0.08479189	2.412831	-0.2258083	0.08755115	2.477502	0.059067	0.2842154	2.368875	-0.3686098	0.307726	2.530366	-0.1136933	-0.1863976	2.450642	-0.2024938	-0.1665695	2.591523	-0.1169262	-0.5546299	2.498008	-0.02258891	-0.481673	2.745203	

0.009186663	0.05642316	2.279443	-0.4249656	0.08052536	2.480433	0.001653342	-0.02810344	2.299348	-0.4513926	0.00892236	2.467367	0.04476419	0.02616045	2.271	-0.4607243	0.05625555	2.445292	-0.2117385	0.7920873	2.419089	-0.1679084	0.6694875	2.429758	-0.1710187	0.5991457	2.437431	-0.1813537	0.3824558	2.451474	-0.1984729	0.08541772	2.460515	-0.05383755	0.5349436	2.355208	-0.3213556	0.5534821	2.488044	-0.132987	0.08099982	2.39384	-0.2582086	0.08741717	2.455246	0.02940237	0.2778508	2.325916	-0.3794164	0.2979871	2.523934	-0.1149286	-0.1878266	2.438615	-0.2048085	-0.1911298	2.536791	-0.1181383	-0.5556629	2.493541	-0.03124625	-0.4866275	2.727945	

-0.005919069	0.05459753	2.260581	-0.4255517	0.08034516	2.481874	-0.02222136	-0.02180838	2.266847	-0.458364	-0.01045676	2.507421	0.01819403	0.02650188	2.238382	-0.4668802	0.04864936	2.466909	-0.2225294	0.7910413	2.408665	-0.1749547	0.6679751	2.419882	-0.1788453	0.5976021	2.427747	-0.1905393	0.3808652	2.442924	-0.206664	0.08393376	2.454562	-0.06340403	0.5315344	2.343902	-0.3278473	0.5521717	2.481564	-0.1425981	0.07836849	2.386408	-0.2648125	0.08688982	2.450673	0.02225145	0.2738151	2.314579	-0.3827696	0.2989033	2.521962	-0.1168486	-0.1894305	2.432545	-0.2082339	-0.1991153	2.53251	-0.1187905	-0.5561621	2.491381	-0.03628223	-0.4960999	2.722818	

-0.06227421	0.06088615	2.199526	-0.4247531	0.07738382	2.4896	-0.08463721	-0.02827341	2.228005	-0.4291271	-0.0226042	2.515577	-0.03414785	0.01950247	2.185176	-0.4539663	0.02020482	2.48575	-0.2402749	0.7860505	2.387615	-0.1901396	0.664133	2.400293	-0.196355	0.5938773	2.408896	-0.2158364	0.3773665	2.425867	-0.2446973	0.08058086	2.439747	-0.08160374	0.5275087	2.320031	-0.3432304	0.5475518	2.463344	-0.1809975	0.07016883	2.370143	-0.3014621	0.08836357	2.437448	-0.01071682	0.2740034	2.261458	-0.3903556	0.2985546	2.519157	-0.1315898	-0.1978786	2.426475	-0.230638	-0.2251644	2.480042	-0.1202162	-0.5569533	2.489028	-0.04846626	-0.4937187	2.698655	

-0.1314712	0.07735202	2.14621	-0.4323779	0.07880057	2.495177	-0.1672361	-0.01091836	2.131558	-0.4261118	-0.01108585	2.511329	-0.0990371	0.03253954	2.1979	-0.4391114	0.07490282	2.512625	-0.2698866	0.7769945	2.364145	-0.2142064	0.6582041	2.373323	-0.2196012	0.5875757	2.384804	-0.2352772	0.3703233	2.409996	-0.2572064	0.07342389	2.432533	-0.1087076	0.5243133	2.288995	-0.3616071	0.5482511	2.446723	-0.1946885	0.06558519	2.361068	-0.3125603	0.0789395	2.431994	-0.05860296	0.2840228	2.20868	-0.3961353	0.3002793	2.514477	-0.1473567	-0.251278	2.425411	-0.2814791	-0.2253575	2.435006	-0.1220956	-0.5577784	2.485919	-0.08293717	-0.5000478	2.632988	

-0.1782481	0.09270551	2.111699	-0.4518504	0.08568825	2.518917	-0.226883	0.005087672	2.088853	-0.4642151	-0.08413579	2.523019	-0.1548062	0.04192987	2.176125	-0.4770361	0.00222756	2.524354	-0.2796147	0.7760282	2.357756	-0.2226237	0.6584677	2.364175	-0.2273496	0.587308	2.375668	-0.2410636	0.3683702	2.401255	-0.2599301	0.06914949	2.425307	-0.1216185	0.523269	2.276546	-0.3712946	0.545601	2.428151	-0.1982649	0.06285638	2.353227	-0.3141911	0.07323978	2.425391	-0.08105897	0.2850384	2.187191	-0.4041533	0.3040808	2.510367	-0.1542561	-0.2482552	2.410926	-0.3462694	-0.2059546	2.406423	-0.1251289	-0.5575611	2.487877	-0.2169084	-0.470195	2.559841	

-0.1904625	0.09397577	2.104193	-0.4485816	0.08532459	2.520051	-0.2554726	0.009791575	2.077248	-0.4481096	-0.08122827	2.519266	-0.18072	0.04764805	2.1718	-0.4610074	0.005121209	2.520588	-0.2876791	0.774865	2.349806	-0.2310595	0.6586185	2.355885	-0.2346263	0.5873704	2.367162	-0.245194	0.3680228	2.392061	-0.2597199	0.06777433	2.414896	-0.1303522	0.5224098	2.266034	-0.3757825	0.5462519	2.425519	-0.1993674	0.06340361	2.342253	-0.312502	0.07004276	2.415383	-0.09664825	0.2901075	2.173101	-0.4081988	0.3050566	2.50941	-0.1602499	-0.2960986	2.423738	-0.3449243	-0.2225239	2.409903	-0.1254193	-0.576849	2.491291	-0.2120684	-0.5399454	2.559668	

-0.2420733	0.1054888	2.072772	-0.4438562	0.109768	2.517256	-0.308769	0.0224138	2.050831	-0.4448828	-0.0565053	2.521133	-0.2406943	0.06168643	2.040433	-0.457798	0.0297168	2.522449	-0.3041497	0.7736065	2.334834	-0.2446416	0.6590994	2.340143	-0.2489981	0.5880367	2.351801	-0.2613522	0.3690841	2.378317	-0.2769385	0.0690021	2.404565	-0.1473886	0.5205171	2.248359	-0.3821464	0.5715225	2.413935	-0.2208109	0.06546543	2.331106	-0.3252384	0.07057566	2.406352	-0.1331889	0.2914951	2.147768	-0.4148358	0.3307938	2.500356	-0.1441577	-0.2616748	2.392171	-0.3652965	-0.2408161	2.403672	-0.139816	-0.5712185	2.487053	-0.2779329	-0.5637854	2.518472	

-0.2941663	0.1036969	2.05294	-0.4629219	0.1178454	2.507634	-0.3775016	0.03521718	2.032956	-0.4620267	-0.04830447	2.513924	-0.3024534	0.0564509	2.04204	-0.4748496	0.03787585	2.515255	-0.3340893	0.7725722	2.314218	-0.2753114	0.656813	2.317127	-0.2768399	0.5854776	2.327309	-0.2818407	0.3655063	2.348496	-0.2887581	0.06332328	2.364412	-0.176673	0.5181369	2.22276	-0.4030243	0.5796092	2.402921	-0.2382465	0.0659387	2.286298	-0.3313587	0.05930616	2.369707	-0.1788273	0.2874144	2.122597	-0.4355996	0.3390389	2.489965	-0.1555495	-0.2467692	2.382059	-0.4174512	-0.2553995	2.38572	-0.1396	-0.5709102	2.484407	-0.4034918	-0.5861771	2.457587	

-0.3600354	0.0796065	2.040173	-0.5660031	0.07013988	2.460145	-0.4385206	0.008124056	2.026497	-0.5659787	-0.09572648	2.466727	-0.3362713	0.05773489	2.094333	-0.5782381	-0.009297028	2.468182	-0.4281739	0.7571055	2.276432	-0.3656138	0.644141	2.276265	-0.3639269	0.5713947	2.285502	-0.3573622	0.3471593	2.304797	-0.3469171	0.03951241	2.321596	-0.2637198	0.5021925	2.18775	-0.5076748	0.5313746	2.355012	-0.2898501	0.04784789	2.246969	-0.3932625	0.02997889	2.324951	-0.2487243	0.2675896	2.102986	-0.5395126	0.2911734	2.442291	-0.244596	-0.200405	2.334024	-0.4819454	-0.2715922	2.365914	-0.1515463	-0.5569955	2.472951	-0.5050766	-0.5907415	2.40258	

-0.3620867	0.0762368	2.038526	-0.5697087	0.07043058	2.457834	-0.4366796	0.002566348	2.023883	-0.5696681	-0.0954376	2.46442	-0.3456523	0.04660087	2.11075	-0.5798304	-0.009172173	2.467183	-0.4336132	0.7569431	2.275108	-0.3712841	0.6439767	2.274231	-0.3714067	0.5710933	2.284275	-0.3732018	0.3462031	2.307572	-0.3808149	0.0371144	2.334858	-0.2684167	0.5023643	2.185204	-0.5114297	0.5316751	2.352689	-0.3272729	0.03978948	2.261972	-0.4235241	0.03267534	2.336964	-0.253172	0.265688	2.101107	-0.5432374	0.2914675	2.439976	-0.2217607	-0.2612318	2.360799	-0.4864572	-0.2654975	2.362768	-0.1491686	-0.5776699	2.479757	-0.5055623	-0.5906926	2.402579	

-0.3642846	0.07396931	2.03649	-0.5884975	0.06742878	2.450569	-0.4370105	-0.002605039	2.021668	-0.588378	-0.09842853	2.457172	-0.359353	0.03030724	2.106	-0.600516	-0.01198418	2.458656	-0.4472489	0.7566453	2.271598	-0.3873869	0.6438063	2.268553	-0.3883695	0.5710164	2.27989	-0.3902009	0.3465473	2.306334	-0.3915318	0.03814283	2.334767	-0.2798099	0.5031773	2.179599	-0.5304625	0.5286521	2.345382	-0.3320623	0.04006882	2.261821	-0.4411766	0.0351383	2.336887	-0.2575757	0.2644527	2.099884	-0.5621205	0.2884558	2.432694	-0.2268559	-0.2618752	2.359529	-0.4948768	-0.2600138	2.357797	-0.1529882	-0.5772663	2.477328	-0.5066193	-0.5901348	2.401937	

-0.3759413	0.06010929	2.028069	-0.6456409	0.0469805	2.420893	-0.4360003	-0.02093882	2.02305	-0.6452727	-0.1188002	2.427551	-0.3561372	0.02817449	2.101834	-0.6570956	-0.03224625	2.429119	-0.5122432	0.7569176	2.254126	-0.4502307	0.6416851	2.254407	-0.4494898	0.5685183	2.266422	-0.4454471	0.3430016	2.294098	-0.4342182	0.03407418	2.323138	-0.3410138	0.5015202	2.162087	-0.5883825	0.5080351	2.315602	-0.3663963	0.0352607	2.252178	-0.4876918	0.03220613	2.323607	-0.2792037	0.2563516	2.089626	-0.6195638	0.2679329	2.402977	-0.274422	-0.2806475	2.356742	-0.5239596	-0.2411285	2.337308	-0.1733232	-0.5650491	2.464656	-0.5130274	-0.5892165	2.397563	

-0.3687726	0.0370076	2.029334	-0.7333554	0.06803738	2.367661	-0.3994018	-0.04231748	2.051933	-0.7576377	-0.04709708	2.371884	-0.4376777	0.05430767	2.0857	-0.7688569	0.00100382	2.373706	-0.6170366	0.7508303	2.22563	-0.5466086	0.6402128	2.228481	-0.550275	0.5691957	2.239367	-0.5592815	0.3502312	2.263705	-0.569211	0.04984285	2.287356	-0.4275634	0.4995741	2.136317	-0.6746294	0.5758302	2.291345	-0.504162	0.04607533	2.209253	-0.6167799	0.0520833	2.295557	-0.3333694	0.2528196	2.093053	-0.7261766	0.2927002	2.380892	-0.4756839	-0.281573	2.248597	-0.6249924	-0.2276908	2.291541	-0.2815863	-0.5285005	2.401284	-0.5337521	-0.5991271	2.3922	

-0.370196	0.03539158	2.034491	-0.7630195	0.04661049	2.360037	-0.3972518	-0.04759065	2.059009	-0.7696056	-0.05158728	2.367654	-0.4430238	0.02575881	2.084906	-0.7971526	0.01536546	2.350263	-0.6196491	0.750358	2.224687	-0.5499715	0.6398221	2.227955	-0.5535622	0.5687011	2.238774	-0.5623645	0.3494265	2.262915	-0.5720865	0.04860541	2.28629	-0.4299752	0.4996873	2.135424	-0.6797728	0.5712254	2.292056	-0.5069317	0.04535206	2.208037	-0.6197392	0.05030768	2.294655	-0.3340051	0.2522784	2.09305	-0.7347455	0.2855187	2.372547	-0.4821818	-0.2829772	2.243865	-0.5460846	-0.3265911	2.248519	-0.2894965	-0.5291045	2.398897	-0.5234756	-0.5909502	2.399177	

-0.3722665	0.02926396	2.053395	-0.8265661	0.05743466	2.305398	-0.3894027	-0.05225284	2.093284	-0.8570047	-0.02726738	2.293155	-0.4033419	0.01190294	2.06064	-0.8674065	0.04786291	2.27985	-0.6494055	0.7514049	2.211061	-0.5724167	0.641552	2.215704	-0.5770927	0.5698113	2.225172	-0.5893727	0.3483847	2.244846	-0.6042768	0.04393267	2.261184	-0.4524918	0.499293	2.123509	-0.7031193	0.5635778	2.273032	-0.5387686	0.04300444	2.181038	-0.6512031	0.04355228	2.271614	-0.3406942	0.2499126	2.095283	-0.7740707	0.2746976	2.330468	-0.5458305	-0.2993345	2.203261	-0.522333	-0.272619	2.342283	-0.4291911	-0.5760522	2.367609	-0.5248649	-0.5956182	2.400853	

-0.3749187	0.02129405	2.0646	-0.8824594	0.04153311	2.242174	-0.3916905	-0.05160074	2.102492	-0.9297644	-0.006355882	2.242057	-0.4092395	0.01878232	2.075667	-0.9147954	0.08335283	2.229067	-0.671187	0.7511477	2.197283	-0.6023974	0.6392626	2.194703	-0.6039014	0.5650373	2.206744	-0.608215	0.3375225	2.232929	-0.6160401	0.02532676	2.2556	-0.4790829	0.4988177	2.10362	-0.750118	0.5048199	2.261833	-0.5511052	0.0373579	2.172048	-0.6632929	0.001546771	2.27096	-0.3523428	0.2441937	2.097101	-0.8071091	0.2471393	2.297133	-0.6028177	-0.3001623	2.157978	-0.5670957	-0.2994803	2.340079	-0.4957429	-0.6198645	2.279278	-0.4808604	-0.579015	2.362613	

-0.3819912	0.005565883	2.069379	-0.9078261	0.04304082	2.207461	-0.4043795	-0.05775088	2.105936	-0.9715425	0.0049433	2.196085	-0.42003	0.0009760698	2.0675	-0.9358969	0.03164556	2.14048	-0.6993032	0.7472905	2.170739	-0.6272511	0.6346862	2.165757	-0.630021	0.5599409	2.177969	-0.6348627	0.3299908	2.207551	-0.6368149	0.01592612	2.239342	-0.5025881	0.4936568	2.082751	-0.7694591	0.5041776	2.249955	-0.5771597	0.0297167	2.150263	-0.6765077	-0.001367084	2.259933	-0.3768617	0.2305264	2.087987	-0.828809	0.2439111	2.275218	-0.6447998	-0.3019538	2.128388	-0.5982183	-0.3267537	2.275321	-0.6121488	-0.6354452	2.186883	-0.540741	-0.6194753	2.382826	

-0.3875487	0.001842397	2.067716	-0.9124466	0.03875477	2.201362	-0.4138086	-0.0625098	2.101423	-0.9793667	-0.0001593416	2.185247	-0.4304029	-0.0004585737	2.062	-0.9420594	0.05006045	2.140446	-0.7024614	0.7464311	2.163769	-0.6321753	0.6330938	2.160301	-0.63481	0.5583131	2.172583	-0.6400306	0.327915	2.201468	-0.643972	0.01222598	2.230927	-0.5122907	0.4903929	2.073807	-0.7792826	0.5006674	2.237804	-0.5825058	0.02761907	2.142985	-0.6854909	-0.005223666	2.250008	-0.3859324	0.226974	2.081979	-0.8362138	0.2414136	2.266671	-0.6449276	-0.2994827	2.127006	-0.5784211	-0.3432358	2.358011	-0.6336901	-0.6343529	2.1656	-0.5390539	-0.6317771	2.384226	

-0.5143772	-0.02839492	1.939992	-0.9657665	-0.01075891	2.157988	-0.5285837	-0.1018392	1.975964	-0.9986419	-0.0731568	2.175771	-0.5565454	-0.02973204	1.939929	-1.00214	0.01479853	2.141786	-0.7824833	0.7247781	2.045074	-0.7208937	0.6070947	2.039357	-0.7239215	0.5321596	2.052059	-0.7300792	0.3009945	2.082093	-0.7350487	-0.01634051	2.113313	-0.6055244	0.4557711	1.959315	-0.859836	0.4898717	2.102376	-0.6710985	-0.0008068483	2.02756	-0.7752529	-0.03131146	2.131037	-0.5023574	0.1962722	1.954771	-0.9238309	0.2089027	2.176752	-0.7025877	-0.3016437	2.041896	-0.6684275	-0.3451797	2.16728	-0.7081013	-0.6461177	2.086618	-0.541306	-0.6176707	2.383796	

-0.5436021	-0.02508435	1.889563	-0.9660104	-0.003390647	2.159034	-0.5668179	-0.1004005	1.924124	-0.9866729	-0.07067033	2.158273	-0.5844101	-0.02174371	1.8915	-1.003066	0.003764175	2.13975	-0.7918203	0.7252516	2.029375	-0.7300149	0.607725	2.02601	-0.7354889	0.5328726	2.039967	-0.7520144	0.3020833	2.072881	-0.7806791	-0.01427463	2.109877	-0.6187662	0.4558405	1.941862	-0.8672526	0.504434	2.086531	-0.7153583	-0.003983925	2.025052	-0.8215363	-0.02390261	2.127091	-0.5279924	0.1986392	1.919064	-0.9310356	0.2173602	2.155842	-0.7077323	-0.3066951	2.039977	-0.6631625	-0.3481389	2.227576	-0.7081949	-0.6459941	2.086496	-0.5502694	-0.6183311	2.375624	

-0.6208515	-0.04648072	1.802793	-0.9977841	-0.005946861	2.11478	-0.6521538	-0.1035064	1.829823	-1.031097	-0.138886	2.129424	-0.6622271	-0.05050344	1.809625	-1.047234	-0.06407148	2.11104	-0.8105709	0.7237862	1.975349	-0.7639425	0.6034293	1.972306	-0.7697176	0.5290843	1.983116	-0.784023	0.2995853	2.007538	-0.7998152	-0.01572643	2.031278	-0.65854	0.4508042	1.887414	-0.8976529	0.5020559	2.041211	-0.7375109	-0.002240956	1.949809	-0.835658	-0.0286614	2.045732	-0.5778644	0.1721907	1.84101	-0.9600885	0.2140883	2.108869	-0.7277266	-0.2937501	2.003424	-0.7028199	-0.3509888	2.172503	-0.7093871	-0.647344	2.084776	-0.5986199	-0.5726943	2.323775	

-0.8614519	-0.01137719	1.647733	-1.078823	-0.0192658	2.03715	-0.9219498	-0.06054721	1.647651	-1.03457	-0.1242538	1.972151	-0.8948454	-0.008374693	1.613163	-1.065415	-0.09787781	1.963033	-0.8875773	0.7113758	1.893469	-0.8466604	0.5902032	1.89407	-0.847296	0.5160226	1.902943	-0.8455617	0.2869232	1.921819	-0.8391317	-0.02818001	1.93845	-0.7452108	0.4372973	1.805356	-0.9800109	0.4887554	1.963022	-0.7702098	-0.02344109	1.87812	-0.8793561	-0.03195044	1.932681	-0.7404503	0.1673228	1.712789	-1.041643	0.2007505	2.031022	-0.7347397	-0.3723613	1.987591	-0.9635125	-0.3565794	1.988865	-0.7115205	-0.6509871	2.086481	-0.9288314	-0.6606896	2.073762	

-0.8746468	-0.01692345	1.642779	-1.095247	-0.02305304	2.025183	-0.9474865	-0.06882054	1.644973	-1.049899	-0.1302339	1.939568	-0.9146767	-0.02307266	1.597357	-1.04525	-0.1253735	1.93	-0.9083973	0.706738	1.881145	-0.8634127	0.5863879	1.88199	-0.8641837	0.5121691	1.892397	-0.8631705	0.282868	1.915386	-0.8588645	-0.03273207	1.936995	-0.7679024	0.4301233	1.793926	-0.9966881	0.4849375	1.950949	-0.7919463	-0.02770841	1.875852	-0.8966847	-0.03660168	1.932207	-0.755486	0.1637125	1.705295	-1.058164	0.1969479	2.019012	-0.7380884	-0.3730979	1.98625	-0.9941342	-0.3710416	1.973504	-0.7140685	-0.6533973	2.083552	-1.028786	-0.6583229	2.004364	

-0.8846748	-0.02804064	1.641978	-0.8937865	-0.01982664	1.894769	-0.951309	-0.09271338	1.645269	-0.7614536	-0.1490838	1.812314	-0.9214804	-0.04319565	1.602522	-0.7922136	-0.1309825	1.789734	-0.949877	0.6966407	1.865058	-0.9061472	0.5745656	1.862728	-0.9007717	0.5006564	1.873254	-0.8839582	0.2724477	1.897514	-0.8646814	-0.04235328	1.920187	-0.798292	0.4229589	1.781339	-1.039233	0.4731412	1.931699	-0.7958336	-0.03346569	1.86224	-0.9042702	-0.05056878	1.912028	-0.7705979	0.157297	1.699197	-1.100344	0.185247	1.999895	-0.753785	-0.3745521	1.979521	-1.018871	-0.3665822	1.960419	-0.7157691	-0.6536644	2.081547	-1.051461	-0.6577258	1.989792	

-0.8863384	-0.03787698	1.63995	-0.9101249	-0.02197885	1.896284	-0.9348331	-0.1023336	1.64972	-0.823243	-0.1065936	1.862759	-0.9238198	-0.09224504	1.6185	-0.8537732	-0.0888001	1.840256	-0.961445	0.6944597	1.86102	-0.9250202	0.5718439	1.86039	-0.92045	0.497005	1.869463	-0.902594	0.2660819	1.889307	-0.8754678	-0.05110122	1.908014	-0.8241856	0.4188016	1.774729	-1.058028	0.4704376	1.929369	-0.8066667	-0.04028121	1.852746	-0.9140357	-0.06047903	1.897618	-0.781243	0.1531346	1.696141	-1.119001	0.1825882	1.997618	-0.8027259	-0.3740875	1.967583	-1.028851	-0.3661942	1.951547	-0.7188275	-0.6515625	2.078937	-1.058572	-0.6601428	1.983755	

-0.8779699	-0.0528862	1.675262	-0.9205074	-0.02336925	1.893749	-0.9182916	-0.1018875	1.636099	-0.7733356	-0.1473538	1.827602	-0.8784055	-0.08771931	1.712818	-0.7720122	-0.1456077	1.819086	-0.9978704	0.6851003	1.852563	-0.9355913	0.5710388	1.856412	-0.9309828	0.4958501	1.865369	-0.9129959	0.2637935	1.88479	-0.8846596	-0.05505325	1.902807	-0.833304	0.4170161	1.771441	-1.068554	0.4696353	1.925399	-0.8179823	-0.04498318	1.846213	-0.9210515	-0.0634727	1.89383	-0.7856892	0.1498388	1.695375	-1.129444	0.1817975	1.993687	-0.7933313	-0.3895574	1.968912	-1.040415	-0.3589133	1.94013	-0.7179413	-0.6481916	2.075488	-1.06542	-0.6606002	1.979439	

-0.8706654	-0.06647074	1.654166	-0.9489412	-0.02287948	1.883852	-0.9430692	-0.1321571	1.728742	-0.8074054	-0.1524852	1.814754	-0.9411648	-0.05734105	1.699375	-0.8019871	-0.1517801	1.809929	-1.00709	0.6941403	1.845618	-0.9642652	0.5722604	1.845091	-0.9585254	0.495744	1.855344	-0.9374457	0.2599879	1.878234	-0.9055715	-0.06353133	1.899877	-0.8566495	0.4162832	1.759887	-1.097109	0.4708543	1.91411	-0.8384495	-0.05351057	1.843033	-0.9415504	-0.0713961	1.89165	-0.7939087	0.1411692	1.694128	-1.157778	0.1830225	1.982518	-0.8087922	-0.3976343	1.966209	-1.045794	-0.3524289	1.934401	-0.7254074	-0.6531172	2.07467	-1.072931	-0.6654386	1.975717	

-0.8768278	-0.07221863	1.658034	-0.9583469	-0.02254631	1.881108	-0.9281802	-0.1369906	1.732462	-0.8223648	-0.1582688	1.81425	-0.9374725	-0.06654287	1.699893	-0.8189375	-0.1600122	1.802	-1.022509	0.6926253	1.840746	-0.9735348	0.5728394	1.842318	-0.9676479	0.495865	1.852661	-0.9457152	0.258631	1.876057	-0.9121172	-0.06687241	1.898578	-0.8650792	0.4157234	1.755272	-1.106341	0.471434	1.911347	-0.8454748	-0.05688936	1.842541	-0.9475725	-0.07462669	1.889691	-0.7974011	0.1347202	1.694745	-1.166942	0.1836058	1.979793	-0.8464684	-0.3840551	1.950471	-1.055069	-0.3583207	1.930954	-0.7404332	-0.6476027	2.06615	-1.074935	-0.66551	1.973944	

-0.8354869	-0.06787259	1.681097	-1.00886	-0.02643252	1.867718	-0.8665682	-0.1251524	1.704388	-0.8645639	-0.1496041	1.794338	-0.8546466	-0.07964037	1.652586	-0.8640067	-0.1500472	1.782057	-1.079576	0.6849043	1.821211	-1.02463	0.5690161	1.828479	-1.021282	0.4919768	1.839882	-1.006608	0.2542821	1.866756	-0.9816203	-0.07231934	1.894452	-0.901272	0.408512	1.742922	-1.157226	0.4676394	1.897551	-0.9104217	-0.06303845	1.832022	-1.019621	-0.0791457	1.892974	-0.8043529	0.1541339	1.702456	-1.217452	0.1798892	1.966184	-0.881435	-0.4006425	1.936032	-1.076352	-0.3814414	1.929334	-0.763036	-0.6407267	2.049445	-1.079377	-0.6689835	1.974331	

-0.8342677	-0.06580241	1.692746	-1.059538	-0.0679543	1.811596	-0.8924834	-0.113269	1.733332	-0.9425853	-0.2029017	1.773991	-0.9163472	-0.06792741	1.698957	-0.9473493	-0.2144827	1.775333	-1.136085	0.6620097	1.805977	-1.049488	0.5642447	1.818186	-1.046337	0.4873384	1.82505	-1.034332	0.2497971	1.833754	-1.008263	-0.07582524	1.8363	-0.9199026	0.401788	1.73727	-1.181977	0.4628846	1.88728	-0.9328105	-0.06130498	1.776239	-1.048979	-0.08771306	1.833274	-0.8128383	0.1577625	1.708943	-1.242038	0.1644456	1.902243	-0.9407461	-0.4014985	1.906387	-1.045882	-0.3981233	1.917535	-0.7610178	-0.6511295	2.060468	-1.086223	-0.6785766	1.976439	

-0.839824	-0.06559981	1.699225	-1.308431	-0.05355753	1.889463	-0.9174889	-0.1115404	1.740304	-1.243505	-0.1570022	1.827116	-0.922923	-0.06566165	1.696454	-1.322471	-0.09814154	1.8785	-1.146347	0.6635151	1.798298	-1.064275	0.562959	1.811497	-1.059679	0.4857496	1.818298	-1.041496	0.2479134	1.829844	-1.012378	-0.07834458	1.834713	-0.9345624	0.3995092	1.733233	-1.1967	0.4616037	1.880608	-0.9368203	-0.06271235	1.774257	-1.053259	-0.09149345	1.832139	-0.8270288	0.1588572	1.712769	-1.267037	0.1657586	1.894882	-0.9543138	-0.4029897	1.896813	-1.012469	-0.3923978	1.890279	-0.8065218	-0.6251199	2.014714	-1.089721	-0.6713559	1.974034	

-0.8505822	-0.07531405	1.704621	-1.306207	-0.04000821	1.889008	-0.9284201	-0.1182757	1.743694	-1.250571	-0.1518902	1.825345	-0.9321742	-0.06850298	1.6947	-1.318692	-0.08404081	1.863	-1.148104	0.6660707	1.795061	-1.071438	0.562373	1.808691	-1.066813	0.4855655	1.81522	-1.048187	0.2487926	1.826678	-1.017921	-0.07649994	1.8325	-0.9423419	0.3982595	1.73149	-1.200395	0.4990998	1.860503	-0.9436052	-0.06098605	1.771592	-1.057474	-0.08957151	1.830427	-0.8357944	0.1489126	1.714944	-1.262248	0.2019478	1.8851	-1.02411	-0.3930247	1.865557	-0.9448406	-0.4402268	1.886686	-0.8244407	-0.5983676	1.999205	-1.092779	-0.6768785	1.974267	

-0.8628685	-0.07290374	1.707037	-1.313233	-0.07391777	1.886466	-0.952482	-0.119349	1.740956	-1.257589	-0.1734777	1.810789	-0.9466458	-0.06744784	1.69072	-1.299898	-0.1630628	1.852005	-1.162046	0.6584989	1.781357	-1.083209	0.560055	1.801133	-1.078366	0.4823766	1.808222	-1.059287	0.2428553	1.821627	-1.02925	-0.08705784	1.830462	-0.9511255	0.3987219	1.729081	-1.207272	0.4345978	1.82141	-0.949005	-0.06453961	1.767016	-1.078204	-0.1117546	1.834028	-0.8480702	0.1596549	1.715477	-1.274916	0.1449184	1.875133	-1.027253	-0.3751766	1.826566	-0.9461988	-0.455873	1.885523	-0.8657233	-0.5700519	1.971535	-1.096311	-0.6812124	1.975156	

-0.8733496	-0.07290427	1.705304	-1.322225	-0.1056799	1.885956	-0.9653988	-0.1194536	1.73476	-1.339573	-0.2255318	1.883336	-0.9559092	-0.06507316	1.680304	-1.381773	-0.2148707	1.924654	-1.177588	0.6499607	1.770379	-1.096049	0.5561966	1.79416	-1.092162	0.4787551	1.805345	-1.083106	0.2384914	1.834589	-1.068855	-0.09066403	1.879887	-0.9595653	0.3974077	1.726008	-1.217469	0.397413	1.804448	-0.9804367	-0.06472821	1.813088	-1.121577	-0.1135228	1.884141	-0.8645032	0.1571569	1.715078	-1.286874	0.1137685	1.876779	-1.037925	-0.370682	1.808404	-0.9556113	-0.4631458	1.886684	-0.8809087	-0.6170329	1.983037	-1.111055	-0.6829338	1.97989	

-0.8816608	-0.071624	1.699002	-1.322325	-0.1096669	1.878972	-0.9771877	-0.1203181	1.721476	-1.339612	-0.2295195	1.876261	-0.961447	-0.0657184	1.676231	-1.38179	-0.2180782	1.918938	-1.17782	0.6523796	1.766867	-1.102756	0.5551524	1.791544	-1.099457	0.4772821	1.803978	-1.087915	0.2366775	1.835793	-1.070028	-0.09242367	1.879737	-0.9644179	0.3965632	1.723295	-1.215457	0.3925625	1.797076	-0.9817806	-0.06751127	1.809246	-1.123801	-0.1160736	1.887543	-0.8660506	0.1524753	1.713764	-1.287133	0.1098211	1.870092	-1.042882	-0.3762236	1.802975	-1.060362	-0.383208	1.925627	-0.8957018	-0.6235083	1.971981	-1.096324	-0.671251	1.971981	

-0.89638	-0.06796511	1.681827	-1.32019	-0.1084533	1.869262	-0.9920245	-0.1263686	1.704031	-1.337238	-0.2283734	1.866349	-0.9702618	-0.07162136	1.668364	-1.379402	-0.2176879	1.907695	-1.185177	0.6472079	1.756352	-1.109358	0.5564186	1.787937	-1.105844	0.4781825	1.801178	-1.092026	0.2367655	1.834681	-1.071562	-0.09326607	1.877888	-0.9686819	0.3971955	1.720976	-1.219055	0.3979723	1.796237	-0.9835397	-0.06820911	1.805832	-1.124716	-0.1165477	1.886922	-0.8664479	0.1533615	1.713501	-1.285689	0.1112374	1.861004	-1.048137	-0.3787208	1.79825	-1.070328	-0.381656	1.935784	-0.9739822	-0.6610582	1.954907	-1.09697	-0.6749919	1.969231	

-0.8968055	-0.07247691	1.680953	-1.315235	-0.1232158	1.83612	-0.9922789	-0.133707	1.702659	-1.33198	-0.2431509	1.832832	-0.9670939	-0.06621458	1.657417	-1.374079	-0.2323636	1.874239	-1.18605	0.6522731	1.749796	-1.118006	0.5549754	1.779302	-1.11405	0.4763143	1.793302	-1.098093	0.2338981	1.828597	-1.074538	-0.09871078	1.869792	-0.9775146	0.3963687	1.715488	-1.221907	0.3893631	1.780745	-0.9846277	-0.07115714	1.802096	-1.129454	-0.1238565	1.873836	-0.8692579	0.1493709	1.710672	-1.281548	0.09667289	1.829064	-1.058925	-0.3856676	1.783829	-1.074221	-0.3833277	1.938008	-0.9928964	-0.6983008	1.920327	-1.083233	-0.6719556	1.973183	

-0.892691	-0.07235305	1.676733	-1.299039	-0.1304078	1.798656	-1.009208	-0.1680219	1.675246	-1.315723	-0.2502798	1.795841	-0.9669962	-0.06155232	1.649822	-1.357785	-0.2394264	1.837283	-1.177299	0.6547857	1.730977	-1.129701	0.5514777	1.762066	-1.124404	0.4708571	1.777328	-1.10471	0.2221746	1.814723	-1.073669	-0.1240315	1.85414	-0.9836153	0.3935498	1.706284	-1.206395	0.3801896	1.733004	-0.9804509	-0.09075995	1.802973	-1.132632	-0.1573439	1.832348	-0.8722659	0.150466	1.706217	-1.265485	0.08939648	1.790226	-1.077039	-0.3866874	1.750413	-1.084011	-0.404545	1.924104	-1.200879	-0.7187089	1.72104	-1.080387	-0.7267833	1.995247	

-0.8926641	-0.07668684	1.676693	-1.298966	-0.1305269	1.796418	-1.010654	-0.1949487	1.669216	-1.258533	-0.2118087	1.75904	-0.9727404	-0.07636693	1.650561	-1.275353	-0.1716303	1.76331	-1.174148	0.6535625	1.722524	-1.132399	0.551333	1.756188	-1.126686	0.4700499	1.771515	-1.105279	0.2194533	1.809538	-1.071509	-0.1276769	1.850498	-0.9880043	0.3887205	1.698673	-1.206546	0.3804045	1.732028	-0.9774284	-0.09587065	1.802318	-1.131236	-0.1578896	1.83019	-0.8753872	0.1469368	1.699345	-1.265475	0.08931179	1.788241	-1.077601	-0.3862345	1.748627	-1.08353	-0.4069241	1.91852	-1.208353	-0.719319	1.717568	-1.073878	-0.6911294	1.937542	

-0.8996883	-0.1154963	1.651016	-1.285149	-0.1350235	1.749294	-1.011905	-0.2059849	1.653677	-1.301628	-0.2549326	1.746143	-0.9780893	-0.1100382	1.640667	-1.318258	-0.2145065	1.750584	-1.183551	0.6670799	1.708595	-1.123813	0.546842	1.706308	-1.118549	0.4638977	1.720892	-1.097363	0.2080569	1.757689	-1.06252	-0.1433516	1.798725	-0.9933013	0.3701077	1.662726	-1.194812	0.3775789	1.689712	-0.9652085	-0.1152215	1.768622	-1.124519	-0.1642832	1.770797	-0.8852133	0.1083503	1.652995	-1.252087	0.08498926	1.741965	-1.074427	-0.3800668	1.732836	-1.08782	-0.4003308	1.914304	-1.233821	-0.7219185	1.722457	-1.084483	-0.6987193	1.964974	

-0.9064752	-0.1027388	1.600302	-1.283736	-0.1317117	1.740113	-1.041471	-0.2059033	1.603164	-1.300232	-0.2516181	1.737127	-1.022966	-0.07761337	1.557352	-1.316884	-0.2113079	1.74186	-1.196852	0.6450263	1.667624	-1.122624	0.5494894	1.69739	-1.115693	0.4650875	1.710283	-1.086428	0.2022303	1.738582	-1.032442	-0.1676295	1.76272	-0.9907904	0.359589	1.63955	-1.193086	0.380448	1.678262	-0.9396154	-0.1410338	1.722287	-1.088834	-0.188285	1.741197	-0.8964424	0.1257718	1.611582	-1.250591	0.08827525	1.732307	-1.071976	-0.382548	1.721852	-1.086117	-0.3961583	1.902297	-1.268494	-0.7064663	1.759217	-1.084098	-0.6957787	1.951655	

-1.06696	-0.09423348	1.538637	-1.270799	-0.1302255	1.701018	-1.089017	-0.2284583	1.573759	-1.287259	-0.2501366	1.698083	-1.07591	-0.1132139	1.521806	-1.303805	-0.2097063	1.702589	-1.172898	0.6577218	1.634449	-1.109815	0.5515203	1.658246	-1.100924	0.4663747	1.677639	-1.070395	0.2033054	1.724851	-1.017457	-0.1618052	1.767062	-0.9848598	0.3266962	1.590039	-1.179967	0.3819869	1.638544	-0.9264472	-0.1375571	1.723136	-1.071757	-0.1796429	1.749646	-0.916843	0.09505834	1.543842	-1.237668	0.08981214	1.693118	-1.0645	-0.3801219	1.701838	-1.281248	-0.4135649	1.69945	-1.266165	-0.7021909	1.711127	-1.514778	-0.6588233	1.674085	

-1.057538	-0.09523883	1.546274	-1.269932	-0.1315105	1.699608	-1.083948	-0.1860764	1.538148	-1.28639	-0.251416	1.69667	-1.071684	-0.09998511	1.512308	-1.303791	-0.2101837	1.702993	-1.088763	0.501515	1.618147	-1.108943	0.5502347	1.656825	-1.100151	0.4663094	1.676328	-1.067808	0.2101537	1.722953	-1.013113	-0.1193504	1.777496	-1.031306	0.5068749	1.617184	-1.17913	0.3807128	1.637205	-0.9330705	-0.08332159	1.750078	-1.060015	-0.1511076	1.745635	-0.9969928	0.2019381	1.559863	-1.236807	0.08852377	1.691722	-1.065186	-0.3809077	1.699424	-1.253283	-0.4007374	1.715774	-1.213618	-0.6850147	1.674086	-1.469941	-0.6618384	1.711677	

-1.056963	-0.09544784	1.54486	-1.271384	-0.1314633	1.701745	-1.076487	-0.193283	1.538629	-1.287841	-0.2513697	1.698801	-1.052923	-0.07859121	1.487091	-1.304203	-0.2099625	1.70375	-1.087249	0.5003535	1.617646	-1.109075	0.5497818	1.654782	-1.100386	0.4663964	1.673088	-1.068499	0.2119048	1.717673	-1.016924	-0.1243005	1.768024	-1.031436	0.5069642	1.617039	-1.180606	0.3807653	1.63941	-0.9371666	-0.09301042	1.740992	-1.06281	-0.1522358	1.732064	-0.9989259	0.2023021	1.556972	-1.238264	0.08856985	1.693874	-1.067708	-0.3837697	1.696604	-1.238088	-0.4142394	1.725326	-1.220811	-0.6930494	1.677314	-1.436308	-0.6881801	1.745298	

-1.048211	-0.04176214	1.527895	-1.266452	-0.137171	1.663851	-1.045436	-0.2046923	1.530336	-1.282833	-0.2570518	1.660948	-1.004345	-0.08386784	1.428781	-1.29929	-0.2165557	1.665531	-1.055479	0.4371736	1.595509	-1.099295	0.5416017	1.596141	-1.091247	0.4580172	1.614959	-1.06131	0.1998578	1.664745	-1.01406	-0.1551421	1.723228	-1.022978	0.5018263	1.564333	-1.175905	0.3751964	1.601521	-0.9334443	-0.1269498	1.663448	-1.060284	-0.1660098	1.726151	-1.015094	0.1930791	1.528186	-1.233429	0.08287925	1.655961	-1.050422	-0.4188094	1.681046	-1.199648	-0.5031497	1.749065	-1.068033	-0.698687	1.750471	-1.317053	-0.7626946	1.7842	

-1.037451	-0.02905196	1.511324	-1.266367	-0.1378089	1.661881	-1.041525	-0.1928561	1.526186	-1.282744	-0.2576864	1.658983	-1.004055	-0.09899091	1.422167	-1.299195	-0.2171852	1.663571	-1.047506	0.4180965	1.582483	-1.084401	0.5122134	1.57875	-1.080251	0.4346495	1.603769	-1.05806	0.1895699	1.664975	-1.015473	-0.1599181	1.733126	-1.023009	0.501592	1.563892	-1.175832	0.374552	1.599517	-0.935566	-0.1331612	1.683996	-1.060695	-0.1759285	1.728724	-1.011725	0.1940991	1.515351	-1.23335	0.08223939	1.653984	-1.052063	-0.4089486	1.674591	-1.198941	-0.5103433	1.766076	-1.206388	-0.7347248	1.695573	-1.197367	-0.794978	1.819225	

-1.040997	-0.1336181	1.518471	-0.9853899	-0.1465892	1.430869	-1.082273	-0.2724154	1.570617	-1.031895	-0.1739061	1.511835	-1.056156	-0.1634709	1.495649	-1.058134	-0.1753921	1.51551	-1.002569	0.3855835	1.587422	-1.024958	0.4978871	1.612158	-1.026305	0.4156013	1.630772	-1.029513	0.1652914	1.67746	-1.016386	-0.1740203	1.734365	-0.9483823	0.4605065	1.584655	-1.10078	0.333068	1.616433	-0.9370729	-0.1560131	1.671809	-1.060528	-0.190938	1.736596	-0.971103	0.1600737	1.504605	-0.9915113	0.07647717	1.46951	-1.054833	-0.4002749	1.667568	-1.207577	-0.5221178	1.76737	-1.238068	-0.7385612	1.700838	-1.205975	-0.8066717	1.820545	

-1.078622	-0.2553201	1.547245	-1.016611	-0.2646511	1.444239	-1.108927	-0.3982628	1.609086	-1.023171	-0.3422369	1.438561	-1.094137	-0.2761843	1.543692	-1.049308	-0.3424613	1.44253	-0.9619992	0.2466738	1.565922	-0.9857703	0.2964363	1.604836	-0.9914414	0.2276183	1.633089	-1.003099	0.0159324	1.710104	-1.012525	-0.2731389	1.804176	-0.9091153	0.2593882	1.577191	-1.061432	0.1320202	1.608588	-0.9055576	-0.2296662	1.773603	-1.084333	-0.3070967	1.77243	-0.981071	-0.02104021	1.464649	-0.9860997	-0.04391108	1.446014	-1.076826	-0.4167758	1.651857	-1.233964	-0.5565611	1.773792	-1.337524	-0.6847084	1.520245	-1.231496	-0.7931531	1.816659	

-1.066667	-0.2236	1.538798	-1.013442	-0.2654689	1.442874	-1.102874	-0.3705526	1.591107	-1.018013	-0.343418	1.434928	-1.076062	-0.2521545	1.518177	-1.046012	-0.3432076	1.440198	-0.9808245	0.3389799	1.550765	-1.004185	0.3860119	1.590379	-1.008455	0.3061598	1.618711	-1.01472	0.05651011	1.697323	-1.014424	-0.2739936	1.800155	-0.927542	0.348802	1.562824	-1.079902	0.221351	1.59438	-0.9058757	-0.2147815	1.823738	-1.096594	-0.3276909	1.694967	-0.9683631	0.05219312	1.479228	-0.9889282	-0.04361543	1.451436	-1.064176	-0.4023722	1.65562	-1.240421	-0.5626819	1.775691	-1.291553	-0.6548932	1.469058	-1.237936	-0.7992362	1.818576	

-1.055199	-0.2113859	1.517034	-1.01368	-0.2661221	1.442429	-1.095884	-0.350476	1.576	-1.018001	-0.3441041	1.434198	-1.06237	-0.2353326	1.502111	-1.045777	-0.3437124	1.439553	-0.9811242	0.3388729	1.550594	-1.004476	0.3859081	1.590213	-1.008852	0.3058896	1.618369	-1.01575	0.05598678	1.695789	-1.019391	-0.2811548	1.789096	-0.9278322	0.3486985	1.562659	-1.079974	0.2213251	1.594338	-0.9061733	-0.2179114	1.822071	-1.100264	-0.3324192	1.68781	-0.968213	0.05208414	1.478791	-0.9899103	-0.04416214	1.451849	-1.069089	-0.4060794	1.651046	-1.250903	-0.5780627	1.772371	-1.296158	-0.6525703	1.465464	-1.248372	-0.8145198	1.815298	

-1.074946	-0.2482014	1.537632	-1.026056	-0.2579008	1.459129	-1.101301	-0.383089	1.587821	-1.039532	-0.3321065	1.467079	-1.0963	-0.3247949	1.53765	-1.065675	-0.3324455	1.471016	-0.9969052	0.007519079	1.57774	-1.01992	0.06446905	1.616763	-1.026881	0.0225803	1.652833	-1.042184	-0.1054286	1.753377	-1.056752	-0.279171	1.87978	-0.9431593	0.0278952	1.589021	-1.093401	-0.09847638	1.621034	-0.9188293	-0.2022338	1.876535	-1.159327	-0.3467003	1.82056	-1.022989	-0.03035663	1.375791	-0.9748646	-0.04751997	1.41997	-1.084462	-0.4750144	1.661176	-1.285504	-0.5946112	1.78424	-1.225241	-0.6947972	1.506399	-1.282888	-0.830975	1.827255	

-1.067101	-0.2273045	1.524177	-1.029264	-0.2589373	1.460567	-1.090062	-0.3577486	1.581934	-1.042502	-0.3352859	1.469403	-1.096457	-0.3272319	1.537752	-1.069127	-0.3331643	1.473436	-0.9980176	0.009021548	1.579208	-1.021028	0.06592529	1.618232	-1.028536	0.0236433	1.654697	-1.046806	-0.1061549	1.757469	-1.068896	-0.285475	1.889143	-0.9442687	0.02934959	1.590491	-1.093678	-0.09811255	1.621402	-0.9262812	-0.1972458	1.886282	-1.183076	-0.3738421	1.83249	-1.022882	-0.02730607	1.376298	-0.9773148	-0.04951979	1.418484	-1.084648	-0.4754122	1.66108	-1.289171	-0.5953514	1.787061	-1.215129	-0.6922698	1.503153	-1.286551	-0.8317122	1.830081	

-1.067446	-0.2266183	1.522671	-1.032884	-0.2588503	1.46373	-1.087008	-0.3560847	1.582061	-1.046096	-0.3340641	1.473505	-1.081994	-0.2864417	1.520533	-1.073279	-0.3325111	1.478189	-0.998596	0.008896056	1.578973	-1.021591	0.06580337	1.618008	-1.029082	0.02419716	1.65475	-1.047225	-0.09625944	1.760547	-1.061767	-0.2371743	1.902298	-0.9448309	0.02922799	1.590267	-1.093781	-0.09823685	1.621246	-0.9078509	-0.144782	1.835549	-1.179956	-0.3191929	1.907096	-1.02423	-0.02631298	1.376102	-0.979329	-0.05120405	1.416876	-1.072005	-0.452839	1.670189	-1.291457	-0.5973188	1.786812	-1.205883	-0.6900269	1.560114	-1.288829	-0.8336677	1.829841	

-1.068351	-0.2085656	1.523368	-1.041152	-0.3057542	1.455437	-1.087264	-0.3521904	1.59098	-1.047662	-0.3831209	1.449824	-1.074273	-0.264402	1.513655	-1.07375	-0.3830935	1.45389	-1.042037	-0.007131569	1.622217	-1.064712	0.05019141	1.661474	-1.073818	0.01195396	1.70083	-1.095543	-0.1047487	1.811292	-1.118747	-0.2629325	1.951083	-0.9879674	0.01368341	1.633724	-1.13369	-0.1144172	1.664341	-0.9797814	-0.1715717	1.89789	-1.221746	-0.3456508	1.942161	-0.9994406	0.01433245	1.3965	-1.010755	-0.08535112	1.457193	-1.084957	-0.4711523	1.664214	-1.33694	-0.617497	1.831411	-1.17366	-0.7022561	1.500675	-1.33429	-0.8537461	1.874495	

-1.11554	-0.2846824	1.534891	-1.000205	-0.300508	1.377681	-1.106742	-0.3836977	1.590083	-0.9701543	-0.3301451	1.304307	-1.110656	-0.3646689	1.56	-0.9960817	-0.3302548	1.308455	-1.093059	-0.386923	1.687699	-1.116282	-0.3195119	1.728177	-1.123552	-0.3608728	1.757759	-1.139824	-0.485077	1.838723	-1.155832	-0.6514225	1.938975	-1.039518	-0.3551958	1.700277	-1.184841	-0.4824971	1.730617	-1.053919	-0.590942	1.921206	-1.222151	-0.6918377	1.897268	-1.007308	-0.09400649	1.527869	-1.079154	-0.2247848	1.58292	-1.093469	-0.4665036	1.639057	-1.387563	-0.9825049	1.897174	-1.169281	-0.3016525	1.276242	-1.385127	-1.216748	1.940513	

-1.121107	-0.2786742	1.539193	-1.075306	-0.4430017	1.480093	-1.109341	-0.3814255	1.587862	-1.082552	-0.4704911	1.548479	-1.110822	-0.3655356	1.560475	-1.112529	-0.475287	1.55781	-1.092472	-0.3870701	1.686743	-1.115696	-0.3196486	1.727224	-1.122942	-0.3608468	1.756704	-1.13908	-0.4844237	1.837216	-1.15483	-0.6494058	1.936535	-1.038931	-0.3553325	1.699324	-1.184694	-0.4825314	1.730378	-1.053161	-0.5883876	1.920784	-1.220485	-0.6902223	1.890985	-1.008588	-0.09062276	1.532332	-1.079516	-0.2339459	1.566858	-1.097842	-0.3936934	1.636765	-1.386976	-0.9826426	1.896217	-1.162302	-0.1833787	1.344438	-1.384539	-1.216884	1.939557	

-1.061534	-0.242484	1.547878	-1.015187	-0.168162	1.459455	-1.07622	-0.350603	1.617834	-1.099136	-0.2818061	1.543116	-1.101761	-0.3365531	1.552542	-1.056348	-0.1853985	1.487728	-0.988493	0.03717656	1.463566	-1.010073	0.09327534	1.503505	-1.02068	0.03410506	1.534874	-1.046734	-0.1469293	1.621172	-1.075199	-0.3927623	1.727901	-0.9331822	0.05657747	1.475923	-1.081018	-0.07146222	1.509619	-0.9322204	-0.3263232	1.706374	-1.180389	-0.4453553	1.689323	-1.125579	-0.040319	1.479679	-0.8806983	0.01155365	1.412436	-1.233311	-0.3133164	1.581668	-1.282107	-0.5759689	1.67355	-1.559691	-0.3048912	1.478875	-1.27915	-0.8124241	1.716774	

-1.097247	-0.2799957	1.557893	-1.079273	-0.2398816	1.512171	-1.127581	-0.43214	1.595936	-1.10138	-0.3139796	1.562397	-1.102672	-0.3337912	1.548	-1.098495	-0.3100482	1.547667	-1.006843	0.1749922	1.557897	-1.074911	0.2047569	1.562499	-1.084372	0.1455711	1.589331	-1.107085	-0.03613059	1.662244	-1.131181	-0.283842	1.751379	-0.9980949	0.1678991	1.53497	-1.145888	0.0398614	1.568922	-1.019322	-0.2541314	1.622177	-1.204196	-0.303796	1.820692	-0.9935875	-0.05903614	1.506479	-0.9568878	-0.06511534	1.471156	-1.140851	-0.4724171	1.67845	-1.409313	-0.5279878	1.712978	-1.336469	-0.7848022	1.79746	-1.639022	-0.7648917	1.626675	

-1.097593	-0.2865375	1.560443	-1.04479	-0.3437881	1.493964	-1.132356	-0.4393669	1.59894	-1.105704	-0.3713917	1.575591	-1.099509	-0.3044828	1.54485	-1.08496	-0.3738174	1.55108	-0.9979286	0.2516894	1.573442	-1.074807	0.2208013	1.567535	-1.084633	0.165363	1.595545	-1.108948	-0.002675209	1.6728	-1.136088	-0.2301422	1.768542	-0.9980041	0.1839157	1.540007	-1.145815	0.05586577	1.573991	-1.020489	-0.1745832	1.718262	-1.212736	-0.2777111	1.75859	-0.9938738	-0.05342134	1.508232	-1.014304	-0.1237021	1.495812	-1.103203	-0.5390586	1.672908	-1.409142	-0.518899	1.743581	-1.063237	-0.8002347	1.787459	-1.630856	-0.7731674	1.754138	

-1.097582	-0.2865416	1.560392	-1.043845	-0.3585157	1.492615	-1.132313	-0.4379153	1.598427	-1.052367	-0.4449717	1.491765	-1.100353	-0.3177351	1.545389	-1.031675	-0.4467734	1.467383	-1.008544	0.154525	1.599004	-1.073585	0.2155397	1.570217	-1.083893	0.1620128	1.597325	-1.1089	-0.00317618	1.672977	-1.136323	-0.2297459	1.767902	-0.9974691	0.1790886	1.540435	-1.145276	0.05104506	1.57441	-1.022143	-0.1910467	1.699438	-1.213625	-0.2579763	1.769644	-1.001749	-0.06399102	1.520194	-1.013367	-0.1385363	1.494474	-1.106975	-0.5543129	1.672812	-1.392673	-0.5150978	1.742513	-1.069587	-0.815805	1.787092	-1.59618	-0.7855761	1.740313	

-1.097431	-0.2865813	1.560978	-1.041592	-0.3693828	1.511157	-1.12938	-0.4365677	1.602967	-1.11197	-0.4259512	1.588042	-1.108478	-0.3343097	1.55547	-1.076617	-0.4130054	1.5914	-1.008924	0.1608812	1.588916	-1.069658	0.2047767	1.596202	-1.078817	0.1489909	1.619133	-1.10045	-0.023358	1.684173	-1.118924	-0.2689516	1.763419	-0.9947158	0.1688738	1.561069	-1.14252	0.04087729	1.595042	-1.037652	-0.267254	1.708013	-1.15811	-0.269796	1.757535	-1.004357	-0.06636734	1.525569	-1.011047	-0.1494951	1.513064	-1.107032	-0.5562713	1.673258	-1.369868	-0.4918687	1.772829	-1.071614	-0.8182358	1.786944	-1.607132	-0.7262461	1.81556	

-1.096884	-0.2835253	1.559737	-1.042283	-0.3699339	1.505514	-1.134319	-0.4234338	1.60323	-1.056275	-0.454794	1.499676	-1.108433	-0.3140005	1.5577	-1.020938	-0.4415048	1.503119	-1.003828	0.1672577	1.591314	-1.06981	0.2049336	1.594762	-1.078783	0.1489066	1.618136	-1.09987	-0.02408065	1.683029	-1.118423	-0.2687581	1.762378	-0.9954271	0.1686523	1.555491	-1.143229	0.04064701	1.58946	-1.037574	-0.2665161	1.70746	-1.157646	-0.268701	1.755803	-1.00947	-0.08446413	1.53285	-1.01176	-0.1500468	1.507409	-1.151987	-0.5641595	1.660623	-1.369194	-0.4909682	1.771244	-1.038065	-0.7972322	1.790264	-1.606249	-0.7255313	1.814125	

-1.097792	-0.28588	1.559939	-1.112572	-0.2765607	1.526506	-1.132791	-0.4270821	1.604118	-1.11874	-0.3556944	1.579042	-1.103412	-0.303005	1.552333	-1.075714	-0.2787921	1.555588	-0.9985748	0.1763324	1.595986	-1.069445	0.2057947	1.596251	-1.078215	0.1496095	1.619592	-1.098865	-0.02369934	1.683909	-1.117011	-0.2668682	1.762609	-0.9955434	0.168875	1.554103	-1.143345	0.04086711	1.588072	-1.03621	-0.262993	1.707473	-1.156461	-0.2659234	1.75658	-1.00947	-0.08697016	1.534634	-1.000759	-0.1024298	1.464365	-1.130373	-0.5153642	1.662614	-1.367377	-0.4888139	1.772498	-1.121539	-0.7958624	1.731888	-1.603758	-0.7239804	1.815886	

-1.099458	-0.285789	1.563557	-1.1141	-0.1660213	1.536577	-1.135924	-0.4364338	1.6149	-1.035151	-0.1917644	1.597503	-1.115082	-0.3329919	1.565409	-1.014988	-0.1310936	1.5856	-0.9956154	0.1807588	1.599817	-1.06837	0.2067837	1.59857	-1.07705	0.1500628	1.622218	-1.097388	-0.02493348	1.68718	-1.116238	-0.2686966	1.766045	-0.9955539	0.1689461	1.551578	-1.143355	0.04093361	1.585544	-1.034029	-0.2607638	1.74022	-1.156618	-0.2701636	1.750929	-1.00837	-0.08828585	1.538023	-0.9658972	-0.03981965	1.448627	-1.148313	-0.5521874	1.638387	-1.368458	-0.489377	1.776362	-1.282067	-0.8581825	1.5585	-1.605898	-0.7208111	1.829693	

-1.099024	-0.2807439	1.565853	-1.042221	-0.1587936	1.592275	-1.133582	-0.4361172	1.614787	-1.109204	-0.2851757	1.5697	-1.120846	-0.3435049	1.572471	-1.043531	-0.2279323	1.650133	-0.9872599	0.2329174	1.622252	-1.054417	0.2062733	1.637313	-1.057643	0.1469175	1.64908	-1.047795	-0.03831497	1.689893	-1.034347	-0.2906803	1.727237	-0.9887172	0.166884	1.566889	-1.136534	0.03889383	1.600863	-0.9515105	-0.2697571	1.69658	-1.080445	-0.3012827	1.696716	-1.016612	-0.08012228	1.53516	-0.9038889	0.0125821	1.604715	-1.164244	-0.5001191	1.667432	-1.24343	-0.5619683	1.724498	-1.399994	-0.7430754	1.664747	-1.429529	-0.8368855	1.780324	

-1.099757	-0.2796059	1.567734	-1.042265	-0.1567494	1.593691	-1.135674	-0.4153864	1.60469	-1.109241	-0.2878228	1.573401	-1.115531	-0.3147026	1.5674	-1.044819	-0.2286819	1.654521	-0.9881412	0.230306	1.62038	-1.05314	0.2071705	1.639427	-1.055315	0.1474211	1.652605	-1.047574	-0.03865259	1.691139	-1.034826	-0.2928424	1.729997	-0.9853683	0.167801	1.572872	-1.133195	0.03981651	1.606853	-0.9522098	-0.2720988	1.699196	-1.080745	-0.3032216	1.699631	-1.018417	-0.0789589	1.534936	-0.900417	0.0115433	1.601847	-1.167866	-0.4996556	1.665872	-1.241393	-0.5638185	1.733752	-1.406619	-0.7397393	1.658825	-1.203475	-0.7488678	1.763459	

-1.082769	-0.2902865	1.534006	-1.007503	-0.02005243	1.603205	-1.102482	-0.3697911	1.601146	-1.025361	-0.1561361	1.570621	-1.116513	-0.3614859	1.575778	-1.009056	-0.1279553	1.622	-0.9874107	0.2328824	1.622092	-1.052623	0.2083065	1.640551	-1.054499	0.1483231	1.654518	-1.047993	-0.038482	1.693597	-1.03708	-0.2944198	1.736775	-0.9842489	0.168512	1.57506	-1.081289	0.0567713	1.58438	-0.959058	-0.2753802	1.711491	-1.080547	-0.3037467	1.702772	-1.019336	-0.07818913	1.535108	-0.8969399	0.1715679	1.654591	-1.177238	-0.5000972	1.658695	-1.241048	-0.564166	1.737919	-1.418504	-0.7372611	1.631227	-1.203111	-0.7491496	1.76739	

-1.07291	-0.2927288	1.523257	-1.036993	-0.03248785	1.580103	-1.112219	-0.3715287	1.597723	-1.029118	-0.1652685	1.466923	-1.118214	-0.3532695	1.57246	-1.018926	-0.1475302	1.596111	-0.9869026	0.2362159	1.625445	-1.052245	0.2103485	1.643463	-1.05419	0.1504302	1.658596	-1.050635	-0.03564293	1.699834	-1.044243	-0.2898816	1.747507	-0.9833675	0.1691954	1.577562	-1.036012	0.07256982	1.557032	-0.9878963	-0.2664522	1.732225	-1.077516	-0.3011567	1.708142	-1.021434	-0.07677795	1.536241	-1.005857	0.1817041	1.735904	-1.172608	-0.5176036	1.645287	-1.239044	-0.5556687	1.759855	-1.379152	-0.7819577	1.581704	-1.423671	-0.8242161	1.840786	

-1.071899	-0.2924684	1.522473	-1.052676	-0.1594608	1.556986	-1.116453	-0.3717714	1.600456	-1.03339	-0.2065431	1.463211	-1.125724	-0.3648628	1.57775	-1.076612	-0.2547462	1.566076	-0.987011	0.2437491	1.635005	-1.052375	0.2165418	1.6528	-1.05461	0.1555683	1.667172	-1.053134	-0.03257212	1.704806	-1.04708	-0.2886888	1.749026	-0.9826682	0.1735135	1.586431	-1.036677	0.07220852	1.558287	-0.9916107	-0.2668353	1.728991	-1.076142	-0.298229	1.713728	-1.023516	-0.07573182	1.537809	-0.9628013	-0.03770931	1.728782	-1.173593	-0.5209134	1.646918	-1.23865	-0.5543486	1.759015	-1.377398	-0.7883101	1.588396	-1.4242	-0.8245035	1.833257	

-1.112786	-0.3283509	1.587153	-1.068736	-0.1657483	1.558983	-1.147565	-0.4844812	1.630749	-1.075384	-0.2400748	1.515304	-1.130925	-0.4053658	1.583667	-1.072621	-0.2538325	1.583577	-1.002255	0.2451911	1.635724	-1.066987	0.2175698	1.654024	-1.069155	0.1559243	1.669776	-1.070843	-0.03394942	1.711063	-1.067259	-0.2934986	1.759297	-0.9961911	0.1737238	1.587976	-1.055038	0.068087	1.556984	-1.015312	-0.2759928	1.74151	-1.082848	-0.299819	1.716883	-1.033525	-0.07186549	1.543094	-0.9716955	-0.04153647	1.724403	-1.174006	-0.5420549	1.637615	-1.249482	-0.5538646	1.759103	-1.353693	-0.8219904	1.555951	-1.43936	-0.8218918	1.830122	

