0.3133505	0.1082783	2.622865	-0.1708033	0.08791328	2.605406	0.3106144	0.04306233	2.639735	-0.1273963	0.01655161	2.633956	0.2516211	0.1108215	2.584042	-0.09884448	0.1009475	2.59705	0.03977623	0.8445718	2.598369	0.03830152	0.7076424	2.634945	0.04139086	0.6360437	2.644253	0.05065669	0.4158281	2.663529	0.06309301	0.1145401	2.680365	0.2034849	0.5818124	2.614171	-0.1060997	0.5798126	2.622108	0.1328541	0.1134439	2.643068	-0.008376502	0.1125368	2.645133	0.2850161	0.3327662	2.642337	-0.1584839	0.3135036	2.632737	0.1353635	-0.2342162	2.753965	0.03143698	-0.2054193	2.748197	0.1393037	-0.527055	2.796457	0.06736463	-0.5295231	2.800391	

0.3131163	0.1089034	2.62258	-0.1704317	0.08805028	2.605417	0.3141839	0.04316145	2.638892	-0.1263648	0.01728216	2.634368	0.2517731	0.1090474	2.586432	-0.09714741	0.0965862	2.594157	0.0397828	0.8445197	2.598411	0.03836003	0.707526	2.635064	0.04140894	0.6359345	2.644357	0.05055553	0.4157029	2.663623	0.06266303	0.1143267	2.680469	0.2034749	0.5818511	2.614482	-0.1060965	0.5797038	2.622004	0.1324514	0.1132958	2.643165	-0.008826684	0.1122561	2.645238	0.2852608	0.3333174	2.642822	-0.1584597	0.3135525	2.63274	0.1353468	-0.2340208	2.753834	0.03144356	-0.2054263	2.7482	0.1389728	-0.5270956	2.796459	0.06736169	-0.5295961	2.800298	

0.3132906	0.1089587	2.622427	-0.1700925	0.08827952	2.605458	0.3139321	0.04312979	2.636751	-0.1312613	0.02249458	2.628439	0.2509486	0.09930895	2.58995	-0.09714311	0.08962023	2.597791	0.04015987	0.8445764	2.598826	0.03975124	0.7076308	2.63573	0.04258238	0.6360031	2.644911	0.05118004	0.4156971	2.663903	0.06284189	0.1142878	2.680533	0.2038418	0.5821171	2.614878	-0.1056295	0.5797155	2.622465	0.1326133	0.1132886	2.643168	-0.008615428	0.1121745	2.645379	0.2852854	0.3333044	2.642814	-0.1580716	0.3137085	2.633168	0.135357	-0.2340101	2.753771	0.03161859	-0.2053682	2.748074	0.1380956	-0.5276186	2.79706	0.06749032	-0.5296524	2.800426	

0.3129393	0.1089714	2.621991	-0.1682979	0.08833484	2.605572	0.3142162	0.04316647	2.639179	-0.130232	0.02305735	2.632957	0.2530301	0.09682879	2.589375	-0.09138279	0.08551903	2.593385	0.04080551	0.8447265	2.599252	0.04093904	0.7075421	2.636595	0.04360979	0.6359572	2.645611	0.05177032	0.4157438	2.664191	0.06305592	0.1143792	2.680519	0.2047687	0.5823213	2.616135	-0.1051193	0.5798388	2.622872	0.1328611	0.1133961	2.643005	-0.008379766	0.1122755	2.645505	0.2854609	0.3333311	2.642784	-0.1578307	0.3137701	2.633801	0.1355437	-0.2339311	2.75365	0.03178829	-0.2052803	2.747951	0.1380251	-0.527613	2.797288	0.06868363	-0.5297105	2.801059	

0.31282	0.108979	2.621448	-0.1668007	0.08848803	2.605641	0.3095523	0.0376167	2.641581	-0.1314727	0.02253035	2.63271	0.2508707	0.1148094	2.578461	-0.09290472	0.08834916	2.593247	0.04163307	0.8450345	2.599997	0.04200615	0.7072909	2.63767	0.04446118	0.635713	2.646463	0.05208792	0.4155595	2.664503	0.06305117	0.114283	2.680506	0.2050762	0.582417	2.616523	-0.1042617	0.5801374	2.623656	0.1328538	0.1132734	2.642954	-0.008385711	0.1121943	2.645525	0.2855887	0.3333398	2.642759	-0.1575253	0.313935	2.634343	0.1358279	-0.2336192	2.753267	0.03181541	-0.2051863	2.747861	0.136204	-0.5281771	2.797505	0.06901334	-0.5295032	2.800807	

0.312987	0.1090295	2.621282	-0.1662883	0.08852155	2.606187	0.3163225	0.04213605	2.639462	-0.1250725	0.01786407	2.647034	0.2502069	0.0859228	2.5932	-0.09769879	0.06624942	2.599445	0.04264137	0.8447469	2.601302	0.0433174	0.7073483	2.639035	0.04562562	0.6357419	2.64766	0.05277352	0.4155265	2.665174	0.06318408	0.1142418	2.680611	0.2054912	0.5825624	2.616897	-0.1031315	0.5805221	2.624787	0.1329648	0.1132284	2.643009	-0.008234754	0.1121607	2.645695	0.2864845	0.3334965	2.642965	-0.156623	0.3139435	2.635366	0.1359231	-0.2336181	2.753298	0.03191277	-0.2051634	2.747876	0.1360219	-0.528199	2.797561	0.06893296	-0.5294619	2.800423	

0.3134399	0.1090766	2.621541	-0.1655432	0.08904448	2.606491	0.316089	0.03664999	2.641845	-0.1277792	0.01822536	2.649717	0.2512679	0.1077668	2.583583	-0.0994425	0.06219661	2.603539	0.04370622	0.8450783	2.602109	0.04426877	0.7076702	2.64046	0.046549	0.6360149	2.648923	0.05353109	0.4156651	2.665938	0.06356794	0.1142541	2.680773	0.2065823	0.5831146	2.617775	-0.1018081	0.580997	2.625339	0.1333456	0.1132443	2.643198	-0.007869089	0.1121695	2.645823	0.2869072	0.3335972	2.642709	-0.1556435	0.3144067	2.636683	0.1362646	-0.2334759	2.753189	0.03207358	-0.205124	2.747586	0.1350215	-0.5274968	2.798377	0.06895249	-0.5290818	2.800424	

0.3137028	0.1085688	2.62118	-0.1651282	0.08906624	2.606908	0.3123446	0.03904903	2.640848	-0.1248175	0.01777081	2.650971	0.2515829	0.09819187	2.586843	-0.09416508	0.06491392	2.598699	0.04517711	0.8455157	2.603537	0.04526812	0.7075891	2.640796	0.04744733	0.6359339	2.649296	0.0541216	0.4155836	2.666356	0.06374453	0.114182	2.681071	0.2071614	0.5833923	2.61832	-0.1008144	0.5812772	2.626066	0.1334861	0.1131869	2.643399	-0.007665123	0.1120845	2.646229	0.2875585	0.3331901	2.642665	-0.154997	0.3144794	2.637178	0.1362463	-0.2336874	2.753243	0.03232996	-0.205148	2.747797	0.1342172	-0.5293559	2.797573	0.06910408	-0.5283235	2.800176	

0.3140982	0.1078483	2.62107	-0.1650536	0.09001651	2.607004	0.3116801	0.03636383	2.642807	-0.1227802	0.01735796	2.64406	0.2517421	0.09793337	2.587293	-0.103005	0.06240786	2.598353	0.04670585	0.8458317	2.604199	0.04661193	0.7075899	2.641475	0.04869612	0.6359416	2.649921	0.05503714	0.4156051	2.666786	0.06413145	0.1142022	2.681186	0.2084014	0.5834548	2.618925	-0.09998521	0.5813472	2.62661	0.1338612	0.1131983	2.643547	-0.007284299	0.1121128	2.646308	0.288408	0.3325561	2.642619	-0.1539105	0.3153418	2.638158	0.1363034	-0.2337916	2.753182	0.03243585	-0.2048596	2.747831	0.1336806	-0.5298072	2.797921	0.06918796	-0.5283343	2.800093	

0.3146741	0.1077138	2.62119	-0.1650871	0.09043619	2.607484	0.3166116	0.03790944	2.633322	-0.124952	0.017789	2.653906	0.2531738	0.07663668	2.601471	-0.09478952	0.06709217	2.601812	0.04811663	0.8460878	2.605101	0.04774636	0.707827	2.641992	0.04973599	0.6361454	2.650422	0.05577043	0.4157142	2.6672	0.06441021	0.1142121	2.681377	0.2097852	0.5833308	2.619835	-0.09892287	0.5816682	2.627497	0.1342228	0.1129615	2.643923	-0.007002425	0.1123206	2.646398	0.2889	0.3324248	2.642794	-0.15334	0.3157023	2.639127	0.1362951	-0.2337022	2.75322	0.03256125	-0.204667	2.748011	0.1337589	-0.5298601	2.797945	0.0691589	-0.5285032	2.799991	

0.313177	0.1076281	2.620051	-0.1654951	0.09293349	2.608574	0.3156231	0.03719902	2.637931	-0.1269142	0.01805932	2.658279	0.2511058	0.1043071	2.584519	-0.09727788	0.06477289	2.606133	0.04962443	0.8465236	2.605651	0.04899805	0.7079508	2.642437	0.05092861	0.6362903	2.650913	0.05676016	0.415915	2.667798	0.06501179	0.1144493	2.681955	0.2106855	0.5831166	2.620134	-0.09820981	0.5818181	2.6281	0.1347641	0.113086	2.644399	-0.006382547	0.1126834	2.647062	0.2898239	0.3324711	2.642999	-0.1514433	0.3179625	2.64048	0.1362763	-0.2332651	2.753496	0.03263513	-0.204308	2.748208	0.1337034	-0.5297458	2.7981	0.0691559	-0.5285048	2.800105	

0.31504	0.1079755	2.620059	-0.1655214	0.09422298	2.610229	0.3159142	0.03663243	2.640348	-0.123102	0.01740524	2.651262	0.2531217	0.09634195	2.590704	-0.09394921	0.06903121	2.603737	0.05090535	0.8467629	2.605896	0.0503869	0.7079758	2.642494	0.05214914	0.6363369	2.651027	0.05752531	0.4160074	2.668023	0.06528789	0.1145613	2.682189	0.2113522	0.5830191	2.619891	-0.09765504	0.5819314	2.628556	0.1349819	0.1132238	2.644543	-0.006059555	0.1127598	2.647393	0.2904616	0.332561	2.643147	-0.150566	0.319168	2.641201	0.1365109	-0.2332539	2.75353	0.03267985	-0.2042449	2.748209	0.1335716	-0.5296487	2.798119	0.06911456	-0.5286579	2.800004	

0.3152354	0.1077618	2.62026	-0.1649359	0.09431252	2.610612	0.313924	0.03743888	2.640516	-0.1194908	0.0174071	2.651513	0.2509887	0.1134139	2.583445	-0.09214953	0.06819901	2.606946	0.05185471	0.8467969	2.605937	0.0511976	0.7081212	2.642787	0.05298786	0.6365071	2.651351	0.05840404	0.4162544	2.668434	0.06605598	0.1148939	2.682634	0.2120744	0.5828089	2.619908	-0.09717368	0.5821375	2.628932	0.1357103	0.1135394	2.644901	-0.005298694	0.1131017	2.647908	0.2908437	0.3322941	2.643068	-0.1502626	0.3191687	2.641809	0.136836	-0.2331039	2.753748	0.03305313	-0.2030784	2.748211	0.1333729	-0.5285083	2.798167	0.06907234	-0.5286337	2.799942	

0.3160583	0.1077123	2.620594	-0.1653864	0.09489939	2.612695	0.3161296	0.03665726	2.642181	-0.1233703	0.01745368	2.653968	0.2521313	0.1069799	2.584605	-0.0926105	0.07104206	2.602802	0.05286724	0.8471694	2.606417	0.05352426	0.7082229	2.642783	0.05505886	0.6366127	2.651465	0.05978321	0.4163668	2.668813	0.06670809	0.115013	2.68319	0.2127335	0.5827459	2.620152	-0.09619904	0.5824509	2.629369	0.1363913	0.1134829	2.645464	-0.004688521	0.1134008	2.64846	0.2913274	0.3321425	2.642994	-0.1494937	0.3197337	2.642186	0.1372296	-0.2322364	2.75378	0.03318733	-0.2023344	2.748212	0.1334529	-0.5288315	2.798186	0.06876096	-0.528913	2.800177	

0.3159173	0.1081658	2.620605	-0.1654202	0.09456177	2.612653	0.3152324	0.0371545	2.634805	-0.1194961	0.01740874	2.651762	0.2515541	0.1059126	2.587282	-0.09381955	0.06838293	2.601989	0.05385963	0.8473582	2.606379	0.05473898	0.7083573	2.642778	0.05616728	0.6367745	2.651497	0.06055637	0.416592	2.668939	0.06705404	0.1152793	2.683377	0.2133071	0.582588	2.620137	-0.09529888	0.5830155	2.629741	0.1367909	0.1133839	2.645728	-0.004273639	0.1143181	2.648625	0.2921832	0.3326344	2.64347	-0.1493397	0.3193052	2.642415	0.137308	-0.2321685	2.753787	0.03299468	-0.2014844	2.74795	0.1332631	-0.5294091	2.79799	0.06875526	-0.5288995	2.800114	

0.3157192	0.108746	2.620926	-0.1643108	0.09445304	2.61343	0.3173006	0.03799433	2.639035	-0.1263423	0.02579872	2.642259	0.2528812	0.1060456	2.588849	-0.08755907	0.101289	2.604567	0.05544829	0.8472834	2.607053	0.0557598	0.7085322	2.642771	0.05710743	0.6369865	2.651548	0.06125833	0.4169081	2.669152	0.06744366	0.1157602	2.683797	0.2142959	0.5826131	2.620393	-0.09449498	0.5831881	2.630315	0.1371152	0.1135135	2.645993	-0.003865239	0.1152704	2.649239	0.2936271	0.3333335	2.64397	-0.1492912	0.3192849	2.642415	0.1374706	-0.2322642	2.754158	0.03306847	-0.2006802	2.747448	0.1332445	-0.5293872	2.797997	0.0689884	-0.5289462	2.800282	

0.3171792	0.1086187	2.622049	-0.1642148	0.09526629	2.613683	0.3145517	0.03658812	2.651643	-0.1220626	0.01835147	2.660744	0.2538535	0.08025254	2.600133	-0.09093489	0.0722126	2.6056	0.05809722	0.8474656	2.605908	0.05690556	0.7084653	2.642764	0.05819524	0.6369735	2.651562	0.06213297	0.4170441	2.669232	0.06796636	0.116046	2.683934	0.215711	0.5827225	2.620323	-0.09261557	0.583394	2.630235	0.1379189	0.1135278	2.646715	-0.003382478	0.1158665	2.648927	0.2948308	0.3331538	2.64467	-0.1482628	0.3200084	2.642425	0.1374017	-0.2323244	2.754241	0.03378034	-0.2007862	2.747534	0.1331877	-0.5298073	2.798031	0.06909578	-0.5290263	2.800284	

0.3172728	0.1100831	2.623788	-0.1627049	0.09586801	2.614115	0.3166143	0.03598326	2.648774	-0.1244037	0.02865685	2.634398	0.2603486	0.08401105	2.603333	-0.08477318	0.1011861	2.60281	0.06077699	0.8482034	2.605016	0.0583827	0.7086554	2.642754	0.05963359	0.6372008	2.651639	0.06343343	0.4173919	2.669574	0.06900424	0.1165815	2.684631	0.2178181	0.5827302	2.620651	-0.08990782	0.5838247	2.630157	0.1389267	0.1134664	2.647446	-0.002339517	0.1170445	2.649597	0.2963991	0.3347273	2.645887	-0.1469003	0.3205848	2.642434	0.1374754	-0.2328715	2.754414	0.03563037	-0.2004355	2.746454	0.1332956	-0.5300292	2.798053	0.06944106	-0.5288529	2.800289	

0.3192541	0.1095974	2.624313	-0.1603363	0.09555306	2.61441	0.3167847	0.03630144	2.651641	-0.1126736	0.01747804	2.662257	0.2567228	0.08098829	2.596757	-0.09231557	0.06717576	2.604334	0.06478019	0.8484434	2.604215	0.06262597	0.7087786	2.642744	0.06350912	0.6373243	2.651706	0.06621066	0.4175223	2.669844	0.07041609	0.1167181	2.685032	0.220779	0.5822531	2.620961	-0.08783503	0.5839114	2.630103	0.1405452	0.1134482	2.647985	-0.001289243	0.1172204	2.649824	0.297938	0.3341382	2.646301	-0.1451548	0.3202752	2.642444	0.1374494	-0.2331091	2.754377	0.04225238	-0.2031707	2.740482	0.1327736	-0.5300795	2.798295	0.07186224	-0.5300522	2.798865	

0.3206485	0.109421	2.625136	-0.1587705	0.09505276	2.614421	0.3169485	0.03593343	2.651186	-0.1215944	0.02976514	2.640539	0.2567691	0.07899946	2.598955	-0.08293068	0.1056381	2.606214	0.06640054	0.848594	2.604018	0.06573278	0.7087303	2.642737	0.06658719	0.6372581	2.651749	0.06909148	0.4174154	2.670054	0.0727293	0.116591	2.685454	0.2231109	0.5819331	2.621167	-0.08579729	0.5841804	2.630455	0.1427991	0.113176	2.6485	0.000891238	0.1171624	2.6501	0.2991312	0.33392	2.64659	-0.1434892	0.3196938	2.642822	0.1381694	-0.2335742	2.754052	0.05094084	-0.2108514	2.732101	0.1329044	-0.5299425	2.798168	0.0743985	-0.5316608	2.797765	

0.3223961	0.1086643	2.625851	-0.1578666	0.09641974	2.615066	0.3179878	0.0306791	2.656439	-0.1190386	0.028217	2.641252	0.2600641	0.07055563	2.610714	-0.08408444	0.1083855	2.610667	0.06938575	0.8480204	2.604279	0.06903653	0.7085652	2.642729	0.06984691	0.6371305	2.65183	0.07216739	0.417406	2.670415	0.07540654	0.1167461	2.686189	0.2259111	0.5815417	2.62088	-0.08123072	0.5841981	2.63147	0.1453431	0.1132865	2.648998	0.003542132	0.1172873	2.651034	0.301204	0.3331544	2.646915	-0.1396676	0.3207996	2.643276	0.1384437	-0.2338237	2.752745	0.05373976	-0.2131081	2.726609	0.1331226	-0.5298057	2.798181	0.076846	-0.5345629	2.793317	

0.3233836	0.1068756	2.62584	-0.1579654	0.09719121	2.615631	0.316061	0.03108618	2.657867	-0.1055112	0.01750468	2.666254	0.2632061	0.07514893	2.6127	-0.08526198	0.06945898	2.607308	0.07214056	0.8477833	2.604236	0.07084094	0.7084705	2.643094	0.0716664	0.6370428	2.652252	0.0740079	0.4173467	2.671027	0.07719108	0.1167428	2.687089	0.2291446	0.5808347	2.621142	-0.07926909	0.5844094	2.632351	0.1470037	0.113183	2.649527	0.00539582	0.1173514	2.65234	0.3040066	0.331477	2.647227	-0.1373895	0.3213101	2.643958	0.1393126	-0.2338866	2.750383	0.05491013	-0.214235	2.724309	0.1331308	-0.5296127	2.798328	0.07853802	-0.536808	2.79029	

0.3244885	0.1057996	2.626386	-0.1564117	0.09619094	2.617455	0.3148926	0.02989449	2.659219	-0.1188601	0.03542303	2.63758	0.2623838	0.08161821	2.604802	-0.08143552	0.1047591	2.614973	0.07423076	0.8475158	2.604188	0.07403799	0.7073333	2.642478	0.07464053	0.6362041	2.651875	0.07647459	0.4172558	2.671255	0.07939925	0.1175783	2.688124	0.2315554	0.5804871	2.62043	-0.07622618	0.5843624	2.63319	0.1494082	0.1148017	2.650333	0.007467216	0.1174607	2.653623	0.3059802	0.3305019	2.647002	-0.1356512	0.3203498	2.644865	0.1533593	-0.2267434	2.750173	0.06237908	-0.2158315	2.701631	0.1339886	-0.5289201	2.799844	0.07922575	-0.5375688	2.789358	

0.3256976	0.1057046	2.626832	-0.1546862	0.09737213	2.619216	0.3156182	0.0294502	2.657082	-0.1054339	0.02481182	2.664247	0.2609163	0.08002691	2.603989	-0.08493139	0.07045892	2.615583	0.07629687	0.8469788	2.603316	0.07623719	0.7066404	2.642512	0.07681243	0.6356431	2.652029	0.078546	0.4171118	2.671795	0.08131862	0.1180345	2.689253	0.2336353	0.580339	2.619913	-0.07402383	0.5847538	2.633718	0.1511893	0.115728	2.651197	0.009494553	0.1173574	2.65506	0.3068247	0.3303746	2.646884	-0.1334317	0.3214612	2.646679	0.155794	-0.2262085	2.751011	0.06302735	-0.2161959	2.699446	0.1350215	-0.5271946	2.801236	0.07912823	-0.537553	2.788471	

0.3266831	0.1056074	2.627187	-0.1522457	0.09735576	2.622393	0.315905	0.02985611	2.659282	-0.1053408	0.0247952	2.660551	0.2655554	0.08614594	2.604326	-0.07649927	0.07369607	2.6135	0.07752666	0.8469723	2.603095	0.07906603	0.7066213	2.642536	0.07948496	0.6356694	2.652215	0.08074976	0.4173013	2.672452	0.08292706	0.118463	2.690518	0.2347234	0.5802521	2.619607	-0.07226964	0.5852595	2.634937	0.1526611	0.1164908	2.652249	0.01116345	0.1173802	2.656546	0.307639	0.3302658	2.646782	-0.1323357	0.3216799	2.648095	0.1583844	-0.2255673	2.752696	0.06265239	-0.2164292	2.696577	0.1408244	-0.5267912	2.802939	0.07788103	-0.5376174	2.787832	

0.3275003	0.104914	2.627587	-0.1518515	0.09705959	2.625631	0.3141572	0.02895548	2.656407	-0.1091717	0.02499928	2.661294	0.2650779	0.08691074	2.602484	-0.07864362	0.07337616	2.616764	0.07860591	0.8465439	2.602764	0.0815739	0.7064958	2.642549	0.08172134	0.6355459	2.652413	0.08228187	0.4172106	2.673137	0.08376769	0.118423	2.691906	0.2360756	0.5801701	2.61932	-0.07092312	0.5856017	2.635759	0.1533187	0.116341	2.653055	0.01212402	0.1174822	2.658646	0.3090089	0.3296575	2.646318	-0.1312491	0.3214257	2.649662	0.1624637	-0.2242075	2.754855	0.06208986	-0.216663	2.696187	0.1480123	-0.5222185	2.803462	0.07284346	-0.536922	2.786167	

0.3283237	0.1047718	2.627218	-0.1503294	0.0968563	2.627215	0.3265917	0.03084141	2.647574	-0.1051957	0.02476201	2.658901	0.2665971	0.1116488	2.594187	-0.07615433	0.07247633	2.617574	0.07954204	0.8465643	2.602361	0.08256938	0.7065718	2.642548	0.0827238	0.6355847	2.652462	0.08322844	0.4171555	2.673367	0.08447216	0.1182698	2.692354	0.2371641	0.5800344	2.619102	-0.07030901	0.5858435	2.635967	0.153984	0.1161091	2.65345	0.01280918	0.1173985	2.659119	0.310214	0.329559	2.645974	-0.1306782	0.3213921	2.64994	0.1644467	-0.2242785	2.756946	0.05623604	-0.2159535	2.700279	0.152709	-0.5192184	2.803707	0.0679679	-0.5370952	2.789698	

0.3276199	0.1047962	2.627141	-0.1503753	0.09677423	2.627241	0.3175759	0.02905594	2.654448	-0.1023423	0.01759006	2.679232	0.2644009	0.07655588	2.6103	-0.07793929	0.07511736	2.612314	0.0804303	0.8463759	2.60216	0.08299728	0.7063658	2.642741	0.08311541	0.6353679	2.652669	0.08348975	0.4169178	2.673638	0.08449923	0.1179853	2.692757	0.2377919	0.5797904	2.619725	-0.06991729	0.5856932	2.63593	0.1540418	0.1156409	2.654242	0.01280891	0.1172526	2.659251	0.3106282	0.3296644	2.64642	-0.1305778	0.3213073	2.64984	0.1658614	-0.2225492	2.757978	0.04931844	-0.2129111	2.710584	0.1532662	-0.5185567	2.803766	0.0639869	-0.5361922	2.797357	

0.3266025	0.1046879	2.628317	-0.1504433	0.09677822	2.626113	0.3141415	0.02895299	2.656314	-0.1057039	0.01753733	2.671229	0.2649473	0.08699453	2.604285	-0.07821733	0.07302235	2.612614	0.08072299	0.8462354	2.602125	0.08299201	0.706349	2.642727	0.08311388	0.6353458	2.652657	0.08350148	0.416867	2.673653	0.08450577	0.1178798	2.692861	0.2379703	0.5797514	2.619856	-0.06995242	0.5857444	2.635909	0.1540573	0.1154999	2.654498	0.01280565	0.1171775	2.659261	0.3106134	0.3296759	2.64647	-0.1305278	0.3212587	2.649579	0.1664458	-0.2218199	2.758506	0.04424934	-0.2102174	2.718497	0.1526507	-0.5178131	2.803821	0.06293443	-0.5346048	2.799438	

0.3254531	0.1052625	2.628474	-0.1509174	0.09748864	2.624035	0.3106848	0.02961247	2.661036	-0.09840585	0.01754425	2.672227	0.2646471	0.08732742	2.605178	-0.0775876	0.07321937	2.608257	0.08090945	0.8463086	2.601859	0.0826882	0.7063624	2.642866	0.08282579	0.6353432	2.65277	0.08320723	0.4168281	2.673721	0.08406407	0.1177876	2.692875	0.2377968	0.5797164	2.619975	-0.07019996	0.5861411	2.635674	0.1535734	0.1152111	2.654695	0.01229058	0.1172429	2.659088	0.3102747	0.3302947	2.646924	-0.1307481	0.3218888	2.648398	0.1658883	-0.2220296	2.759181	0.04149884	-0.2088299	2.723134	0.1527767	-0.5175241	2.803844	0.06013033	-0.5329098	2.802642	

0.324675	0.105561	2.628922	-0.1517071	0.09731532	2.622506	0.3106717	0.03018357	2.657521	-0.1020365	0.01753751	2.671227	0.2662103	0.08675289	2.607726	-0.0818425	0.07370721	2.608047	0.08084028	0.8461244	2.601524	0.08202045	0.7065628	2.643068	0.08220211	0.6355033	2.652939	0.08264831	0.416898	2.673824	0.08343966	0.1177641	2.692906	0.237152	0.5797906	2.620806	-0.07097389	0.5863349	2.63567	0.1529666	0.1151171	2.654859	0.01162163	0.1172869	2.658942	0.309543	0.3305795	2.647665	-0.1312636	0.3216409	2.647542	0.1654419	-0.2220143	2.759694	0.04160943	-0.2087505	2.726627	0.1528129	-0.5174072	2.803862	0.05895825	-0.5331303	2.804673	

0.3249914	0.1053816	2.629319	-0.1528119	0.09785751	2.621769	0.3120143	0.03094587	2.655574	-0.1054473	0.01749464	2.664726	0.2655079	0.08558452	2.607648	-0.08446807	0.07168458	2.602818	0.0802553	0.8460722	2.600567	0.08098833	0.706489	2.643283	0.08121586	0.6354312	2.653087	0.08173262	0.4168378	2.673805	0.08244658	0.117726	2.692651	0.2367274	0.579836	2.621107	-0.07227618	0.5870795	2.635663	0.1519572	0.1149318	2.654765	0.01062122	0.1173951	2.658456	0.3087924	0.3303236	2.647717	-0.1314909	0.3220707	2.647197	0.164495	-0.2215816	2.75998	0.0400188	-0.2072855	2.728471	0.1534995	-0.5163339	2.803604	0.05652111	-0.5310486	2.806689	

0.325116	0.1057472	2.629496	-0.1541442	0.09838976	2.620498	0.3090056	0.02987019	2.662047	-0.1089361	0.01746709	2.660559	0.2645918	0.0872917	2.60468	-0.08297284	0.07388633	2.604853	0.07953466	0.8457947	2.600106	0.07938113	0.7058555	2.643523	0.07989326	0.6349026	2.653179	0.08103734	0.4165544	2.673603	0.08213412	0.117611	2.692147	0.2357214	0.5800551	2.621835	-0.07337414	0.5870976	2.635368	0.151714	0.1148703	2.654543	0.01024826	0.1171966	2.657474	0.307645	0.3305574	2.64842	-0.1321758	0.3224696	2.646824	0.1637823	-0.2215146	2.759705	0.03926709	-0.2091318	2.731714	0.1536083	-0.5161555	2.803513	0.05552335	-0.5307917	2.807562	

0.3250891	0.1059664	2.629585	-0.1548267	0.09884284	2.619834	0.307869	0.03585242	2.647693	-0.1055237	0.01750777	2.666726	0.2645412	0.08784324	2.604371	-0.08310422	0.07182416	2.607299	0.07903203	0.84566	2.600098	0.07745374	0.7055936	2.644125	0.07799678	0.6346339	2.653627	0.07923698	0.4162897	2.673609	0.0803697	0.1173801	2.691555	0.2342183	0.5803776	2.62297	-0.07487071	0.5866774	2.635074	0.1500117	0.1146267	2.654268	0.008453349	0.1169802	2.656517	0.3069049	0.3306822	2.648893	-0.1332857	0.3229526	2.646084	0.1623403	-0.221624	2.75937	0.03944907	-0.2094619	2.733216	0.1535618	-0.5161552	2.803535	0.05545102	-0.5309401	2.807735	

0.324122	0.106319	2.63018	-0.15593	0.09848249	2.617236	0.3099913	0.03557308	2.651746	-0.1228632	0.0228057	2.645597	0.2637529	0.08784575	2.606022	-0.0814944	0.09852513	2.591273	0.07645474	0.8443781	2.598885	0.07322158	0.705134	2.645415	0.07417194	0.6341551	2.654579	0.07652806	0.4158072	2.673717	0.0787359	0.1169341	2.690881	0.2309212	0.5800625	2.624794	-0.07796238	0.5863135	2.634731	0.148445	0.1142932	2.654015	0.0067594	0.116402	2.655335	0.3051215	0.3309473	2.649917	-0.1362952	0.3227352	2.644048	0.1575724	-0.223077	2.758862	0.03887445	-0.208903	2.733966	0.1518558	-0.5158727	2.802917	0.0556873	-0.5307919	2.80817	

0.322873	0.1067225	2.630954	-0.1577868	0.09693166	2.614135	0.308388	0.03532307	2.657784	-0.1196874	0.02239237	2.639823	0.2621835	0.09176752	2.603171	-0.08404575	0.09755998	2.58825	0.07324697	0.8438286	2.597931	0.06918395	0.704245	2.646305	0.07047756	0.6333138	2.655169	0.0738351	0.4151193	2.6735	0.07709392	0.1164085	2.689778	0.2272615	0.5802523	2.627407	-0.08143056	0.5861552	2.633938	0.1467785	0.1138673	2.653318	0.005198774	0.1157777	2.653778	0.3021777	0.331151	2.651455	-0.1401641	0.3212363	2.642402	0.1538872	-0.225323	2.759682	0.03716234	-0.2097795	2.736543	0.1492625	-0.515824	2.802766	0.05590479	-0.5308073	2.808519	

0.3187754	0.1076934	2.630456	-0.1585921	0.09506013	2.610976	0.3082024	0.03519566	2.653481	-0.1199446	0.02375587	2.629623	0.2622125	0.08793031	2.607117	-0.08317522	0.107872	2.579889	0.07089638	0.8430141	2.597091	0.06574042	0.7036658	2.646885	0.06724659	0.6327207	2.655536	0.07129764	0.4145153	2.673232	0.07546493	0.1158249	2.688709	0.2251884	0.5803513	2.62877	-0.08399998	0.5854402	2.632438	0.145264	0.1134363	2.652962	0.003436523	0.1149963	2.651755	0.3005166	0.3322601	2.652864	-0.1431355	0.3194464	2.640172	0.150592	-0.2267668	2.759165	0.03569071	-0.2096472	2.738121	0.1483525	-0.5159348	2.802697	0.05623334	-0.5309201	2.808865	

0.317333	0.1077682	2.630529	-0.1600296	0.09467578	2.608136	0.3048757	0.03527778	2.660038	-0.1200074	0.02376373	2.630823	0.2568976	0.0937911	2.598	-0.08335146	0.1028879	2.581825	0.06871597	0.8425854	2.5971	0.06297918	0.7036363	2.647263	0.0645833	0.6326254	2.655699	0.06893566	0.414239	2.672716	0.07351759	0.1153156	2.687091	0.223539	0.5804186	2.629696	-0.08674145	0.5850397	2.632275	0.1432649	0.1129349	2.65182	0.001665999	0.1145201	2.649725	0.2982692	0.3321991	2.653978	-0.1450497	0.3189925	2.638459	0.1497926	-0.2263868	2.759236	0.03485976	-0.2087418	2.73846	0.1469018	-0.5158879	2.802621	0.05612528	-0.531029	2.809407	

0.3166743	0.1084322	2.630579	-0.1613686	0.09434681	2.60565	0.3036712	0.03568463	2.65995	-0.1154217	0.01734632	2.642224	0.2596127	0.08885068	2.606634	-0.09010705	0.07302766	2.586334	0.06714637	0.8422955	2.596577	0.06087887	0.7035176	2.647118	0.06246888	0.6325455	2.655452	0.0668565	0.4142806	2.672092	0.07172807	0.1155557	2.685856	0.2219584	0.5806558	2.630415	-0.08861952	0.5849763	2.630902	0.1414201	0.1131814	2.650872	2.482307E-05	0.1147583	2.648271	0.2964403	0.3327042	2.654761	-0.1463851	0.318575	2.636864	0.1479964	-0.2248805	2.758005	0.03193212	-0.2053135	2.738417	0.1464854	-0.5131968	2.802541	0.05416586	-0.5299612	2.809968	

0.3117508	0.1085114	2.62872	-0.1632594	0.09358581	2.60446	0.3055671	0.03607507	2.658816	-0.1222934	0.01728812	2.633422	0.2512023	0.07824261	2.612	-0.08987594	0.07002936	2.59	0.06456773	0.8419399	2.59604	0.05736737	0.7036571	2.646968	0.05919928	0.6326402	2.655217	0.06434917	0.4142583	2.671587	0.07027129	0.1154433	2.685055	0.2191005	0.5807869	2.630702	-0.09077096	0.5842197	2.629257	0.1398681	0.1129596	2.650333	-0.001300751	0.1147679	2.647238	0.2946551	0.3329003	2.655363	-0.1482226	0.3179184	2.634317	0.1459502	-0.2237185	2.757079	0.03019056	-0.2024068	2.737885	0.1444773	-0.5091158	2.801268	0.0540283	-0.5296662	2.810144	

0.3092856	0.1083445	2.629208	-0.1643138	0.09299584	2.602392	0.3068651	0.03538419	2.664752	-0.127518	0.0228295	2.625107	0.2525678	0.08133466	2.612111	-0.08827525	0.09436588	2.582083	0.06134238	0.8415654	2.595562	0.05493698	0.7036291	2.647296	0.05676996	0.6325976	2.6554	0.0619705	0.4141705	2.67129	0.06812355	0.1153055	2.684026	0.2166743	0.581107	2.631804	-0.0929397	0.5834652	2.628514	0.1378284	0.112751	2.649585	-0.003470946	0.1147214	2.645972	0.2930584	0.332773	2.656202	-0.149525	0.3172156	2.633663	0.1445175	-0.2237689	2.756857	0.02929655	-0.2006789	2.737579	0.1449534	-0.5082215	2.800834	0.05130644	-0.525403	2.812041	

0.3064668	0.1087117	2.628691	-0.1633403	0.09181002	2.601344	0.3007778	0.03684466	2.655981	-0.1290447	0.02376017	2.623398	0.2486402	0.09190355	2.599063	-0.08781132	0.08980863	2.57725	0.05787051	0.8417394	2.594929	0.05136423	0.7037415	2.646563	0.05360841	0.6326849	2.654724	0.05996854	0.4141927	2.670741	0.06740406	0.1152846	2.683622	0.2133634	0.5815181	2.631245	-0.09559436	0.5836436	2.627891	0.1370466	0.1128287	2.649116	-0.004103005	0.1146182	2.645659	0.2910963	0.3331593	2.65653	-0.1526164	0.3163058	2.632365	0.1423846	-0.2231637	2.75524	0.02825675	-0.2000885	2.737384	0.1447697	-0.5086278	2.800311	0.05066315	-0.5247734	2.812603	

0.3053209	0.1086569	2.628509	-0.1634733	0.09196206	2.599868	0.3005975	0.03614926	2.655717	-0.1289614	0.02374717	2.62176	0.2499781	0.09018893	2.601918	-0.0921046	0.107107	2.5784	0.05481738	0.842164	2.594723	0.04877964	0.7035834	2.64564	0.05118493	0.6325375	2.653898	0.05810523	0.4140721	2.670152	0.06645164	0.1152064	2.683271	0.2111551	0.5816616	2.630905	-0.09777104	0.5834445	2.626547	0.136048	0.1128354	2.648865	-0.004982375	0.1144608	2.645241	0.289027	0.3330714	2.655997	-0.1545619	0.3164886	2.631619	0.1408448	-0.2226537	2.7542	0.02744604	-0.200182	2.737494	0.1444537	-0.508081	2.799813	0.04994712	-0.523576	2.812831	

0.3046748	0.108732	2.628821	-0.1667414	0.09172146	2.598012	0.300306	0.03611448	2.653287	-0.1365829	0.0219754	2.618711	0.2442265	0.08792135	2.6	-0.09272993	0.09961019	2.580188	0.05050669	0.8424318	2.59275	0.04594132	0.7034568	2.644404	0.04860151	0.6324681	2.652749	0.05629475	0.4141409	2.669237	0.06564237	0.1153788	2.682625	0.2078065	0.5827368	2.63004	-0.1006859	0.5824785	2.624812	0.1350918	0.1132006	2.647937	-0.00563547	0.1144828	2.644847	0.2858646	0.3331171	2.653811	-0.1561996	0.3160968	2.630664	0.1394087	-0.2228784	2.753423	0.025987	-0.1997096	2.737287	0.1439868	-0.5083593	2.799652	0.04975725	-0.5230435	2.81295	

0.3044932	0.1080572	2.628782	-0.1700003	0.09225725	2.596048	0.2969916	0.0352089	2.654589	-0.1367781	0.0229433	2.619709	0.2497239	0.08639698	2.603396	-0.09313618	0.09778944	2.58003	0.04715373	0.8430061	2.591264	0.04360502	0.7035991	2.643086	0.04634463	0.6325366	2.6515	0.0543484	0.4140068	2.668181	0.06433111	0.1150531	2.681805	0.2058542	0.5824088	2.628672	-0.1023699	0.5816796	2.623338	0.133912	0.1130198	2.647151	-0.007028644	0.1140059	2.644038	0.2834783	0.3323422	2.651888	-0.1569889	0.3163568	2.630111	0.1386171	-0.2226785	2.752939	0.02490408	-0.1998505	2.738085	0.1438004	-0.508574	2.799696	0.04927775	-0.5215679	2.813129	

0.3043738	0.1080238	2.628714	-0.1715343	0.0922534	2.594906	0.2988317	0.03554368	2.649267	-0.1359351	0.02370795	2.617481	0.2487266	0.0899725	2.598899	-0.09641394	0.1029689	2.578361	0.04500819	0.8427449	2.590176	0.04224368	0.7035021	2.641876	0.0449967	0.6324162	2.650353	0.05308691	0.4138179	2.667212	0.06334953	0.1147944	2.681051	0.2038938	0.5818884	2.626543	-0.1034867	0.5810196	2.621914	0.1328199	0.1128958	2.645886	-0.007923151	0.1136377	2.643684	0.2821758	0.332235	2.650836	-0.1578284	0.3162348	2.629642	0.1384185	-0.2219685	2.752226	0.0224128	-0.2004758	2.74012	0.1432502	-0.5079562	2.799518	0.04868555	-0.5202116	2.813273	

0.3032295	0.1076789	2.62745	-0.1727152	0.09228312	2.594781	0.2960189	0.03509722	2.645697	-0.1326921	0.01811764	2.624332	0.2433241	0.08720992	2.594267	-0.09440271	0.09576621	2.57727	0.04362198	0.8425384	2.589671	0.04154686	0.7033846	2.641467	0.04423255	0.6322961	2.649882	0.05213222	0.4136912	2.666528	0.06223798	0.1146594	2.680022	0.2027089	0.5822888	2.625727	-0.1045971	0.5808066	2.620894	0.1316923	0.1128918	2.644712	-0.008957132	0.1133824	2.642852	0.2812094	0.3318837	2.650087	-0.1582446	0.3162624	2.629062	0.138146	-0.2219181	2.752195	0.02061151	-0.1999161	2.741381	0.1427076	-0.5081452	2.799597	0.0474328	-0.5180737	2.813871	

0.302709	0.1070818	2.626893	-0.1735021	0.09205638	2.593727	0.2959086	0.03508252	2.644807	-0.1369976	0.02313801	2.614872	0.2492196	0.08734459	2.600584	-0.09751453	0.1051396	2.578409	0.04273839	0.8425038	2.589184	0.04065437	0.7033356	2.640328	0.04329368	0.632257	2.648843	0.05106692	0.4136763	2.665751	0.06106608	0.1146701	2.679539	0.2018042	0.5817092	2.624226	-0.1054103	0.5807361	2.620505	0.1304366	0.1129006	2.64396	-0.01002116	0.1133872	2.642636	0.2805438	0.3313166	2.648642	-0.1586788	0.3159568	2.628541	0.1379784	-0.2220266	2.75217	0.0164135	-0.1988655	2.742188	0.1426166	-0.508152	2.79937	0.04842119	-0.5179385	2.813882	

0.3020273	0.1067178	2.625904	-0.1741836	0.09154132	2.592442	0.2977535	0.03541601	2.639638	-0.1369165	0.02312087	2.613204	0.2460928	0.08536777	2.596269	-0.09519776	0.09893392	2.576308	0.04177119	0.8428348	2.588398	0.03960488	0.7033858	2.638921	0.04218229	0.63227	2.647522	0.04978362	0.4135749	2.664673	0.05960853	0.1144097	2.678743	0.2012842	0.5818936	2.622759	-0.1061345	0.5803754	2.618934	0.1289358	0.1125724	2.64294	-0.01137603	0.1131892	2.642089	0.2798004	0.3309818	2.647064	-0.1597226	0.3154427	2.627544	0.1379648	-0.2217546	2.751744	0.01473367	-0.1983514	2.742183	0.1422099	-0.5085976	2.799251	0.04617257	-0.5159307	2.815425	

0.3023166	0.1060889	2.624992	-0.1746565	0.09112182	2.592128	0.297307	0.03536508	2.635637	-0.1331085	0.01789022	2.618404	0.2444574	0.08097458	2.5925	-0.09684372	0.1025544	2.580051	0.04123617	0.8423009	2.586633	0.03853127	0.7033235	2.635879	0.04099614	0.6321592	2.644645	0.0482945	0.4133172	2.662248	0.05778895	0.1139522	2.676812	0.2006933	0.5817372	2.619486	-0.1063684	0.5803639	2.616629	0.1272975	0.111978	2.641116	-0.01330458	0.1128843	2.640117	0.279663	0.3303378	2.645415	-0.1600324	0.315141	2.626001	0.1386786	-0.2207311	2.750217	0.01407813	-0.198604	2.742415	0.1417276	-0.5087618	2.799155	0.03965788	-0.512728	2.81791	

0.3021789	0.1052596	2.621951	-0.1749218	0.08993534	2.589758	0.3019388	0.03493958	2.634244	-0.1304263	0.01715352	2.615204	0.2473542	0.08120897	2.594517	-0.09933522	0.102867	2.57676	0.04085546	0.8422726	2.584891	0.03834945	0.7027609	2.632522	0.04083868	0.6315944	2.641606	0.04821634	0.4127569	2.660091	0.0578308	0.1134326	2.675598	0.2005871	0.5810489	2.616816	-0.1065449	0.5794712	2.614326	0.1274234	0.1114919	2.639936	-0.01334685	0.112343	2.638907	0.2798708	0.3295243	2.642863	-0.1602563	0.3139771	2.623361	0.138748	-0.2206267	2.749838	0.01353877	-0.1984589	2.741533	0.1414159	-0.5092772	2.798826	0.04125609	-0.513595	2.817128	

0.3024732	0.1047413	2.620156	-0.1748049	0.0897589	2.588758	0.3022813	0.03497937	2.637244	-0.1287204	0.01716507	2.616953	0.2450421	0.07963203	2.588333	-0.0966541	0.1016822	2.578552	0.04064966	0.8421369	2.583741	0.0387562	0.7025483	2.631785	0.0412508	0.6313981	2.640739	0.04864195	0.412625	2.658791	0.05829161	0.1134216	2.673652	0.2008678	0.5805425	2.615207	-0.1064225	0.5796102	2.613013	0.1279957	0.1119301	2.637635	-0.01298165	0.1119424	2.637253	0.28013	0.3289903	2.641327	-0.1605195	0.3138132	2.622493	0.1386366	-0.2203877	2.749119	0.01299475	-0.1981582	2.740366	0.1434603	-0.5071594	2.798226	0.04340612	-0.5160521	2.815184	

0.3050642	0.1052215	2.611567	-0.1475938	0.0878133	2.586743	0.2989512	0.03295413	2.627133	-0.1117843	0.01270626	2.621207	0.2480733	0.07989558	2.574714	-0.08504348	0.07476795	2.562706	0.04124788	0.8418409	2.580684	0.0408862	0.7016246	2.627034	0.043284	0.6305752	2.636058	0.05039244	0.412079	2.654407	0.05973143	0.1131841	2.669813	0.2026523	0.5807636	2.611485	-0.1048877	0.5791273	2.609519	0.1293871	0.1115153	2.63354	-0.011554	0.1118494	2.633747	0.2818186	0.329168	2.636699	-0.1589742	0.3123065	2.618465	0.1383034	-0.2214293	2.746519	0.01562443	-0.1996764	2.733501	0.1427871	-0.5077833	2.797966	0.04467182	-0.5200305	2.813653	

0.312684	0.1067666	2.596425	-0.1470681	0.08565434	2.586843	0.3105297	0.02964638	2.61025	-0.112016	0.01284892	2.613807	0.2542088	0.08389322	2.561062	-0.08504511	0.074789	2.562588	0.04467274	0.83981	2.574627	0.04480959	0.6999464	2.621005	0.04727404	0.6286041	2.629905	0.05460273	0.4091475	2.647895	0.0643321	0.1087716	2.662841	0.2073382	0.5785062	2.604336	-0.1013985	0.5774033	2.604053	0.1339107	0.1048599	2.627562	-0.006728236	0.109504	2.6254	0.2883697	0.3301964	2.627113	-0.1558706	0.3107035	2.613021	0.1400602	-0.2218962	2.738273	0.0447272	-0.2258641	2.708009	0.1477565	-0.5059667	2.796131	0.04807159	-0.5266952	2.808846	

0.3202633	0.1025913	2.584162	-0.1559077	0.08589249	2.566495	0.3144227	0.02934331	2.583496	-0.1115339	0.007108996	2.618407	0.2608201	0.08813316	2.545385	-0.08965903	0.06415009	2.569	0.04809917	0.8387739	2.569884	0.04911827	0.698227	2.615999	0.05168811	0.6269193	2.6246	0.05932606	0.4075947	2.641691	0.06947681	0.107476	2.655434	0.2115504	0.5765071	2.598149	-0.09797306	0.5754396	2.600292	0.1390498	0.1039864	2.620082	-0.001958727	0.1079518	2.618448	0.295125	0.3257269	2.616877	-0.1531565	0.3093004	2.609455	0.1491528	-0.2233366	2.734774	0.04796361	-0.2247961	2.689294	0.1497509	-0.5066388	2.795774	0.05272541	-0.5306627	2.800519	

0.3217493	0.1043041	2.574625	-0.136262	0.08332949	2.584472	0.3188641	0.03467729	2.561116	-0.09907088	0.001775821	2.619923	0.2662008	0.06291248	2.578834	-0.07304053	0.06413843	2.55575	0.05031585	0.8374752	2.567142	0.05371193	0.6965085	2.612325	0.05584266	0.6254606	2.621077	0.06229478	0.4068185	2.638624	0.07119934	0.1073997	2.652939	0.2149332	0.5751123	2.59353	-0.09479014	0.5739394	2.5974	0.1410127	0.1037441	2.617074	-0.0005219308	0.1080337	2.616456	0.2991963	0.3276531	2.608217	-0.1501101	0.3083651	2.606501	0.1528367	-0.2226294	2.72976	0.05351555	-0.222725	2.671345	0.1514094	-0.5068427	2.79552	0.05765387	-0.5339893	2.794888	

0.3314698	0.1079246	2.543398	-0.1367757	0.08237464	2.585584	0.3226085	0.03432602	2.535565	-0.1027201	0.006073153	2.620571	0.265657	0.09395556	2.536444	-0.07188661	0.06207696	2.561375	0.05515107	0.8352779	2.561651	0.05886197	0.6940143	2.606384	0.06050604	0.6234623	2.615624	0.06557326	0.4061175	2.634539	0.07296807	0.1079488	2.650351	0.2195549	0.5732064	2.586673	-0.09118371	0.572341	2.593981	0.1431979	0.1050536	2.613506	0.0008416391	0.1080264	2.614679	0.3053575	0.3283191	2.594853	-0.1468837	0.307702	2.605137	0.1600957	-0.2248075	2.729971	0.04984419	-0.238034	2.607311	0.1468603	-0.5121448	2.795094	0.06500997	-0.5328637	2.779933	

0.3349263	0.1031123	2.500904	-0.1475597	0.08107964	2.581302	0.3258502	0.03981256	2.483377	-0.1222842	0.00281746	2.633404	0.2944376	0.08166429	2.5014	-0.08083331	0.05234472	2.5797	0.0610537	0.8323481	2.549364	0.06654204	0.6913922	2.595866	0.06807423	0.621239	2.605701	0.07257523	0.4051504	2.626456	0.07877067	0.1086686	2.644774	0.2248751	0.5694921	2.572451	-0.08445787	0.5694265	2.586149	0.1498551	0.1068238	2.605309	0.005686085	0.1078846	2.611294	0.3128282	0.3215927	2.563525	-0.1423962	0.3063133	2.60518	0.1698509	-0.2304456	2.728271	0.0662104	-0.2167225	2.564363	0.1479135	-0.5143275	2.795363	0.08336125	-0.5255547	2.745668	

0.3328636	0.1052608	2.480932	-0.1350056	0.07987522	2.607162	0.3251721	0.04452526	2.449672	-0.1077496	0.002048491	2.640169	0.2833262	0.1486808	2.519529	-0.07384996	0.04632672	2.56875	0.06423689	0.8308439	2.539295	0.07119136	0.6897575	2.585485	0.07310017	0.6198177	2.595811	0.07867233	0.4044434	2.617968	0.08614614	0.1091879	2.638145	0.228436	0.5680906	2.561304	-0.08036591	0.5673282	2.577973	0.1569044	0.1083893	2.597207	0.01306519	0.1072946	2.606331	0.315705	0.3229201	2.548777	-0.139055	0.3050787	2.605208	0.174415	-0.2315765	2.723245	0.06442139	-0.2109402	2.548406	0.1496274	-0.5212588	2.79348	0.09188607	-0.5351995	2.701976	

0.3281109	0.1105014	2.417519	-0.1452394	0.0752189	2.592651	0.3234118	0.05077028	2.387959	-0.1156809	0.002938262	2.651519	0.3006737	0.102175	2.379258	-0.0802816	0.03443415	2.562	0.06834454	0.8244204	2.512087	0.07893661	0.6827533	2.554025	0.08035512	0.612939	2.565169	0.08443462	0.3980756	2.590024	0.08986086	0.1038806	2.614356	0.2349394	0.5631553	2.526544	-0.07371607	0.5632877	2.553488	0.1599296	0.1024294	2.571243	0.01721074	0.1025771	2.585234	0.3173953	0.3250702	2.497569	-0.1337228	0.3004727	2.599426	0.1782117	-0.2465072	2.71599	0.0443799	-0.2346194	2.495973	0.1501551	-0.5289807	2.786833	0.05822898	-0.5470183	2.52272	

0.3278931	0.111601	2.405005	-0.1475615	0.07061274	2.593761	0.3219458	0.05251106	2.361573	-0.1127239	-0.004468844	2.663706	0.2954645	0.1093319	2.379486	-0.09494334	0.02876855	2.59735	0.06943752	0.8215955	2.497617	0.07930044	0.6811302	2.543462	0.08072946	0.6111127	2.554426	0.0848191	0.3955915	2.578682	0.0901656	0.100454	2.602116	0.234876	0.5614435	2.516691	-0.07310484	0.5612237	2.54049	0.160018	0.098548	2.561733	0.01781388	0.09978505	2.569774	0.3160309	0.3244938	2.489803	-0.1314981	0.2949966	2.588876	0.1799336	-0.2511308	2.712057	0.04391175	-0.2344135	2.494665	0.1487262	-0.5360625	2.780777	0.05212665	-0.5483552	2.48851	

0.3282558	0.1089985	2.362407	-0.1409986	0.06597181	2.586415	0.3165002	0.0476866	2.320199	-0.1222632	-0.0007942398	2.617103	0.2667206	0.1080437	2.448019	-0.09588433	0.05423536	2.553647	0.06806613	0.8136426	2.462323	0.07476718	0.6751947	2.504845	0.07648733	0.6051156	2.516529	0.08142453	0.3893893	2.542936	0.08778989	0.09401991	2.56917	0.2305338	0.5539209	2.478029	-0.07609377	0.5506277	2.497704	0.1572925	0.09182228	2.527109	0.01583142	0.09367603	2.539199	0.3094681	0.3196368	2.451953	-0.1295197	0.2864738	2.552308	0.176375	-0.2715622	2.68487	0.03984552	-0.2283899	2.479656	0.1422454	-0.5242357	2.761332	0.04571284	-0.5486189	2.461673	

0.3278004	0.102077	2.352672	-0.1630727	0.05659596	2.518853	0.3133502	0.04009325	2.304052	-0.1367132	-0.003151588	2.586533	0.2645943	0.08892513	2.429722	-0.1081695	0.04971543	2.535563	0.06350855	0.8109439	2.444034	0.07197613	0.6716039	2.488164	0.07374181	0.6011254	2.499758	0.07884255	0.3841228	2.525891	0.08547492	0.08689079	2.551732	0.2273896	0.5502187	2.461458	-0.07774831	0.5475418	2.479279	0.1553816	0.08195322	2.511287	0.0130555	0.08930305	2.519315	0.3057082	0.3138155	2.438312	-0.1339104	0.2802406	2.531834	0.175314	-0.2529691	2.661891	0.03813173	-0.2221102	2.466168	0.1439835	-0.5467987	2.773363	0.04440319	-0.5499544	2.458688	

0.326149	0.09826012	2.342692	-0.1522312	0.05283501	2.532756	0.3113689	0.03476905	2.294869	-0.1294244	-0.01493667	2.573901	0.2422696	0.07317266	2.404467	-0.1019721	0.04392281	2.505909	0.06141188	0.8087924	2.43465	0.06889521	0.668994	2.474735	0.07066301	0.5984623	2.486372	0.0757903	0.3812948	2.512675	0.08248749	0.08385677	2.538821	0.2253788	0.5482752	2.450222	-0.08083212	0.5448741	2.467705	0.1527238	0.07806506	2.4997	0.009897943	0.08734985	2.50556	0.3024189	0.3097412	2.428523	-0.1361059	0.2761872	2.51749	0.174697	-0.2540606	2.660333	0.03680108	-0.2197673	2.454823	0.1425315	-0.5434398	2.770163	0.04394099	-0.55182	2.455282	

0.3234208	0.09303014	2.333187	-0.1756719	0.05227016	2.486231	0.3102427	0.02985419	2.290734	-0.1397607	-0.01732313	2.555627	0.2538982	0.06350788	2.405371	-0.1072167	0.01526264	2.506417	0.05793487	0.8077356	2.424778	0.06595307	0.6673961	2.463092	0.0679254	0.5967549	2.474754	0.07367443	0.3792343	2.501108	0.08120866	0.08128591	2.527248	0.2203412	0.5460538	2.435987	-0.08286613	0.5406141	2.447535	0.1514466	0.07517032	2.487323	0.008655439	0.08511579	2.494871	0.2982365	0.3051054	2.416844	-0.1366691	0.2743788	2.500125	0.1718353	-0.2560135	2.653176	0.03608152	-0.2220917	2.450194	0.1424778	-0.5432941	2.769142	0.04352751	-0.5527055	2.451926	

0.3217517	0.08089229	2.306168	-0.1662597	0.04655035	2.452189	0.3096346	0.01284696	2.279514	-0.1419137	-0.02397613	2.481196	0.3412725	0.03692361	2.286167	-0.1070829	0.005583384	2.423273	0.04043748	0.8042467	2.372885	0.04837673	0.6640238	2.406086	0.05068522	0.5935162	2.417203	0.05753272	0.3762844	2.441969	0.06664231	0.07854113	2.466039	0.206972	0.5424439	2.385356	-0.09849422	0.5369463	2.395299	0.1376148	0.07455099	2.427694	-0.006282425	0.08022948	2.432113	0.2901331	0.2955179	2.379183	-0.1494835	0.2699868	2.437312	0.1170909	-0.2492301	2.529113	0.03186852	-0.2246524	2.419075	0.1413631	-0.5283457	2.749574	0.04206283	-0.5505531	2.44271	

0.3205447	0.07758991	2.302473	-0.1760245	0.04359512	2.42785	0.3087513	0.009834898	2.277661	-0.1511393	-0.02662166	2.456359	0.3418641	0.03759222	2.285565	-0.1140058	0.02640224	2.400385	0.03897175	0.8043187	2.367795	0.04655427	0.6645529	2.400892	0.0489298	0.5940056	2.41171	0.05601335	0.3766241	2.435503	0.06552413	0.07860427	2.458086	0.2053951	0.5417492	2.378958	-0.1002569	0.5363091	2.390115	0.1366365	0.07531729	2.41968	-0.007521735	0.07958224	2.424161	0.2883042	0.2927952	2.373134	-0.1531721	0.2678797	2.430151	0.1143711	-0.2473104	2.517685	0.0306897	-0.2248093	2.415919	0.1410352	-0.5275041	2.736627	0.04137573	-0.5508447	2.439813	

0.3164996	0.07154458	2.293612	-0.1872234	0.03691125	2.376842	0.3057288	0.004813392	2.273408	-0.1654482	-0.03727729	2.418852	0.3283221	0.04859352	2.246438	-0.1155114	-0.0008070654	2.367643	0.02819098	0.8059333	2.338675	0.03504124	0.6643443	2.3704	0.03752156	0.5936186	2.379781	0.04503574	0.3755818	2.399142	0.0553319	0.07643229	2.415547	0.1962093	0.5405287	2.350819	-0.1101548	0.5341989	2.360015	0.1263908	0.07689243	2.37728	-0.01743637	0.07364289	2.381292	0.2832652	0.2891374	2.354424	-0.1703453	0.2618982	2.382605	0.1234906	-0.2378983	2.468568	0.04492384	-0.241893	2.419358	0.1369554	-0.5045838	2.703856	0.03662573	-0.5423417	2.436689	

0.3160494	0.06934091	2.288947	-0.1893536	0.03605139	2.36257	0.3059828	0.0003338161	2.275517	-0.1645149	-0.04367286	2.405185	0.3274618	0.03502456	2.266417	-0.1284197	0.008618337	2.354789	0.02625215	0.8054314	2.329086	0.03239099	0.6633428	2.36267	0.03502948	0.5926498	2.372145	0.04300138	0.3747206	2.391933	0.05383267	0.07574122	2.40918	0.1944769	0.5404093	2.343976	-0.1129843	0.533252	2.348742	0.1248066	0.07644656	2.37087	-0.01877424	0.07274934	2.37513	0.2814523	0.2876774	2.34544	-0.1722175	0.2610769	2.377371	0.1222755	-0.2384042	2.453556	0.04410615	-0.2429007	2.4173	0.1366589	-0.5074486	2.686274	0.03441731	-0.5400555	2.435709	

0.3083726	0.06919295	2.279457	-0.1875383	0.03163967	2.268241	0.2997989	-0.00640928	2.271771	-0.1680296	-0.03168457	2.269298	0.3241684	0.04396809	2.251705	-0.1186499	0.04471052	2.269562	0.01231687	0.7995411	2.276798	0.01876615	0.659218	2.317369	0.021238	0.5882806	2.325406	0.02915493	0.3696528	2.342414	0.04007892	0.06966682	2.356879	0.1842932	0.5361131	2.309284	-0.1268882	0.5284705	2.30199	0.1102476	0.07189416	2.319736	-0.03131989	0.06530242	2.321725	0.2748394	0.2894415	2.326967	-0.1886518	0.2563284	2.302494	0.1220385	-0.2437035	2.363064	0.01881294	-0.2438063	2.386484	0.1348512	-0.5014719	2.607471	0.03066124	-0.5372651	2.434839	

0.3018528	0.06234873	2.273345	-0.1847726	0.04093679	2.156087	0.2970565	-0.0131804	2.274605	-0.1461233	-0.01241282	2.13656	0.3215778	0.03631499	2.260588	-0.1290243	0.07504652	2.181875	0.009511678	0.7939991	2.228491	0.01511203	0.653334	2.28097	0.01839633	0.5825148	2.289363	0.02833526	0.3638533	2.304891	0.04198325	0.06349218	2.31577	0.1800221	0.5315243	2.268193	-0.131171	0.5201866	2.250644	0.111123	0.06915499	2.285158	-0.02830928	0.05527335	2.273351	0.2702631	0.284721	2.307353	-0.1913577	0.2599389	2.222378	0.1359642	-0.2383679	2.253724	-0.005159128	-0.2668288	2.381745	0.1287215	-0.5424362	2.442985	0.02934942	-0.5372843	2.434512	

0.2983564	0.05481016	2.265943	-0.1625734	0.05347828	2.080916	0.2966322	-0.01938825	2.271305	-0.1294216	0.007490729	2.055088	0.3208545	0.009932765	2.254889	-0.09790228	0.02331151	2.154818	0.01050999	0.791424	2.198126	0.01332099	0.6513639	2.24039	0.01658751	0.5798336	2.249696	0.02654148	0.3592791	2.269754	0.04011364	0.05678275	2.287269	0.1769311	0.5275834	2.23403	-0.1325488	0.5199512	2.216929	0.10895	0.06417074	2.251672	-0.02994875	0.04786013	2.250344	0.2680126	0.2782704	2.287776	-0.1822499	0.2647524	2.16963	0.1380461	-0.2628736	2.204746	-0.007530263	-0.2777473	2.372849	0.1613112	-0.5832975	2.315349	0.02861951	-0.5485066	2.429832	

0.2968246	0.05390729	2.261489	-0.1609152	0.05515609	2.074547	0.2985728	-0.02494203	2.280104	-0.1200919	0.008669727	2.032249	0.3186513	0.0135812	2.261545	-0.08553096	0.03038498	2.14676	0.01201498	0.7899206	2.189637	0.0135373	0.6498052	2.234954	0.01685346	0.5783883	2.244125	0.02696452	0.358071	2.263277	0.04074544	0.05577162	2.279554	0.176768	0.5273321	2.228428	-0.1316625	0.5201475	2.2096	0.1095093	0.06353644	2.245122	-0.0292938	0.04634894	2.241529	0.26709	0.2776186	2.279213	-0.1815213	0.2653889	2.165778	0.1400555	-0.2659785	2.194903	-0.007537249	-0.2820317	2.367908	0.1601248	-0.5899335	2.260585	0.0295476	-0.551958	2.427239	

0.3062774	0.0372493	2.188339	-0.1340535	0.05206646	1.966547	0.3022392	-0.04160256	2.216094	-0.1023179	0.007624947	1.929253	0.3219026	0.05386764	2.196667	-0.07234146	0.07503197	2.061948	0.02707643	0.77397	2.104849	0.02655862	0.6322674	2.148005	0.03041614	0.5608445	2.156453	0.04207871	0.3402331	2.173301	0.05784829	0.03684408	2.186622	0.1895963	0.5092587	2.141088	-0.1175955	0.503659	2.119721	0.1264322	0.04664096	2.15299	-0.01266096	0.02582693	2.147943	0.2760972	0.2609652	2.194886	-0.166866	0.2527821	2.075892	0.1485217	-0.2848122	2.116746	-0.001048162	-0.3047048	2.318049	0.1650116	-0.6049597	2.096267	0.0354851	-0.5585679	2.418274	

0.3076594	0.0357966	2.184489	-0.1340905	0.05145749	1.965503	0.3015379	-0.04449815	2.197477	-0.09881715	-0.0009825334	1.922533	0.3277263	0.03962419	2.186556	-0.07229529	0.01341033	2.039286	0.02855169	0.7729498	2.101262	0.02821758	0.6313977	2.143906	0.03189066	0.5600029	2.152454	0.04302692	0.33946	2.169573	0.05815499	0.03613237	2.18317	0.1916797	0.5077356	2.135692	-0.1159063	0.5025175	2.114492	0.1268823	0.04588483	2.149556	-0.0125106	0.02517998	2.144465	0.2780409	0.2595795	2.190616	-0.1663153	0.252736	2.073914	0.1480342	-0.2845704	2.115928	0.0001338335	-0.3043343	2.315081	0.1649945	-0.6049502	2.096268	0.03727116	-0.5597898	2.414484	

0.3175244	0.02963229	2.142156	-0.1346592	0.03936181	1.950347	0.3125536	-0.05144646	2.158617	-0.1003611	-0.0151727	1.9042	0.3372623	0.06728045	2.154333	-0.0561917	0.01937924	2.023	0.03853116	0.7701207	2.072945	0.03829135	0.629442	2.109149	0.04116439	0.5576876	2.118077	0.04987021	0.3359848	2.136291	0.06175661	0.03099482	2.15116	0.2022312	0.5025705	2.096334	-0.1075993	0.498284	2.084679	0.1305791	0.04079714	2.114393	-0.00915021	0.02016719	2.115455	0.2880413	0.2534847	2.149362	-0.1587876	0.2479228	2.045151	0.1494162	-0.2784251	2.098702	0.006005837	-0.3098961	2.299516	0.1647934	-0.6047624	2.095895	0.04120973	-0.5650983	2.410987	

0.3224897	0.02647673	2.068471	-0.1408339	0.03097146	1.925173	0.3262146	-0.05510259	2.090557	-0.1056095	-0.03250749	1.900419	0.3500057	0.02931421	2.081375	-0.1520039	0.002359459	1.918882	0.05523145	0.7680123	2.020923	0.05465109	0.6274523	2.056036	0.05733692	0.5559133	2.064117	0.065305	0.3346791	2.079923	0.07591536	0.02998739	2.091804	0.2172169	0.4985347	2.046221	-0.09317532	0.4979369	2.029819	0.1450577	0.03965642	2.056577	0.004137637	0.01928011	2.054717	0.2981627	0.2509929	2.087387	-0.1483777	0.2459575	2.006042	0.1567756	-0.2708759	2.064374	0.02410699	-0.3086692	2.235982	0.1667001	-0.6034101	2.089589	0.04357969	-0.5716519	2.40028	

0.3213663	0.02580498	2.05412	-0.1409646	0.02904102	1.920249	0.331822	-0.05434198	2.062283	-0.1048409	-0.03950197	1.902308	0.3553955	0.0439808	2.0616	-0.1624163	0.01458419	1.9215	0.05722985	0.7678556	2.016527	0.05557897	0.6274831	2.052189	0.05831223	0.5559381	2.060036	0.06642651	0.3346677	2.075099	0.07724468	0.0298835	2.085889	0.2185363	0.4983022	2.039902	-0.0917764	0.4975809	2.025319	0.1466777	0.03879688	2.050879	0.005134107	0.0199555	2.048471	0.2997692	0.2503134	2.079573	-0.1474431	0.244434	1.999992	0.1575898	-0.2707059	2.06036	0.02514321	-0.306914	2.222936	0.1674792	-0.6015807	2.085858	0.04402288	-0.5750644	2.392874	

0.3378774	0.01885415	1.976383	-0.1413601	0.01247103	1.912826	0.3395536	-0.05982994	1.985179	-0.1070086	-0.05202215	1.903494	0.3654539	-0.01758595	1.969143	-0.1268204	-0.02929324	1.865737	0.07225318	0.7636559	1.964938	0.06944472	0.62337	2.002218	0.07184082	0.5517002	2.009316	0.07885918	0.3298986	2.022206	0.08810582	0.02410815	2.030162	0.2330342	0.4948844	1.985551	-0.07901611	0.494023	1.97509	0.1572269	0.03325295	1.993626	0.01583768	0.01410348	1.994391	0.314992	0.2427029	2.009192	-0.1395431	0.2348981	1.965557	0.1570194	-0.2725149	2.046068	0.03472713	-0.295789	2.122692	0.1695697	-0.5933608	2.076369	0.04799869	-0.5645302	2.355399	

0.3384097	0.01972637	1.964107	-0.1389249	0.01204726	1.90531	0.3430802	-0.06114313	1.960247	-0.1104354	-0.05640419	1.905432	0.3674009	-0.003449009	1.946	-0.1453257	0.0167244	1.867304	0.0729728	0.7634465	1.961368	0.07008515	0.6224609	1.998827	0.07235801	0.5507562	2.005746	0.07896034	0.3288257	2.018039	0.08752593	0.02280437	2.025044	0.233908	0.4934286	1.98098	-0.07826795	0.4932289	1.972163	0.1565906	0.03171339	1.987762	0.01532502	0.01305761	1.989966	0.3160911	0.2431597	2.00147	-0.1387616	0.2338835	1.961111	0.1559996	-0.2751907	2.035929	0.0381524	-0.2965284	2.100374	0.1701804	-0.5929028	2.075091	0.05097038	-0.5654189	2.332936	

0.3419439	0.01779367	1.9062	-0.1338813	0.008836053	1.900923	0.3446143	-0.0615304	1.904649	-0.112166	-0.06255895	1.909742	0.3694411	-0.01528741	1.884647	-0.1866263	0.07889207	1.8675	0.07665375	0.7584518	1.936664	0.07600759	0.6189121	1.977604	0.07749102	0.5469192	1.984186	0.08165541	0.3240038	1.995334	0.08676577	0.01638265	2.000473	0.2379311	0.4889111	1.953747	-0.07445206	0.4910125	1.957638	0.155954	0.02325599	1.962407	0.01443801	0.008795962	1.966121	0.3221053	0.2404606	1.951521	-0.1360257	0.2316357	1.951771	0.1537479	-0.2870187	2.019661	0.04326354	-0.2878822	2.018174	0.1710814	-0.5918209	2.073397	0.05413653	-0.5363445	2.271204	

0.3444532	0.01228633	1.832859	-0.1344266	0.002483401	1.901205	0.3379354	-0.05442934	1.820292	-0.1123196	-0.0738032	1.924088	0.3514837	-0.008357668	1.788677	-0.1616126	0.01530378	1.930417	0.0788757	0.753278	1.899646	0.08066423	0.6130307	1.943392	0.08187913	0.5414114	1.949467	0.08519304	0.3196276	1.959384	0.08923473	0.01357057	1.96349	0.2405451	0.485202	1.912245	-0.06943346	0.4859062	1.929043	0.1582073	0.01881051	1.922725	0.01695647	0.007698493	1.931869	0.322272	0.23126	1.895835	-0.1304641	0.2271684	1.939323	0.1714245	-0.3032958	2.008574	0.05315169	-0.2961701	1.931229	0.171838	-0.5913028	2.072325	0.06157944	-0.560638	2.168633	

0.3303761	0.01194174	1.75108	-0.1374136	-0.006446045	1.904103	0.31871	-0.05097846	1.729509	-0.1030295	-0.08625078	1.94033	0.3309617	-0.008499831	1.697187	-0.1482285	-0.039086	1.924357	0.07412236	0.7434864	1.842812	0.08616369	0.6062905	1.886796	0.0871978	0.5352569	1.894944	0.08983698	0.3151765	1.912269	0.09251407	0.01143755	1.930789	0.239866	0.478979	1.848638	-0.06431375	0.4778668	1.879342	0.1628971	0.008378427	1.884467	0.01897837	0.01279459	1.903047	0.3167695	0.2284323	1.826463	-0.1240597	0.2193812	1.920979	0.1948832	-0.3432332	1.994713	0.04931156	-0.2993133	1.833451	0.1683451	-0.59737	2.069446	0.09046523	-0.6205692	1.989612	

0.3300874	0.01135278	1.747794	-0.1384652	-0.008184739	1.90175	0.3147652	-0.04993106	1.712373	-0.1048564	-0.08470435	1.934019	0.359012	0.01662912	1.737545	-0.1480426	-0.03870788	1.923316	0.0739007	0.7433032	1.840246	0.08615226	0.605958	1.884019	0.08714914	0.5349216	1.892466	0.08970711	0.3147706	1.910099	0.0923157	0.01064544	1.926762	0.2397916	0.4785558	1.846285	-0.06444971	0.4776074	1.877765	0.1626988	0.007750252	1.882084	0.01873017	0.01237647	1.898138	0.3163682	0.2279932	1.822675	-0.1226157	0.2175311	1.914878	0.1966231	-0.3508789	1.996064	0.05044246	-0.3033339	1.832869	0.161785	-0.6102539	2.062045	0.05544409	-0.6331497	1.911377	

0.3247574	0.01028327	1.709422	-0.1422116	-0.01761367	1.883355	0.3084745	-0.05456807	1.679561	-0.1053059	-0.0984896	1.926781	0.3506881	0.008842181	1.699	-0.1457211	-0.05159738	1.9016	0.06985907	0.7371756	1.806592	0.08408637	0.5991129	1.850898	0.08513172	0.5281959	1.860611	0.08787128	0.3081595	1.880931	0.09094171	0.003714787	1.897305	0.2375333	0.4722255	1.814137	-0.06714886	0.471097	1.847375	0.1609124	0.001355582	1.856033	0.01765022	0.005969304	1.866744	0.3133184	0.2242678	1.793084	-0.1201351	0.2072177	1.882722	0.198826	-0.3748059	1.986593	0.0522686	-0.3079775	1.821471	0.1566782	-0.6285821	2.055893	0.05670407	-0.6446358	1.809556	

0.3243163	-0.003852461	1.671183	-0.1449737	-0.02774414	1.819447	0.3055315	-0.0619055	1.642083	-0.1089561	-0.1049155	1.868675	0.3203421	-0.01764952	1.615059	-0.1534465	-0.05834009	1.849312	0.06148692	0.7290162	1.763498	0.07223979	0.5895069	1.800767	0.07411096	0.5180939	1.809645	0.07948522	0.2964609	1.827943	0.08642929	-0.01004579	1.842813	0.2277379	0.4622627	1.765597	-0.0752088	0.4584155	1.790434	0.1571568	-0.01333478	1.802864	0.0123116	-0.006362655	1.810446	0.3072472	0.2121434	1.747587	-0.12657	0.1977579	1.824998	0.1944542	-0.3743341	1.961753	0.05680534	-0.3111103	1.794192	0.1559503	-0.6225224	2.047703	0.0563148	-0.6428706	1.795511	

0.318833	-0.009720942	1.628105	-0.1576253	-0.03960155	1.740993	0.3102843	-0.07816304	1.612357	-0.1396313	-0.1124785	1.772794	0.3443604	-0.03581715	1.620467	-0.1740588	-0.05869644	1.768941	0.04045131	0.7233914	1.703411	0.05516958	0.5851128	1.736171	0.0573464	0.5135278	1.745066	0.06373744	0.2911027	1.763463	0.07216177	-0.01692946	1.778368	0.2128778	0.4559509	1.704029	-0.09189083	0.4513406	1.726868	0.1440569	-0.01895867	1.736958	-0.002659291	-0.01421181	1.747426	0.2985385	0.2078307	1.69853	-0.1411141	0.1862009	1.755644	0.1445902	-0.327237	1.852758	0.04393058	-0.3161672	1.751829	0.1578171	-0.6262454	2.045015	0.05443484	-0.6335499	1.779761	

0.3183712	-0.01157285	1.624162	-0.1601283	-0.03912282	1.715241	0.3076263	-0.08169339	1.602485	-0.1398919	-0.1188177	1.740833	0.3459154	-0.04476624	1.618125	-0.1808998	-0.05386383	1.7296	0.03744346	0.7227942	1.692849	0.05147832	0.5837817	1.725432	0.05371429	0.5123614	1.734381	0.06029724	0.2903905	1.752935	0.06898845	-0.01710486	1.768009	0.2104176	0.4555681	1.693644	-0.09527361	0.4499916	1.716215	0.1410062	-0.0186716	1.726363	-0.005845149	-0.01483025	1.737275	0.2972335	0.2067554	1.691452	-0.1450712	0.1864437	1.740216	0.1450144	-0.3266886	1.850358	0.04247381	-0.3155407	1.747522	0.1559878	-0.6251056	2.038718	0.05364745	-0.6309208	1.775126	

0.3174828	-0.01255124	1.619617	-0.1627385	-0.03909664	1.699446	0.3079793	-0.0822846	1.597868	-0.137391	-0.1223555	1.725255	0.3227275	-0.03537823	1.56694	-0.1833306	-0.05559547	1.710154	0.03437223	0.722091	1.681146	0.04905647	0.5829251	1.715002	0.0514649	0.5115255	1.724006	0.05858145	0.2895768	1.742729	0.0680019	-0.0179534	1.758005	0.2078204	0.4546036	1.683722	-0.09828357	0.4492587	1.707234	0.1398887	-0.01974355	1.716535	-0.00667269	-0.0154167	1.727101	0.2948859	0.2064628	1.683681	-0.1478881	0.1864278	1.725826	0.1468733	-0.3266488	1.846489	0.04135564	-0.3154747	1.741173	0.1554796	-0.6234714	2.034547	0.0533454	-0.6307753	1.77394	

0.315465	-0.01516879	1.610174	-0.1622294	-0.03685883	1.628024	0.3054221	-0.08724903	1.591099	-0.1360938	-0.1139583	1.633969	0.3423975	-0.05186639	1.6058	-0.1801715	-0.06444314	1.629625	0.0257202	0.7185189	1.644705	0.03904307	0.5799564	1.685244	0.04168744	0.5086015	1.692833	0.04969566	0.2866732	1.70709	0.06070526	-0.02111445	1.71578	0.1990416	0.4517526	1.655887	-0.1075011	0.4462396	1.670848	0.1330674	-0.02126615	1.675101	-0.01421921	-0.02010819	1.684036	0.2893165	0.2058147	1.663673	-0.1624441	0.1873779	1.672563	0.1191149	-0.3220675	1.779517	0.03716496	-0.3129131	1.725391	0.1519023	-0.5974897	2.002666	0.05333275	-0.6315529	1.772391	

0.3134512	-0.01672894	1.606225	-0.1607722	-0.03143808	1.590384	0.3054683	-0.09202997	1.593438	-0.1311254	-0.1098288	1.580253	0.33279	-0.04107685	1.582736	-0.174971	-0.06564737	1.573283	0.02252258	0.7162714	1.632768	0.0353193	0.5779013	1.67359	0.03790598	0.506519	1.680954	0.04574246	0.2844678	1.69478	0.05648423	-0.02355738	1.703438	0.1959774	0.4501024	1.645491	-0.1107875	0.4453231	1.65872	0.1292351	-0.0237736	1.664107	-0.01867151	-0.02232825	1.670298	0.2873257	0.204796	1.65695	-0.1649816	0.188489	1.656293	0.1289476	-0.3265609	1.769481	0.04127441	-0.3161783	1.718466	0.1538682	-0.6041809	1.991015	0.04902866	-0.6309965	1.766966	

0.3102844	-0.01976732	1.605918	-0.1641003	-0.02811167	1.520363	0.3006226	-0.09744554	1.599494	-0.124129	-0.09871524	1.504104	0.3337071	-0.04421359	1.597869	-0.1574303	-0.0698192	1.48542	0.01607282	0.7092748	1.60269	0.02737886	0.5737329	1.649955	0.03003377	0.502635	1.656075	0.03811332	0.2814179	1.665941	0.04921086	-0.02557601	1.668719	0.1897588	0.4479267	1.627148	-0.1198416	0.4399683	1.626113	0.121904	-0.02316116	1.633526	-0.02557201	-0.02720277	1.631116	0.283162	0.2026513	1.650611	-0.1724569	0.1884297	1.598284	0.1347098	-0.3203102	1.674023	0.03726894	-0.3237313	1.691918	0.1514698	-0.5879384	1.907421	0.04673549	-0.6304617	1.76387	

0.3100103	-0.02148703	1.606211	-0.1642291	-0.02709191	1.51381	0.3019449	-0.09983196	1.608367	-0.1231251	-0.09306287	1.481924	0.3301223	-0.04360851	1.60045	-0.1548615	-0.0576699	1.46165	0.01532249	0.7088546	1.598263	0.02504554	0.57279	1.644051	0.0279864	0.5017803	1.650389	0.03686714	0.2807646	1.66102	0.04884686	-0.02607534	1.664993	0.1883879	0.4473955	1.622997	-0.1210372	0.439645	1.621651	0.1212486	-0.02306427	1.629448	-0.02567294	-0.02812905	1.627859	0.2808535	0.2010909	1.64794	-0.1730764	0.1883734	1.595002	0.1339692	-0.325354	1.650002	0.03182758	-0.32671	1.687206	0.1506644	-0.5877376	1.888811	0.04521013	-0.6298581	1.762395	

0.3065514	-0.02391701	1.608329	-0.1606874	-0.02198644	1.47578	0.2978392	-0.103044	1.614598	-0.1187235	-0.08351945	1.443008	0.3260031	-0.03271853	1.6132	-0.1226091	-0.03464068	1.421812	0.01334819	0.7063438	1.584375	0.0214768	0.5707145	1.631632	0.0248695	0.4997061	1.638001	0.03513554	0.278616	1.648822	0.04899742	-0.02847782	1.653247	0.1853743	0.4458897	1.613962	-0.1226723	0.4383122	1.613786	0.1207936	-0.02266666	1.618728	-0.02486198	-0.03357947	1.614804	0.2773868	0.1994205	1.644028	-0.1761184	0.1881312	1.570573	0.1341377	-0.3303174	1.606279	0.01715938	-0.333506	1.682999	0.1520099	-0.6065058	1.829973	0.04109278	-0.6276061	1.759226	

0.3045594	-0.02480295	1.608672	-0.1577822	-0.02748276	1.465555	0.296232	-0.1031998	1.618475	-0.1181126	-0.07891042	1.424744	0.3261184	-0.06482653	1.607444	-0.1229696	-0.03060537	1.405595	0.01245112	0.7051951	1.575837	0.01962997	0.5691693	1.62426	0.02323227	0.4983084	1.630779	0.03413276	0.277611	1.642076	0.0488287	-0.02906071	1.64718	0.1840742	0.4454209	1.608387	-0.1237694	0.437484	1.608774	0.1203033	-0.02276804	1.613386	-0.02470975	-0.03444789	1.608363	0.2764143	0.1988251	1.642977	-0.1789968	0.182546	1.559398	0.1357624	-0.3305981	1.598148	0.01094722	-0.3393698	1.68288	0.1530294	-0.6150944	1.812039	0.04050617	-0.6287607	1.758652	

0.3023695	-0.02500375	1.611294	-0.148781	-0.02455762	1.422691	0.2942054	-0.1044061	1.626332	-0.1104747	-0.06404743	1.381262	0.3171152	-0.06103535	1.610929	-0.1541816	0.005357153	1.389643	0.009662819	0.7021631	1.548112	0.01454829	0.5665201	1.598013	0.01904509	0.4957567	1.605411	0.03255994	0.2752297	1.619242	0.0505372	-0.03139324	1.627367	0.1802703	0.4444887	1.589482	-0.1318319	0.4321256	1.561417	0.1213366	-0.02380029	1.595314	-0.02246018	-0.03781296	1.587002	0.2737252	0.1992326	1.638051	-0.1792196	0.1799029	1.526885	0.1387556	-0.3325326	1.537908	0.006064859	-0.3493405	1.679026	0.1534374	-0.6524171	1.700099	0.04769742	-0.6477876	1.758605	

0.3017716	-0.02576485	1.607967	-0.1492315	-0.03004476	1.41327	0.2937155	-0.1083771	1.616976	-0.1062211	-0.07881737	1.370155	0.3156337	-0.06715584	1.603667	-0.1091873	-0.02850067	1.357419	0.00756555	0.6985566	1.52201	0.01059083	0.5624178	1.572865	0.01541053	0.4916053	1.580952	0.03005585	0.2708693	1.597046	0.04977391	-0.03603708	1.608487	0.1761354	0.441276	1.563102	-0.1325851	0.4306415	1.548501	0.1203266	-0.02828502	1.575322	-0.02302708	-0.04223749	1.569268	0.2683822	0.1983402	1.617817	-0.1783091	0.1772269	1.511752	0.1438847	-0.3364569	1.516354	0.003728754	-0.3560228	1.673061	0.1667302	-0.6753942	1.582067	0.051479	-0.6576459	1.754893	

0.3013646	-0.02670776	1.59481	-0.1491314	-0.03358278	1.405925	0.2925883	-0.1082957	1.597186	-0.10578	-0.08975253	1.364815	0.3162045	-0.07121124	1.57885	-0.1137528	-0.04050738	1.346762	0.005607111	0.6953417	1.505351	0.009830843	0.559267	1.556337	0.01480557	0.488334	1.564999	0.02996312	0.2671633	1.58273	0.05048141	-0.04039515	1.596172	0.1748481	0.439656	1.545975	-0.1323633	0.426127	1.529998	0.1208405	-0.03170886	1.561701	-0.02218975	-0.04724438	1.55813	0.2669409	0.1971529	1.599027	-0.1777494	0.17519	1.501078	0.145693	-0.3399968	1.508489	0.004658894	-0.365637	1.668464	0.1675929	-0.6803472	1.519309	0.05200033	-0.6585928	1.754405	

0.3024183	-0.02765902	1.582438	-0.1496798	-0.03397321	1.401275	0.2987964	-0.1108237	1.589573	-0.1090246	-0.09524974	1.364942	0.3212255	-0.04517157	1.5748	-0.1015723	-0.03591544	1.36495	0.005161929	0.6940702	1.497047	0.009732502	0.5578721	1.546778	0.01477796	0.4868704	1.5558	0.03017115	0.2654527	1.574629	0.05105538	-0.04246642	1.589499	0.1751042	0.438415	1.537986	-0.1320558	0.4254295	1.523926	0.1213688	-0.03359609	1.554532	-0.02160947	-0.04937632	1.552028	0.2673209	0.1961915	1.589674	-0.177384	0.1751669	1.495866	0.146331	-0.3419443	1.504332	0.005358627	-0.3728601	1.666731	0.165803	-0.6796106	1.51143	0.05250861	-0.6593665	1.754432	

0.3046942	-0.02892765	1.573888	-0.1507572	-0.03675516	1.397469	0.2987398	-0.1117769	1.574514	-0.1097148	-0.1028071	1.363278	0.3266738	-0.0667063	1.5605	-0.106693	-0.04531517	1.351036	0.004694387	0.691992	1.487341	0.009991152	0.5560181	1.539309	0.01508447	0.4849477	1.548318	0.03064985	0.2632686	1.567151	0.05184464	-0.04510217	1.582122	0.1758173	0.4369206	1.527611	-0.1315697	0.4234688	1.515632	0.1221598	-0.03635139	1.546247	-0.02086732	-0.05177112	1.545556	0.2678019	0.1945779	1.579005	-0.1765054	0.173485	1.489967	0.1469636	-0.3447348	1.499193	0.00581815	-0.377628	1.665232	0.1660619	-0.6828321	1.497171	0.05275876	-0.6600051	1.753953	

0.3080863	-0.04406175	1.497467	-0.1629725	-0.06370241	1.38737	0.2568595	-0.151058	1.486457	-0.1233275	-0.127924	1.356603	0.3300587	-0.1012897	1.49865	-0.1079401	-0.06774534	1.376333	0.01236551	0.678749	1.431018	0.0247393	0.5436624	1.477829	0.02888524	0.4727411	1.487727	0.04149561	0.2511946	1.509278	0.05864547	-0.05749167	1.527746	0.1885067	0.4225282	1.461528	-0.1200704	0.4137655	1.461836	0.1297884	-0.05172707	1.489818	-0.01527968	-0.06053418	1.493331	0.2810665	0.1811317	1.509015	-0.1677734	0.1568624	1.452312	0.1458171	-0.3568891	1.492707	0.01555889	-0.4246211	1.647911	0.1650106	-0.6736259	1.477619	0.05440494	-0.6636665	1.75206	

0.3121597	-0.04691586	1.480582	-0.1643909	-0.06693312	1.384303	0.2609448	-0.1507718	1.463944	-0.1315855	-0.1301253	1.350843	0.3340119	-0.1055629	1.463393	-0.1136206	-0.0343881	1.399333	0.01620959	0.6780968	1.421841	0.02776907	0.5431179	1.46892	0.03155722	0.4722068	1.478972	0.04311837	0.2506382	1.500928	0.05892259	-0.05816392	1.519757	0.192486	0.420294	1.448862	-0.1170141	0.4135292	1.453695	0.1302838	-0.05276302	1.480463	-0.01521283	-0.06084793	1.486591	0.283956	0.1781355	1.493535	-0.166519	0.1546064	1.445349	0.1482321	-0.3589826	1.475286	0.01622386	-0.3799493	1.606241	0.1645696	-0.6729646	1.470359	0.0536444	-0.660879	1.746023	

0.3155673	-0.04862095	1.465977	-0.1637758	-0.0698626	1.38216	0.2626291	-0.1534153	1.451267	-0.1349755	-0.1344072	1.356712	0.3361527	-0.1040849	1.447216	-0.114308	-0.04420334	1.389233	0.02053781	0.6773804	1.41236	0.03134541	0.543084	1.458336	0.03482886	0.4721685	1.468472	0.04543142	0.2505255	1.490722	0.05991273	-0.05847227	1.509957	0.1959548	0.4189911	1.438125	-0.113902	0.4142416	1.443424	0.131331	-0.05296772	1.470255	-0.01435845	-0.06119895	1.47729	0.28716	0.1764012	1.48096	-0.166031	0.1525568	1.439259	0.148978	-0.3586582	1.469304	0.01929798	-0.4091308	1.614354	0.1649936	-0.6700093	1.46588	0.0548791	-0.6647694	1.744812	

0.3140895	-0.05089831	1.446894	-0.1623117	-0.07310554	1.379519	0.2627854	-0.1552721	1.439128	-0.1328408	-0.1443683	1.366859	0.3322307	-0.1160526	1.437217	-0.1088699	-0.09392045	1.380583	0.02520018	0.6768797	1.403605	0.03509308	0.5431319	1.447525	0.03824062	0.4721549	1.457779	0.04779952	0.2502638	1.480391	0.06084853	-0.05916336	1.500065	0.1997634	0.4178309	1.426411	-0.1112649	0.4144187	1.434493	0.1320973	-0.05351567	1.460363	-0.01332354	-0.06197045	1.467421	0.2907118	0.1745912	1.468163	-0.1652351	0.1501357	1.432554	0.1492741	-0.358833	1.462264	0.02154399	-0.3693435	1.577944	0.1655113	-0.6688978	1.463155	0.05581152	-0.6665071	1.743544	

0.329844	-0.05713798	1.412832	-0.1591933	-0.07730107	1.376077	0.3218754	-0.1340526	1.413969	-0.136536	-0.1462248	1.370505	0.3541366	-0.03744372	1.41275	-0.1082309	-0.09874453	1.37025	0.0351399	0.6735917	1.38439	0.04462126	0.5419614	1.426005	0.04780576	0.4710152	1.435625	0.05732838	0.2490808	1.456385	0.07003833	-0.06069772	1.473614	0.2082597	0.415295	1.401389	-0.1042103	0.4143667	1.414945	0.1420759	-0.05508014	1.431891	-0.005376493	-0.06334198	1.442937	0.3006974	0.167595	1.435266	-0.1632741	0.1468563	1.423996	0.1514332	-0.3581037	1.449062	0.0241611	-0.3656153	1.557912	0.166174	-0.6656171	1.458738	0.05830465	-0.6684248	1.734846	

0.3284643	-0.05949562	1.379505	-0.1566461	-0.0823293	1.37566	0.2749732	-0.1625088	1.393881	-0.1336237	-0.1429815	1.370906	0.3484326	-0.1067732	1.356364	-0.09020264	-0.08702867	1.386053	0.04367661	0.67053	1.368652	0.05219373	0.541476	1.410369	0.05517664	0.4705771	1.419521	0.0640186	0.248682	1.438854	0.07569496	-0.06127648	1.454011	0.2159732	0.4137006	1.383149	-0.09762631	0.4138565	1.39873	0.1469675	-0.05647859	1.414935	0.0007061987	-0.06289731	1.420566	0.3063673	0.1653463	1.412917	-0.1590069	0.1433374	1.413195	0.1520457	-0.3574237	1.442032	0.02734334	-0.3578474	1.515847	0.1676289	-0.661629	1.455935	0.05808099	-0.6537001	1.713103	

0.3411896	-0.06994414	1.311552	-0.1503533	-0.0860059	1.375568	0.3341178	-0.1416077	1.301284	-0.1071971	-0.1588652	1.380922	0.3651853	-0.08696184	1.281687	-0.08219539	-0.09165003	1.361462	0.06353939	0.6624733	1.335896	0.07084864	0.5392246	1.372433	0.07358599	0.4682174	1.379811	0.08147072	0.2456877	1.393675	0.09072539	-0.06568737	1.403397	0.23449	0.4098164	1.343944	-0.07851274	0.4107551	1.358754	0.162073	-0.06308302	1.364412	0.014693	-0.06490973	1.370124	0.3233234	0.1543988	1.3534	-0.1408437	0.1409959	1.387307	0.1608227	-0.3573088	1.417356	0.05136963	-0.3562468	1.439106	0.1688685	-0.661123	1.454559	0.05998148	-0.6358384	1.658855	

0.3395604	-0.07578213	1.247376	-0.1331826	-0.08633576	1.36212	0.3346082	-0.1350431	1.230259	-0.1122146	-0.1532274	1.37218	0.3546143	-0.08194228	1.2	-0.06592826	-0.1188185	1.3271	0.07329989	0.6585662	1.313027	0.08004398	0.5366077	1.351505	0.0812405	0.4657953	1.360628	0.0851175	0.2437251	1.379459	0.09093506	-0.06743044	1.392615	0.2428495	0.4061184	1.32136	-0.07056782	0.4089755	1.342528	0.1620804	-0.06710933	1.35202	0.01503899	-0.06460488	1.360575	0.3296172	0.1457238	1.308211	-0.1307043	0.140884	1.368139	0.1644805	-0.3742933	1.400334	0.05791055	-0.3697098	1.347919	0.1699039	-0.6604921	1.45356	0.07191367	-0.6424053	1.574942	

0.3367052	-0.07427108	1.22589	-0.1274736	-0.08716052	1.352235	0.3286961	-0.1341137	1.189774	-0.1046276	-0.1579382	1.367089	0.3609944	-0.07145189	1.163	-0.06384856	-0.08433938	1.315055	0.07793943	0.6532753	1.296768	0.08622847	0.5338091	1.337915	0.08834271	0.4629651	1.346285	0.09460834	0.2408338	1.363503	0.1026841	-0.07025512	1.376052	0.2472458	0.4029435	1.305419	-0.06458541	0.407057	1.329334	0.1731662	-0.07049321	1.335245	0.02668873	-0.06644673	1.344661	0.3294279	0.1460668	1.292334	-0.123417	0.140011	1.356146	0.1614909	-0.3899215	1.384026	0.05180527	-0.3752428	1.305376	0.1706173	-0.660659	1.452496	0.07036401	-0.6665007	1.509453	

0.3350282	-0.07356486	1.203863	-0.1238918	-0.08541245	1.340788	0.323198	-0.1301768	1.165613	-0.09636922	-0.1604746	1.356715	0.3409046	-0.05960873	1.149445	-0.06580757	-0.09152348	1.315585	0.080903	0.6490817	1.281153	0.09228241	0.5318329	1.324328	0.0945048	0.4610052	1.333104	0.1008759	0.2388073	1.351527	0.1089731	-0.0725353	1.365355	0.2517703	0.4012884	1.292797	-0.0592433	0.4050016	1.317619	0.1789699	-0.07226068	1.324792	0.03316975	-0.06905393	1.333725	0.3291167	0.1454512	1.275585	-0.1158858	0.1416514	1.34344	0.1739982	-0.4102411	1.38364	0.03934961	-0.3778061	1.263712	0.1677043	-0.6674641	1.450721	0.08693077	-0.6931372	1.426733	

0.334432	-0.07442589	1.197269	-0.1220909	-0.08581606	1.33485	0.3208227	-0.1321126	1.162567	-0.09224503	-0.161606	1.35059	0.3476988	-0.06232623	1.147237	-0.06846068	-0.09272854	1.311378	0.08183817	0.6482824	1.276257	0.09428966	0.5309738	1.319294	0.09654703	0.4601218	1.327968	0.1029705	0.2377998	1.346093	0.1110698	-0.07380067	1.359522	0.2532126	0.4002947	1.287633	-0.05922378	0.4050129	1.317591	0.1809264	-0.07342654	1.31826	0.03527257	-0.0703005	1.328569	0.3291371	0.1444329	1.26967	-0.1135981	0.1412739	1.338173	0.1726954	-0.409265	1.380515	0.04520935	-0.3794284	1.265218	0.1647686	-0.6731252	1.445271	0.08722679	-0.7053463	1.409971	

0.3348537	-0.07512224	1.186509	-0.1194235	-0.08965783	1.31832	0.3195286	-0.1335418	1.150174	-0.0956547	-0.1615611	1.326083	0.3382237	-0.07780252	1.12756	-0.0659399	-0.1041269	1.289536	0.08346331	0.6456876	1.263359	0.09729037	0.5283379	1.306349	0.09948122	0.4572652	1.314824	0.1056303	0.234132	1.332333	0.1132524	-0.07884372	1.344801	0.255808	0.3973265	1.27442	-0.05282925	0.4011957	1.295021	0.1831553	-0.07839435	1.304614	0.03722906	-0.07505964	1.312823	0.3302284	0.143735	1.259107	-0.1103152	0.1374819	1.322979	0.1754955	-0.4163279	1.37345	0.05260507	-0.3843008	1.258249	0.1595519	-0.6919249	1.442427	0.05472263	-0.7478184	1.291068	

0.3347209	-0.07561013	1.177482	-0.1179486	-0.09150834	1.308907	0.3218177	-0.1362716	1.14702	-0.09702546	-0.1609517	1.315163	0.3517928	-0.0541035	1.140188	-0.06229351	-0.10404	1.27675	0.08419856	0.6443702	1.25597	0.09822028	0.5270489	1.299098	0.1003458	0.4559588	1.30766	0.1062799	0.23273	1.325451	0.1136037	-0.08042414	1.338295	0.2567915	0.3957906	1.267805	-0.05154832	0.4011504	1.28907	0.1836508	-0.07993136	1.298521	0.03738608	-0.0765745	1.305928	0.3309257	0.1422302	1.253593	-0.1098601	0.1357538	1.315909	0.171579	-0.4190523	1.360952	0.05667176	-0.3856496	1.254136	0.1591763	-0.6932825	1.439089	0.05182105	-0.7512683	1.268849	

0.3356913	-0.07969767	1.170806	-0.1178955	-0.0951987	1.293516	0.3273346	-0.1380044	1.139057	-0.08622038	-0.1729508	1.315238	0.3554146	-0.06981456	1.1265	-0.05663236	-0.102709	1.247455	0.08357208	0.6410308	1.242553	0.09847032	0.5251336	1.28712	0.1005735	0.4539509	1.295691	0.1064232	0.2303509	1.313527	0.1136102	-0.08345102	1.326385	0.256445	0.3943423	1.257987	-0.05105216	0.3986725	1.275543	0.1838245	-0.0828474	1.286895	0.03717899	-0.0795102	1.293772	0.3321465	0.1390908	1.243829	-0.1104826	0.1321239	1.300831	0.1687784	-0.421178	1.348545	0.06052477	-0.3883373	1.248959	0.1583274	-0.6938121	1.431146	0.0471791	-0.7539497	1.199298	

0.3363678	-0.0831284	1.165742	-0.1173198	-0.0970941	1.284509	0.3247821	-0.1392422	1.138196	-0.07090017	-0.1910517	1.299552	0.345791	-0.08444556	1.115387	-0.0563492	-0.1012667	1.238833	0.08313309	0.6403387	1.235608	0.09823137	0.5237094	1.279609	0.1003787	0.4524485	1.288041	0.1063666	0.2285428	1.305462	0.1137506	-0.08580959	1.317695	0.2563975	0.3924554	1.251202	-0.05119953	0.3967393	1.267263	0.1840758	-0.08541919	1.278283	0.03716694	-0.08150196	1.28501	0.3330832	0.1360001	1.237617	-0.1111023	0.1302923	1.291991	0.1673234	-0.4203138	1.34046	0.06128058	-0.3902514	1.239899	0.1589599	-0.6955042	1.42902	0.04711155	-0.7565163	1.199886	

0.3481391	-0.1061392	1.149938	-0.1348187	-0.1218947	1.194859	0.3189081	-0.1561988	1.152162	-0.1091638	-0.1858201	1.216152	0.3725182	-0.1120232	1.123	-0.07626479	-0.1276092	1.191286	0.06699489	0.6304991	1.162151	0.08030101	0.5125977	1.207134	0.08372184	0.4409895	1.215484	0.09374966	0.2154221	1.232742	0.1068138	-0.1022269	1.244263	0.2439332	0.3752622	1.186165	-0.06569803	0.3813162	1.191868	0.1780607	-0.1009451	1.206375	0.02933905	-0.09758892	1.210111	0.3348163	0.1181963	1.196227	-0.1233105	0.1053984	1.209725	0.1611832	-0.4209727	1.288455	0.06903816	-0.4018032	1.204191	0.1591514	-0.6933179	1.415858	0.03461508	-0.7672638	1.182675	

0.3485124	-0.1068148	1.14918	-0.1390555	-0.1258028	1.176603	0.271368	-0.2168789	1.14139	-0.1145054	-0.1956543	1.197982	0.3723258	-0.1316199	1.120235	-0.07905985	-0.1403805	1.161039	0.0629002	0.63015	1.152012	0.07714684	0.5115867	1.196529	0.08080204	0.4399683	1.205067	0.091542	0.214277	1.222878	0.1055399	-0.1036796	1.234998	0.2415501	0.374561	1.178884	-0.06914607	0.3775801	1.180805	0.1769927	-0.1016347	1.196673	0.02788883	-0.09966148	1.201218	0.3341967	0.1178744	1.192757	-0.1262673	0.1013322	1.19603	0.1590506	-0.4234408	1.284356	0.06721098	-0.4034513	1.198378	0.158574	-0.6920226	1.409091	0.03381516	-0.7689778	1.177014	

0.3491474	-0.1078415	1.148327	-0.1427538	-0.1292191	1.157713	0.2692429	-0.2246247	1.128285	-0.1031744	-0.2018027	1.176975	0.3727349	-0.1379256	1.1236	-0.08086044	-0.1340788	1.143562	0.05902036	0.6304877	1.142184	0.07455	0.5100138	1.184941	0.07824975	0.4383666	1.193524	0.08916379	0.2124836	1.211512	0.1034576	-0.105903	1.223844	0.2374732	0.3734814	1.167588	-0.07231489	0.3743607	1.169335	0.1750902	-0.1037248	1.185579	0.02569774	-0.1018341	1.19006	0.3328709	0.1173463	1.187199	-0.1296454	0.09762808	1.183283	0.1559188	-0.4262955	1.276652	0.02716095	-0.4110626	1.158808	0.1570605	-0.6898681	1.400527	0.07569858	-0.7671151	1.212778	

0.3491927	-0.1085414	1.146463	-0.1467769	-0.1308982	1.142034	0.2681009	-0.2339881	1.119426	-0.1163964	-0.2004313	1.162626	0.3701725	-0.1342492	1.118262	-0.08578019	-0.1409385	1.128905	0.05321782	0.6271079	1.129824	0.07131684	0.5082146	1.173918	0.07517764	0.4365851	1.182617	0.08660536	0.2106548	1.200955	0.1016171	-0.1079575	1.213644	0.2335376	0.3727717	1.156821	-0.0751996	0.3712963	1.157716	0.1734484	-0.1057779	1.175412	0.02371398	-0.103721	1.179829	0.3311991	0.1169715	1.181382	-0.1333746	0.09574753	1.170806	0.1529877	-0.4276942	1.268455	0.04064474	-0.410987	1.166223	0.15559	-0.6870171	1.393739	0.05865184	-0.7738192	1.197264	

0.3440358	-0.1092165	1.135128	-0.1512756	-0.1427526	1.07974	0.3314002	-0.1708903	1.123917	-0.08627792	-0.2166981	1.090172	0.3621849	-0.1247056	1.105	-0.08819248	-0.1377949	1.08175	0.04045475	0.6277891	1.095393	0.05768768	0.502291	1.134173	0.06148382	0.4304346	1.142532	0.07284871	0.2033933	1.159923	0.08797857	-0.1175207	1.171018	0.2191501	0.3665603	1.120272	-0.08624039	0.3623344	1.118366	0.1613179	-0.1149227	1.132986	0.009171986	-0.112889	1.136984	0.3223366	0.1169231	1.158894	-0.1516982	0.08359782	1.11783	0.1415806	-0.4237719	1.227027	0.0526682	-0.4114483	1.157538	0.1527552	-0.6854873	1.386912	0.03043107	-0.7757345	1.175333	

0.3355463	-0.1094689	1.119525	-0.148966	-0.1455226	1.05447	0.3132872	-0.1768493	1.121182	-0.08655279	-0.229071	1.069547	0.3561106	-0.1475974	1.106	-0.08362642	-0.135916	1.046375	0.03321105	0.6229082	1.079489	0.05272494	0.5006348	1.121643	0.05667378	0.4288927	1.130225	0.06852543	0.2020761	1.14829	0.08432075	-0.1187261	1.160161	0.2136432	0.3663107	1.107701	-0.09138959	0.3584592	1.105285	0.1583677	-0.1152242	1.123044	0.004925407	-0.114939	1.125126	0.3155986	0.1168005	1.145492	-0.1572037	0.0795012	1.101645	0.1364664	-0.4212566	1.205129	0.05445038	-0.4117436	1.149019	0.1509772	-0.693943	1.381592	0.02263311	-0.7748945	1.170972	

0.327287	-0.1175718	1.091679	-0.1394106	-0.1522733	0.9903298	0.3161844	-0.1814448	1.09754	-0.0958374	-0.2391852	1.033822	0.3478363	-0.1289307	1.0694	-0.1016872	-0.1534404	0.9682963	0.01903041	0.6229624	1.052465	0.04029835	0.496036	1.090358	0.04432707	0.4239522	1.098188	0.05658577	0.1956848	1.114	0.0732239	-0.1279642	1.122356	0.2018863	0.3650499	1.081084	-0.1075742	0.3527597	1.070535	0.1478672	-0.1218544	1.085644	-0.006172248	-0.1259049	1.087025	0.3010995	0.1082	1.115194	-0.1724505	0.06855096	1.049347	0.126213	-0.4145976	1.135768	0.05504186	-0.4156834	1.127263	0.1505454	-0.701447	1.34368	0.001840546	-0.7738841	1.166728	

0.3243369	-0.1201042	1.073582	-0.1381051	-0.1528237	0.9494994	0.3153403	-0.1788559	1.069515	-0.1046538	-0.1996723	0.9713719	0.3388235	-0.1443844	1.0525	-0.1016828	-0.1453938	0.9125714	0.001206604	0.6089712	1.027057	0.03211862	0.4927063	1.073548	0.03669506	0.4207733	1.08171	0.05060743	0.1928033	1.098559	0.06936045	-0.1306663	1.108172	0.1936131	0.3646826	1.064898	-0.1130934	0.3518592	1.05302	0.1435502	-0.1199184	1.071292	-0.009640622	-0.1333833	1.071934	0.2951346	0.105085	1.100724	-0.177095	0.06320656	1.023729	0.1321532	-0.4265445	1.065361	0.04616141	-0.4262922	1.104292	0.1477087	-0.7077229	1.280671	0.005183276	-0.7758924	1.187104	

0.3235396	-0.11949	1.067925	-0.1372198	-0.1531529	0.9411552	0.3142	-0.1760504	1.059289	-0.1009465	-0.2146946	0.9738385	0.3359764	-0.1418189	1.0436	-0.09996863	-0.1454464	0.8973572	-3.003589E-05	0.6115261	1.0237	0.03003402	0.4921022	1.067769	0.03477791	0.4201582	1.075847	0.04926548	0.1920974	1.092469	0.06893093	-0.1316017	1.101741	0.1897418	0.3650459	1.057548	-0.1150795	0.3509908	1.04601	0.1430628	-0.1189478	1.065542	-0.009905259	-0.136138	1.065179	0.2926519	0.1054849	1.095098	-0.1781996	0.06257474	1.015371	0.1335562	-0.4255133	1.06071	0.03744909	-0.4297335	1.099778	0.1515961	-0.7118728	1.269372	0.01844697	-0.7789192	1.189571	

0.3223335	-0.1167805	1.058557	-0.1427718	-0.1427646	0.9177569	0.3077095	-0.1835805	1.058266	-0.1113309	-0.2014078	0.9488417	0.3327733	-0.1337501	1.031933	-0.1063261	-0.1456464	0.8594689	-0.01145171	0.6069778	1.004004	0.02446865	0.4919518	1.050873	0.02971344	0.419976	1.059108	0.04578332	0.1916329	1.076242	0.06765923	-0.1327615	1.086019	0.1829598	0.3653923	1.039782	-0.1221253	0.3458775	1.025961	0.1416487	-0.1175912	1.050757	-0.01091109	-0.1394443	1.04906	0.2879488	0.1079309	1.08253	-0.1837326	0.07327243	0.9917778	0.1337289	-0.4267288	1.023028	0.0191287	-0.4333344	1.089603	0.1823509	-0.7327586	1.198436	0.05126268	-0.7758138	1.195842	

0.3222079	-0.1155748	1.052656	-0.1425276	-0.1462057	0.9124532	0.3110739	-0.1794292	1.0476	-0.1124079	-0.2012746	0.936164	0.332467	-0.1570463	1.035125	-0.1097828	-0.1436653	0.8496857	-0.0180042	0.6016682	0.994911	0.02248744	0.4916819	1.04452	0.02813819	0.4197615	1.052758	0.04547585	0.1915091	1.069833	0.06924953	-0.1329057	1.079245	0.1808035	0.3652293	1.033349	-0.1222849	0.3482206	1.018965	0.1431197	-0.1169975	1.044322	-0.009326259	-0.1401786	1.042043	0.2862031	0.1088903	1.076833	-0.1838452	0.07034282	0.9846031	0.1344848	-0.4261255	1.017631	0.01508451	-0.4332175	1.086729	0.1889146	-0.7420943	1.174558	0.06297276	-0.7746893	1.190766	

0.3239859	-0.1051107	0.9947488	-0.1489686	-0.1444593	0.8880337	0.3205504	-0.1841251	1.004234	-0.1073144	-0.200636	0.9045648	0.3372444	-0.1576118	0.98575	-0.1107414	-0.1483893	0.8306945	-0.03604381	0.5806517	0.9481975	0.01697456	0.4896374	1.006272	0.02398093	0.4178026	1.015053	0.04555668	0.1893407	1.033861	0.07510095	-0.136128	1.045196	0.1726688	0.3596098	0.9876071	-0.1244093	0.349547	0.9808325	0.1492615	-0.1188763	1.008449	-0.004278825	-0.1439949	1.01	0.2819868	0.1180836	1.025957	-0.1842909	0.07214542	0.9639124	0.1375588	-0.4288428	0.9643018	0.01124374	-0.4514036	1.066676	0.2264802	-0.7699895	1.041374	0.07748304	-0.7652557	1.198182	

0.3237159	-0.1283503	0.9564214	-0.1511079	-0.1480359	0.8841353	0.3177235	-0.1829363	0.9554479	-0.09359197	-0.2286847	0.9037461	0.346366	-0.1465742	0.94	-0.1128951	-0.1606044	0.8256667	-0.03469396	0.5700505	0.9286284	0.0177891	0.4864599	0.9908665	0.02480451	0.4148102	0.9993114	0.04650776	0.1867656	1.017283	0.07639436	-0.1384307	1.027721	0.1735153	0.3553695	0.9718981	-0.1238747	0.3482406	0.9675368	0.1509375	-0.1212558	0.9906389	-0.003532336	-0.1459226	0.9928757	0.2860631	0.09487552	0.9944963	-0.1831844	0.07124995	0.9526424	0.1370154	-0.4305643	0.9620379	0.01417668	-0.4574454	1.064788	0.2451316	-0.7791165	0.9659614	0.072811	-0.7688498	1.18306	

0.3234714	-0.1308437	0.9501823	-0.1525305	-0.149599	0.8804127	0.3179904	-0.1860671	0.940704	-0.09980863	-0.2201336	0.9040155	0.3425288	-0.1322507	0.914	-0.1118043	-0.1633994	0.8251724	-0.03500245	0.5684698	0.9233361	0.01811507	0.485383	0.9856343	0.02519868	0.4138298	0.9937952	0.0471645	0.1860354	1.010877	0.07752857	-0.1389508	1.019925	0.1735752	0.3553424	0.9716753	-0.1238861	0.3471888	0.9627053	0.152059	-0.1216783	0.9829646	-0.002511517	-0.1464337	0.9849834	0.2869275	0.09254102	0.9886354	-0.1826242	0.07042482	0.9472523	0.1376135	-0.430909	0.9557236	0.01615839	-0.4607265	1.063012	0.2606557	-0.7752739	0.9419861	0.03448091	-0.7754484	1.172701	

0.3210084	-0.135758	0.9139991	-0.1538468	-0.1515456	0.8762746	0.3167346	-0.1853961	0.9047449	-0.09865823	-0.2257428	0.8827276	0.3452288	-0.1402976	0.8853637	-0.1018367	-0.1541802	0.8396551	-0.03375433	0.5656399	0.9148525	0.01976694	0.4831012	0.977343	0.02671821	0.4117279	0.9845247	0.04816352	0.1844949	0.9982999	0.07749043	-0.1398729	1.001966	0.1744617	0.3545597	0.9682013	-0.1232246	0.3471482	0.9559144	0.1522307	-0.1232277	0.9638272	-0.002834133	-0.146535	0.9681631	0.2904467	0.08767641	0.9599251	-0.1805393	0.06991095	0.9392427	0.1390664	-0.4314058	0.9486459	0.01837588	-0.4622598	1.054628	0.1294026	-0.7954455	0.9669653	0.03859922	-0.7695292	1.169421	

0.3199649	-0.1368082	0.9019279	-0.1544124	-0.1543153	0.8722527	0.3120762	-0.1869733	0.8845958	-0.09136273	-0.2470149	0.8946761	0.3410701	-0.1341828	0.8600001	-0.09671269	-0.1445403	0.8623	-0.02727777	0.5576827	0.8891112	0.02639318	0.4755013	0.9520445	0.03233484	0.4051579	0.9614697	0.05111781	0.1803776	0.9818001	0.07793598	-0.1417498	0.9930633	0.1840006	0.3436687	0.9204996	-0.1183639	0.3415396	0.9341336	0.1531083	-0.1256224	0.9540616	-0.00285662	-0.1477059	0.9601266	0.2918416	0.08681976	0.9491888	-0.1789116	0.06785429	0.9332881	0.1402192	-0.4333112	0.9424148	0.02002145	-0.4651194	1.049011	0.1310046	-0.7968107	0.9650557	0.04149188	-0.7691416	1.16425	

0.3088107	-0.1460102	0.8544311	-0.1563354	-0.1580868	0.8666036	0.3219015	-0.1986152	0.8621005	-0.08829301	-0.2479635	0.8766558	0.3452216	-0.1428646	0.8321251	-0.09402672	-0.1519669	0.863077	-0.02103892	0.552517	0.8720031	0.03243717	0.4702152	0.9351689	0.03814957	0.3998895	0.9433182	0.05566213	0.1752752	0.9603613	0.07944692	-0.1463237	0.9691152	0.1871127	0.3402418	0.9097439	-0.1121012	0.3394678	0.9157782	0.1557915	-0.1315621	0.9276921	-0.002658159	-0.150423	0.938575	0.298511	0.07725205	0.9135718	-0.176968	0.0653471	0.9237255	0.1425583	-0.4364522	0.9328591	0.02404399	-0.4741708	1.041254	0.1333678	-0.7968377	0.975935	0.04739395	-0.7629706	1.160628	

0.3093453	-0.1482762	0.8497213	-0.1585424	-0.1608585	0.8634068	0.3340783	-0.1980497	0.8456081	-0.08341206	-0.2571778	0.8756258	0.3490624	-0.1429913	0.8200668	-0.09489045	-0.1555424	0.8616135	-0.01862926	0.5507288	0.8662243	0.03475778	0.4683619	0.9294603	0.0404349	0.3982944	0.937032	0.05784556	0.1745052	0.9521488	0.08147825	-0.1459554	0.957453	0.1889079	0.3389397	0.9034914	-0.1102233	0.3388079	0.9101982	0.1574319	-0.1327614	0.9175756	-0.0004972751	-0.1480342	0.9252267	0.3001519	0.07581092	0.9054113	-0.175145	0.0636595	0.9167818	0.1456561	-0.4380549	0.9204746	0.02686874	-0.4814861	1.037077	0.1382945	-0.7988525	0.9608519	0.04911494	-0.7570277	1.154925	

0.3308699	-0.1541656	0.7515631	-0.1700939	-0.1620703	0.8315997	0.2903203	-0.1994837	0.7588786	-0.1180037	-0.2379488	0.8416013	0.3585657	-0.15073	0.7499091	-0.1024096	-0.1622089	0.8183846	0.01456546	0.5213898	0.7806361	0.06636259	0.4375184	0.8448631	0.07166217	0.3713164	0.851893	0.08772544	0.1583782	0.8658648	0.1090744	-0.1492959	0.869693	0.2213346	0.335112	0.8179532	-0.08080912	0.3325756	0.829623	0.1827779	-0.1385133	0.8293765	0.02633166	-0.1478322	0.8386459	0.324767	0.06873006	0.8153508	-0.1504663	0.06563026	0.8598074	0.1659007	-0.495353	0.8537027	0.05540711	-0.490776	0.9355658	0.1572054	-0.8047955	0.9005231	0.07944236	-0.7690932	1.039574	

0.330822	-0.1855985	0.7438782	-0.1376102	-0.1600194	0.8223363	0.350014	-0.2170055	0.753022	-0.142043	-0.2369884	0.8345444	0.3670132	-0.1761675	0.7365	-0.09464935	-0.1491628	0.8116667	0.01558661	0.5209944	0.7789741	0.06732571	0.4370832	0.8432273	0.07284871	0.3708863	0.8498896	0.08975091	0.157979	0.8625261	0.1126088	-0.1497314	0.8639562	0.2224674	0.3348211	0.8165569	-0.08039255	0.3325019	0.8285446	0.1859792	-0.1386594	0.8243035	0.02984174	-0.1484763	0.8322552	0.3333254	0.03911798	0.7991888	-0.1479287	0.06842352	0.8537508	0.1680848	-0.4949384	0.8511505	0.05591564	-0.4741997	0.9057245	0.158676	-0.8038906	0.9001977	0.08116989	-0.7811881	1.005221	

0.3476845	-0.1830499	0.7229006	-0.1554909	-0.1518222	0.7972071	0.3707839	-0.2277434	0.7604691	-0.1173575	-0.2402877	0.8169582	0.3839716	-0.1741715	0.7275	-0.08949665	-0.161026	0.7910454	0.02783411	0.5112082	0.7544126	0.07887067	0.4268454	0.818953	0.08433504	0.3619857	0.8275125	0.1007218	0.1524549	0.8454835	0.1222539	-0.151756	0.8528892	0.2332691	0.3300955	0.7975467	-0.07330374	0.3304556	0.8117467	0.1946587	-0.1401875	0.8143788	0.03950922	-0.1507099	0.8202028	0.3354988	0.03733394	0.7939183	-0.141022	0.07530454	0.8387718	0.1654697	-0.4967261	0.8385184	0.05614525	-0.4522402	0.8598465	0.1467216	-0.8058158	0.8850459	0.07686776	-0.8008848	0.9438404	

0.3515354	-0.1397463	0.7279875	-0.1493504	-0.1504164	0.7906359	0.3683054	-0.2269442	0.7437556	-0.1009275	-0.2377585	0.7853025	0.4013613	-0.1496016	0.7298334	-0.08093574	-0.1493203	0.7693846	0.03800031	0.5045416	0.7361915	0.08841716	0.4198105	0.8009819	0.09434624	0.3545945	0.8100377	0.1119141	0.1441299	0.8299938	0.1341647	-0.160286	0.8407831	0.2441824	0.3250481	0.7796463	-0.06496421	0.3278956	0.7931047	0.207394	-0.1448994	0.8017395	0.04983865	-0.1625708	0.8085464	0.3755	0.08731966	0.7683111	-0.1317559	0.07793065	0.8202646	0.1813127	-0.4962196	0.8463792	0.05950594	-0.5230612	0.8010604	0.1658953	-0.8011897	0.9110653	0.06936552	-0.8358405	0.8208403	

0.3627228	-0.1340273	0.7229008	-0.138914	-0.1464238	0.7713152	0.3752362	-0.2129208	0.7089548	-0.09631592	-0.2390605	0.7723918	0.3828505	-0.1535036	0.6727143	-0.07494991	-0.1507605	0.7546	0.05228982	0.4952758	0.714648	0.1017852	0.4101509	0.7797123	0.1073273	0.3467156	0.7904427	0.1238571	0.1407835	0.8146739	0.1453304	-0.1587756	0.8296616	0.2566769	0.3211028	0.7623487	-0.05186427	0.3230406	0.774867	0.2157818	-0.1479636	0.7914679	0.06358332	-0.1551424	0.796225	0.3865823	0.1046616	0.7514974	-0.120253	0.08206354	0.8014086	0.1872549	-0.4978228	0.8404688	0.03461486	-0.5181631	0.7182728	0.1701501	-0.8016372	0.9089583	0.01182157	-0.8315235	0.6751436	

0.4346686	-0.1067404	0.7080946	-0.137956	-0.144901	0.7696951	0.3855135	-0.2095841	0.7012014	-0.09645325	-0.2382853	0.7728242	0.432882	-0.1576128	0.7406666	-0.07414702	-0.147899	0.7547777	0.05226991	0.4952679	0.7146332	0.1017666	0.4101428	0.7796977	0.1073549	0.3466954	0.7903179	0.1246399	0.1408392	0.8135048	0.1483207	-0.1580098	0.8262708	0.2570728	0.3209501	0.7622088	-0.05185705	0.3231124	0.7747637	0.2177835	-0.1484278	0.7888123	0.06681424	-0.1532112	0.7925918	0.3910942	0.1161534	0.7486009	-0.1185467	0.08369285	0.798234	0.189612	-0.497915	0.839076	0.03184537	-0.5162289	0.7193127	0.1729141	-0.8014278	0.9086753	0.00406943	-0.829531	0.6803378	

0.4271331	-0.1020574	0.7156016	-0.1379882	-0.1439185	0.7679029	0.3787918	-0.2006305	0.7122503	-0.1003842	-0.2393522	0.7792869	0.4387256	-0.1646124	0.7515	-0.07279798	-0.1468616	0.7536001	0.07024562	0.4843296	0.6936507	0.1185133	0.3988947	0.7589487	0.1224902	0.3368979	0.7717084	0.1340923	0.1355346	0.8021006	0.1508838	-0.1587185	0.8231711	0.2689381	0.3155667	0.7508144	-0.04135558	0.3208786	0.7618604	0.2200829	-0.1506764	0.785682	0.06925674	-0.1526344	0.7895993	0.406769	0.1267688	0.7325728	-0.1165312	0.08472624	0.7935666	0.1905319	-0.4994846	0.8376074	0.0262176	-0.5143541	0.7063955	0.1727756	-0.8025019	0.9086619	-0.0083678	-0.8263025	0.6585247	

0.4567034	-0.1092072	0.7020519	-0.1389348	-0.1401066	0.7579037	0.4262443	-0.1738712	0.7319356	-0.1066484	-0.2312424	0.7596717	0.4384379	-0.1624686	0.7306666	-0.07312633	-0.1460076	0.7415	0.07836837	0.4750494	0.6720743	0.126028	0.3891913	0.7377014	0.1293529	0.3277259	0.751783	0.1385435	0.1282975	0.7866602	0.1509551	-0.1614773	0.8161349	0.2804043	0.3076615	0.7341203	-0.03295052	0.3157325	0.7428247	0.219914	-0.1557077	0.7783275	0.06916208	-0.1533191	0.7829432	0.4128418	0.1151138	0.726495	-0.1133953	0.0886236	0.7761953	0.190425	-0.5028704	0.834482	0.01953695	-0.5134932	0.6907381	0.1728473	-0.8046824	0.9093354	-0.02063847	-0.8238825	0.6348667	

0.4423334	-0.1150947	0.7063536	-0.1392557	-0.1405263	0.7529791	0.3899449	-0.2168497	0.7217396	-0.11798	-0.2376184	0.7738332	0.414804	-0.1768635	0.7184	-0.1215874	-0.1305808	0.753	0.07848961	0.4750656	0.6721245	0.1261407	0.3892091	0.7377509	0.1294472	0.3277123	0.7517371	0.1387344	0.1279524	0.7855982	0.1502171	-0.1626524	0.812068	0.2822569	0.3063538	0.731517	-0.03165837	0.31522	0.7400649	0.2194985	-0.1578766	0.774585	0.06792365	-0.1533201	0.7786235	0.4128034	0.1123236	0.7217866	-0.1131637	0.08815687	0.7719564	0.1908297	-0.5045635	0.8318549	0.02002041	-0.5139456	0.688594	0.174	-0.8060475	0.9077322	-0.0186939	-0.8246956	0.6347373	

0.4328456	-0.1195321	0.7009742	-0.1393383	-0.14359	0.7368554	0.3823606	-0.2145505	0.7166049	-0.1103688	-0.23431	0.7400973	0.4143801	-0.1695445	0.706625	-0.07491608	-0.1479718	0.7225834	0.0812498	0.4712259	0.662506	0.1286803	0.3851608	0.7282969	0.1318194	0.3235455	0.7418981	0.1402	0.1235874	0.7752745	0.1495675	-0.1660623	0.803434	0.2831937	0.3029843	0.7257747	-0.03025249	0.312957	0.7311778	0.218575	-0.1624274	0.7665104	0.06734646	-0.1551491	0.7697717	0.4141563	0.1093188	0.7173917	-0.1150263	0.08520184	0.7604887	0.1903801	-0.508698	0.8241276	0.01111588	-0.5132575	0.6675165	0.1740349	-0.8100402	0.9004013	-0.03467702	-0.8216336	0.602796	

0.4313242	-0.120999	0.7019253	-0.139342	-0.1439291	0.7308509	0.3869922	-0.2202603	0.7198377	-0.120682	-0.243252	0.7524294	0.4377978	-0.1562087	0.7135	-0.07967204	-0.1604201	0.710577	0.08164255	0.4691532	0.6582888	0.1290317	0.3830079	0.7241375	0.132121	0.3213259	0.7373925	0.1402574	0.1211116	0.769688	0.148827	-0.1687946	0.7963071	0.2830209	0.3017103	0.7224477	-0.02979369	0.3106413	0.7258394	0.2177758	-0.1655341	0.7606755	0.06654581	-0.1570469	0.7614301	0.4141725	0.1080878	0.7126825	-0.1156857	0.08506007	0.7533579	0.1891527	-0.5109496	0.8201898	0.00804158	-0.5154451	0.664722	0.1725074	-0.811723	0.8981954	-0.03963911	-0.8241681	0.6050891	

0.4241908	-0.1264915	0.6906015	-0.1414154	-0.1599377	0.7054411	0.3765564	-0.2215656	0.711636	-0.1122365	-0.2394528	0.7108847	0.4394556	-0.155486	0.6988572	-0.08539415	-0.1674421	0.687	0.08342493	0.4652191	0.6490547	0.1306568	0.3788743	0.7150576	0.1334387	0.3170382	0.7277941	0.1404313	0.1161267	0.7584767	0.1467234	-0.1750247	0.7824871	0.2825493	0.2974387	0.7183638	-0.03265585	0.3040069	0.7148847	0.2153591	-0.1716658	0.7486813	0.06469221	-0.1625682	0.7460743	0.4125456	0.1029736	0.7087044	-0.122997	0.0694547	0.7301435	0.1876026	-0.5150588	0.8129211	0.00037835	-0.5208071	0.6599102	0.1718225	-0.8143578	0.8952079	-0.05215061	-0.8296032	0.6099648	

0.4237265	-0.1283999	0.6886109	-0.1425639	-0.1620567	0.6988589	0.3792949	-0.222826	0.7090284	-0.1221683	-0.2439474	0.712841	0.4094765	-0.147	0.7031	-0.08771605	-0.1694032	0.6781539	0.08412433	0.4634271	0.6450085	0.1312917	0.3769959	0.7110777	0.1338419	0.3152609	0.7235218	0.1400424	0.1146115	0.7532638	0.1449675	-0.176226	0.7757797	0.2824948	0.2974444	0.7181398	-0.03303908	0.3032629	0.7151843	0.2136468	-0.1731876	0.7425434	0.06289417	-0.1632244	0.7389063	0.4099541	0.100994	0.703054	-0.124253	0.06726979	0.7252066	0.1883395	-0.5166805	0.8062951	-0.001665985	-0.5216359	0.6557133	0.1746799	-0.8160984	0.8882246	-0.0543981	-0.8305663	0.6085401	

0.4218902	-0.1302451	0.6834957	-0.1382779	-0.1666106	0.6787068	0.3767394	-0.2242105	0.7040922	-0.147706	-0.2295293	0.687281	0.443513	-0.1604697	0.6955	-0.1006686	-0.1574037	0.662913	0.08470333	0.4586308	0.6346584	0.131791	0.3719784	0.7008901	0.1340108	0.3102108	0.7131829	0.1391756	0.1092688	0.7426207	0.1426529	-0.1821317	0.7647164	0.2782298	0.2943355	0.7093609	-0.04285845	0.2840822	0.698693	0.2115107	-0.1781354	0.7323704	0.06038985	-0.1694322	0.7271498	0.4075585	0.09912544	0.6979149	-0.1276465	0.06262089	0.713944	0.1852879	-0.5194238	0.8012149	-0.00970466	-0.5261302	0.6397861	0.1709553	-0.8171893	0.8877093	-0.06712552	-0.8336216	0.5891213	

0.3856298	-0.1274537	0.6345678	-0.1394395	-0.1688561	0.6665786	0.3749892	-0.1968763	0.6496695	-0.1248502	-0.2531758	0.7062702	0.3753936	-0.1334078	0.6827143	-0.08272108	-0.1781347	0.6594737	0.08679529	0.456992	0.6299755	0.1337119	0.3702239	0.6963081	0.1355984	0.3084352	0.7085322	0.1397333	0.1072689	0.7376893	0.1416324	-0.1847404	0.7590343	0.2765908	0.2935254	0.705044	-0.04448	0.2817767	0.6956809	0.2102869	-0.1804929	0.7265823	0.05956045	-0.1719547	0.7216758	0.4044299	0.09716216	0.6939755	-0.1293466	0.05981624	0.7073244	0.1839674	-0.5211675	0.7965692	-0.01491343	-0.5272529	0.6297534	0.1696014	-0.8185024	0.8841137	-0.07603423	-0.8334848	0.5751147	

0.3819181	-0.1436596	0.6742691	-0.1411021	-0.172326	0.6665863	0.3691968	-0.2386927	0.703922	-0.1115326	-0.2471999	0.6792721	0.3096716	-0.1727243	0.6635454	-0.08520392	-0.1766954	0.6536429	0.08532117	0.4548621	0.6245352	0.1323281	0.3679511	0.6909677	0.1341633	0.3062298	0.7031903	0.1381646	0.1051846	0.7324411	0.1399663	-0.1867001	0.7539693	0.274873	0.2920757	0.7005522	-0.0470444	0.2801197	0.6920052	0.2089844	-0.1822493	0.7215337	0.05758469	-0.1738439	0.7166453	0.4017096	0.09494564	0.6903449	-0.1312813	0.05707149	0.701051	0.182404	-0.522204	0.7930424	-0.01588725	-0.5289949	0.6228678	0.1678543	-0.8190009	0.8819655	-0.07618508	-0.835082	0.5666955	

0.3818571	-0.1437407	0.6744148	-0.14231	-0.1747805	0.65734	0.3655955	-0.2320556	0.6937094	-0.1031002	-0.251992	0.6772603	0.3192848	-0.171014	0.6493334	-0.08268596	-0.1739633	0.6505833	0.08227795	0.4525204	0.618421	0.1294932	0.3654386	0.6849668	0.1313988	0.303782	0.6972018	0.1356455	0.1028008	0.7265106	0.137832	-0.1891056	0.7479768	0.2716518	0.2902517	0.695118	-0.04952788	0.2770881	0.6874908	0.2073006	-0.1843991	0.715781	0.05507216	-0.1761637	0.7104673	0.3997379	0.09389833	0.6854792	-0.1335641	0.05428845	0.6956092	0.1792905	-0.5238265	0.7880741	-0.01651927	-0.531233	0.6144207	0.1635503	-0.8202523	0.8777238	-0.07526101	-0.8372297	0.5563804	

0.3807277	-0.1447069	0.6720852	-0.1430809	-0.178671	0.6514729	0.367838	-0.2335943	0.6824707	-0.09134129	-0.2489204	0.6556501	0.3066761	-0.1506698	0.6536667	-0.08199546	-0.1759767	0.6433	0.08005944	0.4490413	0.6087456	0.1274138	0.3616856	0.675492	0.1287163	0.2998534	0.6879188	0.1309516	0.09799998	0.7176557	0.1298786	-0.1955305	0.7390057	0.2685878	0.287073	0.6870026	-0.05275841	0.2744222	0.6804409	0.1991107	-0.1904006	0.7073314	0.04794347	-0.1822377	0.7010466	0.3967704	0.09064356	0.6775423	-0.1372475	0.05093477	0.6861823	0.1777699	-0.5293403	0.7797849	-0.02448291	-0.5357106	0.5975199	0.1675613	-0.8256302	0.8697953	-0.08410008	-0.8403445	0.5330849	

0.3829565	-0.1381962	0.594997	-0.1461392	-0.1909012	0.6407547	0.3747563	-0.230094	0.6429066	-0.1110456	-0.2481085	0.6389092	0.3583199	-0.1652121	0.569	-0.08270083	-0.1972762	0.6279334	0.06708457	0.4407761	0.5837849	0.1153982	0.3526266	0.6511002	0.1178387	0.2910806	0.6641433	0.1235749	0.08954948	0.6956909	0.1271019	-0.203768	0.7185208	0.2503073	0.2727618	0.6556927	-0.06256917	0.2616872	0.6601362	0.1986817	-0.1973428	0.6851032	0.04288717	-0.1905408	0.6822993	0.3896334	0.08547781	0.6611056	-0.1487851	0.03942133	0.667878	0.1701776	-0.5335572	0.7626123	-0.04311362	-0.5360261	0.5520883	0.1542014	-0.8278346	0.8570949	-0.1142161	-0.8333082	0.4642522	

0.3838035	-0.1421668	0.5960113	-0.1537791	-0.1910381	0.6188837	0.3747837	-0.228149	0.6354452	-0.1204357	-0.2439807	0.6267878	0.382085	-0.1506159	0.5690001	-0.08781932	-0.1364875	0.6304212	0.06517811	0.4395702	0.5801405	0.113639	0.3513012	0.6475443	0.1159441	0.2896275	0.6603172	0.1213708	0.08758033	0.6910633	0.1247991	-0.2065423	0.7127078	0.2495114	0.2714049	0.6532888	-0.06337016	0.2593152	0.6556673	0.1970917	-0.1997756	0.6798891	0.03992712	-0.1932075	0.6760861	0.3878967	0.08297956	0.6561503	-0.1510213	0.037542	0.6631508	0.1667522	-0.5360534	0.7564515	0.1095285	-0.5470538	0.6388369	0.1492244	-0.8304713	0.8501289	0.1699988	-0.8540918	0.6341009	

0.3812678	-0.1479141	0.592385	-0.1545246	-0.1933342	0.6143199	0.3685601	-0.2399986	0.636471	-0.1108252	-0.2494829	0.6231033	0.3821356	-0.1724617	0.592	-0.08393232	-0.1961921	0.6168751	0.06341811	0.4385861	0.5770787	0.112017	0.3502141	0.6445591	0.1145801	0.2882071	0.6570951	0.1210126	0.08474332	0.686851	0.126621	-0.2122906	0.7061343	0.2498082	0.2715663	0.6535441	-0.0640754	0.2568474	0.651475	0.1971231	-0.2037991	0.6735508	0.04364465	-0.2004421	0.6693615	0.383352	0.07845858	0.6469377	-0.1539969	0.03566037	0.656125	0.1710111	-0.542612	0.742718	0.1069328	-0.5545217	0.6356397	0.1571332	-0.8392864	0.829966	0.1622407	-0.8621879	0.6341455	

0.3787674	-0.1462863	0.5828272	-0.1538456	-0.2001658	0.6122232	0.35924	-0.2347179	0.6216748	-0.1124956	-0.2490252	0.6136267	0.3510281	-0.1817178	0.55775	-0.08539274	-0.2087729	0.609625	0.05704259	0.4326071	0.5623708	0.1061482	0.3437882	0.630181	0.1093588	0.2815286	0.643715	0.1176813	0.07724404	0.6763297	0.125245	-0.2198385	0.69867	0.2376142	0.2635864	0.6352599	-0.06700721	0.2492474	0.6410747	0.1955046	-0.210055	0.6661518	0.04244059	-0.2081317	0.6623372	0.3804371	0.07898568	0.6428617	-0.1596645	0.02943727	0.6483976	0.1709249	-0.5473013	0.7381817	-0.09623233	-0.5218011	0.4845334	0.1584212	-0.8430002	0.8280031	-0.2114246	-0.7910988	0.3543064	

