0.2709644	-0.04510007	2.59561	-0.115573	-0.0205021	2.82169	0.2932228	-0.1851655	2.525679	-0.08596591	-0.1310011	2.870675	0.2885676	-0.0547413	2.468294	-0.1062745	-0.1109856	2.8228	0.1300637	0.4109091	2.495381	0.1455394	0.2933294	2.540688	0.1384323	0.2655539	2.622498	0.116208	0.1799968	2.858451	0.08564088	0.0635702	3.163878	0.2363003	0.226953	2.646164	-0.04356652	0.29169	2.626706	0.1481528	0.04814445	3.113708	0.02111614	0.07748859	3.139182	0.2996722	0.07949605	2.706206	-0.1427632	0.1767839	2.743428	0.04733633	-0.08570202	2.826719	-0.09719661	-0.04119874	2.852589	0.2416527	-0.4111889	2.622587	0.007844851	-0.3241329	2.92786	

0.2945127	-0.04078816	2.519747	-0.1147813	-0.02605579	2.82399	0.2906722	-0.1526666	2.516535	-0.07521301	-0.1420479	2.889175	0.291061	-0.04748474	2.470566	-0.13232	-0.08283152	2.84105	0.1299716	0.4105371	2.493419	0.1430209	0.2930007	2.539317	0.1360468	0.2633521	2.619377	0.1154315	0.1595341	2.839793	0.09490148	0.007784502	3.116438	0.2362365	0.2269328	2.645314	-0.04357247	0.2916696	2.625758	0.1572702	-0.006913452	3.078555	0.0302873	0.02229859	3.080617	0.2995704	0.07956364	2.705741	-0.1426528	0.172688	2.745973	0.03264238	-0.1020158	2.785604	-0.1550987	0.03928813	2.808332	0.214851	-0.4036862	2.585096	-0.1034845	-0.3397803	2.913921	

0.2872618	-0.03978798	2.583879	-0.1143263	-0.02913271	2.825337	0.2958586	-0.147203	2.52151	-0.06939574	-0.1411745	2.890603	0.2966112	-0.03854912	2.470308	-0.1316114	-0.08354638	2.839355	0.1300493	0.4107625	2.491531	0.1264689	0.2854088	2.541109	0.1219718	0.2553407	2.617308	0.107568	0.1567836	2.833987	0.08617291	0.01548764	3.107801	0.2385149	0.2263879	2.645915	-0.04542164	0.2868768	2.627657	0.1486938	0.002665333	3.070707	0.02152477	0.02816319	3.07216	0.2994671	0.07957408	2.70523	-0.1422301	0.1695208	2.747884	0.0909536	-0.2662514	2.910099	-0.1554644	0.0344561	2.792494	0.3037107	-0.5270529	2.635168	-0.07577349	-0.3576681	2.95699	

0.2845043	-0.04147363	2.586915	-0.116192	-0.03417076	2.829241	0.2950189	-0.1272501	2.514196	-0.09090933	-0.1252677	2.859615	0.2969735	-0.03282685	2.471077	-0.1346453	-0.07023978	2.831059	0.1301414	0.4114832	2.487462	0.1258719	0.28522	2.539461	0.1206896	0.2554236	2.614157	0.1024778	0.1628582	2.821119	0.07357464	0.047926	3.074435	0.2411987	0.2253764	2.64691	-0.04598743	0.2843753	2.627119	0.1364891	0.03723432	3.034724	0.009070353	0.05751087	3.043164	0.2993338	0.07996315	2.704179	-0.1409314	0.1650038	2.752247	0.0991884	-0.2586238	2.929184	-0.1785698	0.06041595	2.766734	0.3239287	-0.4477549	2.668278	-0.07553168	-0.3592287	2.954966	

0.2844671	-0.04146123	2.58641	-0.1165801	-0.03876821	2.831979	0.2964904	-0.08465771	2.490472	-0.07632358	-0.1293758	2.878242	0.2983456	-0.02786833	2.4708	-0.1270775	-0.0957275	2.838722	0.129691	0.4139075	2.483369	0.125832	0.2850865	2.538467	0.1205058	0.2550724	2.611865	0.1017908	0.1617551	2.81401	0.07377952	0.04123175	3.066391	0.2423856	0.225662	2.645809	-0.04637312	0.282396	2.627225	0.1373551	0.02888743	3.022344	0.008830603	0.05226598	3.039114	0.299146	0.08010182	2.703502	-0.1399745	0.1605537	2.754559	0.1066842	-0.2738094	2.938846	-0.1795232	-0.007377434	2.768322	0.3275622	-0.5021713	2.667963	-0.07549258	-0.3609721	2.954276	

0.2843433	-0.04285452	2.587369	-0.1138172	-0.03933824	2.829312	0.296119	-0.09305963	2.496433	-0.08986596	-0.1296206	2.869264	0.2921573	-0.02641509	2.470143	-0.1292534	-0.09267849	2.842175	0.1296435	0.4136884	2.482045	0.1254442	0.2849119	2.537848	0.1198504	0.25473	2.610438	0.1009426	0.1609902	2.810509	0.07379347	0.03814342	3.062291	0.2434916	0.2249482	2.646449	-0.04661248	0.2816327	2.627132	0.1374282	0.02641917	3.020373	0.008662669	0.04884899	3.033708	0.2988673	0.08019525	2.702445	-0.1399437	0.1605232	2.75418	0.1069439	-0.2784296	2.937184	-0.1837655	0.04413062	2.756614	0.324538	-0.4647477	2.671045	-0.07597205	-0.3642466	2.954762	

0.2842779	-0.04248462	2.586417	-0.1168163	-0.038617	2.831561	0.2958815	-0.08852271	2.497757	-0.08790085	-0.1289869	2.86974	0.2944223	-0.0286294	2.472564	-0.1292195	-0.09270921	2.839415	0.1296014	0.4134948	2.480907	0.1249009	0.2846582	2.537173	0.1190417	0.2543514	2.60886	0.1001474	0.1606481	2.807432	0.07367272	0.03708076	3.059286	0.2445295	0.2243303	2.646919	-0.04696467	0.2810673	2.626835	0.1374004	0.02454594	3.014428	0.008566605	0.04848237	3.032852	0.2979165	0.0803531	2.701391	-0.1399147	0.1602315	2.754054	0.1065585	-0.2816976	2.936661	-0.1707607	0.06937009	2.746369	0.3248187	-0.4622185	2.670001	-0.1374664	-0.3846442	2.848919	

0.2840536	-0.03973476	2.583513	-0.1170793	-0.04023602	2.832686	0.2927384	-0.0823266	2.49548	-0.08469125	-0.1297367	2.871737	0.2844179	-0.02881198	2.480187	-0.1292249	-0.08723527	2.837011	0.1291101	0.414369	2.478297	0.1239746	0.2845517	2.53591	0.1176629	0.2536227	2.605997	0.09820916	0.156901	2.800709	0.07159981	0.02387406	3.047281	0.2448596	0.2244314	2.647426	-0.04701584	0.2799578	2.626943	0.135944	0.0134747	3.005238	0.005856968	0.03443171	3.020818	0.2977196	0.08059303	2.700974	-0.1385175	0.1587344	2.755614	0.1048149	-0.2942138	2.936524	-0.1781305	0.08150582	2.740758	0.3247262	-0.4612535	2.669688	-0.1446638	-0.3656274	2.838387	

0.2836864	-0.0403434	2.582638	-0.117618	-0.03969348	2.832626	0.2884095	-0.07877714	2.492334	-0.08192458	-0.1330591	2.879388	0.2859443	-0.02742032	2.495	-0.1270238	-0.09685818	2.837009	0.1290398	0.4140104	2.477851	0.1238369	0.2844862	2.53567	0.117468	0.2534168	2.605449	0.09781016	0.1560265	2.799217	0.07109922	0.0223918	3.045399	0.2448004	0.2242814	2.647417	-0.04743835	0.2785136	2.627492	0.1354406	0.01155988	3.002932	0.00534625	0.03318552	3.01968	0.2969598	0.08028264	2.699364	-0.1386114	0.15891	2.755436	0.1043526	-0.2967509	2.936424	-0.184116	0.08359253	2.744037	0.3279353	-0.4072626	2.676862	-0.1457071	-0.3574468	2.839011	

0.2829011	-0.0332201	2.575543	-0.1181261	-0.03924534	2.832742	0.2847479	-0.07895931	2.490487	-0.087657	-0.1295702	2.873904	0.2859447	-0.02758177	2.47448	-0.1297543	-0.08837995	2.836196	0.1290112	0.4139597	2.47759	0.1237105	0.2846757	2.535614	0.1173225	0.2531942	2.605122	0.09701007	0.1496837	2.797206	0.06895832	-0.003401853	3.04161	0.2447203	0.2242149	2.64783	-0.04758837	0.2777521	2.627863	0.135109	-0.02536517	2.998161	0.002017885	0.01634353	3.017221	0.2967781	0.08033093	2.699246	-0.138712	0.1589444	2.755358	0.09937114	-0.3336017	2.932536	-0.07293582	-0.281388	2.925164	0.320154	-0.4080966	2.68653	-0.06841728	-0.6081647	2.964364	

0.2826982	-0.03131955	2.575452	-0.1223939	0.01070178	2.818381	0.2848668	-0.07793366	2.4926	-0.111571	-0.1066117	2.851167	0.2870896	-0.02955656	2.47	-0.1553094	-0.02994951	2.822749	0.1257477	0.425692	2.468886	0.1466025	0.3181614	2.511501	0.1364362	0.2822902	2.579788	0.1069162	0.1733006	2.775094	0.06966676	0.02957367	3.021613	0.215954	0.2577516	2.583487	-0.03536323	0.3012147	2.591782	0.1346947	0.02282598	2.976386	0.002998919	0.03848791	2.999917	0.2783245	0.1125955	2.710373	-0.1354002	0.2013707	2.719863	0.1213575	-0.2904039	2.926205	-0.05580432	-0.2630754	2.899071	0.3116753	-0.4251092	2.684969	-0.0527133	-0.595176	3.006478	

0.282315	-0.03038058	2.574428	-0.122434	0.01073177	2.818949	0.2843328	-0.08020398	2.49357	-0.1072085	-0.1064455	2.846689	0.2894758	-0.02978612	2.477919	-0.1541578	-0.03633026	2.823545	0.1250383	0.4277658	2.469859	0.0931678	0.3253538	2.468993	0.08992773	0.2880824	2.539095	0.08229681	0.1736975	2.744232	0.06754306	0.02377667	3.012352	0.2163801	0.2586141	2.585012	-0.03533705	0.3014543	2.592923	0.1280414	0.01568706	2.968222	0.005694571	0.03174771	2.985841	0.2783487	0.1126782	2.711212	-0.1355483	0.2014902	2.720829	0.1245493	-0.2982267	2.929743	-0.03555193	-0.2784805	2.920659	0.3100194	-0.4338802	2.688836	-0.05727013	-0.5351795	2.985946	

0.2786196	-0.02776222	2.592408	-0.1225326	0.01046713	2.81891	0.2861645	-0.08449072	2.493124	-0.09795053	-0.09564433	2.85107	0.284152	-0.02957929	2.471427	-0.145049	-0.05729036	2.822097	0.1249303	0.4282736	2.469036	0.1272465	0.3202362	2.487775	0.1163825	0.2845389	2.553778	0.08900478	0.1734095	2.74736	0.06739276	0.02361299	3.0107	0.2177707	0.2570255	2.588974	-0.03576656	0.3014891	2.592998	0.1271282	0.01502691	2.966949	0.006279077	0.032002	2.984205	0.2781845	0.1124879	2.711133	-0.1358137	0.1993283	2.721587	0.122869	-0.2962001	2.927912	-0.04760184	-0.271493	2.901704	0.3097177	-0.4271387	2.698244	-0.106627	-0.5528151	2.955073	

0.2780437	-0.02782697	2.594554	-0.1225156	0.01071616	2.818118	0.2878603	-0.08046378	2.494228	-0.1090995	-0.09439316	2.854431	0.2894003	-0.02780314	2.465667	-0.1521747	-0.03385394	2.817159	0.1246852	0.4289207	2.467494	0.1290618	0.319317	2.490303	0.1191913	0.2834067	2.556602	0.09205338	0.172528	2.748711	0.06692914	0.02260544	3.006747	0.2182778	0.2565813	2.589267	-0.03569745	0.301656	2.592432	0.125283	0.0127255	2.960825	0.006550394	0.03179476	2.982621	0.2780199	0.1124534	2.710883	-0.1358236	0.1992607	2.721311	0.1253589	-0.2985482	2.92604	-0.0380569	-0.2742041	2.906944	0.3218345	-0.3272726	2.655753	-0.07765515	-0.5542859	2.945397	

0.2788593	-0.02709012	2.594342	-0.1224018	0.01063385	2.817039	0.2828851	-0.1315404	2.508315	-0.1224094	-0.1045181	2.83699	0.2955644	-0.02893887	2.466401	-0.1563493	-0.02308472	2.820909	0.1253108	0.4290594	2.463802	0.1296013	0.3194737	2.489651	0.1199807	0.2833738	2.555859	0.09322874	0.1717609	2.747396	0.06491203	0.01834387	2.998702	0.2185982	0.2561969	2.588823	-0.03518277	0.3031031	2.588276	0.1225804	0.007889262	2.955003	0.005661177	0.02856129	2.973607	0.2779009	0.1130831	2.710767	-0.135738	0.1991119	2.718995	0.1279111	-0.3034866	2.924027	-0.03399157	-0.2798487	2.912574	0.322067	-0.3262425	2.650668	-0.05850165	-0.5193564	2.977907	

0.2809185	-0.02858323	2.596169	-0.1221603	0.01133761	2.814038	0.3023459	-0.0869837	2.501276	-0.1241395	-0.1023221	2.841104	0.3001455	-0.02548221	2.465474	-0.1550673	-0.02403077	2.812417	0.1261938	0.4288391	2.459263	0.1301632	0.3183013	2.488516	0.120967	0.2819881	2.554503	0.09509385	0.1699678	2.745009	0.06566245	0.01656612	2.992999	0.2200586	0.2557758	2.588583	-0.03438934	0.3036618	2.584321	0.1228594	0.005977597	2.950485	0.006946364	0.02701147	2.967355	0.278092	0.1131041	2.710522	-0.1352697	0.197565	2.714622	0.1320922	-0.3054106	2.92214	-0.03302054	-0.2820181	2.913518	0.3240599	-0.3159548	2.640712	-0.07492061	-0.5584436	2.950174	

0.2820236	-0.03040393	2.59386	-0.1217734	0.01195204	2.809551	0.3028783	-0.1047979	2.511407	-0.1200541	-0.1040969	2.836344	0.3050953	-0.02027647	2.465278	-0.1561327	-0.02718019	2.816964	0.127031	0.4284011	2.454566	0.1390278	0.3216303	2.481614	0.1290787	0.2842676	2.548128	0.1000768	0.1698766	2.739747	0.06601942	0.01449858	2.987427	0.2258763	0.2602401	2.578658	-0.03368021	0.3039572	2.581435	0.1231148	0.004599297	2.945618	0.007414803	0.02417517	2.961362	0.2795631	0.111745	2.708047	-0.1345555	0.1978209	2.706842	0.1281897	-0.3078167	2.917175	-0.03063282	-0.2862731	2.914507	0.3273522	-0.5692243	2.696047	-0.05840672	-0.5193354	2.977786	

0.2845573	-0.02984832	2.593974	-0.121797	0.007905285	2.808207	0.3114841	-0.06567835	2.489548	-0.1093677	-0.1174068	2.828661	0.3060387	-0.01653367	2.466945	-0.146352	-0.033924	2.8075	0.1276705	0.4284337	2.450805	0.1362351	0.3190143	2.479369	0.1271399	0.2818053	2.545757	0.09972003	0.1672077	2.736253	0.06641527	0.01098542	2.981066	0.2254654	0.2592144	2.573386	-0.0337801	0.3039956	2.581163	0.123364	0.001113375	2.940505	0.00797195	0.02072427	2.953848	0.2804827	0.1124951	2.708389	-0.1344652	0.1969541	2.705324	0.1335973	-0.3114799	2.916682	-0.03068511	-0.2902941	2.915198	0.3370452	-0.4269899	2.694385	-0.05837432	-0.5138155	2.975024	

0.2929159	-0.03255078	2.58632	-0.1181046	0.008655995	2.798859	0.3231654	-0.060952	2.473273	-0.09232224	-0.1276964	2.822737	0.3240284	-0.1201707	2.5415	-0.1438722	-0.03951802	2.793154	0.1310792	0.4263572	2.441532	0.1354721	0.3150525	2.473761	0.1271261	0.2776881	2.539737	0.1019954	0.1626784	2.728752	0.07034208	0.006429321	2.972101	0.2302024	0.2566905	2.565105	-0.03023398	0.3073089	2.564517	0.127435	-0.004978885	2.930364	0.01164014	0.0175781	2.946211	0.2857158	0.1106603	2.700792	-0.1306036	0.1958553	2.703341	0.138346	-0.3171811	2.91203	-0.02935208	-0.2931287	2.906842	0.3449707	-0.4252962	2.693541	-0.07348535	-0.5725142	2.947911	

0.3060509	-0.03293832	2.570284	-0.1151276	0.01061662	2.789214	0.3324777	-0.06018167	2.459717	-0.0939665	-0.12647	2.813916	0.3284054	-0.09685428	2.512444	-0.1407901	-0.04189225	2.797583	0.1361765	0.4240432	2.431255	0.1343451	0.3109929	2.462294	0.1270285	0.2750797	2.529671	0.104018	0.1635448	2.721753	0.07445157	0.01184715	2.966778	0.2344177	0.2536571	2.563562	-0.02814246	0.3087702	2.556498	0.1311018	0.0004136644	2.92723	0.01627479	0.02305109	2.938325	0.2922231	0.1079676	2.688041	-0.1246561	0.1922655	2.700806	0.1336834	-0.312085	2.898976	-0.01453802	-0.2884098	2.89762	0.3573904	-0.4201914	2.673853	-0.06900693	-0.5639778	2.945838	

0.3111501	-0.03641668	2.565298	-0.1133595	0.009495207	2.78506	0.3377467	-0.06332904	2.459562	-0.09062222	-0.1268796	2.804562	0.3284239	-0.09448666	2.4944	-0.1388245	-0.04181613	2.786693	0.1379675	0.4225447	2.426231	0.1369456	0.3094177	2.456672	0.129939	0.273282	2.523494	0.1077733	0.1617249	2.714945	0.07797867	0.01039632	2.96123	0.2401905	0.2546015	2.556331	-0.02723387	0.3091002	2.553635	0.1356819	-0.000824985	2.919761	0.01869358	0.02156541	2.934799	0.2942837	0.1059762	2.68182	-0.1230006	0.187759	2.701336	0.1333191	-0.3124411	2.896503	-0.01324722	-0.2890753	2.896957	0.3626115	-0.3129286	2.624052	-0.07783344	-0.559804	2.945719	

0.3167866	-0.03035991	2.554744	-0.1122574	0.01015473	2.778933	0.3401256	-0.06998299	2.449674	-0.09948512	-0.1241508	2.805379	0.3277398	-0.09252392	2.500004	-0.1412392	-0.0321504	2.7784	0.1412444	0.4205971	2.421676	0.1384997	0.3063915	2.454263	0.1312341	0.2716873	2.521635	0.1090182	0.1627128	2.713747	0.08098963	0.01961539	2.960262	0.2437531	0.250942	2.550106	-0.02448068	0.3094141	2.546253	0.1383589	0.006173566	2.919224	0.02184217	0.03287904	2.933782	0.2956418	0.1054053	2.679877	-0.1220753	0.1875216	2.69705	0.1330807	-0.3051213	2.892396	-0.01180827	-0.2771404	2.890946	0.3582456	-0.5126833	2.649042	-0.07299501	-0.5463598	2.946803	

0.3443432	-0.05747595	2.465013	-0.1038448	-0.007165306	2.766806	0.3582602	-0.07097015	2.422461	-0.07952022	-0.132099	2.78308	0.3339924	-0.08408506	2.496778	-0.1268844	-0.06313749	2.7649	0.1506915	0.416346	2.408987	0.1574558	0.3044133	2.429716	0.1488929	0.2700265	2.49722	0.1221212	0.163757	2.691653	0.08690715	0.02050506	2.942823	0.2592546	0.2549612	2.524823	-0.01960011	0.3097695	2.536433	0.143261	0.009955095	2.907365	0.02879607	0.02952054	2.909434	0.3073446	0.1002749	2.65639	-0.1156344	0.1847873	2.688671	0.1344324	-0.3017063	2.881154	-0.001204873	-0.2810959	2.882421	0.241201	-0.5439031	2.975174	-0.0786368	-0.5406656	2.960526	

0.3455064	-0.05836888	2.458925	-0.1004327	-0.01062624	2.76258	0.3558502	-0.103658	2.421112	-0.08696903	-0.1330553	2.776566	0.3394197	-0.08075441	2.48225	-0.1268892	-0.06087076	2.750444	0.1545729	0.4133921	2.403869	0.1517298	0.3026715	2.427154	0.1450768	0.2689636	2.494986	0.1216076	0.163966	2.690042	0.08962617	0.02244705	2.939663	0.2603553	0.2490896	2.520415	-0.01105682	0.3069399	2.525212	0.1461969	0.01279039	2.904386	0.03107144	0.03084282	2.906824	0.3096732	0.1005652	2.650498	-0.09096485	0.1522298	2.685268	0.1385811	-0.2988129	2.875284	0.00256626	-0.2797525	2.878631	0.2392914	-0.5414975	2.975326	-0.07460042	-0.5401116	2.956419	

0.3495621	-0.04390002	2.457844	-0.08885592	-0.02821555	2.754229	0.3733527	-0.1640077	2.406573	-0.07908015	-0.1377147	2.768058	0.3702911	-0.1668498	2.408	-0.1135509	-0.08010787	2.738926	0.1692051	0.4105339	2.386195	0.161047	0.3014579	2.404285	0.1541547	0.2673148	2.472011	0.1320263	0.1620187	2.666159	0.1010729	0.01943598	2.917376	0.2788986	0.2587283	2.472237	-0.003513501	0.3064857	2.516891	0.15757	0.01069233	2.881635	0.0419284	0.02762528	2.886491	0.321816	0.09957577	2.624804	-0.09385892	0.1796852	2.665371	0.1488242	-0.2999417	2.875884	0.01533395	-0.2836049	2.862534	0.2358048	-0.5561073	2.959555	0.02818971	-0.5545608	2.944787	

0.3558889	-0.03942065	2.442385	-0.08175355	-0.02787006	2.745256	0.3773517	-0.1292283	2.369488	-0.08531626	-0.1362406	2.763875	0.3497932	-0.08467223	2.448	-0.1181253	-0.07713498	2.73879	0.1799827	0.4117416	2.373278	0.1662167	0.3016124	2.398239	0.1595061	0.266842	2.464975	0.1382236	0.1594301	2.655819	0.1090399	0.01235838	2.900332	0.2810358	0.2471741	2.478163	0.009027713	0.3139906	2.502095	0.1657507	5.513088E-05	2.861168	0.04978802	0.02366396	2.872079	0.3326269	0.09929944	2.608543	-0.08274421	0.1607752	2.662277	0.1676361	-0.3078815	2.874515	0.06420378	-0.2885299	2.827244	0.1956874	-0.5759995	2.947774	0.02914668	-0.5415215	2.936648	

0.3714693	-0.07024357	2.410591	-0.0802707	-0.02789734	2.742949	0.3923507	-0.2002495	2.377886	-0.06941757	-0.1336391	2.762197	0.3820238	-0.1777253	2.383	-0.1188275	-0.07331173	2.743538	0.183611	0.4114707	2.36759	0.1683637	0.2976234	2.392758	0.1615707	0.2631655	2.45953	0.1400196	0.1570383	2.651065	0.1103048	0.01178637	2.897235	0.281132	0.2424345	2.478683	0.01021935	0.3152077	2.500744	0.1666645	-0.001094371	2.858196	0.05139207	0.02387341	2.86907	0.3362261	0.100441	2.60147	-0.08190067	0.1602205	2.66128	0.1753264	-0.3092642	2.871016	0.06324147	-0.2887537	2.824394	0.2246734	-0.572614	2.952401	0.02949949	-0.5458717	2.927959	

0.3704494	-0.02972647	2.417774	-0.07525154	-0.02446712	2.720487	0.3892534	-0.1142741	2.334095	-0.07070923	-0.1337297	2.738173	0.3791187	-0.09954697	2.3715	-0.1080792	-0.06603227	2.720667	0.1968088	0.4139394	2.343651	0.1876838	0.3023127	2.367011	0.1827455	0.2691391	2.433608	0.1676238	0.1676371	2.624693	0.1483563	0.03102631	2.870958	0.2900769	0.2379933	2.451296	0.0179802	0.3176349	2.488457	0.2033478	0.01733869	2.833245	0.0899104	0.04398975	2.84207	0.3476348	0.1000428	2.570725	-0.0747193	0.1603808	2.648225	0.1901706	-0.2890712	2.841546	0.07371815	-0.2869366	2.767686	0.2105226	-0.5380241	2.954537	0.03259476	-0.5502869	2.840328	

0.3703772	-0.02964217	2.417637	-0.0611829	-0.05894701	2.708645	0.389883	-0.1155087	2.319992	-0.06644762	-0.138939	2.717489	0.3672323	-0.07969433	2.4003	-0.0948685	-0.0836272	2.699	0.1992179	0.4143901	2.334924	0.1911674	0.3031846	2.360558	0.1860268	0.2693715	2.427314	0.1701406	0.1659086	2.618838	0.149412	0.02569089	2.864931	0.2906745	0.2382015	2.447024	0.02117839	0.3188588	2.479673	0.2051439	0.01078894	2.824461	0.09038317	0.03983591	2.838316	0.3486754	0.09890089	2.564682	-0.07225364	0.1597304	2.63861	0.187593	-0.2911428	2.843509	0.0729953	-0.290215	2.756186	0.2071593	-0.5401731	2.950451	0.05895579	-0.5649161	2.777504	

0.3701423	-0.03543393	2.407921	-0.06507816	-0.0302185	2.68217	0.3863624	-0.1089596	2.314356	-0.05687782	-0.1365441	2.707017	0.3802737	-0.1114395	2.341	-0.1029784	-0.08918424	2.696143	0.1996334	0.4138955	2.32463	0.1918823	0.3041033	2.354289	0.186483	0.2693749	2.420316	0.1693488	0.1621305	2.608789	0.1448513	0.0132506	2.849277	0.2905675	0.2371084	2.438903	0.02246341	0.3181773	2.466906	0.2007836	-0.003227821	2.808384	0.08569593	0.02941678	2.823725	0.348927	0.09597786	2.550126	-0.07089657	0.15945	2.627189	0.1848138	-0.2997353	2.841407	0.07227675	-0.3004449	2.723689	0.119897	-0.5486006	2.934556	0.06734273	-0.5780956	2.701384	

0.3621436	-0.04561615	2.37489	-0.07700863	-0.0711047	2.67252	0.3814649	-0.1676036	2.307939	-0.0692633	-0.1518856	2.682609	0.3724448	-0.05513382	2.26228	-0.1160307	-0.0956041	2.666375	0.1971792	0.4146358	2.295757	0.1845309	0.2945032	2.333992	0.1760584	0.2546548	2.392551	0.1499746	0.1320314	2.561831	0.1173227	-0.02973387	2.787906	0.2863681	0.234809	2.413356	0.01784021	0.3180904	2.437848	0.1735463	-0.04669607	2.746084	0.05831662	-0.01206686	2.763428	0.3405921	0.08916231	2.514193	-0.07277708	0.1510749	2.592905	0.1395619	-0.3394639	2.777464	0.06987634	-0.3199221	2.692625	0.1361098	-0.5900715	2.878448	0.07460519	-0.5906599	2.63147	

0.3517129	-0.1012376	2.237949	-0.08198235	-0.07391952	2.568288	0.3645032	-0.1941652	2.226151	-0.08091874	-0.1791784	2.585222	0.3595858	-0.07925355	2.182758	-0.1187278	-0.112665	2.571572	0.1841788	0.3894541	2.21347	0.1650145	0.2813032	2.243341	0.1587377	0.2412865	2.307182	0.138934	0.1186286	2.490299	0.1114946	-0.04780902	2.726143	0.2729499	0.2112557	2.333161	0.002480702	0.2893659	2.354805	0.1696809	-0.06047378	2.689375	0.05059821	-0.0339819	2.696615	0.323594	0.0623438	2.436356	-0.08986332	0.1175645	2.504785	0.1348511	-0.3510711	2.71847	0.06451363	-0.3297698	2.608367	0.1300116	-0.584233	2.847528	0.07610589	-0.6009303	2.626532	

0.3423208	-0.07890704	2.256161	-0.08301167	-0.0737114	2.564419	0.3616515	-0.1930438	2.21483	-0.08329587	-0.1773222	2.571198	0.3565836	-0.08217701	2.169342	-0.1248851	-0.1217584	2.561538	0.1835594	0.3882591	2.208435	0.1613353	0.2798492	2.236474	0.1555165	0.240189	2.300988	0.1369064	0.1184108	2.485878	0.1106195	-0.04725788	2.723501	0.2716233	0.2112236	2.326854	0.001389932	0.2900766	2.347076	0.1689621	-0.05994554	2.68712	0.04957104	-0.03342359	2.693543	0.3237376	0.06284002	2.432587	-0.08904845	0.1199002	2.500469	0.1153637	-0.3522124	2.66999	0.06483802	-0.3269912	2.608861	0.1312831	-0.5736095	2.842545	0.07637357	-0.5974928	2.622214	

0.3415202	-0.07806914	2.257048	-0.08715547	-0.06097112	2.539391	0.3564659	-0.1621817	2.182687	-0.0906758	-0.1793117	2.560423	0.3527191	-0.06100023	2.1535	-0.1259594	-0.1249245	2.541	0.1825329	0.3838743	2.193026	0.1580204	0.2640288	2.219404	0.1517114	0.2260325	2.283816	0.131803	0.1089679	2.468358	0.1039538	-0.05084375	2.705157	0.2683307	0.2091298	2.313861	-0.0002884945	0.2885768	2.335777	0.1620632	-0.06406391	2.667471	0.04329474	-0.03640845	2.676522	0.3228701	0.06351732	2.421403	-0.09153485	0.1186203	2.489645	0.1274898	-0.3507605	2.691574	0.063711	-0.3285925	2.599409	0.1314173	-0.5689168	2.835007	0.07772455	-0.5967972	2.616689	

0.3258912	-0.08896889	2.21307	-0.1050299	-0.07030725	2.484272	0.3499995	-0.1844391	2.121288	-0.09893419	-0.1811057	2.501702	0.3448432	-0.0694332	2.083848	-0.1284427	-0.1215431	2.48428	0.1782314	0.3756825	2.114687	0.1508715	0.2627848	2.137076	0.1466164	0.2270685	2.202645	0.1329653	0.1174426	2.390954	0.1138412	-0.03141275	2.633769	0.2650497	0.2264902	2.198265	-0.005051664	0.2853878	2.253167	0.1707795	-0.04008407	2.597695	0.05404095	-0.02195169	2.603621	0.3160805	0.05550591	2.34647	-0.09610235	0.1203641	2.414022	0.1320349	-0.3267661	2.611899	0.06963052	-0.3238677	2.573724	0.1851584	-0.5416499	2.857858	0.07854007	-0.5895289	2.608464	

0.3378315	-0.1114597	2.12464	-0.09807404	-0.07545006	2.460807	0.3506032	-0.221414	2.088391	-0.1024305	-0.1876233	2.474579	0.340682	-0.1049029	2.06181	-0.1325757	-0.1003284	2.4495	0.1759055	0.3744432	2.089151	0.1291328	0.2592258	2.089754	0.1292913	0.2235931	2.157612	0.1287054	0.1145157	2.356321	0.122724	-0.03397822	2.607281	0.2549765	0.218141	2.139705	-0.006205235	0.285021	2.238182	0.179049	-0.04255786	2.567476	0.06320138	-0.02452121	2.580533	0.3143991	0.05938196	2.319876	-0.09819946	0.1163769	2.398106	0.1533008	-0.3316971	2.557939	0.0656961	-0.3233267	2.55166	0.173318	-0.5926405	2.799133	0.07899208	-0.5858997	2.602854	

0.3333321	-0.1509227	2.154366	-0.09759533	-0.07577191	2.455923	0.354614	-0.2782449	2.099658	-0.08745321	-0.1898665	2.468285	0.3436359	-0.1778314	2.060445	-0.1311761	-0.1323661	2.456846	0.1758886	0.3751942	2.082376	0.128547	0.2598353	2.087392	0.1286666	0.2240948	2.155311	0.1278487	0.1146709	2.352499	0.1230201	-0.03432008	2.604261	0.2549582	0.2097353	2.148306	-0.006486787	0.2847552	2.224656	0.1796238	-0.04388094	2.563708	0.06328967	-0.02409185	2.578122	0.3156476	0.05658608	2.321405	-0.09685479	0.1174605	2.388865	0.1692655	-0.33254	2.540813	0.06418692	-0.3223878	2.542971	0.1832366	-0.6194366	2.753496	0.07890609	-0.5862413	2.599603	

0.3241464	-0.1167119	2.161527	-0.09671417	-0.08538937	2.445581	0.3413169	-0.1057224	2.046064	-0.09512433	-0.1877802	2.461753	0.3345247	-0.05228702	2.041734	-0.1190117	-0.1541853	2.441231	0.1746981	0.3738108	2.07268	0.1295688	0.25985	2.08574	0.129477	0.224369	2.153764	0.1283278	0.1158651	2.350345	0.1236472	-0.03127661	2.60187	0.2556632	0.2055943	2.151176	-0.006350077	0.2827336	2.214582	0.1806287	-0.04153498	2.561392	0.06347145	-0.02023751	2.57573	0.3162538	0.05739207	2.310092	-0.09719776	0.1165831	2.38125	0.1736774	-0.3282482	2.540645	0.0649149	-0.3226942	2.540852	0.1887153	-0.5543489	2.715283	0.08015771	-0.5852935	2.594678	

0.3322492	-0.1445373	2.114153	-0.0973419	-0.07985819	2.431372	0.3462422	-0.2673027	2.061621	-0.08646568	-0.190675	2.441091	0.337274	-0.1968881	2.031833	-0.128199	-0.1237973	2.429125	0.1721524	0.3712991	2.051727	0.1290525	0.2587161	2.069967	0.1292425	0.2244321	2.139296	0.1289445	0.1189458	2.338096	0.1264673	-0.02459965	2.592975	0.2563051	0.203355	2.149926	-0.007653113	0.2827854	2.201195	0.1843203	-0.03592358	2.551661	0.06540573	-0.01264021	2.567725	0.3179811	0.05910107	2.289533	-0.09775639	0.1136163	2.366603	0.1889621	-0.321709	2.500876	0.05671469	-0.3277841	2.527363	0.19423	-0.5772536	2.621364	0.08023187	-0.5870523	2.593318	

0.3324427	-0.1633751	2.089873	-0.09653288	-0.08047123	2.422261	0.345062	-0.272869	2.057539	-0.08328068	-0.1900755	2.431382	0.3388423	-0.2172534	2.021526	-0.1221482	-0.121926	2.405737	0.168719	0.3681637	2.034665	0.1316541	0.2535063	2.050518	0.1305658	0.219722	2.120238	0.1267283	0.1157778	2.320657	0.120868	-0.02570753	2.57884	0.2724219	0.1934562	2.157073	-0.008547892	0.2783403	2.184904	0.1797657	-0.03837081	2.537812	0.05883504	-0.01233955	2.553378	0.3182904	0.04520783	2.259051	-0.09657747	0.1109975	2.352891	0.1883866	-0.3206357	2.461406	0.05473873	-0.3318107	2.517109	0.2070438	-0.5997471	2.523586	0.08301012	-0.591373	2.589382	

0.3291392	-0.1508078	2.07012	-0.0961199	-0.07897632	2.414137	0.3457475	-0.2609622	2.036877	-0.08101981	-0.1902473	2.421384	0.342267	-0.2500185	2.01325	-0.1257725	-0.1331263	2.417167	0.1677481	0.3660845	2.022625	0.1306636	0.2535444	2.043904	0.1297872	0.2196906	2.112879	0.1266892	0.1155491	2.311023	0.1221373	-0.02611698	2.566343	0.263713	0.1945993	2.133962	-0.009508075	0.2763265	2.178384	0.1813291	-0.04004064	2.521944	0.05981511	-0.0117723	2.543903	0.3180856	0.04972093	2.249874	-0.096567	0.1098625	2.347945	0.1907448	-0.3269759	2.451421	0.05508619	-0.3326057	2.511056	0.211301	-0.6033638	2.468846	0.08732929	-0.5981336	2.580096	

0.3227724	-0.094106	2.061205	-0.09425879	-0.07960482	2.407583	0.3299794	-0.1071532	1.983227	-0.08464272	-0.1887244	2.412595	0.3542743	-0.06851786	1.9982	-0.1261009	-0.105754	2.394667	0.1647035	0.3636751	2.010078	0.1282859	0.2451956	2.038502	0.1276957	0.2119357	2.106852	0.1252915	0.1094108	2.303074	0.1215222	-0.03018605	2.555337	0.2641586	0.1954575	2.131048	-0.01074244	0.2747608	2.172351	0.1810252	-0.04289826	2.514019	0.05882278	-0.01689941	2.52988	0.3189746	0.04811012	2.239573	-0.09596349	0.1079465	2.342698	0.1930769	-0.3335383	2.436546	0.05428702	-0.332001	2.505099	0.215172	-0.6144921	2.423425	0.08619224	-0.5988712	2.580455	

0.32054	-0.1074187	2.057709	-0.08866504	-0.08232233	2.392129	0.3300932	-0.2278271	1.982184	-0.0656328	-0.203075	2.415892	0.3211003	-0.1130776	1.935488	-0.1117468	-0.1450377	2.387819	0.1589354	0.3563645	1.980174	0.1353654	0.2369198	2.019156	0.1351161	0.2035296	2.085948	0.1335988	0.1010432	2.277697	0.1306981	-0.03781397	2.524929	0.2657694	0.2040728	2.087966	-0.007229859	0.2608375	2.134456	0.1900799	-0.04843525	2.485478	0.06778194	-0.02627523	2.498205	0.322807	0.04394592	2.190574	-0.08887376	0.1032104	2.314202	0.1994713	-0.3556927	2.390176	0.05665739	-0.335208	2.485845	0.2195863	-0.618553	2.351491	0.08682858	-0.5996642	2.579446	

0.3188247	-0.1208639	2.030638	-0.08476858	-0.08531678	2.382209	0.3303849	-0.2446803	1.972576	-0.07067702	-0.2004347	2.397592	0.3209576	-0.1215119	1.925639	-0.1167421	-0.1196879	2.374106	0.1580453	0.3548056	1.972283	0.1387733	0.2360882	2.013456	0.1383203	0.2021547	2.079371	0.1360164	0.09754035	2.267863	0.131383	-0.04572802	2.509044	0.2661237	0.203932	2.085634	-0.006427076	0.2590639	2.127791	0.190934	-0.05653825	2.468241	0.06833398	-0.03377043	2.483488	0.3232077	0.04272143	2.18743	-0.08527431	0.09994458	2.307944	0.2001388	-0.3594654	2.387842	0.05704668	-0.3334345	2.474946	0.2202895	-0.6222075	2.349814	0.08703487	-0.6009728	2.57856	

0.3170993	-0.1228646	2.018703	-0.07609858	-0.09239511	2.36093	0.325648	-0.2348042	1.937976	-0.06878196	-0.212341	2.386084	0.3159022	-0.1163429	1.891976	-0.1019061	-0.1368209	2.356263	0.1562761	0.3460039	1.946864	0.1524251	0.237013	1.977902	0.1504343	0.2005563	2.044848	0.1439705	0.08903885	2.23653	0.1349179	-0.06212177	2.482237	0.2732281	0.196597	2.074668	0.0005180705	0.2422286	2.094124	0.1948552	-0.07116226	2.443876	0.07131492	-0.0514914	2.454223	0.3281303	0.02996805	2.165657	-0.07555443	0.09491567	2.284524	0.2031194	-0.3635903	2.374454	0.06391626	-0.3381196	2.455565	0.22159	-0.6257112	2.348645	0.08721961	-0.6010748	2.57726	

0.3183185	-0.1219657	2.017882	-0.07061563	-0.09671364	2.351703	0.3266492	-0.2408808	1.921416	-0.05765262	-0.2112101	2.358747	0.3164681	-0.1162645	1.88013	-0.09763584	-0.1533348	2.354	0.1562712	0.3428162	1.936349	0.1536909	0.2322384	1.97573	0.1516782	0.1968036	2.042547	0.1451012	0.08744856	2.234035	0.13604	-0.0616871	2.479399	0.2769002	0.1926354	2.066192	0.001248245	0.2407793	2.089562	0.1963194	-0.0706415	2.440476	0.07211995	-0.05113072	2.451947	0.3295391	0.02891731	2.158648	-0.07350036	0.08901111	2.277792	0.2062543	-0.3711059	2.363154	0.06570311	-0.3410187	2.449433	0.2212512	-0.6328938	2.34376	0.08765602	-0.6014434	2.57566	

0.3131745	-0.1388185	1.968384	-0.05965213	-0.1043428	2.326477	0.3215925	-0.2288146	1.888786	-0.05207148	-0.2222937	2.350577	0.3176724	-0.1091968	1.855578	-0.07660066	-0.1753786	2.32675	0.1617108	0.3328846	1.903813	0.1622513	0.2301477	1.94449	0.1597989	0.1936737	2.011437	0.1514821	0.08168501	2.204038	0.1395139	-0.07004078	2.452957	0.2881945	0.1886893	2.060856	0.01083807	0.231066	2.046661	0.2002672	-0.07951362	2.411282	0.07502104	-0.05868677	2.428289	0.3368835	0.0165328	2.128289	-0.05908743	0.08224408	2.239065	0.2083475	-0.3704872	2.347598	0.0700682	-0.3432989	2.435264	0.2212646	-0.6317605	2.340607	0.08943363	-0.600783	2.571925	

0.3136129	-0.140476	1.967407	-0.05409013	-0.104982	2.30076	0.3253591	-0.2306335	1.864645	-0.04320499	-0.2201532	2.326358	0.3199688	-0.1149345	1.833822	-0.0801308	-0.1432979	2.303724	0.1681318	0.3253466	1.872783	0.1694064	0.2190806	1.924534	0.1669458	0.1828628	1.990409	0.1585802	0.07169471	2.179257	0.1464728	-0.07905276	2.421637	0.3013531	0.1835332	2.031476	0.01242513	0.2275569	2.038698	0.206795	-0.08518365	2.385274	0.08209681	-0.07126418	2.391253	0.3425772	0.01270022	2.105754	-0.05412573	0.07253945	2.228126	0.2122648	-0.3620028	2.323205	0.07658029	-0.3484253	2.414263	0.221119	-0.6306828	2.334945	0.08948418	-0.600758	2.570861	

0.3352375	-0.1408343	1.908731	-0.0453226	-0.1145741	2.267255	0.3284411	-0.2292276	1.831028	-0.03706289	-0.2205857	2.285427	0.3251946	-0.1202171	1.80153	-0.07221926	-0.1432439	2.269	0.1800653	0.3176546	1.827387	0.1810341	0.2030195	1.876423	0.1786098	0.1675531	1.942158	0.1702106	0.05872351	2.130927	0.1577172	-0.08879395	2.374898	0.3179722	0.171745	1.977382	0.01942901	0.2261229	2.007005	0.2182188	-0.09503697	2.335629	0.09234496	-0.0796961	2.349919	0.3556768	0.003565068	2.058012	-0.04463185	0.06041561	2.189366	0.2116467	-0.3728858	2.304135	0.08144935	-0.3491103	2.3825	0.2189402	-0.6304259	2.327629	0.08785766	-0.5992965	2.562683	

0.3373909	-0.1404028	1.886191	-0.0301299	-0.113608	2.235098	0.3293349	-0.2195623	1.792078	-0.0303751	-0.2239404	2.255498	0.3289824	-0.1202219	1.765444	-0.06318258	-0.1344848	2.229294	0.1870678	0.3132595	1.795299	0.2012797	0.2064492	1.845295	0.1973379	0.170686	1.910948	0.1845122	0.06095695	2.099243	0.166694	-0.08782898	2.340859	0.3174774	0.1583631	1.912876	0.03585588	0.2212677	1.955366	0.2255006	-0.09482005	2.30196	0.1036513	-0.0782185	2.312286	0.3641046	0.001766514	2.029686	-0.03161283	0.06745162	2.146508	0.2148416	-0.3714689	2.29002	0.1224062	-0.35187	2.319621	0.2182949	-0.6286829	2.321392	0.0863018	-0.5931249	2.544516	

0.3405913	-0.1457207	1.820768	-0.01716866	-0.116892	2.194701	0.3337554	-0.2286731	1.762802	-0.01091092	-0.2204423	2.205249	0.3270249	-0.123962	1.729763	-0.04159527	-0.1741132	2.184946	0.1922467	0.3116821	1.764834	0.1995061	0.200764	1.792284	0.1998869	0.1676419	1.859846	0.1990718	0.06562347	2.056372	0.1980515	-0.0725386	2.305456	0.306978	0.1509831	1.849386	0.0380252	0.2239906	1.942034	0.2535121	-0.08075652	2.263381	0.1363085	-0.06254244	2.282049	0.3729749	-0.005396	1.997578	-0.02689743	0.06603539	2.131037	0.2289148	-0.3556246	2.263409	0.1201993	-0.3395195	2.270066	0.219763	-0.6259294	2.317189	0.09556675	-0.5845273	2.488445	

0.3398379	-0.1460596	1.806833	-0.002988889	-0.1119819	2.149997	0.335138	-0.2395813	1.73058	-0.001896957	-0.2092171	2.154969	0.3352634	-0.1205823	1.701394	-0.04019159	-0.1357823	2.1475	0.1927073	0.3166019	1.738189	0.2021351	0.2066207	1.777215	0.2037071	0.173362	1.843961	0.208101	0.07141955	2.034621	0.2137191	-0.06789039	2.280617	0.3030178	0.1517927	1.82698	0.03910774	0.2296206	1.914814	0.2696022	-0.07918436	2.230927	0.1520623	-0.05504801	2.262591	0.3731838	-0.007857934	1.965382	-0.02570147	0.07636583	2.107352	0.2374726	-0.3501174	2.244306	0.1243275	-0.3315177	2.224576	0.2178414	-0.6270493	2.318266	0.0967152	-0.5936483	2.412191	

0.3405435	-0.1420991	1.729902	-0.001101473	-0.1022101	2.11012	0.3396251	-0.2423829	1.678449	0.00348642	-0.2000165	2.110852	0.3342844	-0.1212451	1.6481	-0.03637716	-0.1370579	2.1003	0.1843231	0.3204622	1.702003	0.1993604	0.2151028	1.733105	0.2026351	0.1824071	1.801334	0.2110427	0.08149524	1.998014	0.2206521	-0.05579687	2.250384	0.2991599	0.1668707	1.802428	0.03546071	0.2464707	1.860497	0.2759857	-0.06878369	2.203798	0.1586886	-0.04163714	2.231782	0.3711526	-0.0007084212	1.908643	-0.02180833	0.09605708	2.057369	0.2437783	-0.3518218	2.229141	0.1161727	-0.3496388	2.159592	0.2179685	-0.6314623	2.316405	0.09475747	-0.6218961	2.243976	

0.3366643	-0.1809385	1.694692	-0.005188116	-0.1092698	2.090448	0.3414967	-0.2996354	1.660239	-0.001056692	-0.2094243	2.099904	0.3382364	-0.2778413	1.638714	-0.0469108	-0.1361932	2.0821	0.1774344	0.3174363	1.68472	0.1913502	0.2085707	1.724928	0.1941114	0.1748795	1.791672	0.2011162	0.07064463	1.982792	0.2096718	-0.07149035	2.227653	0.300214	0.1673457	1.800281	0.0329613	0.2401567	1.848888	0.2676926	-0.08110026	2.184693	0.1450119	-0.06032405	2.204307	0.3700939	-0.0025532	1.887755	-0.02511355	0.08863182	2.045384	0.2299398	-0.3636365	2.192734	0.09710546	-0.3871761	2.10281	0.2180952	-0.6331121	2.312246	0.09631867	-0.6620283	2.10303	

0.3335857	-0.1861546	1.677667	-0.009645546	-0.1198919	2.071922	0.3341877	-0.276059	1.630694	0.01321307	-0.2288629	2.094229	0.3317929	-0.2589503	1.616333	-0.05106916	-0.144774	2.066238	0.1698261	0.3148371	1.666957	0.188431	0.2119181	1.708242	0.190234	0.175941	1.774073	0.193733	0.06401552	1.961394	0.1951355	-0.09264602	2.199915	0.2990986	0.1673297	1.791945	0.0278801	0.2282943	1.831573	0.254046	-0.09946395	2.157245	0.1305342	-0.0828789	2.177063	0.3681148	-0.001444776	1.871952	-0.03072939	0.07260153	2.025283	0.2355869	-0.3674967	2.190435	0.09127995	-0.4020954	2.081428	0.2176433	-0.6355794	2.307918	0.09035746	-0.6762556	2.018851	

0.3331097	-0.1856532	1.667024	-0.02019889	-0.1293306	2.046938	0.3356124	-0.2844404	1.614085	-0.01314871	-0.2393638	2.052128	0.3264301	-0.1626761	1.580895	-0.04972216	-0.1795236	2.0275	0.1607614	0.3096418	1.646531	0.1788584	0.2103165	1.689516	0.1800116	0.1726479	1.754711	0.1824539	0.05630414	1.942031	0.1850725	-0.1022903	2.184352	0.2970609	0.1649477	1.783589	0.02052141	0.2157761	1.805879	0.245376	-0.1072834	2.144186	0.1190106	-0.09446287	2.158278	0.3628955	-0.008019906	1.846705	-0.0348439	0.05969346	2.000371	0.2389521	-0.372028	2.179742	0.08405907	-0.4100204	2.054563	0.2171191	-0.6369706	2.304133	0.08779573	-0.6772159	2.001447	

0.3325927	-0.1858427	1.662866	-0.02499215	-0.1341182	2.037427	0.3339501	-0.2834336	1.602971	0.007336325	-0.2487913	2.059811	0.327968	-0.1623628	1.570781	-0.05963234	-0.1836123	2.025889	0.1556558	0.3059003	1.635877	0.1763425	0.2114299	1.684478	0.1776303	0.1735802	1.750234	0.1804076	0.05692353	1.938914	0.1831655	-0.1018056	2.182209	0.2919399	0.1633441	1.77006	0.01753077	0.2092812	1.794137	0.2437006	-0.1070344	2.141591	0.1169733	-0.09370985	2.156624	0.3613166	-0.009539758	1.839783	-0.03892866	0.05444997	1.989497	0.2395972	-0.3735454	2.168773	0.08201164	-0.4118173	2.048068	0.2172075	-0.638036	2.302098	0.08577146	-0.6814505	1.995736	

0.3316958	-0.1860355	1.654844	-0.02925723	-0.142016	2.023468	0.333785	-0.286891	1.594998	-0.004339742	-0.2509384	2.038384	0.328998	-0.1654193	1.558578	-0.06112744	-0.2079601	2.011277	0.1503516	0.3019277	1.623026	0.1634598	0.2067081	1.667741	0.1656737	0.1688712	1.734177	0.1711528	0.05248575	1.924939	0.1769494	-0.1056909	2.170543	0.2866747	0.1604674	1.755277	0.01334381	0.2047685	1.785037	0.2377982	-0.1107741	2.130187	0.1107523	-0.09744478	2.144994	0.358321	-0.01363884	1.831343	-0.04581467	0.04731681	1.978103	0.2390544	-0.3765595	2.157756	0.07935937	-0.4158812	2.036987	0.2169534	-0.6381841	2.300952	0.08441238	-0.6846666	1.990878	

0.3257968	-0.1947038	1.62529	-0.05142551	-0.1564949	1.965205	0.3280914	-0.2970781	1.557067	-0.04530103	-0.2519814	1.966831	0.3186984	-0.1747054	1.522493	-0.06917332	-0.2151742	1.94135	0.1293582	0.2834211	1.568594	0.1385426	0.1901591	1.616571	0.140413	0.1534346	1.682986	0.1451504	0.04055263	1.873745	0.1505968	-0.1126144	2.1196	0.2655133	0.138283	1.697075	-0.01159011	0.1963648	1.733635	0.2107609	-0.1167397	2.082765	0.08574455	-0.1049848	2.090481	0.3387958	-0.03933562	1.779735	-0.07002994	0.03416074	1.923896	0.2182422	-0.380252	2.115595	0.06647064	-0.412542	1.987385	0.2149548	-0.6410092	2.299192	0.08278328	-0.6857164	1.988285	

0.3198573	-0.1994144	1.605678	-0.05307033	-0.1570253	1.962757	0.3256105	-0.3038274	1.548627	-0.04755364	-0.2539282	1.964566	0.315686	-0.1823271	1.51127	-0.08430118	-0.2000561	1.939389	0.1279521	0.2825495	1.564569	0.1383807	0.1887375	1.611559	0.1403992	0.1519698	1.677843	0.1456086	0.03894994	1.868177	0.1517559	-0.1144197	2.113385	0.2621217	0.1352041	1.688476	-0.01374666	0.1961927	1.729922	0.2116448	-0.119396	2.074061	0.08700516	-0.1060574	2.086304	0.3377346	-0.04049701	1.778337	-0.07328819	0.03335262	1.919923	0.2166172	-0.3805047	2.112991	0.06552392	-0.4038042	1.981086	0.2142041	-0.6424451	2.298706	0.08168003	-0.684175	1.987095	

0.2913411	-0.2227757	1.517845	-0.07728613	-0.1669183	1.889436	0.3035593	-0.335418	1.498854	-0.07785244	-0.2607996	1.894308	0.2880819	-0.2109297	1.455916	-0.1004598	-0.2170745	1.868756	0.1000734	0.2719458	1.480747	0.1169793	0.1620005	1.530721	0.1177798	0.1261252	1.595866	0.1193636	0.01589496	1.782771	0.1206663	-0.1335855	2.023442	0.2587679	0.1108691	1.635091	-0.04201064	0.1801175	1.630114	0.1801642	-0.1402455	1.982984	0.05724366	-0.1225727	1.997947	0.3089982	-0.06306979	1.704304	-0.0992767	0.0332198	1.831979	0.2058332	-0.3905898	2.046648	0.05960714	-0.3939101	1.931317	0.215247	-0.6421021	2.278559	0.07835595	-0.680345	1.982121	

0.2823188	-0.1831358	1.47103	-0.09609038	-0.1674789	1.823988	0.2827024	-0.3160467	1.426727	-0.08457799	-0.27552	1.846753	0.2765473	-0.1897995	1.380413	-0.1230752	-0.2257369	1.821793	0.07591549	0.2771794	1.400486	0.08978881	0.1694392	1.445746	0.09085637	0.1374536	1.512648	0.09340657	0.03889691	1.704853	0.09616985	-0.09493158	1.952649	0.2119186	0.1471587	1.533071	-0.06388414	0.1702317	1.539268	0.1588125	-0.09788392	1.911566	0.03028687	-0.0887683	1.927665	0.2861253	-0.03414702	1.62063	-0.1113267	0.02425444	1.744055	0.165018	-0.370471	1.868146	0.04782479	-0.3818491	1.879027	0.2040647	-0.6338767	2.079552	0.07873802	-0.6811878	1.979463	

0.2801607	-0.1973142	1.443893	-0.09549378	-0.1677334	1.812049	0.2721744	-0.2902883	1.388314	-0.07729466	-0.276463	1.824062	0.2598184	-0.1699491	1.35185	-0.1176846	-0.2410282	1.794903	0.07702871	0.2806707	1.38853	0.08689862	0.177995	1.431137	0.08798952	0.1451011	1.498593	0.09061604	0.04398297	1.692301	0.09345594	-0.09277696	1.941684	0.2119014	0.1462377	1.526823	-0.06375054	0.1719454	1.530694	0.1567203	-0.0961004	1.902316	0.02695607	-0.08626647	1.914828	0.2851845	-0.0331368	1.611296	-0.1150504	0.02191441	1.732585	0.1524629	-0.3826568	1.80656	0.04349193	-0.3921731	1.87259	0.1916116	-0.6697105	1.929758	0.08109375	-0.6859019	1.974786	

0.2793084	-0.1941005	1.440108	-0.0958794	-0.1671959	1.802132	0.2707093	-0.2900456	1.381664	-0.06932592	-0.2815423	1.820347	0.2589054	-0.1706932	1.340604	-0.1310877	-0.216089	1.797474	0.07770867	0.2816408	1.380912	0.08663342	0.1803318	1.425374	0.08770353	0.1473835	1.492654	0.09027047	0.04593256	1.685942	0.09304828	-0.09156968	1.935014	0.2125133	0.1454864	1.520834	-0.06401147	0.1727693	1.526744	0.1565147	-0.09489615	1.896129	0.02636333	-0.08511075	1.907764	0.2856243	-0.03197148	1.596869	-0.1145331	0.0208191	1.727985	0.1512869	-0.3865295	1.795792	0.04069502	-0.3961123	1.867742	0.186105	-0.6754372	1.874946	0.08275532	-0.6903347	1.971847	

0.2799304	-0.1815663	1.432563	-0.09659256	-0.1668196	1.785375	0.2755093	-0.3075157	1.371818	-0.09023968	-0.2795986	1.794606	0.2631799	-0.181394	1.323782	-0.1305325	-0.202781	1.774806	0.0796864	0.2824279	1.366734	0.08764076	0.1836381	1.414479	0.08887884	0.1503408	1.481046	0.09200144	0.04756916	1.67198	0.09567214	-0.09235243	1.917377	0.2146515	0.1402187	1.500005	-0.05993304	0.1710161	1.508857	0.1594009	-0.09719785	1.875111	0.02865796	-0.08457302	1.893196	0.2868898	-0.03175992	1.583224	-0.1121393	0.01995369	1.710718	0.1584342	-0.4269095	1.747653	0.03730928	-0.4021477	1.857215	0.1932026	-0.6918539	1.771106	0.08385843	-0.6940534	1.97128	

0.2791335	-0.1817923	1.399485	-0.09797633	-0.1741166	1.758848	0.2754216	-0.3079987	1.337911	-0.07316797	-0.2881079	1.773098	0.2613675	-0.1846623	1.292429	-0.1295311	-0.2317792	1.762889	0.08330841	0.2832548	1.333379	0.09223286	0.1846003	1.377899	0.09564502	0.1480618	1.44168	0.1062086	0.03380389	1.623877	0.1185926	-0.1209929	1.864381	0.2119565	0.126934	1.444182	-0.05822655	0.1711005	1.49694	0.1800544	-0.1260655	1.820659	0.05295449	-0.1116419	1.84214	0.2913788	-0.04174612	1.551433	-0.1121553	0.009128676	1.691212	0.1690527	-0.4474705	1.690778	0.03602521	-0.4093972	1.823152	0.2013399	-0.7069268	1.655461	0.08346653	-0.694319	1.966085	

0.2786954	-0.2176998	1.344879	-0.09125873	-0.1790256	1.719694	0.2806506	-0.3311699	1.307131	-0.07049846	-0.2987472	1.745743	0.2625908	-0.2038717	1.256966	-0.122917	-0.2292117	1.720556	0.08853056	0.2764631	1.297714	0.09811494	0.1733417	1.337093	0.103426	0.1349689	1.400907	0.1188248	0.01670227	1.584226	0.1397814	-0.1449579	1.818207	0.2182263	0.1200236	1.409363	-0.04859175	0.1585591	1.457846	0.2003522	-0.1496435	1.771699	0.07417857	-0.1350293	1.79891	0.3010079	-0.05950953	1.502296	-0.1059598	0.003547642	1.650237	0.1971664	-0.4857178	1.645432	0.03849205	-0.4147655	1.79058	0.2157885	-0.7422518	1.596851	0.08408327	-0.6956024	1.957413	

0.2796217	-0.2163969	1.346031	-0.08987904	-0.1822133	1.714397	0.2799563	-0.3324694	1.298306	-0.07659933	-0.3013228	1.721978	0.2605804	-0.2030846	1.243518	-0.1250234	-0.2257383	1.724371	0.08997726	0.2743844	1.29063	0.1006269	0.1709469	1.33044	0.105707	0.132829	1.39475	0.1204731	0.01523623	1.57916	0.1403358	-0.1452959	1.815328	0.2197192	0.1177365	1.401727	-0.04758769	0.156054	1.452046	0.2008305	-0.1497885	1.769268	0.07478683	-0.1355709	1.795568	0.301788	-0.06102287	1.49872	-0.1043781	0.001169576	1.646324	0.1966518	-0.4854992	1.645207	0.0395037	-0.4150927	1.782316	0.2157658	-0.7418757	1.597083	0.08437777	-0.6953865	1.95231	

0.280257	-0.2253599	1.334615	-0.07929912	-0.1910924	1.681554	0.2806252	-0.3357576	1.263615	-0.06443171	-0.3117317	1.692648	0.2618327	-0.210743	1.219978	-0.1108904	-0.2371244	1.6918	0.09908152	0.2600148	1.258332	0.114066	0.1486694	1.307969	0.1184278	0.1116239	1.370624	0.1309591	-0.002816379	1.549309	0.1468767	-0.1580713	1.777488	0.2323332	0.1062343	1.372335	-0.02944746	0.1506041	1.386923	0.2065598	-0.1621484	1.7339	0.08180822	-0.14813	1.755321	0.3089776	-0.07406555	1.472829	-0.08553289	0.004127434	1.591881	0.1976161	-0.4899549	1.629833	0.06216434	-0.4247688	1.733097	0.2148519	-0.7474501	1.590543	0.08392004	-0.6940601	1.944074	

0.2929401	-0.2576054	1.272347	-0.04817499	-0.2216421	1.620758	0.2840219	-0.3560194	1.210758	-0.006338147	-0.3303408	1.649852	0.278607	-0.2388185	1.1697	-0.06806086	-0.2776168	1.617216	0.1195406	0.2305592	1.193608	0.1309043	0.125379	1.232008	0.1364898	0.09138632	1.297697	0.1522732	-0.01320462	1.486165	0.1723538	-0.1548408	1.728804	0.2564674	0.07295072	1.310073	-0.01360914	0.1247702	1.325478	0.2311046	-0.1629728	1.683487	0.1070817	-0.1408366	1.708515	0.3283444	-0.1057444	1.408261	-0.05694427	-0.02628657	1.530193	0.1986378	-0.4524179	1.579077	0.1112423	-0.4444683	1.654674	0.2141648	-0.7386646	1.58648	0.08396208	-0.6764315	1.903917	

0.295012	-0.2658369	1.254885	-0.04520761	-0.2234126	1.616116	0.2961286	-0.3802987	1.201518	-0.02632978	-0.3308537	1.627844	0.2789434	-0.2477363	1.158418	-0.07047442	-0.2521453	1.605087	0.1215812	0.228282	1.189417	0.1343298	0.1154629	1.231469	0.1397714	0.08358605	1.296643	0.1551954	-0.01648509	1.484089	0.1761321	-0.1545675	1.724762	0.2585639	0.07057643	1.307248	-0.0117117	0.1236682	1.318298	0.2348815	-0.1628294	1.67889	0.110713	-0.1404416	1.704999	0.3294535	-0.1071663	1.406211	-0.05525216	-0.02650343	1.523557	0.2013784	-0.4486736	1.574048	0.1141617	-0.4432056	1.648495	0.2130055	-0.7370448	1.583319	0.08401465	-0.6740026	1.899057	

0.30814	-0.2747198	1.194066	-0.02347749	-0.2598299	1.571847	0.299738	-0.3789154	1.144469	-0.02989507	-0.3350425	1.581023	0.2867333	-0.2586587	1.111966	-0.05959616	-0.2626542	1.563917	0.1431717	0.1981758	1.116431	0.1524204	0.0876641	1.147696	0.1587487	0.05657775	1.215914	0.176479	-0.03884757	1.411979	0.1989109	-0.1677031	1.664848	0.2865965	0.0357611	1.230664	0.002371217	0.1078547	1.268879	0.2558877	-0.1765386	1.616871	0.1341454	-0.1522847	1.64742	0.3498929	-0.1352086	1.341589	-0.03311432	-0.04887554	1.471164	0.206841	-0.4447624	1.539957	0.1337119	-0.4378531	1.594016	0.21209	-0.7355013	1.578364	0.09073775	-0.650434	1.857923	

0.3086891	-0.2778474	1.194499	-0.02364147	-0.247646	1.565211	0.298027	-0.3855515	1.142396	-0.02696881	-0.3353621	1.584224	0.287552	-0.2597098	1.107323	-0.05845663	-0.2560406	1.554593	0.1440927	0.1976273	1.11352	0.1528223	0.08703399	1.146584	0.1589826	0.05598931	1.214808	0.176221	-0.03936058	1.410788	0.1977817	-0.1681779	1.6633	0.2985966	0.05792955	1.229849	0.002581859	0.1075192	1.268465	0.2554139	-0.1759409	1.616143	0.131642	-0.155047	1.644078	0.3505728	-0.1361412	1.339765	-0.03281632	-0.04940996	1.470625	0.2069052	-0.4431828	1.536876	0.1315868	-0.4357326	1.593797	0.2115279	-0.7330837	1.574738	0.09089154	-0.6518952	1.856259	

0.3108135	-0.2776959	1.156557	-0.01821808	-0.2345089	1.535969	0.299412	-0.3791575	1.107395	-0.01874623	-0.3333476	1.554068	0.2905439	-0.2661615	1.069398	-0.05718867	-0.2452149	1.537167	0.1562919	0.1934882	1.072616	0.1663768	0.08134343	1.102552	0.1734504	0.05124591	1.168359	0.1924502	-0.04075006	1.359766	0.2160856	-0.1648598	1.607462	0.2790152	0.03226749	1.145591	0.01602995	0.1208104	1.222066	0.2674907	-0.1706767	1.564373	0.1559159	-0.1523517	1.585295	0.3564214	-0.1444906	1.308979	-0.02085713	-0.03605975	1.424434	0.20922	-0.4412886	1.526505	0.1273874	-0.4283025	1.577317	0.2119906	-0.7309334	1.571517	0.09056973	-0.6488935	1.836785	

0.3073779	-0.2874567	1.145476	-0.01432792	-0.2263275	1.503933	0.2998255	-0.3798012	1.08556	-0.01379466	-0.3235771	1.511962	0.2906359	-0.2629884	1.05428	-0.05325914	-0.2302306	1.49395	0.1586269	0.1933166	1.061895	0.1668632	0.08206763	1.087663	0.1743341	0.05217791	1.155035	0.1948566	-0.03938611	1.348168	0.2207025	-0.1629	1.596727	0.2766333	0.03625768	1.131017	0.01513967	0.1227378	1.221634	0.2711488	-0.1683364	1.552365	0.1612264	-0.1507678	1.575689	0.3594792	-0.1475695	1.289296	-0.02119704	-0.03825466	1.421271	0.2114139	-0.4423675	1.518332	0.1188615	-0.4171543	1.536762	0.2122597	-0.7306736	1.570849	0.08996351	-0.6479566	1.788583	

0.3122501	-0.2958446	1.125245	-0.01344783	-0.2256478	1.498688	0.3022958	-0.3950054	1.081916	-0.02115041	-0.3197311	1.500071	0.2984972	-0.268899	1.048543	-0.05371407	-0.2288828	1.491699	0.159476	0.1936182	1.054729	0.1666951	0.08203892	1.080265	0.1743229	0.05245691	1.147771	0.1954578	-0.03830628	1.341517	0.2221116	-0.1608423	1.590929	0.2757998	0.03785538	1.125191	0.01738711	0.1196049	1.212779	0.2729143	-0.165738	1.546075	0.1622269	-0.1492863	1.570459	0.3603762	-0.1483756	1.283238	-0.02058537	-0.03770918	1.414688	0.2125619	-0.4424779	1.512748	0.1191528	-0.4149268	1.536125	0.2123912	-0.7303416	1.569894	0.08887219	-0.6484606	1.78644	

0.3138115	-0.289378	1.126199	-0.0150657	-0.2222054	1.46548	0.2991612	-0.389507	1.070796	-0.02773349	-0.3054261	1.467117	0.2923003	-0.264953	1.036382	-0.04990332	-0.2204445	1.454	0.1588517	0.1972711	1.038547	0.1667492	0.08575153	1.065808	0.1756021	0.05694389	1.133324	0.2009265	-0.03123616	1.326658	0.2349188	-0.1490778	1.57473	0.2763059	0.03937115	1.119999	0.0182058	0.1201704	1.200218	0.2873072	-0.1551095	1.526681	0.1730478	-0.1369382	1.557195	0.3620225	-0.1444746	1.266176	-0.02001748	-0.03605028	1.402884	0.2197076	-0.4405602	1.499004	0.1216995	-0.4175335	1.50987	0.2126247	-0.729792	1.569433	0.08463566	-0.6890541	1.720716	

0.3109004	-0.2874111	1.114403	-0.01482795	-0.2117163	1.436893	0.2927195	-0.3828025	1.052376	-0.01336623	-0.2987282	1.433583	0.2848114	-0.2592689	1.015182	-0.05455046	-0.218597	1.439154	0.1543932	0.2042683	1.018449	0.1640408	0.09151916	1.050451	0.1731634	0.06360999	1.118706	0.1991732	-0.02224802	1.314531	0.2331706	-0.1378248	1.566224	0.2774937	0.04094524	1.11762	0.01819624	0.1244377	1.169771	0.2876105	-0.146783	1.517596	0.1687445	-0.1223858	1.549292	0.3574735	-0.1305653	1.240808	-0.02287912	-0.02447682	1.376882	0.2248322	-0.4384732	1.477288	0.1091036	-0.4308871	1.452203	0.2121422	-0.7301214	1.567292	0.08345941	-0.7383235	1.568191	

0.3025808	-0.3066227	1.074019	-0.01822616	-0.2083605	1.418365	0.289658	-0.3799736	1.042059	0.009477566	-0.3206552	1.424125	0.2762118	-0.2942245	0.9946563	-0.04841151	-0.2498193	1.392929	0.1508775	0.2089673	1.00644	0.1603108	0.09531096	1.041541	0.1690691	0.06751171	1.109437	0.1939696	-0.01813705	1.304454	0.2261383	-0.133773	1.55568	0.2803729	0.04535233	1.114788	0.01775475	0.122944	1.148152	0.2831134	-0.1424835	1.50976	0.1591609	-0.1194048	1.535841	0.3541939	-0.123059	1.225138	-0.02398237	-0.02102183	1.358232	0.2288077	-0.4473476	1.46457	0.1010518	-0.4405755	1.422329	0.2111838	-0.7309092	1.561497	0.07016931	-0.7491368	1.452449	

0.3033155	-0.2772717	1.067745	-0.02524708	-0.2217394	1.385237	0.2838765	-0.3790875	1.008441	-0.005865373	-0.3263642	1.382364	0.2722203	-0.2597153	0.9657347	-0.05994296	-0.2355378	1.375379	0.1442521	0.2141262	0.9872659	0.1567063	0.09798332	1.034954	0.1648518	0.0695701	1.101482	0.187363	-0.01876566	1.291132	0.2148684	-0.140635	1.532264	0.282639	0.05501097	1.103971	0.01239042	0.1218605	1.12857	0.274349	-0.1462263	1.489462	0.1459928	-0.1293785	1.50968	0.3492189	-0.1139394	1.204678	-0.03024007	-0.03169771	1.332516	0.1974176	-0.4496245	1.419497	0.09895267	-0.4449742	1.394956	0.2103934	-0.7314079	1.55633	0.05554306	-0.7246156	1.360462	

0.2913776	-0.2854696	1.031259	-0.03955599	-0.2477614	1.337606	0.2780065	-0.3880447	0.9727679	-0.00541229	-0.3603907	1.343246	0.2694784	-0.2652492	0.9343529	-0.07175978	-0.2773049	1.342793	0.1217201	0.2031853	0.935007	0.135087	0.09025151	0.98109	0.1429595	0.06096128	1.04821	0.1653298	-0.02922251	1.240937	0.1946653	-0.1506222	1.490765	0.2687762	0.04573284	1.053644	-0.007480094	0.11046	1.102415	0.2522072	-0.1545669	1.445683	0.1285376	-0.1399769	1.470543	0.3353516	-0.1281978	1.158803	-0.0563305	-0.05428278	1.297596	0.1844261	-0.435405	1.387527	0.09023678	-0.4413502	1.363653	0.2081597	-0.7344033	1.549296	0.05534355	-0.7123329	1.345231	

0.2896268	-0.284896	1.02617	-0.04023623	-0.2462596	1.336776	0.2772422	-0.3867823	0.9685153	-0.0099449	-0.358588	1.34708	0.2695549	-0.2710999	0.9224571	-0.06995233	-0.2912444	1.332191	0.1210915	0.2024011	0.9333445	0.1341347	0.08936747	0.9787213	0.1419899	0.06010239	1.045902	0.164316	-0.02999981	1.238801	0.1932587	-0.1514772	1.488176	0.2672224	0.04484184	1.051108	-0.01002693	0.1089847	1.09596	0.2509928	-0.1553184	1.443503	0.1269888	-0.1409176	1.46749	0.334894	-0.1303319	1.157202	-0.05687682	-0.05327528	1.293846	0.1838738	-0.4360422	1.386764	0.08904403	-0.4427741	1.361382	0.2063458	-0.737105	1.5483	0.05510183	-0.7114198	1.342606	

0.2705949	-0.2980866	0.9854816	-0.05298753	-0.2478424	1.313135	0.2707085	-0.4041595	0.9543692	-0.02139367	-0.3624725	1.326658	0.2546314	-0.3062371	0.903742	-0.08960038	-0.289938	1.296606	0.1020358	0.1837934	0.8928674	0.1154395	0.06923784	0.9343874	0.1227166	0.04120847	1.00179	0.1435202	-0.0448504	1.19551	0.1702565	-0.1608141	1.445301	0.239576	0.03331003	0.9957135	-0.03384206	0.09647227	1.047633	0.227428	-0.1639213	1.403125	0.1055732	-0.1503885	1.422304	0.3220348	-0.1563093	1.128799	-0.07511421	-0.05499549	1.253754	0.1795371	-0.4387562	1.37692	0.075294	-0.4386564	1.343369	0.2052893	-0.7364416	1.543333	0.04898421	-0.7692076	1.335884	

0.2635797	-0.3167574	0.9705092	-0.07351822	-0.2469801	1.281742	0.2560781	-0.3903393	0.9172462	-0.0391407	-0.3528247	1.294324	0.2396202	-0.2878301	0.8722206	-0.1095572	-0.3052659	1.2965	0.07109112	0.1700936	0.8528171	0.0879887	0.0583921	0.898669	0.09251901	0.02917098	0.9647124	0.1069974	-0.05975369	1.156564	0.1261541	-0.1790525	1.404552	0.2303845	0.02879157	0.9860083	-0.05495395	0.08089016	0.9763314	0.1850701	-0.1820345	1.364533	0.06136403	-0.1677275	1.37912	0.3040882	-0.1591867	1.099261	-0.1012793	-0.05181014	1.192371	0.1704238	-0.4472761	1.351078	0.05482969	-0.4328454	1.305947	0.2033615	-0.7378603	1.536772	0.05287619	-0.7852277	1.338558	

0.2548575	-0.3078239	0.9570482	-0.07724062	-0.2503196	1.268896	0.2464594	-0.3898063	0.8980649	-0.04092374	-0.3647525	1.285998	0.2306618	-0.2868119	0.8547043	-0.1109569	-0.2958785	1.253826	0.05977706	0.1685289	0.8430044	0.0748008	0.06000103	0.8831189	0.0841969	0.03062668	0.9517744	0.107365	-0.05876154	1.146281	0.1389695	-0.1782587	1.391182	0.2069952	0.03865809	0.9607761	-0.1017454	0.1224144	1.034604	0.1950956	-0.1811774	1.348174	0.07681037	-0.1669309	1.368209	0.2887589	-0.144129	1.080082	-0.1246601	-0.06599404	1.205036	0.1615725	-0.444861	1.33797	0.04847329	-0.4310013	1.296075	0.2010448	-0.7307041	1.529496	0.05443853	-0.7828141	1.333601	

0.251005	-0.3023915	0.9498	-0.07890876	-0.251608	1.263083	0.2437712	-0.3952262	0.8996856	-0.04336906	-0.3636233	1.280497	0.2245458	-0.2884625	0.8474634	-0.1040207	-0.3209595	1.22225	0.05197774	0.1678856	0.8364778	0.06813137	0.06146226	0.8753362	0.07656987	0.03170697	0.9432378	0.1003378	-0.05941438	1.138257	0.1327917	-0.1810122	1.386726	0.2085635	0.04588907	0.9642515	-0.09481412	0.07991522	0.9879144	0.1918746	-0.1810083	1.346688	0.06623856	-0.1748979	1.359049	0.2852157	-0.141503	1.077145	-0.1288943	-0.06440766	1.198305	0.1585291	-0.4451359	1.332566	0.04536018	-0.4397959	1.290646	0.2003693	-0.729729	1.525599	0.05223177	-0.7912981	1.330366	

0.2478445	-0.2990323	0.9438409	-0.07993732	-0.2509497	1.257448	0.2400568	-0.3910895	0.8838705	-0.04246423	-0.3613473	1.282406	0.2181778	-0.2868655	0.8392122	-0.1163059	-0.3060499	1.261167	0.04444709	0.1675766	0.830151	0.06250855	0.06250315	0.869635	0.07018718	0.03256616	0.936759	0.0920798	-0.05940791	1.129212	0.1213167	-0.1830159	1.375562	0.2082455	0.05134596	0.9661807	-0.08694784	0.09813788	0.9402201	0.1810992	-0.1815778	1.337419	0.05622627	-0.1767215	1.348199	0.2810201	-0.1388968	1.072824	-0.1530517	-0.01643202	1.151089	0.1507846	-0.4460825	1.322105	0.04329572	-0.4426284	1.286143	0.1980709	-0.7272625	1.518954	0.05153222	-0.7936999	1.329629	

0.2400621	-0.3011283	0.9301316	-0.09282691	-0.2445702	1.243849	0.2301048	-0.3847929	0.8666489	-0.05126696	-0.3581781	1.273877	0.2201432	-0.2865546	0.8229445	-0.1302138	-0.2913419	1.238174	0.02502617	0.1680855	0.8114281	0.04359615	0.06259779	0.8530491	0.0552212	0.03253062	0.9218819	0.08668189	-0.05966889	1.118729	0.1230864	-0.1834316	1.368729	0.172175	0.058775	0.9234141	-0.120046	0.1024329	0.9730434	0.1833906	-0.1840542	1.321137	0.05715435	-0.1760948	1.346627	0.2646995	-0.131508	1.047723	-0.1621321	-0.0135379	1.13852	0.146123	-0.4465829	1.316103	0.04144441	-0.4414968	1.280193	0.1963627	-0.7259119	1.515138	0.05039508	-0.7919568	1.328601	

0.2357881	-0.2999142	0.9243563	-0.092801	-0.2465937	1.240145	0.2308345	-0.38937	0.8610741	-0.05633347	-0.3559466	1.265225	0.2031959	-0.2908475	0.8146191	-0.1198848	-0.307414	1.214318	0.01999039	0.1680509	0.8063067	0.0379554	0.063294	0.8455765	0.04933864	0.03283142	0.9138891	0.08209331	-0.06066373	1.110167	0.1225804	-0.185754	1.362089	0.1708274	0.05972374	0.9225941	-0.121592	0.1027878	0.9723136	0.1826962	-0.1880503	1.311409	0.05687438	-0.1763477	1.34461	0.2615512	-0.1309445	1.042626	-0.1686717	-0.01211537	1.132191	0.1436327	-0.4492724	1.312827	0.04012318	-0.4414795	1.276138	0.1953412	-0.7278975	1.512826	0.05038761	-0.7914351	1.328389	

0.2306214	-0.3011926	0.9151465	-0.09169257	-0.2499596	1.233344	0.2311896	-0.4148681	0.8460402	-0.05964807	-0.3609461	1.252757	0.2037305	-0.2969439	0.8048797	-0.1362314	-0.298602	1.202238	0.01186664	0.1679597	0.7974371	0.03046748	0.0630694	0.8352236	0.04245605	0.03236812	0.903288	0.07772544	-0.06184654	1.098575	0.1230255	-0.1881566	1.349221	0.1601348	0.06728016	0.9066846	-0.1390762	0.1077444	0.985604	0.1815572	-0.1905085	1.296787	0.05834416	-0.1775011	1.335822	0.2545868	-0.1310045	1.031852	-0.1789621	-0.01708598	1.129952	0.1319619	-0.45062	1.295285	0.03425166	-0.4422825	1.268945	0.1907823	-0.7241268	1.500493	0.05234915	-0.7902641	1.330648	

0.2250409	-0.299653	0.8996882	-0.09368881	-0.2582546	1.225381	0.2303151	-0.3956169	0.8466847	-0.05678933	-0.3673865	1.244778	0.223602	-0.2977373	0.7977733	-0.1380267	-0.3128243	1.205976	0.002362785	0.1664333	0.7832555	0.01915571	0.06249429	0.8139432	0.03195314	0.03091774	0.8820858	0.07019594	-0.06588791	1.077397	0.1203154	-0.1955993	1.328376	0.1543449	0.06718361	0.8981966	-0.1487765	0.1102397	0.984429	0.1781247	-0.1992263	1.271154	0.05652943	-0.1827253	1.319994	0.2484941	-0.1318335	1.020183	-0.2162123	-0.07122296	1.162255	0.1164503	-0.4594606	1.244393	0.01730908	-0.445384	1.250193	0.1886381	-0.7322056	1.446741	0.0558351	-0.7859432	1.334736	

0.2264211	-0.301375	0.893599	-0.1018092	-0.2622961	1.214129	0.2399436	-0.3934565	0.8326519	-0.06333061	-0.3704523	1.233655	0.2155716	-0.2977176	0.7881351	-0.1394316	-0.3232589	1.1882	0.0004357187	0.1658179	0.7746056	0.01746117	0.06233738	0.806651	0.03046133	0.03126965	0.8750657	0.06940664	-0.06408834	1.07106	0.1206392	-0.1918485	1.322714	0.1492792	0.06663799	0.8848629	-0.1532774	0.1100866	0.9762567	0.1784907	-0.1953392	1.267611	0.05681204	-0.1791785	1.311676	0.2469297	-0.1332025	1.014103	-0.2169342	-0.06903312	1.157401	0.1196061	-0.4565516	1.219754	0.013547	-0.4415573	1.243561	0.1990016	-0.7207422	1.392637	0.05636167	-0.7809328	1.330821	

0.2318581	-0.3011758	0.8790588	-0.1162449	-0.2513792	1.191006	0.2438463	-0.3890705	0.8189525	-0.07179928	-0.3630121	1.2148	0.2316103	-0.292218	0.7733382	-0.153319	-0.294687	1.17773	0.006611449	0.1648915	0.7606938	0.02306702	0.06234682	0.7934318	0.03643845	0.03244051	0.862018	0.07684125	-0.05918797	1.058233	0.1310256	-0.1809029	1.30987	0.1536863	0.05437622	0.872053	-0.152182	0.1142175	0.9705107	0.186413	-0.1864869	1.258456	0.06929436	-0.1663773	1.295321	0.2477752	-0.1361482	1.004684	-0.1947444	-0.04126847	1.090267	0.1482646	-0.4788921	1.182075	0.01087554	-0.4261125	1.227743	0.2253801	-0.7809894	1.255644	0.04574712	-0.6995129	1.300854	

0.2329763	-0.3039393	0.8743547	-0.1175707	-0.2499669	1.187672	0.2477256	-0.3980412	0.8232286	-0.07187957	-0.3609422	1.20242	0.2269595	-0.2956965	0.7679259	-0.1462142	-0.3153207	1.15288	0.009482485	0.1646972	0.7553937	0.02555038	0.06245418	0.7884648	0.03832909	0.03271714	0.8571155	0.07703505	-0.0584732	1.053581	0.128801	-0.1798958	1.305426	0.1568642	0.049213	0.8715849	-0.1343759	0.1107571	0.9195223	0.1851942	-0.185543	1.25555	0.06592983	-0.1653925	1.289412	0.2480117	-0.1384258	0.9996242	-0.1951459	-0.03801232	1.085703	0.1481524	-0.4779997	1.179191	0.01166813	-0.4251642	1.218161	0.2228121	-0.7850233	1.235273	0.04623463	-0.7016596	1.298296	

0.2372506	-0.3057525	0.8576741	-0.1199821	-0.245612	1.174063	0.2478612	-0.3902007	0.7982174	-0.1403498	-0.3560579	1.18524	0.2353669	-0.293261	0.7572345	-0.1604234	-0.2614104	1.159382	0.01718851	0.1659572	0.745067	0.03475405	0.06344009	0.7741983	0.04435259	0.03354032	0.8435097	0.07489841	-0.05803829	1.04024	0.1115998	-0.1805035	1.288156	0.163059	0.03793859	0.8550208	-0.09597437	0.0676477	0.850576	0.1733971	-0.1844311	1.246186	0.04336987	-0.1682633	1.262415	0.2507113	-0.1440173	0.9882511	-0.1611264	-0.05310262	1.069087	0.1427153	-0.4616582	1.163281	0.01121151	-0.4323877	1.209934	0.2496098	-0.7815797	1.141429	0.05702283	-0.7591159	1.313353	

0.2392094	-0.3105973	0.8460181	-0.1214937	-0.2435389	1.162824	0.2514839	-0.4030263	0.7960605	-0.1323417	-0.3572488	1.163074	0.2341343	-0.2970459	0.7449066	-0.1604549	-0.2615993	1.159309	0.02412006	0.1668758	0.7362137	0.04074807	0.06195607	0.7672673	0.0491526	0.03294667	0.8367105	0.07593436	-0.05649731	1.034768	0.1099199	-0.1765877	1.285124	0.1682402	0.03096637	0.8498129	-0.09546059	0.06745118	0.8502549	0.1709649	-0.1800746	1.243234	0.04270738	-0.1648623	1.260137	0.2543198	-0.150426	0.9784354	-0.1583228	-0.05398003	1.069061	0.1423317	-0.4616824	1.157311	0.01540749	-0.4310831	1.198485	0.2481721	-0.7778459	1.139345	0.0551968	-0.7532374	1.308813	

0.2414419	-0.3177613	0.8338867	-0.1183435	-0.2424715	1.148075	0.2525635	-0.3957903	0.7725321	-0.1265418	-0.3650281	1.152781	0.2443269	-0.2998452	0.7334236	-0.154873	-0.2609852	1.141868	0.03841237	0.1661783	0.7205341	0.05211625	0.05757023	0.7512802	0.05895843	0.02993294	0.8208898	0.08026131	-0.05554262	1.020456	0.1089554	-0.1712533	1.274764	0.1807102	0.01722083	0.8332989	-0.08895399	0.06608892	0.8440505	0.1691442	-0.174275	1.237705	0.04333711	-0.1602293	1.244102	0.2619264	-0.1556171	0.9630214	-0.150026	-0.05500842	1.063514	0.1442328	-0.4543909	1.1458	0.02832304	-0.4352201	1.182889	0.2546326	-0.7696991	1.115939	0.0527552	-0.7481852	1.302336	

0.246377	-0.3233309	0.8133256	-0.1136312	-0.2425101	1.135417	0.2523408	-0.3986371	0.7540272	-0.1095465	-0.3613876	1.129767	0.2397634	-0.3081866	0.7159383	-0.1455871	-0.2603748	1.127	0.05594639	0.1645053	0.700868	0.06566188	0.05622116	0.7301477	0.07468522	0.02992829	0.7990482	0.1019518	-0.050366	0.9968011	0.1386077	-0.1567058	1.251572	0.1854777	0.00818053	0.7917755	-0.0878734	0.06792367	0.8455151	0.1923804	-0.1597976	1.213588	0.07763091	-0.1457227	1.224397	0.2720582	-0.1650649	0.9465724	-0.1379477	-0.06066247	1.062457	0.1495173	-0.453523	1.12584	0.03890146	-0.4347877	1.169903	0.2442053	-0.7610111	1.123792	0.04971474	-0.701785	1.272375	

0.2516947	-0.3265283	0.7947507	-0.1048469	-0.2411951	1.120078	0.2606904	-0.4287811	0.7452651	-0.1042745	-0.3630999	1.131008	0.2457338	-0.3199092	0.6988474	-0.1318567	-0.2546045	1.126231	0.07361592	0.1627404	0.681985	0.08259317	0.05514585	0.7110146	0.09154321	0.03105138	0.780238	0.1180999	-0.0428363	0.9786519	0.1536569	-0.1405221	1.233575	0.1930916	0.006524743	0.7725184	-0.05139547	0.07010836	0.7916592	0.2105136	-0.1444709	1.18974	0.0893757	-0.1291403	1.211088	0.2876461	-0.1690157	0.9266275	-0.1164393	-0.04490998	1.013373	0.1536622	-0.4387696	1.111901	0.043703	-0.4358091	1.161295	0.2400364	-0.7477986	1.117913	0.0508019	-0.7005723	1.269246	

0.2544764	-0.3332495	0.7813056	-0.09545022	-0.2389181	1.106035	0.2598967	-0.4184855	0.7213994	-0.09489415	-0.3503822	1.120736	0.2535302	-0.322318	0.6855909	-0.1224336	-0.251008	1.11325	0.08915733	0.161044	0.663968	0.0973305	0.05343693	0.6925219	0.1117531	0.03370842	0.7590721	0.1599607	-0.02083652	0.9481114	0.2137755	-0.09515022	1.2014	0.2025826	-0.01559068	0.7332648	-0.03197399	0.07685479	0.7633685	0.266696	-0.1090814	1.15131	0.1493289	-0.07608221	1.186475	0.3050847	-0.1751435	0.9074843	-0.09945354	-0.03855776	0.9846573	0.154826	-0.4367654	1.107628	0.05726606	-0.429908	1.145992	0.2143791	-0.7167656	1.106256	0.05194389	-0.6973559	1.262434	

0.2591916	-0.339761	0.765187	-0.08900291	-0.2359521	1.09635	0.2630171	-0.4273778	0.7199049	-0.08546723	-0.3511224	1.10948	0.2573854	-0.3269745	0.6760362	-0.1165287	-0.2483417	1.096769	0.09718899	0.160505	0.6542262	0.1076085	0.05254376	0.6830772	0.1222504	0.03385774	0.7502869	0.166336	-0.02071232	0.9434144	0.2232089	-0.09441403	1.194376	0.2066047	-0.01598534	0.7142207	-0.03028167	0.07744273	0.7631847	0.2745648	-0.1071448	1.144133	0.1600317	-0.07665114	1.179607	0.3117835	-0.1791991	0.8872177	-0.09457836	-0.04201424	0.9835113	0.1566797	-0.4331855	1.102465	0.06719334	-0.4246853	1.135287	0.213714	-0.714098	1.103327	0.05348107	-0.6938394	1.256662	

0.2607013	-0.3469052	0.7555943	-0.0823975	-0.2307492	1.086167	0.2660719	-0.4155704	0.7178912	-0.08375031	-0.3452792	1.112947	0.2618498	-0.3278005	0.67238	-0.1080284	-0.2462645	1.107929	0.1057646	0.1600786	0.6439153	0.1137912	0.05361257	0.6764874	0.1283167	0.03440189	0.743588	0.1714538	-0.02300645	0.9362453	0.2280214	-0.1015156	1.184031	0.2106593	-0.01253458	0.6935365	-0.02861423	0.08059756	0.764385	0.2769255	-0.1132905	1.134427	0.1671279	-0.08436999	1.168664	0.3140749	-0.1784745	0.8653623	-0.08778429	-0.04631117	0.9824984	0.1963047	-0.3768746	1.045605	0.07723455	-0.4225755	1.126489	0.2016404	-0.7009244	1.139021	0.05459216	-0.6912246	1.252716	

0.2641375	-0.362181	0.7448614	-0.0640117	-0.2366295	1.075225	0.2694075	-0.4125201	0.6975542	-0.08708594	-0.3359706	1.129875	0.261145	-0.3245383	0.6546097	-0.0971528	-0.2459926	1.087937	0.1109232	0.1625751	0.6329885	0.1270539	0.06097047	0.6530314	0.1422424	0.03750973	0.720097	0.1883347	-0.03512547	0.9095247	0.2507875	-0.140857	1.149785	0.2241894	0.003783353	0.6568983	-0.02551286	0.09089924	0.7806345	0.2949372	-0.1495021	1.095248	0.1926957	-0.1243617	1.14009	0.3129937	-0.1774933	0.8236164	-0.07822864	-0.05580172	0.9895971	0.1864875	-0.43708	1.076357	0.08067167	-0.4293668	1.117145	0.2133669	-0.7512131	1.114209	0.05627345	-0.6843762	1.243288	

0.2650308	-0.3663787	0.7433625	-0.05035688	-0.2751065	1.081792	0.2703935	-0.4026635	0.6776754	-0.04751067	-0.328646	1.081719	0.264087	-0.3202673	0.6471065	-0.08552904	-0.2781448	1.036034	0.1093991	0.1571131	0.6320651	0.1366508	0.0574711	0.6644006	0.1507989	0.03229069	0.7285591	0.1947959	-0.04603807	0.9134578	0.253404	-0.1564927	1.149623	0.2247298	0.003695013	0.6547734	-0.03811385	0.09364933	0.8326111	0.2996003	-0.1697337	1.087794	0.1939187	-0.1375924	1.145985	0.313986	-0.1804595	0.8185591	-0.06848291	-0.09219637	1.010701	0.1911248	-0.4574629	1.071002	0.08742606	-0.440679	1.106937	0.2145941	-0.7689038	1.119081	0.05741467	-0.6795499	1.236329	

