0.1400067	0.0105718	1.497432	-0.4064425	0.02435243	1.829166	0.1149294	-0.0991221	1.516519	-0.39245	-0.06389524	1.848948	0.08234333	-0.02843425	1.476915	-0.3833306	0.01199058	1.8214	-0.1868099	0.7629945	1.548599	-0.1437717	0.6704926	1.591878	-0.1453051	0.6002361	1.612645	-0.1487834	0.3775314	1.664157	-0.1538078	0.06044035	1.723788	-0.00463696	0.5293898	1.518493	-0.3012706	0.5335748	1.677429	-0.0880579	0.05911265	1.659689	-0.2125778	0.05903891	1.711926	0.1235502	0.2542106	1.520828	-0.3687767	0.2570522	1.78257	-0.07202751	-0.3253788	1.692107	-0.1947349	-0.3207479	1.754861	-0.04347982	-0.6386992	1.751814	-0.1339183	-0.6458792	1.80855	

0.1472727	0.01752741	1.503439	-0.4093914	0.02719733	1.831355	0.1138274	-0.09951806	1.530775	-0.3978294	-0.06126402	1.846134	0.08216159	-0.03182723	1.489959	-0.3867712	0.01233155	1.822412	-0.1862603	0.754369	1.544309	-0.1450434	0.6613469	1.587713	-0.1466466	0.5915372	1.609703	-0.150322	0.3719771	1.665611	-0.1554462	0.06091549	1.730759	-0.002575041	0.5251999	1.523623	-0.3098938	0.5306345	1.672773	-0.08878078	0.05937611	1.667977	-0.2151372	0.05963541	1.717899	0.1262317	0.2607074	1.528691	-0.3762662	0.2594857	1.780406	-0.07233217	-0.3217271	1.693494	-0.1943038	-0.3220123	1.759368	-0.04369925	-0.6389804	1.752347	-0.1346851	-0.6460314	1.809078	

0.1499311	0.01795127	1.510765	-0.4108087	0.02961555	1.832284	0.1172985	-0.09605907	1.530945	-0.3908127	-0.06514601	1.850851	0.08323951	-0.02926041	1.4949	-0.383216	0.07569717	1.830572	-0.1858447	0.7445598	1.540109	-0.1477011	0.6519817	1.584638	-0.1485924	0.5827477	1.607388	-0.1505496	0.365715	1.666282	-0.1533162	0.05985311	1.734186	-0.001949896	0.5207313	1.52826	-0.3061911	0.5324806	1.676917	-0.08593309	0.05849446	1.671516	-0.2137169	0.05851263	1.720934	0.1259524	0.2607196	1.537568	-0.3819225	0.2626694	1.781796	-0.07223782	-0.3197436	1.694615	-0.1964891	-0.3230255	1.765247	-0.04375619	-0.6388376	1.75252	-0.1364113	-0.6465472	1.811291	

0.150692	0.01760349	1.513594	-0.4091357	0.02807885	1.836304	0.11732	-0.0960858	1.531345	-0.3826367	-0.06310477	1.86079	0.08334316	-0.03000483	1.493603	-0.3751415	-0.01161901	1.846333	-0.1832427	0.7315828	1.533868	-0.1489419	0.6414358	1.580836	-0.1495149	0.5736822	1.604676	-0.1506191	0.3607121	1.66637	-0.1523082	0.05893187	1.736514	-0.002928702	0.5209062	1.523811	-0.3079196	0.5317917	1.676018	-0.08486167	0.05762945	1.673862	-0.2128822	0.05761477	1.723143	0.1260956	0.2602589	1.540902	-0.3832001	0.2608411	1.783484	-0.07224911	-0.3190304	1.695723	-0.1970481	-0.3228622	1.767548	-0.0439162	-0.6387062	1.752781	-0.1370998	-0.6458976	1.812344	

0.1527463	0.01817635	1.516854	-0.4067312	0.02806411	1.841958	0.1177809	-0.1002083	1.540046	-0.3835071	-0.05531049	1.867958	0.08773024	-0.02961528	1.497827	-0.3722832	0.07490474	1.829636	-0.1779889	0.7192556	1.526297	-0.1483826	0.6358035	1.578079	-0.1490642	0.5685856	1.602643	-0.1506211	0.3571325	1.666993	-0.1525836	0.05745374	1.74227	-0.0005876299	0.517431	1.524071	-0.3105045	0.5306283	1.673599	-0.08425544	0.05642063	1.679736	-0.214074	0.05589594	1.728855	0.1270666	0.2605203	1.546617	-0.3855367	0.260255	1.785414	-0.07244038	-0.3174452	1.697772	-0.1972254	-0.3215829	1.77064	-0.04416164	-0.638501	1.753193	-0.1374201	-0.6448712	1.812882	

0.1543758	0.01848475	1.518754	-0.4070331	0.02988929	1.847901	0.1201397	-0.1004105	1.539859	-0.380956	-0.05912921	1.887024	0.08766647	-0.03202101	1.494967	-0.3789992	-0.002289291	1.821923	-0.1779417	0.7206541	1.514725	-0.1511011	0.6419339	1.564386	-0.1513241	0.5723562	1.593498	-0.1513534	0.357278	1.666111	-0.1536577	0.05638778	1.74651	0.005919756	0.5114504	1.531909	-0.3113841	0.5301279	1.672316	-0.08447076	0.05493416	1.684073	-0.2160245	0.05530152	1.733049	0.1276408	0.2606374	1.549319	-0.3863604	0.2604536	1.786076	-0.07249748	-0.3159817	1.699834	-0.1959654	-0.3211823	1.772712	-0.04450421	-0.6381798	1.753346	-0.1373519	-0.6448925	1.813014	

0.1555584	0.01900872	1.520345	-0.4077595	0.03043218	1.850601	0.1233658	-0.1003402	1.535825	-0.3836199	-0.05578678	1.890367	0.09343556	-0.02844034	1.497179	-0.3748395	-0.01355794	1.853	-0.1724842	0.712524	1.508924	-0.1505837	0.6337149	1.55222	-0.1513708	0.5658434	1.583151	-0.1521794	0.3545716	1.663294	-0.1544404	0.05576712	1.749044	0.009253493	0.5082058	1.534675	-0.3124658	0.529433	1.669939	-0.08451343	0.05397659	1.687038	-0.2175088	0.05500653	1.735261	0.1289282	0.2610084	1.552769	-0.3894122	0.260556	1.786787	-0.07328457	-0.313255	1.703061	-0.1935405	-0.322134	1.775921	-0.04514818	-0.6379859	1.753918	-0.1370688	-0.6451388	1.81304	

0.1577658	0.01906834	1.522531	-0.4105042	0.03028542	1.854544	0.1213357	-0.1034871	1.538057	-0.3865274	-0.05282984	1.894246	0.09421527	-0.03007554	1.497577	-0.3841216	0.0009352149	1.834	-0.1695336	0.7084903	1.506858	-0.1500033	0.630497	1.54911	-0.151117	0.563007	1.580274	-0.1527764	0.3527386	1.66222	-0.156009	0.05523092	1.752494	0.01166422	0.5053288	1.536616	-0.3133904	0.5285424	1.668212	-0.08538838	0.05293766	1.690792	-0.2197414	0.05501048	1.738394	0.1297918	0.2608968	1.555006	-0.3915074	0.258806	1.786382	-0.07571291	-0.3102746	1.711448	-0.1922996	-0.3231801	1.778304	-0.04566488	-0.6379017	1.754221	-0.1367239	-0.6454354	1.812974	

0.1608364	0.01888858	1.525341	-0.4137139	0.03215961	1.856959	0.1249523	-0.103628	1.539946	-0.3914431	-0.04852378	1.894263	0.09636232	-0.03293216	1.499122	-0.3896841	0.001950633	1.834538	-0.1673466	0.7055573	1.505108	-0.1496436	0.6288655	1.547361	-0.1509733	0.5615453	1.578696	-0.1532428	0.3516477	1.661675	-0.1574371	0.05494305	1.75527	0.01297441	0.503783	1.537868	-0.3138999	0.5277281	1.666674	-0.08626552	0.05226396	1.694105	-0.2216573	0.05511175	1.740662	0.1306357	0.2605153	1.556806	-0.3946672	0.2591601	1.78472	-0.07547291	-0.309999	1.713191	-0.1894842	-0.3228815	1.77999	-0.0458609	-0.6378331	1.754654	-0.1367234	-0.6454387	1.812978	

0.1624625	0.01900028	1.526852	-0.4199272	0.03464009	1.857957	0.1264245	-0.104345	1.544616	-0.4017726	-0.05085201	1.889663	0.09819463	-0.03558701	1.500936	-0.3905523	-0.00715647	1.84675	-0.1654212	0.7034634	1.50441	-0.1489846	0.6279134	1.546691	-0.1505288	0.5606838	1.578079	-0.1533936	0.3509009	1.661501	-0.1584007	0.05464259	1.757169	0.01410825	0.5027705	1.539411	-0.3143618	0.527126	1.665224	-0.08685229	0.05177041	1.697242	-0.2228565	0.05497735	1.741652	0.1319048	0.260561	1.558462	-0.397718	0.2603465	1.783233	-0.07552302	-0.3096051	1.715822	-0.1885744	-0.3229007	1.780945	-0.04634497	-0.6377339	1.75571	-0.1390186	-0.6453882	1.81469	

0.1643437	0.01876105	1.529273	-0.4266853	0.03446164	1.85801	0.1304464	-0.1040031	1.545945	-0.4084569	-0.04367789	1.887283	0.09992699	-0.03524113	1.50275	-0.40405	0.09490552	1.8365	-0.1642031	0.7025023	1.50392	-0.1467217	0.6169552	1.55609	-0.1492033	0.5520775	1.585042	-0.1541017	0.3469701	1.664366	-0.159839	0.05464999	1.758674	0.01535121	0.5010157	1.541002	-0.3228482	0.5209754	1.647345	-0.08752798	0.05150981	1.699113	-0.2253179	0.0553329	1.742771	0.1331113	0.2603039	1.55991	-0.4020273	0.2592237	1.781683	-0.07607377	-0.3086126	1.717631	-0.1875509	-0.3231184	1.781743	-0.04888693	-0.6371931	1.758022	-0.138661	-0.6452913	1.814573	

0.1667924	0.01898491	1.533027	-0.4363504	0.03723339	1.85368	0.1349718	-0.1007722	1.546152	-0.4280202	-0.04332196	1.873994	0.1053584	-0.03156683	1.510096	-0.4155182	0.04985184	1.816947	-0.1635393	0.7012509	1.506801	-0.1466607	0.6157613	1.559196	-0.1491168	0.5507096	1.587611	-0.1542759	0.3457661	1.665359	-0.1599896	0.05458013	1.758707	0.01575136	0.5009504	1.542125	-0.3229687	0.5207211	1.647562	-0.08755054	0.05144102	1.69922	-0.2257517	0.0552402	1.742617	0.133677	0.2603898	1.561951	-0.4084046	0.261663	1.777549	-0.07570908	-0.3086596	1.718058	-0.1875492	-0.3231093	1.781775	-0.04877976	-0.6373826	1.758219	-0.1386041	-0.6456991	1.814457	

0.1687138	0.02029374	1.53603	-0.4452902	0.03732152	1.848174	0.1345961	-0.1002431	1.551165	-0.42924	-0.04839257	1.870265	0.1059487	-0.03076958	1.509881	-0.4232708	0.0848027	1.822539	-0.162547	0.7019601	1.509242	-0.1465229	0.6155692	1.561188	-0.1490054	0.5504173	1.589043	-0.154342	0.3455637	1.665565	-0.1603476	0.05485206	1.758215	0.0160767	0.5016819	1.542885	-0.3229944	0.5207757	1.647594	-0.08762348	0.05165326	1.699072	-0.2265801	0.05556138	1.74137	0.1335854	0.2614863	1.563771	-0.4109942	0.2619926	1.775095	-0.0779628	-0.3084219	1.716902	-0.1876098	-0.3229435	1.781664	-0.04881012	-0.637391	1.758205	-0.1398709	-0.6459563	1.815089	

0.1697833	0.02066044	1.53802	-0.450337	0.03748607	1.843588	0.1329941	-0.1007618	1.555583	-0.4397074	-0.04823064	1.860377	0.1049794	-0.03433812	1.513297	-0.426932	0.06636979	1.811	-0.1627411	0.7058058	1.513249	-0.1462472	0.6172991	1.563964	-0.1487986	0.5515663	1.591025	-0.154395	0.3457135	1.665797	-0.160789	0.05532262	1.757439	0.01619119	0.5028269	1.543793	-0.3255852	0.5211974	1.646025	-0.08774972	0.05210815	1.698705	-0.2273904	0.05601381	1.739928	0.1333112	0.2617056	1.564813	-0.4123292	0.2626494	1.773479	-0.07736071	-0.3087132	1.717243	-0.1876334	-0.3230529	1.781679	-0.0497432	-0.637012	1.759287	-0.1396487	-0.6463882	1.814909	

0.1695509	0.02305376	1.539026	-0.4535663	0.04077589	1.837019	0.1309711	-0.1014997	1.561616	-0.4393519	-0.05354335	1.858362	0.1019313	-0.03037565	1.513593	-0.4286741	0.09489436	1.815	-0.165676	0.7202032	1.522564	-0.1464477	0.6263557	1.569879	-0.1488867	0.5586651	1.595087	-0.1545922	0.3484613	1.665852	-0.1614161	0.05808553	1.752568	0.01151648	0.5090114	1.538667	-0.3255403	0.5220546	1.646742	-0.08855641	0.05607062	1.693664	-0.2276187	0.05767151	1.735167	0.1320985	0.2639085	1.566512	-0.4138706	0.2662675	1.768537	-0.07728662	-0.3090509	1.713234	-0.1888904	-0.3224237	1.78042	-0.04984969	-0.6369929	1.759422	-0.1399635	-0.6463361	1.815019	

0.1681751	0.02371852	1.538112	-0.4550534	0.04035769	1.835028	0.1243061	-0.09465073	1.555812	-0.4390093	-0.04924823	1.856894	0.09592087	-0.01838509	1.511	-0.428197	0.09281775	1.8162	-0.1699235	0.7340307	1.532282	-0.1468095	0.6374235	1.577385	-0.1492883	0.5681757	1.600585	-0.1552551	0.3531211	1.665889	-0.1629234	0.0606984	1.745883	0.01072826	0.514239	1.540473	-0.3255815	0.5228508	1.648205	-0.08989518	0.05893055	1.687047	-0.2290048	0.05985465	1.728561	0.1309612	0.2645998	1.565915	-0.413867	0.2662833	1.768533	-0.07735953	-0.3096546	1.709251	-0.1898075	-0.3223646	1.779597	-0.04942511	-0.6372012	1.758855	-0.1399328	-0.6465097	1.814827	

0.1652239	0.02618966	1.536397	-0.455156	0.04185101	1.833908	0.117667	-0.09456077	1.554754	-0.4382734	-0.04957354	1.855595	0.08971713	-0.01937253	1.504385	-0.4261285	0.0937699	1.826875	-0.1717665	0.7402542	1.536509	-0.1473334	0.6413492	1.57982	-0.1497211	0.5720271	1.602655	-0.1555794	0.3558874	1.665918	-0.1631014	0.06164552	1.742992	0.008305389	0.5163459	1.537274	-0.3255211	0.5239747	1.649505	-0.09054066	0.06018531	1.683664	-0.2287088	0.06049706	1.72608	0.1281458	0.2671628	1.563597	-0.4133681	0.2679271	1.768127	-0.07730076	-0.3104717	1.706699	-0.1906498	-0.321734	1.777274	-0.04951188	-0.6372456	1.758504	-0.13979	-0.6462895	1.814628	

0.1610176	0.02681438	1.531641	-0.4551459	0.04238583	1.8334	0.1130203	-0.09424734	1.549526	-0.4341419	-0.05084148	1.860168	0.08565753	-0.01679408	1.500541	-0.4212055	0.06937788	1.828	-0.1738022	0.7461341	1.540188	-0.1482878	0.6462409	1.582671	-0.1505512	0.5765246	1.605014	-0.1561711	0.358824	1.666225	-0.1634342	0.06229027	1.741135	0.006983038	0.5179161	1.535396	-0.3254971	0.5244108	1.650763	-0.0911697	0.06086897	1.681913	-0.2286632	0.06106293	1.724114	0.1263438	0.2680303	1.560923	-0.412803	0.2687565	1.768754	-0.07708523	-0.3108022	1.706325	-0.1908787	-0.321804	1.775283	-0.04934384	-0.6377777	1.758306	-0.1400082	-0.646525	1.814678	

0.1561659	0.02600641	1.524606	-0.4544758	0.04136776	1.834221	0.1082754	-0.09382668	1.542529	-0.4302077	-0.05268365	1.856107	0.08020461	-0.01653342	1.49395	-0.4168319	0.08490729	1.83775	-0.1752927	0.751027	1.543158	-0.1488187	0.6498235	1.58453	-0.1509485	0.5797282	1.606452	-0.1563297	0.3608621	1.666181	-0.1632517	0.06261736	1.738756	0.006091188	0.5185407	1.534091	-0.3253691	0.524869	1.652094	-0.09132211	0.06138624	1.678905	-0.2281711	0.06120611	1.722283	0.1249449	0.2673865	1.557905	-0.4107497	0.2677752	1.770524	-0.07694048	-0.3117201	1.702833	-0.1931722	-0.3217492	1.773345	-0.04890314	-0.6380132	1.757753	-0.1400775	-0.6465349	1.814621	

0.1418794	0.02511918	1.506245	-0.4390585	0.03641177	1.838837	0.1015411	-0.0905169	1.516956	-0.4089717	-0.05362776	1.861362	0.06870418	-0.01944928	1.474722	-0.3943527	-0.05311603	1.8636	-0.1780227	0.7609013	1.547405	-0.1502782	0.6597602	1.588816	-0.1520985	0.5886555	1.609738	-0.1567914	0.3667397	1.666098	-0.1628097	0.0639589	1.734382	0.004407865	0.5222872	1.53445	-0.3252527	0.5275784	1.655267	-0.09133137	0.06313946	1.673426	-0.2273009	0.06208467	1.718969	0.1203825	0.2672636	1.543533	-0.4050908	0.2659352	1.779099	-0.07610331	-0.3130503	1.701336	-0.1947523	-0.3206358	1.768359	-0.04865984	-0.6381304	1.757517	-0.139548	-0.6465582	1.813918	

0.1365242	0.02352878	1.500998	-0.4343575	0.03068118	1.841041	0.09751986	-0.09106262	1.515952	-0.4043308	-0.05021479	1.860621	0.06300604	-0.02361366	1.473686	-0.3938425	0.08204713	1.8401	-0.179304	0.7642982	1.549536	-0.1509896	0.6616724	1.589696	-0.1527284	0.5904225	1.61047	-0.1571664	0.3679224	1.666152	-0.1629121	0.06396005	1.733413	0.002834298	0.5226756	1.53201	-0.3244115	0.5279935	1.656218	-0.09175601	0.06312254	1.672176	-0.2271177	0.06208456	1.718246	0.1190057	0.2660877	1.537706	-0.4013695	0.2621653	1.787297	-0.0762355	-0.3137431	1.700616	-0.1940825	-0.3208953	1.767467	-0.04822894	-0.6387009	1.757165	-0.1392662	-0.6469022	1.813538	

0.1288274	0.02206413	1.495034	-0.4227953	0.0279247	1.848331	0.09136128	-0.09067297	1.508981	-0.3940011	-0.05466061	1.865285	0.05797707	-0.02083586	1.4715	-0.3780109	-0.01938853	1.862	-0.1812554	0.7684361	1.551381	-0.1518896	0.6651371	1.590847	-0.1535167	0.5934299	1.611324	-0.1576451	0.3696376	1.666044	-0.1631005	0.06394814	1.731907	0.00150314	0.5229569	1.529833	-0.3232131	0.5286202	1.657305	-0.09243808	0.06295893	1.669908	-0.2269301	0.06215354	1.717359	0.1169597	0.2651474	1.530416	-0.3962316	0.2591589	1.790806	-0.07654043	-0.3138754	1.699759	-0.1937839	-0.3207078	1.765833	-0.04811543	-0.6388226	1.757076	-0.135507	-0.645453	1.810362	

0.1258075	0.02086151	1.492726	-0.4173558	0.02750147	1.849972	0.08619577	-0.09374712	1.512001	-0.3888842	-0.05239758	1.867995	0.05484385	-0.02260724	1.469729	-0.3771632	0.08217724	1.854	-0.182858	0.7717316	1.553315	-0.1526732	0.6670504	1.591481	-0.1541947	0.5951684	1.611843	-0.1580099	0.3707432	1.666046	-0.1631143	0.06389688	1.731145	0.0002615309	0.5243127	1.52937	-0.3221213	0.5290402	1.658107	-0.09264336	0.06286665	1.669065	-0.2267185	0.06213665	1.716722	0.1158799	0.2641463	1.527087	-0.3926887	0.2590739	1.792781	-0.07663414	-0.3144034	1.699352	-0.1934367	-0.3212063	1.765275	-0.04737497	-0.6385303	1.756473	-0.1348895	-0.6452333	1.809706	

0.1226578	0.01913418	1.490248	-0.4126342	0.02576399	1.852978	0.08549359	-0.093902	1.509516	-0.3828393	-0.05357313	1.867161	0.05331951	-0.02376733	1.469136	-0.367835	-0.02883324	1.863833	-0.1835923	0.7740836	1.55467	-0.1529801	0.6681772	1.591705	-0.1544651	0.5961827	1.612001	-0.1581714	0.3713928	1.665901	-0.1630828	0.06365576	1.730137	-0.0003402524	0.5241594	1.527974	-0.3208349	0.5295761	1.658714	-0.0928685	0.0624444	1.667177	-0.2265285	0.06202837	1.716346	0.1148383	0.2625816	1.52381	-0.3898181	0.2575074	1.795697	-0.07661893	-0.3152785	1.698141	-0.1934236	-0.3211083	1.764601	-0.05308853	-0.6397943	1.758592	-0.1338308	-0.6445544	1.808805	

0.1194861	0.01716664	1.488391	-0.4050187	0.02590839	1.856606	0.08317658	-0.09492271	1.510631	-0.3749611	-0.05644592	1.874773	0.04485831	0.002836505	1.530857	-0.3622331	0.05248003	1.8552	-0.1844241	0.7773974	1.556547	-0.1533031	0.6697281	1.59192	-0.1546347	0.5975264	1.612044	-0.1579668	0.3723288	1.665366	-0.1616496	0.06334741	1.727373	-0.001831959	0.5256654	1.526788	-0.319986	0.5298037	1.659355	-0.091893	0.06232179	1.664397	-0.2245312	0.06154491	1.713762	0.1139933	0.260734	1.521401	-0.3846686	0.2569852	1.796387	-0.07660591	-0.3159319	1.696498	-0.1942893	-0.3202046	1.762987	-0.0525791	-0.6394781	1.758118	-0.1333023	-0.6439128	1.80836	

0.1172663	0.01484975	1.487843	-0.400894	0.02664649	1.859786	0.07692447	-0.09857397	1.514926	-0.3695451	-0.05651334	1.878579	0.04394956	-0.02117117	1.476426	-0.3733536	-0.0239213	1.895857	-0.1856982	0.7810125	1.558622	-0.1542888	0.6720815	1.592818	-0.1552969	0.5994353	1.612587	-0.1579731	0.3731745	1.665109	-0.160713	0.06293842	1.72558	-0.003110975	0.5267252	1.525763	-0.3191384	0.5300326	1.65997	-0.09113966	0.06213582	1.661662	-0.2233985	0.06098127	1.712722	0.1129383	0.2585686	1.519355	-0.3801326	0.2565811	1.796245	-0.07661802	-0.3171684	1.695383	-0.1941297	-0.3204646	1.762336	-0.05194504	-0.6395066	1.757703	-0.1334663	-0.6439664	1.808307	

0.1137474	0.01187059	1.487668	-0.3979198	0.02623488	1.861971	0.07488129	-0.09904442	1.515297	-0.3677372	-0.05305804	1.875224	0.03675435	-0.01178382	1.487616	-0.3602556	0.0800816	1.843353	-0.1860795	0.7837154	1.559913	-0.1551895	0.674101	1.593673	-0.1559143	0.6011009	1.613159	-0.1579554	0.3738452	1.664972	-0.1598264	0.06244725	1.724349	-0.003585087	0.5263566	1.524559	-0.3184526	0.5301067	1.660295	-0.09047969	0.06162424	1.660192	-0.2222646	0.06052155	1.711812	0.1120775	0.2557546	1.517496	-0.3781309	0.2562022	1.798255	-0.07630144	-0.31863	1.694442	-0.1946194	-0.320452	1.761063	-0.05192626	-0.6398796	1.757125	-0.1328913	-0.6430007	1.807716	

0.1123693	0.008530482	1.487566	-0.3949826	0.02695375	1.863317	0.07226232	-0.1027811	1.5231	-0.3628033	-0.0567329	1.883437	0.02421925	0.05095363	1.554833	-0.343566	-0.04788331	1.883667	-0.1868838	0.786167	1.560957	-0.1563383	0.6759756	1.594325	-0.156791	0.6027838	1.613628	-0.1580765	0.3747834	1.664828	-0.1592312	0.06240572	1.723551	-0.005299888	0.5275971	1.523485	-0.316153	0.5331889	1.662774	-0.090205	0.06157526	1.659519	-0.2212414	0.06049107	1.710965	0.1112337	0.252519	1.515815	-0.3760763	0.2565902	1.798375	-0.07653049	-0.3197611	1.694109	-0.1946408	-0.3205739	1.760901	-0.05174462	-0.6395971	1.75666	-0.1327487	-0.6434282	1.807496	

0.1105602	0.007175913	1.487776	-0.3933043	0.02753755	1.865277	0.07344648	-0.10288	1.527143	-0.36634	-0.05847064	1.885139	0.01315088	0.0568026	1.543857	-0.3775904	-0.004359574	1.911556	-0.1875205	0.7888251	1.56155	-0.1574305	0.6786314	1.595137	-0.1577976	0.605203	1.614332	-0.158601	0.3761749	1.664966	-0.159272	0.06241031	1.723436	-0.006438639	0.5281885	1.522829	-0.3138835	0.5355505	1.663503	-0.09038582	0.0615317	1.659242	-0.2212221	0.06050883	1.710946	0.1104089	0.2512353	1.514979	-0.3749597	0.25667	1.798743	-0.07627885	-0.3205721	1.693729	-0.1956965	-0.3205052	1.76039	-0.050219	-0.6382452	1.754852	-0.1325123	-0.6435475	1.807245	

0.09308212	0.005085951	1.49648	-0.3921115	0.02547646	1.865944	0.07602593	-0.08937947	1.512462	-0.3689651	-0.05786957	1.881658	0.04020805	-0.02235072	1.473963	-0.3772855	0.005550372	1.911769	-0.1895326	0.7960628	1.56992	-0.1577161	0.6824133	1.596679	-0.1579352	0.6085279	1.615413	-0.1582954	0.378214	1.664797	-0.1582934	0.06275858	1.721869	-0.007895176	0.5303072	1.521584	-0.3117236	0.537295	1.664238	-0.08984003	0.06192063	1.656962	-0.2197967	0.06083557	1.709972	0.1092064	0.2491047	1.513109	-0.3736914	0.2555999	1.802335	-0.07550637	-0.3212234	1.693053	-0.195476	-0.3204927	1.759888	-0.04984225	-0.6384261	1.75475	-0.1328861	-0.6437253	1.807567	

0.09180243	0.003818534	1.495705	-0.3905997	0.02524345	1.866067	0.07240399	-0.08951166	1.5105	-0.3694132	-0.05780072	1.871814	0.0374022	-0.02287205	1.471886	-0.3774055	0.009864578	1.908929	-0.1899238	0.7996125	1.574151	-0.1568163	0.6800603	1.595715	-0.1573062	0.6068858	1.614649	-0.158074	0.3777575	1.664244	-0.158229	0.06244274	1.721027	-0.007805943	0.5298616	1.520935	-0.3111582	0.5372384	1.664956	-0.09006653	0.06142524	1.655867	-0.2195015	0.06067081	1.709422	0.1078756	0.2478543	1.511405	-0.3716656	0.254865	1.801139	-0.07538509	-0.3214845	1.692914	-0.1953075	-0.3207395	1.759445	-0.0489537	-0.638819	1.75447	-0.1323944	-0.6437917	1.80724	

0.09007972	0.003307387	1.494319	-0.3877963	0.02430892	1.865145	0.07219744	-0.08933931	1.509707	-0.3660392	-0.06152824	1.872317	0.03454411	-0.02138858	1.474493	-0.3779132	0.00789234	1.91172	-0.1902313	0.801968	1.578068	-0.1564263	0.6795763	1.595626	-0.1569833	0.6064779	1.614528	-0.1578665	0.3775252	1.663946	-0.1580468	0.06181665	1.720063	-0.007824548	0.5296025	1.520615	-0.3109405	0.5361601	1.664533	-0.08995014	0.06078965	1.654622	-0.2192508	0.06011871	1.708818	0.1065716	0.2473125	1.51028	-0.3707461	0.2545448	1.801514	-0.07409219	-0.3221771	1.692089	-0.1951618	-0.3201212	1.7588	-0.04833156	-0.6384671	1.753833	-0.1323922	-0.6437865	1.807242	

0.08886551	0.00303112	1.493629	-0.3872447	0.02056112	1.865908	0.06946773	-0.09010658	1.5109	-0.3657849	-0.06180112	1.869998	0.03484704	-0.02037446	1.47197	-0.3763078	0.01125913	1.908946	-0.1902412	0.8039663	1.580778	-0.1565297	0.6809538	1.596641	-0.1570434	0.6074518	1.61518	-0.157853	0.3777568	1.663935	-0.1578901	0.06130647	1.719212	-0.007836268	0.529488	1.520382	-0.3091648	0.5358304	1.664757	-0.08996893	0.06025244	1.653695	-0.2189099	0.05966507	1.708132	0.1058202	0.2470105	1.509379	-0.3696139	0.2509522	1.802978	-0.07397204	-0.3224785	1.691941	-0.1937955	-0.3205796	1.757378	-0.04798337	-0.6386192	1.753911	-0.1328038	-0.6438386	1.807565	

0.08758306	0.002765614	1.492637	-0.3855138	0.02005395	1.865201	0.07065596	-0.09036636	1.509125	-0.3585913	-0.06368521	1.870304	0.03315217	-0.0203196	1.473116	-0.3750211	0.004469733	1.903628	-0.1900561	0.8049293	1.5827	-0.1570864	0.6899008	1.601429	-0.1574723	0.6144928	1.618747	-0.1579593	0.3802711	1.664601	-0.1578478	0.06116605	1.718678	-0.007843935	0.5293978	1.520124	-0.308017	0.5361519	1.665053	-0.09006708	0.06008071	1.653092	-0.2187253	0.0595578	1.707714	0.1051403	0.2467036	1.508483	-0.369121	0.2507816	1.802959	-0.07352116	-0.3225672	1.691553	-0.1942604	-0.3206423	1.756961	-0.04706475	-0.6389903	1.753607	-0.1328652	-0.6438856	1.807656	

0.08638985	0.00226921	1.490987	-0.3853799	0.01773641	1.864889	0.06791349	-0.09106952	1.501053	-0.3593469	-0.06439891	1.865329	0.03495485	-0.0174175	1.462447	-0.3748492	0.007219819	1.900188	-0.1899574	0.8059776	1.585426	-0.1574106	0.692772	1.603854	-0.1576822	0.6170781	1.620772	-0.1578808	0.3814754	1.665119	-0.1574901	0.06074923	1.717913	-0.007835845	0.5293243	1.520005	-0.3080827	0.5350845	1.664776	-0.08978681	0.05980496	1.652351	-0.2182719	0.05901266	1.706998	0.1045	0.2461554	1.507538	-0.3673901	0.248321	1.802688	-0.07334115	-0.3229251	1.691441	-0.194185	-0.320715	1.75672	-0.04706154	-0.638984	1.753633	-0.1322621	-0.6444927	1.807226	

0.08545358	0.001994377	1.488949	-0.3837882	0.01691112	1.862638	0.06702079	-0.0914299	1.496053	-0.3594169	-0.06732367	1.86615	0.03457183	-0.0182829	1.46076	-0.3723216	0.01421505	1.896823	-0.1897326	0.806775	1.586903	-0.1572365	0.6924493	1.603744	-0.1575758	0.6169577	1.620719	-0.1577872	0.3815883	1.665028	-0.1572751	0.06078041	1.717205	-0.00937652	0.5316036	1.519882	-0.3070899	0.5351291	1.665197	-0.08972928	0.05988562	1.651594	-0.2178836	0.05899243	1.706373	0.1036843	0.2458499	1.506576	-0.3669141	0.2483043	1.802604	-0.07342822	-0.3232039	1.691354	-0.1942188	-0.3206948	1.756526	-0.0467419	-0.6387687	1.753362	-0.1323289	-0.6447294	1.807312	

0.08484347	0.001143904	1.487245	-0.3815976	0.01634058	1.859554	0.06882004	-0.09232815	1.495532	-0.359884	-0.06932431	1.85971	0.03461523	-0.02089582	1.461061	-0.3724057	0.006824543	1.896548	-0.1897473	0.8074101	1.588893	-0.1570112	0.6919273	1.603616	-0.1574254	0.616705	1.620656	-0.1577059	0.3816549	1.664936	-0.1570779	0.0604546	1.71629	-0.01111214	0.5334291	1.519735	-0.3075525	0.5335122	1.665064	-0.08963095	0.05968525	1.650381	-0.2175932	0.05861077	1.705705	0.1015959	0.2450961	1.505082	-0.3654871	0.2489978	1.803345	-0.07265	-0.3303555	1.691938	-0.1943036	-0.3210829	1.75628	-0.04672537	-0.6391367	1.753098	-0.1317541	-0.6447949	1.807053	

0.08434643	0.0001570694	1.486646	-0.3810109	0.01614186	1.858654	0.06756822	-0.09225453	1.497964	-0.3591843	-0.06627138	1.852759	0.03447019	-0.02189795	1.463232	-0.3723245	0.005369451	1.896864	-0.1894961	0.8077264	1.58971	-0.157634	0.6959501	1.606277	-0.1579006	0.6201216	1.622802	-0.1578514	0.3834224	1.665593	-0.1570285	0.06038805	1.715948	-0.01221316	0.5346335	1.519686	-0.307763	0.533007	1.66502	-0.08961639	0.05970985	1.650066	-0.2174909	0.05844068	1.705368	0.1006463	0.2441188	1.504987	-0.3652062	0.2491294	1.803458	-0.0727275	-0.3303387	1.691784	-0.1955714	-0.32093	1.755847	-0.04597042	-0.6392722	1.752936	-0.1319778	-0.6455338	1.80698	

0.08314022	-0.0008250927	1.488228	-0.3810397	0.01652003	1.859266	0.06115698	-0.09319478	1.509568	-0.3613425	-0.06242431	1.866104	0.02437235	-0.0268933	1.473488	-0.3744005	0.01455678	1.900265	-0.1887615	0.8083756	1.591132	-0.1574143	0.6982533	1.608203	-0.157756	0.6222325	1.624533	-0.1578883	0.3848009	1.666469	-0.1570659	0.06036055	1.715895	-0.01352078	0.5353347	1.520161	-0.3077519	0.5328421	1.665054	-0.08967102	0.0597183	1.650054	-0.2174988	0.05834378	1.705247	0.09817728	0.2432363	1.505322	-0.3648313	0.2492754	1.8034	-0.07274989	-0.3303296	1.691735	-0.1957812	-0.3209273	1.755765	-0.04594033	-0.6393049	1.752897	-0.1318361	-0.6455863	1.806818	

0.0815677	-0.003186442	1.48873	-0.381664	0.01798679	1.862381	0.05571475	-0.09408322	1.510316	-0.3671372	-0.06321374	1.872314	0.01849254	-0.02372899	1.476865	-0.3771126	0.0142399	1.9132	-0.1881085	0.8086427	1.592482	-0.1569617	0.6966076	1.607607	-0.1575331	0.6212315	1.624196	-0.157931	0.38475	1.666438	-0.1575183	0.0603759	1.715701	-0.01407623	0.5357	1.520711	-0.3052019	0.5340424	1.667317	-0.09031314	0.05970719	1.649846	-0.2177516	0.05837293	1.705112	0.09441693	0.2409556	1.506544	-0.3651046	0.2512341	1.808261	-0.0728341	-0.3300667	1.691111	-0.1962607	-0.3207301	1.75542	-0.04598571	-0.6394765	1.752888	-0.1316883	-0.6449087	1.806667	

0.08079949	-0.0035133	1.489206	-0.3823035	0.0172026	1.865614	0.05512298	-0.09518909	1.51052	-0.3703134	-0.06346104	1.874985	0.02298363	-0.02465055	1.47093	-0.3763143	0.01477994	1.915522	-0.1865418	0.8095286	1.595248	-0.1569044	0.6981192	1.610171	-0.1576716	0.6225284	1.626528	-0.1586678	0.3857146	1.668128	-0.1587334	0.06015855	1.716224	-0.01441071	0.5360187	1.521455	-0.3054948	0.5337025	1.667535	-0.09176622	0.05947799	1.650755	-0.2187035	0.05817631	1.705383	0.09389963	0.2406191	1.506757	-0.3658848	0.2518795	1.816602	-0.07438558	-0.3340472	1.692284	-0.1966395	-0.3209366	1.755248	-0.04608089	-0.6392478	1.752632	-0.1316276	-0.6449463	1.80662	

0.08067826	-0.003732033	1.489598	-0.382246	0.01703207	1.867183	0.05889535	-0.09338305	1.508	-0.3682808	-0.06388646	1.875932	0.02362603	-0.02674053	1.470484	-0.3759477	0.0125291	1.918304	-0.1850496	0.8103935	1.597683	-0.1565585	0.6964455	1.609574	-0.1575033	0.6212888	1.626218	-0.1588174	0.3853751	1.668217	-0.1595034	0.05978647	1.716576	-0.01500859	0.5365411	1.52216	-0.3056337	0.5330119	1.667658	-0.09256613	0.05905732	1.651195	-0.2193844	0.0578681	1.705677	0.09336719	0.2404205	1.507053	-0.3656393	0.2514404	1.817255	-0.07453027	-0.3333506	1.691594	-0.1966074	-0.3211111	1.755267	-0.04631791	-0.6394046	1.752487	-0.1315855	-0.6450016	1.806575	

0.0806279	-0.003758764	1.489897	-0.3826362	0.0171748	1.869277	0.05870282	-0.09459285	1.509352	-0.3695917	-0.06628841	1.87461	0.02265711	-0.02981195	1.471605	-0.3752182	0.01389144	1.916679	-0.1844923	0.8107514	1.598843	-0.156249	0.6953278	1.609175	-0.1572661	0.6204048	1.625978	-0.158798	0.3851601	1.668247	-0.1595945	0.05968831	1.71665	-0.01508921	0.5367379	1.522556	-0.3057004	0.5329001	1.667704	-0.09266724	0.05899588	1.651382	-0.2194813	0.05771226	1.70568	0.09312287	0.2404052	1.507234	-0.3649373	0.2507186	1.816605	-0.07472616	-0.3330894	1.691286	-0.1971612	-0.3212195	1.755195	-0.04638101	-0.6394597	1.752457	-0.1314956	-0.6449022	1.806454	

0.08048835	-0.003812473	1.490355	-0.3828215	0.01797925	1.869731	0.0607253	-0.09468554	1.512147	-0.3644034	-0.06328145	1.873468	0.02280449	-0.03178982	1.472341	-0.3735642	0.01348673	1.917605	-0.1837392	0.8116008	1.600379	-0.1561326	0.6962991	1.611353	-0.1573375	0.6211864	1.628077	-0.1595968	0.3856942	1.670363	-0.1615346	0.05941111	1.71845	-0.0153136	0.5369048	1.523264	-0.3058081	0.5326954	1.667729	-0.09467403	0.05861282	1.653611	-0.2212432	0.05754806	1.707128	0.09294215	0.2403534	1.507609	-0.3643146	0.2521277	1.819458	-0.07493615	-0.3346857	1.691271	-0.198722	-0.3215164	1.755607	-0.04680329	-0.6395776	1.752394	-0.1315295	-0.6449801	1.806455	

0.08050613	-0.003890414	1.491048	-0.3824102	0.01800834	1.870286	0.0595824	-0.09410978	1.510763	-0.3616554	-0.06803561	1.878458	0.02529594	-0.02800992	1.472772	-0.3735191	0.01452234	1.921625	-0.1832657	0.8120336	1.601467	-0.1563804	0.6984819	1.613847	-0.1575505	0.6228616	1.630128	-0.1598113	0.3863782	1.671375	-0.1616512	0.05933509	1.718549	-0.01548272	0.5370914	1.52382	-0.305867	0.5325713	1.667773	-0.0948026	0.0585502	1.653909	-0.2213685	0.05744964	1.707119	0.09292561	0.2402801	1.508058	-0.3642198	0.2520994	1.819704	-0.07538629	-0.3334911	1.690615	-0.1988959	-0.3216395	1.755668	-0.04679139	-0.6396004	1.752339	-0.131522	-0.6449845	1.806455	

0.08058751	-0.004441656	1.49205	-0.3820882	0.01801225	1.870529	0.06279202	-0.09481204	1.520577	-0.3635782	-0.06847572	1.871145	0.0265963	-0.03364187	1.478303	-0.3724856	0.01250078	1.911814	-0.1831157	0.8121974	1.602288	-0.1562101	0.6968247	1.612895	-0.1574221	0.6216733	1.629514	-0.1598044	0.3861431	1.67131	-0.1616781	0.05932822	1.718574	-0.01584189	0.5373474	1.524519	-0.3058994	0.532542	1.667844	-0.09480853	0.05855135	1.653912	-0.2214205	0.05742709	1.707182	0.09296598	0.2397254	1.508961	-0.3639887	0.2521039	1.819921	-0.07543746	-0.3352208	1.690361	-0.1997889	-0.3224587	1.755951	-0.04740559	-0.6405203	1.752694	-0.1316923	-0.6451933	1.80653	

0.08079737	-0.004870493	1.493055	-0.3818651	0.01871926	1.869785	0.06219165	-0.09578909	1.518169	-0.3686258	-0.06749649	1.872502	0.02681359	-0.03612084	1.480034	-0.374029	0.01255465	1.915356	-0.1832492	0.8126828	1.603006	-0.1566074	0.7004554	1.616402	-0.1575727	0.6244629	1.632205	-0.1596037	0.3872458	1.672282	-0.1614768	0.0593464	1.718522	-0.01675102	0.5379236	1.525713	-0.3024516	0.5348653	1.672162	-0.09467722	0.05861635	1.65383	-0.2210882	0.05738543	1.707157	0.09330461	0.2392793	1.510128	-0.36336	0.253459	1.821684	-0.0757026	-0.3367065	1.690503	-0.2001648	-0.3223868	1.756002	-0.04733191	-0.6406578	1.752822	-0.1318953	-0.6457442	1.806628	

0.08089126	-0.004900876	1.494361	-0.3824232	0.01815047	1.871024	0.06352978	-0.09584776	1.523191	-0.3748899	-0.06718662	1.871248	0.02739738	-0.03630758	1.481637	-0.3743195	0.01095885	1.911792	-0.1836603	0.8132161	1.603832	-0.1563328	0.6988727	1.614815	-0.1574254	0.6233858	1.63121	-0.1596367	0.387054	1.67218	-0.1615918	0.05931315	1.718602	-0.01786414	0.5383111	1.526888	-0.3028171	0.5345753	1.672098	-0.09475874	0.0585892	1.653842	-0.2212393	0.05735071	1.707347	0.09348924	0.239257	1.510681	-0.3624717	0.2520171	1.82023	-0.07577342	-0.3354753	1.689621	-0.2002093	-0.3224205	1.755987	-0.04763662	-0.6400877	1.75259	-0.1318927	-0.6456717	1.806623	

0.08093289	-0.004803055	1.495588	-0.3826379	0.01578211	1.871374	0.06237924	-0.09571617	1.524985	-0.3688515	-0.06664809	1.879554	0.02661477	-0.03250004	1.478299	-0.3750843	0.01282519	1.913829	-0.1854101	0.8135815	1.605017	-0.1561034	0.7024156	1.617523	-0.1572968	0.6261421	1.63343	-0.159754	0.3881652	1.673326	-0.1617374	0.05925645	1.718756	-0.01869677	0.5386306	1.527358	-0.3002233	0.5350071	1.679075	-0.09517	0.05848452	1.653931	-0.2212204	0.05731523	1.707616	0.09347982	0.2393695	1.511112	-0.362765	0.2500359	1.822035	-0.0756692	-0.3366949	1.689561	-0.2002395	-0.3225611	1.755906	-0.04764175	-0.6401135	1.752594	-0.1314046	-0.6451175	1.806233	

0.0808203	-0.00467175	1.495446	-0.3821525	0.01604355	1.873431	0.0545523	-0.09613148	1.510066	-0.3710298	-0.06423773	1.874699	0.02296123	-0.02399738	1.474464	-0.3725722	0.01530836	1.920171	-0.1865678	0.8134531	1.606346	-0.155668	0.7040642	1.619405	-0.1570098	0.6275109	1.635043	-0.1598448	0.3887792	1.674206	-0.1620432	0.05911895	1.718891	-0.01710781	0.5363482	1.526739	-0.3011177	0.5344828	1.67852	-0.09545756	0.05834347	1.653893	-0.2215584	0.05717836	1.707981	0.09339637	0.2394979	1.511124	-0.362403	0.2499076	1.822636	-0.07547222	-0.3358965	1.689273	-0.2005517	-0.322808	1.756153	-0.04760154	-0.6402322	1.752492	-0.1317302	-0.6454571	1.806574	

0.08011223	-0.004637106	1.494496	-0.3818572	0.01537932	1.875607	0.05510689	-0.09619092	1.509894	-0.3658044	-0.06831712	1.879246	0.02054103	-0.02432302	1.470751	-0.3710446	0.01167526	1.920596	-0.1874275	0.813817	1.607273	-0.1549755	0.7049494	1.620826	-0.1564576	0.6283876	1.636343	-0.1597335	0.3895248	1.675101	-0.162296	0.05930221	1.719058	-0.0177612	0.5371188	1.527628	-0.2995055	0.5359587	1.684372	-0.09609353	0.05859918	1.654048	-0.2215788	0.05733023	1.708152	0.09330682	0.2394857	1.511091	-0.3615588	0.2489557	1.824012	-0.0753009	-0.3352968	1.688788	-0.1999848	-0.3229231	1.756195	-0.04753134	-0.6403454	1.752396	-0.1319863	-0.6455356	1.806936	

0.08004174	-0.004295309	1.493951	-0.3816686	0.01465264	1.876091	0.05419512	-0.09561599	1.508978	-0.3641837	-0.06809121	1.877183	0.02296363	-0.02460176	1.472168	-0.3679468	0.01079203	1.916887	-0.18793	0.8139296	1.607976	-0.1546479	0.7053404	1.621683	-0.1561811	0.6287661	1.637166	-0.1596568	0.3898122	1.675762	-0.1624458	0.05926767	1.719258	-0.0179322	0.5373828	1.528124	-0.3012861	0.5347628	1.68316	-0.09616095	0.05858152	1.654101	-0.2217807	0.05728539	1.708553	0.09338446	0.2398201	1.510727	-0.3604732	0.2481663	1.824618	-0.0753869	-0.3350317	1.688678	-0.2000017	-0.32316	1.756217	-0.04749847	-0.6404816	1.752303	-0.1315557	-0.6450572	1.806776	

0.07983138	-0.004114692	1.493639	-0.3810218	0.01426281	1.876813	0.05414831	-0.09511635	1.508415	-0.3625309	-0.06708732	1.876045	0.02342255	-0.02616647	1.472618	-0.3666008	0.01251794	1.917893	-0.1882228	0.8139983	1.608207	-0.1540952	0.7061672	1.622728	-0.1557629	0.6295083	1.638155	-0.1596345	0.3902901	1.676563	-0.1628904	0.05924591	1.719664	-0.01808751	0.5375662	1.528384	-0.3024349	0.5339015	1.68229	-0.09652878	0.05850176	1.654343	-0.2222237	0.05734686	1.70911	0.09348658	0.2399889	1.510323	-0.3598249	0.247703	1.825095	-0.07543107	-0.3354662	1.688825	-0.2006265	-0.3236176	1.756642	-0.04761807	-0.640139	1.752077	-0.1316615	-0.6450691	1.806809	

0.07974692	-0.003995947	1.493404	-0.3803927	0.01448397	1.877303	0.0571067	-0.09585375	1.508507	-0.3577466	-0.06886037	1.889644	0.02420403	-0.02747747	1.474321	-0.3686843	0.01254939	1.921628	-0.188553	0.8143546	1.608728	-0.1534948	0.7018428	1.618863	-0.1550995	0.6262082	1.63523	-0.1590488	0.3891448	1.675586	-0.1625732	0.05907873	1.719551	-0.01661089	0.5360818	1.527618	-0.3026209	0.5336728	1.681307	-0.09611095	0.05831646	1.654075	-0.2219427	0.057187	1.709087	0.09352364	0.2400998	1.510216	-0.3588708	0.2477055	1.824929	-0.07550427	-0.3374671	1.689719	-0.2009033	-0.3235227	1.756708	-0.0476177	-0.6397956	1.75188	-0.1316746	-0.644969	1.806795	

0.07981402	-0.003962979	1.493032	-0.3809485	0.01381502	1.878527	0.0571258	-0.09458707	1.510167	-0.3632556	-0.06348646	1.878096	0.02467371	-0.02723375	1.473578	-0.3626126	0.01703307	1.914773	-0.1886225	0.8145015	1.608811	-0.1532264	0.6996711	1.616791	-0.1548534	0.6244745	1.63366	-0.1589178	0.3886192	1.675249	-0.1625502	0.05907419	1.719702	-0.01701754	0.5366292	1.527936	-0.3031787	0.5333003	1.681076	-0.09611328	0.05831531	1.654082	-0.2218225	0.05718497	1.709544	0.09363423	0.2401305	1.509914	-0.3562013	0.2458261	1.823278	-0.07554667	-0.337074	1.689377	-0.2011364	-0.323826	1.756866	-0.0475998	-0.6397523	1.751556	-0.132482	-0.6455154	1.807169	

0.07982547	-0.00428207	1.492939	-0.38046	0.01440695	1.878552	0.0626894	-0.09403343	1.509231	-0.3660954	-0.06359199	1.879926	0.02452365	-0.03034213	1.474481	-0.3672838	0.01622326	1.91879	-0.1886482	0.8145161	1.609187	-0.1521215	0.7030562	1.619874	-0.1539586	0.6269367	1.635872	-0.1584994	0.3894206	1.675959	-0.1625191	0.05909774	1.719734	-0.01740392	0.5372257	1.528507	-0.3032651	0.532953	1.680364	-0.09606311	0.05836315	1.654003	-0.2217482	0.0572188	1.709796	0.09388506	0.2397999	1.509674	-0.3561997	0.2470624	1.825277	-0.0753058	-0.3386426	1.690274	-0.2010899	-0.3238194	1.756818	-0.04755316	-0.6394301	1.751498	-0.1326389	-0.6460278	1.807409	

0.07997099	-0.004285564	1.492744	-0.3804735	0.01544358	1.879822	0.06027156	-0.0958974	1.50922	-0.3662833	-0.06316402	1.882982	0.02575512	-0.02912974	1.473737	-0.3680516	0.02017775	1.92725	-0.1886262	0.8145421	1.609239	-0.1516683	0.7039917	1.621145	-0.153525	0.6277571	1.63693	-0.1581856	0.3898785	1.676454	-0.1624494	0.05918688	1.719788	-0.01744779	0.5375865	1.528761	-0.3033074	0.5330303	1.679959	-0.09599045	0.05843597	1.653997	-0.221674	0.05733302	1.709911	0.09404612	0.2397951	1.509527	-0.3561827	0.2480696	1.826442	-0.07546154	-0.3387786	1.690407	-0.2008953	-0.323941	1.757025	-0.04746199	-0.6393454	1.751464	-0.1328471	-0.6465412	1.807624	

0.08021944	-0.004420024	1.492283	-0.3803981	0.0157389	1.88026	0.06158501	-0.09694216	1.507613	-0.3653725	-0.06344584	1.887036	0.02734051	-0.02895448	1.471339	-0.3686478	0.01877919	1.921175	-0.1885223	0.8144964	1.609347	-0.1509676	0.7051584	1.621794	-0.1528786	0.6287766	1.63751	-0.1577472	0.3904367	1.676806	-0.1623516	0.05926662	1.719869	-0.01746196	0.538041	1.529007	-0.3033654	0.5329029	1.679436	-0.09589843	0.05850928	1.654078	-0.2215759	0.0574106	1.709964	0.09463381	0.2396401	1.509165	-0.356041	0.2482437	1.826487	-0.07557769	-0.3389836	1.690626	-0.2009213	-0.3239457	1.757013	-0.04730556	-0.6394634	1.751422	-0.133251	-0.6464716	1.807792	

0.08041669	-0.004495172	1.492043	-0.3801437	0.01826051	1.880509	0.06241773	-0.09639803	1.507766	-0.3649214	-0.06319924	1.886339	0.02683355	-0.02993223	1.473401	-0.3688991	0.02182123	1.929938	-0.1884421	0.8144954	1.609435	-0.1507778	0.7054554	1.622097	-0.1526222	0.6290516	1.637763	-0.1572553	0.3906479	1.676918	-0.1614985	0.05928691	1.719694	-0.01532444	0.5359483	1.527809	-0.2981965	0.5378534	1.684757	-0.0954681	0.05846642	1.653931	-0.2201445	0.05753748	1.709697	0.09512725	0.2395469	1.508987	-0.3555165	0.2503839	1.82549	-0.07445518	-0.3370665	1.689467	-0.2009196	-0.3239367	1.756969	-0.04729987	-0.6395259	1.751435	-0.1335548	-0.6457667	1.807999	

0.08054916	-0.004428302	1.491865	-0.3800935	0.01828249	1.880655	0.06298146	-0.09703118	1.507243	-0.3677403	-0.06137771	1.878506	0.02880179	-0.03086623	1.471539	-0.3689522	0.01705647	1.921919	-0.1882028	0.8146615	1.609299	-0.1505077	0.7056678	1.622361	-0.1523321	0.6292618	1.638016	-0.1569424	0.3908131	1.677107	-0.1613059	0.05933285	1.719764	-0.01539137	0.5363439	1.528041	-0.2993417	0.5366158	1.682222	-0.09521183	0.05851891	1.653889	-0.2199901	0.05758069	1.709862	0.09582858	0.2395847	1.508676	-0.3555141	0.2503539	1.825443	-0.07456354	-0.3378575	1.689821	-0.2009676	-0.3239804	1.756989	-0.04726229	-0.6395017	1.751416	-0.1331615	-0.645773	1.807644	

0.08087809	-0.004575213	1.491511	-0.3801443	0.01761797	1.880971	0.06467998	-0.0973225	1.508723	-0.3663585	-0.06502768	1.882653	0.0293321	-0.03232765	1.471747	-0.3695586	0.01448668	1.92133	-0.1879993	0.8145204	1.609535	-0.1501548	0.7057245	1.622719	-0.152004	0.6293292	1.638355	-0.1567115	0.3908837	1.677365	-0.161255	0.05935982	1.719882	-0.01539142	0.5364061	1.528155	-0.2978311	0.5370082	1.684954	-0.09523544	0.0585254	1.653916	-0.2197624	0.05764335	1.71014	0.09634487	0.2394187	1.508648	-0.355528	0.2496844	1.825777	-0.07465337	-0.337529	1.689857	-0.2010507	-0.3239325	1.756968	-0.04675313	-0.6394243	1.751253	-0.1332443	-0.645754	1.807637	

0.08125105	-0.004007522	1.491324	-0.3798416	0.01747227	1.880094	0.06701609	-0.09633079	1.505749	-0.3630218	-0.06579512	1.87531	0.03196917	-0.03268497	1.471356	-0.3687501	0.01810806	1.914301	-0.1873585	0.8145258	1.609393	-0.149983	0.705692	1.622872	-0.1518238	0.6293023	1.638497	-0.1565197	0.3908596	1.677462	-0.1611302	0.05931791	1.719906	-0.0133132	0.5343266	1.527196	-0.2992573	0.5358875	1.682302	-0.09501293	0.05839809	1.653857	-0.2197017	0.05764656	1.710196	0.09702327	0.2399651	1.508741	-0.3555279	0.2498662	1.825878	-0.07476309	-0.3386147	1.690535	-0.2010918	-0.3241101	1.756941	-0.04671453	-0.6394039	1.75124	-0.1331709	-0.645713	1.807587	

0.08157875	-0.003663066	1.490926	-0.3795349	0.01737868	1.879417	0.06818127	-0.09632108	1.507626	-0.3609577	-0.0638905	1.871972	0.03270901	-0.03210426	1.472811	-0.3678772	0.01272658	1.910857	-0.1866646	0.8141839	1.609201	-0.1497643	0.7057324	1.623025	-0.1515402	0.6293537	1.638611	-0.1559309	0.3909437	1.677405	-0.1600193	0.05938363	1.71939	-0.01330961	0.5348195	1.527667	-0.2971106	0.5365493	1.683924	-0.09419156	0.05852968	1.653518	-0.2183565	0.05761244	1.709398	0.09769432	0.2402823	1.508699	-0.3556829	0.2499765	1.825709	-0.07466422	-0.3390382	1.690797	-0.2008836	-0.324177	1.756661	-0.04673925	-0.6393875	1.75123	-0.1331828	-0.6457145	1.807585	

0.08190736	-0.003521433	1.490794	-0.3791693	0.01656684	1.877683	0.06722194	-0.09573989	1.505081	-0.3618947	-0.0680074	1.873425	0.03174263	-0.03287011	1.472281	-0.367281	0.009697407	1.905263	-0.1859946	0.8138885	1.608912	-0.1496431	0.7057323	1.623224	-0.1514163	0.6293631	1.638779	-0.1558185	0.3909647	1.677491	-0.1599743	0.05939323	1.7194	-0.0121847	0.5335786	1.527027	-0.2987394	0.5356486	1.681635	-0.09410669	0.05853134	1.653512	-0.2183447	0.05762412	1.70941	0.09806456	0.2404199	1.508672	-0.3555105	0.2493632	1.824586	-0.07453703	-0.3365187	1.690246	-0.2007771	-0.3241614	1.756544	-0.04702673	-0.6387983	1.751072	-0.1329846	-0.6457219	1.807441	

0.08199267	-0.003492085	1.490772	-0.379678	0.01527859	1.876328	0.06753603	-0.0954481	1.512705	-0.3657072	-0.06309585	1.85856	0.03020168	-0.03403174	1.47433	-0.3699432	0.01393585	1.906834	-0.1856159	0.8138222	1.607722	-0.149392	0.7055814	1.623285	-0.1511934	0.6292428	1.638829	-0.1556861	0.3909101	1.677508	-0.1599595	0.05938357	1.719396	-0.01222036	0.5337819	1.527295	-0.2971885	0.5359677	1.682978	-0.09411012	0.05851782	1.653509	-0.2182992	0.05761792	1.709395	0.09836733	0.2404334	1.508726	-0.3554834	0.2475501	1.821675	-0.07437517	-0.3359943	1.689921	-0.2009261	-0.3242014	1.756543	-0.0470484	-0.6388546	1.751024	-0.1329719	-0.6454159	1.807367	

0.0821671	-0.00358872	1.490799	-0.3798859	0.01592582	1.874462	0.06465051	-0.0957239	1.509647	-0.3650079	-0.06304915	1.860238	0.0296672	-0.03373817	1.47385	-0.3695358	0.005008192	1.901769	-0.1852828	0.8137754	1.606974	-0.1493145	0.7055241	1.623275	-0.1511169	0.6291928	1.638818	-0.1556222	0.3908748	1.677493	-0.1599429	0.05936033	1.719381	-0.01132969	0.5329772	1.526539	-0.2987787	0.5350264	1.679496	-0.09401144	0.05842444	1.65335	-0.2183117	0.05760834	1.709422	0.09864407	0.2403263	1.508856	-0.3555519	0.2482283	1.819935	-0.07396766	-0.3351312	1.689404	-0.20053	-0.3238072	1.755911	-0.04694519	-0.638993	1.751011	-0.1329684	-0.645408	1.807369	

0.08220309	-0.003751814	1.490777	-0.3799235	0.01643601	1.872363	0.06530447	-0.09595005	1.508382	-0.3651486	-0.06311966	1.863425	0.02946948	-0.03283375	1.473927	-0.3709558	0.006857597	1.903387	-0.1849341	0.8137054	1.606276	-0.1497238	0.6985593	1.616855	-0.1511126	0.6238053	1.633613	-0.1549198	0.3889118	1.675025	-0.159105	0.05943651	1.718683	-0.01147994	0.5336779	1.526882	-0.2974194	0.5360877	1.680675	-0.09315801	0.05848366	1.652342	-0.217575	0.05770105	1.708966	0.09879472	0.2401508	1.508962	-0.3553852	0.2487057	1.817777	-0.07420365	-0.3344801	1.689279	-0.200306	-0.3234878	1.755444	-0.04690849	-0.6389694	1.751035	-0.1330684	-0.6453794	1.80742	

0.08229191	-0.003758305	1.490638	-0.3801977	0.01605902	1.871041	0.06513282	-0.09666838	1.50664	-0.3687989	-0.06253752	1.861872	0.02950212	-0.03194419	1.472503	-0.3720676	0.009950739	1.904972	-0.1843771	0.813772	1.604792	-0.149732	0.6961117	1.6144	-0.151222	0.6216846	1.631534	-0.155127	0.3880262	1.674176	-0.1592335	0.0594894	1.718711	-0.01150935	0.5339813	1.526841	-0.2958186	0.5368752	1.680632	-0.093384	0.05849211	1.65236	-0.2176652	0.05780196	1.709007	0.09889834	0.240142	1.508884	-0.3554759	0.248658	1.817649	-0.07467009	-0.336917	1.689923	-0.2001112	-0.3235704	1.755107	-0.04685536	-0.6390474	1.751069	-0.1329517	-0.6456302	1.807172	

0.0824256	-0.003536796	1.490404	-0.3801774	0.01562664	1.869229	0.06396291	-0.09631116	1.503807	-0.3686812	-0.06373177	1.858263	0.02995172	-0.03126697	1.472466	-0.3724304	0.008548061	1.904128	-0.1841519	0.8135659	1.604409	-0.1484437	0.6984783	1.615786	-0.1503442	0.6232707	1.632382	-0.1549562	0.3883572	1.674247	-0.1593021	0.05954631	1.718661	-0.0116079	0.5344103	1.526885	-0.2954274	0.5370544	1.681373	-0.09351551	0.05854718	1.652378	-0.2177135	0.05789791	1.70884	0.09899802	0.2403644	1.508778	-0.3556569	0.2486658	1.817282	-0.07500878	-0.337556	1.6902	-0.2000474	-0.3236886	1.754947	-0.04686213	-0.6390087	1.75109	-0.1327695	-0.6456811	1.806979	

0.08272023	-0.003679087	1.48999	-0.3802001	0.0159399	1.867511	0.06429293	-0.09672527	1.501692	-0.3665818	-0.0640589	1.862252	0.03000844	-0.03152518	1.470573	-0.3730812	0.007759891	1.90108	-0.1837567	0.8133584	1.603965	-0.1480855	0.6991422	1.616382	-0.1500225	0.6237437	1.632708	-0.1547118	0.3885164	1.674126	-0.1589692	0.05964003	1.717925	-0.01162057	0.5345541	1.526857	-0.2975858	0.536278	1.6778	-0.0929511	0.05871377	1.651353	-0.2175828	0.05793443	1.708339	0.09917435	0.2402229	1.508603	-0.3560179	0.249323	1.816623	-0.07474381	-0.3384958	1.690202	-0.2003438	-0.3239218	1.754913	-0.04687225	-0.6389717	1.751111	-0.1326905	-0.6458873	1.806945	

0.08289916	-0.003701065	1.489799	-0.3802832	0.01558052	1.866976	0.06505876	-0.09680169	1.502508	-0.3674132	-0.06209297	1.863582	0.02931971	-0.03192033	1.472329	-0.3716039	0.009204099	1.90611	-0.1835692	0.8131095	1.603796	-0.1476266	0.7005489	1.617238	-0.1495758	0.6247881	1.633245	-0.154397	0.3888054	1.674059	-0.1586184	0.05959909	1.71742	-0.0117439	0.5349764	1.526899	-0.2989444	0.5353054	1.676756	-0.09257373	0.05876811	1.651076	-0.2173046	0.05775896	1.707502	0.09921757	0.2402055	1.508562	-0.356195	0.248955	1.816023	-0.0752653	-0.3371364	1.689521	-0.2003675	-0.3239852	1.754901	-0.04686015	-0.6389378	1.751004	-0.1325795	-0.6460019	1.806859	

0.08283339	-0.003866696	1.489665	-0.3805169	0.0151789	1.866513	0.06363588	-0.09667365	1.50297	-0.363783	-0.06295812	1.863298	0.02891823	-0.03334495	1.472223	-0.3716841	0.01005448	1.905691	-0.1833696	0.8130344	1.603512	-0.1474202	0.7008592	1.617512	-0.1493632	0.6250624	1.633421	-0.1541827	0.3889573	1.673962	-0.1583927	0.05971299	1.716977	-0.0116434	0.5353253	1.526852	-0.2971448	0.5365585	1.678266	-0.09246417	0.05884282	1.6508	-0.2169688	0.05791237	1.706888	0.09933448	0.2400279	1.508411	-0.3562039	0.248393	1.815088	-0.07509337	-0.3377454	1.68949	-0.2006367	-0.3238392	1.754797	-0.04682023	-0.638696	1.750841	-0.1324728	-0.6458695	1.806777	

0.08276319	-0.004360104	1.489607	-0.3799925	0.01583938	1.865627	0.06232956	-0.09700985	1.505039	-0.3607972	-0.06274015	1.859627	0.02844642	-0.03226665	1.472004	-0.3707239	0.01055466	1.901246	-0.183064	0.8128102	1.602812	-0.14728	0.701212	1.617654	-0.1492621	0.6253451	1.633504	-0.1541765	0.3890421	1.6739	-0.1586336	0.05970313	1.716696	-0.01164784	0.5354468	1.526773	-0.2985017	0.5355501	1.67629	-0.09261946	0.05881602	1.650485	-0.2173235	0.05792281	1.70664	0.09950949	0.2395236	1.508086	-0.3560485	0.2490096	1.813868	-0.07545318	-0.3380427	1.689467	-0.2007227	-0.3238964	1.754578	-0.04693057	-0.6385016	1.750841	-0.1323808	-0.6459575	1.80664	

0.0827014	-0.004728553	1.489596	-0.3795577	0.01544696	1.865048	0.06078421	-0.09716136	1.507362	-0.3630038	-0.06615673	1.859956	0.02867646	-0.03115243	1.472549	-0.3691874	0.008258161	1.898007	-0.182963	0.8128059	1.602623	-0.1476032	0.6982461	1.614329	-0.1496106	0.6230419	1.630967	-0.1546044	0.3879629	1.672786	-0.1591533	0.05950359	1.716655	-0.01066745	0.5338387	1.525637	-0.299353	0.5350376	1.675113	-0.09302938	0.05853212	1.650522	-0.2180091	0.05781897	1.706519	0.0994653	0.2391585	1.507844	-0.3559928	0.2487011	1.813436	-0.07536006	-0.3373116	1.689069	-0.2007751	-0.3240134	1.754464	-0.04685252	-0.6387916	1.750914	-0.132526	-0.6461443	1.806863	

0.08266174	-0.004833782	1.489352	-0.3794088	0.01486338	1.864413	0.06008244	-0.09661679	1.503037	-0.3572342	-0.06722037	1.86284	0.02901082	-0.03076638	1.471261	-0.3694998	0.009887485	1.904141	-0.1828496	0.8126815	1.602478	-0.1477884	0.6966811	1.612798	-0.1497372	0.6217292	1.629575	-0.1546407	0.3872872	1.671766	-0.1592207	0.05951006	1.71639	-0.01111395	0.5347431	1.525315	-0.2998528	0.5345156	1.674192	-0.09306707	0.0585374	1.650352	-0.2181129	0.05782732	1.706163	0.09948305	0.2390539	1.507457	-0.3557716	0.2482624	1.813356	-0.07510021	-0.3363998	1.688357	-0.2004518	-0.3240594	1.753933	-0.04682948	-0.6388688	1.75091	-0.13238	-0.6458164	1.806748	

0.08255754	-0.005099573	1.489158	-0.3786151	0.01417279	1.862903	0.06157006	-0.09687678	1.506256	-0.3605627	-0.06556426	1.857154	0.02876981	-0.03097667	1.471563	-0.3680842	0.007590913	1.901233	-0.1826921	0.8127561	1.601846	-0.1479619	0.6954404	1.611391	-0.1498669	0.6205328	1.628275	-0.154688	0.3862699	1.670786	-0.1593004	0.05907912	1.716133	-0.01040341	0.5334418	1.524391	-0.3002782	0.5340926	1.673299	-0.09309244	0.05815227	1.65016	-0.2182557	0.05737188	1.705849	0.09963723	0.2387801	1.506905	-0.3557039	0.2480553	1.813307	-0.07485904	-0.3372267	1.688086	-0.2004985	-0.32409	1.753817	-0.04693087	-0.6392827	1.751085	-0.1320258	-0.6452137	1.806483	

0.08246391	-0.0052357	1.488869	-0.3785626	0.01410524	1.862816	0.06307025	-0.097504	1.503572	-0.3591143	-0.06842294	1.864641	0.02881876	-0.03160622	1.471234	-0.3684552	0.01055715	1.90221	-0.1826113	0.8123655	1.601771	-0.1467269	0.6981994	1.612592	-0.1488356	0.6225058	1.628989	-0.1541667	0.3867666	1.670698	-0.1589681	0.05887305	1.715609	-0.01074054	0.5342591	1.524259	-0.2974083	0.5346411	1.67434	-0.09290195	0.058069	1.64975	-0.2177704	0.05702215	1.705217	0.0996922	0.2386372	1.5065	-0.3551156	0.2477847	1.812697	-0.07463013	-0.3376586	1.688009	-0.2004116	-0.3241478	1.753598	-0.04701954	-0.6394221	1.751068	-0.1321007	-0.6458369	1.80659	

0.08223832	-0.005557464	1.487738	-0.3794747	0.01060718	1.86458	0.06221779	-0.09717454	1.498539	-0.359296	-0.06674621	1.849448	0.02841648	-0.03262056	1.462704	-0.3670306	0.006365111	1.894105	-0.1823016	0.8117557	1.600931	-0.1472626	0.6962192	1.610702	-0.1491394	0.6209199	1.627254	-0.1539718	0.3858483	1.669048	-0.158472	0.05860043	1.714181	-0.01086309	0.5346588	1.523703	-0.2983012	0.5340414	1.67301	-0.09237922	0.05795482	1.648596	-0.2173488	0.05658624	1.703516	0.09963878	0.2382894	1.505932	-0.3523663	0.2410144	1.805077	-0.07453524	-0.3381468	1.688238	-0.2004955	-0.3244486	1.753209	-0.04708426	-0.6396586	1.750978	-0.1321723	-0.6460923	1.806509	

0.08207856	-0.00573536	1.487151	-0.3788972	0.01032491	1.863711	0.06156809	-0.09714544	1.500278	-0.3591424	-0.067041	1.854416	0.02703162	-0.03475878	1.468942	-0.3684741	0.008776615	1.896438	-0.1822367	0.8119366	1.600086	-0.146655	0.6982917	1.612164	-0.1486958	0.6224741	1.628237	-0.1538793	0.3862528	1.669131	-0.1586255	0.05854984	1.713865	-0.01088365	0.53486	1.523445	-0.2991112	0.5333143	1.67164	-0.09245194	0.0579491	1.648455	-0.2176031	0.05647407	1.702978	0.0995574	0.2380976	1.50565	-0.3536516	0.2414107	1.805602	-0.07433698	-0.3386275	1.68834	-0.200424	-0.324212	1.752569	-0.04679621	-0.6394947	1.750795	-0.1322349	-0.6467699	1.806269	

0.08181024	-0.006066441	1.486452	-0.3790871	0.009217734	1.86194	0.05966229	-0.09724095	1.499637	-0.3639055	-0.06611749	1.848352	0.028495	-0.03112863	1.465474	-0.3687139	0.006892778	1.891579	-0.1820423	0.8116739	1.59974	-0.147039	0.6967251	1.610677	-0.149039	0.6212949	1.627064	-0.1541659	0.3857532	1.668482	-0.1590136	0.05840608	1.713567	-0.01094174	0.5349257	1.523127	-0.2997458	0.5324973	1.670932	-0.092761	0.05782035	1.648255	-0.2180535	0.05633345	1.702593	0.09948982	0.2377442	1.505221	-0.3538561	0.2407859	1.805394	-0.07426608	-0.3392879	1.688219	-0.2002941	-0.3242726	1.752245	-0.04675683	-0.6393425	1.750798	-0.1321162	-0.6462587	1.805843	

0.0816786	-0.006160999	1.485932	-0.3793767	0.008930517	1.859744	0.06013825	-0.09751657	1.496133	-0.3627972	-0.06800327	1.851371	0.02900898	-0.03155571	1.465587	-0.3709085	0.009965019	1.893755	-0.1818549	0.8114824	1.599457	-0.1472631	0.6952167	1.60948	-0.149225	0.6200973	1.625983	-0.1542912	0.3852149	1.667601	-0.1592309	0.05836113	1.712852	-0.01099399	0.5351336	1.522926	-0.2999752	0.5324289	1.670332	-0.09289382	0.05774702	1.647672	-0.2183518	0.05633422	1.701769	0.09950683	0.2376379	1.504781	-0.3545839	0.2412954	1.805665	-0.07470386	-0.3395477	1.688322	-0.2005892	-0.3242428	1.752027	-0.04687012	-0.6390065	1.750524	-0.1320815	-0.6465977	1.805731	

0.08158895	-0.006241172	1.485498	-0.3796555	0.0127983	1.857551	0.06097586	-0.09752656	1.496372	-0.3655018	-0.06712673	1.851825	0.0288639	-0.03198037	1.466375	-0.3722939	0.008184017	1.885267	-0.1816955	0.8112251	1.599253	-0.1473883	0.6945085	1.608875	-0.1493475	0.6195227	1.625466	-0.1544098	0.3849615	1.66728	-0.1594077	0.05833204	1.71271	-0.01102337	0.535219	1.522906	-0.3003417	0.5324007	1.670127	-0.09300905	0.05771835	1.647605	-0.2185909	0.05631383	1.701542	0.09945656	0.237549	1.504556	-0.3545916	0.2446062	1.801599	-0.07476975	-0.3396741	1.688372	-0.2007567	-0.3241352	1.751757	-0.04682284	-0.6390138	1.750533	-0.1312608	-0.6468351	1.805297	

0.08154504	-0.006230928	1.485306	-0.3801671	0.01334071	1.855792	0.06101821	-0.09760705	1.497573	-0.3665233	-0.06655822	1.849875	0.02796759	-0.03392847	1.466056	-0.3752469	0.004311126	1.88595	-0.1816037	0.8111921	1.599241	-0.1463594	0.6963912	1.610304	-0.1486235	0.6208918	1.626451	-0.1542925	0.3852961	1.667422	-0.159626	0.05827531	1.712528	-0.01112902	0.5354116	1.522874	-0.3007005	0.5321608	1.669981	-0.09324032	0.05762937	1.647222	-0.218802	0.05628071	1.701495	0.09950009	0.2375536	1.504373	-0.3549948	0.2456804	1.801635	-0.07468056	-0.3399549	1.688364	-0.2011766	-0.3234445	1.751199	-0.04690794	-0.6392114	1.750696	-0.1309111	-0.6459446	1.805197	

0.0815155	-0.006238389	1.485224	-0.3819675	0.01344002	1.853554	0.06108548	-0.09746342	1.498048	-0.3745026	-0.06674552	1.846686	0.02869206	-0.03194558	1.467608	-0.3777941	-0.000573937	1.884928	-0.1814619	0.8112268	1.599136	-0.1459885	0.6990236	1.612631	-0.1483535	0.6230286	1.62833	-0.1543144	0.3861164	1.668098	-0.1598353	0.0582747	1.712539	-0.01107934	0.5354844	1.522897	-0.3009611	0.5320429	1.669912	-0.09343816	0.0576115	1.647279	-0.2190222	0.05630145	1.701475	0.09949833	0.2375422	1.504356	-0.3556117	0.246257	1.801535	-0.07506748	-0.3399916	1.688533	-0.2012621	-0.3235132	1.75122	-0.04687047	-0.6393409	1.750701	-0.1304886	-0.6460848	1.804932	

0.08146578	-0.006171071	1.485141	-0.3828174	0.01547756	1.851825	0.05969636	-0.09769779	1.495975	-0.3708382	-0.06823225	1.855512	0.02830397	-0.03291911	1.466033	-0.3755482	-0.001105496	1.886435	-0.18139	0.8112035	1.599191	-0.1456062	0.699823	1.613715	-0.1480336	0.6237748	1.629301	-0.1542351	0.3865663	1.668593	-0.1599907	0.05831195	1.712579	-0.01106477	0.5355816	1.523045	-0.2978426	0.533848	1.672092	-0.09374329	0.05759541	1.647308	-0.2190923	0.05637764	1.701538	0.09949516	0.2376052	1.504325	-0.3559224	0.2485111	1.800748	-0.07494549	-0.3402022	1.688657	-0.2012924	-0.3235908	1.751236	-0.04685958	-0.6393506	1.750728	-0.1304464	-0.6460769	1.804949	

0.08142006	-0.006178805	1.485065	-0.3829328	0.01752744	1.850502	0.05928003	-0.09708389	1.497088	-0.3700996	-0.06670099	1.850083	0.02766777	-0.03345672	1.467319	-0.3785025	-0.0015304	1.890603	-0.1812072	0.811219	1.599236	-0.1449824	0.7002913	1.614176	-0.1475327	0.6241952	1.629699	-0.1540951	0.3867772	1.66875	-0.1601671	0.05829692	1.712529	-0.01116414	0.5357016	1.523124	-0.2961733	0.5343239	1.674642	-0.09415368	0.05754529	1.64713	-0.2191297	0.05638038	1.701549	0.09942526	0.2375951	1.504372	-0.3572293	0.2512305	1.801246	-0.07516161	-0.3403773	1.68898	-0.2013001	-0.323658	1.751251	-0.04681439	-0.6395185	1.750731	-0.1312758	-0.6461732	1.805283	

0.08140194	-0.006149471	1.485048	-0.3831314	0.01569527	1.850831	0.05935858	-0.09750304	1.498626	-0.3695293	-0.06502032	1.855268	0.02850845	-0.03165509	1.468182	-0.3754811	0.003480279	1.890185	-0.1811664	0.8112267	1.599228	-0.1458409	0.6970624	1.612039	-0.1480451	0.6218959	1.628113	-0.1540722	0.3862147	1.668189	-0.1600657	0.05833739	1.712332	-0.01106094	0.5361148	1.523239	-0.2957092	0.5345439	1.675667	-0.09408309	0.0576558	1.64663	-0.2190054	0.056389	1.701513	0.09936482	0.2376256	1.504416	-0.3578692	0.2495345	1.801937	-0.07519489	-0.3403933	1.689022	-0.2008604	-0.3240377	1.751399	-0.04691949	-0.6399633	1.750736	-0.1312335	-0.6461629	1.80529	

0.08136772	-0.006222575	1.485156	-0.3826339	0.008770406	1.850066	0.06010658	-0.09722427	1.501665	-0.3669767	-0.06508234	1.848365	0.02793001	-0.03272175	1.468871	-0.3756134	0.004528954	1.887733	-0.1810609	0.8110642	1.599382	-0.1453243	0.6982812	1.613423	-0.1475944	0.6228195	1.629072	-0.1537705	0.3866399	1.668378	-0.1598893	0.05849529	1.711989	-0.0108565	0.5362579	1.523633	-0.2953983	0.534839	1.676425	-0.09392207	0.05780026	1.64636	-0.2188097	0.05654819	1.701148	0.09925304	0.2375533	1.50463	-0.3614278	0.2451121	1.809613	-0.07523467	-0.3403996	1.689029	-0.2009136	-0.3232327	1.751049	-0.04681438	-0.6399019	1.750691	-0.1308789	-0.646363	1.805128	

0.08133846	-0.006295238	1.485714	-0.3824503	0.01155068	1.849363	0.05931659	-0.09708019	1.503756	-0.3678472	-0.06592712	1.847043	0.02759571	-0.03311126	1.469259	-0.3744034	0.003625791	1.890396	-0.1810261	0.8110818	1.599514	-0.1451009	0.6998392	1.615343	-0.147454	0.6240947	1.63069	-0.1538064	0.387274	1.669181	-0.1600826	0.05856857	1.712095	-0.01080651	0.5364648	1.523957	-0.2974275	0.53407	1.675237	-0.09409378	0.05790474	1.646556	-0.2190176	0.05660006	1.701207	0.09901478	0.2375001	1.504977	-0.360776	0.2478649	1.808902	-0.07540598	-0.3389329	1.68874	-0.1998259	-0.3235591	1.750995	-0.04699771	-0.6395889	1.750787	-0.1311278	-0.6464794	1.805317	

0.08135242	-0.006466608	1.485989	-0.3822406	0.01318345	1.848841	0.0563453	-0.09872946	1.504268	-0.3661317	-0.06730743	1.85335	0.02813236	-0.03163051	1.469375	-0.3742347	0.003949558	1.890159	-0.1807815	0.8111756	1.59981	-0.1449368	0.7000201	1.615694	-0.1472871	0.6242474	1.630979	-0.1536536	0.3873618	1.669283	-0.1599976	0.05855374	1.711992	-0.0109202	0.536806	1.524428	-0.296501	0.535167	1.676417	-0.09402753	0.05792404	1.646472	-0.2189022	0.05654553	1.701098	0.09880336	0.2373409	1.505285	-0.3606755	0.2496311	1.808856	-0.07562952	-0.3391356	1.689062	-0.1999262	-0.3236766	1.75103	-0.04684274	-0.6397249	1.750787	-0.1311468	-0.6464862	1.805321	

0.08135179	-0.006401072	1.486216	-0.3825316	0.01503114	1.849393	0.05772857	-0.09794241	1.505434	-0.3642739	-0.0682364	1.853314	0.02681827	-0.03416844	1.47027	-0.3740126	0.004158968	1.889284	-0.1807907	0.8112599	1.599884	-0.1452689	0.7007574	1.616971	-0.1475762	0.6248748	1.632071	-0.1538233	0.3877031	1.669813	-0.1601148	0.05858267	1.712014	-0.01092577	0.5369343	1.524917	-0.2980091	0.534602	1.675135	-0.09407634	0.05793826	1.646501	-0.2190994	0.05659536	1.70112	0.09868826	0.237414	1.505512	-0.3592448	0.2505252	1.806077	-0.07580014	-0.3392984	1.689452	-0.1999365	-0.3236529	1.750988	-0.04667228	-0.6396874	1.751009	-0.1310035	-0.6462529	1.805264	

0.08134892	-0.006541473	1.486248	-0.3835187	0.008558809	1.851045	0.05541904	-0.09919676	1.502829	-0.3670316	-0.06655286	1.845586	0.02808885	-0.03225476	1.46861	-0.3707064	0.01587645	1.885	-0.1808526	0.8112788	1.59998	-0.1463854	0.6980304	1.614658	-0.1482984	0.6228278	1.630374	-0.1538233	0.3870826	1.669291	-0.1599153	0.05853404	1.711911	-0.009982026	0.5345995	1.524554	-0.2964675	0.5357561	1.676748	-0.09391615	0.05789921	1.646273	-0.2187928	0.05652686	1.701136	0.09859893	0.2372719	1.505725	-0.359113	0.2437506	1.80723	-0.07582975	-0.339629	1.689514	-0.2001961	-0.3236154	1.751111	-0.04664058	-0.6398177	1.750997	-0.1300411	-0.6464081	1.804878	

0.08134449	-0.006434726	1.486437	-0.3837748	0.008740705	1.851143	0.05944234	-0.09711111	1.502193	-0.3656632	-0.06554484	1.845878	0.02835458	-0.03218219	1.468733	-0.3721543	0.006420984	1.886339	-0.181065	0.8111523	1.600276	-0.1471742	0.6960203	1.6134	-0.1490169	0.6210932	1.629444	-0.154231	0.3862281	1.669122	-0.1601644	0.05826693	1.712159	-0.009429647	0.5333978	1.524268	-0.2984942	0.5342326	1.675393	-0.09408794	0.05761119	1.646448	-0.2191246	0.05629026	1.701519	0.09855398	0.2373821	1.505899	-0.3592775	0.2438737	1.807127	-0.07582406	-0.3396599	1.689508	-0.2007419	-0.3238592	1.751523	-0.0466337	-0.6398609	1.750897	-0.1297692	-0.645016	1.804316	

0.08133893	-0.006509744	1.486453	-0.3837207	0.01081709	1.85113	0.05942318	-0.09748959	1.503334	-0.3645269	-0.06812436	1.84795	0.02794684	-0.03270933	1.469153	-0.3735109	0.006665517	1.888614	-0.1813066	0.8111115	1.600435	-0.147159	0.6974998	1.615304	-0.1490833	0.6221381	1.630876	-0.1543732	0.3865195	1.669664	-0.1603235	0.05822876	1.712233	-0.009868498	0.5335301	1.52473	-0.2975671	0.535054	1.676476	-0.09434144	0.05759005	1.64658	-0.219203	0.0562489	1.701562	0.09852709	0.2373059	1.50597	-0.3584104	0.2453358	1.804989	-0.07592558	-0.3398464	1.689624	-0.2007295	-0.3237562	1.751426	-0.04672087	-0.6396236	1.750742	-0.1295375	-0.6446752	1.804157	

0.08134323	-0.006520698	1.486469	-0.3831443	0.01422116	1.849781	0.05765912	-0.09799466	1.502389	-0.3651057	-0.06557868	1.852166	0.02671895	-0.03594527	1.468216	-0.375861	0.00447526	1.893853	-0.181482	0.811176	1.600461	-0.1469458	0.6985313	1.616514	-0.1489957	0.6229798	1.631916	-0.1545305	0.3869344	1.670282	-0.1607113	0.05832921	1.712488	-0.01023061	0.534267	1.525071	-0.299218	0.5339732	1.675075	-0.09463456	0.05764969	1.646843	-0.2196689	0.05639668	1.701831	0.09846906	0.237299	1.505987	-0.358781	0.2492051	1.804921	-0.07603271	-0.3375309	1.689138	-0.2010913	-0.3235898	1.751533	-0.04663508	-0.6395676	1.750555	-0.1294809	-0.644623	1.804172	

0.08130416	-0.006566098	1.486428	-0.3832397	0.01475228	1.84958	0.05692826	-0.09892859	1.502343	-0.3703336	-0.06666841	1.851118	0.02707224	-0.03373231	1.469259	-0.3760205	0.004915039	1.890208	-0.1823879	0.8107119	1.600464	-0.1473753	0.6985578	1.617238	-0.1493751	0.6229885	1.632631	-0.154752	0.3868923	1.670931	-0.1607846	0.05822851	1.712936	-0.01129396	0.5345638	1.525936	-0.3004892	0.5331488	1.674532	-0.09466231	0.05756226	1.647248	-0.2197782	0.05628592	1.702361	0.09840761	0.2372511	1.506052	-0.3586723	0.2496836	1.804587	-0.07475839	-0.3392179	1.688112	-0.2008347	-0.3241454	1.751544	-0.04666853	-0.6396115	1.750602	-0.1309524	-0.6456414	1.805011	

0.08144575	-0.009279713	1.485888	-0.3824446	0.01014205	1.852635	0.06639709	-0.1016905	1.50004	-0.3673237	-0.08128059	1.865003	0.02806265	-0.04156447	1.47182	-0.3788405	-0.01053646	1.9132	-0.1878719	0.8060708	1.5983	-0.1501672	0.6941233	1.617909	-0.15134	0.6190943	1.633692	-0.1548333	0.3838865	1.673019	-0.1580049	0.05527808	1.717308	-0.01080758	0.530735	1.525496	-0.3021174	0.5311671	1.674413	-0.09173343	0.05471155	1.651582	-0.2172062	0.05334983	1.706849	0.0990622	0.2344511	1.506391	-0.3586842	0.2459559	1.81107	-0.07193244	-0.3382624	1.681491	-0.202201	-0.3247196	1.751042	-0.04677514	-0.6395561	1.750424	-0.1311298	-0.645948	1.804969	

0.08180904	-0.01205469	1.485362	-0.381742	0.007716213	1.855206	0.05350672	-0.1215604	1.522537	-0.3648533	-0.08464231	1.868402	0.006207516	-0.02535672	1.563074	-0.3781032	-0.01628213	1.910125	-0.1922919	0.8026289	1.5961	-0.1537901	0.6898588	1.618066	-0.1540738	0.6152018	1.634345	-0.155366	0.3808631	1.674857	-0.1558031	0.05258312	1.721044	-0.01088526	0.5285424	1.525357	-0.3038583	0.5290552	1.674433	-0.08954272	0.05228037	1.655019	-0.2150798	0.0505118	1.710914	0.0998873	0.2316221	1.505947	-0.3589011	0.2438276	1.814585	-0.07068018	-0.3386148	1.677537	-0.2051663	-0.3259608	1.750931	-0.04769541	-0.6400395	1.749886	-0.1332002	-0.6465476	1.8057	

0.0849103	-0.01804848	1.482667	-0.3783145	0.007802769	1.861605	0.0535548	-0.1343034	1.527162	-0.362673	-0.09821797	1.872519	0.0213857	-0.01831635	1.567863	-0.3631889	-0.06918219	1.902333	-0.2021156	0.7908529	1.593406	-0.1618558	0.676057	1.617797	-0.1602567	0.602304	1.635323	-0.1563205	0.3703181	1.679034	-0.1501459	0.04352485	1.729396	-0.01815744	0.5203982	1.528241	-0.3082811	0.5112035	1.688483	-0.08534026	0.04542787	1.660511	-0.2080187	0.03941148	1.722696	0.100498	0.2256615	1.50548	-0.3584992	0.2430129	1.816018	-0.06258172	-0.342251	1.657544	-0.2086594	-0.3276125	1.750293	-0.04817323	-0.6400017	1.748841	-0.1370789	-0.6482542	1.807388	

0.08702876	-0.02335087	1.480098	-0.3773184	-0.008507258	1.868056	0.05576376	-0.1383184	1.512959	-0.3647389	-0.10931	1.874163	0.02430937	-0.0512822	1.563889	-0.3660831	-0.07197285	1.906468	-0.2078603	0.7804277	1.592068	-0.1671147	0.6666567	1.617297	-0.1645681	0.5929857	1.635693	-0.1572232	0.3617886	1.682019	-0.1464495	0.03672318	1.735267	-0.02328107	0.5118985	1.530616	-0.3108768	0.5043262	1.692458	-0.08165762	0.03907624	1.665688	-0.2046719	0.03277274	1.728841	0.1008384	0.2202503	1.50615	-0.3563995	0.2265262	1.822743	-0.06397585	-0.3424138	1.656313	-0.2126085	-0.3294578	1.750082	-0.0481009	-0.6401306	1.748344	-0.1399001	-0.6489992	1.808617	

0.09033658	-0.036497	1.478157	-0.3740609	-0.03382709	1.874463	0.05646658	-0.1629823	1.516654	-0.3592733	-0.1345643	1.879723	0.03923163	-0.05962504	1.513615	-0.3557221	-0.1024943	1.908231	-0.2196891	0.7481628	1.59132	-0.1748926	0.6347582	1.613946	-0.1705949	0.5623552	1.634913	-0.1574164	0.3348558	1.688507	-0.1388013	0.01493196	1.75016	-0.02955909	0.4924431	1.533241	-0.3143747	0.4833289	1.697031	-0.07354361	0.01563141	1.678681	-0.1977969	0.01339153	1.745508	0.1007827	0.2069532	1.507381	-0.3546492	0.2010864	1.828894	-0.06487418	-0.3434559	1.653167	-0.2252282	-0.332722	1.750779	-0.04863038	-0.6399338	1.745315	-0.1404692	-0.6491497	1.808249	

0.09557974	-0.04347735	1.477816	-0.3686334	-0.03585555	1.870812	0.06067153	-0.1730686	1.513782	-0.3557451	-0.1475991	1.880131	0.03594115	-0.08985341	1.468089	-0.3246054	-0.1422378	1.871	-0.2241747	0.7368357	1.59002	-0.1762593	0.6256252	1.613242	-0.1715155	0.5533761	1.634661	-0.1566394	0.327141	1.689812	-0.1358527	0.01014152	1.753031	-0.02716671	0.492726	1.53166	-0.3150522	0.4758986	1.698377	-0.07077718	0.01103711	1.681566	-0.1948625	0.008739208	1.748278	0.1016272	0.1999391	1.508557	-0.3543192	0.2003873	1.828952	-0.06363031	-0.3463942	1.649494	-0.2346071	-0.3383732	1.75061	-0.04947924	-0.6402156	1.74345	-0.1430816	-0.6497473	1.80828	

0.1012389	-0.07731359	1.485556	-0.3576837	-0.0474633	1.872708	0.06714578	-0.1994194	1.513198	-0.358627	-0.1779785	1.882514	0.04206104	-0.1217153	1.471128	-0.3452848	-0.07978847	1.895857	-0.2351966	0.6936824	1.590829	-0.1831107	0.5854933	1.613584	-0.1765192	0.5135088	1.636829	-0.1554651	0.2882504	1.697745	-0.1254362	-0.02567257	1.768703	-0.0391366	0.4460912	1.539772	-0.3142674	0.4062543	1.71272	-0.06015705	-0.02370235	1.69457	-0.1851455	-0.0266149	1.766669	0.1041921	0.1658341	1.51673	-0.3510166	0.1893872	1.832006	-0.07269295	-0.3580079	1.64262	-0.2429025	-0.3453065	1.750487	-0.04908063	-0.6431225	1.742078	-0.1450913	-0.6505817	1.807892	

0.1023712	-0.08288553	1.486154	-0.3573106	-0.0626611	1.876325	0.07366616	-0.2115283	1.511406	-0.3532975	-0.1920067	1.883029	0.04575516	-0.1386912	1.474383	-0.3433075	-0.1558851	1.9136	-0.2358801	0.6849188	1.590976	-0.1834154	0.5771841	1.613672	-0.1765292	0.5053785	1.63732	-0.1544977	0.2809894	1.699403	-0.1231933	-0.03130171	1.771692	-0.03930418	0.4441781	1.54012	-0.3141268	0.4056344	1.712834	-0.05821508	-0.02916798	1.697224	-0.1827111	-0.03210988	1.769943	0.1049362	0.1601958	1.517632	-0.3471584	0.1742676	1.837218	-0.07591462	-0.3573869	1.638792	-0.2466268	-0.348762	1.749816	-0.04849853	-0.6442637	1.740475	-0.1451344	-0.651094	1.805324	

0.1110046	-0.1101392	1.490799	-0.3528402	-0.1444673	1.890221	0.09442019	-0.2365245	1.515257	-0.3603931	-0.2238123	1.884033	0.0518471	-0.174707	1.48273	-0.3457873	-0.1653529	1.92447	-0.2435633	0.6367992	1.593025	-0.1843305	0.5339927	1.615034	-0.1756965	0.4629299	1.640857	-0.1481599	0.2405134	1.709331	-0.108659	-0.06946402	1.790591	-0.04234348	0.4023151	1.546605	-0.3147107	0.3639202	1.722818	-0.04511388	-0.06614283	1.716357	-0.1674233	-0.06980746	1.788528	0.1110715	0.1323295	1.526495	-0.3357162	0.09295704	1.858892	-0.08256197	-0.3770016	1.633908	-0.2557406	-0.3709981	1.748356	-0.04856099	-0.6489416	1.740304	-0.148296	-0.6530463	1.804544	

0.1686271	-0.2378597	1.527295	-0.3361245	-0.2901717	1.930465	0.1480112	-0.3868291	1.55896	-0.3686334	-0.2885535	1.914574	0.108527	-0.3170885	1.522658	-0.3560333	-0.2719071	1.911	-0.2443388	0.4523238	1.621824	-0.182712	0.3590887	1.644155	-0.1714536	0.29183	1.672901	-0.1357083	0.08337041	1.749513	-0.08558045	-0.2032327	1.840433	-0.04373467	0.2372993	1.580646	-0.3098987	0.2212122	1.762643	-0.02156616	-0.1951068	1.767798	-0.1459288	-0.2029722	1.837123	0.1376762	0.001641236	1.55958	-0.3109232	-0.05317931	1.907858	-0.1405523	-0.4675857	1.628426	-0.3040372	-0.4632477	1.731617	-0.06685363	-0.7141047	1.724113	-0.1552474	-0.6616478	1.799677	

0.1703647	-0.2427884	1.528476	-0.3378001	-0.2953488	1.931005	0.1518912	-0.4011766	1.554941	-0.3537726	-0.2793137	1.904598	0.1124015	-0.3433734	1.5208	-0.346141	-0.2721763	1.887277	-0.2427865	0.442877	1.623972	-0.180711	0.3499985	1.645903	-0.1695398	0.2824938	1.677339	-0.1337962	0.07100086	1.767178	-0.08455844	-0.2191069	1.890608	-0.04178894	0.228941	1.582707	-0.3086965	0.2146671	1.764462	-0.02065727	-0.2139329	1.817627	-0.1449383	-0.2154917	1.887688	0.1389424	-0.00332564	1.559887	-0.3091316	-0.05870181	1.909197	-0.1373854	-0.4599163	1.622841	-0.2996659	-0.4558688	1.723179	-0.06427315	-0.7071037	1.717556	-0.1563424	-0.6653668	1.798209	

0.1895892	-0.3288074	1.549166	-0.3493282	-0.3537022	1.939952	0.1629772	-0.4602833	1.564406	-0.3746522	-0.4250127	1.94866	0.1231808	-0.3906304	1.541511	-0.3669667	-0.416943	1.93152	-0.2098861	0.3653976	1.663263	-0.1499368	0.2796119	1.688815	-0.1378217	0.2117131	1.722139	-0.09971849	0.002117827	1.812135	-0.04678652	-0.2846494	1.920676	-0.006044319	0.1656064	1.617128	-0.2817634	0.1352162	1.810941	0.01546221	-0.2732924	1.852734	-0.1070891	-0.2847953	1.912986	0.1671191	-0.08912187	1.580945	-0.2889641	-0.1227039	1.926427	-0.137038	-0.3495919	1.551127	-0.268925	-0.3386461	1.612351	-0.05368491	-0.6655228	1.729868	-0.1559186	-0.6672404	1.79747	

0.1906856	-0.3352185	1.548916	-0.348597	-0.3541924	1.941741	0.1707318	-0.4712022	1.572472	-0.3739266	-0.4255015	1.950449	0.1301986	-0.3925452	1.543758	-0.3668239	-0.4170399	1.931875	-0.2074759	0.3656663	1.664915	-0.1486892	0.2785859	1.689979	-0.1366006	0.210605	1.72321	-0.09855911	0.0007463656	1.812949	-0.04566289	-0.2864569	1.921169	-0.005140596	0.1647038	1.618187	-0.2797713	0.1330502	1.811306	0.0167417	-0.2750114	1.853099	-0.1061532	-0.2866444	1.91362	0.1711937	-0.09556586	1.58365	-0.2877435	-0.1233841	1.927767	-0.1368613	-0.3490282	1.551451	-0.2688079	-0.337891	1.612938	-0.05370126	-0.6686543	1.729899	-0.1599309	-0.6710842	1.79911	

0.2212459	-0.3609893	1.591359	-0.2753336	-0.3213876	1.714397	0.1928313	-0.4811512	1.603912	-0.2702428	-0.443505	1.745172	0.1527683	-0.4179866	1.583255	-0.3373247	-0.3204524	1.698224	-0.118462	0.3712912	1.745017	-0.06936166	0.2744117	1.763316	-0.06023715	0.2050254	1.789331	-0.03187532	-0.008989126	1.85733	0.007200888	-0.3019744	1.936459	0.07012676	0.1639868	1.682537	-0.2043096	0.1380096	1.865961	0.06945319	-0.2909267	1.870088	-0.05523818	-0.301236	1.927256	0.2184204	-0.1218234	1.635468	-0.2347637	-0.1236024	1.962709	-0.1060569	-0.3344211	1.574299	-0.2548894	-0.3239858	1.647374	-0.05416317	-0.6716061	1.731435	-0.1596941	-0.6711476	1.799699	

0.2551481	-0.358262	1.620934	-0.2718695	-0.3140208	1.724587	0.2139702	-0.480839	1.643775	-0.2762443	-0.430098	1.748302	0.1799814	-0.4057682	1.614952	-0.3375399	-0.3173003	1.703244	-0.05780213	0.3968509	1.788698	-0.01617269	0.2954042	1.805276	-0.01059126	0.2243425	1.826144	0.002147924	0.003472621	1.876279	0.01737207	-0.2990604	1.936846	0.1226917	0.1727146	1.710745	-0.1525284	0.1570552	1.900255	0.07801642	-0.2894347	1.869933	-0.04362542	-0.2967577	1.928275	0.2519745	-0.1186836	1.661345	-0.2095594	-0.1074689	1.979655	-0.09423494	-0.3321942	1.57186	-0.2583919	-0.31903	1.661048	-0.05325054	-0.6755686	1.731845	-0.1584595	-0.6699668	1.799481	

0.2607906	-0.3603773	1.62647	-0.2685996	-0.300352	1.734084	0.2358958	-0.4795514	1.654682	-0.2928837	-0.4105944	1.741227	0.1977866	-0.4167448	1.630616	-0.3413106	-0.304669	1.712765	-0.0220555	0.4143132	1.810246	0.007633425	0.3033092	1.819962	0.009021847	0.2313053	1.838493	0.01603769	0.00975889	1.885701	0.02572186	-0.2941533	1.940464	0.1399371	0.1760256	1.7212	-0.1380604	0.1684422	1.907542	0.08479305	-0.2869158	1.871993	-0.03396831	-0.2892106	1.93376	0.2631794	-0.1211377	1.669827	-0.198303	-0.1005176	1.992493	-0.08907797	-0.3319432	1.575283	-0.2739445	-0.3085852	1.691734	-0.0491448	-0.6732453	1.726841	-0.2023921	-0.6739295	1.760351	

0.2737201	-0.3575606	1.639595	-0.2654364	-0.2886634	1.744141	0.2476343	-0.4837681	1.66893	-0.3074355	-0.4092189	1.745205	0.2097398	-0.424508	1.643592	-0.3338175	-0.2911458	1.709074	0.0302699	0.4244339	1.834026	0.05507318	0.3148482	1.847177	0.05331556	0.2430616	1.864666	0.04035256	0.01884429	1.902267	0.03139871	-0.289259	1.945426	0.1786466	0.1804758	1.743254	-0.1014231	0.191912	1.934453	0.0898059	-0.2845649	1.876356	-0.02797663	-0.2818536	1.939115	0.2791155	-0.1185301	1.684319	-0.1784565	-0.07748799	1.987692	-0.08376508	-0.3302287	1.57953	-0.2687103	-0.3072311	1.698609	-0.04628827	-0.6740634	1.724498	-0.1975747	-0.6727651	1.766713	

0.2875583	-0.3548976	1.653419	-0.2349081	-0.2794639	1.76441	0.2441598	-0.4863972	1.677798	-0.2764506	-0.3998488	1.757608	0.2123435	-0.4198308	1.655167	-0.3211627	-0.2616695	1.70381	0.08893716	0.4239501	1.856141	0.1039099	0.3151997	1.872524	0.1002937	0.2441864	1.885719	0.08714695	0.02484433	1.915066	0.06469943	-0.2783565	1.944182	0.2279419	0.174894	1.767085	-0.06558207	0.1963167	1.956741	0.1303743	-0.2738981	1.878929	-0.002284547	-0.2718807	1.934538	0.304572	-0.1179815	1.708564	-0.174673	-0.06672598	1.999051	-0.05727684	-0.3175096	1.583562	-0.2537448	-0.2638261	1.704269	-0.04188963	-0.6668082	1.717852	-0.2088498	-0.6332044	1.774464	

0.2982174	-0.344096	1.664318	-0.3318493	-0.1851279	1.914805	0.2587651	-0.4893714	1.69063	-0.3795067	-0.2694059	1.890569	0.2234356	-0.4175829	1.6615	-0.3813674	-0.2414646	1.874	0.103627	0.4241206	1.861154	0.1172884	0.314516	1.87658	0.1120382	0.2437977	1.889151	0.0957443	0.02525826	1.917239	0.07260673	-0.2762018	1.944816	0.2410048	0.1708257	1.771167	-0.04993885	0.202341	1.967202	0.1356175	-0.2731576	1.879562	0.007579543	-0.2681389	1.934743	0.3137706	-0.1065841	1.716946	-0.1678052	-0.03264228	2.015164	-0.05109914	-0.3113406	1.578492	-0.27867	-0.1759486	1.790721	-0.04213529	-0.6617711	1.710842	-0.2213235	-0.5542319	1.790716	

0.3007994	-0.3471879	1.666556	-0.3701665	-0.1212464	1.909904	0.2630601	-0.4878094	1.688757	-0.3972175	-0.2485001	1.888896	0.2277585	-0.4220736	1.664588	-0.3890471	-0.2491625	1.874333	0.1118766	0.4241883	1.863778	0.1249288	0.3148608	1.879627	0.1201048	0.244059	1.891853	0.1048955	0.02538843	1.918746	0.0838322	-0.2756596	1.943912	0.246452	0.1704864	1.773041	-0.04734938	0.2027957	1.968488	0.1482328	-0.2727765	1.878327	0.01648955	-0.2676502	1.934014	0.3190898	-0.1098668	1.719151	-0.1675494	-0.03098688	2.015253	-0.04852794	-0.3087976	1.577019	-0.2312011	-0.189251	1.712555	-0.03954307	-0.6592681	1.709349	-0.2358788	-0.5651686	1.766748	

0.3073108	-0.3490581	1.669592	-0.3633409	-0.06197469	1.880452	0.2770069	-0.4927208	1.691974	-0.4302756	-0.1591513	1.863616	0.2136292	-0.344217	1.5915	-0.3267659	-0.1160505	1.754433	0.1282896	0.4240203	1.870241	0.1395711	0.3140091	1.885389	0.1306706	0.2433862	1.898683	0.1074617	0.02514366	1.930395	0.07000736	-0.2742725	1.973291	0.2571127	0.1681145	1.777124	-0.03878607	0.2026439	1.974296	0.1348863	-0.2773097	1.903651	0.00222936	-0.2598174	1.968484	0.3264337	-0.1116872	1.721445	-0.1707777	0.007198034	2.018948	-0.04606342	-0.3068318	1.576792	-0.2152638	-0.174611	1.715986	-0.03821535	-0.6581198	1.707339	-0.2104593	-0.5479414	1.79127	

0.3172328	-0.3409176	1.672791	-0.3869531	0.02061021	1.890606	0.2796372	-0.4930129	1.690522	-0.4346857	-0.08461259	1.83425	0.2443001	-0.4256934	1.662444	-0.3119837	-0.04353811	1.787722	0.1372284	0.4242615	1.874282	0.1475223	0.3144497	1.889812	0.140589	0.2440943	1.90326	0.1196935	0.02683704	1.933666	0.09294146	-0.2703434	1.966819	0.2642612	0.1677801	1.780402	-0.03750994	0.2031627	1.975687	0.1594434	-0.2706127	1.894063	0.02364758	-0.2589723	1.963825	0.336264	-0.1035873	1.725239	-0.1813416	0.01898929	2.027263	-0.04262805	-0.3050871	1.575499	-0.1959471	-0.1494227	1.723616	-0.03533629	-0.6570442	1.704549	-0.2093541	-0.5112863	1.806115	

0.3211363	-0.3416326	1.67244	-0.3900642	-0.004151312	1.895419	0.2823103	-0.4902428	1.685339	-0.4322584	-0.07788432	1.831718	0.2483426	-0.4226926	1.664921	-0.3114811	-0.04386008	1.788709	0.1417317	0.4244481	1.87688	0.1509944	0.3140524	1.891783	0.1443286	0.2437951	1.905171	0.1237136	0.02693482	1.935317	0.09580639	-0.270065	1.966962	0.2670628	0.1671533	1.781659	-0.03618023	0.2038979	1.977014	0.1615655	-0.2703048	1.89379	0.0269812	-0.2589422	1.964494	0.3392568	-0.1043343	1.725405	-0.1838057	0.0225982	2.028137	-0.03267441	-0.3517152	1.570115	-0.1938404	-0.1483169	1.726073	-0.03343363	-0.6681813	1.707488	-0.2086394	-0.5052958	1.808235	

0.3240896	-0.3423674	1.671359	-0.3913975	0.008308758	1.886157	0.2832021	-0.4891575	1.681726	-0.4299089	-0.04897899	1.824118	0.2203657	-0.3205761	1.5925	-0.3118624	-0.06596793	1.806889	0.1448823	0.4249529	1.878473	0.153491	0.3141662	1.892957	0.147115	0.2439892	1.906485	0.127182	0.02744953	1.937103	0.09934877	-0.2693303	1.968411	0.2706943	0.1675097	1.783893	-0.0352006	0.2043785	1.977901	0.1647763	-0.269592	1.895003	0.0304534	-0.258388	1.966113	0.3425235	-0.1052626	1.72528	-0.19072	0.02978519	2.028762	-0.03214816	-0.3516047	1.569888	-0.1918342	-0.1468515	1.729686	-0.03110469	-0.6684628	1.706146	-0.2120773	-0.4982854	1.810163	

0.3264102	-0.3387895	1.670143	-0.320372	0.03146148	1.926129	0.2814282	-0.488289	1.673493	-0.4280441	-0.01378146	1.821947	0.2550444	-0.4156477	1.653074	-0.3028837	-0.04199404	1.806565	0.1476194	0.4252778	1.881934	0.1575631	0.3144347	1.896043	0.1506628	0.2443182	1.909121	0.1292165	0.02790062	1.938614	0.09986908	-0.2690227	1.968652	0.2728181	0.1673893	1.785619	-0.02626533	0.2066477	1.990792	0.1649266	-0.2693993	1.895025	0.03152546	-0.2580274	1.966748	0.3452423	-0.1019909	1.725747	-0.1954594	0.03946449	2.026687	-0.03103487	-0.3517726	1.569443	-0.2545814	-0.0792198	1.880217	-0.02941825	-0.6690601	1.705032	-0.2103047	-0.4574556	1.822282	

0.3275107	-0.340079	1.668275	-0.3839338	0.003107837	1.872501	0.2835334	-0.4857652	1.670702	-0.4277737	-0.01238903	1.827243	0.2285212	-0.3185051	1.585125	-0.3047083	-0.05114021	1.803224	0.1492324	0.4255317	1.884105	0.159605	0.3146918	1.898105	0.1518902	0.2446311	1.909532	0.1306904	0.0294638	1.933401	0.09905526	-0.2623992	1.933222	0.27334	0.167417	1.786054	-0.0226702	0.2075561	1.994737	0.1624381	-0.256132	1.856655	0.03182263	-0.2576007	1.933038	0.3467682	-0.1035182	1.724948	-0.1963807	0.04452019	2.028939	-0.02942156	-0.3521326	1.568805	-0.2545788	-0.07825496	1.880977	-0.02822806	-0.6686865	1.704101	-0.2078683	-0.4563677	1.824363	

0.3298339	-0.3378335	1.666291	-0.3887876	0.0306104	1.879243	0.2838211	-0.487455	1.673909	-0.4246557	-0.03727514	1.83449	0.2332111	-0.3171817	1.597429	-0.3084858	-0.05099375	1.801883	0.14984	0.425629	1.886204	0.1619669	0.3148878	1.899924	0.1536146	0.2448317	1.910163	0.1314081	0.02961301	1.931808	0.09888424	-0.2627542	1.93285	0.2738936	0.1668151	1.786167	-0.025272	0.2059206	1.993713	0.1624115	-0.2563424	1.856508	0.0314492	-0.2582107	1.932488	0.3474524	-0.1016083	1.72534	-0.1966525	0.04299995	2.034992	-0.03313724	-0.3312019	1.563931	-0.2532403	-0.1171353	1.858743	-0.02741838	-0.6675953	1.702369	-0.1908655	-0.4890048	1.824233	

0.3295404	-0.3388071	1.666629	-0.3840028	0.01456659	1.91954	0.2758704	-0.4867638	1.682823	-0.4179918	-0.09233727	1.878089	0.2431106	-0.4124304	1.6618	-0.3855239	-0.08782209	1.852	0.1495375	0.4261045	1.888332	0.1627805	0.3146701	1.90081	0.1540045	0.2447778	1.9103	0.1307649	0.02982662	1.928991	0.09523083	-0.2629737	1.928643	0.2740151	0.1662945	1.786299	-0.02738089	0.2042026	1.994254	0.1591781	-0.2563491	1.852018	0.02771478	-0.2588066	1.929019	0.3477573	-0.1026707	1.725885	-0.1791081	0.03125361	2.056263	-0.03313745	-0.3308756	1.562748	-0.2603867	-0.124912	1.856617	-0.02726672	-0.667575	1.701223	-0.2067282	-0.5042121	1.846328	

0.3291172	-0.3386007	1.667012	-0.3593459	-0.04829516	1.910459	0.272637	-0.4938968	1.690479	-0.4205129	-0.09348222	1.890767	0.2420494	-0.415237	1.662754	-0.3313158	-0.09029326	1.797333	0.1488775	0.4260886	1.889319	0.1625722	0.3144267	1.901347	0.1539067	0.2446936	1.910361	0.1292906	0.02969671	1.926677	0.09252429	-0.263515	1.925637	0.2740818	0.1658335	1.786174	-0.02862033	0.2033052	1.994653	0.1568395	-0.2567113	1.849326	0.02476497	-0.2596305	1.9259	0.3474628	-0.1024523	1.72617	-0.1772833	0.0289681	2.059244	-0.03318403	-0.3295466	1.562351	-0.2639946	-0.1266938	1.856127	-0.02719007	-0.6667166	1.700894	-0.209753	-0.5058984	1.846225	

0.3294506	-0.3385249	1.667831	-0.3857831	-0.005280823	1.926615	0.278179	-0.4938166	1.694118	-0.420489	-0.0923496	1.891506	0.2413329	-0.4163292	1.663081	-0.373272	-0.08148122	1.869956	0.1480994	0.4264202	1.890213	0.1626326	0.3143762	1.901474	0.1539113	0.2446861	1.910356	0.1284393	0.02977533	1.925375	0.09044554	-0.2636486	1.924511	0.2737233	0.1637861	1.786437	-0.02921194	0.1968866	2.00823	0.1538189	-0.2567862	1.847699	0.02351206	-0.2598375	1.925242	0.3472645	-0.1022245	1.726404	-0.1821306	0.02199176	2.063478	-0.03326594	-0.3290554	1.562343	-0.265789	-0.1280691	1.855982	-0.02719752	-0.6664367	1.700882	-0.2112299	-0.5072189	1.846174	

0.3292601	-0.3382242	1.66812	-0.387166	0.02965546	1.929254	0.2745842	-0.4899468	1.682524	-0.4242789	-0.05530377	1.904634	0.2431954	-0.4150743	1.662478	-0.3730936	-0.05093805	1.891778	0.1465427	0.4261461	1.89059	0.1624622	0.3141849	1.901565	0.1537464	0.2445445	1.910242	0.1275622	0.02969723	1.923756	0.08943443	-0.2637019	1.923022	0.2727786	0.1626617	1.78594	-0.03049605	0.197729	2.005393	0.1529753	-0.2567845	1.845813	0.02243188	-0.2599804	1.924175	0.3470771	-0.1018563	1.726362	-0.1808189	0.0222661	2.064425	-0.0355825	-0.3277371	1.56188	-0.2671272	-0.1285205	1.856417	-0.02818807	-0.663516	1.698375	-0.2094969	-0.5072432	1.845602	

0.3291435	-0.3379947	1.668212	-0.3852137	0.02855069	1.92831	0.2749788	-0.4921241	1.682726	-0.425822	-0.05366312	1.911558	0.2435804	-0.4136496	1.662096	-0.3731794	-0.0512442	1.891994	0.1451483	0.4258343	1.890648	0.162311	0.3140645	1.901515	0.1535014	0.2444116	1.910009	0.1266412	0.02960966	1.922797	0.08810671	-0.2638886	1.922588	0.2718765	0.1612595	1.785118	-0.03148997	0.1982387	2.004133	0.151706	-0.257052	1.845224	0.02110645	-0.2601218	1.923943	0.3465376	-0.1015253	1.726085	-0.1803995	0.02293297	2.066082	-0.03820365	-0.3272887	1.560815	-0.2706881	-0.1336112	1.858031	-0.02958377	-0.662323	1.696123	-0.2100549	-0.5118503	1.845938	

0.3289781	-0.3381186	1.668081	-0.3856405	0.02970714	1.927752	0.2736073	-0.4914631	1.679727	-0.4331376	-0.07910921	1.906949	0.2417171	-0.4180867	1.658721	-0.3901853	-0.08084482	1.868	0.1438312	0.4252813	1.890378	0.16189	0.3135927	1.901061	0.1528994	0.2439115	1.909194	0.125183	0.02917042	1.921131	0.08591729	-0.2643725	1.921454	0.2709525	0.1603169	1.784345	-0.03099713	0.1971046	2.007421	0.1486513	-0.2576539	1.843606	0.01973829	-0.2605082	1.923268	0.3455974	-0.1015417	1.725647	-0.1814817	0.02179643	2.066443	-0.03915456	-0.3265601	1.56059	-0.271852	-0.133321	1.858605	-0.02948499	-0.6622753	1.695993	-0.2105783	-0.5114625	1.846483	

0.3286797	-0.3379513	1.668003	-0.3867419	0.02831069	1.928729	0.2756391	-0.4925736	1.683771	-0.4348881	-0.0771963	1.905813	0.2427515	-0.413842	1.661636	-0.3914339	-0.08150186	1.8675	0.142516	0.424912	1.890093	0.1615819	0.3134426	1.900754	0.1526494	0.2437745	1.90866	0.1251798	0.02908976	1.920114	0.08638648	-0.2645575	1.920676	0.2703293	0.1598265	1.784126	-0.03110744	0.1970869	2.007378	0.1492663	-0.2575545	1.84263	0.02011793	-0.2609584	1.922652	0.3453036	-0.101317	1.725279	-0.1819102	0.02207133	2.06643	-0.03919878	-0.3267308	1.560511	-0.271528	-0.1336506	1.859186	-0.02844665	-0.6632937	1.695624	-0.2131926	-0.5122446	1.843984	

0.328548	-0.3386944	1.66774	-0.3872729	0.02862009	1.928701	0.2724093	-0.4919904	1.681502	-0.4340786	-0.07621168	1.906615	0.2424643	-0.4204584	1.658196	-0.3893588	-0.07956246	1.869366	0.1413327	0.4246863	1.889605	0.1612932	0.3134525	1.9003	0.1516634	0.2437905	1.908336	0.1168416	0.02903974	1.922761	0.05404998	-0.266037	1.938818	0.2697314	0.1594053	1.783816	-0.03109343	0.196198	2.009239	0.1156462	-0.2650472	1.860091	-0.01045785	-0.2568084	1.942201	0.3450197	-0.101996	1.724705	-0.1826832	0.02116328	2.066718	-0.0417756	-0.3281012	1.556963	-0.2949633	-0.1223571	1.852339	-0.02833454	-0.6633785	1.695854	-0.2370992	-0.5011525	1.83655	

0.3284924	-0.339417	1.667616	-0.3857931	-0.04557467	1.944099	0.2732191	-0.4914373	1.680797	-0.4187183	-0.1352866	1.906211	0.2420353	-0.4179143	1.661535	-0.3391569	-0.1115675	1.812286	0.1402191	0.4240464	1.888686	0.1603288	0.312687	1.899138	0.1511795	0.2431931	1.908187	0.1183435	0.02675861	1.927309	0.07863579	-0.2738383	1.959922	0.2688341	0.1586632	1.783322	-0.03100134	0.1962222	2.010962	0.1384204	-0.2735914	1.880145	0.01605936	-0.2635779	1.964309	0.3445512	-0.1026555	1.724353	-0.1829199	0.02081833	2.066974	-0.04304203	-0.3294881	1.558994	-0.2678133	-0.135888	1.85489	-0.02857229	-0.6412573	1.688692	-0.2100251	-0.5145559	1.839835	

0.3278414	-0.3444195	1.666972	-0.3879308	-0.04672812	1.941901	0.274935	-0.4942098	1.686499	-0.4200454	-0.1379585	1.905023	0.2424096	-0.4151616	1.660796	-0.3413565	-0.1107008	1.814028	0.1397108	0.4231683	1.887778	0.158886	0.3118104	1.898536	0.1504988	0.2425148	1.908317	0.1204147	0.0257076	1.930587	0.08541261	-0.2732785	1.962748	0.2681205	0.1596938	1.783209	-0.02948684	0.1967191	2.009496	0.1463951	-0.2726693	1.883422	0.02139404	-0.2633469	1.966585	0.3439624	-0.1073811	1.72202	-0.1857228	0.02415366	2.06322	-0.03101367	-0.3027176	1.566909	-0.1963592	-0.1628356	1.720235	-0.009966888	-0.624845	1.696091	-0.204516	-0.5275745	1.818832	

0.3277311	-0.3458598	1.666879	-0.3830591	-0.05324633	1.937909	0.2763233	-0.4942026	1.689064	-0.4211518	-0.1427293	1.90825	0.2444847	-0.4160591	1.665306	-0.3402854	-0.1115539	1.811474	0.1391361	0.4225359	1.886965	0.1578327	0.3112365	1.897955	0.1502155	0.2420236	1.908365	0.1244761	0.02404992	1.933771	0.09932459	-0.2754966	1.967285	0.2674094	0.1601111	1.783257	-0.02899101	0.1966044	2.008739	0.1608561	-0.2739754	1.890339	0.034396	-0.2663791	1.968927	0.343836	-0.1087568	1.721521	-0.1856382	0.02469654	2.063106	-0.03053802	-0.3019819	1.567093	-0.1890042	-0.1664501	1.727935	-0.02161649	-0.6540277	1.695942	-0.19742	-0.5306	1.82815	

0.3273855	-0.3470115	1.667611	-0.3892069	-0.01614886	1.929919	0.2814846	-0.4947761	1.691531	-0.4270598	-0.1165681	1.893464	0.2455337	-0.4167104	1.664427	-0.3838617	-0.09827548	1.8688	0.1387874	0.4222193	1.886339	0.1569919	0.3108362	1.897368	0.1499676	0.2415117	1.908608	0.1284513	0.02156455	1.94056	0.108673	-0.2800252	1.982619	0.2669549	0.1606097	1.783067	-0.02948951	0.1969983	2.007468	0.1671383	-0.2797403	1.904525	0.04661467	-0.2694817	1.985348	0.3436761	-0.1097604	1.721313	-0.1854714	0.02492762	2.062848	-0.03152202	-0.3022023	1.566537	-0.1745678	-0.1727995	1.740494	-0.02178735	-0.6544828	1.694775	-0.1831718	-0.5363605	1.842193	

0.3272272	-0.3487535	1.668794	-0.3895479	-0.01640692	1.930458	0.2810573	-0.4947075	1.690594	-0.428536	-0.1181068	1.897013	0.245217	-0.4182249	1.66485	-0.3540499	-0.1054207	1.8235	0.1384158	0.4218495	1.885763	0.1563459	0.3105038	1.896929	0.1484769	0.2408704	1.908984	0.1203074	0.02135387	1.945001	0.06975431	-0.2768045	1.992233	0.2664455	0.1608959	1.782912	-0.02975439	0.1973207	2.006475	0.1313508	-0.2813696	1.913594	0.004746846	-0.2612451	1.99539	0.3435096	-0.1112436	1.720925	-0.1854782	0.02534621	2.062599	-0.03065959	-0.3002499	1.56755	-0.1872582	-0.1667652	1.72399	-0.02364031	-0.653918	1.69265	-0.1954533	-0.5302565	1.826233	

0.3273037	-0.3493144	1.669845	-0.39048	-0.01677654	1.930575	0.2834817	-0.4951953	1.692582	-0.4289669	-0.1163682	1.893989	0.2486911	-0.4210834	1.670238	-0.3838143	-0.1018679	1.867842	0.1377452	0.4216411	1.885201	0.1550992	0.3102202	1.896446	0.1467665	0.2404454	1.909336	0.1176944	0.02155472	1.946647	0.06963637	-0.2766371	1.992442	0.2660143	0.1612283	1.782881	-0.02997739	0.1975903	2.005929	0.131228	-0.2812484	1.913833	0.004710258	-0.2611045	1.995523	0.3434082	-0.1116567	1.721124	-0.1859948	0.0257427	2.061746	-0.03024384	-0.2995158	1.567778	-0.1873161	-0.166796	1.724077	-0.02416256	-0.6536648	1.691762	-0.1953611	-0.5301893	1.826625	

0.3272951	-0.3497747	1.669811	-0.3902849	-0.0171938	1.931021	0.2866572	-0.4930299	1.692409	-0.4279712	-0.1204317	1.891318	0.250483	-0.4170707	1.668674	-0.3843179	-0.1004723	1.872133	0.1371894	0.4214301	1.884926	0.1538725	0.3097779	1.896044	0.146054	0.2400186	1.909293	0.1179288	0.02141937	1.946448	0.08027261	-0.27733	1.986345	0.2656794	0.1613025	1.782778	-0.02939101	0.1975246	2.005071	0.1405149	-0.2802393	1.909395	0.01741035	-0.2640918	1.987052	0.3433392	-0.1121369	1.721211	-0.1856575	0.02623808	2.061629	-0.02961055	-0.2983595	1.568026	-0.1868308	-0.1676178	1.726434	-0.02480573	-0.6530135	1.690841	-0.1950814	-0.5308387	1.829437	

0.3276581	-0.3499059	1.66991	-0.3901483	-0.01750635	1.930934	0.2851804	-0.4936777	1.688295	-0.4278826	-0.1195401	1.89074	0.2516287	-0.4162794	1.666008	-0.3839966	-0.1014419	1.868909	0.1366181	0.4212389	1.884771	0.1533964	0.3095658	1.895826	0.1457411	0.239801	1.909257	0.1181055	0.02137273	1.946251	0.0823259	-0.2771473	1.984673	0.2651172	0.1617308	1.782992	-0.02923905	0.1976026	2.005057	0.1427398	-0.2795911	1.907299	0.0191015	-0.2642481	1.985904	0.3433229	-0.1122301	1.721204	-0.1856564	0.02644062	2.061587	-0.02941524	-0.297526	1.568808	-0.1868079	-0.1678376	1.726714	-0.02493296	-0.6525981	1.690615	-0.195027	-0.5309024	1.830173	

0.3278326	-0.3499595	1.669924	-0.3904524	-0.0170857	1.931453	0.2845789	-0.4915693	1.686397	-0.4290862	-0.1196307	1.894079	0.2485173	-0.4194697	1.664673	-0.384183	-0.1025125	1.867406	0.1359589	0.421133	1.884653	0.1528485	0.3094249	1.895626	0.145108	0.2395816	1.909385	0.11776	0.02132453	1.946589	0.08179485	-0.2770859	1.985572	0.2647372	0.1619397	1.783048	-0.02947365	0.1977255	2.004863	0.1422779	-0.2796398	1.908174	0.01844096	-0.2640509	1.986969	0.3432629	-0.1122678	1.721198	-0.1855198	0.02629596	2.061557	-0.02926753	-0.2968836	1.569233	-0.1867718	-0.1680328	1.727015	-0.02440958	-0.6517303	1.691612	-0.1950144	-0.5312406	1.830039	

0.3280454	-0.3502898	1.669813	-0.389639	-0.01769563	1.93097	0.2861561	-0.4931462	1.686688	-0.4265196	-0.1190732	1.892389	0.2502652	-0.4195373	1.663495	-0.3818802	-0.1030921	1.865608	0.1354973	0.4210881	1.884619	0.1523613	0.3092805	1.895457	0.1441838	0.2393753	1.909598	0.1155631	0.02156375	1.947774	0.07551072	-0.2756636	1.989307	0.2649316	0.1622424	1.783133	-0.02971216	0.1977428	2.004647	0.137053	-0.2792227	1.911024	0.01103202	-0.2614235	1.991927	0.3433851	-0.1125978	1.721101	-0.1853114	0.02617656	2.061932	-0.02933017	-0.2968341	1.56914	-0.1874745	-0.167913	1.725351	-0.02501923	-0.6519622	1.690832	-0.1955006	-0.5311045	1.828456	

0.3282499	-0.3502836	1.669708	-0.3889543	-0.01801626	1.930504	0.2843437	-0.4941332	1.686888	-0.4275945	-0.1143698	1.892829	0.2481348	-0.4221728	1.661427	-0.3825584	-0.107734	1.858357	0.135248	0.421058	1.884555	0.1520807	0.3092606	1.895419	0.1440535	0.2393322	1.909608	0.1159724	0.02152697	1.947442	0.07962908	-0.2760698	1.986222	0.2647089	0.1626108	1.783174	-0.0296063	0.1975693	2.004659	0.1404642	-0.2787863	1.908477	0.01598283	-0.2629111	1.988111	0.3433868	-0.1125943	1.721079	-0.1849235	0.02577192	2.062003	-0.0305234	-0.2975542	1.568835	-0.1876124	-0.1680295	1.726323	-0.02531585	-0.6525322	1.690854	-0.1951435	-0.5310925	1.829839	

0.3284213	-0.3507323	1.669567	-0.3891845	-0.01885347	1.931582	0.2837424	-0.4965726	1.686587	-0.4268553	-0.1213391	1.892781	0.2501325	-0.4210557	1.662537	-0.3803374	-0.1104984	1.861613	0.134924	0.420949	1.88456	0.1519835	0.309248	1.895491	0.1440214	0.2393065	1.909669	0.1166091	0.021549	1.94707	0.08259068	-0.2760348	1.983766	0.2644407	0.1630113	1.783021	-0.02983122	0.1976017	2.004358	0.1435651	-0.2781465	1.905518	0.01869632	-0.2633844	1.986132	0.3434229	-0.1129919	1.720654	-0.1844888	0.02526273	2.061832	-0.03059314	-0.2974678	1.568757	-0.1877456	-0.1687096	1.726737	-0.02556915	-0.6523126	1.691118	-0.19491	-0.5317003	1.83047	

0.3284118	-0.3514482	1.669507	-0.2642598	-0.002455707	2.003521	0.2836552	-0.4944429	1.682355	-0.4125612	-0.09466533	1.900106	0.2482083	-0.4210927	1.662485	-0.2824717	-0.01523031	1.904727	0.1348939	0.4208827	1.884493	0.1518434	0.309222	1.895514	0.1440291	0.2392866	1.909654	0.1199019	0.02154271	1.944622	0.09521361	-0.2761039	1.974112	0.2638364	0.1628422	1.783086	-0.02986388	0.1976791	2.004196	0.156372	-0.2759897	1.895544	0.03072139	-0.265575	1.976808	0.34352	-0.113677	1.720342	-0.1839306	0.02496242	2.062014	-0.03038711	-0.2971128	1.568897	-0.1876834	-0.1696447	1.729027	-0.02555718	-0.6519868	1.691202	-0.194052	-0.532477	1.83324	

0.3287176	-0.3514384	1.66942	-0.3883339	-0.01827426	1.932221	0.2839414	-0.4965681	1.687971	-0.4265903	-0.1196238	1.892272	0.2512984	-0.4175001	1.664327	-0.3802179	-0.1096779	1.863556	0.1349078	0.4208161	1.884493	0.1517987	0.3091832	1.895569	0.1445916	0.2389877	1.910259	0.1291675	0.01964338	1.950059	0.1226131	-0.2823952	1.99702	0.2637915	0.1627961	1.783026	-0.02988981	0.1976973	2.00414	0.1785359	-0.2823546	1.918377	0.06275211	-0.2717592	2.000116	0.3435526	-0.1136701	1.720361	-0.1831858	0.02440803	2.062222	-0.03077387	-0.2974079	1.568933	-0.1697494	-0.1774922	1.745949	-0.02583701	-0.6520593	1.69178	-0.1760126	-0.5400539	1.85061	

0.3288475	-0.3516573	1.669463	-0.3866481	-0.02176502	1.930681	0.2896605	-0.4934239	1.687825	-0.4270901	-0.1223771	1.891834	0.2524129	-0.416758	1.666675	-0.3509741	-0.1026145	1.8178	0.1349558	0.4206188	1.884482	0.1516796	0.3090245	1.895656	0.144666	0.2387657	1.910455	0.129265	0.01958231	1.950084	0.1194047	-0.2818171	1.995049	0.2635957	0.1626426	1.783066	-0.02993619	0.1977048	2.003959	0.1766642	-0.2820696	1.917154	0.05764357	-0.2707782	1.997101	0.3436302	-0.1138666	1.720275	-0.1831299	0.02439051	2.062184	-0.03101715	-0.2971995	1.568803	-0.1697958	-0.177621	1.745866	-0.02631667	-0.6519697	1.691368	-0.1756799	-0.5403726	1.849991	

