0.2785523	0.03285734	1.581673	-0.2888575	0.003297289	1.560987	0.2560976	-0.08404409	1.57849	-0.252816	-0.1010516	1.548954	0.2817821	-0.001596726	1.549291	-0.2477722	-0.01899135	1.522947	-0.03496975	0.8117275	1.583846	-0.03800665	0.6894229	1.601094	-0.03325872	0.6152477	1.614754	-0.01846542	0.3831998	1.647534	0.002218847	0.05949162	1.68076	0.1331368	0.5405235	1.594057	-0.1880116	0.5199109	1.560774	0.07545718	0.06160393	1.64761	-0.07117397	0.05468763	1.637323	0.2368124	0.2707069	1.626765	-0.2705129	0.2460282	1.588391	0.114579	-0.3104245	1.698509	-0.07132577	-0.3084958	1.688922	0.1204591	-0.6181777	1.757443	-0.04048443	-0.6364183	1.764249	

0.2787513	0.03256894	1.581246	-0.2888686	0.003325686	1.560955	0.2557837	-0.0833254	1.573825	-0.2543243	-0.09950171	1.54757	0.2948272	-0.00619156	1.574091	-0.2475246	-0.01990422	1.519403	-0.03484104	0.8117429	1.583713	-0.03730153	0.6891818	1.600148	-0.03263028	0.6150205	1.613954	-0.01805039	0.3830279	1.647119	0.002394232	0.05940514	1.680719	0.1331578	0.5401652	1.594162	-0.1878713	0.5199285	1.560551	0.07564829	0.06152647	1.647571	-0.07101815	0.05459457	1.637282	0.237103	0.2704238	1.626407	-0.2704188	0.2460542	1.588262	0.1145978	-0.3107567	1.698397	-0.07107528	-0.3081512	1.688687	0.1205882	-0.6183033	1.75746	-0.04047681	-0.636396	1.764286	

0.2788694	0.03232695	1.581062	-0.2887497	0.003223528	1.560527	0.2551951	-0.08375228	1.572966	-0.2541518	-0.09915695	1.548471	0.294612	-0.00608125	1.573067	-0.2487729	-0.006012426	1.526952	-0.03476088	0.81173	1.58371	-0.03730073	0.6892089	1.600109	-0.03262144	0.6150472	1.613908	-0.01801039	0.3830558	1.647058	0.002472787	0.05943301	1.680683	0.1338693	0.5404629	1.592938	-0.1878211	0.5199398	1.560429	0.07573007	0.06153701	1.647547	-0.07094263	0.05464037	1.637235	0.23742	0.2702342	1.626105	-0.2703486	0.2459517	1.587907	0.114654	-0.3107167	1.698388	-0.07107567	-0.3080779	1.688678	0.120349	-0.6186329	1.757671	-0.04051131	-0.6364685	1.764256	

0.279299	0.03153859	1.580839	-0.2888064	0.002334723	1.560348	0.2546958	-0.08358734	1.56987	-0.2528408	-0.09858347	1.546724	0.2875283	-0.0306703	1.572714	-0.2470086	-0.01582828	1.52412	-0.03449763	0.8117988	1.583736	-0.03729978	0.6892762	1.600098	-0.03261655	0.6150886	1.613887	-0.01798986	0.3830564	1.646996	0.002530292	0.05932887	1.680552	0.1339294	0.5398703	1.593265	-0.1877225	0.5199374	1.560302	0.07579239	0.06141603	1.647416	-0.07089154	0.05455576	1.637109	0.237536	0.2695089	1.625023	-0.2695441	0.2450255	1.58711	0.1147079	-0.3107678	1.698336	-0.07109247	-0.3084306	1.688575	0.1204487	-0.6189173	1.757598	-0.04048857	-0.6364867	1.764237	

0.2794236	0.02975226	1.575716	-0.2841435	0.001755885	1.555759	0.253454	-0.08592907	1.568881	-0.2490577	-0.09759653	1.541943	0.2868527	-0.01007288	1.571546	-0.2405114	-0.02290436	1.517613	-0.03178031	0.813159	1.585057	-0.03498215	0.6909626	1.599879	-0.03061344	0.6163245	1.613491	-0.01681368	0.3832878	1.64637	0.002988037	0.05880023	1.679988	0.1366428	0.5389512	1.590632	-0.1861199	0.520327	1.559002	0.07630005	0.06073219	1.646723	-0.07049319	0.05417866	1.636659	0.2388624	0.2678342	1.620664	-0.2672035	0.2445317	1.584299	0.1147195	-0.3104807	1.69801	-0.0710268	-0.3086154	1.688	0.1202371	-0.6188841	1.75765	-0.04045012	-0.6369732	1.76415	

0.2794164	0.02970269	1.575225	-0.2834833	0.001769888	1.55495	0.2555001	-0.08293261	1.566947	-0.2504778	-0.09574719	1.539327	0.2851306	-0.01868244	1.568611	-0.2417878	-0.01645678	1.513189	-0.03165434	0.8132467	1.585268	-0.03466422	0.6910949	1.599954	-0.03030288	0.6164413	1.613543	-0.01654648	0.3833346	1.646353	0.003163737	0.05874374	1.679933	0.1368892	0.5393451	1.589883	-0.1860086	0.5202787	1.558934	0.07650234	0.06066205	1.646659	-0.07035016	0.05413746	1.636616	0.2389848	0.2677718	1.620425	-0.2669702	0.2445402	1.584048	0.1146403	-0.3100789	1.697843	-0.07098101	-0.3088786	1.687961	0.1203078	-0.6188107	1.757609	-0.0404172	-0.6369007	1.764127	

0.2794845	0.02979399	1.574709	-0.2832322	0.001750791	1.554615	0.2553038	-0.08287264	1.565773	-0.2503034	-0.09530942	1.537728	0.2599632	-0.02248005	1.6045	-0.2424625	-0.01741858	1.516139	-0.0314212	0.8134593	1.585504	-0.03458402	0.6911138	1.599949	-0.03022373	0.6164617	1.613528	-0.0164752	0.3833467	1.646304	0.003197747	0.05872365	1.679858	0.1367149	0.5390605	1.590437	-0.1859245	0.5203102	1.558848	0.07652614	0.06061523	1.646515	-0.07031351	0.05413433	1.636585	0.239018	0.2678301	1.620103	-0.2668865	0.2445227	1.583874	0.1146866	-0.3101182	1.697819	-0.0707688	-0.3083707	1.687569	0.1203559	-0.618735	1.757517	-0.04042315	-0.6368868	1.764116	

0.2795194	0.02978721	1.574655	-0.2829883	0.001406381	1.554531	0.2543813	-0.08723544	1.570474	-0.2463635	-0.09773142	1.542647	0.2907947	-0.02122696	1.569461	-0.241066	-0.002759395	1.526262	-0.03083559	0.8137527	1.585856	-0.03451873	0.6912249	1.600053	-0.03014645	0.6165767	1.613599	-0.0163587	0.383473	1.646284	0.003363941	0.05885728	1.679712	0.1370895	0.5397437	1.589802	-0.1858505	0.5203695	1.558818	0.07667793	0.06072735	1.646331	-0.07013617	0.05428727	1.63648	0.2390569	0.2678265	1.620037	-0.2665035	0.2441651	1.583808	0.1146246	-0.3100304	1.697735	-0.07073938	-0.3082439	1.687448	0.120355	-0.6187622	1.757497	-0.04056078	-0.6364333	1.764159	

0.2795341	0.02966207	1.574641	-0.2825991	0.001138656	1.55462	0.2535684	-0.08614913	1.566885	-0.244719	-0.0975523	1.541165	0.2896668	-0.0214244	1.57091	-0.2399176	-0.01299599	1.521537	-0.03055224	0.8138911	1.586032	-0.03449712	0.691271	1.600208	-0.03012153	0.6166124	1.613715	-0.01633982	0.3834765	1.646312	0.003375005	0.05883172	1.67971	0.1374176	0.5398438	1.589637	-0.1855733	0.5204319	1.558693	0.07668538	0.06068284	1.64634	-0.07012197	0.05427364	1.636472	0.2390986	0.2677088	1.620005	-0.2660087	0.243908	1.583642	0.1146278	-0.3100415	1.697726	-0.07088497	-0.3077075	1.687124	0.1203398	-0.6182821	1.757523	-0.04060708	-0.6364405	1.764171	

0.2794691	0.0297598	1.574662	-0.2817513	0.001119281	1.554668	0.2545476	-0.08317162	1.567992	-0.246378	-0.09542979	1.539465	0.3025794	0.04079293	1.583333	-0.2372236	-0.02109975	1.516344	-0.03024586	0.8141202	1.586203	-0.03408331	0.6914384	1.600262	-0.02973901	0.6167897	1.613743	-0.01606371	0.3836487	1.646264	0.00348872	0.05895027	1.679623	0.137675	0.5404076	1.589179	-0.1854726	0.5204911	1.558667	0.07678197	0.06079529	1.646254	-0.06999565	0.05439395	1.636391	0.2390577	0.2678199	1.619974	-0.2657285	0.2439446	1.583534	0.114618	-0.3100397	1.697732	-0.07091632	-0.3077391	1.687104	0.1203429	-0.6182734	1.757509	-0.04064103	-0.6363716	1.764186	

0.2793897	0.02968223	1.574633	-0.2809637	0.0008554911	1.554838	0.2536517	-0.08599193	1.570091	-0.2452961	-0.0955164	1.538066	0.286357	-0.02154108	1.568539	-0.2359827	-0.02406907	1.514226	-0.03016729	0.8142122	1.586338	-0.03395513	0.6913924	1.600291	-0.02964034	0.6167614	1.613759	-0.01603193	0.3836459	1.646255	0.00347598	0.05895444	1.679601	0.1378649	0.5406662	1.588982	-0.1853859	0.5205312	1.558646	0.07676917	0.06078847	1.646246	-0.07000837	0.0544191	1.636343	0.2390714	0.267765	1.61991	-0.2654503	0.2437322	1.583508	0.1146162	-0.3100283	1.697684	-0.07099231	-0.3078591	1.687071	0.1204806	-0.6179881	1.757367	-0.04071378	-0.6358179	1.764017	

0.2792964	0.02964742	1.574648	-0.280166	0.0008199474	1.555033	0.2535414	-0.08664813	1.571725	-0.2441005	-0.09506255	1.539401	0.2922209	0.02126219	1.576778	-0.2350671	-0.02115778	1.516426	-0.03002348	0.8142885	1.586474	-0.03392417	0.6914291	1.600306	-0.02960509	0.6167951	1.613767	-0.01598593	0.3836644	1.646238	0.003525517	0.05893559	1.679552	0.1380958	0.5407617	1.588824	-0.1852734	0.5205613	1.558623	0.07680822	0.06077169	1.646216	-0.06995071	0.05440028	1.636275	0.2390364	0.2677357	1.619964	-0.2652624	0.2437565	1.583491	0.1146501	-0.3099379	1.697612	-0.07080279	-0.3076817	1.686957	0.1207035	-0.6177155	1.757231	-0.0406845	-0.6356777	1.763993	

0.2792811	0.02919955	1.5746	-0.279215	0.0004385524	1.555481	0.2510554	-0.08695284	1.570831	-0.2434616	-0.09597383	1.542342	0.2910024	0.004698823	1.57275	-0.2329765	-0.01335738	1.528676	-0.02992746	0.8143184	1.586548	-0.03349806	0.6912305	1.599938	-0.0292472	0.616647	1.613477	-0.01580657	0.3836107	1.646115	0.003539038	0.05893247	1.67955	0.1382691	0.5408328	1.588765	-0.1851349	0.5202281	1.559366	0.07682677	0.06076622	1.646222	-0.06993882	0.05439875	1.636267	0.2391047	0.267288	1.620003	-0.2645446	0.2434063	1.583707	0.1146592	-0.3099415	1.697605	-0.07079908	-0.3076856	1.686964	0.1208017	-0.6179372	1.757125	-0.04067566	-0.6355528	1.764022	

0.2792465	0.02923184	1.574742	-0.2783867	0.0005131182	1.556063	0.2515903	-0.08661512	1.570833	-0.243329	-0.09875884	1.547396	0.2881397	-0.01577184	1.567421	-0.2344583	-0.01433177	1.530778	-0.02976321	0.8143884	1.586672	-0.03329742	0.6913646	1.600073	-0.02907809	0.6167625	1.613589	-0.01573425	0.3836637	1.646165	0.003535252	0.05893542	1.679561	0.1376566	0.5400555	1.590127	-0.1851292	0.5202308	1.559379	0.07682224	0.0607659	1.646229	-0.06994113	0.05440769	1.63629	0.2390142	0.2673126	1.620134	-0.2641996	0.243546	1.583837	0.1145786	-0.3100536	1.697691	-0.07081144	-0.3077573	1.687101	0.1208264	-0.6179951	1.757193	-0.04070871	-0.6357096	1.764111	

0.27922	0.02924587	1.57483	-0.2776867	0.0007428591	1.556444	0.252615	-0.08631228	1.569776	-0.2423397	-0.09934561	1.550892	0.2930674	0.01556135	1.572294	-0.2361591	-0.01704295	1.523756	-0.02963087	0.8144454	1.586744	-0.03326543	0.691356	1.600093	-0.02904985	0.6167615	1.613609	-0.01571834	0.3836785	1.646181	0.003515569	0.05897769	1.679597	0.1374477	0.5404058	1.590011	-0.1851183	0.5202499	1.559385	0.0767967	0.0608065	1.646261	-0.06995465	0.0544522	1.636332	0.2389856	0.2673341	1.620173	-0.2639447	0.2438107	1.58416	0.114654	-0.3101779	1.697952	-0.07080337	-0.3080471	1.687204	0.1208197	-0.6179829	1.757186	-0.04075276	-0.6357644	1.764127	

0.2792075	0.02893211	1.574713	-0.277019	0.0006197887	1.556955	0.2536006	-0.08667633	1.572175	-0.2422693	-0.09884591	1.5512	0.2936818	0.0173722	1.578455	-0.2355331	-0.01270832	1.527924	-0.02945425	0.8145564	1.586757	-0.03324062	0.6913826	1.600158	-0.02901793	0.616784	1.613661	-0.01567323	0.3836869	1.646202	0.003562925	0.05896089	1.679594	0.1370744	0.5397739	1.590975	-0.1850396	0.5203263	1.559374	0.07682519	0.06078861	1.646252	-0.06988231	0.05443822	1.636341	0.2389979	0.2669916	1.620272	-0.2637091	0.2437324	1.584407	0.1146302	-0.310208	1.697882	-0.07087784	-0.3078273	1.687085	0.1208209	-0.6179812	1.757182	-0.04080433	-0.6359059	1.764035	

0.2792249	0.02890969	1.574915	-0.2764621	0.0006280347	1.557677	0.2526966	-0.08697177	1.571197	-0.2410787	-0.09837924	1.549644	0.2923586	0.008730071	1.573698	-0.2354196	-0.01738369	1.525037	-0.02934938	0.8146109	1.586792	-0.03317952	0.6915836	1.600352	-0.02895622	0.6169697	1.613826	-0.01562563	0.3838126	1.646282	0.003568488	0.05900642	1.679613	0.1372736	0.5400441	1.590791	-0.1850028	0.5203504	1.559381	0.07682581	0.06084472	1.646268	-0.06987241	0.05447505	1.636368	0.2389507	0.2669825	1.62031	-0.2635498	0.243782	1.58487	0.1146331	-0.3102133	1.697914	-0.07087483	-0.3079868	1.68724	0.1206986	-0.6184501	1.757233	-0.0408093	-0.6359203	1.764045	

0.2791858	0.02880543	1.57492	-0.2758472	0.0002752843	1.559264	0.2551442	-0.08336643	1.5716	-0.2435032	-0.09794138	1.553942	0.2919042	0.001834636	1.577019	-0.2320148	-0.02488868	1.528741	-0.02928239	0.8145805	1.586842	-0.03306202	0.691541	1.600607	-0.02884781	0.6169278	1.614047	-0.01555494	0.3837683	1.646407	0.003580988	0.05895033	1.679668	0.1370597	0.5394839	1.591755	-0.1849848	0.5203511	1.559416	0.07684632	0.0607928	1.646311	-0.06986959	0.05441497	1.636441	0.2390711	0.2668883	1.620435	-0.2631125	0.2435142	1.585231	0.1146474	-0.3102491	1.697892	-0.07091486	-0.3083565	1.687343	0.1207422	-0.6184606	1.757248	-0.04081287	-0.6359534	1.764031	

0.279305	0.02858368	1.575106	-0.2752186	0.0003011802	1.560655	0.2542335	-0.08617983	1.573617	-0.2404789	-0.1011333	1.557875	0.2857388	-0.02396243	1.576429	-0.2343578	-0.009956738	1.539064	-0.02914412	0.8146255	1.586849	-0.03304093	0.6914922	1.600711	-0.02881694	0.6168963	1.614146	-0.01549905	0.3837787	1.646499	0.003648437	0.05901133	1.67977	0.1372358	0.5397171	1.591601	-0.1849543	0.5204238	1.559445	0.07688813	0.06084453	1.646366	-0.06977089	0.05448316	1.636612	0.2391709	0.2666349	1.620801	-0.2628036	0.2436084	1.585772	0.1147116	-0.3101659	1.697904	-0.07087233	-0.3081829	1.687293	0.1207962	-0.6185125	1.757229	-0.0408355	-0.6359712	1.764044	

0.2793249	0.02862584	1.575353	-0.2747338	7.023465E-06	1.562002	0.2543121	-0.08621162	1.574143	-0.2399966	-0.1013254	1.557747	0.3019831	0.03482867	1.5862	-0.2331869	-0.01282361	1.537448	-0.02906605	0.8146805	1.586962	-0.0329291	0.6914939	1.600919	-0.02872185	0.6169022	1.614323	-0.01545654	0.3837873	1.646588	0.003638247	0.05901206	1.679796	0.1373706	0.5398952	1.591548	-0.1849373	0.52044	1.559504	0.0768791	0.06084096	1.646392	-0.0697827	0.05448871	1.636642	0.2391197	0.2666813	1.62094	-0.2626301	0.2433796	1.58621	0.1146986	-0.3103443	1.697918	-0.0708399	-0.3084396	1.687458	0.1211433	-0.6192352	1.757287	-0.04087926	-0.6359774	1.764029	

0.2793927	0.02861826	1.575687	-0.2745666	-0.0002629551	1.562442	0.2554142	-0.08345302	1.573296	-0.2406403	-0.1011047	1.560921	0.2865076	-0.008009263	1.580055	-0.2345306	-0.0152122	1.53191	-0.02903888	0.8146556	1.587049	-0.03280102	0.6916491	1.601411	-0.02860611	0.6170479	1.614748	-0.01538909	0.3838919	1.646823	0.003634155	0.05905413	1.679868	0.1374957	0.5402272	1.591567	-0.1849406	0.5204409	1.559513	0.0768589	0.06090351	1.646464	-0.06977242	0.05451332	1.63672	0.23912	0.2666951	1.621052	-0.2624669	0.2430913	1.586947	0.114719	-0.310227	1.697929	-0.07086755	-0.3086023	1.687583	0.1210639	-0.6190503	1.757316	-0.04081641	-0.6358585	1.764056	

0.2794996	0.02861866	1.576095	-0.2745177	-0.0002919416	1.562543	0.255246	-0.08340221	1.572253	-0.2400015	-0.1017117	1.558082	0.2945048	-0.0003127231	1.580059	-0.2347499	-0.01510283	1.531478	-0.02901704	0.8147047	1.587103	-0.03302552	0.6917225	1.601693	-0.02876995	0.617107	1.614992	-0.01542739	0.3839135	1.646968	0.003661328	0.05903708	1.679949	0.1371425	0.5397242	1.592469	-0.1849443	0.5204648	1.559568	0.07689026	0.06089299	1.646568	-0.06975029	0.05449192	1.636784	0.2391948	0.2666967	1.621413	-0.262475	0.2430608	1.587144	0.1147025	-0.3102008	1.697935	-0.0708821	-0.3087966	1.687707	0.1209876	-0.6190836	1.75738	-0.04082797	-0.6358679	1.764101	

0.2794667	0.02867107	1.576268	-0.2743268	-0.0004984204	1.562779	0.2554433	-0.08346632	1.57347	-0.2392803	-0.1020628	1.557783	0.2813293	-0.002415711	1.546911	-0.2336272	-0.02906873	1.524969	-0.02902789	0.8147039	1.587109	-0.03306598	0.6917887	1.601797	-0.02880589	0.6171629	1.615092	-0.01545308	0.3839357	1.647049	0.003621771	0.05901227	1.680021	0.1367882	0.5392057	1.5931	-0.1849248	0.5204618	1.559619	0.07685643	0.06086453	1.646604	-0.06979598	0.05447498	1.636911	0.2392095	0.2667705	1.621504	-0.2624323	0.2428677	1.587277	0.1147287	-0.3102686	1.697905	-0.07094653	-0.308927	1.687693	0.1211572	-0.6191348	1.757195	-0.04076022	-0.6358609	1.764081	

0.2794804	0.02858101	1.57656	-0.2743155	-0.0004198607	1.562854	0.2556714	-0.08354159	1.574861	-0.2398189	-0.1020346	1.557306	0.2895306	-0.002919127	1.5753	-0.2319641	-0.03197119	1.525371	-0.0290185	0.8147541	1.587137	-0.03308254	0.6918015	1.601969	-0.02882365	0.6171769	1.615256	-0.01547672	0.3839473	1.647179	0.003568398	0.05900834	1.680112	0.1365513	0.5387465	1.593852	-0.1848979	0.5205769	1.559697	0.07679801	0.06087919	1.646672	-0.06984288	0.05444791	1.637037	0.2391522	0.2666658	1.621806	-0.2623634	0.2429384	1.587454	0.1147625	-0.310297	1.697882	-0.07082886	-0.3087507	1.687744	0.1211692	-0.6190956	1.757211	-0.04074134	-0.6358451	1.764069	

0.2792768	0.02874147	1.576697	-0.2742028	-0.0002420053	1.562739	0.2534572	-0.08281901	1.570967	-0.2390054	-0.1022983	1.556283	0.2900366	-0.003837167	1.572568	-0.2339243	-0.02388749	1.525753	-0.02915454	0.8146892	1.587334	-0.03324131	0.6917806	1.602163	-0.02896543	0.6171578	1.615422	-0.0155748	0.383929	1.647266	0.003479154	0.0589765	1.680137	0.1359792	0.5384017	1.594348	-0.184914	0.5205804	1.559705	0.07671513	0.06085332	1.646667	-0.06994282	0.05440796	1.637098	0.2390663	0.2668542	1.621906	-0.2624776	0.2431223	1.587497	0.1147493	-0.3103048	1.697867	-0.07099062	-0.3093648	1.687819	0.1211747	-0.6190304	1.757195	-0.04072604	-0.6359308	1.763999	

0.2791465	0.02888991	1.577006	-0.2741854	-0.000201333	1.562735	0.2518928	-0.0831183	1.572684	-0.2415442	-0.1019949	1.558432	0.2907601	-0.00193197	1.5765	-0.2361028	-0.0097008	1.535421	-0.0292917	0.8148167	1.587436	-0.03385983	0.6919301	1.602596	-0.02948078	0.617282	1.615799	-0.01583493	0.3839832	1.647487	0.00340243	0.05896639	1.680218	0.13595	0.5386289	1.594154	-0.1849465	0.5206573	1.559743	0.07664855	0.06083405	1.646748	-0.07002684	0.05440821	1.637179	0.238865	0.2669937	1.622197	-0.2625169	0.2431657	1.587518	0.1147409	-0.3103077	1.6979	-0.07104328	-0.3091	1.687795	0.1210174	-0.6194298	1.757336	-0.04073665	-0.6359264	1.764008	

0.279045	0.02905242	1.577071	-0.2740988	0.0001178391	1.562711	0.2511489	-0.08348465	1.570916	-0.2409478	-0.1021491	1.558823	0.2877347	-0.01332515	1.577733	-0.2347063	-0.01927206	1.53063	-0.02938035	0.8148319	1.587417	-0.03433691	0.6916535	1.602951	-0.0298757	0.6170614	1.616118	-0.01602716	0.3838898	1.647697	0.003356279	0.05895451	1.680319	0.1357668	0.5383468	1.594649	-0.1851876	0.5205585	1.560655	0.07661315	0.06083364	1.646875	-0.07008098	0.05438709	1.637258	0.2387551	0.2671447	1.622338	-0.2627012	0.243493	1.587655	0.1147184	-0.3102761	1.697907	-0.07121174	-0.3093115	1.687841	0.1212167	-0.6188647	1.757165	-0.04073268	-0.6360753	1.763983	

0.2789204	0.02897221	1.577299	-0.2740818	0.0001062293	1.562707	0.2503329	-0.08353864	1.571917	-0.2412793	-0.1015475	1.556304	0.2893519	-0.02036986	1.576556	-0.234772	-0.01879047	1.530631	-0.02957104	0.8148671	1.587481	-0.03467066	0.691559	1.603017	-0.03020125	0.6169639	1.616197	-0.01631952	0.3837804	1.647798	0.003087984	0.05881015	1.680436	0.1354988	0.5379174	1.595054	-0.1852234	0.5205637	1.560668	0.07635506	0.06069415	1.647014	-0.07034792	0.05424444	1.637352	0.2385178	0.2670556	1.622487	-0.2627571	0.2434843	1.58767	0.1146791	-0.3103953	1.697919	-0.07134256	-0.3096396	1.68789	0.1208373	-0.619153	1.757317	-0.04059526	-0.6361663	1.763958	

0.2787522	0.0290349	1.577571	-0.2740407	-0.0002265501	1.563019	0.2513084	-0.08351824	1.574432	-0.2415261	-0.1016481	1.557828	0.299406	0.04859795	1.59325	-0.2342196	-0.02049857	1.531904	-0.02979918	0.8148368	1.58745	-0.0347711	0.6915019	1.60311	-0.03030151	0.6169252	1.616287	-0.01642016	0.383791	1.64788	0.002967262	0.05888407	1.680508	0.1355281	0.5387057	1.594622	-0.1852453	0.5205623	1.560641	0.07620565	0.06081624	1.647125	-0.07043938	0.05427948	1.637394	0.2384127	0.2671543	1.622593	-0.2626846	0.2431632	1.587707	0.1146525	-0.3104095	1.697899	-0.07155237	-0.3098875	1.687855	0.1208058	-0.6191567	1.757302	-0.04068463	-0.6362822	1.764048	

0.2786446	0.02898855	1.577751	-0.2740374	-0.0001521081	1.563042	0.2501126	-0.08633217	1.576149	-0.2393	-0.1024261	1.558192	0.2829637	-0.001692217	1.575333	-0.2342995	-0.02517406	1.529216	-0.02988598	0.8148187	1.587451	-0.03479708	0.6914752	1.603101	-0.03033357	0.6168976	1.616281	-0.01647433	0.3837579	1.647881	0.002862155	0.05883148	1.680514	0.1353023	0.538571	1.594835	-0.1852832	0.5205227	1.560624	0.07607865	0.06074493	1.647151	-0.07052235	0.05424355	1.637384	0.2382849	0.2671326	1.62258	-0.2626809	0.2432364	1.587766	0.1145448	-0.3104814	1.697803	-0.0715955	-0.3100733	1.687956	0.1206789	-0.6190836	1.757326	-0.04067631	-0.6362938	1.764093	

0.2785406	0.02915878	1.577857	-0.2739617	-0.0001684553	1.563254	0.2510643	-0.08343716	1.572911	-0.240463	-0.1018491	1.556931	0.2948791	0.02671721	1.578	-0.2333387	-0.02425507	1.531336	-0.0300886	0.814725	1.587424	-0.03481781	0.6914771	1.603062	-0.03035245	0.6169013	1.616256	-0.01649026	0.3837642	1.647878	0.002833036	0.05884401	1.680534	0.1353085	0.5392272	1.594157	-0.1852965	0.5205095	1.560614	0.07604944	0.06077258	1.647169	-0.07055277	0.05424244	1.637407	0.2381905	0.2673052	1.622693	-0.2627351	0.2432363	1.587816	0.1144891	-0.310591	1.697771	-0.07171984	-0.310435	1.687996	0.1205935	-0.6188563	1.757287	-0.04073495	-0.6363895	1.764166	

0.2784883	0.0286005	1.577848	-0.2737733	-0.0003797001	1.563752	0.2501431	-0.08644242	1.572169	-0.2396696	-0.1019703	1.558733	0.2902115	-0.002956548	1.578667	-0.2331845	-0.01162925	1.5426	-0.03029953	0.8145978	1.587398	-0.03483962	0.6915318	1.603086	-0.03038499	0.6169381	1.616282	-0.01658113	0.3837531	1.647924	0.002541558	0.05865382	1.680631	0.134968	0.5387801	1.594509	-0.1853173	0.5205096	1.56059	0.07577498	0.06057394	1.647244	-0.07084734	0.05406891	1.637522	0.2381187	0.2667449	1.622657	-0.2627126	0.2430588	1.587834	0.1144892	-0.3110047	1.697803	-0.07182369	-0.3103766	1.68797	0.1205193	-0.6187861	1.757308	-0.04078594	-0.6363985	1.764178	

0.2783046	0.02855678	1.577986	-0.2736052	-0.0003962424	1.56428	0.2496349	-0.08678994	1.574231	-0.239413	-0.1024656	1.558828	0.2915605	0.004822592	1.581236	-0.2325988	-0.01527968	1.539689	-0.03032276	0.8146219	1.587372	-0.03471462	0.6911011	1.602109	-0.03033566	0.6166	1.61554	-0.01665616	0.3836119	1.647664	0.002397428	0.05861684	1.680615	0.134848	0.5385997	1.594673	-0.1852947	0.5205179	1.560544	0.0756465	0.06052951	1.647218	-0.07100181	0.05404086	1.637516	0.2380782	0.2667442	1.622676	-0.2626959	0.2430723	1.587936	0.1144661	-0.3110842	1.697776	-0.071784	-0.3104251	1.687987	0.1205106	-0.618764	1.757318	-0.04078493	-0.6364112	1.764184	

0.2782257	0.02895117	1.578182	-0.2735129	-0.0005297604	1.564436	0.2500279	-0.08622161	1.574202	-0.2396173	-0.1024674	1.561731	0.2903959	0.005432242	1.577664	-0.2333076	-0.0163692	1.536994	-0.03041416	0.8146117	1.587398	-0.03484009	0.691303	1.602152	-0.03044565	0.6167604	1.615568	-0.01672835	0.3836807	1.647666	0.002353942	0.05862455	1.680606	0.1347289	0.5392445	1.594024	-0.1853213	0.5204979	1.560533	0.07559692	0.06054244	1.64719	-0.07104132	0.05404435	1.63752	0.2377758	0.2671357	1.622641	-0.2627064	0.2429403	1.588159	0.1144678	-0.3110637	1.697644	-0.07190394	-0.3103635	1.68796	0.1203582	-0.6188223	1.757341	-0.04079321	-0.6364442	1.764193	

0.2779662	0.02889457	1.578265	-0.2734242	-0.0005691445	1.564619	0.2497518	-0.08683605	1.574981	-0.2382747	-0.1018556	1.557784	0.2807984	-0.01971495	1.577933	-0.2321346	-0.02172662	1.533967	-0.03043321	0.8145788	1.58735	-0.03485287	0.6914052	1.602179	-0.03046972	0.6168532	1.615586	-0.01678882	0.3837585	1.647666	0.002215308	0.05869874	1.680587	0.1347768	0.5397875	1.593351	-0.1853174	0.5205056	1.560494	0.07544727	0.06061962	1.64714	-0.07116576	0.05411372	1.637528	0.2377964	0.2671429	1.622635	-0.2626688	0.2429093	1.588243	0.1144993	-0.3110963	1.697589	-0.07192564	-0.310407	1.687975	0.1203412	-0.6188685	1.757353	-0.04080768	-0.6364277	1.7642	

0.2779289	0.02905434	1.578281	-0.2733524	-0.0003211488	1.564813	0.251773	-0.08311942	1.570387	-0.2381965	-0.1018437	1.560135	0.287188	-0.01911256	1.570773	-0.2332761	-0.01818552	1.534635	-0.03033025	0.8146446	1.587379	-0.03494592	0.6914356	1.602256	-0.03054583	0.6168777	1.615636	-0.01682951	0.3837705	1.64767	0.0021895	0.05870504	1.680556	0.1347045	0.5395063	1.5938	-0.185311	0.5205157	1.560488	0.07539891	0.06062914	1.647093	-0.07117495	0.05411708	1.63751	0.2376959	0.2672984	1.622616	-0.2625112	0.2431523	1.588484	0.1144759	-0.311074	1.697542	-0.07194734	-0.3105421	1.687947	0.1202894	-0.6189557	1.757325	-0.04083429	-0.636448	1.764182	

0.2779278	0.02919351	1.5782	-0.2731455	-0.0005283638	1.565282	0.2509537	-0.08696953	1.57289	-0.2385267	-0.1018718	1.561785	0.2859814	-0.03052646	1.572727	-0.2323329	-0.0196194	1.535016	-0.03031474	0.8146551	1.587372	-0.03491522	0.6914943	1.602274	-0.03051493	0.6169324	1.615649	-0.01679721	0.383815	1.64767	0.002228898	0.05874128	1.680545	0.1351661	0.539966	1.593132	-0.1853121	0.5205225	1.560473	0.07543561	0.06066864	1.647096	-0.07112966	0.05415126	1.637482	0.2376737	0.2674195	1.62265	-0.2624439	0.2429655	1.588673	0.1144096	-0.3109278	1.697287	-0.07224168	-0.3100254	1.687673	0.1197737	-0.619919	1.758204	-0.04083039	-0.6365097	1.764159	

0.2779989	0.02897399	1.578102	-0.2730003	-0.0007744641	1.565477	0.2522571	-0.08716878	1.572054	-0.2383346	-0.1017985	1.560603	0.2827785	-0.0352121	1.574727	-0.2302193	-0.0274418	1.533703	-0.03026956	0.8146266	1.587412	-0.03487953	0.6914953	1.602288	-0.03048481	0.616933	1.615655	-0.01677598	0.3838146	1.647661	0.002250116	0.05873899	1.680512	0.1352548	0.5401489	1.59273	-0.1853109	0.5205203	1.560459	0.07547542	0.06067124	1.646994	-0.07112022	0.054148	1.637479	0.2377136	0.2671836	1.622628	-0.2624362	0.2427263	1.588856	0.1143577	-0.3110473	1.697229	-0.07224379	-0.3100037	1.687669	0.1202945	-0.6200682	1.757937	-0.04082826	-0.6365111	1.764163	

0.2784498	0.02881654	1.57796	-0.2728533	-0.0009539481	1.565746	0.2564198	-0.08323391	1.572599	-0.235216	-0.1025028	1.559288	0.2981285	0.01254373	1.583625	-0.2314114	-0.02011794	1.534896	-0.03020355	0.8146092	1.587415	-0.03483515	0.6915311	1.60227	-0.03044419	0.6169683	1.615638	-0.01674638	0.3838473	1.647647	0.002268669	0.05876829	1.680504	0.1359441	0.5404915	1.592489	-0.1852799	0.5205325	1.560416	0.07548983	0.06069846	1.646974	-0.07109536	0.05418125	1.637483	0.238033	0.2669607	1.622777	-0.2622556	0.2425611	1.588805	0.1144334	-0.3111068	1.697031	-0.07222375	-0.3090917	1.687515	0.1205085	-0.6198855	1.757762	-0.0409335	-0.6364127	1.764131	

0.2791653	0.02911337	1.578457	-0.2721956	-0.0009949967	1.565952	0.2560699	-0.08396471	1.573297	-0.2333682	-0.1018189	1.56022	0.293982	-0.009271183	1.573177	-0.225386	-0.02222536	1.54021	-0.03016175	0.814628	1.587385	-0.03479868	0.6915309	1.602284	-0.03041192	0.6169762	1.615646	-0.016715	0.3838857	1.647643	0.00230633	0.05889732	1.680475	0.1365067	0.5415477	1.592374	-0.1852784	0.5205358	1.560413	0.07549649	0.06084689	1.646975	-0.0710237	0.05429736	1.637422	0.2383256	0.2672217	1.623011	-0.2622162	0.2425625	1.588813	0.1144661	-0.3110396	1.696997	-0.07214569	-0.3090735	1.687609	0.1204949	-0.6196239	1.757689	-0.04089592	-0.6363904	1.764114	

0.2796974	0.02906698	1.578498	-0.2714677	-0.001479445	1.566288	0.2568597	-0.08335673	1.577019	-0.233181	-0.1022081	1.561423	0.2954521	0.001557142	1.577004	-0.2291334	-0.01974513	1.535551	-0.03005699	0.8146406	1.587389	-0.03467772	0.6914156	1.602313	-0.03030391	0.6168867	1.615672	-0.01663951	0.3838539	1.647663	0.002364577	0.05891268	1.680497	0.1368656	0.5417249	1.59213	-0.1852778	0.5205313	1.560401	0.07555062	0.06086716	1.647018	-0.07095833	0.05430772	1.637428	0.2386305	0.2671133	1.623204	-0.2619525	0.2421137	1.588843	0.1144989	-0.3109991	1.697039	-0.07201469	-0.3092416	1.687735	0.1204991	-0.6194677	1.757692	-0.04084588	-0.6365024	1.764134	

0.2802086	0.02943104	1.578742	-0.2703626	-0.001508599	1.566314	0.2569412	-0.08370004	1.579828	-0.231121	-0.1025741	1.560294	0.2954579	-0.002776387	1.577937	-0.2285585	-0.01792274	1.536154	-0.02990685	0.8145812	1.587275	-0.03461578	0.6914379	1.602329	-0.03024222	0.6169073	1.615687	-0.01657988	0.3838695	1.647674	0.002422985	0.05892179	1.680508	0.1372889	0.5419623	1.591773	-0.1852786	0.5205001	1.560381	0.0756145	0.06085867	1.647057	-0.07089507	0.05433397	1.637416	0.238732	0.2674288	1.623291	-0.2618141	0.2421338	1.588805	0.1144986	-0.3110369	1.697074	-0.07184298	-0.309041	1.687787	0.1205293	-0.6221693	1.759412	-0.0408815	-0.6365069	1.764144	

0.2804687	0.02974881	1.579365	-0.2698629	-0.001706096	1.566466	0.257074	-0.08341242	1.578268	-0.2324923	-0.102096	1.560492	0.2948928	-0.01079337	1.573941	-0.2272406	-0.01963601	1.537187	-0.0297117	0.8143445	1.587375	-0.03441849	0.6913801	1.602358	-0.03009399	0.616851	1.615717	-0.01653297	0.3838198	1.647706	0.00239065	0.0588459	1.680569	0.1368026	0.5413855	1.592785	-0.1853425	0.5203829	1.560343	0.07558066	0.06075217	1.647159	-0.07092446	0.05428286	1.637447	0.2390064	0.2677967	1.623596	-0.2615638	0.241957	1.588752	0.1145122	-0.3110527	1.697053	-0.07176398	-0.3091161	1.687872	0.1206707	-0.6217123	1.759134	-0.04088679	-0.6364971	1.764183	

0.2809805	0.02959937	1.579623	-0.2690583	-0.002157039	1.566398	0.2578976	-0.08330734	1.580293	-0.230608	-0.1020113	1.559244	0.2981102	0.006199048	1.580405	-0.2234331	-0.02349203	1.539977	-0.0296729	0.8143044	1.58738	-0.03435615	0.6913678	1.602338	-0.03003189	0.6168355	1.615705	-0.016469	0.383793	1.647721	0.002469939	0.05879398	1.680639	0.1375375	0.5414441	1.592665	-0.1853327	0.5203623	1.560327	0.07567987	0.06070064	1.647233	-0.07086597	0.05423151	1.637515	0.2393732	0.2676025	1.623976	-0.2611178	0.2415102	1.588904	0.1145103	-0.3110613	1.697078	-0.07172522	-0.309207	1.687805	0.1206172	-0.621695	1.759077	-0.04093055	-0.6364196	1.764157	

0.2817968	0.029965	1.58046	-0.2684298	-0.002161382	1.566535	0.2583842	-0.08385138	1.585279	-0.2311841	-0.1022712	1.563144	0.2983165	0.01491878	1.582389	-0.2254189	-0.01183265	1.541815	-0.02951179	0.8142012	1.58733	-0.03429168	0.6913955	1.602398	-0.02997827	0.616855	1.615755	-0.01644415	0.3837947	1.647747	0.002473917	0.05878556	1.680649	0.1372322	0.5406121	1.59334	-0.1851986	0.5204524	1.560258	0.07568461	0.06068911	1.647251	-0.07086303	0.05422557	1.63752	0.2396141	0.2679513	1.624193	-0.2609387	0.2415312	1.588916	0.1145101	-0.3110689	1.697079	-0.07173394	-0.309144	1.687829	0.1205981	-0.6214175	1.758887	-0.04096953	-0.6362955	1.76407	

0.282249	0.03000002	1.581211	-0.2680502	-0.00203522	1.566666	0.2594318	-0.08309523	1.583417	-0.2305629	-0.1020009	1.558994	0.2964878	0.004701652	1.579725	-0.2259758	-0.01513279	1.540018	-0.02947978	0.8141784	1.587322	-0.03397695	0.6911157	1.601792	-0.02973019	0.6166257	1.615304	-0.01635556	0.3836888	1.647623	0.00247857	0.05875372	1.680675	0.137037	0.5398996	1.594025	-0.1851751	0.5204613	1.560227	0.07568482	0.06067605	1.64726	-0.0708513	0.05416727	1.637571	0.2397559	0.2680146	1.624321	-0.2607183	0.241671	1.588929	0.1145496	-0.3111408	1.697276	-0.0716667	-0.3097847	1.688008	0.1205746	-0.6213855	1.758882	-0.04100599	-0.6363223	1.764054	

0.2825401	0.03002511	1.581415	-0.2679175	-0.002105846	1.5667	0.2583403	-0.08308827	1.579456	-0.232133	-0.1024001	1.562793	0.2963242	0.003680837	1.578936	-0.2268491	-0.02147151	1.53538	-0.0294407	0.8140859	1.587231	-0.03396212	0.6911048	1.601792	-0.02971189	0.6166171	1.615302	-0.01632642	0.3836901	1.64762	0.002523363	0.05878029	1.68068	0.1377884	0.5403079	1.593584	-0.1851485	0.5204455	1.560172	0.07572837	0.06071339	1.647262	-0.07080696	0.054183	1.637578	0.2399093	0.2680265	1.624438	-0.2606046	0.2416007	1.588992	0.1145876	-0.3110384	1.697271	-0.07172288	-0.3099386	1.688032	0.1205897	-0.6210896	1.758706	-0.04096999	-0.6363181	1.764067	

0.2825537	0.0299141	1.58155	-0.2678706	-0.002368545	1.566953	0.2569544	-0.0833723	1.577487	-0.2336324	-0.1019228	1.561886	0.2593116	-0.02786097	1.618667	-0.2277156	-0.01989692	1.537321	-0.02940449	0.81405	1.58708	-0.03389429	0.6910601	1.601752	-0.02966148	0.6165794	1.615271	-0.01631696	0.3836725	1.647614	0.002498513	0.05876613	1.680697	0.1375146	0.5398217	1.594086	-0.1851447	0.5204287	1.560147	0.07567341	0.06068319	1.6473	-0.07081328	0.05417898	1.637583	0.2399396	0.2679386	1.624431	-0.2604049	0.2413422	1.589002	0.1145569	-0.3110054	1.697268	-0.07179493	-0.3099309	1.68801	0.1205742	-0.6208404	1.758559	-0.0409738	-0.6363351	1.764057	

0.2826216	0.02994637	1.581554	-0.267672	-0.002306858	1.567293	0.2572086	-0.08348829	1.577425	-0.2327872	-0.102228	1.562542	0.2960655	-0.001002999	1.577095	-0.2268865	-0.019984	1.540439	-0.02943742	0.8139305	1.586922	-0.03370652	0.6908292	1.601758	-0.02951301	0.6163788	1.615293	-0.01626503	0.3835438	1.647676	0.002442491	0.05867099	1.680859	0.1373231	0.539331	1.594504	-0.1851427	0.5204231	1.56014	0.07559334	0.06057302	1.647449	-0.07084422	0.05410079	1.63776	0.2399773	0.2679633	1.624457	-0.2602946	0.2414136	1.589216	0.114545	-0.3110685	1.697301	-0.07181492	-0.3100882	1.688033	0.120642	-0.6207883	1.758469	-0.04097323	-0.6363508	1.764066	

0.2826448	0.02995938	1.581564	-0.2675599	-0.001971526	1.567565	0.2564907	-0.08381776	1.577364	-0.2329589	-0.1022991	1.563692	0.2897233	-0.02512568	1.5805	-0.2283987	-0.01661124	1.539538	-0.02943432	0.8139173	1.586697	-0.03347518	0.6905762	1.601012	-0.0293162	0.6162053	1.614747	-0.01618043	0.3835257	1.647556	0.002490438	0.05875082	1.680943	0.1376268	0.5401534	1.593812	-0.1851393	0.5204334	1.560118	0.07563518	0.06066997	1.647533	-0.07079241	0.05416171	1.637845	0.2399867	0.2679769	1.624453	-0.2602116	0.2417579	1.589376	0.1145742	-0.3110307	1.697329	-0.07177638	-0.3101261	1.688046	0.1206239	-0.6207778	1.758473	-0.04098558	-0.6363565	1.764057	

0.2826726	0.02992373	1.581493	-0.2672546	-0.002361956	1.567885	0.2548858	-0.08371157	1.576061	-0.2329962	-0.1023244	1.563992	0.293792	-0.009978566	1.578609	-0.2279733	-0.02002308	1.53749	-0.0294398	0.8138329	1.58662	-0.03345625	0.6905215	1.60104	-0.02929844	0.6161551	1.614764	-0.01616985	0.3834902	1.647556	0.002487729	0.05874024	1.680942	0.1375857	0.5402129	1.593492	-0.1851442	0.5204111	1.560119	0.07563613	0.06066222	1.647531	-0.07080045	0.05414697	1.637844	0.2399953	0.2679255	1.62448	-0.2602906	0.2413873	1.589526	0.1145251	-0.3110549	1.697287	-0.07203268	-0.3095563	1.687754	0.1206565	-0.6208333	1.758445	-0.04099384	-0.6362985	1.764074	

0.2824598	0.02990423	1.581354	-0.2672381	-0.002445362	1.568273	0.2542183	-0.08306211	1.575633	-0.2338794	-0.1020397	1.563648	0.2913285	-0.00224202	1.578364	-0.2281211	-0.01788382	1.540493	-0.02946453	0.8137508	1.586472	-0.03336616	0.6902841	1.600639	-0.02925236	0.6159581	1.614451	-0.01621254	0.3834028	1.647461	0.00229418	0.0587074	1.681015	0.1372288	0.5397758	1.593803	-0.1851457	0.5204108	1.560119	0.07545978	0.06066779	1.647548	-0.07101967	0.05406472	1.637994	0.2399347	0.2679182	1.624473	-0.2602468	0.2413163	1.589598	0.1144523	-0.3109215	1.697157	-0.07204062	-0.3096185	1.687826	0.1206718	-0.6206973	1.758265	-0.04094068	-0.6364691	1.764042	

0.2820202	0.0298878	1.58134	-0.2668052	-0.002271381	1.570065	0.2530618	-0.08353	1.5783	-0.2365371	-0.1030471	1.571861	0.2905633	-0.009086538	1.579861	-0.2297235	-0.01772488	1.548527	-0.02953068	0.81353	1.586186	-0.03354248	0.6902374	1.600711	-0.02938562	0.6159191	1.6145	-0.01626591	0.3833857	1.647478	0.002279852	0.05871202	1.68103	0.1374037	0.5398602	1.593574	-0.1851755	0.5204483	1.560119	0.07544959	0.06066901	1.64755	-0.07103825	0.0540754	1.63803	0.2397998	0.2679601	1.624463	-0.2601991	0.2415486	1.590213	0.1144522	-0.3109203	1.697157	-0.07202578	-0.3098083	1.688011	0.1207207	-0.6204627	1.758229	-0.04096508	-0.6364288	1.764057	

0.2816671	0.02983855	1.581423	-0.2665488	-0.002454393	1.571784	0.2511179	-0.08677407	1.578279	-0.2364449	-0.1027561	1.573313	0.2859282	-0.03087729	1.580438	-0.2290276	-0.01760763	1.546896	-0.02953891	0.8134779	1.585987	-0.03378782	0.6899645	1.60064	-0.02961567	0.6156814	1.614437	-0.01646159	0.3832502	1.64746	0.002068597	0.05869428	1.681101	0.1375947	0.5400242	1.593351	-0.1852843	0.5203459	1.560174	0.07523567	0.06064348	1.647592	-0.07123826	0.05406668	1.638129	0.2395956	0.2679442	1.624514	-0.2600825	0.2414139	1.590537	0.1144234	-0.3111096	1.697096	-0.07202639	-0.3092296	1.687849	0.121116	-0.6203502	1.75799	-0.04095708	-0.6363494	1.764123	

0.280982	0.0296429	1.58181	-0.2664854	-0.002009738	1.571952	0.2506451	-0.08651984	1.57957	-0.2353511	-0.1031618	1.572416	0.2919175	-0.005245607	1.584308	-0.2290455	-0.01599013	1.545394	-0.02935502	0.8133231	1.585153	-0.0338801	0.6898629	1.600599	-0.02970222	0.6156035	1.614393	-0.01654211	0.3832337	1.647421	0.001938476	0.05878774	1.681085	0.1375975	0.5405976	1.592935	-0.1853205	0.5203366	1.560173	0.0751074	0.06074801	1.647579	-0.07136342	0.05414582	1.638108	0.2395232	0.2679158	1.624505	-0.2601402	0.2418554	1.591049	0.1143873	-0.3110233	1.697056	-0.07197856	-0.309591	1.687897	0.1208875	-0.6197106	1.757963	-0.04087587	-0.6365217	1.764148	

0.2808226	0.02963741	1.581896	-0.2664531	-0.002137525	1.572053	0.2515192	-0.08692094	1.580835	-0.2346414	-0.1026987	1.569138	0.2887008	-0.01705476	1.580322	-0.2285933	-0.01909597	1.542866	-0.02947957	0.8129399	1.584645	-0.03392051	0.689868	1.600605	-0.02973968	0.6155961	1.614395	-0.01659433	0.3831751	1.647415	0.001852176	0.05862308	1.681097	0.1367671	0.5398914	1.59353	-0.1853397	0.5203019	1.560186	0.0750365	0.06059796	1.647585	-0.07146062	0.05397448	1.638124	0.239406	0.2679181	1.624599	-0.2601364	0.2417252	1.591253	0.1143741	-0.3110706	1.697026	-0.07219353	-0.3087811	1.687585	0.1210012	-0.6198314	1.75772	-0.04093586	-0.6364004	1.764168	

0.2806581	0.02964488	1.582039	-0.2664963	-0.002384663	1.57245	0.2524437	-0.08390279	1.578961	-0.2365979	-0.1030845	1.568242	0.2812343	-0.03198851	1.583417	-0.2280332	-0.02266442	1.544213	-0.02950094	0.8128251	1.58453	-0.03397547	0.6898391	1.600613	-0.02979894	0.6155568	1.614402	-0.01667364	0.3831037	1.647433	0.001730345	0.05851831	1.681172	0.1364591	0.539311	1.594155	-0.1853557	0.5202765	1.560185	0.07494205	0.06050508	1.647648	-0.07160472	0.0538636	1.63821	0.2393732	0.2679611	1.624666	-0.2600498	0.2414774	1.59148	0.114383	-0.3110381	1.697003	-0.07219028	-0.3087899	1.687602	0.1207697	-0.6197599	1.757721	-0.04092984	-0.6364141	1.764175	

0.2804091	0.02964554	1.582165	-0.2664788	-0.002501504	1.572631	0.2517648	-0.08724885	1.577945	-0.2329512	-0.1066655	1.57058	0.2574693	-0.05053623	1.5922	-0.1977315	0.05551528	1.57	-0.02950925	0.8128052	1.584485	-0.03403745	0.6898465	1.600659	-0.02982865	0.6155595	1.614429	-0.01666622	0.3831035	1.647442	0.001851357	0.05853261	1.681205	0.1366731	0.5395826	1.593946	-0.1862677	0.5193866	1.561844	0.07507928	0.06053255	1.647693	-0.0715019	0.05386638	1.638231	0.2392925	0.2679898	1.624814	-0.2601214	0.2413661	1.591565	0.1143425	-0.3110188	1.696977	-0.07263722	-0.307785	1.687138	0.1207728	-0.6197336	1.757694	-0.04103616	-0.6363526	1.764144	

0.2803816	0.02944305	1.58212	-0.266502	-0.00268714	1.572622	0.25197	-0.08782504	1.579683	-0.2324319	-0.1064063	1.570391	0.2877573	-0.02753116	1.572235	-0.2302626	-0.008831032	1.549818	-0.02946782	0.8127374	1.584449	-0.03403687	0.6898128	1.600664	-0.02983466	0.6155156	1.614427	-0.01670571	0.383023	1.647416	0.001729768	0.05841684	1.68116	0.1363929	0.5389257	1.59444	-0.1862556	0.5194127	1.561806	0.0749637	0.06039088	1.647641	-0.07162398	0.05377793	1.63819	0.2392306	0.2677703	1.624844	-0.26026	0.24118	1.591667	0.114353	-0.310997	1.696911	-0.07261848	-0.3078094	1.687	0.1207199	-0.6197953	1.757695	-0.04107182	-0.6362352	1.76406	

0.2803528	0.02937765	1.582091	-0.2665498	-0.002677	1.572554	0.2520184	-0.08742424	1.57661	-0.2327851	-0.1065954	1.569475	0.2859892	-0.04355805	1.579222	-0.2293165	-0.01788342	1.542283	-0.02950851	0.8127024	1.584438	-0.03414558	0.6896038	1.600824	-0.02992878	0.6153382	1.614541	-0.01676424	0.3829303	1.647444	0.001697369	0.05839906	1.681151	0.1365389	0.5391495	1.594111	-0.186273	0.5194156	1.561749	0.07493025	0.06037074	1.647619	-0.07165612	0.05376177	1.638192	0.2391963	0.2676983	1.624861	-0.2602968	0.2411882	1.591677	0.1143702	-0.3110231	1.696847	-0.07261743	-0.3078585	1.686871	0.1207603	-0.6197952	1.757665	-0.04106946	-0.6361971	1.764112	

0.2803184	0.02934799	1.582078	-0.2667685	-0.00265403	1.572293	0.2526241	-0.0869773	1.577332	-0.2329937	-0.1071102	1.57119	0.2940083	0.02479313	1.582333	-0.2297372	-0.01996116	1.541175	-0.02952407	0.8126835	1.584367	-0.03444519	0.6895586	1.600901	-0.03015825	0.6153015	1.614584	-0.01684226	0.382921	1.647436	0.001692419	0.05841254	1.681133	0.1365019	0.5395457	1.593472	-0.1862467	0.5194595	1.561683	0.07492659	0.0603796	1.647605	-0.07166201	0.05378061	1.638167	0.2391296	0.2676597	1.624876	-0.2602642	0.2411962	1.59166	0.1143504	-0.3110113	1.69679	-0.07285115	-0.3072601	1.686319	0.1207602	-0.6197951	1.757648	-0.0411096	-0.6361397	1.764091	

0.28002	0.02934202	1.581945	-0.2670132	-0.002678743	1.572374	0.2509963	-0.08674392	1.577612	-0.2342398	-0.1060247	1.567678	0.2885679	-0.02554456	1.5765	-0.2269625	-0.03699299	1.539788	-0.02956595	0.8126739	1.584258	-0.0343783	0.6893804	1.600543	-0.03014158	0.6151544	1.614285	-0.01692869	0.3828545	1.647276	0.001444614	0.05844096	1.68108	0.1364686	0.5398251	1.59325	-0.1862347	0.5195047	1.561623	0.07470386	0.06038743	1.647562	-0.07192403	0.05383057	1.638103	0.2390456	0.2676865	1.6248	-0.2603081	0.2411685	1.59164	0.1143229	-0.3109961	1.696774	-0.07309926	-0.3079494	1.686219	0.12103	-0.6198381	1.757404	-0.04111441	-0.6361635	1.764078	

0.2797562	0.02925801	1.581829	-0.2672223	-0.002692455	1.572356	0.2527085	-0.08342286	1.576213	-0.2344112	-0.1056328	1.568598	0.2884556	-0.0104584	1.583533	-0.2287893	-0.02493933	1.541839	-0.02962799	0.8125895	1.584204	-0.03455494	0.6893266	1.600622	-0.03030585	0.6151026	1.614338	-0.01706581	0.3828162	1.647275	0.001330501	0.05843874	1.681044	0.1364691	0.5398889	1.59319	-0.1862463	0.5195754	1.561558	0.07459842	0.06038433	1.647549	-0.07204498	0.05382944	1.638037	0.2389488	0.2676073	1.624878	-0.2603922	0.2411502	1.591656	0.1143282	-0.3109104	1.6967	-0.07326637	-0.3082443	1.686322	0.1210421	-0.6198539	1.757347	-0.04108028	-0.6362659	1.764001	

0.2796344	0.02940584	1.581776	-0.2672653	-0.002709816	1.572346	0.2503366	-0.08725783	1.576306	-0.2347837	-0.1069039	1.570266	0.2907538	-0.007053193	1.581667	-0.2321905	-0.01102724	1.544559	-0.02975977	0.8125621	1.58431	-0.03482851	0.6893414	1.600794	-0.03055917	0.6151021	1.614465	-0.01727784	0.3827909	1.647307	0.001143021	0.05841073	1.681005	0.1359425	0.5395389	1.593867	-0.1862486	0.5195895	1.56155	0.07442389	0.060336	1.647509	-0.07223734	0.05382347	1.637998	0.2388697	0.2677466	1.624957	-0.2604373	0.2411331	1.591667	0.1142541	-0.3108893	1.696634	-0.07340126	-0.3081502	1.686211	0.1210499	-0.6201735	1.757657	-0.04114897	-0.6363258	1.763981	

0.279478	0.02932045	1.581811	-0.2673049	-0.002701855	1.572291	0.2506821	-0.08662982	1.575612	-0.234668	-0.1065485	1.569438	0.2943185	0.01161691	1.588182	-0.229948	-0.02202079	1.542136	-0.02983347	0.8125366	1.58432	-0.03507234	0.6893542	1.600943	-0.03079036	0.6151043	1.614576	-0.0174834	0.3827767	1.647334	0.0009489949	0.05840201	1.680963	0.1360197	0.5395092	1.593821	-0.1862204	0.5196913	1.561478	0.0742297	0.06031045	1.647462	-0.07242153	0.05383145	1.637959	0.2388063	0.2676818	1.62497	-0.26055	0.2411383	1.591805	0.1142724	-0.3108796	1.696624	-0.07359415	-0.3087725	1.6866	0.1210133	-0.6199155	1.757513	-0.04121318	-0.6364108	1.764006	

0.2793873	0.02930699	1.581755	-0.2674901	-0.002809528	1.572304	0.2516276	-0.08365373	1.573961	-0.2342001	-0.1065615	1.569979	0.2670968	-0.03456588	1.599143	-0.2301596	-0.01892556	1.541216	-0.03010672	0.8125275	1.584338	-0.03532457	0.689366	1.601081	-0.03101191	0.6151152	1.614676	-0.01762669	0.3827939	1.647355	0.0008676373	0.05844266	1.680934	0.1356417	0.5403799	1.593231	-0.1862378	0.5197126	1.561456	0.07414208	0.06035075	1.647417	-0.07249362	0.05387107	1.637945	0.2387302	0.2676634	1.624982	-0.2605795	0.2410295	1.591712	0.1142753	-0.3108742	1.696584	-0.07370888	-0.3090359	1.686664	0.1209605	-0.6198635	1.757432	-0.04113927	-0.6363584	1.763988	

0.2791343	0.02917112	1.581677	-0.2676859	-0.002687618	1.572597	0.2518629	-0.08372633	1.575369	-0.2347794	-0.1067427	1.569693	0.2887225	-0.01812933	1.579	-0.2297048	-0.0207185	1.542955	-0.03022602	0.8125086	1.584373	-0.03544636	0.6892075	1.601197	-0.03113426	0.6149704	1.614765	-0.0177457	0.3826927	1.647378	0.0007535098	0.05840167	1.680907	0.135616	0.5404071	1.593218	-0.1862467	0.519724	1.561449	0.07403175	0.06030635	1.647392	-0.07260478	0.05383556	1.637915	0.238644	0.2675458	1.624997	-0.2606322	0.2411571	1.591728	0.1143323	-0.310897	1.696528	-0.07384115	-0.3090201	1.686602	0.1208931	-0.6201048	1.757381	-0.04113413	-0.6363744	1.763998	

0.2790527	0.02927148	1.581715	-0.2677074	-0.002587696	1.572552	0.2516862	-0.0836546	1.574188	-0.2336554	-0.1064638	1.567684	0.2868532	-0.02632759	1.576133	-0.2296405	-0.02107216	1.542434	-0.03037534	0.8124758	1.584384	-0.03561302	0.6892636	1.601378	-0.03128604	0.6150131	1.614905	-0.01785588	0.3827127	1.64743	0.0006778114	0.05841917	1.6809	0.1356804	0.5406677	1.59311	-0.1862405	0.5197783	1.561438	0.07395615	0.06032615	1.647387	-0.07267585	0.05385	1.637907	0.2385302	0.2676538	1.624956	-0.2608113	0.2412608	1.591812	0.1139532	-0.3102129	1.696368	-0.07407389	-0.3086939	1.6863	0.1206777	-0.6194988	1.7572	-0.04121258	-0.6362858	1.763924	

0.2790032	0.02917041	1.581755	-0.2676107	-0.003168653	1.572535	0.2505552	-0.08641294	1.577569	-0.2355296	-0.1059052	1.569577	0.3002532	0.04640325	1.592	-0.2297422	-0.02132643	1.542807	-0.0304258	0.812445	1.584335	-0.03584598	0.6894203	1.601681	-0.03152028	0.6151188	1.615181	-0.01810039	0.3826968	1.64765	0.0003942787	0.05826887	1.681099	0.1353606	0.5398399	1.594091	-0.1862378	0.5198026	1.56143	0.07366756	0.06015262	1.647628	-0.07293984	0.05372806	1.638064	0.2383959	0.2675331	1.625036	-0.2613185	0.2406885	1.592086	0.1139773	-0.3102006	1.696364	-0.07414822	-0.3085952	1.68626	0.1204461	-0.6191701	1.757249	-0.04128125	-0.6363539	1.764003	

0.2789332	0.02932379	1.581803	-0.2677501	-0.003184709	1.572594	0.2504089	-0.08728509	1.576726	-0.2355157	-0.1067419	1.570287	0.2929364	0.01041144	1.585667	-0.1968126	0.04882115	1.562667	-0.03048965	0.8124573	1.584257	-0.035873	0.6894082	1.601714	-0.03155667	0.6151058	1.615212	-0.01817107	0.3826839	1.647674	0.0002661569	0.05827456	1.681113	0.135157	0.5395392	1.59469	-0.1862427	0.519826	1.56141	0.07353862	0.06013557	1.647667	-0.07306793	0.05375636	1.638055	0.2380791	0.2676492	1.625054	-0.2615053	0.2406752	1.592142	0.1140383	-0.3102	1.69632	-0.07420971	-0.3087722	1.686061	0.1205071	-0.6191968	1.757185	-0.04133392	-0.6363643	1.763988	

0.2789707	0.0292904	1.58175	-0.2683171	-0.003011363	1.572516	0.2505843	-0.08660364	1.575056	-0.2359665	-0.106323	1.569596	0.2921371	-0.003782707	1.5782	-0.2334333	-0.01245381	1.545363	-0.0304562	0.8123448	1.584091	-0.03596416	0.6894613	1.601765	-0.03164214	0.6151518	1.615276	-0.01824083	0.3827156	1.647785	0.0002292723	0.05830772	1.681345	0.1353499	0.5396435	1.594464	-0.186228	0.5199242	1.561348	0.0734887	0.060169	1.647882	-0.07308741	0.05378823	1.638303	0.2378348	0.2675352	1.625226	-0.2617661	0.2408355	1.592209	0.1140383	-0.3101999	1.696319	-0.07490706	-0.3076195	1.685475	0.1205071	-0.6191782	1.757197	-0.04153844	-0.6358828	1.763844	

0.278957	0.02928576	1.581725	-0.2687771	-0.003005224	1.572734	0.2547216	-0.08706462	1.579174	-0.2391933	-0.1068012	1.570639	0.2944569	0.01721251	1.582727	-0.234766	-0.02107001	1.541969	-0.03046224	0.8118473	1.583285	-0.03600856	0.6893096	1.601646	-0.03167779	0.6150618	1.615222	-0.01826282	0.3827073	1.647811	0.0001603333	0.05851629	1.681707	0.1354722	0.5398107	1.594264	-0.1862489	0.519967	1.561305	0.07335251	0.06042566	1.648509	-0.0731076	0.05394265	1.638477	0.2376922	0.2674751	1.62544	-0.2621313	0.2408473	1.592192	0.1139899	-0.3101006	1.696266	-0.07501344	-0.3076263	1.685371	0.1208103	-0.6193889	1.756859	-0.04154493	-0.6358906	1.763811	

0.2790161	0.0290336	1.581735	-0.2699702	-0.002995479	1.572444	0.2556458	-0.08819796	1.578226	-0.2412338	-0.1075652	1.57087	0.2908829	-0.009429317	1.577286	-0.2362814	-0.02453137	1.539884	-0.03030894	0.8105805	1.581021	-0.03646296	0.6886631	1.60078	-0.03200645	0.6146376	1.614727	-0.01834399	0.382656	1.647836	9.996974E-05	0.0588545	1.682662	0.1355724	0.5398377	1.59419	-0.1862707	0.5199788	1.561271	0.07327545	0.06090737	1.649769	-0.07314602	0.05414728	1.63915	0.2376471	0.2671534	1.625808	-0.2626117	0.2408234	1.592174	0.1141883	-0.3099448	1.696191	-0.07602372	-0.3075573	1.683647	0.1208108	-0.6193885	1.756858	-0.04146576	-0.6365458	1.763778	

0.2791561	0.02893616	1.581807	-0.271413	-0.003251353	1.572325	0.2568541	-0.08755852	1.580331	-0.2428578	-0.1073992	1.569516	0.293578	0.0003643143	1.577895	-0.2362043	-0.01916065	1.542403	-0.02974692	0.8082305	1.578142	-0.03677389	0.6874326	1.599956	-0.03229091	0.6136525	1.614265	-0.01856115	0.3821557	1.648099	-0.0002104548	0.05857234	1.684489	0.1352715	0.539027	1.594852	-0.1862722	0.5199714	1.561217	0.0728992	0.06054053	1.651679	-0.07337073	0.05395854	1.640859	0.2375591	0.2669654	1.626226	-0.2634211	0.2405337	1.59228	0.1150089	-0.3095445	1.695624	-0.07703624	-0.3063768	1.681969	0.1208111	-0.619414	1.756827	-0.04150882	-0.6366535	1.763716	

0.2822708	0.0286913	1.577987	-0.2756645	-0.004757605	1.566346	0.2645681	-0.09495477	1.560786	-0.2490199	-0.119739	1.551347	0.3055953	-0.001186429	1.5737	-0.2384875	-0.02618553	1.534754	-0.02530665	0.7823277	1.559418	-0.03740779	0.6686899	1.591386	-0.03298515	0.5982296	1.609371	-0.01925491	0.3737847	1.650682	-0.001071724	0.0533314	1.698055	0.1372611	0.5332267	1.594538	-0.1874789	0.5134811	1.561723	0.07190568	0.05577278	1.665552	-0.07404565	0.04850696	1.654052	0.2389606	0.2650867	1.630484	-0.2655167	0.238579	1.593164	0.1240614	-0.305	1.681689	-0.0951665	-0.3018954	1.649714	0.1214142	-0.6211011	1.755331	-0.04197609	-0.6381616	1.761991	

0.3027003	-0.2133034	1.580086	-0.2675188	-0.2802309	1.545715	0.2768436	-0.3380054	1.533125	-0.235549	-0.4050816	1.503932	0.3440145	-0.2976564	1.560625	-0.197366	-0.3285243	1.575111	-0.02947759	0.432602	1.581301	-0.03241608	0.3237802	1.603676	-0.02629361	0.2593001	1.635443	-0.00730993	0.05949884	1.720903	0.01877225	-0.2148663	1.823539	0.1485623	0.2237277	1.636207	-0.194057	0.1982289	1.59999	0.09752879	-0.1968282	1.797044	-0.0608176	-0.2239545	1.773997	0.2875093	0.008610304	1.68712	-0.2752163	-0.05194646	1.637312	0.1512543	-0.4538023	1.586391	-0.07319947	-0.4885435	1.56735	0.1377922	-0.7067194	1.690298	-0.03100074	-0.6667051	1.727972	

0.3038898	-0.2180637	1.583199	-0.2675802	-0.2869733	1.54585	0.27933	-0.350942	1.531743	-0.2358135	-0.4196756	1.504308	0.3444811	-0.3111963	1.549222	-0.1922155	-0.3346199	1.59175	-0.02959865	0.4248951	1.584396	-0.03241513	0.3161443	1.606439	-0.02631553	0.2512172	1.641024	-0.007462758	0.04866964	1.741342	0.01825739	-0.2267553	1.877127	0.148748	0.2168946	1.639211	-0.1942002	0.190481	1.60317	0.09261339	-0.2135575	1.848987	-0.05687746	-0.2307801	1.829289	0.2878792	0.004337179	1.688889	-0.2751085	-0.05951814	1.639616	0.148948	-0.407443	1.571127	-0.07241589	-0.4581786	1.575723	0.1276924	-0.6351423	1.714734	-0.03112728	-0.6667072	1.727869	

0.3145296	-0.2573555	1.596483	-0.2637151	-0.3181517	1.552872	0.2941549	-0.3872539	1.561274	-0.235797	-0.4488594	1.512419	0.350352	-0.3239134	1.588917	-0.1976337	-0.3300695	1.5265	-0.03248201	0.3824829	1.607846	-0.03544597	0.2760217	1.630151	-0.02986033	0.2111475	1.668906	-0.01224031	0.0139867	1.773268	0.01294925	-0.2514026	1.898017	0.1472954	0.1849772	1.65472	-0.1867273	0.1650419	1.622684	0.0861895	-0.2410705	1.872533	-0.06095978	-0.2519069	1.847793	0.2945143	-0.03528539	1.701456	-0.2765601	-0.09161498	1.647962	0.1607012	-0.3070377	1.538291	-0.09336963	-0.3386399	1.511467	0.1259671	-0.6392044	1.715231	-0.04519176	-0.6840659	1.648198	

0.3117672	-0.2888148	1.614594	-0.2641418	-0.3379698	1.56118	0.298803	-0.4203647	1.58493	-0.2394272	-0.4659767	1.522491	0.2205143	-0.3181318	1.512474	-0.1753969	-0.3344877	1.503	-0.03209306	0.3579937	1.649501	-0.03550921	0.2504731	1.668779	-0.03144465	0.1869438	1.703146	-0.01831659	-0.0108813	1.799838	-0.001314425	-0.2854029	1.921819	0.1459682	0.151131	1.686797	-0.1861421	0.138817	1.662534	0.07244013	-0.2779061	1.893023	-0.07514146	-0.2819161	1.875047	0.2958583	-0.06675782	1.719905	-0.2791182	-0.1187531	1.673073	0.1578569	-0.297558	1.554903	-0.08937792	-0.3248768	1.5282	0.1251937	-0.6420546	1.714562	-0.04241249	-0.6713451	1.663342	

0.3095098	-0.2998123	1.637559	-0.269906	-0.3435311	1.592975	0.3046708	-0.4253692	1.615265	-0.244457	-0.470504	1.553584	0.2238197	-0.3118605	1.537156	-0.1829776	-0.3331296	1.5418	-0.03256413	0.3673049	1.698367	-0.03530528	0.2548361	1.710949	-0.03006126	0.1887107	1.741942	-0.01459166	-0.01409149	1.824739	0.003918415	-0.2897276	1.930395	0.1442075	0.1515232	1.722969	-0.1879854	0.139418	1.696648	0.0780546	-0.2814219	1.900453	-0.07050135	-0.2868756	1.884828	0.2886748	-0.07838205	1.743046	-0.2764097	-0.1218374	1.699945	0.1580447	-0.2968582	1.560655	-0.09542374	-0.3270478	1.53828	0.1253735	-0.645241	1.717017	-0.04668054	-0.67511	1.669226	

0.3078976	-0.3012937	1.646037	-0.2702343	-0.3425433	1.599882	0.2977525	-0.4402603	1.630442	-0.2439513	-0.4683853	1.566016	0.2207523	-0.3150445	1.54755	-0.1800695	-0.3283789	1.5085	-0.03273051	0.3697608	1.704918	-0.03590491	0.2577445	1.718141	-0.03051009	0.1913316	1.749111	-0.01428457	-0.01275144	1.831913	0.005694055	-0.2904656	1.934019	0.1439733	0.1525293	1.728252	-0.1877943	0.1415787	1.70271	0.08010714	-0.2819249	1.903751	-0.06905568	-0.2877946	1.888747	0.2853668	-0.07904487	1.749128	-0.2752332	-0.1211374	1.70756	0.1588849	-0.2969805	1.563635	-0.09751333	-0.3262354	1.542273	0.1250898	-0.6477064	1.721032	-0.04986978	-0.6747835	1.672463	

0.3100878	-0.2987182	1.693719	-0.266271	-0.3221804	1.64451	0.2913754	-0.4394197	1.665792	-0.2396762	-0.4561015	1.602068	0.2149928	-0.3282019	1.581219	-0.1641328	-0.3425396	1.551796	-0.02973003	0.3975391	1.766017	-0.03533774	0.2811847	1.773082	-0.02919781	0.2126481	1.799545	-0.01105233	-0.001708855	1.861131	0.009510099	-0.2896276	1.939991	0.1467879	0.1658136	1.779095	-0.1864519	0.1575596	1.749283	0.08303477	-0.2803472	1.907951	-0.06426974	-0.2879713	1.896881	0.27364	-0.07584701	1.790287	-0.2673641	-0.1007777	1.75239	0.1634545	-0.2955351	1.568267	-0.1054078	-0.3253694	1.55166	0.1253574	-0.6479592	1.721651	-0.0513634	-0.6742538	1.679015	

0.3139859	-0.3032043	1.764611	-0.2587744	-0.2962221	1.673398	0.3006353	-0.4380224	1.743966	-0.2285224	-0.4352762	1.637155	0.2661635	-0.3735284	1.693917	-0.1686406	-0.3398136	1.544283	-0.005168146	0.4324905	1.858471	-0.01387661	0.3112653	1.856989	-0.01042721	0.2412919	1.873106	0.0002083653	0.02536804	1.911555	0.01176026	-0.2816701	1.94488	0.160832	0.1842394	1.846421	-0.169227	0.1847143	1.814153	0.08544903	-0.2735609	1.911762	-0.06238082	-0.2789076	1.902686	0.2752533	-0.07697127	1.8503	-0.2536133	-0.07875454	1.789758	0.1633618	-0.2960451	1.571945	-0.12337	-0.3275043	1.562255	0.1257718	-0.6478863	1.722178	-0.05426994	-0.6768671	1.682255	

0.3348013	-0.3126802	1.872655	-0.249574	-0.177417	1.572081	0.3286699	-0.4409201	1.855435	-0.189258	-0.2926195	1.578227	0.2843555	-0.3938798	1.808857	-0.1760919	-0.1846165	1.532328	0.07088596	0.4375598	1.960397	0.05294631	0.3215204	1.965407	0.04921699	0.2526792	1.972188	0.03753048	0.04036244	1.982714	0.02126906	-0.2513444	1.985651	0.223216	0.1768645	1.960583	-0.1200056	0.2082025	1.907014	0.09243091	-0.2547897	1.944429	-0.05178213	-0.2411533	1.94599	0.2978435	-0.08522256	1.954769	-0.2429061	0.003591031	1.836531	0.1686777	-0.2891821	1.605375	-0.1664309	-0.2167312	1.617139	0.1300036	-0.6486976	1.71145	-0.08053248	-0.5808151	1.683665	

0.3387031	-0.3142467	1.896109	-0.2704773	-0.04850449	1.5943	0.3371787	-0.4438148	1.891212	-0.2416195	-0.1911795	1.523895	0.293734	-0.4024512	1.844944	-0.2230657	-0.147721	1.574429	0.07218886	0.4378687	1.967499	0.05275279	0.3215775	1.971595	0.04874543	0.252791	1.980111	0.0358509	0.04075778	1.997157	0.01709398	-0.2501849	2.0119	0.2241811	0.1764486	1.968283	-0.1197228	0.2084227	1.908769	0.08906746	-0.2547475	1.980495	-0.05620012	-0.2370557	1.970587	0.2985242	-0.0855369	1.971959	-0.2513471	0.009587133	1.837646	0.1698655	-0.2859255	1.620741	-0.1776552	-0.1577005	1.649728	0.1294204	-0.6461027	1.724436	-0.0851672	-0.5258464	1.690681	

0.3520434	-0.3096219	1.934709	-0.2557354	-0.008606343	1.579583	0.3538271	-0.4472883	1.926555	-0.2413743	-0.1094041	1.529656	0.3076685	-0.3937364	1.873304	-0.1801118	-0.06474686	1.591517	0.07159946	0.4378105	1.979302	0.05182993	0.3215977	1.983246	0.04853293	0.2528131	1.992543	0.03822475	0.0407941	2.010962	0.02362869	-0.2501628	2.025229	0.2250694	0.1777094	1.984532	-0.1201659	0.2092224	1.927369	0.09482447	-0.2540581	1.988607	-0.04943593	-0.2374801	1.987077	0.3060246	-0.07881761	1.997591	-0.2656227	0.03162625	1.827219	0.174795	-0.28383	1.62559	-0.1784465	-0.1257313	1.66261	0.1306173	-0.6450194	1.725116	-0.08927649	-0.4970635	1.688286	

0.3819079	-0.287462	1.972221	-0.2184417	-0.0113436	1.592814	0.3927586	-0.4451415	1.96204	-0.2089636	-0.04397073	1.556296	0.3463384	-0.3892321	1.906556	-0.1456711	-0.04795415	1.652759	0.06604004	0.4363907	2.001351	0.05042849	0.3183887	2.002778	0.04671086	0.249968	2.012921	0.03502167	0.03924749	2.033622	0.01859134	-0.2496134	2.050313	0.2285927	0.1802231	2.019226	-0.1231184	0.2081508	1.947336	0.09057967	-0.2540836	2.010567	-0.05421112	-0.2360233	2.013689	0.322248	-0.06105509	2.040129	-0.3063674	0.0804545	1.833342	0.1879319	-0.2805905	1.636551	-0.174764	-0.08454054	1.694834	0.1342713	-0.6423987	1.730507	-0.0983996	-0.4611969	1.685927	

0.3933451	-0.2854603	1.979012	-0.2447602	0.03134096	1.663358	0.4192869	-0.4399658	1.963936	-0.2075036	-0.06653951	1.568247	0.3646154	-0.3797704	1.916	-0.1538543	-0.03963683	1.658604	0.06205313	0.442001	2.011469	0.05037482	0.3185011	2.002553	0.04669039	0.2500616	2.0128	0.03505765	0.03932908	2.033645	0.01887982	-0.2493955	2.050754	0.2281864	0.1812935	2.027681	-0.1236128	0.2071485	1.954111	0.09082377	-0.2538307	2.011407	-0.0538538	-0.2358013	2.013937	0.3256526	-0.06093877	2.045033	-0.2787496	0.09779114	1.785706	0.1983292	-0.2774902	1.64396	-0.1753036	-0.08480261	1.695313	0.1360742	-0.6398194	1.732044	-0.1001823	-0.4617057	1.686037	

0.3949509	-0.283372	1.982094	-0.2476893	0.01495616	1.672915	0.422153	-0.4458929	1.963181	-0.1992757	-0.05326403	1.567203	0.3707649	-0.3799029	1.916571	-0.1488202	-0.04814363	1.662136	0.0597723	0.4337918	2.024439	0.04688441	0.3175052	2.028932	0.04355499	0.2492965	2.035103	0.03297457	0.03905337	2.045844	0.01797326	-0.2494453	2.054065	0.2280233	0.1810861	2.031594	-0.1230248	0.2059794	1.966866	0.09003516	-0.253848	2.013923	-0.054827	-0.2358846	2.018277	0.3281851	-0.05887122	2.049384	-0.2939649	0.07218923	1.839694	0.201528	-0.2771316	1.646566	-0.1763144	-0.08481846	1.695664	0.1366829	-0.6396503	1.73254	-0.1007202	-0.4616287	1.686396	

0.391602	-0.2851321	1.982235	-0.3211072	-0.0159331	1.627178	0.4010926	-0.4348888	1.96233	-0.2891825	-0.1082837	1.566101	0.342591	-0.3685935	1.913733	-0.2552094	-0.05565238	1.579304	0.05816846	0.4417603	2.039716	0.04681163	0.3176293	2.028727	0.04347738	0.24939	2.034971	0.03285366	0.03911775	2.04571	0.01759033	-0.2494085	2.053022	0.2273532	0.1800754	2.037422	-0.1263432	0.2037008	1.98203	0.08969866	-0.2536855	2.013208	-0.05523307	-0.2360064	2.016817	0.3265618	-0.06085636	2.052432	-0.2860297	0.0478339	1.867176	0.2018828	-0.2768824	1.646722	-0.1963787	-0.09204064	1.692521	0.1376607	-0.6394666	1.732847	-0.1003413	-0.4625629	1.712538	

0.391078	-0.2856748	1.980584	-0.3273841	-0.04989292	1.584147	0.3995952	-0.4502173	1.951352	-0.2857411	-0.1323575	1.567365	0.3458982	-0.3880549	1.892857	-0.2666979	-0.07355229	1.556193	0.05718909	0.4395837	2.043512	0.04462223	0.3178266	2.037581	0.04171669	0.249584	2.042188	0.03226227	0.03926587	2.048151	0.01762897	-0.249358	2.05277	0.2272644	0.1804026	2.039898	-0.128744	0.2020997	1.984844	0.08974445	-0.2534432	2.012699	-0.05520073	-0.2360435	2.016717	0.3267902	-0.06161423	2.052427	-0.3031438	0.0523462	1.811636	0.2022807	-0.2768717	1.646857	-0.1983611	-0.09385569	1.691898	0.1395899	-0.6391335	1.734962	-0.09897305	-0.4633645	1.713279	

0.3912652	-0.2865857	1.98004	-0.3227616	-0.03445136	1.618812	0.3986299	-0.4523644	1.951183	-0.3094327	-0.05844752	1.57411	0.3498704	-0.3825466	1.902731	-0.2553096	-0.06654773	1.572417	0.05705209	0.4397611	2.0445	0.04393204	0.318437	2.039375	0.04103669	0.2501335	2.043967	0.03179405	0.03957259	2.049247	0.01756752	-0.249309	2.052555	0.2272003	0.1801931	2.040022	-0.1290127	0.2020504	1.985439	0.08966541	-0.2533306	2.012351	-0.05523776	-0.2360376	2.016618	0.326985	-0.0625985	2.052143	-0.2836336	0.03955568	1.873135	0.2027291	-0.2769567	1.646891	-0.1995844	-0.09639803	1.690928	0.1399178	-0.6390678	1.735439	-0.09685472	-0.4645886	1.716053	

0.3907267	-0.2878108	1.978637	-0.330703	0.006801577	1.629547	0.3995845	-0.4501978	1.951275	-0.3011879	-0.09470654	1.563904	0.3491483	-0.382782	1.901892	-0.246125	-0.09235647	1.613273	0.05706474	0.4401499	2.04489	0.04393781	0.3185401	2.039164	0.04102659	0.2501897	2.043885	0.03176875	0.03958792	2.049261	0.01751702	-0.2493408	2.052307	0.2270126	0.1801508	2.040131	-0.1287125	0.20262	1.982267	0.08952788	-0.2533286	2.011684	-0.05524172	-0.2360621	2.01659	0.3276696	-0.06396376	2.052531	-0.2843342	0.03871408	1.873979	0.2031127	-0.2769839	1.646919	-0.201012	-0.09744433	1.690345	0.1403564	-0.6389667	1.735931	-0.09573852	-0.4646088	1.718175	

0.3904843	-0.288481	1.97814	-0.3258525	-0.004935763	1.625139	0.3998913	-0.4490634	1.954426	-0.2912529	-0.1300774	1.567805	0.348874	-0.382747	1.901194	-0.2343098	-0.07970823	1.611548	0.05714387	0.4404324	2.04487	0.0440735	0.3186629	2.038827	0.04110526	0.2502694	2.043714	0.03177545	0.0396011	2.049258	0.017563	-0.2493455	2.052025	0.2269855	0.1801006	2.040194	-0.1289696	0.2025611	1.982336	0.08956607	-0.2533051	2.011461	-0.05518557	-0.2361021	2.016301	0.3277295	-0.06475443	2.052763	-0.3172286	0.0958944	1.854511	0.2034647	-0.2769025	1.646863	-0.2012512	-0.09770671	1.690468	0.1405529	-0.6388111	1.736044	-0.09542537	-0.4646885	1.718503	

0.3896802	-0.2893698	1.977069	-0.2825073	-0.02825491	1.625564	0.3988377	-0.4413058	1.951461	-0.297155	-0.1239241	1.562666	0.3425516	-0.3780442	1.899284	-0.2355575	-0.1428403	1.619089	0.05715769	0.4405077	2.044766	0.04403591	0.318674	2.038577	0.04107874	0.2502707	2.043596	0.03176777	0.03959493	2.049261	0.01760317	-0.2494201	2.05188	0.2268295	0.1802211	2.040098	-0.1290459	0.2018416	1.98221	0.08961675	-0.2533135	2.011328	-0.05515184	-0.2362598	2.016159	0.3275417	-0.06576003	2.052711	-0.2847229	0.04263867	1.866258	0.2035748	-0.2768955	1.64693	-0.2017598	-0.09691928	1.690938	0.1408334	-0.6386415	1.73675	-0.09528282	-0.4637345	1.718885	

0.3884819	-0.2901054	1.976262	-0.3307472	0.002456843	1.622944	0.3974498	-0.4417188	1.952129	-0.2900541	-0.115927	1.557523	0.3406019	-0.3748914	1.895111	-0.2476095	-0.1101291	1.618213	0.05721637	0.4404709	2.044402	0.04410117	0.3186324	2.038208	0.04110483	0.2502194	2.043386	0.03174376	0.0395293	2.049246	0.01753047	-0.2496988	2.051648	0.2266566	0.1790622	2.039575	-0.1289493	0.2016557	1.982213	0.08959155	-0.2536004	2.011071	-0.05525596	-0.2365148	2.015983	0.3274407	-0.06640931	2.052676	-0.2847905	0.04264759	1.866212	0.2036376	-0.2768425	1.646853	-0.2056691	-0.09226211	1.691565	0.1409767	-0.6385247	1.736931	-0.09633448	-0.4582864	1.719687	

0.3879459	-0.2912634	1.975744	-0.3310535	0.002646754	1.623039	0.3969705	-0.4411861	1.949748	-0.2963478	-0.1254828	1.559978	0.3406039	-0.3757631	1.893618	-0.2487223	-0.1310228	1.617211	0.0572715	0.440462	2.044253	0.04419625	0.3185719	2.037958	0.04115967	0.2501765	2.043247	0.0317444	0.03951909	2.049247	0.01752837	-0.2497282	2.051551	0.2266525	0.1790706	2.039577	-0.1288667	0.2016314	1.982315	0.08959767	-0.2535986	2.010922	-0.05526043	-0.236564	2.015936	0.3279151	-0.06743041	2.052633	-0.2846212	0.04257362	1.866257	0.2037327	-0.276664	1.646877	-0.2058767	-0.09337099	1.691596	0.1412128	-0.6383621	1.736987	-0.0959297	-0.4591182	1.720421	

0.3878465	-0.2918912	1.975805	-0.327323	-0.0594292	1.570822	0.3972528	-0.4415098	1.951177	-0.2962242	-0.1364899	1.568513	0.3400018	-0.3695487	1.8936	-0.2488154	-0.1398228	1.618308	0.05735961	0.4403784	2.044085	0.04435096	0.3184713	2.037766	0.04125947	0.250092	2.043147	0.03176486	0.03944295	2.049284	0.0175239	-0.2498304	2.051516	0.2265646	0.1788905	2.039454	-0.1289147	0.200748	1.982569	0.08961518	-0.253643	2.010908	-0.05530294	-0.2367528	2.015889	0.328081	-0.06802773	2.052827	-0.3018896	0.04738638	1.796009	0.203909	-0.2766068	1.646961	-0.2062153	-0.09390131	1.691841	0.1413414	-0.6383167	1.737009	-0.09581967	-0.4594978	1.720769	

0.3871154	-0.2926193	1.975685	-0.3250917	-0.04737571	1.59489	0.3969894	-0.4412049	1.949843	-0.3007358	-0.1363143	1.571102	0.3384155	-0.3758838	1.88775	-0.2483054	-0.1528655	1.620762	0.05746883	0.4403843	2.044015	0.04456609	0.3184331	2.037625	0.04141831	0.250061	2.043056	0.03179926	0.03942994	2.049285	0.01755342	-0.2498512	2.051342	0.2265371	0.178867	2.039494	-0.1289381	0.2007781	1.98271	0.08966485	-0.2536429	2.01071	-0.05528842	-0.2367879	2.015765	0.3280082	-0.06860048	2.052781	-0.2931518	0.05177053	1.822777	0.204069	-0.2764209	1.64705	-0.207428	-0.09527659	1.691257	0.1413696	-0.6381625	1.736929	-0.095683	-0.4603014	1.721463	

0.3866029	-0.2927472	1.97564	-0.3229843	-0.04076058	1.609899	0.3965867	-0.4407485	1.947843	-0.2971428	-0.129615	1.566	0.342665	-0.3768982	1.895604	-0.2436573	-0.151644	1.614278	0.05757208	0.4399421	2.044021	0.04475521	0.3183316	2.03837	0.04159205	0.2499684	2.043665	0.03191166	0.03935914	2.049604	0.01769269	-0.2499069	2.051136	0.2264625	0.1787507	2.039196	-0.1291736	0.2007442	1.982816	0.08984073	-0.2536544	2.010508	-0.05518406	-0.2368835	2.015576	0.3279474	-0.06863982	2.052851	-0.2836696	0.03878191	1.869438	0.2042872	-0.2763758	1.647129	-0.2078952	-0.09733117	1.691761	0.1414162	-0.6381978	1.736648	-0.0954826	-0.4621632	1.721736	

0.3863512	-0.2928092	1.975507	-0.3231686	-0.04081209	1.610452	0.3969011	-0.4411252	1.949462	-0.2968495	-0.1360295	1.564463	0.3456423	-0.3708771	1.901374	-0.2463608	-0.154713	1.617625	0.05764052	0.4399498	2.043685	0.04480547	0.3183409	2.03804	0.04162845	0.2499707	2.04345	0.03191392	0.03935528	2.049591	0.01770677	-0.2499255	2.051049	0.2262893	0.1789208	2.039009	-0.1295185	0.2005123	1.982764	0.08986671	-0.2536321	2.01039	-0.0551761	-0.2369355	2.015517	0.3279073	-0.06864794	2.052729	-0.2839139	0.03873119	1.868939	0.2044429	-0.2763556	1.647079	-0.2080077	-0.0983184	1.691898	0.141458	-0.6381171	1.736739	-0.09543686	-0.4630927	1.72187	

0.3861976	-0.2928566	1.975539	-0.3232173	-0.04084552	1.610873	0.3973037	-0.4415655	1.951414	-0.2947748	-0.1362538	1.569545	0.3445241	-0.3799762	1.896795	-0.2447004	-0.1523324	1.614988	0.05767594	0.4400577	2.043508	0.04488734	0.3183882	2.037751	0.04171994	0.2499854	2.043267	0.03202942	0.03930778	2.049587	0.01811583	-0.2501547	2.050992	0.226184	0.1788701	2.038945	-0.1291021	0.2004822	1.982627	0.09029454	-0.2537892	2.010395	-0.05477792	-0.2372454	2.015419	0.3278864	-0.0686485	2.052723	-0.2838293	0.03889012	1.869012	0.2044508	-0.2763472	1.647107	-0.2084817	-0.09880502	1.691519	0.14164	-0.6381474	1.736734	-0.09571286	-0.4634775	1.721802	

0.3861297	-0.292722	1.975466	-0.3281701	-0.04621673	1.598903	0.4002043	-0.4429626	1.958047	-0.2963124	-0.1402097	1.565644	0.3452249	-0.3778669	1.896192	-0.2466374	-0.149271	1.616438	0.0577306	0.4401214	2.04325	0.0449422	0.318423	2.03744	0.04174825	0.2500089	2.043041	0.03201266	0.0393075	2.049555	0.01802706	-0.2501677	2.050865	0.226461	0.1781848	2.038921	-0.1291106	0.200461	1.982641	0.09023543	-0.2538188	2.010352	-0.05489395	-0.2372242	2.015181	0.3277773	-0.06854027	2.052705	-0.2903797	0.05280608	1.825902	0.2045177	-0.2763626	1.647111	-0.2086778	-0.09967833	1.691421	0.1416325	-0.6381586	1.736711	-0.09551825	-0.4641884	1.721982	

0.3861139	-0.292766	1.975396	-0.3248954	-0.03916462	1.614224	0.397919	-0.4415841	1.951216	-0.2929163	-0.1352528	1.567251	0.3418058	-0.3827309	1.892042	-0.2484519	-0.1533605	1.620011	0.05786419	0.4400503	2.042866	0.04500492	0.3184409	2.037237	0.04180057	0.2500222	2.042896	0.03202356	0.03930824	2.049543	0.01804874	-0.2501671	2.050807	0.2263527	0.178236	2.038796	-0.1289836	0.2003285	1.982478	0.09027281	-0.2537846	2.0102	-0.05488328	-0.2372347	2.015175	0.3278311	-0.06861014	2.052785	-0.2830443	0.04022199	1.865468	0.2046402	-0.2763061	1.647117	-0.2086246	-0.1003224	1.691349	0.1416759	-0.6381312	1.736579	-0.09547473	-0.4648097	1.722059	

0.3862719	-0.2928684	1.975491	-0.3241416	-0.03992679	1.612369	0.4015666	-0.4411907	1.949561	-0.2877326	-0.1329204	1.562268	0.3409242	-0.3793961	1.890072	-0.2450179	-0.1504886	1.614124	0.05795269	0.4399282	2.042442	0.04502393	0.3184661	2.037117	0.04181087	0.2500342	2.042809	0.03201693	0.03930053	2.049535	0.01800489	-0.2502284	2.050723	0.2264202	0.1782026	2.038754	-0.1289189	0.2002717	1.982424	0.09021542	-0.2538595	2.010071	-0.05491006	-0.2372791	2.015141	0.3279584	-0.0687222	2.052882	-0.3148844	0.08236553	1.862071	0.2047424	-0.2762685	1.647076	-0.2088427	-0.1018122	1.690724	0.142284	-0.6379792	1.7372	-0.09514236	-0.4659281	1.722884	

0.3863888	-0.2929228	1.975325	-0.3328367	0.00247522	1.622254	0.4000331	-0.4398367	1.944981	-0.2958009	-0.1019013	1.55582	0.3360832	-0.3644665	1.88525	-0.2486618	-0.09730507	1.612256	0.05814168	0.4399147	2.042154	0.04511543	0.3184207	2.036742	0.04187939	0.2499866	2.042529	0.03202378	0.03926359	2.049487	0.01799013	-0.2502857	2.05066	0.2265253	0.1781364	2.03864	-0.128975	0.2002205	1.98259	0.09021018	-0.2539286	2.009903	-0.05492931	-0.2373342	2.015141	0.3279838	-0.06880906	2.052741	-0.2928149	0.05060691	1.865141	0.2047896	-0.2762076	1.647043	-0.2085093	-0.1035429	1.690179	0.1423193	-0.6378717	1.737318	-0.09458758	-0.4674323	1.723387	

0.3864854	-0.2931168	1.975067	-0.3310913	-0.003650853	1.618867	0.3986869	-0.4400795	1.943362	-0.2875634	-0.1222179	1.557997	0.336833	-0.368109	1.88896	-0.2548646	-0.1167553	1.621161	0.05816513	0.4399004	2.042041	0.04513424	0.3184033	2.036623	0.04189857	0.2499614	2.042433	0.03203274	0.03922394	2.049465	0.01801454	-0.2503953	2.05057	0.2266441	0.1780386	2.038701	-0.1292649	0.1993451	1.982811	0.09024117	-0.2539941	2.009824	-0.05491352	-0.2374918	2.015061	0.3281914	-0.0690423	2.052714	-0.3092891	0.07967635	1.854373	0.2048032	-0.2762179	1.647046	-0.2085071	-0.1035921	1.690242	0.1423885	-0.6378926	1.737316	-0.0945804	-0.4673982	1.724036	

0.3865005	-0.2930106	1.974954	-0.3231619	-0.0472024	1.594805	0.4009745	-0.4408673	1.949553	-0.2907061	-0.1268814	1.559579	0.3394599	-0.3719167	1.890577	-0.2341762	-0.09334397	1.606	0.05826471	0.4393122	2.04198	0.04524799	0.3180577	2.037052	0.04199069	0.2497085	2.042731	0.03206444	0.0391438	2.049554	0.01803922	-0.2503741	2.050393	0.226684	0.1780554	2.038734	-0.1294258	0.1992036	1.982775	0.09026151	-0.2539521	2.009675	-0.0548852	-0.2374963	2.01489	0.3281803	-0.06897251	2.052702	-0.2872086	0.05300931	1.82159	0.2048936	-0.2761745	1.64701	-0.2079415	-0.1053961	1.689969	0.1424325	-0.6378205	1.737353	-0.09393292	-0.4689659	1.725126	

0.3863636	-0.2929084	1.974903	-0.3206319	-0.054673	1.595972	0.3999397	-0.4418778	1.9521	-0.2943205	-0.1402901	1.569147	0.3436817	-0.3811207	1.891332	-0.2425639	-0.1650028	1.616677	0.05844729	0.4393133	2.041885	0.04538269	0.3180427	2.036914	0.04212764	0.2496835	2.042605	0.03217914	0.03909434	2.049491	0.01821584	-0.2504655	2.050188	0.2267493	0.1779229	2.038789	-0.129443	0.1990689	1.982691	0.09042905	-0.2540101	2.009508	-0.05471076	-0.2376184	2.014675	0.3280656	-0.0689064	2.052795	-0.2867019	0.05023976	1.820896	0.2049638	-0.2761686	1.647019	-0.2080185	-0.1057535	1.689871	0.1425502	-0.6378186	1.737374	-0.09406404	-0.4692609	1.725555	

