0.3273838	0.09248618	2.395951	-0.1300024	0.08500978	2.369928	0.3326463	0.0127362	2.409349	-0.09634435	-0.000437858	2.396805	0.2786048	0.08919378	2.373182	-0.07755034	0.04598658	2.371389	0.07431576	0.8049518	2.405157	0.07903004	0.6762223	2.425004	0.0807311	0.6055115	2.435748	0.08561816	0.3877245	2.459498	0.09194872	0.08931995	2.482344	0.2381521	0.5571015	2.419925	-0.07194538	0.5526204	2.429934	0.1614255	0.08905723	2.444535	0.01982128	0.08700906	2.448628	0.3199411	0.3097882	2.434722	-0.1274279	0.2996846	2.425216	0.1860699	-0.2692234	2.577386	0.04412692	-0.2627727	2.577509	0.1992329	-0.5584951	2.631704	0.06305198	-0.5566139	2.602479	

0.3277104	0.09264269	2.396175	-0.1135304	0.08312061	2.389413	0.3313109	0.01304246	2.41072	-0.1013828	-7.792431E-05	2.39568	0.2795479	0.08627532	2.375642	-0.06300011	0.06389382	2.385193	0.07422081	0.8051675	2.405253	0.07902563	0.6762075	2.424943	0.08072684	0.6054807	2.43571	0.08561129	0.3876118	2.459504	0.09193218	0.08893782	2.482466	0.2381276	0.5570845	2.419859	-0.07193977	0.5525022	2.42995	0.1614102	0.08876322	2.444561	0.01980345	0.08652254	2.448853	0.3199226	0.3097796	2.434654	-0.1270892	0.3003949	2.425225	0.1857421	-0.2692459	2.577567	0.0442964	-0.2624362	2.577347	0.1999935	-0.5586468	2.632615	0.06302793	-0.5566648	2.60249	

0.3279685	0.09267516	2.39604	-0.1135038	0.08212357	2.389309	0.3311652	0.01303652	2.40964	-0.1014127	-7.772365E-05	2.396384	0.2801687	0.07532278	2.383533	-0.06324986	0.06420095	2.384687	0.07422446	0.8051502	2.405302	0.07901748	0.6761416	2.424867	0.08070931	0.6053957	2.435637	0.08555629	0.3874498	2.459439	0.09180115	0.08863556	2.48241	0.2381407	0.5570462	2.419791	-0.07221797	0.5520641	2.429964	0.1612853	0.08853316	2.444432	0.01966178	0.08613072	2.448856	0.3199152	0.3097812	2.434591	-0.1267063	0.2993913	2.425236	0.1857102	-0.2689739	2.577717	0.04580505	-0.2547508	2.575894	0.2020629	-0.5588252	2.633687	0.06278352	-0.5566624	2.602645	

0.3281694	0.09222271	2.396146	-0.1135871	0.0823713	2.389383	0.3359411	0.0127855	2.409608	-0.1013692	-7.747945E-05	2.395586	0.2817039	0.07806636	2.382707	-0.06334745	0.06345689	2.384643	0.07426009	0.8052039	2.405403	0.07918972	0.6761201	2.424886	0.08083089	0.6053643	2.435662	0.0855886	0.3873999	2.459475	0.09173834	0.08850892	2.482483	0.2381468	0.5570558	2.419802	-0.07223468	0.5520682	2.43005	0.1612289	0.08842295	2.444454	0.01959107	0.08598623	2.448979	0.3199663	0.309358	2.434425	-0.1264682	0.2996694	2.425241	0.1856139	-0.2689362	2.57781	0.04613239	-0.2516746	2.57429	0.2022749	-0.5586094	2.633692	0.06457403	-0.5608424	2.608636	

0.3281684	0.0921161	2.396013	-0.1135017	0.08235335	2.389437	0.3378881	0.009913849	2.410638	-0.09991518	-0.0004357698	2.396451	0.2820564	0.07144406	2.387579	-0.06333831	0.06486674	2.384783	0.07424354	0.8052263	2.405431	0.07913448	0.6761084	2.424895	0.08079261	0.60536	2.43567	0.08557934	0.3874069	2.459484	0.09174965	0.08855096	2.48249	0.2381571	0.5569821	2.419812	-0.07227273	0.5519981	2.430147	0.1612411	0.08846177	2.444435	0.01960476	0.08604566	2.44901	0.319953	0.3092296	2.434444	-0.1264574	0.2996608	2.425166	0.1856387	-0.2688467	2.578075	0.04725847	-0.2543139	2.574138	0.2030804	-0.5590404	2.635131	0.0631822	-0.5595281	2.606775	

0.3283128	0.09218808	2.395904	-0.113465	0.08199209	2.389417	0.3380947	0.00918772	2.412097	-0.1011957	-7.664179E-05	2.391487	0.2826028	0.07042864	2.384086	-0.06464072	0.06232358	2.382579	0.07425749	0.8054543	2.405356	0.07910601	0.6760953	2.424829	0.08077022	0.6053384	2.435611	0.08557113	0.3873594	2.459439	0.09176326	0.08846263	2.482454	0.2381654	0.5569929	2.419818	-0.07246795	0.5519392	2.430273	0.1612566	0.088378	2.444354	0.01961775	0.08594851	2.449003	0.3199643	0.3093003	2.434372	-0.1265178	0.2993432	2.424787	0.1857118	-0.2688039	2.578304	0.04738377	-0.2552058	2.573804	0.2052934	-0.5591339	2.636096	0.06273185	-0.5594783	2.606284	

0.3299111	0.09171201	2.394263	-0.1134701	0.08178163	2.389408	0.3345493	0.01248827	2.410392	-0.09981389	-0.0004367105	2.394179	0.2804871	0.07732548	2.381004	-0.06346869	0.06572573	2.383662	0.07424665	0.8054568	2.405334	0.07909187	0.6760367	2.424755	0.08075602	0.6052851	2.435545	0.08555659	0.3873228	2.459397	0.09175094	0.08844944	2.482435	0.2381945	0.5569297	2.419736	-0.07249875	0.5517924	2.430131	0.16124	0.08836478	2.444296	0.01960828	0.08593696	2.449001	0.3201732	0.3086086	2.434183	-0.1265206	0.2991865	2.424699	0.1854097	-0.268779	2.578238	0.04652292	-0.2562515	2.574102	0.2059258	-0.5584114	2.635755	0.06397843	-0.557852	2.6055	

0.3302189	0.09185424	2.394095	-0.1134881	0.08156644	2.38945	0.3381698	0.008453113	2.412641	-0.1012731	-0.0007359053	2.393339	0.2857043	0.0578356	2.3988	-0.06638242	0.04848731	2.377473	0.07430308	0.8055635	2.405288	0.07903527	0.6760447	2.42477	0.08071051	0.605278	2.435559	0.08551918	0.3872598	2.459412	0.09173393	0.08823004	2.482447	0.2381888	0.5569	2.419675	-0.07247708	0.5516649	2.43001	0.1612264	0.0881588	2.444193	0.01958453	0.08566063	2.449136	0.3202499	0.3087557	2.434102	-0.1265099	0.2990341	2.424441	0.1853082	-0.2687234	2.578459	0.04730262	-0.2522969	2.572857	0.2053416	-0.5592948	2.636026	0.06297815	-0.5572918	2.605348	

0.3301455	0.09237459	2.394017	-0.1134821	0.0815739	2.389466	0.3379979	0.009185002	2.411475	-0.09996616	-0.0004394231	2.397726	0.2826896	0.06845005	2.388794	-0.06489778	0.04599594	2.378161	0.07440231	0.8058556	2.405027	0.0790529	0.6760354	2.424715	0.08072496	0.6052651	2.43551	0.08552542	0.387239	2.459381	0.0917319	0.08820851	2.482431	0.2382122	0.5568141	2.419598	-0.07247715	0.5516657	2.430013	0.1612253	0.08811006	2.444139	0.01958309	0.08565696	2.449137	0.3201416	0.3092763	2.433968	-0.126504	0.2990382	2.424416	0.1853014	-0.2687238	2.57848	0.04325221	-0.2323186	2.562986	0.2050174	-0.5595171	2.636391	0.0630019	-0.5574316	2.606935	

0.3300937	0.09285878	2.39414	-0.113388	0.08166759	2.389513	0.3345483	0.0124875	2.410311	-0.09979043	-0.0004372984	2.393637	0.2820501	0.06944121	2.385703	-0.0629073	0.06545434	2.384134	0.07439882	0.8058217	2.405075	0.07902166	0.6759664	2.424844	0.0806953	0.6051923	2.435607	0.08549523	0.3871472	2.459414	0.091687	0.08805858	2.482372	0.2382327	0.5566497	2.419506	-0.07255229	0.5513076	2.430191	0.1611562	0.08763855	2.444056	0.01955494	0.08565085	2.449093	0.3201467	0.3097234	2.434045	-0.1265019	0.2990881	2.424379	0.1856357	-0.2684165	2.57857	0.04593867	-0.2464266	2.568896	0.2047099	-0.5592884	2.635861	0.062815	-0.5571904	2.606472	

0.3303985	0.09295253	2.394169	-0.1133664	0.08185714	2.389514	0.3381939	0.00989905	2.407643	-0.0998651	-0.0004382439	2.395092	0.2783352	0.07603332	2.379	-0.06209663	0.06462985	2.384069	0.07442104	0.8057808	2.405057	0.07911969	0.6759098	2.424859	0.08076479	0.6051397	2.435617	0.08550957	0.3871038	2.459414	0.09164406	0.08800723	2.482354	0.2382854	0.5565887	2.419529	-0.07260025	0.5513357	2.430188	0.1610845	0.08744807	2.444086	0.01950553	0.0856768	2.449019	0.3201706	0.3097553	2.434068	-0.1265334	0.2992342	2.424321	0.1856209	-0.2683918	2.578596	0.04605783	-0.2460247	2.56898	0.2064069	-0.5610902	2.636244	0.06267456	-0.5570503	2.606118	

0.3302244	0.09292898	2.394277	-0.1133357	0.08173822	2.389447	0.3406876	0.008360007	2.412976	-0.1014105	-7.667999E-05	2.396593	0.2820989	0.06913418	2.387815	-0.06282009	0.05922838	2.381598	0.0744585	0.8057637	2.404997	0.07909798	0.6759315	2.424869	0.08073699	0.605149	2.435628	0.08541911	0.3870526	2.459431	0.0913878	0.08777576	2.482371	0.2382673	0.5566285	2.419478	-0.0726972	0.5513282	2.430185	0.1607659	0.08699458	2.444114	0.01931236	0.08562101	2.449023	0.3202066	0.3097311	2.434028	-0.1267192	0.2990897	2.42408	0.1855417	-0.2684678	2.578638	0.04601714	-0.2456084	2.569949	0.2053098	-0.5612995	2.635856	0.06210795	-0.5568172	2.605682	

0.3300348	0.09306851	2.394582	-0.113385	0.08212205	2.389505	0.3343514	0.01247992	2.408982	-0.09971719	-0.0004350851	2.391731	0.2796887	0.09162574	2.37592	-0.06278095	0.06521387	2.384112	0.0744905	0.8057744	2.405047	0.07896984	0.6759509	2.425004	0.08065177	0.6051554	2.435732	0.08541086	0.387043	2.459469	0.09144128	0.08775251	2.482386	0.2383691	0.5565665	2.419636	-0.07276127	0.5511765	2.43018	0.1609039	0.08680326	2.444163	0.01936269	0.08569882	2.449014	0.3202064	0.3098641	2.434069	-0.1265751	0.2994478	2.424015	0.1850397	-0.2684959	2.578934	0.0460394	-0.2505848	2.571132	0.2041822	-0.5592772	2.63389	0.06276216	-0.5573294	2.605254	

0.3299875	0.09365884	2.394953	-0.1133989	0.08216956	2.389545	0.3311676	0.01248766	2.409699	-0.1032518	-0.0003701846	2.396539	0.2772653	0.09192622	2.373044	-0.06247479	0.05984685	2.383577	0.07451346	0.8058106	2.405096	0.0790638	0.6759421	2.424912	0.08070064	0.6051443	2.435685	0.08540771	0.3870346	2.459478	0.09131254	0.08771092	2.482508	0.238366	0.5566509	2.419654	-0.07275988	0.5511772	2.430183	0.1607418	0.08661909	2.444337	0.0192259	0.08578959	2.44912	0.3202054	0.3104397	2.434146	-0.1265946	0.2994426	2.424002	0.1851027	-0.2685223	2.57907	0.04504184	-0.2547096	2.572463	0.203575	-0.5600367	2.634818	0.06232333	-0.5571527	2.604972	

0.3299976	0.09371421	2.394959	-0.1136032	0.08226727	2.389551	0.3308828	0.01247525	2.407629	-0.0998907	-0.0004370146	2.396006	0.279073	0.0840591	2.377553	-0.06297655	0.06252011	2.384479	0.07461848	0.8057804	2.405227	0.07906009	0.6759415	2.424918	0.08068619	0.605139	2.435696	0.08531746	0.3869985	2.459514	0.09105604	0.08763795	2.482588	0.2383638	0.5566677	2.419605	-0.07268123	0.5511505	2.430075	0.1604913	0.08640296	2.444433	0.0189183	0.08588101	2.449186	0.3202022	0.3104413	2.434157	-0.1265318	0.2995074	2.423975	0.1845647	-0.2680719	2.578882	0.04520782	-0.2556764	2.57328	0.2042337	-0.5584254	2.634239	0.06225056	-0.5575464	2.60493	

0.3300581	0.09406391	2.395968	-0.1136336	0.08238218	2.389892	0.3353879	0.009234497	2.413721	-0.09971526	-0.0003684235	2.400204	0.2860573	0.06395493	2.3875	-0.06422239	0.05875737	2.384056	0.07450481	0.8058322	2.405444	0.07901829	0.6759562	2.425021	0.08062913	0.6051446	2.435826	0.08519965	0.3869653	2.459748	0.09085706	0.08756724	2.482972	0.2383907	0.5566903	2.419724	-0.07268186	0.5511507	2.430151	0.1603366	0.0862348	2.444705	0.01866732	0.08598737	2.44972	0.3201541	0.3108294	2.434405	-0.1266233	0.2995741	2.424211	0.1846836	-0.2679693	2.579304	0.04559038	-0.2559237	2.573782	0.2074897	-0.5590149	2.636925	0.06189039	-0.5575549	2.604458	

0.3296105	0.09417156	2.396672	-0.1137167	0.08243993	2.3906	0.3313773	0.01249554	2.411202	-0.1001229	-0.0002953433	2.404217	0.2810155	0.08661346	2.383905	-0.06487639	0.05627881	2.386481	0.07439689	0.8058954	2.405638	0.07874015	0.6758351	2.425422	0.08033605	0.6050058	2.436233	0.08486623	0.3867795	2.460169	0.09051822	0.0873775	2.483364	0.2383168	0.5566407	2.420089	-0.07283688	0.5509671	2.430501	0.1600515	0.085962	2.44511	0.01829869	0.08592299	2.450078	0.3200378	0.3109626	2.434567	-0.1267738	0.2996192	2.424435	0.1846426	-0.267922	2.579408	0.04548355	-0.25699	2.575251	0.2088237	-0.5598466	2.63779	0.06178826	-0.5573075	2.604463	

0.3291322	0.09431282	2.397273	-0.1138657	0.08326294	2.391955	0.3298825	0.01274952	2.411375	-0.1027933	-0.000366347	2.404804	0.2802601	0.08309529	2.387512	-0.06371626	0.06690253	2.389933	0.0741858	0.8060356	2.406116	0.07856353	0.6759381	2.426069	0.08009419	0.6050806	2.436923	0.08439154	0.3867638	2.461017	0.08967313	0.08726268	2.484434	0.2382106	0.5567212	2.42041	-0.07338102	0.5513417	2.431265	0.1593796	0.08567467	2.445952	0.01729081	0.08608831	2.451392	0.3198161	0.311105	2.43474	-0.1272196	0.3003843	2.42557	0.1849025	-0.2686544	2.579659	0.04560126	-0.2534883	2.575364	0.2085176	-0.5600368	2.637601	0.06210924	-0.5574203	2.604298	

0.3283192	0.09432609	2.398264	-0.1140345	0.08342558	2.392464	0.3316483	0.01305727	2.413157	-0.1034693	-0.0003704632	2.401989	0.2816502	0.09409716	2.385	-0.06378066	0.06653146	2.39092	0.07366186	0.8059625	2.406781	0.07765009	0.6760582	2.426825	0.07926492	0.6051551	2.437665	0.08380079	0.3867272	2.461719	0.08937629	0.08715092	2.485069	0.2378048	0.5570372	2.421142	-0.0739043	0.5510923	2.431573	0.1591378	0.08558121	2.446617	0.01696746	0.08599328	2.45196	0.3194722	0.3111484	2.435151	-0.1273179	0.3005098	2.425868	0.1850557	-0.2687761	2.579777	0.04595716	-0.2552071	2.576185	0.2098054	-0.5624781	2.639058	0.06187135	-0.5579095	2.603863	

0.3278473	0.09476777	2.398516	-0.1142484	0.08287569	2.393248	0.3316111	0.01305495	2.412908	-0.1048706	8.91746E-05	2.400476	0.2827681	0.08436009	2.388583	-0.06404232	0.06639324	2.391714	0.07311567	0.8059965	2.407514	0.07676922	0.6761642	2.42782	0.07844824	0.6052409	2.438623	0.08318493	0.3867662	2.462555	0.08903593	0.0871759	2.485724	0.2372854	0.5571002	2.421451	-0.07454152	0.5512936	2.432146	0.1588694	0.08555276	2.446974	0.01657813	0.08613127	2.452986	0.3191069	0.3114941	2.435884	-0.1281285	0.2999072	2.426366	0.1850278	-0.2686339	2.580065	0.04562509	-0.2560289	2.576663	0.2094611	-0.560594	2.63743	0.06269652	-0.5583605	2.604967	

0.3274454	0.09485393	2.399681	-0.1151555	0.08057157	2.394135	0.3302242	0.01276407	2.413916	-0.1068869	-0.0002658178	2.403387	0.2824712	0.08921243	2.388496	-0.06436984	0.06536496	2.390684	0.0725548	0.8062205	2.408538	0.07650413	0.6763166	2.428865	0.07816329	0.605373	2.439638	0.08285742	0.3868456	2.463477	0.08870228	0.08722298	2.4865	0.2364941	0.5575749	2.423056	-0.07530889	0.5512669	2.433014	0.1585664	0.08558004	2.44766	0.01623997	0.08621809	2.453804	0.3183568	0.3115787	2.43698	-0.1278346	0.297651	2.427437	0.1849346	-0.2686056	2.5803	0.04576427	-0.2562783	2.576738	0.208174	-0.5612408	2.637464	0.06681941	-0.5619586	2.60827	

0.3269878	0.09508305	2.400407	-0.1155024	0.08054763	2.395031	0.3304667	0.01289653	2.420329	-0.1034829	-0.0003693406	2.403543	0.2767435	0.09916082	2.383174	-0.06466601	0.06129492	2.387707	0.06986794	0.8065488	2.4115	0.07557219	0.6766118	2.431031	0.07726379	0.6056197	2.441644	0.08207493	0.3869695	2.465033	0.08811785	0.08725227	2.487517	0.2353481	0.5580984	2.424888	-0.07651052	0.5506603	2.434332	0.1579783	0.085678	2.448587	0.01569263	0.0861956	2.454872	0.3174653	0.3117665	2.43788	-0.1289553	0.2975744	2.428413	0.1840864	-0.268289	2.580453	0.04471983	-0.2518771	2.576429	0.2082015	-0.5611767	2.637805	0.06388199	-0.5576169	2.605665	

0.325245	0.09449896	2.402322	-0.1158489	0.08147737	2.395756	0.3275421	0.01283313	2.418271	-0.1016823	-0.0007383177	2.40298	0.2748814	0.09012367	2.385161	-0.06380367	0.06810506	2.392752	0.06863947	0.8066152	2.412982	0.07393279	0.6765065	2.433346	0.07573082	0.6055272	2.443843	0.08086839	0.3869179	2.466878	0.08734868	0.08727369	2.488883	0.2343359	0.5585003	2.426702	-0.07812256	0.55033	2.435919	0.1570918	0.08571225	2.450225	0.01506633	0.0862247	2.455954	0.316912	0.3113322	2.438951	-0.1297904	0.2984172	2.429637	0.183997	-0.2686956	2.581033	0.04485121	-0.2437627	2.572863	0.2092413	-0.559734	2.638145	0.06289522	-0.5576867	2.605505	

0.3247371	0.09444816	2.403268	-0.1163288	0.08237322	2.396657	0.3241958	0.01284197	2.420184	-0.1060612	-0.0003673281	2.406489	0.2747901	0.09932686	2.389423	-0.06419614	0.06701181	2.391281	0.06595201	0.8068869	2.415752	0.07084343	0.6770027	2.436793	0.07297103	0.6059414	2.44693	0.07902667	0.3871276	2.468981	0.08651335	0.08731799	2.48992	0.2320755	0.5590205	2.428986	-0.08001385	0.5505027	2.437695	0.1562673	0.08585633	2.451119	0.0142529	0.08617667	2.457113	0.315661	0.3110976	2.441067	-0.1309705	0.2992561	2.430654	0.183246	-0.2666308	2.580285	0.04381823	-0.2418687	2.573052	0.21075	-0.5565273	2.638019	0.06255929	-0.5577272	2.605234	

0.3238975	0.09437813	2.404415	-0.1178638	0.08236609	2.397756	0.325901	0.01474329	2.419585	-0.1045412	-4.087348E-05	2.409606	0.2770095	0.09459941	2.390951	-0.06446573	0.06685083	2.389125	0.06526853	0.8071644	2.416351	0.07007912	0.677182	2.437719	0.07219392	0.6061019	2.447862	0.07825854	0.3872235	2.469882	0.08587956	0.08733103	2.490665	0.2312377	0.5589445	2.430109	-0.08175494	0.550743	2.43948	0.1556833	0.08593588	2.451741	0.01359307	0.08612764	2.457965	0.3146771	0.3109925	2.442428	-0.1323884	0.2992415	2.431884	0.1820822	-0.2649928	2.57973	0.04317619	-0.2401569	2.572434	0.211584	-0.5544796	2.637093	0.0617283	-0.557641	2.604562	

0.32282	0.0950184	2.406063	-0.1184117	0.08231349	2.398355	0.3244066	0.01285026	2.421736	-0.1084314	-7.657109E-05	2.406208	0.2741045	0.09520143	2.390468	-0.06513435	0.06461334	2.391657	0.06416402	0.8073929	2.417821	0.06803201	0.6770498	2.439899	0.07027738	0.6060152	2.449887	0.07676086	0.3872551	2.471432	0.08497037	0.08747224	2.491594	0.230106	0.5589651	2.431552	-0.08279449	0.5503185	2.440172	0.1547853	0.08614802	2.452804	0.01270451	0.08621281	2.458748	0.3128956	0.3116306	2.443725	-0.1344838	0.2990129	2.433001	0.1817505	-0.2656602	2.580567	0.04351915	-0.2391575	2.571299	0.2116411	-0.5544651	2.637116	0.06139548	-0.5577717	2.604387	

0.3218337	0.09572405	2.407076	-0.1190119	0.0821721	2.398875	0.3240764	0.01283613	2.41937	-0.1083869	-7.626593E-05	2.405209	0.2756168	0.08531012	2.395679	-0.06513693	0.0648248	2.390139	0.06293344	0.8074308	2.419197	0.06720058	0.6771384	2.440612	0.06946056	0.6060916	2.450606	0.07601812	0.3872953	2.472144	0.08440504	0.08747564	2.492219	0.2287967	0.5591666	2.432691	-0.08381464	0.5498958	2.440737	0.1542417	0.08623722	2.453508	0.01213402	0.08614438	2.459284	0.3117265	0.3122726	2.445019	-0.1354339	0.2988147	2.433609	0.1813633	-0.2645233	2.580404	0.04337553	-0.2391837	2.571465	0.2107105	-0.5551574	2.636901	0.06049706	-0.5572461	2.604126	

0.3216823	0.09612475	2.407523	-0.1201896	0.08225404	2.399449	0.3243665	0.01284885	2.421462	-0.110336	-0.0003707739	2.408244	0.2760402	0.09341317	2.391803	-0.06632762	0.06492537	2.39132	0.06230679	0.8075653	2.420046	0.06671547	0.6772087	2.441461	0.06893981	0.606137	2.451448	0.0754023	0.3872652	2.472951	0.08371386	0.08735199	2.492928	0.2280301	0.5584267	2.43395	-0.0849094	0.5498391	2.442003	0.1536008	0.08615677	2.454076	0.01141756	0.08598498	2.460126	0.3107062	0.3125741	2.445558	-0.1360137	0.2989174	2.434018	0.1807102	-0.2650781	2.581146	0.04249183	-0.2386322	2.571521	0.2114087	-0.5556826	2.637274	0.06055316	-0.5571457	2.604149	

0.3201971	0.09682456	2.40866	-0.1210847	0.0818697	2.400384	0.3294804	0.01389538	2.428335	-0.1133502	-0.0003717268	2.409333	0.2733195	0.08718663	2.399318	-0.07075573	0.06734295	2.396281	0.06076446	0.8080358	2.421478	0.06490971	0.6776288	2.443037	0.06729786	0.606516	2.452922	0.07423422	0.3875319	2.474122	0.08310834	0.08750021	2.493705	0.2262668	0.5590593	2.436294	-0.08621419	0.550065	2.443039	0.152989	0.08642525	2.454967	0.01083585	0.08602906	2.460783	0.3087759	0.3131678	2.447101	-0.1372547	0.2984815	2.4349	0.1807351	-0.265884	2.582638	0.04224728	-0.238517	2.571706	0.2113463	-0.5534667	2.636953	0.06024215	-0.5568163	2.604189	

0.31861	0.09727171	2.409365	-0.1223606	0.08181734	2.401059	0.323807	0.01335943	2.428534	-0.1129327	0.0001639306	2.406203	0.2698887	0.08996999	2.393311	-0.07049859	0.06756629	2.39574	0.05912473	0.808302	2.422811	0.0640249	0.6779212	2.443571	0.06645152	0.6067951	2.453472	0.07352187	0.3877685	2.474701	0.08261497	0.08767998	2.494279	0.2249825	0.5595077	2.43726	-0.08718612	0.5503821	2.443773	0.1525278	0.08666836	2.455436	0.01032114	0.08613782	2.461455	0.3075374	0.3135797	2.448058	-0.1377982	0.2985039	2.435133	0.1807204	-0.265949	2.582801	0.04004083	-0.2519206	2.576987	0.2117637	-0.5541184	2.6373	0.05969995	-0.5566397	2.60423	

0.3178435	0.09752364	2.41021	-0.1239361	0.08180277	2.402339	0.3250734	0.01372699	2.430286	-0.1135468	-0.0004386615	2.406839	0.2700964	0.0786974	2.399952	-0.07071851	0.06768829	2.396011	0.05788945	0.8084354	2.423705	0.0635837	0.6780492	2.443899	0.06598217	0.6069154	2.453848	0.07297642	0.387858	2.475232	0.0820108	0.08771463	2.495018	0.224366	0.5594473	2.437818	-0.08837108	0.5508323	2.444425	0.1519987	0.08670004	2.456264	0.009661249	0.08617944	2.4621	0.3066501	0.313825	2.448712	-0.1385841	0.2985963	2.435662	0.1807657	-0.2659752	2.583209	0.03985566	-0.2473896	2.575401	0.211684	-0.5538941	2.636986	0.05892324	-0.5560887	2.604002	

0.315215	0.09755231	2.41169	-0.124522	0.08161873	2.402847	0.32163	0.01959984	2.426123	-0.11511	-7.667406E-05	2.407912	0.2682781	0.09697448	2.394192	-0.07109564	0.064487	2.396187	0.05593916	0.8084626	2.424577	0.06159768	0.6782741	2.444892	0.06410082	0.6071072	2.454845	0.0714214	0.3879579	2.47622	0.08090439	0.0877151	2.495947	0.2231001	0.5596292	2.438453	-0.08960132	0.5509527	2.444952	0.1509788	0.0867377	2.457065	0.00850506	0.08614479	2.463144	0.3058395	0.314055	2.449232	-0.1395322	0.2984013	2.435853	0.1806349	-0.2653873	2.583452	0.03990895	-0.2457856	2.575111	0.2122487	-0.5512546	2.636233	0.05868482	-0.5555196	2.604292	

0.3148005	0.09805396	2.41236	-0.1249789	0.08087175	2.403528	0.3184525	0.01953971	2.426924	-0.115128	-7.790136E-05	2.408312	0.2707194	0.09466446	2.398284	-0.07220492	0.06510916	2.397949	0.05426203	0.8085775	2.425023	0.06040639	0.6780875	2.445505	0.06291373	0.6069101	2.455536	0.0702585	0.3877271	2.477153	0.07981822	0.0874371	2.497228	0.2220352	0.5594714	2.43863	-0.09047454	0.5507037	2.445055	0.1497823	0.08642888	2.45858	0.007560145	0.08591045	2.464194	0.3048546	0.3144915	2.450082	-0.1409652	0.2975782	2.436436	0.1804783	-0.2649963	2.583633	0.03978067	-0.2439608	2.57447	0.2113878	-0.5514504	2.635581	0.05770203	-0.5550277	2.60433	

0.3154017	0.09834433	2.415143	-0.1257902	0.08062384	2.404296	0.3171284	0.01924959	2.428349	-0.1128209	-0.003231308	2.417903	0.2716576	0.09132957	2.404153	-0.07236247	0.06472606	2.400052	0.05267875	0.8083159	2.425033	0.05965285	0.678095	2.445411	0.06216804	0.6069431	2.45554	0.06947327	0.3878446	2.477465	0.07889111	0.08772643	2.498106	0.2209409	0.5597121	2.439089	-0.09166594	0.5506092	2.445157	0.1486662	0.08685201	2.459831	0.006829824	0.08608738	2.464755	0.3040243	0.3148998	2.451123	-0.1418585	0.2973517	2.436792	0.180057	-0.2652984	2.584394	0.03937231	-0.2426742	2.575401	0.2117285	-0.5513055	2.636894	0.05800123	-0.5551212	2.604513	

0.315	0.0986364	2.415819	-0.1266951	0.08148727	2.405187	0.3204373	0.01924794	2.428314	-0.1132916	-0.0005739887	2.416963	0.2725712	0.08696561	2.407606	-0.07221227	0.06572227	2.39939	0.05147446	0.8084824	2.424894	0.05794274	0.6777371	2.445293	0.06070058	0.6066882	2.455589	0.06855879	0.3878203	2.477885	0.07838778	0.08795923	2.499032	0.2200035	0.5598997	2.43945	-0.09227194	0.5505532	2.445007	0.1483127	0.08698172	2.460549	0.006179569	0.08643346	2.465875	0.3032257	0.3150808	2.452355	-0.1423661	0.2982494	2.437436	0.1755156	-0.2468	2.578931	0.03837512	-0.2462537	2.576019	0.211417	-0.5518889	2.637937	0.05769965	-0.5547118	2.604723	

0.3131941	0.09723189	2.418847	-0.1276426	0.08115382	2.406248	0.3180145	0.01913222	2.437544	-0.1120717	-0.0007863357	2.418326	0.2623161	0.1002402	2.401739	-0.07785353	0.07193342	2.40838	0.04958083	0.808835	2.423933	0.05617982	0.6777259	2.444419	0.05916979	0.606704	2.455151	0.06736434	0.3879163	2.478438	0.07712347	0.08828837	2.50173	0.2190316	0.5604476	2.439779	-0.09375316	0.5509191	2.444436	0.1468924	0.08721665	2.464459	0.005126236	0.08680101	2.467566	0.3020478	0.31379	2.454749	-0.1436127	0.2979491	2.438022	0.1779927	-0.2547689	2.58439	0.03806479	-0.2473688	2.576981	0.2114418	-0.5527803	2.638165	0.05772323	-0.5547441	2.605006	

0.3131922	0.09785666	2.421624	-0.1297065	0.08153526	2.408285	0.3210333	0.01918257	2.441071	-0.1155714	5.993758E-05	2.420497	0.2613464	0.1048216	2.404701	-0.0809238	0.05112722	2.405657	0.0481664	0.8083505	2.421722	0.05398487	0.6773648	2.442644	0.05739404	0.6065319	2.454122	0.06639953	0.3880921	2.478771	0.07641584	0.08927944	2.504479	0.2176299	0.5608063	2.439424	-0.0947436	0.5511838	2.443714	0.1463355	0.08831308	2.467688	0.004334635	0.08765721	2.469759	0.3009029	0.3144314	2.456834	-0.1443048	0.2985819	2.438436	0.1788072	-0.2615499	2.589624	0.03857196	-0.2434632	2.577731	0.2095011	-0.5524307	2.637255	0.05690158	-0.5530037	2.604114	

0.313121	0.09812065	2.423257	-0.1310786	0.08115146	2.409503	0.3226022	0.01831896	2.445019	-0.1170736	-0.004800627	2.425425	0.2617647	0.1001419	2.409952	-0.07958232	0.06712785	2.414849	0.04679179	0.807842	2.419927	0.052599	0.67699	2.440442	0.05622819	0.6062968	2.452772	0.06582227	0.388118	2.478934	0.07589302	0.08972921	2.507176	0.2171521	0.5608285	2.439444	-0.09562311	0.551355	2.442292	0.1459839	0.08873171	2.470156	0.003648696	0.08812825	2.472589	0.3001432	0.3146349	2.458697	-0.1452687	0.2983082	2.438797	0.1727024	-0.2359996	2.580747	0.03868539	-0.2433803	2.578418	0.2086223	-0.5493565	2.635235	0.05674393	-0.5525664	2.604357	

0.3142404	0.09871829	2.426057	-0.1324478	0.08091521	2.410714	0.3261465	0.02068806	2.446256	-0.1223522	-0.0007426598	2.42021	0.2624945	0.1086002	2.415278	-0.08174989	0.06336432	2.419714	0.04507926	0.8077075	2.417311	0.05066954	0.676386	2.437383	0.05452016	0.6058809	2.450837	0.06473424	0.3880977	2.479268	0.07458512	0.09025795	2.511497	0.2160422	0.5607868	2.438865	-0.09676217	0.5515344	2.439955	0.1447761	0.08926233	2.474851	0.002294482	0.08864852	2.476479	0.2997349	0.3152441	2.460578	-0.1463338	0.298179	2.439114	0.1742521	-0.2569169	2.590458	0.03895461	-0.2419024	2.578631	0.2084582	-0.5496663	2.635276	0.05661879	-0.5526025	2.604486	

0.3153449	0.09950944	2.426612	-0.1347718	0.08063791	2.410979	0.3307689	0.02122809	2.438079	-0.1237823	-0.0004411537	2.418928	0.2752689	0.09064892	2.435583	-0.08726683	0.07131844	2.421637	0.04258647	0.8072657	2.414671	0.04810343	0.6759393	2.434564	0.05204288	0.6055432	2.448787	0.06277564	0.3881263	2.479576	0.07290728	0.09071305	2.514436	0.2149827	0.5605329	2.438697	-0.09835847	0.5527091	2.43812	0.1432935	0.08953175	2.477435	0.0004593051	0.08930504	2.479761	0.2984127	0.3157912	2.461615	-0.1495736	0.2978668	2.439079	0.174253	-0.2607943	2.590666	0.04090694	-0.2459828	2.578924	0.2072441	-0.5534462	2.634285	0.05658408	-0.5526054	2.604573	

0.3158362	0.09951386	2.426755	-0.1372072	0.07983627	2.411232	0.3290007	0.0208583	2.436075	-0.1288558	-0.005028903	2.42668	0.2743319	0.1087363	2.442167	-0.08917134	0.06867092	2.421433	0.03949163	0.8072247	2.411345	0.04523751	0.6756325	2.432627	0.04917505	0.6052468	2.447278	0.06021551	0.3879953	2.479944	0.0712244	0.09068424	2.516534	0.2116839	0.5606756	2.437407	-0.09983028	0.552224	2.435745	0.1415313	0.08960938	2.480171	-0.001101713	0.0891922	2.481296	0.2975092	0.3156794	2.461696	-0.1518586	0.297161	2.438178	0.174028	-0.262752	2.589985	0.04065439	-0.2475233	2.579399	0.2011082	-0.5533148	2.630383	0.05616108	-0.5523005	2.604366	

0.3152799	0.09965309	2.426424	-0.1383632	0.07999772	2.411039	0.3239585	0.01835688	2.432103	-0.1277517	-0.005984258	2.429694	0.2708051	0.09856337	2.433883	-0.08915654	0.06455374	2.414901	0.03818892	0.8068279	2.410271	0.04302362	0.6751921	2.430864	0.04709592	0.6048491	2.445904	0.05877232	0.3878063	2.479999	0.07061689	0.09061358	2.517658	0.2101246	0.5601122	2.437112	-0.1020163	0.5517327	2.433923	0.1409361	0.08993728	2.481426	-0.001746438	0.08873539	2.482345	0.2966529	0.3157468	2.461765	-0.1545255	0.2972262	2.437911	0.1737676	-0.2670585	2.589195	0.04127161	-0.2499074	2.578563	0.2003998	-0.5526614	2.630585	0.05621913	-0.5528066	2.604589	

0.3139707	0.1005497	2.425247	-0.1393616	0.07941729	2.410723	0.3154535	0.01642161	2.429326	-0.127126	-0.005891612	2.4252	0.2630807	0.117134	2.428375	-0.09132865	0.07297917	2.417424	0.03634811	0.8063524	2.40791	0.04047863	0.6747134	2.428946	0.04437703	0.6043543	2.444259	0.05574783	0.3873664	2.479786	0.06806862	0.0902271	2.518979	0.2070947	0.559606	2.436293	-0.1042269	0.5513591	2.43206	0.138347	0.08994111	2.482846	-0.004197788	0.08796917	2.483529	0.2934201	0.3163694	2.461383	-0.1582144	0.2964687	2.437126	0.1737286	-0.2679064	2.588284	0.03819916	-0.2647742	2.58238	0.1958482	-0.5668258	2.630692	0.05570452	-0.5533423	2.604825	

0.3117974	0.1010033	2.423587	-0.141231	0.07784709	2.410263	0.3109218	0.01708928	2.424839	-0.1329559	-0.006727715	2.419907	0.2639254	0.1006915	2.426746	-0.0928983	0.06815898	2.418503	0.03477553	0.806065	2.406884	0.03770383	0.6736745	2.426915	0.04154496	0.6033813	2.442643	0.05278187	0.3866206	2.479724	0.06528219	0.08968522	2.520766	0.204818	0.5592814	2.436187	-0.1064049	0.5505108	2.4307	0.1355319	0.08985456	2.484696	-0.006887326	0.08698056	2.485221	0.2908616	0.3166728	2.46068	-0.1622035	0.2947147	2.436519	0.1730652	-0.268245	2.587168	0.03798056	-0.2651407	2.582303	0.1960866	-0.5577573	2.628671	0.0558844	-0.5540451	2.605028	

0.3098792	0.1007866	2.422915	-0.1424437	0.0747264	2.41	0.3069491	0.01587272	2.423023	-0.1324594	-0.006845498	2.422774	0.266324	0.08128719	2.415934	-0.09409788	0.06905273	2.417799	0.03362007	0.8054941	2.405483	0.0364486	0.6730909	2.426285	0.04021586	0.6028302	2.442092	0.05133104	0.3862277	2.47969	0.06421021	0.0895287	2.521262	0.2030938	0.5590572	2.435745	-0.1077164	0.5502779	2.429907	0.1342336	0.08995215	2.485624	-0.00779753	0.08661934	2.48538	0.2889843	0.3164353	2.460219	-0.165137	0.2914241	2.436093	0.1723959	-0.2692918	2.585033	0.03776646	-0.2654544	2.582237	0.1964066	-0.5576581	2.628608	0.05552341	-0.5544044	2.604978	

0.3042305	0.09960862	2.421838	-0.1449666	0.0737186	2.410038	0.296221	0.01484388	2.422568	-0.1296859	-0.01047143	2.428989	0.2559449	0.08570431	2.408476	-0.09683947	0.06544691	2.4221	0.03236288	0.8034916	2.403285	0.03367694	0.6707329	2.424318	0.0375536	0.6007388	2.44062	0.04898698	0.384831	2.479701	0.06226012	0.08869065	2.522865	0.2010605	0.558122	2.435759	-0.1093873	0.5492352	2.428163	0.1321976	0.08931316	2.488077	-0.009631337	0.08560995	2.486257	0.2862837	0.3152739	2.461204	-0.1664318	0.2906007	2.435164	0.1659438	-0.252802	2.563479	0.0383981	-0.266287	2.577995	0.1950674	-0.5611157	2.637895	0.0552921	-0.5542269	2.604531	

0.301311	0.09915142	2.422576	-0.1477315	0.07289719	2.406286	0.2993848	0.01480228	2.428195	-0.1214493	-0.01496152	2.435361	0.2569093	0.07995923	2.41875	-0.1049153	0.03337794	2.406862	0.03170905	0.8018916	2.402181	0.03330149	0.668919	2.423317	0.03715069	0.5991267	2.439942	0.04855091	0.3837046	2.479938	0.06193342	0.08769462	2.524526	0.2000007	0.5572925	2.436091	-0.1098823	0.5485122	2.427221	0.1319519	0.088539	2.490257	-0.009986789	0.08443758	2.487418	0.2850361	0.3148787	2.46253	-0.1669442	0.2897055	2.435152	0.1687308	-0.2682459	2.569302	0.03888347	-0.2648847	2.573828	0.1949466	-0.5630045	2.645569	0.05493081	-0.5541167	2.604121	

0.3009883	0.0971699	2.422191	-0.1474081	0.07303606	2.406351	0.3016495	0.009869644	2.432573	-0.1160613	-0.01886492	2.441912	0.2667482	0.0683931	2.4235	-0.09965481	0.03016193	2.407292	0.03119944	0.7995676	2.400701	0.0331126	0.6671433	2.422555	0.03699787	0.5974631	2.43948	0.04851187	0.3822567	2.480447	0.06254555	0.08612612	2.526956	0.1997357	0.5557639	2.436389	-0.1100784	0.5473722	2.426393	0.1328055	0.08724497	2.49308	-0.009579804	0.08264589	2.489397	0.2845183	0.3126391	2.463802	-0.1668629	0.2898296	2.435147	0.168568	-0.2704011	2.569387	0.03903249	-0.2639063	2.568797	0.1991946	-0.5595716	2.654428	0.05650834	-0.5572712	2.603707	

0.2990111	0.09630039	2.424384	-0.1473237	0.07133776	2.40606	0.3013488	0.008746786	2.431027	-0.1121786	-0.02130432	2.436399	0.2636552	0.06551059	2.412182	-0.09831087	0.02876667	2.408636	0.03161444	0.7956201	2.398722	0.03304124	0.6628403	2.422226	0.03705094	0.5934377	2.439435	0.04894255	0.3790931	2.481458	0.06386764	0.08400579	2.529169	0.1998519	0.5530851	2.436714	-0.1102536	0.5448843	2.425918	0.1341294	0.08566049	2.494774	-0.00830899	0.07996613	2.492097	0.2846583	0.3121113	2.46471	-0.1664606	0.2880612	2.435905	0.1688524	-0.2726014	2.569454	0.04000715	-0.2654248	2.565229	0.2017146	-0.5590167	2.656682	0.05825737	-0.5602285	2.604432	

0.3253593	0.01592634	2.42636	-0.120686	0.004775287	2.420916	0.3326823	-0.05712391	2.417572	-0.06618654	-0.08765423	2.433114	0.2896118	-0.01879348	2.41	-0.06075513	-0.03414471	2.373708	0.06217214	0.703697	2.397934	0.06674645	0.5684698	2.421871	0.07054131	0.5004557	2.444444	0.08181795	0.2912679	2.503398	0.0968102	0.005376847	2.572855	0.2321676	0.4620908	2.447859	-0.08236977	0.4584274	2.438295	0.1682043	0.00866518	2.538337	0.02270686	0.001938117	2.535591	0.3186483	0.2291445	2.481842	-0.1336042	0.2205275	2.460597	0.1887138	-0.3120516	2.552209	0.06231992	-0.3216597	2.506585	0.2073343	-0.5632211	2.662776	0.06044112	-0.5673421	2.586047	

0.3272506	0.0146642	2.428371	-0.09193426	0.006472983	2.421345	0.3339025	-0.0700276	2.418763	-0.06580826	-0.0937931	2.419113	0.2970528	-0.01374321	2.393207	-0.04604055	-0.04186003	2.37715	0.063638	0.7000619	2.398245	0.06857149	0.5634441	2.422531	0.07246795	0.4957397	2.445366	0.08408446	0.2873237	2.50508	0.09971493	0.002181038	2.575676	0.2335704	0.4595264	2.447866	-0.08095759	0.4547339	2.437763	0.1715427	0.00580393	2.541227	0.02513896	-0.001530789	2.538377	0.3194472	0.2283084	2.481541	-0.1329725	0.2186833	2.461396	0.1901414	-0.3154969	2.552147	0.06275063	-0.3254002	2.506487	0.2077912	-0.5637831	2.66257	0.06129037	-0.5731446	2.585662	

0.3336061	0.001409776	2.419155	-0.07520456	-0.04192956	2.410998	0.3372064	-0.1016197	2.406132	-0.04692946	-0.1229858	2.405107	0.2959319	-0.03688752	2.395143	-0.03393965	-0.05363419	2.371897	0.0696288	0.6789836	2.398312	0.07530695	0.5359675	2.423648	0.08043924	0.4693793	2.448156	0.09598697	0.2635588	2.512855	0.1182121	-0.01941872	2.59113	0.2396992	0.4422128	2.446745	-0.07349636	0.4299148	2.441047	0.1904727	-0.01452616	2.556354	0.0426661	-0.0237888	2.554158	0.3248352	0.2136546	2.478432	-0.1227099	0.1667913	2.462617	0.1944606	-0.3382133	2.552415	0.06042789	-0.3489169	2.50222	0.2116936	-0.5695175	2.667589	0.06140726	-0.5732784	2.585204	

0.334396	-0.008850155	2.419229	-0.07234056	-0.04415882	2.407941	0.3369541	-0.115199	2.394484	-0.04193832	-0.1359676	2.401195	0.3002379	-0.03657858	2.378455	-0.0263666	-0.04150746	2.389055	0.07419609	0.6648706	2.398419	0.07755904	0.525874	2.423848	0.08296336	0.4592201	2.448781	0.09912053	0.2540779	2.514689	0.1212134	-0.02653615	2.593724	0.2453865	0.4240676	2.447515	-0.07008643	0.4200102	2.44166	0.1936857	-0.02109618	2.55936	0.04538774	-0.03130139	2.556348	0.3281349	0.2043162	2.474635	-0.1212067	0.1637199	2.462111	0.1962526	-0.3455203	2.547652	0.05876767	-0.356289	2.498967	0.2113234	-0.5717938	2.667446	0.06862265	-0.5788863	2.589437	

0.3322158	-0.06227601	2.390048	-0.02966919	-0.1068356	2.38384	0.3299749	-0.1727465	2.378406	0.002851972	-0.1903081	2.406274	0.2918321	-0.09574205	2.351871	0.02647827	-0.1580438	2.437	0.08997995	0.6063825	2.399976	0.09244504	0.4682882	2.428198	0.09824633	0.4035673	2.45577	0.1155024	0.204828	2.529525	0.1378345	-0.06482583	2.617679	0.2581305	0.369613	2.448125	-0.05546793	0.3654211	2.446451	0.2135298	-0.06211977	2.583528	0.05849551	-0.06573661	2.579957	0.340746	0.1490764	2.452579	-0.08866999	0.09647195	2.445112	0.2001011	-0.3869171	2.534195	0.05078062	-0.3857037	2.482821	0.2117495	-0.5730889	2.667359	0.06828118	-0.579306	2.589579	

0.3103625	-0.1251064	2.384295	-0.0008760725	-0.1656751	2.379056	0.3022617	-0.2624533	2.386946	0.03659331	-0.290574	2.39503	0.2481849	-0.2154735	2.432546	0.06653818	-0.2250576	2.42975	0.1022548	0.5416102	2.40159	0.1060827	0.4005762	2.428462	0.111492	0.3379146	2.459091	0.1274861	0.1457358	2.541913	0.1486403	-0.1160127	2.642965	0.2681339	0.3023054	2.444384	-0.04259484	0.3023423	2.444682	0.2254077	-0.1133667	2.607895	0.06783228	-0.1155135	2.606378	0.3315989	0.08673825	2.44873	-0.0678696	0.03604024	2.435379	0.2226091	-0.4277249	2.488127	0.02549474	-0.4247197	2.477675	0.2142487	-0.5763418	2.664056	0.05903154	-0.6564759	2.573693	

0.2844718	-0.2010284	2.388183	0.01103983	-0.2017831	2.38639	0.2603346	-0.3148381	2.406192	0.0500823	-0.3259657	2.402005	0.2248058	-0.2256991	2.434125	0.08121303	-0.2426791	2.426	0.1081159	0.5075545	2.399507	0.1103338	0.3674543	2.426999	0.1153775	0.3070911	2.463168	0.1309673	0.1160794	2.56431	0.1514488	-0.143961	2.697254	0.2689562	0.2687086	2.442877	-0.03759379	0.269572	2.446339	0.2267321	-0.1397286	2.660856	0.07213706	-0.1443712	2.662032	0.3315914	0.05103196	2.453686	-0.06122307	0.004223219	2.43695	0.2238199	-0.4237664	2.466335	0.03409609	-0.4215968	2.459899	0.2148047	-0.5788118	2.658034	0.06184976	-0.6491206	2.565894	

0.278134	-0.2204407	2.386848	0.03067761	-0.2328116	2.386958	0.2364754	-0.339735	2.407871	0.0489753	-0.3244799	2.400284	0.2047273	-0.2438673	2.428158	0.08762022	-0.2530616	2.423643	0.1125987	0.4480935	2.401423	0.1184719	0.3113403	2.430705	0.1236172	0.251526	2.470337	0.138573	0.06939844	2.57973	0.1572283	-0.1733573	2.713169	0.2752056	0.2331568	2.44592	-0.02803716	0.2245184	2.448654	0.2330052	-0.1655159	2.673253	0.07718757	-0.1769417	2.68195	0.3365383	-0.01950139	2.456556	-0.06550731	-0.04804695	2.458815	0.2194987	-0.4346732	2.455455	0.02956749	-0.4258185	2.442346	0.2158545	-0.5782118	2.655519	0.0589144	-0.6530669	2.548441	

0.2682754	-0.2362902	2.41108	0.04143476	-0.2522048	2.390284	0.230663	-0.3639177	2.425725	0.05382005	-0.3413068	2.410994	0.1908371	-0.2565563	2.42675	0.09758902	-0.2718936	2.416308	0.1192717	0.4197775	2.398409	0.119978	0.2859749	2.434933	0.1248914	0.2268421	2.474924	0.139297	0.04546399	2.58568	0.1580035	-0.2035517	2.724474	0.281146	0.207353	2.452065	-0.02853236	0.2046536	2.45501	0.2331866	-0.2003131	2.687114	0.07852116	-0.201641	2.690588	0.3359552	-0.03414116	2.464395	-0.06537119	-0.05989785	2.467191	0.2199822	-0.4388115	2.431279	0.02571322	-0.4313026	2.431103	0.2158802	-0.5787059	2.654641	0.05788269	-0.6570713	2.539191	

0.2659643	-0.2402425	2.411857	0.03898577	-0.2475145	2.390912	0.2304599	-0.348981	2.410362	0.0559424	-0.330734	2.396177	0.2149982	-0.2549642	2.37275	0.08174	-0.2579873	2.376857	0.1202607	0.4147897	2.398269	0.1210554	0.2819024	2.435434	0.1255526	0.2227981	2.47538	0.1387545	0.04156725	2.586015	0.156048	-0.2064052	2.724504	0.281752	0.2043413	2.452628	-0.0282621	0.1998012	2.455517	0.2313522	-0.2025279	2.686998	0.0765662	-0.2050398	2.690716	0.3354535	-0.03929224	2.467808	-0.06520446	-0.06239874	2.46898	0.2289426	-0.2901655	2.339309	0.04048033	-0.2724189	2.339882	0.2177437	-0.5842934	2.516256	0.05511692	-0.5952334	2.463438	

0.2644557	-0.2423862	2.411606	0.03679554	-0.2526082	2.390036	0.2285675	-0.3481979	2.407705	0.06019408	-0.3311747	2.3974	0.2046212	-0.2836563	2.381176	0.08549438	-0.2710995	2.385167	0.1215078	0.4098737	2.399483	0.1212785	0.2761882	2.435855	0.1256834	0.2173236	2.475944	0.1386082	0.0370434	2.586933	0.1556488	-0.2089486	2.725536	0.2826412	0.2009672	2.453607	-0.02804955	0.1977497	2.456593	0.2308124	-0.2045225	2.68742	0.07639536	-0.2081157	2.692466	0.3340292	-0.04246809	2.47175	-0.06563681	-0.06384628	2.470511	0.2283615	-0.289	2.338933	0.03928286	-0.2699585	2.340679	0.2185806	-0.5843036	2.514156	0.05517061	-0.5930067	2.463593	

0.2614383	-0.2451306	2.412701	0.0344726	-0.255062	2.389581	0.225986	-0.3542084	2.407239	0.05614667	-0.3973853	2.428368	0.2015459	-0.2815368	2.377437	0.1031581	-0.2982783	2.423471	0.1252768	0.4058191	2.408272	0.1229375	0.2724482	2.444905	0.1263351	0.2133954	2.483446	0.1368169	0.03248445	2.591235	0.1498517	-0.2154519	2.727042	0.284615	0.1970101	2.462703	-0.02604646	0.1966626	2.461916	0.2247936	-0.2116985	2.689149	0.0710232	-0.2136783	2.693629	0.3325429	-0.04684253	2.477016	-0.06463377	-0.06612166	2.471906	0.2277686	-0.284814	2.337815	0.04152934	-0.267828	2.339622	0.2206605	-0.5805338	2.512534	0.05768535	-0.5912933	2.461565	

0.2602511	-0.2464182	2.412509	0.03132315	-0.25241	2.389774	0.2241351	-0.3526578	2.403291	0.05186719	-0.3997002	2.42565	0.2033303	-0.2744461	2.375773	0.1020434	-0.3008602	2.420649	0.1269301	0.4063428	2.414829	0.1234956	0.2736331	2.452321	0.1268457	0.2139408	2.489442	0.1370001	0.03193208	2.59341	0.1499211	-0.2161337	2.726972	0.2854429	0.1962397	2.469995	-0.0251238	0.1965896	2.466074	0.2249067	-0.2122836	2.689007	0.07103668	-0.2144316	2.693616	0.3305354	-0.04837183	2.47871	-0.06246497	-0.06847887	2.472548	0.2239785	-0.2850743	2.337622	0.04226032	-0.2684425	2.339585	0.2191879	-0.5808213	2.512344	0.05794393	-0.5918707	2.46166	

0.2598636	-0.2462975	2.412652	0.02984723	-0.2550916	2.388381	0.2246247	-0.3573294	2.409514	0.05257357	-0.3631054	2.400199	0.1999251	-0.2876783	2.376368	0.07998762	-0.2704908	2.3805	0.1268961	0.4314786	2.467051	0.1191975	0.2947177	2.490644	0.1227702	0.2306751	2.519508	0.1339333	0.03789929	2.603162	0.1483457	-0.2156343	2.725858	0.2793839	0.2069086	2.494518	-0.02525862	0.2094966	2.488871	0.2237092	-0.2117736	2.687947	0.06902888	-0.2139262	2.692385	0.3231731	-0.04789156	2.485365	-0.06056033	-0.06484676	2.474922	0.2223949	-0.2863397	2.336973	0.04253947	-0.2681816	2.338208	0.218484	-0.5824655	2.511104	0.058594	-0.5914472	2.460627	

0.2634938	-0.2307689	2.418176	0.01946105	-0.2334382	2.396656	0.2278335	-0.3508925	2.405318	0.05393105	-0.3559289	2.398482	0.2036067	-0.2739664	2.375587	0.07860506	-0.2711014	2.380887	0.126382	0.4325839	2.468318	0.1188997	0.2957533	2.492341	0.1223086	0.2325291	2.522545	0.1328471	0.04098498	2.607756	0.1475946	-0.2150516	2.725322	0.2777875	0.2092196	2.500495	-0.02573881	0.213027	2.495154	0.2230378	-0.2111518	2.687284	0.06820966	-0.213369	2.69194	0.3148021	-0.02889596	2.494917	-0.0536519	-0.04128151	2.482954	0.2215163	-0.2873806	2.336598	0.04294513	-0.2686882	2.337747	0.2182012	-0.5835051	2.510726	0.05836573	-0.5921739	2.459717	

0.2621841	-0.2297087	2.419689	0.01923182	-0.231728	2.397533	0.2275984	-0.3553722	2.408315	0.05388025	-0.3555864	2.396182	0.1966151	-0.3012347	2.382167	0.07743126	-0.2696531	2.385486	0.1245206	0.4364055	2.475888	0.1165471	0.3003973	2.498049	0.1202766	0.2373804	2.528319	0.1317815	0.0448931	2.611415	0.1472636	-0.2136326	2.72395	0.2749681	0.2132612	2.508364	-0.02707019	0.2152989	2.502138	0.2229856	-0.2095372	2.685992	0.067607	-0.2121154	2.690416	0.3130154	-0.02592545	2.498144	-0.05391879	-0.04165971	2.483297	0.2203536	-0.288414	2.335952	0.04333638	-0.2711679	2.336824	0.2117006	-0.5875878	2.505118	0.05847014	-0.5947701	2.458513	

0.2600011	-0.2292276	2.42289	0.01896638	-0.2305335	2.398201	0.2240867	-0.3519615	2.406559	0.04685273	-0.3692512	2.406973	0.2026515	-0.2649828	2.388064	0.08975193	-0.2806132	2.432217	0.1104503	0.4638657	2.530408	0.1069102	0.3287238	2.549857	0.1107002	0.2644731	2.575169	0.1240047	0.06281215	2.635158	0.1434653	-0.2086644	2.723072	0.2612475	0.2333016	2.551818	-0.0346073	0.2307271	2.547769	0.219282	-0.2040129	2.684974	0.06384115	-0.2077924	2.689647	0.3070424	-0.01794106	2.512992	-0.05449723	-0.03041333	2.496436	0.2219054	-0.2911696	2.337137	0.01017498	-0.2573638	2.337862	0.2154032	-0.5906429	2.505856	0.04598704	-0.5844347	2.447237	

0.2581888	-0.2286436	2.425129	0.01909099	-0.2283489	2.400037	0.2289342	-0.3556927	2.407429	0.04789881	-0.3498725	2.392887	0.2011417	-0.2751266	2.387598	0.06790124	-0.2609692	2.390417	0.1096885	0.4641842	2.533262	0.1069423	0.3295255	2.551256	0.1106732	0.2651503	2.576285	0.1230341	0.06520487	2.638285	0.1406434	-0.2053367	2.722828	0.2609693	0.2337611	2.552311	-0.03477248	0.2308992	2.548228	0.2166102	-0.2003989	2.685042	0.06093945	-0.2048184	2.68909	0.3051209	-0.01556398	2.517632	-0.05475446	-0.028849	2.500192	0.2234959	-0.2920133	2.338555	0.02686075	-0.2743245	2.338472	0.2183963	-0.5914413	2.507369	0.05429404	-0.6000913	2.452916	

0.2536878	-0.225862	2.431572	0.0199153	-0.22859	2.400967	0.2270338	-0.3751546	2.422668	0.04859141	-0.338594	2.391764	0.1809335	-0.3023986	2.401207	0.06824343	-0.2585007	2.394251	0.1017875	0.4750201	2.562012	0.1029164	0.33827	2.575684	0.107536	0.2725074	2.595559	0.1209149	0.07149293	2.649606	0.1395294	-0.2023234	2.722976	0.256614	0.2398893	2.568414	-0.04230142	0.2327987	2.569213	0.2152267	-0.1960621	2.684557	0.0600773	-0.2028861	2.689662	0.2999527	-0.009547371	2.531833	-0.05668129	-0.02440313	2.510106	0.2237496	-0.2945301	2.340194	0.01524044	-0.266802	2.339144	0.218698	-0.5946929	2.507785	0.04900286	-0.5941964	2.448057	

0.2385592	-0.1978642	2.454382	0.02097802	-0.2284354	2.404371	0.2104148	-0.3384601	2.40015	0.04653263	-0.3382923	2.389611	0.1642292	-0.2678292	2.428111	0.06906107	-0.2642461	2.394473	0.09132334	0.4866238	2.605861	0.0986613	0.3520032	2.611102	0.1032473	0.2855594	2.626783	0.1172619	0.08135349	2.665825	0.1368465	-0.196654	2.72295	0.2493096	0.2500379	2.597146	-0.04820806	0.2408324	2.59921	0.2125053	-0.1894877	2.684289	0.05759251	-0.1983967	2.689889	0.296177	-0.004883303	2.546791	-0.05794027	-0.01790339	2.527785	0.2241156	-0.2998416	2.344031	0.03166304	-0.2982661	2.346735	0.2212486	-0.5997573	2.511989	0.06643759	-0.5789459	2.56903	

0.2392726	-0.1946877	2.456131	0.02084758	-0.2289068	2.409017	0.2107174	-0.340038	2.401979	0.04889101	-0.3411811	2.390279	0.1674715	-0.2744265	2.417538	0.07343007	-0.269865	2.400053	0.09033993	0.4875005	2.611331	0.09738882	0.3537718	2.617124	0.1020188	0.2876592	2.632842	0.1160358	0.0847765	2.67147	0.1356194	-0.1925506	2.722722	0.2475025	0.2528695	2.605224	-0.04960858	0.2430497	2.607178	0.211137	-0.1848025	2.683696	0.05654136	-0.1950427	2.69001	0.2951387	-0.003769919	2.554334	-0.0588176	-0.01749252	2.536558	0.2241637	-0.3032047	2.346491	0.03226316	-0.2997923	2.34833	0.221758	-0.6031502	2.514364	0.06483795	-0.5783596	2.567906	

0.2423729	-0.1956444	2.460973	0.02152364	-0.2285481	2.412232	0.2104927	-0.3385672	2.400921	0.04602423	-0.3423681	2.391492	0.1667202	-0.2732151	2.420921	0.07177012	-0.2676131	2.397752	0.0898872	0.488509	2.619905	0.09581108	0.3560128	2.624514	0.1005137	0.2900163	2.639857	0.1146485	0.08763396	2.677139	0.1344083	-0.1895991	2.723612	0.2468501	0.2546088	2.612714	-0.05075613	0.2453534	2.615016	0.2100226	-0.1822917	2.68431	0.05527261	-0.1917678	2.691242	0.2944746	-0.003723817	2.559243	-0.06061587	-0.0165753	2.543292	0.2242837	-0.3051974	2.348882	0.03303765	-0.300816	2.350832	0.2210963	-0.6058023	2.515647	0.06446885	-0.5789377	2.568327	

0.2433323	-0.1933546	2.463947	0.02102998	-0.2289095	2.418115	0.2102501	-0.3321064	2.399927	0.04457358	-0.3422954	2.390192	0.1686361	-0.2762063	2.414273	0.07294593	-0.277115	2.395621	0.08611654	0.4952068	2.650308	0.09075285	0.3640394	2.66506	0.09611645	0.2970958	2.67276	0.1119411	0.09231598	2.691617	0.1332856	-0.1874578	2.723913	0.244375	0.2588339	2.640471	-0.05531435	0.2456127	2.645478	0.2090455	-0.1796037	2.684628	0.05405596	-0.1901743	2.691542	0.2943505	-0.001684555	2.573237	-0.06512886	-0.0296337	2.561362	0.2235906	-0.3079242	2.351455	0.03357511	-0.3014894	2.351823	0.2209128	-0.6085377	2.518176	0.06414782	-0.5793477	2.568225	

0.2443144	-0.1900752	2.468821	0.01981114	-0.2287003	2.422844	0.2119365	-0.3306923	2.397529	0.04328155	-0.3451101	2.391591	0.1672294	-0.2678331	2.423807	0.07006453	-0.2684291	2.394033	0.08562797	0.4942245	2.656053	0.0907911	0.3640404	2.666965	0.09614589	0.2973256	2.675802	0.1119538	0.09347039	2.696299	0.1332339	-0.1860331	2.724278	0.2440902	0.2585451	2.643943	-0.05571239	0.244857	2.650773	0.2089745	-0.1780267	2.684755	0.05401845	-0.1889438	2.692144	0.2941008	-0.0007743145	2.5814	-0.06644312	-0.02508627	2.569338	0.2228166	-0.3093551	2.352732	0.03404042	-0.3007178	2.352453	0.2207068	-0.6100934	2.519233	0.06379446	-0.5798604	2.568343	

0.2468916	-0.1931816	2.471029	0.01318015	-0.2089837	2.446586	0.2125189	-0.3309542	2.399306	0.05153383	-0.3204616	2.384785	0.1666602	-0.2688075	2.421368	0.07257918	-0.2565145	2.406778	0.08527764	0.4944925	2.668317	0.09099648	0.3635395	2.674647	0.09614986	0.2971614	2.683934	0.1114213	0.09423026	2.703421	0.1325099	-0.1845419	2.725693	0.2441156	0.2573374	2.654898	-0.05531596	0.2460026	2.664872	0.2082607	-0.1763813	2.686173	0.0533031	-0.1876862	2.69356	0.2962011	0.004933511	2.597643	-0.07187344	-0.0167478	2.589501	0.2229519	-0.3093398	2.35488	0.03454125	-0.300343	2.354087	0.2210524	-0.6094425	2.522422	0.06349328	-0.580142	2.568251	

0.2512169	-0.1913674	2.480585	0.01245473	-0.2111422	2.445808	0.2156876	-0.3246341	2.397632	0.05146029	-0.3224993	2.386846	0.1660052	-0.2598436	2.42675	0.06721618	-0.2547345	2.4013	0.08596808	0.4947412	2.673746	0.09107062	0.3630271	2.682433	0.09615768	0.2970504	2.691167	0.1112856	0.09509517	2.708715	0.1321281	-0.1825338	2.727158	0.2454561	0.2571636	2.6648	-0.0549552	0.2471101	2.671638	0.207534	-0.1740559	2.688807	0.0531713	-0.1859899	2.694201	0.2961943	0.00563726	2.602353	-0.07161323	-0.01520367	2.594711	0.223108	-0.3087189	2.358197	0.0350575	-0.3019461	2.3558	0.2217347	-0.6091184	2.525259	0.06345285	-0.5803094	2.568196	

0.2563707	-0.1879246	2.490076	0.009862865	-0.2096558	2.448294	0.2158247	-0.3174329	2.394913	0.04865227	-0.3226343	2.386548	0.1730395	-0.245263	2.442278	0.06896947	-0.2580453	2.397037	0.08661039	0.493944	2.679502	0.09259725	0.362867	2.686537	0.09739441	0.2970235	2.69486	0.111782	0.09540275	2.711141	0.1319306	-0.181723	2.72759	0.2476312	0.2559714	2.66937	-0.05436366	0.2472827	2.675305	0.2072857	-0.1736013	2.689133	0.05308584	-0.1848017	2.694702	0.2968957	0.005066803	2.605598	-0.07070635	-0.01379411	2.596102	0.2235412	-0.3093657	2.359011	0.03551523	-0.3015125	2.356504	0.2220495	-0.6100796	2.525549	0.06120417	-0.6252137	2.47585	

0.2578661	-0.1853835	2.492747	0.009077595	-0.2083373	2.448399	0.216717	-0.3171791	2.392397	0.04484347	-0.3492379	2.397488	0.1717069	-0.2538255	2.434994	0.07173357	-0.2651704	2.391178	0.08773661	0.4939032	2.680589	0.09327249	0.3630977	2.688559	0.09795889	0.2973047	2.696822	0.1120013	0.0958481	2.7128	0.1316369	-0.1807844	2.728144	0.2496074	0.2546179	2.672666	-0.05384799	0.2469569	2.676647	0.2069304	-0.1729097	2.689888	0.0528595	-0.1836384	2.69502	0.2974159	0.004636004	2.608195	-0.0704806	-0.01285613	2.596947	0.2243832	-0.308881	2.359876	0.03561209	-0.3010234	2.357003	0.2224884	-0.6099113	2.525898	0.05859083	-0.6267785	2.47184	

0.2632211	-0.2050464	2.487024	-0.007298809	-0.1854569	2.471351	0.2185031	-0.3363935	2.401435	0.06393974	-0.2901388	2.383117	0.1803761	-0.2707724	2.412737	0.08381437	-0.232483	2.4828	0.08902472	0.4936568	2.68171	0.09396009	0.3628571	2.689429	0.09858669	0.2970909	2.697757	0.1124178	0.09574623	2.713874	0.1316211	-0.180493	2.72866	0.2496909	0.2547944	2.673088	-0.05325873	0.2459607	2.67705	0.2068893	-0.1726187	2.69063	0.05286536	-0.1834031	2.695317	0.2977178	0.003376249	2.609015	-0.07047524	-0.01266888	2.597126	0.2248329	-0.3086922	2.360649	0.0359066	-0.3022297	2.357796	0.221202	-0.6106175	2.525175	0.05928309	-0.6273957	2.474	

0.2645994	-0.1931272	2.495998	0.009036142	-0.1816171	2.477046	0.2173544	-0.3239145	2.397573	0.06721625	-0.287809	2.390757	0.1809158	-0.259855	2.427343	0.08608788	-0.2288212	2.497539	0.09002522	0.4934832	2.682498	0.09501241	0.3623745	2.6907	0.09951349	0.2966805	2.69901	0.1129771	0.09555927	2.71501	0.1316624	-0.1802405	2.729125	0.2501461	0.2545796	2.673295	-0.05262103	0.2459087	2.677304	0.2069051	-0.1724734	2.691128	0.05293416	-0.1830789	2.695718	0.2987409	0.003164385	2.610496	-0.07024439	-0.01209423	2.597673	0.225644	-0.308827	2.361329	0.03636234	-0.3030086	2.358608	0.2236065	-0.6101763	2.526823	0.0587093	-0.62962	2.471364	

0.2639604	-0.1914963	2.496301	0.006541478	-0.1845018	2.480084	0.2184289	-0.3232217	2.395225	0.07239901	-0.2850414	2.388205	0.1803209	-0.253269	2.431437	0.05941039	-0.209285	2.456286	0.09120895	0.4935391	2.683004	0.09581143	0.3624928	2.6912	0.1001922	0.2968136	2.699563	0.1133449	0.09576287	2.715725	0.1315259	-0.1796579	2.729823	0.2503245	0.254633	2.673285	-0.05210941	0.2456118	2.677302	0.2067363	-0.1720067	2.691969	0.05283658	-0.1824361	2.696253	0.2993271	0.003059163	2.61105	-0.07014926	-0.01193619	2.59779	0.225832	-0.3085779	2.362292	0.03731943	-0.3049291	2.360109	0.2237241	-0.6098094	2.527983	0.06386828	-0.5874254	2.573656	

0.2637747	-0.1914109	2.496259	0.00517187	-0.2043177	2.452799	0.2184328	-0.3232331	2.395322	0.05625879	-0.3146813	2.384049	0.18127	-0.2644951	2.422825	0.07181061	-0.2441267	2.4226	0.09291161	0.4936898	2.683697	0.09634142	0.3625709	2.691324	0.1006978	0.296905	2.699751	0.1137801	0.09591382	2.716097	0.131765	-0.1792379	2.73023	0.2506219	0.2546392	2.673274	-0.05163732	0.2455309	2.676855	0.2068947	-0.1717117	2.692487	0.05316878	-0.1818956	2.696541	0.2995308	0.002806869	2.611429	-0.07015757	-0.01195093	2.597785	0.2259605	-0.3087851	2.362983	0.0371384	-0.304963	2.360599	0.2233665	-0.6105036	2.527861	0.06481303	-0.5886821	2.57428	

0.26329	-0.2059027	2.488035	0.0005823911	-0.1902259	2.485545	0.2188512	-0.3358573	2.404167	0.05858732	-0.3140292	2.387662	0.1789779	-0.2627251	2.427172	0.08896271	-0.2418881	2.47525	0.09381086	0.4932898	2.683841	0.09660175	0.362744	2.69141	0.1009783	0.2970987	2.699908	0.1141222	0.09620324	2.716526	0.1320736	-0.1786028	2.730898	0.2512889	0.2548262	2.673489	-0.05115673	0.2454333	2.676468	0.2072917	-0.1710106	2.693866	0.05341389	-0.1813402	2.69674	0.2998149	0.0024209	2.611805	-0.06999663	-0.01182655	2.597766	0.2258153	-0.3084019	2.364469	0.03713678	-0.3059689	2.361445	0.222536	-0.6103022	2.529042	0.06012861	-0.632679	2.47378	

0.263841	-0.2082073	2.486612	0.007663351	-0.1848085	2.482664	0.2250616	-0.3361149	2.398186	0.05843548	-0.3090304	2.384938	0.1978745	-0.2653884	2.403909	0.08905005	-0.2444336	2.468462	0.09493111	0.493363	2.683208	0.09767981	0.3626252	2.690617	0.1018021	0.2970161	2.699386	0.1143878	0.09619408	2.716475	0.1320772	-0.1785149	2.730982	0.2516994	0.254681	2.673262	-0.05052541	0.2443946	2.675148	0.2072756	-0.1709705	2.693932	0.05344273	-0.1812112	2.696815	0.3001419	0.002832455	2.612448	-0.07009839	-0.01109582	2.597733	0.2259408	-0.3083201	2.364633	0.03717554	-0.3061695	2.361762	0.2232905	-0.6095451	2.530334	0.05980198	-0.6328798	2.474157	

0.2649743	-0.1953159	2.495476	0.01143009	-0.2184966	2.443021	0.2167037	-0.3233724	2.393933	0.06147331	-0.3178468	2.386829	0.1841729	-0.2618525	2.4247	0.07698964	-0.2501552	2.418786	0.09605149	0.493443	2.682685	0.09841331	0.3622956	2.689672	0.1023719	0.296787	2.698749	0.114551	0.09616427	2.716409	0.1320546	-0.1783391	2.731172	0.2521808	0.2544323	2.672779	-0.05012299	0.2446778	2.674726	0.2072074	-0.170865	2.694139	0.05346705	-0.1809794	2.696959	0.3003375	0.002834228	2.612622	-0.07014265	-0.01094339	2.59759	0.2259713	-0.3083142	2.364854	0.03731811	-0.306309	2.362013	0.2231824	-0.6094763	2.530658	0.06081333	-0.6322227	2.476261	

0.2639395	-0.192331	2.496527	0.004321803	-0.1867708	2.483896	0.2185972	-0.323399	2.395371	0.05861018	-0.3077321	2.383796	0.1864524	-0.2629214	2.421664	0.09170689	-0.2488321	2.463067	0.09685376	0.4936188	2.681987	0.09868604	0.3624092	2.68958	0.1025992	0.296887	2.698699	0.1146511	0.09624371	2.716468	0.1319476	-0.1780826	2.731423	0.2532476	0.2537506	2.672835	-0.04987513	0.244472	2.674617	0.2070794	-0.1706629	2.694585	0.05336978	-0.1806822	2.697044	0.3003766	0.001944064	2.612659	-0.07011271	-0.01079085	2.597585	0.2260655	-0.3083077	2.365404	0.03858855	-0.3085219	2.363082	0.2227631	-0.6100017	2.530322	0.06500272	-0.5901994	2.575954	

