0.1189083	0.01323183	1.618691	-0.4265085	-0.01645422	1.59976	0.08893304	-0.08811089	1.611524	-0.4048917	-0.101392	1.602702	0.1356564	-0.01565351	1.612417	-0.3928929	0.006555223	1.589	-0.1871252	0.7995195	1.588649	-0.1864915	0.6760136	1.611366	-0.1838713	0.601145	1.625073	-0.174704	0.3672237	1.658029	-0.1607555	0.04120503	1.691997	-0.01802261	0.5307905	1.600407	-0.3373103	0.4940633	1.572394	-0.08376719	0.04434229	1.66136	-0.2305209	0.03618637	1.646622	0.08066098	0.2529228	1.650923	-0.4131651	0.2264733	1.609712	-0.03409988	-0.3260957	1.700607	-0.240896	-0.3118867	1.682426	-0.02013123	-0.6294386	1.770945	-0.2193352	-0.6441948	1.768491	

0.1188702	0.01324026	1.618689	-0.4264437	-0.01643687	1.599703	0.08776211	-0.08843195	1.615667	-0.4036277	-0.1010568	1.600919	0.1377538	-0.0139296	1.613143	-0.3919745	-0.0048638	1.583489	-0.1871487	0.7995386	1.588639	-0.1866051	0.6760409	1.611362	-0.1839782	0.6011624	1.625057	-0.1748067	0.3672148	1.657981	-0.1608682	0.04116178	1.691908	-0.01814767	0.5307612	1.600373	-0.3373173	0.4940633	1.57238	-0.08386192	0.04429369	1.661241	-0.2306484	0.03615069	1.646562	0.08064203	0.2529401	1.650896	-0.4134473	0.2265178	1.60972	-0.03430736	-0.3259567	1.700486	-0.2408566	-0.3113261	1.682586	-0.02001965	-0.6286528	1.770872	-0.2193708	-0.643842	1.768537	

0.1189413	0.01305652	1.61867	-0.4265162	-0.01622365	1.599588	0.08908727	-0.08827113	1.614347	-0.4064106	-0.1010497	1.601779	0.1392803	-0.0266172	1.631	-0.390328	-0.01700203	1.582955	-0.1871889	0.7994997	1.588659	-0.1865433	0.6759813	1.611359	-0.1839326	0.6011056	1.625052	-0.1747993	0.3671628	1.657973	-0.160912	0.04110289	1.691901	-0.01817792	0.530659	1.600438	-0.3373641	0.4939627	1.572366	-0.08389106	0.04425858	1.66125	-0.2307094	0.03606446	1.646537	0.08063835	0.2527385	1.650961	-0.4134653	0.2267322	1.609591	-0.03423426	-0.325846	1.700636	-0.2408012	-0.3118015	1.68308	-0.02047482	-0.6315998	1.772489	-0.2195785	-0.6445038	1.768706	

0.1191051	0.01303223	1.618703	-0.4276581	-0.0153524	1.597991	0.08972219	-0.08789368	1.616065	-0.4064773	-0.1006362	1.598036	0.1400641	-0.0179415	1.62473	-0.3954599	-0.01634872	1.571045	-0.1872547	0.7994782	1.588682	-0.186552	0.6758384	1.611222	-0.1839564	0.6009976	1.624915	-0.1748863	0.3671274	1.657843	-0.1611334	0.04113816	1.691746	-0.01741799	0.5314636	1.600454	-0.3373497	0.4940001	1.57218	-0.08407046	0.04425964	1.661189	-0.2309991	0.03615522	1.646248	0.08094306	0.2527517	1.650967	-0.4140804	0.2275909	1.608198	-0.03451476	-0.3261335	1.70066	-0.2409103	-0.3121329	1.683425	-0.02106171	-0.6337339	1.774358	-0.2197374	-0.6447437	1.768888	

0.1191221	0.01317392	1.618649	-0.4282913	-0.01531078	1.59706	0.08968015	-0.08783733	1.615128	-0.4070364	-0.1013525	1.599831	0.1410172	-0.01828693	1.622931	-0.3966652	0.006539581	1.583667	-0.1873018	0.799501	1.588714	-0.1865857	0.6758152	1.611194	-0.1839942	0.6009718	1.624878	-0.174939	0.3670966	1.657779	-0.1612038	0.0411151	1.69166	-0.01759281	0.5313116	1.600472	-0.337386	0.493993	1.572122	-0.08411334	0.0442463	1.661135	-0.231093	0.03612341	1.646135	0.08097055	0.2528941	1.650964	-0.4142351	0.2276064	1.608049	-0.03448237	-0.3264032	1.700938	-0.2408763	-0.3126493	1.683954	-0.02092087	-0.6338806	1.774113	-0.2199726	-0.644509	1.768733	

0.119141	0.01374282	1.618636	-0.4291765	-0.01525081	1.594019	0.08946712	-0.08763894	1.611441	-0.4084855	-0.1008033	1.593559	0.1404873	-0.01558913	1.62153	-0.3954516	-0.0007421719	1.576238	-0.1876708	0.7997058	1.588712	-0.1866101	0.6759304	1.611105	-0.1840446	0.6010453	1.624762	-0.1750532	0.3670991	1.65761	-0.1614245	0.04108927	1.691453	-0.01824688	0.5313514	1.600278	-0.3376484	0.4938152	1.571949	-0.0842825	0.04420518	1.661022	-0.2313614	0.03612456	1.645836	0.08113076	0.2535103	1.65082	-0.4151778	0.2276825	1.606812	-0.03466558	-0.3257419	1.701034	-0.241528	-0.3132071	1.682956	-0.02093977	-0.6313458	1.773319	-0.2200028	-0.6449915	1.768707	

0.1191245	0.0137585	1.61819	-0.4289626	-0.01562092	1.593481	0.08886643	-0.08804377	1.610232	-0.4077664	-0.09965429	1.589042	0.1391013	-0.01494703	1.616	-0.3891116	-0.02658569	1.570205	-0.1881243	0.7998528	1.588666	-0.1867953	0.6760844	1.611092	-0.1842117	0.6011546	1.624719	-0.1751956	0.3671089	1.657497	-0.1615812	0.04101612	1.691257	-0.01865763	0.5314029	1.600208	-0.3376743	0.4937262	1.571894	-0.08442545	0.04411657	1.660819	-0.2315177	0.03607517	1.645644	0.08108271	0.2534887	1.650795	-0.4152339	0.2273355	1.606203	-0.03475728	-0.3257506	1.700846	-0.2418868	-0.3137309	1.682342	-0.0206047	-0.6316054	1.773002	-0.2199527	-0.6449823	1.768552	

0.1189192	0.01430881	1.618289	-0.428783	-0.01553627	1.593236	0.08832362	-0.08723103	1.609703	-0.4045961	-0.1001468	1.589898	0.1352794	-0.02555279	1.620511	-0.3911901	-0.01432753	1.573316	-0.1881444	0.79996	1.588584	-0.1868118	0.6762159	1.61105	-0.1842319	0.6012702	1.62466	-0.1752325	0.3671915	1.65738	-0.1616532	0.04105249	1.691027	-0.01869013	0.5314269	1.600194	-0.3376256	0.4937436	1.571781	-0.08448829	0.04412556	1.66052	-0.2315879	0.03612932	1.645484	0.08067901	0.2540303	1.650694	-0.4149043	0.2274127	1.606009	-0.03475666	-0.3258776	1.700799	-0.2419542	-0.3134741	1.681909	-0.02072417	-0.6334388	1.774541	-0.2199999	-0.6443856	1.7685	

0.1182617	0.01405162	1.618636	-0.4283496	-0.01548723	1.593347	0.08714093	-0.08803546	1.612669	-0.4043816	-0.1001781	1.592668	0.136983	-0.00456336	1.62247	-0.3887056	-0.009818029	1.579985	-0.1882489	0.7999386	1.588632	-0.1868218	0.6761629	1.611059	-0.1842483	0.6012233	1.62466	-0.1752768	0.3671483	1.657352	-0.1617626	0.04101781	1.690948	-0.01871776	0.5313892	1.600211	-0.3376267	0.4937446	1.571772	-0.08458374	0.04407763	1.660439	-0.2317024	0.03611037	1.645415	0.08056619	0.2538912	1.650707	-0.414547	0.2274703	1.605919	-0.03483802	-0.3263502	1.700714	-0.2420145	-0.313367	1.681589	-0.02086462	-0.634168	1.774114	-0.2199833	-0.6444386	1.768518	

0.1178508	0.01394844	1.618748	-0.4279044	-0.01559641	1.593441	0.0851168	-0.09154432	1.616951	-0.4045787	-0.1002267	1.593411	0.135747	-0.01822184	1.620054	-0.3897242	-0.01685205	1.573381	-0.1882972	0.7998934	1.588654	-0.1869837	0.6760193	1.610939	-0.1843978	0.6011021	1.62454	-0.1753949	0.367083	1.657235	-0.1618395	0.04101574	1.690852	-0.01846042	0.5314877	1.600174	-0.3376472	0.4937613	1.571738	-0.08466468	0.04407729	1.660292	-0.2317677	0.03610746	1.645364	0.08037304	0.2538383	1.650659	-0.4143649	0.2273811	1.605858	-0.03496772	-0.326342	1.700533	-0.2421971	-0.3134361	1.681289	-0.02073333	-0.634448	1.77396	-0.2199909	-0.6443172	1.768495	

0.1176958	0.01462734	1.618972	-0.4273214	-0.01569667	1.59401	0.08923938	-0.0884148	1.616997	-0.4044081	-0.1005573	1.595764	0.1276158	0.001196308	1.628454	-0.3888273	-0.01452585	1.579824	-0.1883047	0.7999133	1.588599	-0.1870608	0.6759652	1.610783	-0.184476	0.601054	1.624395	-0.175475	0.3670499	1.657124	-0.1619091	0.04100477	1.690795	-0.01869849	0.5315796	1.600069	-0.3376586	0.4937329	1.571722	-0.08471457	0.0440871	1.66024	-0.2318566	0.03607185	1.645308	0.08004016	0.2545215	1.650568	-0.4141883	0.2273096	1.605864	-0.03484458	-0.3263751	1.700606	-0.2420996	-0.3132445	1.681403	-0.0205567	-0.6341649	1.773817	-0.2200503	-0.6441949	1.768524	

0.1174695	0.01452101	1.619208	-0.4266213	-0.0163325	1.594417	0.08889587	-0.08806956	1.610762	-0.4046037	-0.1002316	1.593526	0.1375879	-0.03024845	1.620637	-0.3862815	-0.03402792	1.575868	-0.1883236	0.7998688	1.588529	-0.187117	0.675929	1.610721	-0.1845256	0.6010168	1.624328	-0.1755047	0.3670067	1.657037	-0.1619035	0.04095743	1.690693	-0.01876831	0.5315109	1.60015	-0.3376565	0.4937192	1.571694	-0.08471911	0.04406001	1.660173	-0.2318359	0.03600414	1.645175	0.0800252	0.254469	1.65058	-0.4140727	0.2267086	1.60622	-0.03494841	-0.3261483	1.700783	-0.2419077	-0.3129305	1.681538	-0.02056791	-0.634088	1.774051	-0.2200525	-0.644163	1.768537	

0.1173777	0.01441118	1.619306	-0.426703	-0.01633636	1.594617	0.08713117	-0.09149539	1.616033	-0.4047284	-0.100544	1.595587	0.1394794	-0.0319755	1.621889	-0.3899701	-0.01012946	1.581043	-0.1882791	0.7996953	1.588361	-0.1871969	0.675768	1.610558	-0.1846087	0.6008484	1.624172	-0.1755978	0.3668137	1.656906	-0.162002	0.04074346	1.690612	-0.0189616	0.530709	1.600103	-0.3376089	0.4936824	1.571674	-0.08478428	0.04385602	1.660116	-0.2319642	0.03579119	1.645076	0.08005391	0.2543892	1.650553	-0.413742	0.2266786	1.606198	-0.03489765	-0.326101	1.700887	-0.2417352	-0.3130375	1.681709	-0.02048496	-0.6328599	1.77344	-0.2200974	-0.6442068	1.768405	

0.1173613	0.01443506	1.6192	-0.4266003	-0.01639617	1.594765	0.08732723	-0.09155963	1.61867	-0.4042863	-0.1008728	1.597858	0.137566	-0.02144192	1.622618	-0.3884695	-0.01470821	1.583613	-0.1882067	0.7995814	1.588212	-0.1871495	0.6756734	1.610432	-0.1845712	0.6007698	1.624037	-0.1755897	0.3667789	1.656731	-0.1620392	0.0407841	1.690374	-0.01900246	0.5309088	1.600013	-0.3376117	0.4936532	1.571643	-0.08479458	0.04393073	1.659865	-0.2320222	0.03579862	1.644859	0.08005329	0.2544092	1.65054	-0.4138476	0.2266328	1.606289	-0.03488893	-0.3260754	1.70081	-0.2415399	-0.3127542	1.681813	-0.02046637	-0.6325409	1.773259	-0.2200788	-0.6440557	1.768441	

0.1174188	0.01448642	1.619277	-0.4266358	-0.01638981	1.594915	0.08723925	-0.09161488	1.61811	-0.4070293	-0.1007214	1.596799	0.1378014	-0.02177593	1.621023	-0.3919374	-0.00478504	1.585972	-0.18815	0.7995036	1.58805	-0.187126	0.6756491	1.61034	-0.1845506	0.6007465	1.623946	-0.1755777	0.3667585	1.65665	-0.1620357	0.04077093	1.690321	-0.01910351	0.5308163	1.599945	-0.337545	0.4936605	1.571578	-0.08479305	0.04393058	1.659851	-0.2320157	0.03576226	1.64475	0.08001221	0.2544545	1.650519	-0.4138907	0.2266404	1.606352	-0.03465855	-0.3267074	1.701327	-0.2415811	-0.3125801	1.681953	-0.02051779	-0.6328159	1.773793	-0.2200436	-0.644151	1.768519	

0.1174397	0.01447674	1.619258	-0.426591	-0.01595404	1.595049	0.08905516	-0.08823353	1.613821	-0.4072616	-0.1009831	1.597466	0.1388354	-0.01968349	1.622172	-0.3912516	-0.01664086	1.578366	-0.1878881	0.7995945	1.587589	-0.1869981	0.675702	1.609836	-0.1844593	0.6008157	1.623503	-0.1755749	0.3668621	1.656362	-0.1621108	0.04091218	1.690179	-0.01909789	0.5309723	1.599805	-0.3375001	0.493697	1.571488	-0.08484007	0.04401123	1.659767	-0.2321175	0.03597029	1.644549	0.08001821	0.2544426	1.650508	-0.4139265	0.2270848	1.605995	-0.03465361	-0.3267294	1.701318	-0.2416947	-0.3126521	1.681624	-0.02075264	-0.6306581	1.773066	-0.2200246	-0.6440911	1.768503	

0.1174871	0.01434635	1.619254	-0.4269153	-0.01590865	1.595217	0.08858322	-0.09191936	1.617494	-0.4085141	-0.1012567	1.597398	0.1390409	-0.02046802	1.625821	-0.3914727	-0.01425891	1.579263	-0.1878273	0.79953	1.587447	-0.1869636	0.6756431	1.609701	-0.1844378	0.6007611	1.623391	-0.175583	0.3668203	1.656307	-0.1621421	0.04088026	1.690174	-0.01916556	0.5308496	1.599749	-0.3375019	0.4936698	1.571479	-0.08486457	0.04397175	1.659771	-0.2321559	0.03594549	1.644536	0.07998289	0.2543063	1.65042	-0.414119	0.227122	1.606214	-0.03467828	-0.3266444	1.701186	-0.2418219	-0.3126151	1.681342	-0.0205248	-0.6304994	1.772929	-0.2200851	-0.6439872	1.76853	

0.1174575	0.01417569	1.619042	-0.4271857	-0.01591832	1.595283	0.08840238	-0.08774827	1.61077	-0.4054184	-0.1012253	1.597434	0.1382576	-0.04125218	1.6296	-0.3939061	-0.001516891	1.584111	-0.1878035	0.7996314	1.587214	-0.1869415	0.6754813	1.609124	-0.1844211	0.6006129	1.622888	-0.1755823	0.3667117	1.65601	-0.1621507	0.04082836	1.690091	-0.01927647	0.5307845	1.599634	-0.3375042	0.4936517	1.571439	-0.08487356	0.04392096	1.659711	-0.232162	0.03589769	1.644437	0.07995999	0.2541336	1.650252	-0.4142103	0.2271011	1.606297	-0.03472378	-0.3266193	1.701141	-0.2417692	-0.3125599	1.681489	-0.02055402	-0.63069	1.772949	-0.2199775	-0.6442437	1.768566	

0.117122	0.01407983	1.619097	-0.4274231	-0.01598896	1.59535	0.08635542	-0.0915183	1.616452	-0.4091383	-0.100918	1.598753	0.1383564	-0.04004647	1.629	-0.3934743	-0.0006101806	1.585282	-0.1877439	0.7995911	1.587034	-0.1869312	0.6754631	1.608973	-0.1844136	0.6005961	1.622743	-0.1755845	0.3666992	1.655894	-0.1621613	0.04082429	1.690034	-0.01930212	0.5308786	1.599453	-0.3374561	0.4936938	1.571357	-0.08488294	0.04392134	1.659669	-0.2321718	0.03588863	1.644369	0.07994813	0.254113	1.65004	-0.4141778	0.2270128	1.606324	-0.03489375	-0.326861	1.701047	-0.2421952	-0.3122015	1.68094	-0.0205817	-0.6305526	1.772774	-0.2199531	-0.6442619	1.768577	

0.117046	0.01415491	1.618986	-0.4274912	-0.01588188	1.595563	0.08624323	-0.09140066	1.614381	-0.4089366	-0.1001204	1.595743	0.1371179	-0.04294271	1.6266	-0.3925549	-0.01145285	1.580814	-0.1876719	0.7994974	1.586744	-0.1867582	0.6754412	1.608792	-0.1842841	0.6005686	1.622585	-0.1755534	0.3666614	1.655797	-0.1622118	0.0407723	1.689984	-0.01940845	0.530743	1.599151	-0.3374275	0.4936892	1.571292	-0.08493212	0.04385868	1.659604	-0.2322187	0.03584949	1.644336	0.07985978	0.2541888	1.649922	-0.4143028	0.2271246	1.60642	-0.03491043	-0.3268046	1.700852	-0.2420324	-0.3119238	1.681211	-0.0204011	-0.6298257	1.772598	-0.2198943	-0.644182	1.768554	

0.1169574	0.01414134	1.61893	-0.427485	-0.01585551	1.595563	0.08528727	-0.09232204	1.615881	-0.4070907	-0.1009689	1.5995	0.1374379	-0.03428111	1.625222	-0.3925164	-0.00751814	1.581475	-0.1876009	0.7994877	1.586503	-0.1864126	0.6750796	1.608098	-0.1839996	0.6002771	1.621989	-0.1754282	0.36654	1.655465	-0.162208	0.04077587	1.689906	-0.01947705	0.5308571	1.598901	-0.3374282	0.4937201	1.571256	-0.08491719	0.04387457	1.659505	-0.2322227	0.03584371	1.644282	0.07984997	0.2541861	1.649901	-0.4143965	0.2271592	1.606492	-0.03483057	-0.3265634	1.700494	-0.2417522	-0.3120672	1.681567	-0.0204735	-0.6288996	1.772288	-0.2198995	-0.6440841	1.768576	

0.1169518	0.01381678	1.618505	-0.4273951	-0.01536735	1.595665	0.08874349	-0.08792164	1.608057	-0.4072381	-0.1008106	1.598029	0.1384118	-0.03451374	1.622379	-0.3918094	-0.008914995	1.581893	-0.1875394	0.7994455	1.586313	-0.1864812	0.674966	1.607805	-0.1840463	0.6001797	1.621711	-0.1754231	0.3664886	1.65524	-0.1621641	0.04078179	1.689781	-0.01933644	0.5307075	1.598753	-0.3373758	0.4937842	1.571179	-0.08485989	0.04386698	1.65935	-0.2321923	0.03585946	1.644189	0.07988358	0.2538543	1.649637	-0.4142005	0.2276445	1.606534	-0.03467847	-0.326724	1.700671	-0.2417458	-0.3118356	1.681261	-0.02033946	-0.6286923	1.772143	-0.2198861	-0.644082	1.768584	

0.1169512	0.01372767	1.61818	-0.4273409	-0.01536895	1.595712	0.08702677	-0.09139116	1.614188	-0.4080622	-0.09998044	1.597239	0.1382819	-0.02692102	1.612467	-0.3897788	-0.03106994	1.575781	-0.187536	0.7992989	1.586046	-0.1864632	0.6749248	1.607684	-0.1840199	0.600148	1.621585	-0.1753748	0.3664896	1.655106	-0.1620939	0.04083931	1.689664	-0.01853343	0.5312282	1.598614	-0.3374105	0.4937856	1.571123	-0.08482349	0.0439456	1.659254	-0.2320823	0.03589118	1.644051	0.08014884	0.2537996	1.649419	-0.414189	0.2276471	1.606644	-0.03435886	-0.3272092	1.700801	-0.2414453	-0.3124509	1.681721	-0.02018409	-0.6297825	1.772014	-0.2200473	-0.6447732	1.768632	

0.117309	0.01373132	1.617808	-0.4272645	-0.01553071	1.595993	0.08891636	-0.09122111	1.61648	-0.4075301	-0.1008006	1.596879	0.1383734	-0.0323174	1.621121	-0.3904713	-0.02915049	1.573834	-0.187551	0.7992783	1.585971	-0.1864827	0.6749315	1.607647	-0.1840314	0.600154	1.621539	-0.1753561	0.3664947	1.655027	-0.1620166	0.04084881	1.689553	-0.01857772	0.531311	1.598316	-0.3374116	0.4937535	1.57111	-0.08472461	0.04396712	1.659079	-0.2320284	0.03589208	1.643994	0.08025664	0.253747	1.64927	-0.4142923	0.2274968	1.606796	-0.03440919	-0.3271313	1.700624	-0.2413032	-0.3121049	1.681743	-0.02023063	-0.6298782	1.771926	-0.2201091	-0.6442187	1.768574	

0.1177396	0.01371479	1.617534	-0.4272448	-0.01572815	1.596139	0.09170391	-0.08803405	1.61373	-0.4078748	-0.1005514	1.598638	0.1424449	-0.00641179	1.616176	-0.3910047	-0.02067926	1.577435	-0.1875467	0.7992834	1.58574	-0.1865433	0.6749476	1.607432	-0.184066	0.6001543	1.621356	-0.1753365	0.3664606	1.654919	-0.161944	0.04077985	1.689515	-0.01855853	0.5310916	1.598018	-0.3373816	0.4937336	1.571058	-0.08465037	0.04388407	1.659003	-0.2319569	0.03583468	1.64399	0.0805762	0.2537291	1.648833	-0.414256	0.2272978	1.606804	-0.03434232	-0.3274008	1.700804	-0.2415365	-0.3121133	1.68126	-0.02037827	-0.6296762	1.771809	-0.2200477	-0.6442295	1.768511	

0.1184189	0.01370471	1.617227	-0.4272511	-0.01544887	1.596347	0.09296618	-0.08788109	1.613268	-0.4055128	-0.1006908	1.598252	0.1436202	-0.02562319	1.616866	-0.3911916	-0.01792661	1.577804	-0.1876099	0.7992415	1.585597	-0.1864883	0.6749343	1.607338	-0.1840065	0.6001388	1.621252	-0.17527	0.3664398	1.654797	-0.1618858	0.04076207	1.689411	-0.01861021	0.5311035	1.59781	-0.3373697	0.4937083	1.571033	-0.08459395	0.04387784	1.658893	-0.2319013	0.03580759	1.643899	0.08092739	0.2536752	1.648448	-0.4139831	0.2275601	1.606638	-0.03427859	-0.3274214	1.700809	-0.2415157	-0.3120317	1.68129	-0.02016214	-0.6309592	1.772989	-0.2200033	-0.6441196	1.768537	

0.1189574	0.01394403	1.61665	-0.4272102	-0.01549163	1.596495	0.09135742	-0.09129004	1.612417	-0.4073127	-0.1007219	1.597588	0.1432652	-0.01856231	1.615598	-0.3918178	-0.006379024	1.584067	-0.1876444	0.7992445	1.585199	-0.1864802	0.6749939	1.607031	-0.18398	0.6001917	1.620969	-0.1752004	0.3664738	1.654593	-0.1617842	0.0407826	1.689313	-0.01861657	0.5311137	1.597633	-0.3373705	0.4937093	1.571029	-0.08447777	0.04390423	1.658786	-0.2318197	0.03582169	1.643815	0.08129367	0.2538717	1.648095	-0.4139389	0.2275172	1.606648	-0.03426103	-0.3273481	1.700636	-0.2415366	-0.3119753	1.681175	-0.02018421	-0.6297854	1.77241	-0.2200706	-0.6440461	1.768516	

0.1194264	0.01395472	1.616458	-0.4272823	-0.01569737	1.596547	0.09150667	-0.0914366	1.615033	-0.4061494	-0.1009926	1.598705	0.1439264	-0.02832293	1.613692	-0.3919852	-0.01095693	1.580837	-0.187783	0.7992739	1.585046	-0.1863822	0.6750051	1.606874	-0.1838879	0.6001948	1.620824	-0.1751303	0.3664562	1.65449	-0.1617476	0.04075588	1.689276	-0.01859106	0.5310779	1.597557	-0.3373581	0.4937005	1.571009	-0.08443516	0.04387236	1.658679	-0.2317828	0.03579553	1.643818	0.08151552	0.2538407	1.647944	-0.4134066	0.2272699	1.60668	-0.03427375	-0.3272903	1.700612	-0.2413343	-0.3126988	1.681666	-0.02014686	-0.6297784	1.772317	-0.2199489	-0.6445506	1.768365	

0.12002	0.01407303	1.615982	-0.4272536	-0.01554332	1.59661	0.09444317	-0.08789659	1.613435	-0.4064395	-0.1003416	1.597062	0.1453081	-0.01226698	1.619857	-0.391235	-0.01568701	1.580014	-0.1878918	0.7992674	1.584882	-0.1863289	0.6750143	1.606746	-0.1838308	0.6001918	1.620706	-0.1750632	0.3664194	1.654408	-0.1616652	0.04067763	1.689244	-0.01860277	0.5307234	1.597309	-0.3373295	0.4936935	1.570985	-0.08435743	0.04379478	1.658617	-0.2316954	0.03571664	1.643818	0.0815691	0.2538472	1.647769	-0.413267	0.2274177	1.606633	-0.03415098	-0.3271406	1.700696	-0.2410442	-0.3126264	1.68196	-0.02021256	-0.6299101	1.77281	-0.2199527	-0.644361	1.768407	

0.1203964	0.01409381	1.615792	-0.4272812	-0.01559105	1.596685	0.0932093	-0.09107205	1.613945	-0.406837	-0.1008921	1.600288	0.1441825	-0.02794524	1.609353	-0.3912416	-0.02418239	1.572196	-0.1879247	0.799311	1.584713	-0.1862689	0.675079	1.606617	-0.1837719	0.6002432	1.620591	-0.1750121	0.3664359	1.654334	-0.1616299	0.04066778	1.689223	-0.01860391	0.5306399	1.597169	-0.337309	0.4936526	1.570958	-0.08433191	0.04378516	1.658579	-0.2316473	0.03570616	1.643813	0.08179282	0.2538566	1.647441	-0.413178	0.2273626	1.606762	-0.03418048	-0.3269437	1.70058	-0.2411652	-0.312895	1.681701	-0.02011932	-0.6298492	1.772786	-0.2199286	-0.6443934	1.768425	

0.1205859	0.01393996	1.615564	-0.4272251	-0.01565121	1.596895	0.0913237	-0.09125748	1.611879	-0.4053148	-0.1011742	1.599272	0.1429922	-0.02068758	1.612209	-0.3895637	-0.02125717	1.581242	-0.187995	0.799305	1.584564	-0.1862582	0.6751419	1.606569	-0.1837557	0.6002991	1.620547	-0.1749828	0.3664734	1.654304	-0.1615857	0.04068994	1.689216	-0.01858198	0.5306157	1.596948	-0.3373105	0.4936492	1.570955	-0.08429974	0.0438128	1.658558	-0.231585	0.03572474	1.643827	0.08196185	0.2537053	1.647155	-0.4130359	0.2272958	1.606829	-0.03410187	-0.3270541	1.700724	-0.241484	-0.3125357	1.680958	-0.02005378	-0.6296183	1.772681	-0.2198275	-0.6443968	1.768581	

0.1207456	0.01390333	1.615358	-0.4271669	-0.01581397	1.596852	0.09117642	-0.09109731	1.60911	-0.4044642	-0.1014818	1.600797	0.1422489	-0.02157214	1.608526	-0.389583	-0.03205214	1.573313	-0.1879961	0.7994616	1.584361	-0.1858602	0.6750941	1.606125	-0.1833788	0.6002603	1.620145	-0.174677	0.3664564	1.654033	-0.1613831	0.04069792	1.689112	-0.0186022	0.5306718	1.596846	-0.3372947	0.4936057	1.570929	-0.08413407	0.04381233	1.658439	-0.2313539	0.03574228	1.643745	0.08206608	0.2536619	1.646942	-0.4129109	0.2271303	1.607069	-0.03400644	-0.3272003	1.700963	-0.2414961	-0.3123376	1.681095	-0.02007554	-0.629586	1.772457	-0.2198384	-0.6442268	1.768551	

0.1208346	0.01413215	1.615367	-0.4271191	-0.0156653	1.597049	0.09044901	-0.09117075	1.610451	-0.4048274	-0.1011917	1.599573	0.1432118	-0.02045973	1.613586	-0.3919311	-0.01070642	1.580932	-0.188014	0.7993659	1.584101	-0.1857739	0.6751232	1.606043	-0.183293	0.6002889	1.620062	-0.174597	0.3664822	1.653957	-0.1613225	0.04071984	1.689068	-0.01861018	0.5307217	1.596529	-0.3372866	0.4935872	1.57091	-0.08408103	0.0438669	1.658364	-0.231283	0.03573949	1.643726	0.08221651	0.2539372	1.646561	-0.412754	0.2272718	1.607061	-0.0339056	-0.3272497	1.701009	-0.24155	-0.312512	1.680955	-0.0200932	-0.6293371	1.772196	-0.2198685	-0.6443779	1.768523	

0.1209212	0.01415617	1.615346	-0.4271154	-0.01551329	1.597233	0.08998239	-0.09170093	1.609347	-0.4055042	-0.1010426	1.60068	0.1437688	-0.02338294	1.624875	-0.3898208	-0.0410061	1.5748	-0.1880169	0.7993521	1.584034	-0.185662	0.6750262	1.60587	-0.1831832	0.6002089	1.619902	-0.1744973	0.3664472	1.653838	-0.1612429	0.04073277	1.689012	-0.01855366	0.5307251	1.596378	-0.3372945	0.4936175	1.570889	-0.08398722	0.04387214	1.658246	-0.2312155	0.03575735	1.643714	0.08225635	0.2539739	1.646316	-0.4126267	0.2274156	1.607113	-0.03377695	-0.3274227	1.701231	-0.2412291	-0.3124797	1.681225	-0.02011822	-0.6295027	1.771989	-0.2197893	-0.6443814	1.768543	

0.1210451	0.01414218	1.615279	-0.4270976	-0.0155835	1.597369	0.08962249	-0.09166415	1.614193	-0.4061013	-0.1002918	1.598408	0.1431029	-0.0218147	1.61673	-0.3916798	-0.007234366	1.5797	-0.1880139	0.7993684	1.583975	-0.18557	0.6749765	1.605728	-0.1830874	0.6001621	1.619772	-0.1743936	0.3664093	1.653749	-0.1611344	0.0407095	1.688984	-0.01842581	0.5306013	1.596282	-0.3372788	0.493611	1.570872	-0.08390376	0.04385472	1.658175	-0.231066	0.03572462	1.643737	0.08231448	0.2539539	1.646203	-0.4125479	0.2273404	1.607152	-0.03377022	-0.327424	1.701198	-0.2408779	-0.3123279	1.681754	-0.02011454	-0.6295115	1.771994	-0.2197358	-0.6441464	1.768579	

0.1212496	0.01412052	1.614968	-0.4270223	-0.01556769	1.597467	0.09001443	-0.09172892	1.60988	-0.4056438	-0.1006503	1.597627	0.143224	-0.02224415	1.616113	-0.3905898	-0.02508801	1.575748	-0.1879259	0.7993664	1.583823	-0.1854735	0.6749887	1.6056	-0.182994	0.6001719	1.619639	-0.1743129	0.3664107	1.653609	-0.1610801	0.04070365	1.688866	-0.01838695	0.5305261	1.596146	-0.3372726	0.4936197	1.570859	-0.083844	0.0438671	1.658015	-0.2310233	0.03570654	1.643661	0.08237937	0.2538938	1.646089	-0.4125198	0.2273597	1.607146	-0.0337987	-0.3272779	1.700958	-0.2409658	-0.3116814	1.680722	-0.02013597	-0.6294353	1.771967	-0.2196651	-0.6437978	1.768537	

0.1212912	0.01420211	1.614955	-0.4273958	-0.0154203	1.598008	0.09128404	-0.09121118	1.611111	-0.4067453	-0.1009477	1.600337	0.1435603	-0.02029763	1.615514	-0.393155	-0.006692257	1.582094	-0.1878441	0.7993192	1.58376	-0.1854206	0.6749572	1.605556	-0.1829426	0.600148	1.619591	-0.174265	0.3664095	1.653549	-0.1610376	0.0407388	1.6888	-0.01841393	0.5305633	1.596034	-0.3372169	0.4936611	1.570831	-0.08379672	0.04391706	1.657924	-0.2309911	0.03572692	1.643623	0.08246132	0.2539923	1.645971	-0.4124891	0.2274739	1.607241	-0.03379615	-0.3273186	1.700957	-0.2406646	-0.3114574	1.681038	-0.02003658	-0.6288669	1.771542	-0.2195181	-0.6434816	1.768581	

0.1214281	0.01401273	1.614662	-0.4274023	-0.01541001	1.597955	0.09329315	-0.09117643	1.610567	-0.4064022	-0.1009342	1.600104	0.1449054	-0.01942708	1.61533	-0.3919837	-0.03079764	1.572889	-0.1877581	0.7992791	1.583659	-0.1853891	0.6749213	1.605459	-0.182904	0.6001225	1.619505	-0.1742063	0.36641	1.653493	-0.1609344	0.04078018	1.688782	-0.01789874	0.530952	1.596117	-0.3371905	0.4936718	1.570813	-0.08374938	0.04394592	1.65792	-0.2308208	0.03577848	1.643589	0.08262347	0.2537822	1.645976	-0.4124928	0.2274857	1.607236	-0.03373771	-0.327391	1.701057	-0.2405988	-0.3112578	1.6811	-0.01995182	-0.6291269	1.771367	-0.2195176	-0.6432852	1.768676	

0.1215299	0.01405559	1.614548	-0.4274615	-0.01525812	1.598035	0.09388206	-0.09147017	1.610479	-0.4071743	-0.1014491	1.601437	0.09783355	-0.05259166	1.649	-0.3932673	-0.01129557	1.578616	-0.1877343	0.7992679	1.583555	-0.1852265	0.6749366	1.6054	-0.1827526	0.6001282	1.619445	-0.1740863	0.36639	1.653433	-0.1608552	0.04073591	1.688737	-0.01785993	0.5307908	1.596042	-0.3371592	0.4936866	1.570794	-0.08366165	0.04390903	1.657854	-0.2307557	0.03573067	1.643567	0.08270764	0.2538172	1.645935	-0.4124435	0.2276292	1.607089	-0.03372784	-0.32735	1.701054	-0.2407776	-0.310346	1.680129	-0.01987319	-0.6289989	1.771694	-0.2195465	-0.6432421	1.768656	

0.1216015	0.01467215	1.614563	-0.4275525	-0.01517846	1.597934	0.0935532	-0.09143773	1.615067	-0.4048216	-0.1014756	1.600405	0.1461968	-0.01357302	1.617875	-0.3942813	-0.001696738	1.582312	-0.1876441	0.7992073	1.583455	-0.1850715	0.6748551	1.605275	-0.1826186	0.6000798	1.619324	-0.1739961	0.3664232	1.653316	-0.1608011	0.04090491	1.688604	-0.01780518	0.5311511	1.595843	-0.3371602	0.493686	1.570794	-0.08362443	0.04408057	1.657745	-0.2306907	0.03588649	1.643418	0.08272354	0.2544597	1.645594	-0.4125351	0.2277106	1.60703	-0.03376867	-0.3276221	1.700969	-0.2404809	-0.3102276	1.680505	-0.01990243	-0.6297475	1.771524	-0.2195224	-0.64328	1.768638	

0.1217056	0.01471269	1.614549	-0.4275745	-0.01503505	1.598021	0.09334133	-0.09122799	1.616719	-0.4082844	-0.1013011	1.603763	0.1443448	-0.01738513	1.613509	-0.3917237	-0.02531393	1.580321	-0.1875954	0.7991861	1.5834	-0.1849887	0.6748478	1.605241	-0.182542	0.6000704	1.619296	-0.1739391	0.3664097	1.653307	-0.1607639	0.04088824	1.68862	-0.01780958	0.5311661	1.59582	-0.3371546	0.4936737	1.570791	-0.08359068	0.04406594	1.65777	-0.2306523	0.03586811	1.643428	0.08276295	0.2544942	1.645533	-0.4125726	0.227856	1.607078	-0.0337743	-0.3275703	1.701054	-0.2405543	-0.310195	1.680643	-0.01983589	-0.6296432	1.771514	-0.2195421	-0.6434253	1.768606	

0.1218244	0.01461225	1.614634	-0.427759	-0.01491867	1.598227	0.09304362	-0.09092109	1.611213	-0.4073932	-0.1012858	1.602229	0.145299	-0.02186714	1.617874	-0.3945662	0.005723161	1.59156	-0.1875805	0.7991523	1.583312	-0.1849445	0.6748585	1.605216	-0.1825026	0.6000774	1.619269	-0.1739137	0.3664073	1.65328	-0.1607561	0.04087747	1.688602	-0.01780127	0.5311185	1.595787	-0.3371809	0.4936063	1.570766	-0.08358179	0.04405081	1.657743	-0.2306475	0.03586215	1.64342	0.08286571	0.2543997	1.645508	-0.4123048	0.2279347	1.60691	-0.03376194	-0.3275937	1.701077	-0.2405574	-0.3102165	1.680683	-0.01991304	-0.6296626	1.771546	-0.2194003	-0.6435928	1.768569	

0.121817	0.01470202	1.61466	-0.427844	-0.01459373	1.598439	0.09586673	-0.0879171	1.610564	-0.4067028	-0.1010729	1.602472	0.1455348	-0.02084189	1.616669	-0.3936346	-0.009185538	1.583018	-0.1874964	0.7991901	1.583152	-0.184998	0.6750219	1.605226	-0.1825387	0.6002108	1.619271	-0.1739153	0.3664737	1.653269	-0.1607379	0.04089803	1.688592	-0.01788712	0.5310977	1.595601	-0.3371835	0.4936166	1.570755	-0.08356844	0.04406942	1.657748	-0.2306222	0.03588761	1.643387	0.08297154	0.2545131	1.645483	-0.4123779	0.2282579	1.60691	-0.03374898	-0.3275888	1.700987	-0.2405902	-0.3102953	1.680807	-0.01965358	-0.6306612	1.77179	-0.2193898	-0.6436469	1.768626	

0.1218537	0.01472529	1.614691	-0.4279423	-0.01457573	1.598702	0.09319981	-0.09107278	1.61388	-0.4080374	-0.1010201	1.603681	0.1448555	-0.01626712	1.612229	-0.3917698	-0.02864583	1.578735	-0.187423	0.799159	1.583073	-0.1849829	0.6750377	1.605207	-0.1825247	0.6002303	1.61925	-0.1739063	0.3665062	1.653244	-0.1607408	0.04095086	1.68857	-0.01799028	0.5311972	1.595499	-0.3371838	0.4936237	1.570745	-0.08356447	0.04414426	1.657688	-0.2306309	0.03592668	1.643392	0.08300894	0.2545437	1.64543	-0.4124855	0.2282727	1.60691	-0.03382472	-0.3277045	1.70093	-0.2404003	-0.3104757	1.681206	-0.01991583	-0.6308576	1.77175	-0.2193998	-0.6433617	1.768507	

0.1218303	0.01497144	1.614735	-0.42807	-0.01444757	1.598813	0.09452349	-0.08821104	1.611618	-0.4078977	-0.1008516	1.602115	0.1451062	-0.02347995	1.61777	-0.3926898	-0.01723322	1.581809	-0.1873799	0.7992268	1.583056	-0.1849831	0.6750963	1.605179	-0.1825253	0.6002911	1.619231	-0.1739086	0.3665815	1.653254	-0.16075	0.04107455	1.688655	-0.01785345	0.5312271	1.595515	-0.3371882	0.4936377	1.570743	-0.08358496	0.04425676	1.657789	-0.2306322	0.03606027	1.64347	0.08307119	0.2547992	1.645548	-0.4126627	0.2284067	1.607145	-0.03375912	-0.3278502	1.701142	-0.2405026	-0.3113873	1.681438	-0.01990225	-0.6309365	1.771686	-0.2193507	-0.643312	1.768646	

0.1218767	0.01496357	1.614783	-0.4282345	-0.01458701	1.598778	0.09118604	-0.09111067	1.609342	-0.4084561	-0.1003861	1.602331	0.1440379	-0.02902942	1.6175	-0.395303	0.001863187	1.589692	-0.1873742	0.7993072	1.582971	-0.1849535	0.6751729	1.605097	-0.1825002	0.6003586	1.619168	-0.173895	0.3666245	1.653236	-0.1607442	0.04110606	1.688678	-0.01726319	0.5315654	1.595847	-0.3374063	0.4934405	1.570472	-0.08359643	0.0442824	1.657807	-0.2306039	0.03610338	1.643506	0.08306322	0.2547854	1.645557	-0.4128688	0.2282712	1.607273	-0.03381353	-0.3280202	1.701128	-0.240214	-0.3108387	1.682014	-0.01990293	-0.6309485	1.771697	-0.2193754	-0.6432268	1.76871	

0.1219007	0.01502465	1.614787	-0.4281277	-0.01457839	1.598687	0.09323753	-0.08798905	1.609411	-0.4094937	-0.1007206	1.601433	0.1445315	-0.0228736	1.620702	-0.3944112	-0.02966234	1.573439	-0.1873779	0.7993366	1.582924	-0.1849781	0.6751921	1.605037	-0.1825199	0.6003836	1.61911	-0.1739011	0.3666669	1.653184	-0.1607331	0.04117319	1.688643	-0.01729041	0.531698	1.595728	-0.3373673	0.4934637	1.570424	-0.08358704	0.04435926	1.657761	-0.2305943	0.03615588	1.643485	0.08309185	0.2548467	1.645574	-0.4133442	0.228328	1.607539	-0.03377889	-0.3278599	1.70076	-0.2401436	-0.3108662	1.682108	-0.01987651	-0.630993	1.771645	-0.2193596	-0.6432427	1.768718	

0.1219035	0.01526087	1.614923	-0.4284107	-0.01455307	1.598611	0.09322536	-0.08797932	1.609176	-0.4103721	-0.1009358	1.602823	0.1437046	-0.03290029	1.619333	-0.3956743	0.0008481111	1.584367	-0.1873861	0.7993779	1.582826	-0.1849722	0.6753145	1.605054	-0.1825169	0.6004866	1.619129	-0.1739051	0.3667229	1.653209	-0.1607462	0.04119314	1.688685	-0.01743343	0.531766	1.595611	-0.3373201	0.49348	1.570398	-0.08359132	0.04437178	1.657794	-0.2306217	0.03618499	1.643544	0.08308255	0.2550852	1.645676	-0.4133461	0.2283335	1.60753	-0.03377985	-0.327875	1.700851	-0.2400915	-0.31123	1.682495	-0.01997657	-0.6311717	1.77195	-0.2193285	-0.6433576	1.768785	

0.1220148	0.01535692	1.61507	-0.4288944	-0.01427925	1.598348	0.09339042	-0.08813926	1.612058	-0.4112279	-0.1002715	1.601039	0.1443114	-0.027556	1.620005	-0.3982152	-0.002812054	1.582647	-0.1873933	0.799381	1.582831	-0.1851126	0.6753331	1.605073	-0.1826493	0.6005114	1.619152	-0.1740198	0.3667654	1.653249	-0.1608531	0.04126235	1.688767	-0.01744552	0.5316865	1.59562	-0.3374344	0.4935021	1.570385	-0.08369949	0.04440755	1.657895	-0.2307342	0.03629051	1.643617	0.08314674	0.2551802	1.645744	-0.4137092	0.2286032	1.607562	-0.03382983	-0.3278033	1.700812	-0.2404914	-0.3105526	1.681874	-0.02006386	-0.6307002	1.771682	-0.2194002	-0.6434317	1.768751	

0.1222096	0.0153776	1.615198	-0.4293906	-0.01420381	1.598256	0.09403685	-0.08776397	1.613694	-0.4113437	-0.1010604	1.602428	0.1436965	-0.04214697	1.6304	-0.3982302	-0.001968783	1.584374	-0.1875362	0.7995324	1.582931	-0.1856004	0.6758419	1.605636	-0.1830692	0.6009374	1.619639	-0.1742678	0.3669855	1.653554	-0.1609509	0.04130504	1.688922	-0.01813303	0.5319382	1.595524	-0.3375282	0.4935265	1.570394	-0.08378343	0.04445745	1.658037	-0.2308487	0.03632248	1.643795	0.08313837	0.2551693	1.645845	-0.4139229	0.2286589	1.607583	-0.03397051	-0.3277281	1.701166	-0.2404473	-0.3102073	1.682162	-0.02012391	-0.6310849	1.771647	-0.2194752	-0.6432964	1.768768	

0.1224271	0.01557758	1.615358	-0.4297742	-0.0141487	1.598146	0.09344685	-0.08742145	1.613176	-0.4100516	-0.1010935	1.601534	0.1454455	-0.02941514	1.628064	-0.3951127	-0.03121892	1.578167	-0.1876249	0.7995782	1.582975	-0.1857923	0.6758935	1.605683	-0.1832452	0.6009803	1.61969	-0.1743993	0.3670017	1.653618	-0.161041	0.04128251	1.689011	-0.01847453	0.5317961	1.595466	-0.3376587	0.4935026	1.570405	-0.08386611	0.04442513	1.658118	-0.2309477	0.03630965	1.643899	0.08312676	0.2553335	1.645984	-0.414136	0.2287006	1.607381	-0.03406437	-0.3277045	1.701109	-0.2407061	-0.3104764	1.681966	-0.02023019	-0.6321919	1.77159	-0.2195432	-0.6432843	1.768741	

0.1228143	0.01605125	1.615629	-0.4304049	-0.01402171	1.597521	0.0957283	-0.08679231	1.611266	-0.4115345	-0.1008105	1.599634	0.1449451	-0.03186647	1.623663	-0.3947572	-0.02583757	1.581615	-0.187763	0.7995672	1.583079	-0.1859357	0.6759446	1.605866	-0.1833729	0.6010378	1.61986	-0.174483	0.3670727	1.653757	-0.1610739	0.04135966	1.689128	-0.01847994	0.5318177	1.595575	-0.3378468	0.4934826	1.570447	-0.08390646	0.04450404	1.658272	-0.2309753	0.03638135	1.643989	0.08298532	0.2557176	1.646281	-0.4143918	0.2288028	1.607073	-0.03414366	-0.327578	1.701044	-0.2409652	-0.3109218	1.681964	-0.02022136	-0.6321995	1.771603	-0.2195824	-0.6433123	1.768674	

0.1229753	0.01621191	1.615697	-0.4307916	-0.01399776	1.597215	0.09552263	-0.08770091	1.616239	-0.4106451	-0.100695	1.597592	0.1464912	-0.02419951	1.623266	-0.3973437	-0.01109652	1.575788	-0.1880312	0.7998155	1.583246	-0.1860607	0.6760785	1.605896	-0.1834807	0.6011552	1.619901	-0.1745476	0.3671478	1.653828	-0.1610969	0.04139212	1.689258	-0.01855465	0.5317698	1.595631	-0.3378708	0.493513	1.570438	-0.0839375	0.04453584	1.65843	-0.2309924	0.03641202	1.644099	0.08302974	0.2558495	1.64646	-0.4144742	0.2288044	1.606962	-0.03415951	-0.3275502	1.701042	-0.2411559	-0.3115399	1.681961	-0.02035173	-0.6305888	1.77156	-0.2194955	-0.6434723	1.768637	

0.1231166	0.01670954	1.61581	-0.4309309	-0.01333378	1.596702	0.09591486	-0.08697209	1.614497	-0.4097538	-0.1013277	1.599251	0.1458615	-0.02059413	1.622818	-0.3978269	-0.001091149	1.578736	-0.1881292	0.7999835	1.583238	-0.1862893	0.6762787	1.605931	-0.1836916	0.6013501	1.619956	-0.1747082	0.3673261	1.65394	-0.1611977	0.04155172	1.689466	-0.01887986	0.5318112	1.595566	-0.337884	0.4935339	1.570432	-0.08401564	0.04472559	1.658734	-0.2311102	0.03654202	1.644237	0.08310422	0.2563342	1.646611	-0.4149463	0.2295006	1.606554	-0.03417326	-0.3275395	1.70104	-0.2412088	-0.3117776	1.68203	-0.02016055	-0.6300765	1.771538	-0.2195626	-0.6435442	1.768703	

0.1232884	0.01675756	1.615855	-0.4312499	-0.01331677	1.596184	0.09591382	-0.08695965	1.61442	-0.4111283	-0.1009094	1.597629	0.1469113	-0.009006363	1.619867	-0.3985206	0.005175871	1.582	-0.1882195	0.800062	1.583303	-0.186444	0.6763288	1.605956	-0.1838148	0.6013944	1.61999	-0.1747614	0.3673552	1.653995	-0.1611847	0.04156785	1.68958	-0.01905714	0.5318694	1.595581	-0.3379018	0.4935482	1.570425	-0.08400005	0.04474807	1.658869	-0.2311015	0.03655073	1.644333	0.08313374	0.2563512	1.646726	-0.415213	0.229516	1.606431	-0.0341382	-0.3274908	1.701124	-0.2411409	-0.3122376	1.682215	-0.02012836	-0.6292533	1.771389	-0.2195567	-0.6441167	1.768736	

0.1233824	0.01712264	1.615967	-0.4313674	-0.01317295	1.595831	0.09598403	-0.08703968	1.615728	-0.4105258	-0.1010196	1.599285	0.1479842	-0.03149913	1.623	-0.396328	-0.004538227	1.586011	-0.1885107	0.8001568	1.583382	-0.1869418	0.6765206	1.606152	-0.1842147	0.601562	1.62017	-0.1749245	0.3674544	1.65413	-0.1611769	0.04160835	1.689682	-0.0191448	0.5319117	1.595638	-0.3379694	0.4935676	1.570414	-0.08399258	0.04477914	1.65899	-0.2310953	0.03659669	1.644419	0.08317653	0.2566919	1.647031	-0.4152134	0.2296526	1.606348	-0.03419133	-0.3275168	1.701152	-0.2411516	-0.3120869	1.682515	-0.02006076	-0.6283882	1.771257	-0.2195427	-0.6440613	1.768747	

0.1234409	0.01729134	1.615995	-0.4314869	-0.01292166	1.595804	0.09587839	-0.08692971	1.613805	-0.4119616	-0.1010599	1.598913	0.1468231	-0.02172934	1.620739	-0.3974697	-0.01653302	1.574924	-0.1886724	0.8002235	1.583317	-0.1872366	0.676651	1.606168	-0.184476	0.6016991	1.620204	-0.1750899	0.3676054	1.654215	-0.1612267	0.04178251	1.689842	-0.01949158	0.5321797	1.595561	-0.3380488	0.4935824	1.570422	-0.08407222	0.04499616	1.659234	-0.2311222	0.03672471	1.644513	0.08321408	0.256849	1.647152	-0.4153031	0.2299012	1.60605	-0.03420052	-0.3275112	1.701166	-0.2410692	-0.3121458	1.682759	-0.01981915	-0.6279567	1.771067	-0.2195608	-0.6440595	1.768732	

0.1235301	0.01720697	1.616168	-0.4315773	-0.0129486	1.595787	0.09570056	-0.08676059	1.610729	-0.4085513	-0.101809	1.601862	0.1464542	-0.0244538	1.621777	-0.3971707	-0.005967561	1.580268	-0.1887679	0.8002207	1.583346	-0.187252	0.6766279	1.606174	-0.1844817	0.6016881	1.620212	-0.1750676	0.3676128	1.654247	-0.1610413	0.04187303	1.689989	-0.01880424	0.5325822	1.595909	-0.3380516	0.493586	1.570424	-0.08393404	0.04508946	1.659378	-0.2308939	0.0368055	1.644662	0.0832361	0.256758	1.647245	-0.4152688	0.2298634	1.606047	-0.03415155	-0.3274688	1.701443	-0.2410772	-0.3117368	1.682867	-0.01983522	-0.6280641	1.771128	-0.2195061	-0.6439502	1.7688	

0.1236737	0.0171961	1.616391	-0.431552	-0.01280243	1.596105	0.09525249	-0.08744635	1.611597	-0.4104072	-0.1005	1.598313	0.1472947	-0.004045399	1.620765	-0.3960879	-0.01315138	1.577616	-0.1888037	0.8002468	1.583395	-0.1873737	0.6767254	1.606312	-0.1845885	0.6017783	1.620351	-0.1751241	0.3676795	1.65439	-0.1610291	0.0418984	1.69014	-0.01885328	0.5323542	1.595972	-0.3380836	0.4936163	1.570445	-0.08394478	0.04512156	1.659517	-0.2308589	0.03682113	1.644826	0.08324406	0.2567394	1.647262	-0.4152465	0.2300083	1.606243	-0.0340714	-0.3272119	1.701888	-0.2412259	-0.3116187	1.682653	-0.01955073	-0.6276715	1.770954	-0.2193539	-0.6434425	1.768728	

0.1237262	0.01735654	1.616357	-0.4313993	-0.01284419	1.596476	0.09539085	-0.08757412	1.613954	-0.4104707	-0.1008229	1.600732	0.146266	-0.02356756	1.619983	-0.3948241	-0.01774651	1.577919	-0.188832	0.8003789	1.583386	-0.1873895	0.6769062	1.606375	-0.1845983	0.6019211	1.620417	-0.1751143	0.3677378	1.654462	-0.1609803	0.04186755	1.690253	-0.01885336	0.5323541	1.595972	-0.3380906	0.4936061	1.570458	-0.0839169	0.04510399	1.659589	-0.230788	0.03677367	1.644986	0.08325933	0.2568871	1.647301	-0.4151565	0.2299677	1.606327	-0.03409917	-0.3272624	1.701889	-0.2411247	-0.3117346	1.682898	-0.01964587	-0.6276705	1.770876	-0.2193843	-0.6435133	1.768652	

0.1237246	0.01737524	1.616397	-0.4314232	-0.01293934	1.597044	0.09521447	-0.08741413	1.610954	-0.407589	-0.1010687	1.601196	0.1474018	-0.02586284	1.62244	-0.3958955	-0.002021012	1.587756	-0.1888939	0.8005421	1.583664	-0.1872974	0.6769673	1.606422	-0.1845212	0.6019763	1.62048	-0.175062	0.3677813	1.654595	-0.1609645	0.04186682	1.69054	-0.01887825	0.5322946	1.596004	-0.3380962	0.4936021	1.570485	-0.08390702	0.0450986	1.659757	-0.2307693	0.03677876	1.645419	0.08328287	0.2569073	1.647362	-0.4150614	0.2298576	1.606605	-0.03414442	-0.3273959	1.701943	-0.2411089	-0.311606	1.683107	-0.01982134	-0.6298074	1.770957	-0.2193432	-0.6433118	1.768745	

0.1239004	0.01731501	1.616548	-0.431374	-0.01278032	1.597509	0.09565472	-0.08675011	1.61055	-0.4101522	-0.100524	1.600567	0.1483185	-0.03180913	1.626	-0.3954251	-0.01005542	1.582487	-0.1889107	0.8005949	1.583778	-0.1872887	0.6770529	1.606519	-0.1845138	0.6020567	1.620591	-0.1750517	0.3678396	1.654758	-0.1609365	0.04186352	1.690779	-0.01890658	0.5322735	1.596074	-0.3381019	0.493592	1.570512	-0.0838889	0.04506975	1.66004	-0.230737	0.03679563	1.645615	0.08331195	0.2568192	1.647516	-0.4150524	0.2300169	1.606853	-0.03412961	-0.3273386	1.701942	-0.241058	-0.3118781	1.683614	-0.01987246	-0.6295384	1.770986	-0.219355	-0.6430787	1.768836	

0.1239742	0.01735965	1.616701	-0.431359	-0.01297533	1.597797	0.09755289	-0.08757164	1.616117	-0.4077143	-0.1013265	1.602817	0.1480892	-0.03249981	1.624111	-0.3923227	-0.0287397	1.580583	-0.1889628	0.8006968	1.583902	-0.1872984	0.6770449	1.606537	-0.1845223	0.6020521	1.620612	-0.1750528	0.3678459	1.654796	-0.1609135	0.04188532	1.690842	-0.01892317	0.5322546	1.596136	-0.338118	0.493578	1.570565	-0.0838747	0.04509261	1.660081	-0.2307057	0.03681263	1.645699	0.08335411	0.2568652	1.647576	-0.4151224	0.229825	1.607088	-0.03418615	-0.326811	1.702042	-0.2408514	-0.3121745	1.684066	-0.01981039	-0.6293038	1.771011	-0.2193855	-0.6430944	1.768769	

0.1240634	0.01737854	1.616675	-0.4314624	-0.01296771	1.597979	0.09870607	-0.08738883	1.616815	-0.4104806	-0.1008361	1.602764	0.1482444	-0.01442051	1.619	-0.3989219	-0.002591202	1.584346	-0.1890619	0.8008654	1.584261	-0.1872365	0.6771685	1.606642	-0.1844703	0.6021687	1.62073	-0.1750234	0.3679397	1.654963	-0.1609098	0.04192694	1.691077	-0.01906295	0.5323484	1.596237	-0.3381323	0.4935441	1.570653	-0.08386306	0.04513301	1.660288	-0.2307134	0.03685196	1.645956	0.08351576	0.2568437	1.648156	-0.4152419	0.2298327	1.607269	-0.03415573	-0.3267966	1.702116	-0.2407481	-0.3124095	1.68457	-0.01965132	-0.6291659	1.771278	-0.2193659	-0.6427634	1.768793	

0.1242677	0.01763107	1.616894	-0.4317101	-0.01294887	1.598238	0.0986174	-0.08732312	1.615615	-0.4124162	-0.1012772	1.604634	0.1482645	-0.003143921	1.6192	-0.3976057	-0.01008617	1.581652	-0.1889778	0.8010054	1.58456	-0.1875732	0.677421	1.606962	-0.184739	0.6023865	1.621022	-0.1751197	0.3680641	1.655177	-0.1608593	0.04196331	1.69122	-0.01925555	0.5322874	1.596676	-0.3381875	0.4935674	1.570742	-0.08379153	0.04519434	1.660579	-0.2306861	0.03686789	1.646001	0.08349409	0.2570473	1.648483	-0.4152793	0.2298319	1.607406	-0.03408369	-0.3268207	1.70228	-0.2413089	-0.3117024	1.683702	-0.01963435	-0.6291945	1.771309	-0.2193019	-0.6423861	1.768905	

0.124394	0.0179307	1.617247	-0.4320249	-0.01279805	1.598336	0.09857448	-0.08786191	1.615569	-0.4115448	-0.1011073	1.60443	0.1480998	-0.01481733	1.619698	-0.4000153	0.001005409	1.588691	-0.1888973	0.8010678	1.584869	-0.1875225	0.6773938	1.607338	-0.1847029	0.6023869	1.621386	-0.1751132	0.3681382	1.65551	-0.1608726	0.04211058	1.691498	-0.01852656	0.5328277	1.597258	-0.3382462	0.4935596	1.570862	-0.08381166	0.04531356	1.660877	-0.2306947	0.03703221	1.646248	0.08352493	0.2573337	1.648795	-0.4153564	0.2299635	1.607568	-0.03410535	-0.3267901	1.70227	-0.2415319	-0.3110581	1.683235	-0.01963504	-0.6292194	1.771284	-0.2193995	-0.642505	1.768969	

0.1244806	0.01799537	1.61732	-0.432283	-0.012695	1.598504	0.09812634	-0.08711462	1.617257	-0.4108306	-0.1012177	1.604972	0.1473241	-0.02736614	1.62725	-0.3981569	-0.005919452	1.583872	-0.1887742	0.8012381	1.585167	-0.1875055	0.6773614	1.607424	-0.1846883	0.6023648	1.621475	-0.1750993	0.3681452	1.655614	-0.1608494	0.04215225	1.691614	-0.01794281	0.5330748	1.597831	-0.3382263	0.4935502	1.570925	-0.08379011	0.04534148	1.661002	-0.2306727	0.03708337	1.646348	0.08353449	0.257361	1.649128	-0.4154193	0.2300492	1.6077	-0.03409807	-0.326674	1.702433	-0.2414136	-0.3112728	1.68371	-0.01972142	-0.6294627	1.771535	-0.2193887	-0.6425465	1.76889	

0.1245268	0.01809539	1.617699	-0.4322361	-0.01273199	1.598357	0.0954617	-0.08762752	1.615027	-0.4134393	-0.09969385	1.602432	0.1436528	-0.01838303	1.6098	-0.3977312	-0.00755835	1.584237	-0.1885336	0.801403	1.585671	-0.1876965	0.6776469	1.608164	-0.184848	0.6026034	1.62214	-0.1751654	0.368256	1.656073	-0.1608206	0.04213352	1.691847	-0.01746002	0.5332071	1.598272	-0.3382305	0.493522	1.571021	-0.08378103	0.0452958	1.661257	-0.2306296	0.0370892	1.646553	0.08345845	0.2574452	1.649426	-0.4157947	0.2300502	1.608137	-0.03414527	-0.326586	1.702411	-0.2412811	-0.3115432	1.684295	-0.01964956	-0.6306339	1.771797	-0.2193235	-0.6424384	1.768951	

0.124524	0.01800623	1.618019	-0.4324847	-0.01270835	1.598551	0.09415547	-0.08787388	1.615822	-0.4110003	-0.1006474	1.602281	0.145682	-0.01595086	1.617543	-0.3974536	-0.008190112	1.583867	-0.1884568	0.8014519	1.586079	-0.1876222	0.6777453	1.608691	-0.1847992	0.6026858	1.622621	-0.1751711	0.36829	1.656421	-0.1608579	0.04210497	1.69203	-0.01771694	0.5329319	1.598757	-0.338202	0.4935413	1.571078	-0.08380451	0.0452585	1.661498	-0.2306756	0.03706917	1.64668	0.08340722	0.2573505	1.649682	-0.4158785	0.2300585	1.608299	-0.03418442	-0.3271102	1.702796	-0.2410758	-0.3120246	1.68503	-0.01964607	-0.6320342	1.771709	-0.2193903	-0.6427696	1.768877	

0.1244879	0.01799779	1.618365	-0.4325894	-0.0124377	1.598678	0.09424617	-0.08796538	1.617447	-0.4129384	-0.09972566	1.601863	0.1461383	-0.02197612	1.629143	-0.3983814	-0.01191173	1.581771	-0.1883308	0.8014974	1.586526	-0.1877245	0.6779616	1.609339	-0.1849211	0.6029065	1.623225	-0.1753335	0.3685113	1.65689	-0.161033	0.0422851	1.692307	-0.01804848	0.5326295	1.599192	-0.3381389	0.4937091	1.571252	-0.08394252	0.04537179	1.661743	-0.2308859	0.03731703	1.646984	0.08338632	0.2573549	1.649886	-0.4160253	0.2303327	1.608423	-0.03428448	-0.3268382	1.702649	-0.2410072	-0.3117586	1.68527	-0.0199677	-0.6304526	1.771822	-0.2193549	-0.6426684	1.768998	

0.1244093	0.01803637	1.619029	-0.4326756	-0.01235396	1.598711	0.09551731	-0.08767666	1.615884	-0.4101759	-0.09974686	1.60043	0.1463968	-0.0154923	1.628376	-0.3977438	-0.008696684	1.583817	-0.1881315	0.801603	1.587064	-0.1875652	0.6782296	1.610079	-0.18481	0.6031587	1.623895	-0.1753367	0.3687113	1.657365	-0.1611238	0.04240147	1.692554	-0.01833319	0.5327432	1.599662	-0.3381317	0.4937171	1.571319	-0.08405561	0.0455186	1.662063	-0.2309539	0.03739944	1.647158	0.08329262	0.2574277	1.650091	-0.4160364	0.2304107	1.608662	-0.03448884	-0.327055	1.702831	-0.2411057	-0.3116688	1.685438	-0.01994625	-0.6307343	1.771933	-0.2193987	-0.6427796	1.769	

0.1245254	0.01796043	1.619771	-0.4329106	-0.01236742	1.598912	0.09487176	-0.08801246	1.617285	-0.4132091	-0.1000285	1.603843	0.1457608	-0.01924739	1.620765	-0.3993021	-0.02244921	1.575077	-0.1879902	0.8017777	1.58757	-0.1875274	0.678188	1.610286	-0.1847767	0.6031339	1.624108	-0.1753141	0.3687363	1.657596	-0.1611127	0.04248311	1.692783	-0.01769404	0.5329229	1.600027	-0.3380918	0.4938608	1.571507	-0.08403393	0.04556829	1.662348	-0.2309538	0.03750292	1.647334	0.08330797	0.2573545	1.650544	-0.4159805	0.2303714	1.608869	-0.03476423	-0.3263806	1.702959	-0.2410647	-0.3116835	1.685672	-0.02012799	-0.6288677	1.771442	-0.219404	-0.6426765	1.769004	

0.1245662	0.01776582	1.620092	-0.4331014	-0.01287539	1.599225	0.09430297	-0.08800103	1.61826	-0.4118851	-0.09994659	1.604331	0.1428316	-0.008399333	1.616333	-0.3991446	0.005564523	1.591115	-0.1879178	0.8018165	1.588081	-0.187524	0.6780977	1.610607	-0.1847774	0.6030432	1.624438	-0.1753244	0.3686417	1.657942	-0.1611296	0.04237129	1.693114	-0.01793403	0.5326767	1.600535	-0.3380148	0.4939695	1.571629	-0.0840319	0.04541095	1.662677	-0.2309903	0.03743912	1.64766	0.08319654	0.2571332	1.650831	-0.4162539	0.2298674	1.609699	-0.03477595	-0.326378	1.702959	-0.2410714	-0.3120157	1.686099	-0.0201425	-0.6288126	1.771525	-0.2194553	-0.6426699	1.768972	

0.1245513	0.01785113	1.620363	-0.4332863	-0.01248601	1.599427	0.09417553	-0.08788799	1.616135	-0.4146218	-0.09741776	1.603056	0.1430997	-0.04430817	1.63625	-0.3969459	-0.02412614	1.581579	-0.1877432	0.8019528	1.588779	-0.1875757	0.6782067	1.611238	-0.1848205	0.6031432	1.625009	-0.175341	0.3687116	1.658336	-0.1611191	0.0423938	1.693297	-0.01797471	0.5326772	1.601052	-0.3379858	0.4939794	1.57175	-0.08403436	0.04542964	1.6629	-0.2309717	0.03746257	1.647799	0.08321252	0.2572179	1.65116	-0.4161977	0.2302383	1.609998	-0.03471861	-0.326579	1.703018	-0.2411182	-0.3119936	1.686255	-0.02014736	-0.6293625	1.771502	-0.2194628	-0.6427439	1.769015	

0.1244997	0.01777674	1.620775	-0.4336472	-0.01270665	1.599768	0.09361188	-0.08834871	1.615827	-0.414966	-0.09733967	1.603562	0.1447216	-0.04334631	1.642	-0.3972797	-0.02191	1.582467	-0.1874167	0.8020485	1.589396	-0.1876287	0.6782416	1.61173	-0.184869	0.6031731	1.625464	-0.175373	0.3687247	1.658676	-0.1611283	0.04237869	1.693481	-0.01774123	0.5323946	1.601964	-0.3379613	0.4939969	1.571909	-0.08404029	0.04538952	1.663065	-0.2309851	0.0374751	1.647997	0.08329333	0.2571754	1.651442	-0.4163007	0.2299927	1.610502	-0.03468619	-0.3264297	1.702957	-0.241094	-0.3122068	1.686706	-0.02013644	-0.6296443	1.771561	-0.2194902	-0.6431796	1.769017	

0.1244073	0.01797904	1.62086	-0.4338032	-0.01253059	1.599717	0.09354062	-0.08828187	1.614709	-0.4124176	-0.09992322	1.605891	0.1437259	-0.0173771	1.619929	-0.3970015	-0.0205056	1.58269	-0.1872807	0.8021303	1.589886	-0.1876377	0.6782697	1.612128	-0.1848885	0.6032134	1.62583	-0.1754168	0.3687928	1.65895	-0.1611874	0.04245648	1.693633	-0.01704543	0.5327486	1.602173	-0.3379669	0.4940817	1.572066	-0.08411361	0.04544932	1.663202	-0.2310267	0.03756778	1.64816	0.08320257	0.2573615	1.651724	-0.4162521	0.2301522	1.610755	-0.03467387	-0.3264218	1.702957	-0.2413943	-0.3120629	1.686182	-0.02026471	-0.6296442	1.771429	-0.2194635	-0.6430818	1.769019	

0.1243753	0.01808386	1.620982	-0.4341779	-0.01222693	1.599951	0.09374093	-0.08847295	1.618121	-0.416267	-0.09622505	1.60149	0.143771	-0.02008364	1.617455	-0.3991482	-0.01539072	1.581475	-0.186961	0.8021985	1.590505	-0.187415	0.6782998	1.612674	-0.1847087	0.6032693	1.626307	-0.17534	0.3689039	1.659248	-0.1611967	0.04259887	1.693762	-0.01682863	0.5328913	1.602244	-0.3378992	0.4941355	1.572258	-0.0841277	0.04557622	1.663359	-0.2310323	0.03771906	1.648259	0.08318677	0.2574495	1.652067	-0.416245	0.2304231	1.611013	-0.03468921	-0.3264225	1.702957	-0.241411	-0.3119685	1.68617	-0.02013028	-0.6303584	1.77153	-0.2194696	-0.644152	1.76916	

0.1244115	0.01805917	1.621252	-0.434396	-0.01206806	1.600034	0.09361999	-0.08836907	1.61618	-0.4157996	-0.09679356	1.601727	0.1443612	-0.0260914	1.625972	-0.3980941	-0.01458491	1.582805	-0.1866584	0.8022197	1.591126	-0.1869703	0.6780645	1.612945	-0.1843823	0.603079	1.626545	-0.17526	0.3688143	1.659394	-0.161285	0.04255698	1.69386	-0.01699015	0.5327219	1.602673	-0.3378251	0.4941784	1.572383	-0.08421922	0.04549708	1.663456	-0.2311176	0.03771156	1.648358	0.08315004	0.2574085	1.652351	-0.4162858	0.230566	1.611118	-0.03478793	-0.3266321	1.702885	-0.2412595	-0.3118844	1.686278	-0.0202263	-0.6299961	1.771224	-0.2195243	-0.6441837	1.769118	

0.1244123	0.0180708	1.621271	-0.4345322	-0.01202111	1.600032	0.09378978	-0.08852194	1.619004	-0.4145549	-0.09665863	1.600752	0.1464756	-0.01631403	1.6365	-0.3991218	-0.01927089	1.576833	-0.1861942	0.8020953	1.591776	-0.1868704	0.6778135	1.613368	-0.184306	0.6028646	1.62691	-0.175249	0.3686994	1.659595	-0.1613178	0.04252707	1.693906	-0.01702755	0.5325755	1.602885	-0.3377625	0.4942803	1.572474	-0.08425621	0.04543201	1.663531	-0.2311452	0.03770514	1.648382	0.08311106	0.2574088	1.652406	-0.4164093	0.2306107	1.611153	-0.03481008	-0.3265811	1.702851	-0.2413453	-0.3106763	1.68575	-0.0199824	-0.6297041	1.77115	-0.2196387	-0.6433009	1.769114	

0.1244671	0.01820475	1.621905	-0.4345106	-0.01213295	1.599961	0.0945999	-0.08821578	1.6217	-0.4144696	-0.09671946	1.601739	0.1468987	-0.02828541	1.633296	-0.4004444	7.996513E-05	1.583905	-0.1856053	0.8023164	1.59276	-0.1865526	0.6780609	1.614347	-0.184035	0.6030827	1.627787	-0.1751184	0.3688432	1.660173	-0.1613281	0.04259064	1.694129	-0.01693513	0.5324348	1.603352	-0.3375912	0.4943723	1.572661	-0.08426451	0.04546057	1.663787	-0.2311579	0.03779863	1.648571	0.08309054	0.2575468	1.65281	-0.4167607	0.2305293	1.611511	-0.03477011	-0.3265247	1.70304	-0.2412038	-0.3105101	1.685903	-0.02033771	-0.6305703	1.771169	-0.2196464	-0.6432942	1.769133	

0.1245465	0.01809549	1.62239	-0.4344112	-0.01244836	1.599831	0.0945914	-0.08822678	1.622009	-0.4147189	-0.09585902	1.599743	0.1456452	-0.03991057	1.63975	-0.3992205	-0.01847743	1.577256	-0.1851031	0.802573	1.593439	-0.1863835	0.6782147	1.614848	-0.1838845	0.603236	1.628252	-0.1750345	0.3689928	1.660515	-0.1613317	0.04271577	1.694291	-0.0168336	0.5323661	1.603726	-0.3374516	0.4945695	1.572843	-0.08427384	0.04555072	1.664018	-0.2311578	0.03795724	1.648679	0.08307366	0.2574303	1.653144	-0.4172335	0.2302584	1.61202	-0.03478357	-0.3265295	1.703013	-0.2411286	-0.3107362	1.686426	-0.02049703	-0.6311955	1.771072	-0.2196754	-0.643314	1.76916	

0.1245309	0.01827842	1.622633	-0.4344586	-0.01234314	1.599797	0.09444792	-0.08814251	1.620762	-0.4137355	-0.09555038	1.598657	0.1453315	-0.03004657	1.633341	-0.3994695	0.002724899	1.585425	-0.1848048	0.8026286	1.594193	-0.1860292	0.6781905	1.615481	-0.1835767	0.6032131	1.628813	-0.1748673	0.3689789	1.660865	-0.1613105	0.04271244	1.694391	-0.01676059	0.5323095	1.604036	-0.3374069	0.4946031	1.572996	-0.08422566	0.04552031	1.664196	-0.2311543	0.03796775	1.64872	0.08314388	0.257622	1.653457	-0.4171768	0.2303543	1.612113	-0.03482847	-0.3264644	1.70305	-0.2410714	-0.3108616	1.686684	-0.02056952	-0.6307824	1.771097	-0.2197288	-0.6432986	1.769242	

0.12451	0.01817683	1.622544	-0.4344935	-0.0123565	1.599784	0.09453034	-0.08820029	1.621787	-0.4138632	-0.09566243	1.598076	0.1469893	-0.016186	1.628333	-0.3990621	-0.007593928	1.582911	-0.1846103	0.8026373	1.594719	-0.1857863	0.6781722	1.615961	-0.1833678	0.6032021	1.629261	-0.1747645	0.3689908	1.661205	-0.1613314	0.04274383	1.694565	-0.01681366	0.5323923	1.60419	-0.3372401	0.4946602	1.573174	-0.08423783	0.04555351	1.664383	-0.2311829	0.03799656	1.648872	0.08331698	0.2575227	1.653729	-0.4170479	0.2303262	1.612149	-0.03476413	-0.326204	1.702968	-0.2410429	-0.3112776	1.68679	-0.02059327	-0.6307388	1.771303	-0.219778	-0.6433694	1.769276	

0.1245349	0.01801667	1.622529	-0.4344776	-0.01218261	1.599673	0.09564922	-0.0878152	1.618386	-0.4139217	-0.09661406	1.599915	0.1475566	-0.01649014	1.627214	-0.3990792	-0.007235037	1.582257	-0.1844946	0.8024127	1.59495	-0.1856796	0.6779219	1.61614	-0.183262	0.6029902	1.629446	-0.1746688	0.3688805	1.661399	-0.1612685	0.04274847	1.69474	-0.01679551	0.5323415	1.604426	-0.3371736	0.4947088	1.573304	-0.0841607	0.04555238	1.664518	-0.2311425	0.03800924	1.649081	0.08343649	0.2573552	1.653972	-0.4171108	0.2305062	1.612336	-0.0346856	-0.3254683	1.702589	-0.2411481	-0.3115586	1.68672	-0.02052547	-0.6306644	1.771498	-0.2200154	-0.6446697	1.769389	

0.1247352	0.01778848	1.622897	-0.4344923	-0.01223942	1.599586	0.09822813	-0.08851741	1.619002	-0.4127039	-0.09902741	1.602324	0.1470654	-0.02272399	1.630082	-0.3995187	-0.005667535	1.583182	-0.1841661	0.8022469	1.594572	-0.186047	0.6779581	1.615971	-0.1834819	0.6030165	1.629397	-0.1747215	0.3689034	1.661546	-0.1609853	0.04282332	1.695663	-0.01654833	0.5312597	1.605493	-0.3371015	0.4947848	1.573475	-0.08392492	0.04563175	1.665276	-0.2308299	0.03807684	1.650159	0.08344946	0.257091	1.654328	-0.4171493	0.2304479	1.612573	-0.03410127	-0.3246266	1.700594	-0.2417258	-0.3115377	1.685699	-0.0203306	-0.6326138	1.77126	-0.2202744	-0.6454031	1.768793	

0.1247676	0.01767309	1.623205	-0.4348879	-0.01201036	1.599723	0.09875633	-0.09182672	1.625141	-0.4143043	-0.099827	1.601527	0.1484279	-0.01752563	1.629465	-0.400382	-0.01114216	1.581677	-0.1837969	0.8013886	1.594281	-0.1859643	0.6775227	1.616192	-0.1833754	0.6026729	1.629668	-0.1744803	0.3687625	1.662077	-0.1604951	0.04313826	1.696656	-0.01672544	0.5313209	1.605635	-0.3370898	0.4947689	1.57366	-0.08347318	0.04610171	1.666314	-0.2303284	0.03823784	1.6511	0.08395799	0.2569789	1.655502	-0.4171697	0.2306442	1.612822	-0.03301039	-0.3226171	1.698824	-0.2426684	-0.3108493	1.683939	-0.02033737	-0.6325058	1.771156	-0.2205197	-0.6453605	1.76831	

0.1256502	0.01765606	1.625005	-0.4353637	-0.01225521	1.599835	0.1001103	-0.09638108	1.62388	-0.4170091	-0.1039832	1.602714	0.1501198	-0.02146252	1.629382	-0.401767	-0.009999499	1.585612	-0.1830432	0.7979056	1.592071	-0.1860846	0.6757485	1.616034	-0.1834132	0.6012481	1.629748	-0.1743193	0.3679906	1.662675	-0.1600337	0.04286898	1.69815	-0.01682042	0.5306476	1.605873	-0.3370558	0.4946455	1.573807	-0.08310412	0.04588357	1.667627	-0.2297993	0.03793066	1.652757	0.08404179	0.2569056	1.656269	-0.4178348	0.2304049	1.613687	-0.0312501	-0.3222657	1.693778	-0.2449504	-0.311831	1.675953	-0.02017644	-0.6333751	1.770615	-0.2206141	-0.6457582	1.767234	

0.128926	0.0144006	1.629872	-0.437222	-0.01591249	1.602526	0.1071455	-0.1027462	1.630651	-0.4191501	-0.1135733	1.611761	0.1562227	-0.03201747	1.629636	-0.4037952	-0.03692578	1.585194	-0.1821003	0.7878168	1.58903	-0.1859005	0.6676549	1.615039	-0.1831799	0.594569	1.629646	-0.1739357	0.3645219	1.664406	-0.1594673	0.04165311	1.702204	-0.01627849	0.5303455	1.605796	-0.3371176	0.4942376	1.574131	-0.0827786	0.04477261	1.671741	-0.2290392	0.03667247	1.656726	0.08561032	0.2534715	1.659117	-0.4197671	0.2267178	1.616846	-0.02908558	-0.3217959	1.686126	-0.2480967	-0.3127926	1.664656	-0.01991479	-0.6334893	1.769562	-0.2209848	-0.6465732	1.766018	

0.1303219	0.01222651	1.631802	-0.4384374	-0.01875792	1.604233	0.1105699	-0.1072955	1.630719	-0.4198422	-0.1172388	1.610415	0.1589515	-0.02059295	1.630412	-0.4057811	-0.02626343	1.595873	-0.1818894	0.7799526	1.586932	-0.1862135	0.6611076	1.614173	-0.1834168	0.5883659	1.629446	-0.1739075	0.3598762	1.666167	-0.1592605	0.03905828	1.70612	-0.015369	0.5242382	1.607527	-0.3392488	0.4904327	1.57607	-0.08270881	0.04251508	1.67488	-0.228698	0.03385128	1.661489	0.08689811	0.2512111	1.661635	-0.4213476	0.2238682	1.619296	-0.02704548	-0.3235455	1.680806	-0.2497284	-0.3160861	1.660265	-0.01923735	-0.6358103	1.767842	-0.2214382	-0.6478384	1.76535	

0.1331164	0.008808689	1.63457	-0.4409936	-0.02403018	1.608211	0.1144765	-0.1140543	1.630815	-0.4223545	-0.1266181	1.61418	0.1615846	-0.02421831	1.63505	-0.408015	-0.03210577	1.599364	-0.1815326	0.7695843	1.585047	-0.1860822	0.6518357	1.613149	-0.1832784	0.5795783	1.629258	-0.1736845	0.3528725	1.66848	-0.1590174	0.03464077	1.711269	-0.01492049	0.5184405	1.608964	-0.3410322	0.4833045	1.578186	-0.08253874	0.03845734	1.679605	-0.228418	0.02929372	1.667005	0.08932117	0.2476548	1.664832	-0.423227	0.2184977	1.62258	-0.02582674	-0.3264567	1.673086	-0.2517534	-0.3196801	1.654421	-0.01881692	-0.6365919	1.765949	-0.221896	-0.6506331	1.76379	

0.1363962	0.005168071	1.637273	-0.4436773	-0.02940227	1.611056	0.1195913	-0.1223534	1.633665	-0.4227008	-0.1355521	1.615979	0.1677629	-0.03165116	1.635273	-0.4089065	-0.05573636	1.591788	-0.1813827	0.7578262	1.583824	-0.1856017	0.6410167	1.612579	-0.1829019	0.5695045	1.629506	-0.1735344	0.3451836	1.671122	-0.1591844	0.03018313	1.716633	-0.01435854	0.5106068	1.610871	-0.3414129	0.4793936	1.579722	-0.08267839	0.03387959	1.685128	-0.2286305	0.02515942	1.672175	0.09084066	0.2436687	1.667197	-0.4236175	0.2128639	1.625721	-0.02473799	-0.3311328	1.665422	-0.2525189	-0.3227482	1.650835	-0.01833561	-0.6377686	1.764503	-0.2220273	-0.6512731	1.763178	

0.1432391	-0.01309293	1.636792	-0.4456327	-0.04817495	1.61246	0.1268209	-0.1436793	1.627009	-0.4215876	-0.1573781	1.607884	0.1724755	-0.07534177	1.629769	-0.4078582	-0.07016635	1.598511	-0.179916	0.7184974	1.576785	-0.1860207	0.6057264	1.608227	-0.1830793	0.5369413	1.627587	-0.1730568	0.3206739	1.675713	-0.158108	0.01526685	1.727829	-0.01260005	0.4891878	1.612883	-0.3418709	0.4592866	1.583493	-0.08145607	0.01955987	1.696304	-0.2278016	0.01030629	1.683355	0.09819783	0.2249119	1.671828	-0.4254853	0.1937609	1.633742	-0.02376145	-0.3339681	1.653447	-0.2550621	-0.3270744	1.640373	-0.01761154	-0.6391013	1.761815	-0.222867	-0.6533528	1.760241	

0.1515781	-0.03789811	1.633697	-0.4454557	-0.07184656	1.612318	0.1357608	-0.1649749	1.630131	-0.420842	-0.1828247	1.602612	0.1795615	-0.1193376	1.629882	-0.4068351	-0.08481023	1.59859	-0.180447	0.6844424	1.574865	-0.1881875	0.5769898	1.610027	-0.1848136	0.5077897	1.630792	-0.1732955	0.2917521	1.684125	-0.1561724	-0.00899202	1.744441	-0.008787458	0.446031	1.620501	-0.3429882	0.4325385	1.590272	-0.07882683	-0.003045129	1.71213	-0.2267452	-0.01459459	1.700765	0.10661	0.1988974	1.677436	-0.4281668	0.1696363	1.642563	-0.02180839	-0.338386	1.645803	-0.2560318	-0.3325371	1.634174	-0.0171897	-0.6407306	1.759692	-0.2227387	-0.6554839	1.756931	

0.1638928	-0.08870517	1.628031	-0.4430083	-0.1245575	1.600405	0.145798	-0.2191202	1.602997	-0.4156513	-0.2281892	1.581263	0.1952138	-0.1675144	1.621437	-0.3994385	-0.1571234	1.566639	-0.1805503	0.6032274	1.578958	-0.183803	0.4988396	1.614325	-0.1804436	0.4316995	1.639328	-0.1689328	0.2225596	1.705355	-0.1517902	-0.06675509	1.782877	-0.005765029	0.3808313	1.631413	-0.3429007	0.3656261	1.605927	-0.07425241	-0.06031178	1.750292	-0.2228529	-0.07035266	1.739469	0.1199902	0.1443876	1.691219	-0.4279658	0.1129805	1.657962	-0.01923159	-0.3600577	1.631599	-0.2576995	-0.3720747	1.621808	-0.01546853	-0.6433773	1.755054	-0.2221661	-0.6613717	1.749344	

0.1864788	-0.2083358	1.615356	-0.452467	-0.2620303	1.575969	0.1571373	-0.3462348	1.574375	-0.4233249	-0.3678598	1.54615	0.2265521	-0.309146	1.618154	-0.3987591	-0.3017458	1.536613	-0.1792819	0.4132046	1.633472	-0.1787209	0.3131099	1.664853	-0.1745183	0.2495705	1.69503	-0.1604205	0.05297472	1.775835	-0.1398447	-0.2167876	1.872583	-0.001088627	0.2146961	1.682228	-0.3435069	0.1961094	1.657717	-0.05647905	-0.2065884	1.842486	-0.2175678	-0.2182331	1.827062	0.1524335	0.008334257	1.728411	-0.448002	-0.0427797	1.688239	-0.01818465	-0.4421119	1.603084	-0.2387626	-0.4511388	1.583327	-0.0102246	-0.6883411	1.722078	-0.2190101	-0.6692556	1.74069	

0.1966507	-0.2475328	1.634495	-0.4559501	-0.2892982	1.5893	0.1666267	-0.3810112	1.586676	-0.4343469	-0.4051897	1.546554	0.2436817	-0.3115037	1.666	-0.407793	-0.3410985	1.551904	-0.1740049	0.37094	1.696947	-0.1749908	0.2679902	1.72283	-0.1722283	0.2024011	1.75583	-0.1625888	0.0001026698	1.844911	-0.1481586	-0.276532	1.952558	0.005249374	0.1649533	1.731253	-0.3351541	0.1501763	1.707798	-0.06965739	-0.2635833	1.924346	-0.2209537	-0.2788127	1.905437	0.1578563	-0.0350485	1.753721	-0.4391087	-0.08097702	1.720528	-0.01778922	-0.4018966	1.612909	-0.2404844	-0.4293289	1.597023	-0.0143324	-0.649917	1.734695	-0.2197627	-0.67052	1.736595	

0.178161	-0.2609984	1.703968	-0.4366544	-0.2921191	1.6704	0.160028	-0.3937536	1.649419	-0.4226372	-0.4120081	1.623834	0.2437907	-0.3219673	1.72825	-0.337373	-0.3461611	1.57	-0.1636049	0.3958896	1.804728	-0.1669396	0.2871563	1.823455	-0.1644043	0.2184501	1.847962	-0.1556208	0.006637424	1.911595	-0.1443405	-0.2811292	1.974611	0.01089927	0.1714923	1.818171	-0.3232851	0.1720914	1.799721	-0.06424318	-0.2702272	1.944654	-0.2189701	-0.281265	1.929675	0.1409187	-0.04993208	1.826087	-0.4140779	-0.08402392	1.800815	0.01815916	-0.3025467	1.608618	-0.2779525	-0.326274	1.590936	-0.0123461	-0.6545134	1.73739	-0.2312371	-0.6816754	1.708087	

0.1777153	-0.2608807	1.704982	-0.4365903	-0.2919848	1.672714	0.1557974	-0.3952266	1.656971	-0.423996	-0.4104814	1.635677	0.2122482	-0.3480769	1.685448	-0.3366763	-0.3465931	1.570072	-0.1627698	0.3980239	1.810971	-0.166104	0.288359	1.82853	-0.1637669	0.2195311	1.852547	-0.1554915	0.007396612	1.914878	-0.1442721	-0.2811725	1.98288	0.01099094	0.1722701	1.821479	-0.3224771	0.1724117	1.803051	-0.06493944	-0.2715585	1.950313	-0.2178421	-0.2795725	1.941023	0.1402861	-0.05063094	1.828553	-0.4137427	-0.08448615	1.804089	0.01669155	-0.3017968	1.613853	-0.2753626	-0.324236	1.601942	-0.007739226	-0.661489	1.724703	-0.2291995	-0.6799861	1.718372	

0.1631493	-0.2572781	1.744416	-0.4260849	-0.2759116	1.72585	0.1412129	-0.3919306	1.690388	-0.4121799	-0.3946551	1.675043	0.2150756	-0.316278	1.802	-0.3877428	-0.3309023	1.670868	-0.1550592	0.4268537	1.897104	-0.1577364	0.3111858	1.906454	-0.1561586	0.2412103	1.92092	-0.1511165	0.02306457	1.949258	-0.1436762	-0.278731	1.984078	0.01668041	0.1850095	1.884556	-0.3173903	0.1843479	1.869132	-0.06459519	-0.2705271	1.951097	-0.2170779	-0.2755886	1.942336	0.1261448	-0.05326597	1.878847	-0.4023623	-0.07289082	1.864411	0.01574318	-0.3019865	1.614438	-0.2742953	-0.3233702	1.60367	-0.007937535	-0.6615732	1.725704	-0.2296884	-0.6798103	1.718771	

0.1624528	-0.2575288	1.745866	-0.4251094	-0.2756558	1.728271	0.1363312	-0.3864688	1.69572	-0.4117148	-0.3932822	1.686828	0.1066419	-0.3379554	1.802833	-0.3855326	-0.3539285	1.656693	-0.1547147	0.4357343	1.920329	-0.1584815	0.3155414	1.92198	-0.1565199	0.2448779	1.932871	-0.1504039	0.02666708	1.957092	-0.1421791	-0.275182	1.985202	0.01825755	0.1854941	1.894772	-0.3181333	0.1841488	1.87926	-0.06288813	-0.2674034	1.951962	-0.2159929	-0.2721446	1.943466	0.1260044	-0.05373428	1.880811	-0.401439	-0.07266064	1.866882	0.01542761	-0.3020176	1.615155	-0.2731273	-0.3221455	1.605137	-0.007802912	-0.6616107	1.726479	-0.2299209	-0.6787269	1.720307	

0.1620789	-0.2575597	1.746713	-0.4241796	-0.2761384	1.729294	0.1393552	-0.3839667	1.697932	-0.405244	-0.3906257	1.685502	0.1033092	-0.3300394	1.809	-0.3189998	-0.2733363	1.623	-0.1552667	0.4369223	1.925012	-0.1589202	0.3166215	1.926465	-0.1567998	0.2460744	1.937202	-0.1500378	0.02818877	1.96037	-0.1409308	-0.2728817	1.985722	0.01774164	0.1870531	1.898098	-0.3185656	0.1848901	1.884001	-0.06142024	-0.265016	1.952607	-0.2150434	-0.2701629	1.943759	0.1266569	-0.05372831	1.881893	-0.4011056	-0.07299319	1.867783	0.01495036	-0.3019514	1.615609	-0.2731482	-0.3215207	1.605838	-0.007945175	-0.6615929	1.726858	-0.2305486	-0.6783643	1.720505	

0.1615836	-0.2561306	1.747734	-0.4231193	-0.2763117	1.730666	0.1386256	-0.3862819	1.697257	-0.4056792	-0.3904536	1.687214	0.1057179	-0.3366212	1.803382	-0.3691595	-0.3407861	1.651167	-0.1554169	0.4376921	1.927899	-0.1591814	0.3172512	1.929069	-0.1571075	0.2467	1.939751	-0.150332	0.02884018	1.962451	-0.1409791	-0.27221	1.986055	0.01772288	0.1874379	1.90009	-0.3188229	0.1849462	1.886236	-0.06144023	-0.2644785	1.952918	-0.2151248	-0.2694351	1.944054	0.1273542	-0.05347835	1.885136	-0.4005541	-0.0734163	1.86964	0.01466705	-0.3018926	1.615917	-0.2728247	-0.320946	1.606079	-0.007850842	-0.6608986	1.728965	-0.2309466	-0.6778613	1.720776	

0.1611623	-0.2535056	1.749414	-0.4225456	-0.2752657	1.732094	0.1394371	-0.3878601	1.701716	-0.4044431	-0.3893234	1.686388	0.228769	-0.3279268	1.781167	-0.3820128	-0.3461698	1.6684	-0.1556684	0.4385104	1.930226	-0.1595642	0.3178831	1.931033	-0.1574305	0.247357	1.941674	-0.1503923	0.02961205	1.96412	-0.1406265	-0.2711125	1.986558	0.0176053	0.1881764	1.902149	-0.3187049	0.1854109	1.888388	-0.06102083	-0.2633475	1.953598	-0.2148579	-0.2684586	1.944346	0.1278029	-0.05178	1.888514	-0.400448	-0.07283256	1.871881	0.01426682	-0.3017801	1.616532	-0.2724705	-0.3205047	1.606444	-0.00797109	-0.6606573	1.729975	-0.2313175	-0.6778312	1.720255	

0.1607995	-0.2532137	1.750767	-0.4222507	-0.2750699	1.733449	0.1417191	-0.3823653	1.699061	-0.4104738	-0.3922772	1.693186	0.227571	-0.3267647	1.779956	-0.3808648	-0.3480616	1.6674	-0.1560937	0.4385139	1.931122	-0.1598763	0.3182329	1.93258	-0.1576218	0.2476914	1.943012	-0.1502616	0.02993132	1.964893	-0.1400148	-0.2704825	1.986503	0.01753109	0.188567	1.903146	-0.318888	0.1849337	1.889782	-0.06036806	-0.262698	1.953629	-0.2143103	-0.2678844	1.944176	0.1280387	-0.05109889	1.889416	-0.4005417	-0.07242958	1.872984	0.01415253	-0.30176	1.616465	-0.2721182	-0.3206265	1.60643	-0.008073086	-0.660678	1.729801	-0.2312631	-0.6778226	1.720669	

0.1604188	-0.2534133	1.751598	-0.4225463	-0.2756986	1.735914	0.1331135	-0.3870569	1.69921	-0.4105972	-0.3934368	1.695432	0.1923653	-0.3303483	1.7902	-0.3763625	-0.3444899	1.66023	-0.156607	0.4383729	1.93204	-0.1602849	0.3183309	1.933931	-0.157968	0.2478233	1.944269	-0.1503778	0.03017661	1.965795	-0.1398529	-0.2700402	1.986642	0.0172163	0.1886423	1.905063	-0.3196257	0.1850687	1.891424	-0.06017525	-0.2623185	1.953862	-0.2141845	-0.2673916	1.944199	0.1278374	-0.05140499	1.890456	-0.4005437	-0.07235154	1.874282	0.01393756	-0.3016845	1.616643	-0.2720824	-0.3202723	1.606493	-0.008430596	-0.6605375	1.730132	-0.2313025	-0.6774459	1.720824	

0.160513	-0.25458	1.751099	-0.4230172	-0.277295	1.738341	0.1317436	-0.387466	1.699775	-0.4078886	-0.3958036	1.697421	0.2260398	-0.3246062	1.804556	-0.3882529	-0.326093	1.691806	-0.1571713	0.4381379	1.932719	-0.1603028	0.3181923	1.934837	-0.1580065	0.2477398	1.945063	-0.1504238	0.03024559	1.966254	-0.1398462	-0.2697305	1.986598	0.01710324	0.1885492	1.905271	-0.3200716	0.1849323	1.892773	-0.06015528	-0.2619714	1.953726	-0.214191	-0.2671269	1.944217	0.1278926	-0.05329462	1.891055	-0.401125	-0.0733612	1.875782	0.01378903	-0.3016582	1.61651	-0.272055	-0.3203111	1.606558	-0.008584329	-0.6604496	1.730165	-0.231617	-0.6775749	1.72074	

0.1601261	-0.2552566	1.752131	-0.4228222	-0.2776958	1.739645	0.1366267	-0.3853338	1.702171	-0.4048197	-0.3939874	1.696384	0.1017021	-0.348643	1.803	-0.3815755	-0.3405973	1.685344	-0.1572669	0.4379186	1.932985	-0.1604286	0.3181036	1.935321	-0.1581214	0.2476851	1.945513	-0.1504797	0.03029922	1.966567	-0.1397942	-0.269457	1.986574	0.0171695	0.1884368	1.905921	-0.3200678	0.1849769	1.893053	-0.06006198	-0.2617955	1.953769	-0.2142024	-0.2667199	1.944077	0.1274832	-0.05416802	1.892375	-0.4013395	-0.07340319	1.876584	0.01358029	-0.3016543	1.616505	-0.2721085	-0.320374	1.606509	-0.008794807	-0.660257	1.730667	-0.2317016	-0.6778044	1.72025	

0.1598189	-0.2565741	1.752554	-0.4224323	-0.2762015	1.741976	0.1374415	-0.3889196	1.709534	-0.4071073	-0.3946622	1.701212	0.09605	-0.3292366	1.811375	-0.3845964	-0.3325975	1.696325	-0.157396	0.437656	1.933333	-0.1605385	0.3180975	1.936117	-0.1581989	0.2476979	1.946326	-0.1504197	0.03040521	1.967376	-0.139529	-0.269138	1.986897	0.01743459	0.1884743	1.90692	-0.3204959	0.1846909	1.893975	-0.0598391	-0.2615026	1.954016	-0.2139118	-0.2664153	1.944459	0.1268425	-0.05595084	1.893411	-0.4012619	-0.07215255	1.879369	0.01329273	-0.3015753	1.616664	-0.2720347	-0.3202494	1.606963	-0.008834349	-0.6601581	1.730922	-0.23191	-0.6777616	1.720564	

0.159978	-0.2579251	1.753246	-0.4219717	-0.2775338	1.742816	0.1364837	-0.3900979	1.711302	-0.4062162	-0.3942712	1.700321	0.2167283	-0.3273916	1.805875	-0.3830253	-0.3338201	1.689945	-0.1574238	0.4374645	1.933501	-0.160395	0.3180462	1.936547	-0.1580722	0.2476695	1.946704	-0.1503221	0.0304465	1.967602	-0.1393855	-0.2689196	1.986845	0.0175627	0.1884588	1.90743	-0.3204063	0.1846235	1.894055	-0.059718	-0.2613062	1.953995	-0.2137514	-0.2661945	1.944363	0.1267929	-0.05699006	1.893563	-0.4014471	-0.07313316	1.87975	0.01292636	-0.3013379	1.616525	-0.2726595	-0.3196738	1.606955	-0.009017912	-0.6596954	1.731421	-0.2318983	-0.6772676	1.720181	

0.1596387	-0.2592069	1.754247	-0.4219258	-0.2776871	1.744492	0.1321215	-0.3932057	1.710719	-0.4086085	-0.3932132	1.703206	0.09474374	-0.3315197	1.81077	-0.3805861	-0.3452754	1.686706	-0.1572634	0.4372744	1.933755	-0.1602238	0.3180207	1.937083	-0.1579764	0.2476676	1.94714	-0.1503626	0.03050402	1.967802	-0.1395683	-0.2686547	1.986725	0.01750352	0.1884583	1.90768	-0.3203945	0.1848369	1.894342	-0.05980765	-0.2611733	1.953902	-0.2140507	-0.2657782	1.944207	0.1267128	-0.05809815	1.894352	-0.4015256	-0.07275245	1.880586	0.01286973	-0.3012948	1.616451	-0.2726675	-0.3197029	1.606822	-0.009001157	-0.659668	1.73132	-0.2317418	-0.6774136	1.719685	

0.1595574	-0.2596363	1.756343	-0.4223487	-0.2775678	1.746359	0.135549	-0.3935929	1.715117	-0.4104011	-0.3974124	1.707539	0.2118823	-0.3313634	1.802	-0.386242	-0.3489495	1.678333	-0.15692	0.4369918	1.934151	-0.1599437	0.3179035	1.937745	-0.1577135	0.2475944	1.947713	-0.1501452	0.03055512	1.968121	-0.1392829	-0.268362	1.986654	0.01767972	0.1883604	1.90825	-0.3203014	0.1847374	1.894874	-0.05950806	-0.2608786	1.953836	-0.2137916	-0.2655157	1.944125	0.1262825	-0.05791575	1.895407	-0.4017159	-0.07210468	1.881551	0.01275777	-0.3013009	1.616332	-0.2726756	-0.3196936	1.606836	-0.009010094	-0.6596094	1.731388	-0.2317638	-0.6773944	1.71973	

0.1596749	-0.2607306	1.756783	-0.4227046	-0.2782357	1.747456	0.134876	-0.3944551	1.716128	-0.4117445	-0.3967045	1.707653	0.08955134	-0.3378583	1.806667	-0.3896181	-0.3348702	1.699171	-0.1566558	0.4366909	1.934534	-0.1598192	0.3178006	1.938439	-0.1575942	0.2475121	1.948379	-0.1500352	0.03055939	1.968649	-0.1391919	-0.2682401	1.986762	0.01795792	0.1880833	1.908629	-0.3201576	0.18478	1.89516	-0.05940299	-0.2607851	1.953971	-0.2137159	-0.2653803	1.944201	0.1264458	-0.05865166	1.895292	-0.4018653	-0.07223743	1.881725	0.01268929	-0.3012643	1.616435	-0.2727611	-0.3194351	1.606922	-0.009061598	-0.6595736	1.731493	-0.2319028	-0.6771542	1.719789	

0.1601429	-0.2617609	1.758534	-0.423344	-0.279466	1.749361	0.1365126	-0.395184	1.719838	-0.4098821	-0.398833	1.710443	0.1128492	-0.337422	1.69428	-0.3884954	-0.3347895	1.704758	-0.1566388	0.4365066	1.934533	-0.1598683	0.3176994	1.938565	-0.1576351	0.2474219	1.948522	-0.1500426	0.03052112	1.968829	-0.1391408	-0.2681656	1.986829	0.01792368	0.1881049	1.908675	-0.3200822	0.1847336	1.895222	-0.05934329	-0.2607073	1.954026	-0.2136757	-0.2653201	1.944274	0.1263877	-0.05881407	1.895527	-0.4019655	-0.0729583	1.882671	0.01256063	-0.3012686	1.616459	-0.2727038	-0.3193634	1.606988	-0.009066157	-0.6595414	1.731634	-0.2321669	-0.6772372	1.719527	

0.1602347	-0.26246	1.759777	-0.4235209	-0.281088	1.751161	0.137037	-0.3959046	1.721612	-0.411522	-0.3979586	1.711575	0.1723417	-0.3171827	1.716273	-0.3883128	-0.3356656	1.708562	-0.156644	0.4363845	1.93442	-0.1598739	0.3176467	1.938569	-0.1576384	0.2473705	1.948538	-0.1500348	0.03047724	1.968876	-0.139117	-0.2681606	1.986838	0.01779887	0.188097	1.908583	-0.3201851	0.1847471	1.895588	-0.05930501	-0.2606956	1.954012	-0.2136529	-0.2653227	1.944307	0.1262626	-0.05899156	1.895871	-0.4020757	-0.07378919	1.883113	0.01245069	-0.3013261	1.616422	-0.27266	-0.3193185	1.607009	-0.009163206	-0.6594994	1.73186	-0.2321013	-0.6772198	1.719468	

0.1602496	-0.2635491	1.761029	-0.4237722	-0.2834924	1.753157	0.132064	-0.4017041	1.721694	-0.408384	-0.4015037	1.715672	0.09012333	-0.3280382	1.8175	-0.3851224	-0.3324258	1.7146	-0.1567467	0.4361807	1.934125	-0.1598291	0.317548	1.93847	-0.1576045	0.2472991	1.948487	-0.150016	0.03045407	1.968889	-0.1390803	-0.2681276	1.986865	0.01775653	0.1880437	1.90864	-0.3205282	0.1844417	1.896013	-0.05926469	-0.2606656	1.953998	-0.213608	-0.265279	1.944405	0.1262838	-0.05939678	1.896011	-0.4020653	-0.07548881	1.883832	0.01243066	-0.3013354	1.616399	-0.2726886	-0.3191938	1.607105	-0.009207734	-0.6594353	1.732028	-0.2321609	-0.6770806	1.719616	

0.1600907	-0.2647401	1.762623	-0.423466	-0.2847747	1.754429	0.1320919	-0.4021843	1.721789	-0.4073849	-0.4024699	1.71686	0.08854555	-0.3289817	1.816764	-0.3831883	-0.3370588	1.713759	-0.1568833	0.4358295	1.933605	-0.1598268	0.317299	1.938134	-0.1575826	0.2471101	1.948232	-0.1499623	0.03040287	1.968798	-0.1388891	-0.2680073	1.986718	0.01768083	0.1880503	1.908614	-0.320554	0.1844587	1.895889	-0.05901982	-0.2604598	1.953623	-0.2134535	-0.2652186	1.944382	0.1263014	-0.05960753	1.896038	-0.4019144	-0.07636213	1.884416	0.0124938	-0.301377	1.616017	-0.2727732	-0.319071	1.607118	-0.009174491	-0.659517	1.731535	-0.2323792	-0.6769902	1.719582	

0.1593913	-0.2658795	1.76427	-0.4227976	-0.2865688	1.755374	0.1318862	-0.4025858	1.72611	-0.404989	-0.4034953	1.718757	0.09017722	-0.3280974	1.817517	-0.380053	-0.3480995	1.70748	-0.1569435	0.4355852	1.933346	-0.1597889	0.3171558	1.938053	-0.1575592	0.2469919	1.948176	-0.1499638	0.03035914	1.968788	-0.1388998	-0.2679936	1.986696	0.01760697	0.1880576	1.908542	-0.3204617	0.1844161	1.895917	-0.05902338	-0.2604462	1.953579	-0.2134699	-0.2652075	1.944373	0.1262015	-0.05976414	1.896202	-0.4020599	-0.07777323	1.884837	0.01242168	-0.3013703	1.615959	-0.2728378	-0.3188209	1.607075	-0.009173769	-0.6595122	1.731483	-0.2322576	-0.6767079	1.719584	

0.1594299	-0.2666141	1.764416	-0.4225263	-0.287788	1.756602	0.1306779	-0.4033508	1.722861	-0.4029404	-0.4026097	1.719348	0.0902047	-0.3283306	1.818226	-0.3809921	-0.3419512	1.710454	-0.1568153	0.4353042	1.932963	-0.1597418	0.3170235	1.937908	-0.1575257	0.2468739	1.948066	-0.1499566	0.03029572	1.968756	-0.1389016	-0.2679981	1.986674	0.01739136	0.1875741	1.908146	-0.3204592	0.1844125	1.895924	-0.05901503	-0.2604606	1.953526	-0.2134755	-0.2652092	1.944367	0.1258265	-0.06050126	1.89623	-0.4019484	-0.07834762	1.884953	0.01244713	-0.3013792	1.615909	-0.2728485	-0.3185306	1.607017	-0.009151778	-0.6595069	1.73147	-0.23214	-0.6763909	1.719573	

0.1591377	-0.2672389	1.764932	-0.4219824	-0.2894205	1.758327	0.1320654	-0.4042753	1.727097	-0.4015209	-0.4040354	1.716817	0.09109586	-0.3279324	1.818862	-0.379699	-0.343679	1.711075	-0.1566874	0.435112	1.932774	-0.1596511	0.3167943	1.937644	-0.1574534	0.2466818	1.947863	-0.149926	0.03021601	1.968693	-0.1388883	-0.2679895	1.986646	0.01728359	0.1874633	1.908013	-0.3205385	0.1844796	1.896076	-0.05900145	-0.2604606	1.953469	-0.2134642	-0.2651996	1.944358	0.1257272	-0.06080062	1.896245	-0.40187	-0.07903342	1.885065	0.01244779	-0.3013818	1.615849	-0.2729068	-0.3185229	1.607022	-0.00905976	-0.6596028	1.731177	-0.2324949	-0.6762891	1.719916	

0.1588315	-0.267668	1.765424	-0.4216303	-0.289779	1.758889	0.1270264	-0.4041179	1.718886	-0.4041243	-0.4044213	1.721712	0.08991078	-0.3265528	1.820286	-0.3770931	-0.3491979	1.7086	-0.156461	0.4348044	1.932336	-0.1595899	0.3166989	1.93754	-0.1573717	0.2465841	1.947768	-0.1497672	0.030123	1.968623	-0.1385093	-0.2680001	1.986496	0.01726611	0.1873795	1.907912	-0.3204949	0.1844041	1.896209	-0.05861592	-0.2604578	1.953226	-0.2130978	-0.2652332	1.944289	0.1255183	-0.06097726	1.896332	-0.4016346	-0.07914767	1.885205	0.0124824	-0.301398	1.615531	-0.2730186	-0.3184983	1.607037	-0.009058685	-0.6595827	1.730951	-0.2325064	-0.6762549	1.719931	

0.158811	-0.2684051	1.765448	-0.4212896	-0.290393	1.759266	0.1258717	-0.4055276	1.719763	-0.4004845	-0.4050316	1.719593	0.09007537	-0.3268293	1.819396	-0.3739215	-0.3340649	1.715667	-0.1562415	0.4346443	1.932206	-0.1593918	0.3165886	1.937486	-0.1572384	0.2464936	1.947728	-0.1497523	0.03009149	1.968612	-0.1385849	-0.267985	1.986445	0.01717576	0.1873361	1.907605	-0.3203501	0.1843464	1.896355	-0.05868974	-0.2604583	1.953107	-0.2131906	-0.265208	1.944284	0.1254144	-0.06165677	1.896228	-0.4012844	-0.07966301	1.885397	0.01249223	-0.3014341	1.615435	-0.2731019	-0.3185244	1.607039	-0.008955126	-0.6596506	1.730783	-0.2324059	-0.6762441	1.719981	

0.1586799	-0.2701589	1.766818	-0.4205371	-0.2911522	1.759785	0.1253617	-0.4067726	1.725275	-0.3947239	-0.4081702	1.719634	0.09186442	-0.3271958	1.822898	-0.3737325	-0.3476057	1.711147	-0.1561121	0.4344767	1.93209	-0.1593752	0.3164804	1.937451	-0.1572089	0.2463988	1.947702	-0.1496898	0.03003792	1.968611	-0.1384265	-0.2679437	1.98642	0.01719181	0.1872203	1.907577	-0.3200845	0.1846906	1.896459	-0.05856374	-0.2604393	1.953095	-0.2130062	-0.2651501	1.944247	0.1244614	-0.06310342	1.896821	-0.400938	-0.08012831	1.885453	0.01249346	-0.3014312	1.615399	-0.2731693	-0.3183252	1.607026	-0.009067954	-0.6596586	1.7307	-0.2324479	-0.6759782	1.720149	

0.1582181	-0.2713786	1.768107	-0.4199288	-0.2913921	1.760517	0.1290369	-0.4068798	1.732614	-0.396405	-0.4099057	1.724016	0.09180626	-0.3267621	1.823107	-0.3726239	-0.3415491	1.715819	-0.1558998	0.4342928	1.931916	-0.1593451	0.3163988	1.937421	-0.1571771	0.2463265	1.947676	-0.1496599	0.03000399	1.968598	-0.1383816	-0.2679157	1.986377	0.01715823	0.1871887	1.90756	-0.3200041	0.1847137	1.896561	-0.05852618	-0.2604317	1.953054	-0.212956	-0.2651039	1.944205	0.1238484	-0.06365264	1.896896	-0.3998748	-0.08040158	1.886157	0.01253879	-0.3014362	1.615361	-0.2733938	-0.3181102	1.607009	-0.009073518	-0.6596777	1.730617	-0.2327174	-0.6757866	1.720089	

0.1570524	-0.2726958	1.769612	-0.4196494	-0.291721	1.760809	0.128882	-0.4074727	1.734896	-0.3969446	-0.4050833	1.719912	0.0916805	-0.3248003	1.82423	-0.3756268	-0.3423502	1.711422	-0.1557048	0.4341012	1.931828	-0.1593339	0.3162147	1.937314	-0.1571318	0.2461448	1.947573	-0.1495018	0.02983474	1.968506	-0.1379708	-0.2680053	1.986189	0.01702926	0.1870065	1.907524	-0.3199352	0.1845701	1.896557	-0.05813994	-0.2604628	1.952936	-0.2125283	-0.26527	1.943939	0.1236563	-0.06410424	1.897152	-0.399342	-0.08058546	1.886134	0.01255839	-0.3014488	1.615159	-0.2735381	-0.3181174	1.606829	-0.008954112	-0.65972	1.730352	-0.2328589	-0.6757838	1.719936	

0.1570703	-0.2736772	1.77022	-0.4193861	-0.2918432	1.761072	0.1252999	-0.4071882	1.730148	-0.3973926	-0.4052008	1.720911	0.09185626	-0.3200277	1.833546	-0.3745976	-0.3520235	1.71152	-0.1556754	0.4340747	1.931799	-0.1593429	0.3162021	1.937303	-0.1571324	0.2461366	1.947571	-0.1494661	0.02982548	1.968534	-0.137799	-0.2679377	1.98629	0.01704322	0.1869475	1.907541	-0.3199029	0.1846333	1.896647	-0.0580045	-0.2604104	1.953034	-0.2123255	-0.2651953	1.944045	0.1234426	-0.06495345	1.897449	-0.3992088	-0.08057275	1.886175	0.01269788	-0.3014801	1.61527	-0.2736495	-0.3180534	1.607	-0.008911575	-0.6597817	1.730366	-0.2333435	-0.675364	1.721172	

0.1570283	-0.2741408	1.770791	-0.4191455	-0.29194	1.761434	0.1240443	-0.4077031	1.727487	-0.396596	-0.4095964	1.72431	0.088918	-0.3283275	1.816556	-0.3754517	-0.345368	1.712582	-0.1555952	0.4339814	1.931767	-0.1593187	0.3161435	1.937317	-0.1571034	0.2460777	1.947581	-0.1494273	0.02978013	1.968534	-0.1377473	-0.2679415	1.986239	0.01701175	0.1868069	1.907513	-0.3198232	0.1846216	1.896735	-0.05793091	-0.2604161	1.952931	-0.2122942	-0.2651998	1.94403	0.1233276	-0.06510909	1.897446	-0.3990223	-0.08063825	1.886489	0.01295503	-0.301557	1.615218	-0.2737258	-0.3178327	1.606966	-0.008771673	-0.6599537	1.73004	-0.2333698	-0.6751633	1.721079	

0.1569652	-0.2747172	1.771272	-0.4190827	-0.2919519	1.761607	0.1266941	-0.4081869	1.729846	-0.3990931	-0.4050954	1.721493	0.09006874	-0.32018	1.834364	-0.3741176	-0.3514193	1.707381	-0.1555565	0.4339035	1.931777	-0.1592933	0.3160721	1.937333	-0.1570595	0.24602	1.947592	-0.1492897	0.0297636	1.968537	-0.1373127	-0.267734	1.986127	0.01725315	0.1869095	1.908135	-0.3196613	0.1847796	1.896945	-0.05755446	-0.2601779	1.952747	-0.2118091	-0.2650353	1.943995	0.1232575	-0.06546606	1.897525	-0.398732	-0.08063945	1.886598	0.01294172	-0.3016319	1.614992	-0.2737958	-0.3179171	1.607087	-0.008751027	-0.6600369	1.729795	-0.2334019	-0.6753005	1.721044	

0.1570757	-0.2748526	1.771355	-0.4188708	-0.2924006	1.761997	0.1239191	-0.4093931	1.727731	-0.4022762	-0.4051082	1.724207	0.09328543	-0.3204517	1.838583	-0.3754686	-0.3589847	1.704059	-0.1555119	0.4338673	1.931787	-0.159281	0.3160226	1.937313	-0.1570427	0.2459749	1.947578	-0.1492654	0.02973899	1.968537	-0.1372888	-0.2677261	1.986123	0.01729987	0.1869483	1.908589	-0.3195874	0.1847889	1.896965	-0.05754113	-0.2601758	1.952749	-0.2117745	-0.2650219	1.943985	0.123226	-0.06578903	1.8979	-0.3987523	-0.08086472	1.886618	0.01301679	-0.3016298	1.615007	-0.2738044	-0.317828	1.607072	-0.008677687	-0.6600579	1.729749	-0.2334301	-0.6752255	1.721	

0.1572751	-0.2748298	1.771641	-0.4188442	-0.2928129	1.76223	0.1269972	-0.4084702	1.72982	-0.4011877	-0.4057001	1.722611	0.09243444	-0.3201002	1.837203	-0.3741984	-0.3463314	1.708513	-0.1554479	0.4338322	1.931766	-0.1592878	0.31601	1.93732	-0.1570527	0.2459619	1.94759	-0.1492935	0.02973253	1.968576	-0.1373795	-0.2676747	1.986189	0.01731072	0.1869411	1.908628	-0.3194989	0.1848097	1.896946	-0.05762123	-0.2601628	1.952849	-0.2118906	-0.2649274	1.944029	0.1230499	-0.06576355	1.89807	-0.398755	-0.08120745	1.886724	0.012994	-0.3016143	1.615119	-0.2735891	-0.317499	1.607005	-0.008640111	-0.660005	1.729971	-0.2330211	-0.6748832	1.720926	

0.1571407	-0.2750865	1.771935	-0.4185442	-0.2929826	1.762698	0.1256421	-0.4076967	1.729168	-0.3943937	-0.4103855	1.723198	0.0912427	-0.3195274	1.839037	-0.373049	-0.3405034	1.714125	-0.1554105	0.4337952	1.931824	-0.1592748	0.3159505	1.937334	-0.1570189	0.2458977	1.947609	-0.1491629	0.0296578	1.968618	-0.1370649	-0.2676998	1.986219	0.01723363	0.1868991	1.908601	-0.3193527	0.1845762	1.896914	-0.05730742	-0.2601337	1.952826	-0.2115697	-0.2650173	1.94412	0.1229816	-0.06600183	1.898348	-0.3982619	-0.0812081	1.886841	0.01301217	-0.3016109	1.615036	-0.2735591	-0.3173872	1.60712	-0.008615796	-0.6600068	1.729874	-0.2330428	-0.6747788	1.721037	

0.1570663	-0.2751625	1.771864	-0.4182896	-0.2931262	1.762979	0.1267913	-0.4083025	1.733236	-0.3952765	-0.4074603	1.72173	0.09184426	-0.319897	1.834555	-0.3732018	-0.3479398	1.708711	-0.1553422	0.4336834	1.931882	-0.1591653	0.3157839	1.937298	-0.1569213	0.2457504	1.947572	-0.1491081	0.02958192	1.968587	-0.1370551	-0.2677058	1.986169	0.01726598	0.1867452	1.908754	-0.319571	0.1845534	1.89754	-0.05730116	-0.2601696	1.952709	-0.2115621	-0.2650124	1.944108	0.1229056	-0.06615198	1.898407	-0.3979131	-0.08112074	1.886674	0.01305263	-0.301566	1.614915	-0.2735281	-0.3173176	1.607092	-0.008572671	-0.6600035	1.729645	-0.2329936	-0.6748356	1.720666	

0.156797	-0.2754079	1.772047	-0.4181089	-0.2933283	1.763086	0.1239845	-0.4075547	1.726872	-0.396525	-0.408695	1.725998	0.09144004	-0.321022	1.833164	-0.3704405	-0.3417778	1.708958	-0.1553076	0.433628	1.931939	-0.1591168	0.3157311	1.937357	-0.1568704	0.2456988	1.947635	-0.1490565	0.02954726	1.968656	-0.1370321	-0.2676979	1.986202	0.01726382	0.1867068	1.908732	-0.3193907	0.1846648	1.897672	-0.05727955	-0.2601697	1.952757	-0.2115382	-0.2649995	1.944133	0.1226812	-0.06632854	1.89848	-0.3978833	-0.08123103	1.886638	0.01304351	-0.3015567	1.614954	-0.2735642	-0.3173919	1.607145	-0.008588647	-0.6599933	1.729686	-0.2330361	-0.6749257	1.720675	

0.1566425	-0.2756361	1.771608	-0.4178609	-0.2935405	1.763062	0.1243346	-0.40761	1.726372	-0.3950709	-0.4098878	1.723412	0.08493167	-0.3324095	1.812833	-0.3150011	-0.2519498	1.6715	-0.1551926	0.4335115	1.931998	-0.1589106	0.3156317	1.937451	-0.1567152	0.2456103	1.947703	-0.1490168	0.02950305	1.968672	-0.137069	-0.2677147	1.986168	0.01726308	0.1867049	1.908734	-0.3193834	0.1846473	1.897668	-0.05730982	-0.2601958	1.952703	-0.2115842	-0.265011	1.944116	0.1225163	-0.06679959	1.898469	-0.3977618	-0.08138347	1.886526	0.01299471	-0.30161	1.614901	-0.2735345	-0.3173721	1.607106	-0.008643288	-0.660057	1.729602	-0.2328954	-0.6748127	1.720858	

0.1567709	-0.2762624	1.771197	-0.417746	-0.2937155	1.763072	0.127294	-0.4073699	1.729959	-0.3935766	-0.4125988	1.726488	0.09304537	-0.3431081	1.691	-0.3707896	-0.3518824	1.702867	-0.1551545	0.4334834	1.931986	-0.1589151	0.3156171	1.937455	-0.1567131	0.2455989	1.947704	-0.1489849	0.02949389	1.968658	-0.1369384	-0.2676686	1.986051	0.01723923	0.1866365	1.908784	-0.3193085	0.1847162	1.897704	-0.05722684	-0.2601804	1.952669	-0.2114023	-0.2649233	1.943875	0.1223787	-0.06762698	1.898331	-0.3977343	-0.08155681	1.886548	0.01301339	-0.3017031	1.614868	-0.2736634	-0.3173397	1.606938	-0.008636027	-0.6600732	1.729769	-0.2329919	-0.6748392	1.720525	

0.1565326	-0.2763778	1.771343	-0.4176793	-0.2940925	1.762832	0.1244295	-0.4079913	1.727948	-0.3948324	-0.4112097	1.725131	0.1949941	-0.3285688	1.686857	-0.3730194	-0.346885	1.714474	-0.1550949	0.4334513	1.931983	-0.1587767	0.3155589	1.937416	-0.1565703	0.2455496	1.947672	-0.1488397	0.0294835	1.968647	-0.1368152	-0.2676021	1.986035	0.01724337	0.1866421	1.908771	-0.3192567	0.184786	1.897789	-0.05712879	-0.2601119	1.95265	-0.2112607	-0.2648665	1.943868	0.1223716	-0.06762271	1.898332	-0.3976431	-0.08229826	1.886976	0.01313981	-0.3017336	1.614869	-0.2736865	-0.3173839	1.606983	-0.008419349	-0.6601634	1.729625	-0.2329463	-0.6749125	1.720471	

0.1565827	-0.2769606	1.771298	-0.417653	-0.2942975	1.762914	0.1238464	-0.4082855	1.727524	-0.3979867	-0.4096251	1.725192	0.1980397	-0.3298112	1.719	-0.3740181	-0.3443435	1.712355	-0.1550479	0.4334248	1.932048	-0.158777	0.3155584	1.937517	-0.1565682	0.2455382	1.94778	-0.1488361	0.02944441	1.96878	-0.1368356	-0.2676469	1.986146	0.01724146	0.1865202	1.908674	-0.3190897	0.1846357	1.897621	-0.05714418	-0.260213	1.952843	-0.2112838	-0.2648785	1.943931	0.1222544	-0.06808963	1.898026	-0.3976236	-0.0824573	1.886972	0.01306584	-0.3016418	1.615022	-0.2733698	-0.3171159	1.606925	-0.00846404	-0.660058	1.72982	-0.2329046	-0.6746337	1.720526	

0.156647	-0.2769349	1.771157	-0.4176519	-0.2943203	1.762862	0.1237542	-0.4086188	1.727872	-0.3988535	-0.4063735	1.721671	0.1842826	-0.3522866	1.6595	-0.3757002	-0.3549278	1.705148	-0.1549917	0.4333684	1.93212	-0.1587715	0.3155237	1.937615	-0.1565563	0.2455133	1.947847	-0.1488209	0.02944206	1.968792	-0.1368001	-0.267606	1.986093	0.01727545	0.186548	1.908887	-0.3191009	0.1847965	1.897818	-0.057109	-0.2601823	1.952806	-0.2112531	-0.2648305	1.943864	0.122194	-0.06812333	1.897954	-0.3976711	-0.08261538	1.88718	0.01303543	-0.3016448	1.614975	-0.2733949	-0.3170798	1.606872	-0.008333246	-0.6601044	1.729683	-0.2330061	-0.6746197	1.720435	

0.156618	-0.2768924	1.771125	-0.4176487	-0.2943414	1.763083	0.1262545	-0.4076422	1.732077	-0.3982885	-0.4074701	1.725649	0.162947	-0.3424662	1.7103	-0.376585	-0.3448419	1.716969	-0.1549374	0.4332946	1.932158	-0.1587104	0.3154577	1.937664	-0.1564969	0.245454	1.947888	-0.1487755	0.02941159	1.968809	-0.1367839	-0.2676025	1.986081	0.01726299	0.1862487	1.908819	-0.3189797	0.1849106	1.897855	-0.05709211	-0.2601898	1.952788	-0.2112359	-0.2648167	1.943857	0.1220847	-0.06819611	1.898104	-0.3976771	-0.08259346	1.887322	0.01308017	-0.301652	1.614964	-0.2734335	-0.3170373	1.606872	-0.008332304	-0.6601526	1.729556	-0.2330266	-0.6745521	1.720499	

0.1566972	-0.2773122	1.770885	-0.417565	-0.2943074	1.763174	0.1233148	-0.4088657	1.727251	-0.4005131	-0.4038279	1.722496	0.1910729	-0.3334832	1.71975	-0.3741377	-0.3453611	1.713714	-0.1548516	0.433225	1.93219	-0.1585383	0.3154022	1.937727	-0.1563766	0.2454083	1.947933	-0.14876	0.02939899	1.968816	-0.1368581	-0.2675951	1.986047	0.01726349	0.1862462	1.908664	-0.3186223	0.185055	1.897997	-0.05718235	-0.2602131	1.952689	-0.2113178	-0.264784	1.943869	0.1219224	-0.06863847	1.897828	-0.3976615	-0.08251516	1.887345	0.01309297	-0.3016251	1.614879	-0.273427	-0.3171112	1.606884	-0.008248105	-0.6601025	1.729546	-0.2333804	-0.6738347	1.722721	

0.1566437	-0.2773801	1.771104	-0.4175592	-0.2943262	1.763228	0.1235038	-0.4079878	1.727365	-0.4024912	-0.4014762	1.719881	0.1921333	-0.3298935	1.714143	-0.3715172	-0.3595184	1.688571	-0.154757	0.4331869	1.932426	-0.1585077	0.315413	1.938032	-0.156355	0.2454213	1.948141	-0.1487601	0.02941404	1.968845	-0.1369155	-0.2675069	1.985926	0.01738546	0.1862974	1.908903	-0.3184966	0.1851184	1.898583	-0.0572369	-0.2601553	1.952536	-0.2113778	-0.2646683	1.94378	0.1219543	-0.06855989	1.89781	-0.3976673	-0.08250847	1.887353	0.0131257	-0.3016412	1.614756	-0.2734673	-0.3170392	1.606799	-0.008217104	-0.6601595	1.729312	-0.2336233	-0.6739725	1.722136	

0.1566469	-0.2773749	1.771058	-0.4175231	-0.2942382	1.763257	0.1263269	-0.4079881	1.731026	-0.400625	-0.402741	1.721911	0.1929147	-0.3292251	1.688	-0.3730744	-0.3513747	1.702907	-0.1545714	0.4330417	1.932528	-0.1582389	0.3152836	1.938163	-0.1561678	0.2453191	1.948232	-0.1487382	0.02938781	1.968852	-0.1370472	-0.2675022	1.98583	0.01792321	0.1861477	1.909381	-0.3184363	0.185097	1.89875	-0.05736142	-0.2602018	1.952496	-0.211532	-0.2645959	1.943602	0.1219619	-0.06858741	1.897825	-0.3977879	-0.08243434	1.887439	0.01313184	-0.3016362	1.614737	-0.2734917	-0.3170526	1.606609	-0.008222416	-0.6601499	1.729305	-0.2336355	-0.6739869	1.72194	

0.1564768	-0.2773794	1.770932	-0.4175725	-0.2942464	1.763348	0.1234901	-0.4080568	1.723842	-0.3988524	-0.4060993	1.72384	0.2354979	-0.3310194	1.789286	-0.3718992	-0.3513283	1.700836	-0.154388	0.4329978	1.932673	-0.1581243	0.315253	1.938317	-0.1560915	0.2452963	1.948357	-0.1487445	0.02938836	1.968902	-0.1372268	-0.2674368	1.985828	0.0179607	0.1860864	1.909523	-0.3182588	0.1854528	1.899125	-0.05753892	-0.2602091	1.952496	-0.2117268	-0.2644427	1.943607	0.1220256	-0.06859054	1.897766	-0.3978556	-0.08246278	1.88757	0.01313688	-0.3016095	1.614773	-0.273513	-0.3170684	1.606609	-0.008274164	-0.6600996	1.729395	-0.2335571	-0.6741197	1.721602	

0.1565207	-0.2772577	1.770792	-0.4177623	-0.2941931	1.763625	0.123717	-0.4072781	1.725165	-0.4010593	-0.4089181	1.727068	0.1926416	-0.3292944	1.69225	-0.3762594	-0.3390945	1.716852	-0.1542277	0.4329822	1.932796	-0.1578498	0.3152183	1.938421	-0.1558381	0.2452583	1.94847	-0.1485842	0.02935884	1.969016	-0.1371961	-0.2674353	1.985885	0.01803808	0.1861137	1.909586	-0.318021	0.1855394	1.899219	-0.05749515	-0.260221	1.952582	-0.2117049	-0.2644341	1.943647	0.1219984	-0.0685526	1.897755	-0.3978367	-0.082353	1.887703	0.01312014	-0.3016033	1.614843	-0.2734958	-0.3169231	1.606625	-0.008323216	-0.660129	1.729365	-0.2334936	-0.6739596	1.72165	

0.1565789	-0.2772331	1.770844	-0.4178048	-0.2940818	1.76365	0.1242883	-0.4074767	1.725794	-0.403272	-0.4018027	1.721459	0.2134628	-0.3306382	1.7235	-0.3714159	-0.3549877	1.6975	-0.1541165	0.4330014	1.932962	-0.1577114	0.3152802	1.938661	-0.1557429	0.2453032	1.948649	-0.1485806	0.02937359	1.969056	-0.1373106	-0.2674025	1.985826	0.01804716	0.1862751	1.909551	-0.3180598	0.1853064	1.899482	-0.05757323	-0.2601996	1.95255	-0.2118525	-0.264393	1.943563	0.1220331	-0.06849501	1.897742	-0.3978575	-0.08225936	1.887757	0.01312963	-0.3016075	1.614834	-0.2734253	-0.3169296	1.606506	-0.008356617	-0.6601558	1.729289	-0.2335468	-0.6739785	1.72153	

0.1565403	-0.2772088	1.770846	-0.4178401	-0.2940216	1.763931	0.127182	-0.4069819	1.728325	-0.4005127	-0.4035462	1.723134	0.1669416	-0.3200646	1.727865	-0.3751128	-0.34385	1.70915	-0.1539892	0.4330106	1.933208	-0.1575756	0.3153453	1.939	-0.1555964	0.2453569	1.948953	-0.1484403	0.02940756	1.969238	-0.1372326	-0.2673761	1.985855	0.01808383	0.1862324	1.909605	-0.3179325	0.1852509	1.899682	-0.05748469	-0.2601733	1.952612	-0.2117798	-0.2643678	1.943569	0.1222277	-0.06841777	1.89772	-0.3979329	-0.08211537	1.88789	0.01312144	-0.3016012	1.614878	-0.2734058	-0.3169053	1.606523	-0.008407166	-0.6601284	1.729383	-0.2334771	-0.6740388	1.721309	

0.1563324	-0.2769277	1.770499	-0.4178705	-0.2939804	1.763892	0.1234355	-0.4074165	1.726526	-0.400146	-0.4028337	1.723441	0.1948253	-0.3345532	1.7295	-0.3743282	-0.3456212	1.709121	-0.1538318	0.4330063	1.933367	-0.1573926	0.3153093	1.939107	-0.1554562	0.2453273	1.949051	-0.1484091	0.02940047	1.969294	-0.1372965	-0.2673548	1.985881	0.01811658	0.1862657	1.909615	-0.3177655	0.1853712	1.899799	-0.05753229	-0.2601702	1.952611	-0.211869	-0.2643194	1.943646	0.1223918	-0.06832824	1.897826	-0.3979547	-0.08219673	1.888077	0.01309794	-0.3017271	1.6149	-0.2733703	-0.3167218	1.60655	-0.008514226	-0.6602951	1.729278	-0.2334281	-0.6739357	1.721123	

0.1562235	-0.2762878	1.770895	-0.4178644	-0.2936255	1.76404	0.1260064	-0.4072673	1.727382	-0.4020288	-0.4020502	1.722479	0.1604037	-0.3293831	1.72351	-0.3178303	-0.2569619	1.6745	-0.1536531	0.4330528	1.933576	-0.1571922	0.3152916	1.93921	-0.155252	0.2453111	1.949161	-0.1482318	0.02940015	1.969402	-0.1372128	-0.2673254	1.985927	0.01848795	0.1863928	1.91025	-0.3177225	0.1853339	1.899787	-0.05747298	-0.26016	1.952645	-0.2117563	-0.2642689	1.943712	0.1225014	-0.06753568	1.898021	-0.3979181	-0.08184601	1.88823	0.01309996	-0.3017187	1.614922	-0.2733397	-0.3167205	1.606641	-0.008530782	-0.6603753	1.72906	-0.2333151	-0.6740017	1.721011	

0.1563142	-0.2763243	1.770969	-0.4177341	-0.2924272	1.764754	0.1246359	-0.4071455	1.726378	-0.4008643	-0.4024492	1.723688	0.2006034	-0.329916	1.6932	-0.3759286	-0.3449333	1.7136	-0.1535497	0.4330709	1.933648	-0.1570741	0.3152797	1.939232	-0.1551547	0.2453034	1.949184	-0.1481989	0.02940497	1.969414	-0.1372246	-0.2673029	1.985922	0.01860753	0.1864158	1.91034	-0.3177529	0.1854192	1.89994	-0.05748507	-0.2601487	1.952637	-0.2117666	-0.2642337	1.943712	0.1225125	-0.06753799	1.898009	-0.3972954	-0.08054906	1.888678	0.01310716	-0.3017245	1.61492	-0.2733305	-0.3167334	1.606645	-0.008445295	-0.6604667	1.728841	-0.2332563	-0.6740528	1.720899	

