0.1271923	0.1492676	2.684735	0.02021786	0.1501407	2.410466	0.09517857	0.07037443	2.690117	0.01457281	0.002085069	2.435596	0.0947279	0.07004121	2.67738	-0.02048948	0.08409212	2.42002	0.07929258	0.8351135	2.593274	0.0702031	0.7157474	2.587664	0.0835216	0.6486707	2.607848	0.1237461	0.4423282	2.660092	0.177946	0.160315	2.721248	0.1719107	0.644354	2.649066	-0.01401736	0.5798098	2.516494	0.2179649	0.1730599	2.714738	0.133355	0.1434686	2.658309	0.2231511	0.3868439	2.650466	-0.05503772	0.3229252	2.460745	0.2122272	-0.1950256	2.742322	-0.05339577	-0.2183459	2.855712	0.2308817	-0.5178471	2.816535	0.1163466	-0.5150639	2.740417	

0.2038928	0.1727706	2.572804	0.009721522	0.1586082	2.424815	0.1801819	0.05546024	2.534074	0.01028518	0.01986228	2.439792	0.1404994	0.1630721	2.497731	0.02811361	0.08802555	2.496111	0.0789795	0.8352455	2.594167	0.07035887	0.71593	2.588197	0.08354172	0.6487288	2.608	0.1222895	0.4407317	2.652795	0.1699113	0.1514927	2.684448	0.1719214	0.6436564	2.649477	-0.01424869	0.5794811	2.516662	0.2099399	0.1635749	2.676054	0.125445	0.1354416	2.623095	0.2193446	0.4044455	2.649385	-0.05219144	0.3408698	2.46369	0.2070128	-0.196035	2.740519	0.08336339	-0.30639	2.701396	0.2308808	-0.5178874	2.816725	0.1221396	-0.5600153	2.751426	

-0.05802625	0.2612493	2.473685	-0.002660848	0.1104699	2.448785	-0.05376602	0.0876945	2.476352	-0.002711569	-0.004675573	2.448947	-0.05519933	0.1602221	2.391833	0.04062108	0.0698242	2.50675	0.07900375	0.8360262	2.59591	0.07045454	0.7159393	2.589116	0.08364278	0.6485369	2.608487	0.1230984	0.4381281	2.65231	0.1743631	0.1447235	2.688289	0.1771737	0.6339965	2.659045	-0.01020261	0.5737515	2.516963	0.214078	0.1558966	2.682664	0.1302896	0.1292208	2.624404	0.05397159	0.4624167	2.53475	-0.04928815	0.3412713	2.465117	0.1717838	-0.2998769	2.744569	0.1257739	-0.247823	2.701718	0.227431	-0.5313631	2.818694	0.1290442	-0.547679	2.750553	

0.1435936	0.201812	2.539428	-0.002695942	0.1103258	2.44949	0.1842155	0.06775568	2.537263	0.00181023	-0.003588348	2.457965	0.2072544	0.1671634	2.555813	0.03437655	0.08173227	2.505267	0.07887509	0.8386334	2.599869	0.07051523	0.7163849	2.590464	0.08387625	0.6481616	2.609797	0.1255991	0.4238001	2.651544	0.1847249	0.0959648	2.69473	0.1772045	0.6331277	2.661323	-0.009820956	0.5726288	2.518161	0.2232688	0.1089639	2.692744	0.1412235	0.08045684	2.62486	0.09590602	0.4318458	2.549551	-0.04837839	0.3405638	2.466957	0.1717503	-0.300352	2.745821	0.1653483	-0.238837	2.714016	0.2235381	-0.5341663	2.818024	0.1358716	-0.5762863	2.766239	

0.1421733	0.2275527	2.541099	-0.00153128	0.1001597	2.451973	0.1973591	0.09686048	2.539208	0.004147172	-0.002998819	2.462975	0.2123822	0.1965538	2.570526	0.04033179	0.07335053	2.509625	0.07725677	0.8399015	2.606364	0.07018338	0.7176078	2.594631	0.08384537	0.647732	2.612269	0.1259837	0.4210676	2.653604	0.1848862	0.09588451	2.696439	0.1772571	0.6350341	2.66382	-0.00699771	0.5694853	2.520694	0.2233638	0.1090439	2.693966	0.1415173	0.07968175	2.625976	0.06079854	0.4515442	2.54433	-0.04726084	0.3339389	2.470004	0.172013	-0.3017587	2.746777	0.1264107	-0.2531941	2.707363	0.2225923	-0.5308698	2.81759	0.1321789	-0.5474001	2.750858	

0.1424309	0.2320064	2.543453	-0.001635642	0.1027853	2.45338	0.2023163	-0.03384451	2.545038	0.01280555	-0.005594597	2.467788	0.230867	0.01447601	2.575182	0.04166998	0.07677022	2.511251	0.07629862	0.8393123	2.608246	0.06987101	0.7156853	2.597936	0.08388168	0.6445995	2.614023	0.126587	0.4181944	2.652357	0.1851617	0.09606336	2.693144	0.1810347	0.6331508	2.673546	-0.007098323	0.5692265	2.519658	0.2236065	0.1090924	2.691466	0.1420286	0.08021408	2.623908	0.063867	0.4551117	2.550624	-0.04526687	0.3350152	2.471757	0.1845645	-0.2651281	2.740027	0.1265769	-0.2532001	2.706107	0.2200467	-0.5233688	2.81314	0.1324579	-0.5454636	2.750091	

0.1903564	0.1879818	2.566195	-0.0009587939	0.1048657	2.455023	0.1968876	0.04733888	2.544482	0.014705	-0.005174168	2.460447	0.2338765	0.1122189	2.609454	0.04482539	0.07385837	2.508991	0.07591964	0.8391055	2.610637	0.06973401	0.7156359	2.599956	0.08387485	0.6443564	2.615655	0.1267182	0.4183308	2.65347	0.1861619	0.1009997	2.693836	0.1820852	0.6316064	2.677284	-0.007213444	0.5695064	2.520669	0.2246057	0.1128707	2.691391	0.1428747	0.08656347	2.62474	0.1288716	0.4149486	2.578739	-0.04361662	0.3360437	2.473804	0.1704524	-0.2964271	2.741432	0.1277099	-0.2531182	2.705577	0.2194117	-0.5241833	2.812067	0.1325466	-0.5470634	2.750221	

0.1906724	0.190032	2.567449	0.001807181	0.1053428	2.456412	0.1969684	0.0543457	2.545432	0.02150544	-0.005172621	2.462166	0.233266	0.1203002	2.60606	0.04864794	0.07166509	2.510714	0.07532392	0.8387534	2.615029	0.06966594	0.7161298	2.60372	0.08403362	0.6440114	2.618698	0.1273934	0.4172859	2.655467	0.1869363	0.1005999	2.695022	0.1819748	0.6324687	2.680872	-0.007342627	0.5696498	2.521854	0.2253103	0.1125885	2.69237	0.1436566	0.08599965	2.625547	0.1285958	0.4165499	2.581151	-0.04208399	0.3359667	2.476479	0.1709597	-0.2976398	2.742147	0.1296951	-0.2554632	2.706189	0.2182254	-0.524367	2.811624	0.1352593	-0.5462388	2.749772	

0.191654	0.1897276	2.568125	0.004070594	0.1037697	2.458115	0.2017033	0.05422638	2.548782	0.02636529	-0.005602153	2.469254	0.2385163	0.1093022	2.612653	0.05349614	0.07540412	2.513588	0.07554597	0.8389766	2.618838	0.07012468	0.7165453	2.608835	0.08464374	0.6437359	2.622944	0.128281	0.4166314	2.6577	0.187766	0.1005776	2.695963	0.1820965	0.6323063	2.681298	-0.004886023	0.5677471	2.528072	0.2265182	0.1128191	2.693074	0.1441713	0.08577817	2.626269	0.1289058	0.4161812	2.581506	-0.0400399	0.3343966	2.479757	0.1709497	-0.2985638	2.74268	0.1312401	-0.2566933	2.706626	0.2194718	-0.5241613	2.812975	0.1353281	-0.5476035	2.750249	

0.1920126	0.1894229	2.568769	0.00717936	0.1042358	2.459554	0.2016747	0.05422456	2.548825	0.03205833	-0.004763382	2.465459	0.2375544	0.1093919	2.606051	0.04574504	0.05837181	2.454368	0.07568761	0.8382767	2.626589	0.07080445	0.715479	2.6146	0.0848664	0.6430303	2.626915	0.1280397	0.4168814	2.658365	0.1848651	0.1058183	2.692411	0.1811832	0.6339517	2.680321	-0.005053265	0.5682375	2.528766	0.2250826	0.1130517	2.69154	0.1388061	0.1016113	2.618885	0.1292454	0.4164481	2.581599	-0.03729193	0.3335928	2.482514	0.1889001	-0.2710132	2.744125	0.1331415	-0.2575134	2.707303	0.2192155	-0.5242168	2.812859	0.1380059	-0.5456893	2.750714	

0.2104377	0.1939458	2.598891	0.01625356	0.1018868	2.463836	0.2121664	0.05503285	2.560415	0.03764708	-0.004769175	2.467581	0.2518601	0.118323	2.629929	0.04544181	0.04812529	2.444074	0.07684153	0.8374565	2.630854	0.07330167	0.7143359	2.620888	0.08770092	0.6418394	2.633425	0.1311092	0.4168512	2.66332	0.1890483	0.1077018	2.695724	0.1842925	0.6331438	2.692328	-0.001639207	0.5657352	2.53888	0.2277603	0.1124365	2.693087	0.1454785	0.1051531	2.625524	0.1316189	0.4162438	2.588652	-0.03514566	0.330728	2.486393	0.1912675	-0.2688274	2.74382	0.1338063	-0.2579081	2.707424	0.2192274	-0.524221	2.812931	0.1380891	-0.5457657	2.750752	

0.1798767	0.1851036	2.56294	0.0199459	0.09958011	2.466435	0.2091668	0.04733473	2.554809	0.0400241	-0.00348151	2.470726	0.2368239	0.141415	2.598819	0.05340866	0.0415553	2.447579	0.07894141	0.8380327	2.634318	0.07534435	0.714344	2.625613	0.0895301	0.6416337	2.637378	0.1322863	0.4166565	2.665062	0.189788	0.1076845	2.695884	0.1841317	0.6331991	2.694491	0.001172002	0.5644462	2.545613	0.2284872	0.1118097	2.693107	0.1463371	0.1050413	2.625633	0.1293214	0.4169738	2.588583	-0.03252455	0.3292401	2.490167	0.2009628	-0.257665	2.742197	0.1347892	-0.2582753	2.707527	0.219271	-0.5242943	2.813235	0.1382701	-0.54645	2.750944	

0.1968694	0.1871497	2.576201	0.02156319	0.1042117	2.468246	0.212886	0.04043593	2.55434	0.04690528	-0.003484764	2.475148	0.2508286	0.1053577	2.62175	0.05306211	0.04768689	2.448794	0.07828753	0.8383388	2.640508	0.07607539	0.7151078	2.6287	0.0903791	0.6422923	2.640505	0.1334665	0.4172778	2.667859	0.1912175	0.108412	2.697393	0.1841585	0.6339845	2.697544	0.002701403	0.5642893	2.54921	0.229901	0.1118001	2.694499	0.1474894	0.1055574	2.626948	0.1324349	0.4164808	2.591351	-0.02983467	0.3283621	2.493608	0.1996834	-0.2598482	2.742829	0.1349236	-0.2586079	2.70802	0.2192193	-0.5242957	2.813135	0.1377337	-0.5474559	2.751806	

0.1976448	0.1863636	2.577022	0.02631839	0.1055583	2.470826	0.2145241	0.03410767	2.555368	0.05232427	0.0005962832	2.473972	0.2502959	0.1309387	2.622667	0.06328025	0.04068472	2.451882	0.07896101	0.8393061	2.643873	0.07737245	0.7171635	2.634808	0.09165201	0.6438134	2.646099	0.1346726	0.4177374	2.671809	0.1922326	0.1081748	2.699046	0.1840681	0.6336378	2.700074	0.004432654	0.5644455	2.552186	0.2309496	0.1106099	2.696232	0.1485357	0.105494	2.628599	0.1324329	0.4159065	2.593196	-0.02665629	0.3279537	2.496056	0.1990261	-0.2612058	2.743608	0.1350331	-0.2590172	2.708255	0.2197979	-0.5239089	2.813614	0.1373438	-0.5484087	2.752168	

0.2019478	0.1882091	2.581138	0.03612008	0.1033738	2.475538	0.2198749	0.03475456	2.561891	0.06335907	0.001958343	2.480387	0.2562534	0.09638277	2.622	0.07258458	0.04504582	2.453709	0.08384096	0.8398581	2.651546	0.0802773	0.7170483	2.639813	0.09262892	0.6437482	2.648827	0.1329643	0.4177905	2.671952	0.1753447	0.1088656	2.688915	0.1917854	0.6358485	2.711983	0.007551596	0.5630462	2.557104	0.2152055	0.1099702	2.685368	0.13051	0.1058226	2.618858	0.1393637	0.4189486	2.602141	-0.02118369	0.3257826	2.500259	0.1985625	-0.2612917	2.743103	0.1356457	-0.2588996	2.70803	0.2171012	-0.523655	2.807579	0.1385313	-0.5465968	2.75218	

0.2045857	0.1875065	2.583184	0.0400879	0.1026116	2.47743	0.2186032	0.03426008	2.564153	0.06886061	0.003778354	2.482167	0.256109	0.1149564	2.629231	0.07855614	0.07564091	2.476889	0.08612224	0.8407995	2.655734	0.08442742	0.7179841	2.643812	0.0950616	0.6444435	2.651884	0.1323553	0.4180565	2.672437	0.172678	0.1091471	2.688544	0.1941778	0.6362778	2.715666	0.008999844	0.5627689	2.559605	0.2129249	0.1099312	2.685119	0.127569	0.1062003	2.618281	0.1421781	0.4188501	2.605284	-0.01823954	0.3246463	2.503191	0.1989188	-0.2614319	2.743312	0.1363237	-0.2584973	2.707804	0.2151239	-0.5248787	2.804742	0.14178	-0.5481603	2.754437	

0.2073181	0.1863219	2.586531	0.0438002	0.1018728	2.479615	0.2167718	0.0353881	2.567889	0.07079013	0.003887425	2.48406	0.2569195	0.1181712	2.634895	0.08247747	0.07326525	2.481294	0.08713642	0.8419181	2.657899	0.08543967	0.7185391	2.645355	0.09594672	0.6448968	2.653512	0.132104	0.4181596	2.672974	0.1725407	0.1090264	2.688766	0.194269	0.6363994	2.715765	0.01101438	0.5630364	2.561777	0.2128329	0.1098643	2.685232	0.1273564	0.1059036	2.618605	0.143429	0.4178413	2.606092	-0.01587946	0.3244916	2.504758	0.1978868	-0.262899	2.742519	0.1375551	-0.2578471	2.70677	0.2140756	-0.5258639	2.802555	0.1432333	-0.5471212	2.754397	

0.2585605	0.215124	2.653908	0.04629037	0.1030774	2.482104	0.272581	0.073301	2.663093	0.0738586	0.008229005	2.482981	0.3002593	0.1936108	2.67915	0.0781403	0.06126055	2.459179	0.08884899	0.842665	2.659044	0.08704767	0.7192806	2.647238	0.09726574	0.6456534	2.655429	0.1318412	0.4187661	2.6739	0.1720099	0.1095197	2.689288	0.1947548	0.6367861	2.716623	0.01164282	0.5634817	2.56346	0.2124055	0.110252	2.685753	0.126778	0.1063719	2.619029	0.1437828	0.4178174	2.606628	-0.01460533	0.3244754	2.505645	0.1977753	-0.2626378	2.741931	0.1380986	-0.2570425	2.706083	0.2125352	-0.5256261	2.801026	0.1435141	-0.5465521	2.754617	

0.2541388	0.2572552	2.667959	0.04694742	0.1034538	2.482471	0.2595713	0.1309976	2.655128	0.07567066	0.008891752	2.481786	0.2909077	0.2539713	2.685	0.08307698	0.04652535	2.4582	0.0896452	0.842963	2.660598	0.08846169	0.7193865	2.648061	0.0983505	0.6458363	2.656314	0.1317016	0.4190972	2.674446	0.1711506	0.1101866	2.689942	0.1955094	0.6370462	2.717798	0.01189209	0.5636446	2.564067	0.2115112	0.1107652	2.686638	0.1259867	0.1070701	2.619417	0.1183176	0.4343663	2.590354	-0.0136951	0.3240889	2.506415	0.1969972	-0.2627711	2.741602	0.1354893	-0.2553493	2.703965	0.2074044	-0.5273123	2.803019	0.1403806	-0.5461305	2.757293	

0.2416162	0.2450742	2.654943	0.04722699	0.1035072	2.482684	0.2293069	0.1218127	2.594413	0.07571641	0.008900067	2.482879	0.283236	0.1963531	2.669	0.07742045	0.06164573	2.45877	0.0897767	0.8430328	2.661117	0.08878712	0.7192642	2.648244	0.09873245	0.645674	2.656658	0.1317341	0.4189249	2.674976	0.1713048	0.1097004	2.69097	0.1956002	0.6370411	2.718008	0.0120761	0.563443	2.564568	0.21159	0.1103592	2.687583	0.1262352	0.1064145	2.620513	0.1158691	0.4355918	2.589347	-0.01348529	0.3235225	2.506799	0.1939936	-0.2624697	2.743599	0.1362142	-0.2556611	2.703483	0.2087664	-0.5328342	2.810673	0.1274146	-0.5448217	2.760737	

0.244938	0.2409113	2.65712	0.04723824	0.1036642	2.482711	0.2333873	0.1148171	2.595402	0.07336565	0.006026577	2.487628	0.2831334	0.1954977	2.669862	0.07965486	0.04255876	2.457565	0.09204228	0.8435319	2.661025	0.09048282	0.7192889	2.648555	0.1005088	0.6456897	2.657315	0.132836	0.4189719	2.676159	0.1729947	0.1095586	2.693434	0.1957812	0.6372345	2.718254	0.01221375	0.5634097	2.564819	0.2131149	0.110477	2.689676	0.1280805	0.1058788	2.623346	0.1200944	0.4325478	2.591776	-0.01333605	0.3231477	2.506906	0.1916992	-0.2625822	2.746755	0.1332743	-0.2564626	2.707382	0.2096141	-0.5376433	2.816955	0.1111446	-0.5463785	2.762587	

0.2432257	0.2468928	2.657101	0.04721991	0.1037023	2.482659	0.2355933	0.1219456	2.606586	0.06757648	0.003879622	2.480475	0.2835943	0.1972007	2.668382	0.0807538	0.07643735	2.492692	0.09195149	0.8432858	2.661303	0.09061941	0.7190354	2.648888	0.1012601	0.645268	2.658376	0.1371975	0.4183976	2.681268	0.1899152	0.1089416	2.708698	0.1959626	0.6378306	2.718849	0.01228431	0.5634079	2.564893	0.2297416	0.1101265	2.705902	0.1448525	0.1048728	2.637584	0.1153588	0.4360875	2.590035	-0.01335129	0.3229294	2.506909	0.1876594	-0.263316	2.750038	0.1323992	-0.256676	2.707784	0.2138176	-0.539299	2.822883	0.1036824	-0.548389	2.76315	

0.2426478	0.2434142	2.655566	0.04600845	0.1024682	2.483095	0.2378036	0.1168034	2.609695	0.06545096	0.002649819	2.480742	0.2838879	0.1948168	2.667162	0.07083928	0.0441793	2.463863	0.09197331	0.8432295	2.661388	0.09106059	0.7189016	2.649521	0.1023303	0.6451132	2.659629	0.1395725	0.4183529	2.683655	0.1919938	0.1089016	2.710127	0.1964893	0.6382405	2.720848	0.01250203	0.5636221	2.564754	0.2312422	0.1101831	2.707269	0.1475697	0.1046926	2.639015	0.1168584	0.4357838	2.592133	-0.01330969	0.3229273	2.506822	0.1855715	-0.263733	2.750686	0.1323087	-0.2569187	2.707996	0.2140625	-0.5400726	2.823396	0.1023981	-0.549242	2.76332	

0.2408154	0.2406528	2.652657	0.04270127	0.1013257	2.480817	0.236041	0.1163585	2.60452	0.05828766	0.002031455	2.47904	0.2791569	0.200185	2.658059	0.06594514	0.04879746	2.476318	0.09188636	0.8430231	2.659961	0.09044547	0.7190821	2.64831	0.1021625	0.645282	2.658997	0.1397535	0.4185211	2.683492	0.1925633	0.1091358	2.709904	0.1963823	0.6377409	2.721076	0.01248455	0.5639442	2.562031	0.2315192	0.1104008	2.707147	0.1485097	0.1049053	2.638597	0.1167541	0.4353856	2.591815	-0.01454152	0.3231349	2.504445	0.1825694	-0.2652482	2.750308	0.1296376	-0.253099	2.705558	0.2140546	-0.5400643	2.823401	0.09736016	-0.5452278	2.759898	

0.2412273	0.2391169	2.651091	0.04026774	0.1008422	2.478936	0.2386649	0.1168332	2.611914	0.05450736	0.001414233	2.475958	0.278901	0.2035927	2.65825	0.06274456	0.03764499	2.464278	0.09116801	0.8440804	2.655967	0.08919914	0.7199519	2.644163	0.101595	0.6459761	2.655965	0.1399834	0.4188274	2.682273	0.1931103	0.1090979	2.709333	0.1962255	0.6362033	2.719894	0.01247315	0.5639366	2.561874	0.2320846	0.1105479	2.70637	0.1490074	0.1047061	2.638148	0.1173396	0.4339273	2.589639	-0.01670022	0.3235657	2.5023	0.1811842	-0.2659962	2.749772	0.1283644	-0.2529701	2.704674	0.2141013	-0.5403824	2.823517	0.09516197	-0.545388	2.758662	

0.2402285	0.2387009	2.64872	0.03761929	0.1002164	2.474638	0.2450995	0.1153419	2.616982	0.04965863	-0.001892524	2.468939	0.2810482	0.2106111	2.652621	0.05989714	0.03750371	2.45387	0.09099628	0.8432999	2.653134	0.08791625	0.7206364	2.639074	0.1008657	0.6464039	2.65154	0.1402768	0.4185472	2.679459	0.1942327	0.107726	2.70724	0.1954465	0.6346523	2.71789	0.01248664	0.5640072	2.561233	0.2330917	0.1084938	2.704125	0.1501741	0.1039331	2.636104	0.1159408	0.4331232	2.586482	-0.01781654	0.3241829	2.498769	0.1800824	-0.2658678	2.749419	0.1285997	-0.253379	2.704213	0.2111427	-0.5412518	2.821114	0.0947588	-0.5457811	2.75864	

0.2395952	0.2354594	2.642881	0.03806533	0.1000509	2.468842	0.3065242	0.01011745	2.652863	0.05880921	-0.0007540635	2.464532	0.3029544	0.08987687	2.643111	0.06164631	0.05570643	2.437414	0.09277169	0.8430302	2.64736	0.08530595	0.7202661	2.633206	0.09886128	0.6459275	2.646024	0.1397513	0.4176227	2.675062	0.1950986	0.1059073	2.703722	0.1940398	0.6295547	2.709789	0.01228768	0.5651249	2.551746	0.2335746	0.1066235	2.701463	0.1514095	0.1022787	2.631549	0.1142273	0.4282356	2.578031	-0.01715614	0.3246638	2.491322	0.1801754	-0.2637323	2.749417	0.1274815	-0.2538865	2.703234	0.2113611	-0.5408525	2.821524	0.0951107	-0.547589	2.759793	

0.2392969	0.2355254	2.638454	0.03897421	0.1026507	2.464224	0.3058513	0.01372625	2.647041	0.05603873	-0.002913318	2.463264	0.3039424	0.1036676	2.6434	0.06782036	0.04058914	2.43404	0.09118598	0.8430455	2.645443	0.08571009	0.7207424	2.630075	0.09866018	0.6463144	2.641573	0.1362874	0.4171692	2.665022	0.1833382	0.1025104	2.682806	0.1932996	0.6295694	2.703178	0.0126327	0.5654019	2.547744	0.2228688	0.1023978	2.679255	0.1387686	0.09975115	2.611923	0.1133854	0.4275866	2.572206	-0.01630817	0.3247119	2.487167	0.1784552	-0.2644831	2.749427	0.1274654	-0.2558061	2.703496	0.2118578	-0.5400115	2.822012	0.09439074	-0.5497056	2.760768	

0.239379	0.2350616	2.636578	0.0398915	0.1027299	2.461889	0.3095263	0.1683135	2.679776	0.05993633	-0.001884026	2.457527	0.3109771	0.2752688	2.7066	0.0672192	0.04602787	2.430857	0.09109484	0.8423861	2.643087	0.08495797	0.7203196	2.628217	0.09733199	0.6457745	2.639016	0.1333228	0.4163573	2.661053	0.1799574	0.1018706	2.679432	0.1938217	0.6297521	2.703715	0.01265743	0.5652205	2.547974	0.2199188	0.1016958	2.676808	0.1349798	0.09922314	2.607435	0.1142356	0.4282637	2.571301	-0.01602987	0.3247532	2.485118	0.1782993	-0.2640973	2.749266	0.127495	-0.2570484	2.703998	0.2116671	-0.5392847	2.821888	0.09396215	-0.5510554	2.76178	

0.2395164	0.234688	2.634251	0.04108959	0.1020684	2.460217	0.3091471	0.1717826	2.676536	0.06337399	-0.001068116	2.461558	0.3110828	0.2751708	2.706388	0.07174847	0.05230923	2.43144	0.09282483	0.8425435	2.639785	0.08684553	0.7198843	2.625234	0.09875081	0.6453846	2.637266	0.1342353	0.416023	2.661385	0.1831269	0.1008051	2.686122	0.19365	0.6289763	2.701596	0.01307274	0.5657698	2.543908	0.2217117	0.1006308	2.682623	0.13976	0.09818625	2.615284	0.1137747	0.4276104	2.56893	-0.01549525	0.3248784	2.482476	0.1783574	-0.2640564	2.749306	0.1268104	-0.2577211	2.703531	0.2117859	-0.5396428	2.822184	0.09609779	-0.5513703	2.761492	

0.2397087	0.2355382	2.632766	0.04317108	0.1025076	2.457526	0.3028651	0.1734536	2.664048	0.06906671	-0.000766373	2.455301	0.310808	0.274074	2.698955	0.07822019	0.04113038	2.429961	0.09268762	0.842158	2.638534	0.0877266	0.7196276	2.623013	0.09950646	0.6451588	2.635835	0.1347518	0.4158804	2.661602	0.1844435	0.1007019	2.689445	0.1941429	0.6303599	2.699974	0.01262541	0.56498	2.541732	0.2227613	0.1008719	2.685875	0.1412247	0.09773253	2.618591	0.1141784	0.4287567	2.56756	-0.01460407	0.3238985	2.479999	0.1781031	-0.2639968	2.749722	0.1268076	-0.2583608	2.702905	0.2119442	-0.5398345	2.822411	0.1006598	-0.5537347	2.763711	

0.2519778	0.2479303	2.63517	0.04466239	0.1022593	2.456445	0.3024938	0.1799579	2.667982	0.07004981	-0.001071018	2.45912	0.316876	0.2730844	2.70251	0.0842355	0.07271347	2.460273	0.09383202	0.8423247	2.635291	0.08795584	0.7195143	2.622276	0.0998742	0.6451596	2.634938	0.1355275	0.4162932	2.660993	0.1859206	0.102439	2.688533	0.1950896	0.6312764	2.694711	0.01331896	0.5645974	2.53968	0.227257	0.1074798	2.684406	0.1414211	0.09762808	2.61806	0.1143427	0.4295096	2.562739	-0.01354382	0.3231582	2.478728	0.1780434	-0.2639159	2.750022	0.1267292	-0.2587506	2.702901	0.2081358	-0.5423595	2.820728	0.1108403	-0.5579889	2.768751	

0.2471394	0.283841	2.686909	0.0456698	0.1017624	2.456053	0.3007943	0.1987133	2.666918	0.06823111	-0.003013788	2.459339	0.3136261	0.2844701	2.689476	0.08183001	0.06716888	2.45776	0.09618158	0.8420179	2.633888	0.09054513	0.7191507	2.619125	0.1026932	0.6447344	2.631979	0.138906	0.415719	2.659562	0.1896302	0.1017842	2.688339	0.1964821	0.6298066	2.691915	0.01551967	0.563834	2.53716	0.2304976	0.1066512	2.684803	0.1447558	0.0963926	2.617253	0.113894	0.4295645	2.55864	-0.01168885	0.3221015	2.477933	0.1797275	-0.3002692	2.751129	0.1267664	-0.2590955	2.703068	0.2081311	-0.5429091	2.820551	0.1130678	-0.5579871	2.769938	

0.2521705	0.286149	2.693121	0.04716846	0.1012695	2.455072	0.2977608	0.1958198	2.66673	0.06998476	-0.00106124	2.45586	0.3139344	0.2821909	2.690299	0.07868458	0.03539767	2.430682	0.09841464	0.8420931	2.63178	0.09238919	0.7191665	2.618345	0.1041146	0.6447993	2.630816	0.1393969	0.4159577	2.657238	0.1870063	0.1027401	2.681429	0.1979823	0.6305364	2.690208	0.01821587	0.5641959	2.534718	0.2282436	0.1070423	2.679689	0.141223	0.0970051	2.608193	0.1202426	0.4270752	2.559057	-0.01008793	0.3222939	2.477058	0.2184541	-0.2492713	2.735771	0.1269493	-0.2593798	2.703425	0.2095624	-0.5429283	2.820956	0.111933	-0.5563686	2.769191	

0.252207	0.2892252	2.693213	0.04812066	0.1009809	2.454443	0.4045106	0.08620636	2.886051	0.0668712	-0.003466414	2.459384	0.4049157	0.1390291	2.834	0.07890007	0.04160976	2.434062	0.09973686	0.8411999	2.629941	0.09541768	0.7185203	2.616453	0.1064991	0.6442495	2.62889	0.1402113	0.4156525	2.655819	0.1866395	0.1026016	2.68062	0.1989715	0.6327514	2.68671	0.02041362	0.5641956	2.532613	0.2276779	0.1066077	2.678798	0.1409265	0.09692977	2.607441	0.1208236	0.4285007	2.557142	-0.008851099	0.3222103	2.476033	0.1983001	-0.2561717	2.742269	0.1272675	-0.259373	2.703538	0.2106836	-0.5412551	2.821354	0.1119575	-0.5543567	2.768164	

0.3004006	0.267741	2.751823	0.04859814	0.1014501	2.453849	0.3812131	0.1350133	2.830556	0.06960087	-0.004612572	2.45626	0.3478833	0.2232013	2.782461	0.08060102	0.03182665	2.432583	0.1027891	0.840432	2.62822	0.09725546	0.7181577	2.615393	0.1080535	0.643919	2.627853	0.140896	0.4154382	2.655201	0.1866298	0.1025446	2.680577	0.2004655	0.6329799	2.684174	0.02190786	0.5637982	2.53133	0.227532	0.1062154	2.678524	0.140932	0.09693272	2.607468	0.1669278	0.3957586	2.608874	-0.007428587	0.3219637	2.475546	0.2318428	-0.2376744	2.741745	0.1282513	-0.2595793	2.703139	0.2116752	-0.5406129	2.821599	0.1139462	-0.5558277	2.768612	

0.3015233	0.2672515	2.752893	0.04901599	0.1012151	2.453759	0.3814829	0.1351089	2.83256	0.068198	-0.0035201	2.457874	0.3519672	0.2201053	2.791072	0.07932179	0.0395047	2.435044	0.1068033	0.8404691	2.627131	0.09876408	0.7177136	2.613019	0.1091462	0.6435649	2.625284	0.1406465	0.415338	2.652138	0.1833883	0.1029083	2.676601	0.2039112	0.6307268	2.683017	0.0224264	0.5637881	2.53121	0.2248242	0.1048721	2.674668	0.1367639	0.09891223	2.603195	0.1686702	0.3937527	2.608561	-0.006631432	0.3221329	2.475408	0.1871115	-0.2825309	2.761199	0.1288056	-0.2598011	2.702877	0.211564	-0.5413679	2.821269	0.1165916	-0.5549444	2.768524	

0.3020588	0.266059	2.753464	0.04924002	0.1010775	2.453772	0.3820373	0.1353046	2.836664	0.06756558	-0.002111261	2.459695	0.3480128	0.223609	2.795727	0.08242819	0.05872721	2.4593	0.1092303	0.8413302	2.62456	0.09971366	0.7177253	2.612113	0.1098606	0.6436623	2.624387	0.1407609	0.4156411	2.651389	0.1826966	0.1035914	2.67606	0.2067734	0.6285817	2.682262	0.0233639	0.5642787	2.531049	0.2243953	0.1050039	2.674235	0.1357758	0.1002121	2.602667	0.1701607	0.39198	2.608327	-0.006075226	0.3229885	2.475048	0.2327411	-0.2297589	2.741698	0.1288155	-0.2603632	2.703077	0.2123451	-0.5413906	2.821757	0.1160955	-0.554341	2.768494	

0.3014139	0.2683548	2.753254	0.04940604	0.1005469	2.453999	0.3817053	0.1351886	2.834232	0.06521565	-0.004143976	2.461516	0.3451166	0.2368566	2.811	0.07874703	0.03203802	2.438609	0.1099881	0.8416428	2.624151	0.09999013	0.7181041	2.611129	0.1101606	0.6441292	2.62327	0.141036	0.4163603	2.65011	0.1828255	0.1044999	2.675133	0.2060115	0.6291173	2.677208	0.02479471	0.5646121	2.53054	0.2246797	0.1056045	2.673803	0.1356579	0.1012251	2.601242	0.1696888	0.3917687	2.606065	-0.005631201	0.3233522	2.475056	0.1852656	-0.2611859	2.749535	0.1289781	-0.26063	2.703055	0.2127793	-0.5416823	2.822106	0.1159785	-0.5543761	2.768487	

0.3010799	0.2677555	2.7528	0.04952842	0.1001804	2.454271	0.3820163	0.135299	2.836545	0.06660836	-0.004143159	2.461864	0.3462834	0.2311048	2.80095	0.08117217	0.04358653	2.455333	0.1121365	0.8414203	2.622901	0.1005137	0.7176793	2.61065	0.1110164	0.6438749	2.623076	0.1447879	0.4170652	2.651834	0.1954162	0.1093807	2.68518	0.2060334	0.6291533	2.677036	0.02502173	0.5644993	2.530348	0.2379824	0.1118281	2.685397	0.1474763	0.1044049	2.610283	0.1696649	0.3918217	2.605846	-0.005447669	0.3231941	2.475167	0.2332323	-0.2362145	2.745605	0.1291754	-0.2606081	2.703035	0.2109724	-0.5430518	2.820448	0.1140225	-0.5533414	2.766533	

0.3004761	0.265029	2.751842	0.04942424	0.09996489	2.454471	0.3818392	0.1352364	2.835232	0.0672203	-0.003016739	2.463282	0.3398103	0.2412564	2.7885	0.07537155	0.03198002	2.439905	0.1141169	0.8416396	2.621508	0.1019372	0.7170316	2.60965	0.1120137	0.6433803	2.62221	0.1447099	0.4168203	2.651184	0.1901012	0.1080628	2.681551	0.2083124	0.6273654	2.67638	0.02596147	0.5644538	2.529722	0.2325755	0.1104159	2.681308	0.1422933	0.1030137	2.607044	0.1699069	0.3903612	2.605165	-0.005087669	0.3231342	2.475067	0.2060391	-0.2518969	2.739421	0.1291829	-0.2605879	2.703092	0.2109523	-0.5423288	2.820273	0.1139307	-0.553438	2.76663	

0.2873262	0.2586462	2.742549	0.04921642	0.09968564	2.45468	0.4037617	0.08400494	2.891966	0.06601462	-0.005262244	2.460198	0.3984576	0.1291506	2.8565	0.081798	0.04548233	2.460667	0.1154528	0.8410323	2.621159	0.1041296	0.7162206	2.609158	0.1136595	0.6427187	2.621795	0.1448749	0.4165806	2.651004	0.1884978	0.1073944	2.680955	0.2109639	0.6266738	2.67837	0.02734995	0.563773	2.529075	0.2304896	0.1093903	2.680778	0.1411076	0.1025878	2.60641	0.1568869	0.3936352	2.603526	-0.004556903	0.3224942	2.474869	0.2025614	-0.2533292	2.741846	0.1292572	-0.260592	2.70335	0.2110713	-0.5419505	2.820334	0.114126	-0.5571449	2.767599	

0.3471744	0.2245283	2.811952	0.04910158	0.0994333	2.45485	0.4029974	0.0806851	2.886366	0.06596716	-0.005256039	2.458281	0.4032181	0.1142765	2.867333	0.07739741	0.06231662	2.4646	0.1160088	0.840334	2.620472	0.1054366	0.7158012	2.608511	0.1148711	0.6423478	2.621357	0.1453224	0.4163867	2.651022	0.1884126	0.1072224	2.681284	0.209521	0.6260383	2.675225	0.02799423	0.5635801	2.528717	0.2302979	0.1094378	2.68102	0.1411869	0.1019836	2.606994	0.2743111	0.4375007	2.734518	-0.00434679	0.3223096	2.474819	0.2003981	-0.255119	2.741814	0.1293503	-0.2613944	2.703788	0.2085379	-0.5422632	2.817175	0.117792	-0.5605165	2.772099	

0.2979669	0.2134021	2.754159	0.04901114	0.09941424	2.454891	0.3749912	0.09788721	2.841909	0.06660331	-0.01090247	2.461279	0.3670023	0.1561406	2.82575	0.08176009	0.03477421	2.4595	0.1176506	0.8372454	2.61944	0.1066613	0.7127531	2.608727	0.1158793	0.6398019	2.621575	0.1454481	0.4151132	2.651201	0.1875018	0.1066072	2.681497	0.2086824	0.6253757	2.673448	0.0291833	0.5613912	2.529018	0.2295529	0.109002	2.68121	0.1401373	0.1011921	2.607214	0.2736047	0.4370306	2.733346	-0.004425977	0.3201915	2.475134	0.2203216	-0.2594629	2.729682	0.1343317	-0.2564487	2.704842	0.2096956	-0.5416621	2.81683	0.1184804	-0.5605086	2.770086	

0.3291329	0.2593521	2.76495	0.04835907	0.09857412	2.455021	0.3873504	0.121501	2.84136	0.06289221	-0.01428183	2.461493	0.372441	0.165215	2.822	0.06881992	0.04050091	2.438229	0.1176795	0.8338413	2.618695	0.1090963	0.7090927	2.608332	0.1177858	0.6369899	2.6213	0.1458037	0.4143315	2.651157	0.1868142	0.1067785	2.681578	0.2083331	0.6246746	2.673544	0.02997667	0.5583825	2.528792	0.2280681	0.1108817	2.681002	0.1394283	0.1003103	2.607604	0.2732396	0.4361233	2.733187	-0.004501237	0.3171611	2.475317	0.2260158	-0.2588392	2.726211	0.1353888	-0.255747	2.705112	0.2113561	-0.5405145	2.816056	0.1222333	-0.5614976	2.768396	

0.3789385	0.1035143	2.84934	0.04493382	0.01335995	2.475367	0.3997225	0.005312137	2.867709	0.0618824	-0.07901935	2.476436	0.406555	0.04345866	2.849818	0.07827978	-0.009904216	2.471786	0.1343021	0.7614698	2.633034	0.1184517	0.6428989	2.615554	0.1254277	0.5681961	2.628888	0.1462168	0.3385282	2.659819	0.1739557	0.02447126	2.691576	0.2352772	0.5019413	2.694291	0.03398505	0.4881376	2.53622	0.2165227	0.02597149	2.692434	0.1265121	0.02228987	2.615977	0.3033104	0.3322617	2.836776	-0.001569277	0.2466199	2.488685	0.2635762	-0.2955749	2.687114	0.1169359	-0.2963702	2.695359	0.2122083	-0.5578202	2.804014	0.1277672	-0.5644114	2.763686	

0.3195868	0.09274102	2.806096	0.04670568	0.009977696	2.474832	0.4023393	-0.01551615	2.849441	0.07858484	-0.097798	2.487283	0.3776374	0.07485719	2.824455	0.1071084	-0.01016819	2.525926	0.1347418	0.7526104	2.634374	0.1215031	0.6237701	2.618079	0.1273543	0.5500947	2.63431	0.144682	0.3207238	2.675765	0.1647586	0.004716418	2.73211	0.235268	0.5086381	2.698998	0.03850923	0.4741492	2.538393	0.2004412	0.009619743	2.727563	0.1252344	-0.0006112552	2.66238	0.3029222	0.3340846	2.836679	-0.0002372907	0.233177	2.490767	0.2717426	-0.3091456	2.680651	0.05439307	-0.2922502	2.751525	0.2127753	-0.5607154	2.800975	0.1277228	-0.567116	2.758581	

0.3702252	0.04292387	2.831919	0.07784512	-0.03787476	2.485127	0.4083466	-0.04657487	2.837184	0.1108059	-0.1218396	2.490171	0.4073804	-0.001949909	2.826091	0.1310886	-0.04565837	2.535167	0.1433714	0.7022937	2.640497	0.1304289	0.5833218	2.623151	0.1341209	0.508049	2.642194	0.1444047	0.2779483	2.690269	0.1578794	-0.0331101	2.744493	0.242378	0.4518743	2.702278	0.04737576	0.4243954	2.544268	0.1939613	-0.03014833	2.742971	0.1176374	-0.03519026	2.671483	0.2993369	0.2597007	2.822858	0.008527101	0.1832382	2.500724	0.3618307	-0.3086824	2.700223	0.04440238	-0.3235435	2.762811	0.2153708	-0.5631148	2.800548	0.1360043	-0.567248	2.755216	

0.3567902	0.04158243	2.826743	0.07819017	-0.03826873	2.485331	0.4030665	-0.06126431	2.828416	0.1215029	-0.1287616	2.494302	0.3932508	0.009116874	2.8108	0.04999069	-0.0773663	2.517625	0.1444641	0.6984276	2.641084	0.1315875	0.5755617	2.623387	0.1350207	0.501408	2.642667	0.1448488	0.2735082	2.691232	0.1578982	-0.0368845	2.746199	0.2520094	0.4487492	2.726166	0.04734319	0.4236988	2.544268	0.1932904	-0.03394802	2.745572	0.118244	-0.0390011	2.67238	0.2989542	0.2357133	2.818099	0.009161048	0.1822267	2.502681	0.3511815	-0.3181193	2.69253	0.04502015	-0.3268988	2.764527	0.2220152	-0.5648854	2.80307	0.1383167	-0.5671674	2.752382	

0.3718196	0.002850655	2.809607	0.07917375	-0.0404644	2.484848	0.403137	-0.07281464	2.821153	0.1314159	-0.1426917	2.50528	0.4035688	-0.02511099	2.7918	0.05752517	-0.08883283	2.522733	0.143868	0.6875983	2.640481	0.1307426	0.5610637	2.625706	0.1342335	0.4880718	2.64559	0.1442618	0.2633022	2.695747	0.1573695	-0.04463034	2.753044	0.2517504	0.4476147	2.725441	0.04751954	0.4135399	2.546048	0.1924498	-0.04007814	2.750195	0.1181419	-0.04814959	2.681643	0.2970883	0.232592	2.813899	0.01131782	0.1718304	2.506166	0.3492894	-0.3242478	2.687779	0.036577	-0.3377665	2.765069	0.2217708	-0.5658904	2.801634	0.138532	-0.5663228	2.75099	

0.3607067	-0.00384727	2.81434	0.08246993	-0.04533093	2.486284	0.4104655	-0.08460677	2.818709	0.143293	-0.1506569	2.512533	0.4077445	-0.03474425	2.804727	0.1408296	-0.05584425	2.538	0.1445051	0.6788799	2.640199	0.1350997	0.5456221	2.630219	0.1378084	0.4726171	2.650527	0.1455264	0.2482125	2.702068	0.1555029	-0.05865985	2.761183	0.2513968	0.4421423	2.724231	0.04772015	0.398984	2.549357	0.1899646	-0.05360002	2.758497	0.1168892	-0.06205047	2.689276	0.2973188	0.2289606	2.815378	0.0134177	0.1575318	2.507514	0.3552345	-0.3316409	2.684884	0.02843564	-0.3507501	2.769753	0.2199491	-0.5639502	2.797096	0.1401771	-0.5659569	2.747677	

0.3595854	-0.006355078	2.813282	0.09044124	-0.05624693	2.488722	0.4068728	-0.0919141	2.805764	0.1521226	-0.1557078	2.50734	0.4102168	-0.04999889	2.795167	0.1403594	-0.05569195	2.537887	0.1485128	0.6521208	2.643651	0.1361421	0.5337471	2.63095	0.1378751	0.4598605	2.652044	0.1420798	0.2322311	2.706454	0.1453707	-0.07999248	2.770779	0.2498305	0.4384586	2.722375	0.04785702	0.3816349	2.552194	0.1804514	-0.07037865	2.766167	0.1064013	-0.0880338	2.700964	0.2961828	0.2264973	2.815568	0.0149452	0.1402299	2.509152	0.3638585	-0.3352562	2.683537	0.02065463	-0.38	2.774375	0.2288142	-0.5608484	2.799807	0.1400326	-0.5658895	2.746716	

0.3567612	-0.03918782	2.796005	0.1369408	-0.08979421	2.502652	0.4113401	-0.120443	2.777931	0.1842498	-0.1748667	2.511372	0.3191188	-0.1221846	2.722	0.1249903	-0.1587184	2.546615	0.1530681	0.6125468	2.651136	0.1407074	0.484134	2.635739	0.141888	0.409058	2.658499	0.1447803	0.1805069	2.717245	0.1481035	-0.1309244	2.785703	0.2590034	0.358371	2.747428	0.04696365	0.3384084	2.559569	0.1808752	-0.1233415	2.780813	0.1111458	-0.1332093	2.715351	0.2954127	0.1362891	2.82259	0.03060436	0.09523563	2.520292	0.4032087	-0.3583586	2.743905	-0.001339303	-0.415437	2.788156	0.2280641	-0.5625372	2.798461	0.1383666	-0.5649399	2.746707	

0.3539988	-0.05642759	2.785755	0.1477364	-0.1114786	2.509537	0.4064031	-0.146623	2.759218	0.2048834	-0.1865236	2.521775	0.3202541	-0.1381628	2.722111	0.1433311	-0.1735938	2.548095	0.1504262	0.5969431	2.657415	0.1383229	0.4748264	2.639296	0.1402342	0.4010927	2.662596	0.1449899	0.174471	2.723506	0.1513347	-0.1352066	2.796805	0.2589058	0.3568883	2.748551	0.04569365	0.3229883	2.56433	0.1858459	-0.128633	2.794884	0.1130756	-0.1375163	2.724626	0.2954857	0.1347581	2.823503	0.02974276	0.08024901	2.521527	0.4336304	-0.3353481	2.730252	0.2391403	-0.4326217	2.634922	0.2198718	-0.5646932	2.789122	0.1558896	-0.6318794	2.745883	

0.336476	-0.07964569	2.762103	0.1759035	-0.1478389	2.537602	0.3718354	-0.2012014	2.706626	0.2683553	-0.2759883	2.546119	0.3205353	-0.1532169	2.7234	0.186873	-0.2181513	2.5549	0.1414554	0.5628682	2.67445	0.1265621	0.4310731	2.663362	0.1278602	0.3605551	2.684809	0.1320467	0.1445372	2.739687	0.138427	-0.1525108	2.805027	0.2520331	0.3351032	2.780311	0.03728046	0.2889612	2.581282	0.1761368	-0.1472602	2.805277	0.09646989	-0.1542535	2.730639	0.2949119	0.1051863	2.83037	0.03347255	0.04632115	2.535541	0.4490559	-0.3170856	2.725799	0.2633575	-0.424923	2.624444	0.2283851	-0.5649609	2.793578	0.1735655	-0.6234722	2.732184	

0.3481997	-0.1211041	2.739177	0.178478	-0.1544004	2.556263	0.394646	-0.2371524	2.686193	0.2772152	-0.2772553	2.552732	0.3265631	-0.1799695	2.695667	0.1793221	-0.2267968	2.554826	0.130731	0.5493175	2.687671	0.119849	0.4279259	2.668284	0.1206231	0.3554645	2.693252	0.1229216	0.1294581	2.76629	0.1301562	-0.1800853	2.858179	0.2398766	0.2815781	2.802337	0.02829851	0.2773357	2.593619	0.1696613	-0.1732651	2.856027	0.08721858	-0.182209	2.785699	0.29043	0.09012914	2.835535	0.03220898	0.0355199	2.542397	0.4107757	-0.3722005	2.731191	0.256686	-0.4256466	2.61378	0.2318579	-0.5654843	2.795789	0.168005	-0.6225641	2.724876	

0.3294229	-0.1065279	2.744374	0.1668261	-0.1665634	2.55985	0.3796042	-0.2238391	2.693809	0.2558941	-0.2883929	2.544748	0.3120859	-0.1675946	2.702106	0.1630109	-0.2360256	2.558731	0.124932	0.5451104	2.694168	0.111748	0.423691	2.675262	0.1140611	0.3512281	2.700463	0.1210359	0.1276764	2.769573	0.1301392	-0.1800836	2.858196	0.2386991	0.2823742	2.804575	0.02417017	0.2729182	2.600128	0.1694811	-0.1734146	2.857163	0.08722061	-0.1821046	2.785187	0.2869225	0.08879204	2.837705	0.0306397	0.03113536	2.549364	0.3548215	-0.4364979	2.783318	0.2407777	-0.4435157	2.629204	0.1939063	-0.6247954	2.806634	0.1481668	-0.6336162	2.747625	

0.3364123	-0.1300923	2.741148	0.1605367	-0.1762281	2.562219	0.3936591	-0.2441573	2.683732	0.243381	-0.3052294	2.548324	0.3226692	-0.1962658	2.690273	0.1577405	-0.2447722	2.560609	0.1081871	0.5377544	2.71008	0.1029018	0.4148215	2.693187	0.1063762	0.3433205	2.717131	0.1167633	0.1237773	2.779867	0.1293483	-0.1797675	2.859612	0.2177595	0.3035083	2.801322	0.01549472	0.2655438	2.610475	0.1681118	-0.1719504	2.86254	0.0868499	-0.1821806	2.785103	0.2783265	0.0854696	2.843274	0.02767708	0.02431863	2.557884	0.3546896	-0.4336613	2.784599	0.2909915	-0.4173573	2.653399	0.1932927	-0.6220244	2.805455	0.1460855	-0.5933312	2.742995	

0.3349023	-0.1296503	2.742825	0.1613824	-0.1777871	2.563318	0.3929837	-0.2510906	2.679305	0.2470753	-0.3024438	2.541444	0.3185084	-0.1975538	2.694313	0.1609043	-0.2514829	2.559571	0.1029191	0.5358583	2.715061	0.0968204	0.4124227	2.699628	0.1008921	0.3407517	2.723213	0.1128852	0.1210685	2.784748	0.128326	-0.1804899	2.860531	0.2137845	0.2881741	2.810071	0.008979116	0.2622775	2.616665	0.1674475	-0.1726511	2.862751	0.08563326	-0.18291	2.786273	0.2749301	0.08465211	2.846849	0.02636614	0.02159391	2.562859	0.3520144	-0.4357717	2.78474	0.3290415	-0.2886761	2.558879	0.1854164	-0.6207633	2.798673	0.2069486	-0.5699212	2.688691	

0.3053043	-0.1129902	2.765603	0.1593953	-0.1779432	2.565831	0.3602305	-0.2003822	2.712094	0.2620965	-0.3066598	2.538718	0.2802002	-0.1483583	2.72325	0.1469059	-0.2825824	2.588667	0.07483491	0.5278666	2.742014	0.07425131	0.4072363	2.71825	0.08316656	0.3361632	2.734533	0.1041572	0.1178144	2.783216	0.120447	-0.1848421	2.834611	0.201554	0.2831796	2.842929	-0.006516508	0.2570798	2.634367	0.1582713	-0.1835681	2.826348	0.07871304	-0.1828575	2.765599	0.2561706	0.04641495	2.839431	0.02014558	0.01882824	2.571879	0.353449	-0.4412354	2.786348	0.3172355	-0.3486883	2.579976	0.1872618	-0.6267632	2.798868	0.1424143	-0.5679181	2.741396	

0.2936588	-0.09578805	2.776235	0.1491634	-0.1783932	2.573533	0.3573833	-0.1951405	2.714814	0.2564668	-0.3043644	2.539955	0.2775267	-0.1487754	2.723194	0.1422973	-0.28156	2.590105	0.04557887	0.5208284	2.774673	0.04436091	0.3913243	2.757239	0.05348767	0.3210089	2.769342	0.08691127	0.10888	2.794108	0.1185619	-0.1860643	2.833419	0.1683488	0.2891488	2.849701	-0.03364579	0.2469731	2.667244	0.1565322	-0.185481	2.830533	0.0736817	-0.1843648	2.755386	0.2367693	0.05719049	2.858921	0.001434566	0.01199568	2.595158	0.4226033	-0.3640776	2.74423	0.3217564	-0.3531778	2.590332	0.2337968	-0.5620124	2.794375	0.1423241	-0.5681843	2.741493	

0.2840694	-0.1028166	2.774872	0.1400703	-0.1748892	2.577865	0.3449847	-0.1982908	2.701442	0.239527	-0.296323	2.541151	0.2683837	-0.156818	2.72579	0.1481976	-0.2547357	2.566445	0.02211435	0.5158114	2.800158	0.02828532	0.3896625	2.771204	0.03857671	0.3190792	2.786827	0.06887483	0.1027095	2.831671	0.1158041	-0.1912921	2.874597	0.1531486	0.276519	2.88122	-0.04582752	0.2470272	2.683742	0.154588	-0.1847728	2.896788	0.07353251	-0.1904252	2.774824	0.2342028	0.0472351	2.868195	-0.01053181	0.01240649	2.610392	0.4120378	-0.3405652	2.736423	0.325806	-0.3408189	2.595509	0.2352726	-0.561414	2.796357	0.1516132	-0.5793663	2.757672	

0.2761327	-0.08981918	2.787392	0.1384254	-0.1754104	2.580035	0.3384689	-0.1862458	2.708298	0.2319715	-0.277021	2.542418	0.2593267	-0.1448146	2.737333	0.1319795	-0.227111	2.56435	0.01428215	0.5147256	2.810162	0.0165893	0.3884484	2.786868	0.02908669	0.3175406	2.801654	0.06631643	0.1011573	2.838196	0.115744	-0.1932874	2.878825	0.1406762	0.2914501	2.890974	-0.05131194	0.2440857	2.692616	0.1544593	-0.1850509	2.89685	0.07464394	-0.1980406	2.794189	0.2242091	0.06291717	2.874376	-0.012916	0.01094624	2.615458	0.4283488	-0.2765769	2.70917	0.3019212	-0.2871129	2.54015	0.2950413	-0.5793896	2.770958	0.2230244	-0.5754772	2.685004	

0.3116311	-0.1292406	2.757769	0.1352052	-0.1750374	2.581671	0.3983335	-0.2814647	2.687138	0.2349855	-0.2734677	2.544387	0.3241647	-0.2395449	2.6744	0.1357314	-0.2335801	2.566017	0.01026158	0.5122167	2.816969	0.0160353	0.3876964	2.79589	0.02805313	0.3173317	2.808917	0.06476125	0.10182	2.840829	0.1133148	-0.1916136	2.878256	0.1359397	0.2922649	2.891357	-0.05545748	0.2435738	2.697744	0.1512749	-0.183283	2.893808	0.07182912	-0.195424	2.793447	0.220274	0.06411009	2.879937	-0.01623658	0.01099265	2.619038	0.4330792	-0.2957999	2.739251	0.3014543	-0.2892019	2.543862	0.23888	-0.5606554	2.801842	0.2235482	-0.5776504	2.689	

0.2744489	-0.08552524	2.800601	0.1610759	-0.1691754	2.586146	0.3359682	-0.1748843	2.721171	0.2626789	-0.2990041	2.541201	0.2650561	-0.1411292	2.738167	0.1511103	-0.2803407	2.587062	0.008843578	0.5129521	2.822224	0.01430701	0.3890472	2.799367	0.02623567	0.318803	2.812752	0.06282902	0.1035641	2.844593	0.1120001	-0.1899892	2.879926	0.1330486	0.2951502	2.89405	-0.0579683	0.2459902	2.703022	0.1502149	-0.182005	2.894322	0.07071833	-0.193771	2.794897	0.2169756	0.06687342	2.884166	0.01554262	0.02064976	2.628839	0.4418353	-0.2117918	2.714426	0.3012912	-0.2887503	2.546852	0.3187785	-0.5218221	2.764621	0.2230577	-0.5777004	2.690935	

0.2684141	-0.0938977	2.792128	0.1601406	-0.168075	2.586715	0.332636	-0.1980608	2.702305	0.2634438	-0.2974147	2.540046	0.2610043	-0.1566128	2.725134	0.1501267	-0.2797783	2.58894	0.007632302	0.5122875	2.825624	0.01580356	0.3897463	2.806358	0.02720394	0.3195491	2.818583	0.06257972	0.1043727	2.84715	0.1110314	-0.18904	2.880002	0.1308984	0.2951386	2.893671	-0.05943958	0.2464172	2.706011	0.1495685	-0.1814637	2.894339	0.06929629	-0.192049	2.794244	0.2156782	0.06723794	2.885298	0.01471619	0.02169917	2.630265	0.4364862	-0.268365	2.730131	0.2997707	-0.2893635	2.54714	0.2666646	-0.542972	2.813986	0.2223625	-0.5781808	2.691837	

0.2679365	-0.09614749	2.79159	0.1575431	-0.1687311	2.588492	0.3278619	-0.1990386	2.699257	0.2633841	-0.2973517	2.539501	0.259898	-0.1569115	2.721	0.1495395	-0.2807119	2.59253	0.006949132	0.5125333	2.827433	0.01534255	0.3899732	2.80823	0.0268795	0.320027	2.821045	0.0627309	0.1060223	2.851284	0.1118893	-0.1854131	2.884441	0.127586	0.2962138	2.892209	-0.06039559	0.2470459	2.707209	0.1500907	-0.176211	2.899147	0.07033445	-0.1900642	2.796995	0.2142235	0.0691328	2.886351	0.01344425	0.02203836	2.632152	0.4285809	-0.2887914	2.7367	0.3732546	-0.2245835	2.64163	0.2575401	-0.5507291	2.807344	0.2420281	-0.5255258	2.71455	

0.2745	-0.09811984	2.789893	0.1571711	-0.1684787	2.588693	0.3348581	-0.1824637	2.711378	0.2634351	-0.2974049	2.539956	0.2659684	-0.1514895	2.727484	0.1483856	-0.2796885	2.5912	0.006760401	0.5129815	2.829607	0.01528211	0.3906069	2.809043	0.02680682	0.3204539	2.821667	0.06262292	0.106057	2.851391	0.1112512	-0.1858554	2.88373	0.1577046	0.2577003	2.937186	-0.06055511	0.2472622	2.707844	0.1488243	-0.1783702	2.897218	0.06995599	-0.1897382	2.796541	0.2219387	0.04856797	2.88748	0.0130419	0.02223647	2.632551	0.4303473	-0.2810905	2.732911	0.3106871	-0.2799157	2.557796	0.2551173	-0.5527527	2.805723	0.2257318	-0.574937	2.686895	

0.2703207	-0.08400783	2.79871	0.1570835	-0.1675966	2.588316	0.3359183	-0.1820551	2.715282	0.2633786	-0.2973444	2.53941	0.2566135	-0.1400372	2.741846	0.1489315	-0.2816982	2.591531	0.006760805	0.5131711	2.829688	0.01529016	0.390672	2.809224	0.02676591	0.3204626	2.821666	0.06086716	0.105511	2.848818	0.1022476	-0.1892353	2.867532	0.1241013	0.2918712	2.886365	-0.06073868	0.2475426	2.70838	0.1411271	-0.1846696	2.87309	0.06054173	-0.1902455	2.785661	0.2146141	0.06690606	2.886406	0.01285316	0.02278146	2.632665	0.4444171	-0.20731	2.718382	0.3039929	-0.305131	2.563426	0.3296922	-0.5194194	2.773486	0.2216244	-0.5978831	2.698108	

0.2800564	-0.09667359	2.78494	0.1084938	-0.1287324	2.585614	0.3462847	-0.2023156	2.693516	0.2107652	-0.2353444	2.551762	0.265751	-0.1568079	2.725643	0.09280378	-0.2258643	2.580895	0.007051645	0.5132341	2.829867	0.01505016	0.3909065	2.808929	0.0263193	0.320667	2.821376	0.05944575	0.1055726	2.848667	0.09974036	-0.1891212	2.869904	0.1241612	0.2903685	2.884092	-0.06390568	0.2495651	2.710147	0.1397422	-0.1836368	2.876878	0.05620192	-0.1906713	2.787778	0.2152697	0.06586419	2.886506	-0.04591496	0.01670411	2.623844	0.3974406	-0.2441723	2.649242	0.2975834	-0.2458231	2.537059	0.3093783	-0.5565929	2.73365	0.2459424	-0.556597	2.647657	

0.2802235	-0.0979929	2.784032	0.1084087	-0.1286652	2.585662	0.3497061	-0.2001562	2.696788	0.2044194	-0.2290817	2.559768	0.2810377	-0.169307	2.711632	0.09252939	-0.2253162	2.580974	0.008062575	0.5128864	2.829093	0.01526709	0.3902624	2.808277	0.02620723	0.3201684	2.821202	0.05744006	0.1043406	2.850655	0.09192979	-0.1910018	2.885462	0.1242028	0.2912214	2.883876	-0.06541437	0.2495776	2.71058	0.1337811	-0.1838951	2.889861	0.04706314	-0.193852	2.806682	0.2152321	0.06668335	2.886339	-0.04323342	0.01721747	2.623807	0.3881874	-0.2373154	2.655639	0.2827189	-0.2434261	2.548292	0.2992349	-0.5502876	2.737563	0.2274717	-0.553261	2.659693	

0.2805129	-0.09895971	2.78371	0.1006695	-0.1284132	2.584492	0.3480734	-0.2040365	2.694669	0.1973611	-0.2290463	2.559271	0.2671245	-0.1570672	2.723	0.08642159	-0.2226822	2.585563	0.009177673	0.5124576	2.82861	0.01612083	0.3897098	2.807963	0.02633347	0.319832	2.821209	0.05505209	0.1035738	2.852249	0.08499528	-0.1911437	2.889366	0.1247005	0.2914279	2.884147	-0.06559681	0.24944	2.710586	0.127485	-0.1829879	2.895789	0.03967363	-0.1947275	2.808778	0.2156392	0.06681782	2.886233	-0.04181448	0.01718849	2.623973	0.3796297	-0.2355107	2.658347	0.2794719	-0.2448315	2.554865	0.2911054	-0.5484942	2.740591	0.2222416	-0.5546264	2.66547	

0.2810748	-0.09999758	2.782687	0.1007685	-0.1284535	2.584395	0.3486752	-0.2053358	2.69415	0.1972041	-0.2288703	2.557271	0.2792584	-0.1756004	2.711222	0.1123139	-0.2005405	2.567667	0.01386243	0.5106895	2.825795	0.01818227	0.3883485	2.804625	0.02641487	0.3189561	2.819878	0.04873047	0.102527	2.853733	0.06155791	-0.1909412	2.899222	0.1376782	0.2730078	2.885646	-0.06628989	0.2496824	2.710077	0.1089635	-0.1825629	2.909541	0.01116246	-0.1945288	2.814275	0.2244204	0.04630942	2.880296	-0.04112757	0.01745754	2.62384	0.3735721	-0.2218599	2.685133	0.2634204	-0.2409105	2.573491	0.2730406	-0.534448	2.756804	0.2054152	-0.5506922	2.683751	

0.2809449	-0.1016743	2.780713	0.1267221	-0.1489525	2.584573	0.3488343	-0.2056981	2.69015	0.2243105	-0.2418506	2.546852	0.2721284	-0.1683552	2.712315	0.1125998	-0.2427735	2.578375	0.01580767	0.5112576	2.824333	0.01901406	0.3883274	2.803996	0.02661689	0.3188445	2.819557	0.04806865	0.1024711	2.853852	0.06159151	-0.1909672	2.899045	0.1383083	0.2709683	2.883415	-0.06623369	0.2507144	2.709879	0.1089777	-0.1826946	2.90911	0.01128409	-0.1944944	2.81421	0.2256469	0.04478528	2.882094	-0.04016964	0.01854306	2.62377	0.3702806	-0.2261934	2.681075	0.2646651	-0.2410923	2.574862	0.273245	-0.5390431	2.755559	0.2047517	-0.5508408	2.684336	

0.2810084	-0.1020756	2.780155	0.1277375	-0.1494018	2.584875	0.3490012	-0.2058053	2.691513	0.2239387	-0.2484443	2.542849	0.2698918	-0.1643898	2.717501	0.1142991	-0.244217	2.578053	0.01616311	0.5111662	2.824227	0.0193909	0.3886208	2.803574	0.02670723	0.3189752	2.819244	0.04766734	0.1026762	2.853776	0.06218192	-0.1906582	2.898105	0.1388661	0.2705713	2.883059	-0.06631573	0.2510684	2.709577	0.1094647	-0.1824993	2.907828	0.01225742	-0.1940084	2.813483	0.2261308	0.04448658	2.883287	-0.03978258	0.01890034	2.623622	0.3626061	-0.229697	2.669998	0.264427	-0.2309164	2.570592	0.2718588	-0.5420246	2.752328	0.2054291	-0.5410396	2.679725	

0.2812614	-0.1026352	2.779896	0.127911	-0.1496053	2.585005	0.3475288	-0.2080199	2.690513	0.2306588	-0.2551352	2.540242	0.2729916	-0.1695426	2.713076	0.1344059	-0.2224826	2.563783	0.01674114	0.5111197	2.823128	0.02040704	0.3882099	2.803061	0.02695452	0.3187357	2.819075	0.04638687	0.1027136	2.854676	0.06070559	-0.1899865	2.899411	0.1360184	0.2743424	2.875361	-0.06650399	0.2510833	2.709365	0.1083714	-0.1813109	2.909453	0.01060277	-0.1937974	2.814607	0.2242733	0.04933196	2.882819	-0.03849827	0.01906382	2.623484	0.3609122	-0.2287873	2.670919	0.2629273	-0.2274054	2.571285	0.2690807	-0.5412052	2.751965	0.2043718	-0.5380253	2.679429	

0.2813301	-0.1028884	2.779519	0.1287929	-0.1502651	2.585238	0.3486087	-0.2055658	2.688422	0.233568	-0.2585622	2.537077	0.2724991	-0.1676015	2.71219	0.1377868	-0.2257736	2.561273	0.01733823	0.5105906	2.82222	0.02053345	0.3885695	2.802091	0.02690173	0.3189263	2.818287	0.04602624	0.1028908	2.854527	0.0609733	-0.1898725	2.899183	0.137638	0.2729602	2.876487	-0.06670178	0.2511438	2.709169	0.1085804	-0.1812463	2.909045	0.0111077	-0.1935907	2.814512	0.2247416	0.04738104	2.882833	-0.03823276	0.01915348	2.623374	0.3603114	-0.2291857	2.66962	0.2626036	-0.224635	2.569776	0.2681303	-0.5415304	2.750571	0.2048307	-0.535536	2.677615	

0.2814072	-0.1030837	2.779212	0.1288186	-0.1503381	2.585297	0.3481494	-0.2067875	2.690513	0.2336036	-0.2585998	2.537461	0.2717008	-0.1683606	2.710858	0.1539702	-0.2398416	2.554266	0.01926931	0.509813	2.821603	0.02128413	0.3882655	2.801853	0.02733159	0.3186741	2.818048	0.04600335	0.1029008	2.854507	0.0613765	-0.1894744	2.898534	0.1360032	0.2739754	2.870136	-0.06703158	0.2522645	2.708792	0.109157	-0.180752	2.908033	0.01143715	-0.1932847	2.814159	0.2240887	0.04952626	2.882528	-0.03812099	0.02017895	2.623469	0.3613539	-0.2286936	2.669193	0.2627756	-0.2348575	2.571182	0.268967	-0.5410627	2.749889	0.2040346	-0.5451012	2.680064	

0.2815974	-0.1033527	2.779104	0.129382	-0.1506785	2.585444	0.3460881	-0.2103461	2.688846	0.2343493	-0.2588029	2.537252	0.2708678	-0.1663065	2.715092	0.1367452	-0.2244493	2.561913	0.01940423	0.5097764	2.821017	0.02149143	0.38857	2.800684	0.02742569	0.3188575	2.816974	0.04582741	0.1030897	2.85412	0.06201349	-0.1892325	2.89785	0.1362512	0.2745394	2.875451	-0.06698268	0.2523929	2.70845	0.1094024	-0.1806332	2.90731	0.01277842	-0.1928531	2.813497	0.2237543	0.04917639	2.882449	-0.03813583	0.02022009	2.623387	0.3625935	-0.227821	2.669531	0.2639292	-0.2374108	2.570961	0.2694555	-0.5404079	2.748818	0.2025892	-0.5469854	2.68026	

0.2816132	-0.1034332	2.779136	0.1296314	-0.1508334	2.585531	0.3475687	-0.2100465	2.685694	0.2373165	-0.2617649	2.537135	0.2698545	-0.1625993	2.717885	0.1419634	-0.2312223	2.560264	0.02088568	0.5095	2.820528	0.02184815	0.3883933	2.800457	0.02767528	0.3186384	2.816733	0.04579875	0.1030163	2.854062	0.06235429	-0.1894247	2.897482	0.1412822	0.2678612	2.878392	-0.06693583	0.2521576	2.708122	0.1097573	-0.1812908	2.906137	0.01319581	-0.1928402	2.813517	0.2265392	0.04142393	2.883009	-0.03792834	0.01996576	2.623192	0.3635858	-0.2271586	2.66885	0.2642073	-0.2404176	2.571523	0.2704212	-0.5398464	2.747796	0.2025441	-0.5498645	2.680938	

0.2818882	-0.1036666	2.778826	0.1298161	-0.1510759	2.585613	0.3426812	-0.2089193	2.689587	0.2373162	-0.2617643	2.537135	0.273797	-0.1667452	2.713165	0.1419346	-0.2311801	2.559729	0.02139678	0.5096646	2.819839	0.02265395	0.3887655	2.799857	0.02850119	0.3189773	2.816026	0.04652651	0.1035472	2.853396	0.06581516	-0.1881448	2.895258	0.1348985	0.2759286	2.87533	-0.06709269	0.2520528	2.708034	0.1124603	-0.1797791	2.903967	0.01742743	-0.1918141	2.811477	0.2231806	0.05092437	2.88286	-0.03786117	0.01986874	2.623173	0.3660379	-0.2272483	2.666783	0.2673669	-0.2411999	2.568687	0.272864	-0.5399093	2.745831	0.2060962	-0.5510572	2.677276	

0.2825634	-0.1039927	2.778713	0.1300782	-0.1512087	2.585687	0.3476661	-0.210112	2.686512	0.2343977	-0.258853	2.537752	0.271209	-0.1653101	2.716304	0.1388833	-0.2267594	2.560403	0.02162536	0.5096261	2.819525	0.02285696	0.3884256	2.799495	0.02848637	0.3186976	2.815793	0.04554154	0.1033605	2.853559	0.06317066	-0.1881573	2.896315	0.1366659	0.2737876	2.875177	-0.06701926	0.2519501	2.707798	0.1106401	-0.1797567	2.905011	0.01380184	-0.1918372	2.812671	0.2237627	0.04833857	2.882766	-0.03774172	0.01978198	2.622903	0.3783708	-0.2241086	2.686318	0.2645987	-0.2410291	2.570816	0.2710914	-0.536276	2.751307	0.2024513	-0.5502636	2.680517	

0.2825226	-0.1040437	2.778682	0.130175	-0.1513456	2.585739	0.3519963	-0.2084726	2.685309	0.2343554	-0.2588105	2.537323	0.2730022	-0.1667842	2.715063	0.1503857	-0.2381969	2.556467	0.02216788	0.5097016	2.819009	0.0232525	0.3883541	2.799177	0.02855716	0.3186635	2.815683	0.04464452	0.103575	2.853923	0.06003193	-0.1873252	2.898111	0.1434749	0.2668513	2.881474	-0.06708433	0.2520767	2.707741	0.1078763	-0.1792425	2.906346	0.01037693	-0.1906211	2.815125	0.2273562	0.03970814	2.884065	-0.03772838	0.01994213	2.622763	0.3686939	-0.2232008	2.677722	0.2607095	-0.2591065	2.57842	0.2693803	-0.5361258	2.749523	0.1893239	-0.5634434	2.694841	

0.2825459	-0.1040898	2.778656	0.1301708	-0.1513651	2.585759	0.3486312	-0.2107356	2.685972	0.2344	-0.2588615	2.537823	0.2716166	-0.1655688	2.715256	0.1436181	-0.2322807	2.557857	0.02217612	0.5097019	2.818994	0.02421835	0.3877294	2.799339	0.02908769	0.3181753	2.815805	0.04452993	0.1034307	2.854112	0.05976363	-0.1873937	2.898244	0.1432053	0.2670588	2.879907	-0.06693698	0.2518613	2.707492	0.1076138	-0.1792594	2.906579	0.01011019	-0.1907378	2.815188	0.2268738	0.03995512	2.883776	-0.03746302	0.0197093	2.622626	0.3733879	-0.2207338	2.684282	0.2604783	-0.2245435	2.569543	0.2690942	-0.5333481	2.751411	0.1992148	-0.5341755	2.678926	

0.2825302	-0.1040988	2.778689	0.1301746	-0.1513764	2.585775	0.3451361	-0.2114571	2.68837	0.2374315	-0.2627147	2.538416	0.2719521	-0.1668752	2.71393	0.1437826	-0.2325908	2.559194	0.02219323	0.5097169	2.818929	0.02483508	0.3876668	2.799676	0.02948041	0.3181843	2.816089	0.04447988	0.1039106	2.85467	0.05961484	-0.1860328	2.898943	0.1408601	0.2713218	2.876821	-0.06710444	0.2518098	2.707299	0.1072521	-0.1771868	2.908116	0.01012443	-0.1899117	2.815376	0.2255736	0.04491476	2.883857	-0.03740297	0.01967054	2.622485	0.3645862	-0.2260226	2.676034	0.2610267	-0.2390573	2.57358	0.2676841	-0.5390427	2.750052	0.1962547	-0.5474839	2.683993	

0.2826032	-0.104157	2.778519	0.09523357	-0.1815174	2.593496	0.3418215	-0.2059311	2.692972	0.2020755	-0.2984444	2.564078	0.2646628	-0.1597998	2.71875	0.1129093	-0.2571918	2.589357	0.02256533	0.5098236	2.818553	0.02428733	0.3869247	2.7992	0.02921763	0.3175147	2.815465	0.04494613	0.1035606	2.853551	0.06521016	-0.1861091	2.893926	0.1383895	0.2724426	2.87003	-0.06692214	0.2515128	2.707073	0.1123712	-0.177262	2.903548	0.01626448	-0.1900575	2.809742	0.2246198	0.04741701	2.883406	-0.03713303	0.01934312	2.622404	0.3694323	-0.2278568	2.671649	0.2672622	-0.2414155	2.568705	0.2730042	-0.5408732	2.746194	0.2028963	-0.5497757	2.679479	

0.2827818	-0.1042855	2.778322	0.09604888	-0.1640347	2.583647	0.3392667	-0.218408	2.68358	0.2074378	-0.2832684	2.555038	0.2666002	-0.1687411	2.7136	0.1034695	-0.2318544	2.577157	0.0226044	0.5098478	2.818572	0.0244725	0.3869266	2.799265	0.02938736	0.3174988	2.815525	0.04503206	0.103585	2.853661	0.0652834	-0.186107	2.894269	0.1393878	0.2714976	2.871848	-0.06679028	0.2516224	2.706919	0.1123543	-0.1772873	2.903584	0.01661256	-0.1899443	2.810785	0.2253354	0.04623185	2.884227	-0.03709986	0.01939879	2.622387	0.3678394	-0.2293455	2.670022	0.2665504	-0.2312089	2.566123	0.2729246	-0.5424501	2.745795	0.204996	-0.5405175	2.676092	

0.2826782	-0.1042922	2.7784	0.09579979	-0.1811007	2.593582	0.3374012	-0.2193092	2.6813	0.2020558	-0.3021926	2.56723	0.2658205	-0.1690073	2.710726	0.09968188	-0.2775222	2.618462	0.02264253	0.5095512	2.818136	0.02466705	0.3869296	2.79904	0.02954155	0.3175175	2.815351	0.04506515	0.1037134	2.853642	0.06521088	-0.1856784	2.894572	0.1400242	0.2709563	2.872969	-0.0668822	0.2515911	2.707012	0.1122887	-0.1771237	2.904002	0.01650348	-0.1891235	2.810938	0.2257379	0.0455161	2.884692	-0.03712766	0.0193963	2.622411	0.3678235	-0.228494	2.670317	0.2675186	-0.2564242	2.574748	0.2725323	-0.5416008	2.745712	0.1939054	-0.5606695	2.690263	

0.2825756	-0.1043872	2.778374	0.1081245	-0.1282708	2.584638	0.3374934	-0.2187065	2.681181	0.2237301	-0.2482093	2.540449	0.2631578	-0.1688913	2.710711	0.1085583	-0.2432978	2.581167	0.0226218	0.5094888	2.818049	0.02518155	0.3866955	2.798961	0.02988131	0.3173613	2.815324	0.04508588	0.103752	2.853741	0.06469624	-0.1852529	2.895392	0.1378608	0.2741818	2.869815	-0.0669526	0.2512167	2.706808	0.1119504	-0.176599	2.904403	0.01573663	-0.1889241	2.812298	0.2242957	0.04935329	2.88408	-0.03718402	0.01904046	2.622156	0.3671862	-0.2276397	2.670235	0.2647664	-0.2264027	2.565802	0.2719498	-0.5407889	2.745553	0.2025826	-0.5356028	2.675807	

0.2825611	-0.1044103	2.778363	0.1216672	-0.1442361	2.585884	0.3383761	-0.2194188	2.681129	0.2264207	-0.2610298	2.539841	0.2650238	-0.1721758	2.709767	0.1318992	-0.2225448	2.560762	0.0229176	0.5097976	2.818062	0.02511672	0.3871184	2.7987	0.02988021	0.3177308	2.814999	0.04518907	0.1041645	2.85328	0.06510152	-0.1849906	2.894661	0.1369378	0.2741935	2.868628	-0.0670663	0.2514988	2.706642	0.1123413	-0.1763612	2.903752	0.01616424	-0.1886592	2.811372	0.2237135	0.04958371	2.883488	-0.03730918	0.01927108	2.622152	0.3674748	-0.227571	2.669502	0.2654386	-0.2425658	2.568924	0.2715915	-0.5406282	2.744477	0.1994826	-0.5507197	2.679382	

0.2826584	-0.1045619	2.778194	0.1239794	-0.1483561	2.582459	0.3434919	-0.2195107	2.683867	0.2371878	-0.2685875	2.535931	0.2695512	-0.179092	2.70325	0.126208	-0.2596315	2.5835	0.0229532	0.5098106	2.818037	0.02553317	0.3869591	2.798848	0.03032183	0.3176433	2.814993	0.0458355	0.1045038	2.852779	0.06651748	-0.1835785	2.892515	0.1391011	0.2723353	2.873142	-0.06711813	0.2518689	2.706476	0.1130374	-0.1759166	2.902597	0.01854506	-0.185859	2.807748	0.2248773	0.04679533	2.884026	-0.03728255	0.01961668	2.622095	0.3670821	-0.2296475	2.667646	0.268644	-0.2643927	2.574647	0.2717282	-0.5426391	2.74336	0.1930274	-0.568998	2.688094	

0.2826627	-0.1045705	2.77819	0.1262053	-0.1495854	2.583413	0.3413999	-0.2201678	2.681178	0.2374306	-0.2627158	2.538416	0.272743	-0.1858082	2.698125	0.1390885	-0.2308844	2.5597	0.022923	0.5092925	2.817611	0.02743474	0.3862407	2.799537	0.03192995	0.3171054	2.815444	0.04650109	0.1045055	2.852874	0.06664354	-0.1834597	2.892487	0.1369313	0.2755698	2.871308	-0.06741737	0.2518206	2.706341	0.1133088	-0.1754754	2.902503	0.01858573	-0.1858898	2.807751	0.2228426	0.05013595	2.882812	-0.03728712	0.01957408	2.622067	0.367777	-0.2288525	2.667999	0.268791	-0.2608451	2.573361	0.2723841	-0.5420763	2.742884	0.1959614	-0.5667705	2.68529	

0.2826635	-0.1045796	2.778186	0.126996	-0.1501638	2.583876	0.3413936	-0.2201597	2.681094	0.2373452	-0.2626174	2.537475	0.268487	-0.1768644	2.704545	0.1460064	-0.2331551	2.556381	0.02312985	0.5093591	2.817023	0.02702269	0.3865101	2.799187	0.03140422	0.3173725	2.815233	0.04485984	0.1051367	2.853395	0.06164878	-0.1823166	2.895736	0.1390052	0.2709083	2.874486	-0.06751992	0.2517172	2.706363	0.1089174	-0.1742748	2.905512	0.01285656	-0.1851381	2.811363	0.2244983	0.04502616	2.883467	-0.03732146	0.01952	2.621954	0.3625575	-0.2290484	2.670269	0.2636837	-0.2566209	2.576355	0.2681141	-0.5422273	2.746238	0.1920221	-0.5630656	2.687716	

0.2827191	-0.1046369	2.778066	0.1275252	-0.1516476	2.582664	0.342728	-0.2198667	2.679818	0.2339579	-0.267367	2.536819	0.2697348	-0.1770896	2.705728	0.1372297	-0.2279139	2.560825	0.02298189	0.5093866	2.81698	0.02663547	0.3868138	2.798593	0.03112248	0.3175887	2.814778	0.04478216	0.1052189	2.853271	0.0617137	-0.1823428	2.895712	0.13987	0.2693868	2.875732	-0.06754936	0.2516372	2.706289	0.109044	-0.1745	2.905186	0.01297076	-0.1851026	2.811505	0.2253394	0.04345877	2.8843	-0.03735273	0.01944667	2.621858	0.3646673	-0.2275738	2.672022	0.2635784	-0.2546315	2.575515	0.2687597	-0.5408053	2.746333	0.1931537	-0.5615297	2.686483	

0.2827434	-0.1046961	2.777962	0.09406375	-0.1823542	2.595239	0.3429717	-0.2191866	2.679868	0.2193492	-0.348253	2.560261	0.2688785	-0.1771509	2.705111	0.1435069	-0.2904912	2.593714	0.02311223	0.5093431	2.816338	0.02652352	0.3867616	2.79822	0.03112157	0.3175622	2.814361	0.04524665	0.1053727	2.852632	0.06413396	-0.1818998	2.894118	0.1379945	0.2715133	2.872596	-0.06765845	0.2515615	2.706207	0.1112793	-0.1737529	2.90285	0.01551051	-0.1850203	2.810574	0.2239085	0.04606491	2.883754	-0.03724933	0.01937305	2.621862	0.3672681	-0.2280422	2.670536	0.2652518	-0.2532893	2.573101	0.2713378	-0.5413455	2.744584	0.1955738	-0.5604283	2.683919	

0.2828131	-0.1047122	2.778053	0.1302076	-0.1528749	2.588542	0.3438217	-0.2201494	2.68101	0.2281314	-0.273055	2.540319	0.2699158	-0.1798089	2.702729	0.1429464	-0.2367137	2.561117	0.02332713	0.509526	2.815586	0.0264568	0.3867313	2.798223	0.03106974	0.3175373	2.814385	0.04518783	0.1053774	2.852853	0.06414557	-0.181937	2.894937	0.1395093	0.2701314	2.876812	-0.06764552	0.2515352	2.706221	0.111159	-0.1738863	2.903361	0.01569415	-0.1849624	2.811907	0.2244393	0.04381195	2.883854	-0.03727212	0.01932992	2.621918	0.3656769	-0.2289617	2.669362	0.2646046	-0.2527683	2.573259	0.2712331	-0.5423069	2.744779	0.1955056	-0.560121	2.683871	

0.2826978	-0.1048106	2.77792	0.1300716	-0.1530746	2.588364	0.3331377	-0.2105662	2.683437	0.2312088	-0.2696193	2.5382	0.255325	-0.1539619	2.722571	0.1363523	-0.2304796	2.561482	0.02375336	0.5097128	2.815241	0.02613296	0.3866879	2.798064	0.03081138	0.3175042	2.814267	0.04506795	0.1053903	2.852845	0.06411176	-0.1819407	2.894971	0.1383677	0.2712424	2.875611	-0.06765756	0.2514862	2.706238	0.111102	-0.1738551	2.903378	0.01565256	-0.1850325	2.811993	0.2233831	0.04496814	2.882866	-0.03693867	0.01936133	2.621817	0.3751439	-0.230775	2.682909	0.2634434	-0.2328737	2.566226	0.2688484	-0.5428575	2.749356	0.2020417	-0.5423829	2.675737	

