0.4967314	-0.2000911	2.455917	-0.02167498	-0.187033	2.517528	0.4834805	-0.327777	2.47052	-0.02386713	-0.3367358	2.528875	0.4256576	-0.2463309	2.44628	-0.06957957	-0.2287685	2.504087	0.2350013	0.6276104	2.438627	0.2191696	0.4771636	2.478746	0.2224666	0.3976794	2.491286	0.2315859	0.1534245	2.519002	0.2429598	-0.180593	2.545182	0.3997543	0.3675241	2.474479	0.0365099	0.3707832	2.502537	0.3222002	-0.178541	2.499714	0.15621	-0.1770667	2.512034	0.4747537	0.06018092	2.489048	-0.01994089	0.07511535	2.538552	0.3805261	-0.5992851	2.608184	0.1627432	-0.6091673	2.645697	0.4240931	-0.9926847	2.694006	0.1852027	-0.9936863	2.717791	

0.4967276	-0.2000626	2.455813	-0.02169055	-0.1872396	2.517604	0.4857915	-0.3261212	2.463362	-0.01949175	-0.3387652	2.530612	0.4256487	-0.2356917	2.446333	-0.07157934	-0.2319757	2.513353	0.2349834	0.6276127	2.438655	0.2191504	0.4771462	2.47868	0.2224597	0.3976518	2.491254	0.2316094	0.1533389	2.519028	0.2430948	-0.180916	2.545382	0.3997526	0.3675377	2.474493	0.03650888	0.3707852	2.502551	0.3223644	-0.1789179	2.500155	0.1563325	-0.177375	2.512056	0.4748369	0.06024884	2.48895	-0.01988781	0.07493634	2.538693	0.380517	-0.5993096	2.608196	0.1633654	-0.6099291	2.645706	0.4241145	-0.9924157	2.693861	0.1849456	-0.9938076	2.717956	

0.4966933	-0.200049	2.455844	-0.02121627	-0.1875609	2.517787	0.4860921	-0.3265274	2.464809	-0.01715649	-0.331554	2.530493	0.4263801	-0.2722642	2.4485	-0.0638115	-0.239494	2.511235	0.2349772	0.6276314	2.438683	0.2191379	0.4771518	2.478791	0.2224494	0.3976248	2.491392	0.2316109	0.1531246	2.519304	0.2431297	-0.1816054	2.54591	0.3997566	0.3674622	2.474517	0.03651198	0.3707833	2.502574	0.3223944	-0.1796412	2.500641	0.1563664	-0.1779957	2.512578	0.4749718	0.0603248	2.488853	-0.01959029	0.07464261	2.539115	0.3806321	-0.5993405	2.608326	0.1635334	-0.6100158	2.645857	0.424134	-0.9921787	2.694037	0.1849808	-0.9938305	2.717875	

0.4967732	-0.1999306	2.455742	-0.02044263	-0.1875283	2.517728	0.4899534	-0.3270791	2.46899	-0.01322441	-0.3380178	2.53444	0.4260382	-0.24281	2.4484	-0.06429722	-0.2371393	2.5173	0.2349434	0.6276623	2.438675	0.2191577	0.4771648	2.478803	0.2224649	0.3976357	2.491413	0.2316215	0.1531363	2.519357	0.2431144	-0.1815738	2.546046	0.3997791	0.3674315	2.474528	0.03660223	0.3709375	2.502928	0.3223856	-0.1796402	2.500685	0.1563481	-0.1779019	2.512847	0.4751855	0.06046142	2.488875	-0.01946307	0.07468328	2.539378	0.3809662	-0.5996116	2.608324	0.1637923	-0.6098687	2.646015	0.4241799	-0.9920247	2.694169	0.1844716	-0.9943346	2.718389	

0.4967952	-0.1998538	2.455757	-0.01945628	-0.1874691	2.517994	0.490935	-0.3250045	2.461081	-0.01317877	-0.3364209	2.52824	0.426724	-0.2405912	2.449296	-0.06189804	-0.2053756	2.501931	0.2348538	0.6277198	2.438801	0.2191677	0.4771801	2.478811	0.2224825	0.3976482	2.491435	0.2317074	0.1531288	2.519488	0.2433691	-0.1816415	2.546466	0.399792	0.3674382	2.474535	0.03672192	0.3710167	2.503029	0.3225834	-0.1797068	2.500935	0.1566502	-0.1779619	2.513448	0.4753158	0.06055552	2.488891	-0.01932431	0.07475255	2.539615	0.3813518	-0.6001377	2.608811	0.1639161	-0.610129	2.646153	0.4243072	-0.9910865	2.694432	0.1841394	-0.9941568	2.717894	

0.4968647	-0.199513	2.455817	-0.01765226	-0.1874601	2.517394	0.4866927	-0.3256053	2.463087	0.001408423	-0.3371394	2.527853	0.4270615	-0.2374486	2.451241	-0.04716305	-0.2468694	2.499367	0.2347785	0.6277308	2.438907	0.2191141	0.4772408	2.478818	0.2224439	0.39769	2.491462	0.2316841	0.153145	2.519589	0.2433775	-0.1816695	2.546761	0.3997316	0.367488	2.474228	0.03681534	0.3710556	2.503294	0.3225816	-0.1797235	2.501101	0.1566721	-0.1780019	2.513873	0.475745	0.06094247	2.488702	-0.01917055	0.07472746	2.539673	0.3815733	-0.600334	2.609121	0.1639625	-0.6102942	2.646443	0.4243599	-0.9910728	2.694501	0.1840227	-0.9944742	2.718635	

0.4969316	-0.1992611	2.455856	-0.01655325	-0.1871938	2.516634	0.4878876	-0.3201382	2.466018	-0.006772079	-0.3328384	2.529003	0.4265787	-0.2321723	2.449059	-0.05197249	-0.2378321	2.501172	0.2347407	0.6277561	2.439016	0.2190952	0.4772986	2.478926	0.2224262	0.3977123	2.491634	0.2316754	0.1529225	2.52014	0.2433923	-0.182553	2.548088	0.3998279	0.3677196	2.47392	0.03691932	0.3711239	2.504331	0.322562	-0.1803465	2.501905	0.156735	-0.1791464	2.515779	0.4758824	0.06118629	2.48859	-0.01861245	0.07493207	2.539779	0.3819758	-0.6004833	2.609442	0.1640276	-0.6103948	2.646687	0.4244184	-0.9909405	2.694599	0.1840353	-0.9945419	2.718615	

0.4969115	-0.1990961	2.455916	-0.01528388	-0.186982	2.515951	0.4867079	-0.3204983	2.465098	0.001319154	-0.3348051	2.519724	0.4260969	-0.2603616	2.447824	-0.0425473	-0.2480394	2.493872	0.2347388	0.6277595	2.439048	0.2190972	0.4773087	2.478936	0.2224289	0.3977273	2.491656	0.2316803	0.1529818	2.520247	0.2433845	-0.1823316	2.548367	0.3999624	0.3678678	2.473354	0.03692068	0.3711323	2.504437	0.3225466	-0.1801647	2.502043	0.1567363	-0.1788912	2.516207	0.476191	0.06137863	2.48826	-0.01817961	0.07508158	2.539673	0.3819944	-0.6004141	2.609612	0.1645464	-0.6103158	2.647025	0.4244137	-0.9908138	2.69486	0.1840095	-0.9946067	2.718591	

0.4968685	-0.1984469	2.455904	-0.01346874	-0.1850414	2.514386	0.4878591	-0.3201375	2.462348	0.0105744	-0.3361005	2.520075	0.4270205	-0.2373976	2.451	-0.04465357	-0.260331	2.505764	0.2345926	0.627737	2.439249	0.2191068	0.4772933	2.478942	0.2224451	0.3977073	2.49168	0.2317413	0.1529434	2.520386	0.243521	-0.1823212	2.548706	0.4001576	0.3680747	2.472865	0.03701765	0.3710378	2.504796	0.3226136	-0.1801322	2.502135	0.1569476	-0.1789436	2.516908	0.4767578	0.06199556	2.487514	-0.0165475	0.07682844	2.539447	0.3823151	-0.6009051	2.610191	0.1645988	-0.6106722	2.647277	0.4244068	-0.9906467	2.695405	0.1840833	-0.9946321	2.718566	

0.4972579	-0.1974349	2.455055	-0.01252938	-0.184364	2.513481	0.4863918	-0.3202798	2.463434	0.009893332	-0.3364906	2.518695	0.4286652	-0.2428664	2.453596	-0.04043293	-0.2526194	2.493838	0.2344173	0.6278291	2.439292	0.2191263	0.4773858	2.478943	0.2224601	0.3977932	2.491711	0.2317409	0.1530535	2.520529	0.243462	-0.1821291	2.54904	0.4002698	0.3682307	2.472101	0.03717108	0.3713143	2.505498	0.3224432	-0.1792127	2.502268	0.1569321	-0.1792575	2.517728	0.4771774	0.06286939	2.486468	-0.01594515	0.07730658	2.539347	0.3825188	-0.6010466	2.610343	0.1650171	-0.6110411	2.64782	0.4244239	-0.990266	2.695464	0.1841228	-0.9948232	2.718523	

0.4975296	-0.1966618	2.453367	-0.01085284	-0.1828251	2.512241	0.4876875	-0.3188438	2.457463	0.006601119	-0.3311046	2.51951	0.430019	-0.2403101	2.452674	-0.03703117	-0.2545607	2.487519	0.234133	0.6277547	2.439759	0.2192983	0.4774731	2.479071	0.2226418	0.3978861	2.49189	0.2319389	0.1531735	2.520852	0.2436382	-0.1819287	2.549481	0.4003337	0.3685723	2.471458	0.03734244	0.3715976	2.506503	0.3225933	-0.1784315	2.502493	0.1572579	-0.1795994	2.518614	0.4773904	0.06341027	2.485332	-0.0148889	0.07859665	2.539216	0.3828316	-0.6010266	2.610334	0.1653389	-0.6114684	2.64862	0.424538	-0.9900604	2.695506	0.1840621	-0.9949486	2.718488	

0.498256	-0.1948434	2.449522	-0.0100787	-0.1813936	2.512143	0.4837544	-0.3189701	2.460438	0.004926508	-0.3298101	2.512522	0.4329557	-0.2276706	2.455758	-0.04367854	-0.2353382	2.496406	0.2339251	0.6278207	2.440292	0.2194674	0.477708	2.479209	0.2228104	0.3981182	2.492085	0.2321039	0.1534116	2.521209	0.2437709	-0.181648	2.550009	0.4005001	0.3695154	2.470314	0.03736232	0.3717383	2.507215	0.3226629	-0.1777883	2.502573	0.1575336	-0.1797477	2.51992	0.4780024	0.06484166	2.483631	-0.01411582	0.07979884	2.539447	0.3831708	-0.6010916	2.610494	0.1656701	-0.6115459	2.649194	0.4246399	-0.9898406	2.695703	0.1839725	-0.9950253	2.719049	

0.4987388	-0.1924828	2.447118	-0.00927675	-0.1805718	2.51193	0.4846932	-0.3113742	2.446355	0.004944881	-0.3307253	2.519522	0.4353374	-0.2218532	2.454574	-0.04714637	-0.2282787	2.500036	0.2335439	0.6280873	2.44099	0.2195875	0.4781764	2.479605	0.2229429	0.3985666	2.492512	0.2322659	0.1538004	2.521678	0.2439557	-0.1813095	2.550425	0.4004108	0.3709483	2.468795	0.03738122	0.3718749	2.507773	0.3227521	-0.1769392	2.502737	0.1578449	-0.1797908	2.520563	0.4782262	0.06688465	2.482248	-0.0132583	0.08036683	2.539907	0.383529	-0.6011518	2.610642	0.1659026	-0.6116566	2.649641	0.4245337	-0.9893717	2.695943	0.1839054	-0.9949707	2.718836	

0.4991237	-0.1905572	2.444548	-0.009205431	-0.1802129	2.512019	0.4814302	-0.3124452	2.450201	0.001165834	-0.3284556	2.514298	0.4349787	-0.2149405	2.453919	-0.05105559	-0.2230864	2.502842	0.2333011	0.6284853	2.441401	0.2196205	0.4783164	2.479673	0.2229884	0.3987141	2.492625	0.2323622	0.1539832	2.52195	0.2441398	-0.1810503	2.550925	0.400393	0.3721104	2.467747	0.03739804	0.3720266	2.508656	0.3228089	-0.1763306	2.502981	0.1581891	-0.179915	2.521323	0.4784231	0.06845204	2.481322	-0.01280257	0.08050285	2.540458	0.3838011	-0.6012083	2.610963	0.1660966	-0.6120561	2.650438	0.4245558	-0.9893416	2.695947	0.1838683	-0.9952472	2.718582	

0.4989003	-0.1882647	2.443448	-0.009116842	-0.1799319	2.512357	0.4812902	-0.3111273	2.452987	-0.002553429	-0.3291955	2.523504	0.4357606	-0.2102169	2.452428	-0.05135917	-0.221367	2.504696	0.2328568	0.6290976	2.442169	0.2196068	0.47858	2.479615	0.2229896	0.3989273	2.492609	0.2323936	0.1541082	2.522001	0.2442127	-0.1809635	2.551031	0.4004643	0.3729446	2.466594	0.03736734	0.3725458	2.509091	0.3228863	-0.1761287	2.502839	0.1583128	-0.1799099	2.521756	0.4787246	0.07062346	2.479995	-0.01252353	0.0805831	2.540859	0.3842138	-0.6013073	2.611076	0.1661712	-0.6119626	2.650403	0.4248176	-0.9889287	2.696413	0.1837747	-0.9953504	2.718544	

0.4987577	-0.1854545	2.442739	-0.009121014	-0.1793626	2.512861	0.4839204	-0.3053918	2.447385	0.0002020911	-0.3300375	2.522656	0.4357186	-0.216281	2.453644	-0.05067746	-0.2233791	2.508318	0.232374	0.629424	2.442743	0.2198997	0.479131	2.479993	0.2232532	0.3994334	2.492971	0.2325679	0.1544805	2.522274	0.2442866	-0.1807259	2.551154	0.4002627	0.3738255	2.466055	0.03745598	0.3727552	2.509375	0.322996	-0.175517	2.50269	0.1583616	-0.1798652	2.521985	0.4785007	0.07324896	2.478914	-0.01217753	0.08093844	2.54127	0.3844581	-0.6011947	2.61116	0.1662531	-0.6119062	2.650629	0.4249384	-0.9884894	2.696382	0.183537	-0.9954609	2.718329	

0.4992886	-0.1838541	2.439957	-0.009324256	-0.1796085	2.513742	0.4826564	-0.3051503	2.449865	0.002825618	-0.3291317	2.523525	0.4346405	-0.1975933	2.450368	-0.04758782	-0.2407805	2.510842	0.2319409	0.6298975	2.443406	0.2199967	0.4794717	2.480063	0.2233783	0.3997764	2.493054	0.2327839	0.1548372	2.522375	0.2446477	-0.1803136	2.551225	0.4002697	0.3742591	2.465415	0.03740928	0.372903	2.5096	0.3234976	-0.1746489	2.502391	0.1586084	-0.1797586	2.52217	0.4785779	0.07436922	2.478684	-0.01185549	0.08050779	2.54195	0.3846287	-0.6011394	2.611223	0.1665204	-0.6115544	2.650728	0.4250542	-0.9882259	2.696195	0.1832016	-0.9954826	2.718114	

0.5001246	-0.1797214	2.437525	-0.009499863	-0.1787585	2.515794	0.4881618	-0.2980943	2.448558	-0.005196742	-0.3244015	2.532221	0.4360915	-0.2082516	2.451894	-0.05284135	-0.21942	2.511276	0.2314709	0.6302018	2.44365	0.2200637	0.4799626	2.480133	0.2234657	0.4003408	2.493114	0.2329423	0.155662	2.522364	0.2449255	-0.1789749	2.550987	0.4001289	0.3760638	2.464505	0.03744512	0.3738349	2.509992	0.3238029	-0.1725096	2.501555	0.1587811	-0.1791548	2.522184	0.4786945	0.07802311	2.478331	-0.01178688	0.08123235	2.542566	0.3847586	-0.6009412	2.611288	0.1666292	-0.6113005	2.650649	0.4250624	-0.9881827	2.696189	0.1831933	-0.9956164	2.718406	

0.5010619	-0.1755237	2.43678	-0.01022044	-0.1772368	2.518687	0.4887504	-0.2930787	2.450715	-0.005499439	-0.3170856	2.53338	0.4404942	-0.1934465	2.453907	-0.05343018	-0.2200513	2.515	0.2301114	0.6313166	2.444407	0.2202886	0.4810918	2.47993	0.2237247	0.4015228	2.492956	0.2333075	0.157019	2.52232	0.2454335	-0.1773421	2.551052	0.3997481	0.3789154	2.463612	0.03713387	0.3748206	2.510051	0.3242476	-0.1702009	2.501234	0.1592287	-0.1782723	2.522423	0.4791974	0.08193658	2.47806	-0.01185752	0.08262084	2.544158	0.3850896	-0.600844	2.611358	0.166685	-0.611091	2.650713	0.425209	-0.9880255	2.696178	0.1831953	-0.9956192	2.718629	

0.5018286	-0.1687075	2.436366	-0.01093285	-0.1727719	2.519116	0.4928378	-0.2806541	2.449117	-0.003082969	-0.3096908	2.533999	0.4438779	-0.212495	2.460072	-0.05631667	-0.2110974	2.513839	0.2287806	0.6316376	2.445128	0.220732	0.4821037	2.479454	0.224197	0.4025713	2.492532	0.2338694	0.1581914	2.522021	0.2461137	-0.1759705	2.550878	0.3993179	0.3811761	2.462554	0.03699106	0.3755841	2.510093	0.3249831	-0.1685954	2.500789	0.1597676	-0.1773341	2.522428	0.4802872	0.08840965	2.478507	-0.01381516	0.08657843	2.548338	0.3851897	-0.6008168	2.611392	0.1669351	-0.6104634	2.650593	0.425342	-0.9876158	2.695975	0.1832569	-0.9954879	2.718439	

0.5139992	-0.1456174	2.436867	-0.02361577	-0.1700678	2.519173	0.5125721	-0.2701615	2.457672	-0.07524509	-0.2986896	2.534381	0.4511571	-0.1689554	2.435607	-0.106307	-0.2061794	2.503	0.2275162	0.6323367	2.446102	0.2207411	0.4832294	2.47934	0.2243038	0.4039507	2.492389	0.2343823	0.1605068	2.521744	0.2474307	-0.1719932	2.55028	0.4005712	0.385962	2.463839	0.03682855	0.3794148	2.511261	0.3262855	-0.1645021	2.500174	0.1609786	-0.1738853	2.521821	0.5000727	0.1115067	2.482095	-0.03412635	0.09060656	2.573526	0.3850497	-0.5996895	2.611207	0.167031	-0.6104221	2.65063	0.4252989	-0.9875517	2.697213	0.1832081	-0.9956835	2.71824	

0.5353022	-0.140109	2.431493	-0.1091811	-0.1520306	2.50374	0.5513474	-0.2648116	2.444923	-0.1333719	-0.2963648	2.534636	0.4833163	-0.1913346	2.424857	-0.1613138	-0.1945254	2.517857	0.2267101	0.6323	2.446525	0.2210855	0.4838637	2.47975	0.224623	0.4047258	2.49269	0.2346165	0.1618841	2.521658	0.2473703	-0.1693508	2.549293	0.4013605	0.3894646	2.464566	0.03670295	0.3813019	2.511838	0.3263501	-0.1618081	2.499379	0.1607882	-0.1714579	2.520634	0.5055495	0.1145321	2.482432	-0.04120986	0.09121013	2.575078	0.3850428	-0.5988062	2.610784	0.166978	-0.6090091	2.650118	0.4251547	-0.9875625	2.69697	0.1833732	-0.9954595	2.718198	

0.5809841	-0.1259549	2.419754	-0.1405072	-0.1448115	2.511301	0.5977771	-0.2567044	2.439765	-0.1877306	-0.2849551	2.543193	0.5238231	-0.1868446	2.412875	-0.2070099	-0.1823251	2.5212	0.2261537	0.632206	2.446957	0.221161	0.4842826	2.479815	0.2247002	0.4052573	2.492705	0.234672	0.1627821	2.521458	0.247333	-0.1680325	2.548733	0.4011811	0.3917558	2.464563	0.03633101	0.38215	2.512475	0.326367	-0.1605978	2.498994	0.160688	-0.170109	2.519886	0.5164894	0.1200791	2.479806	-0.06346423	0.09748554	2.574152	0.3850372	-0.598345	2.610506	0.1670195	-0.6083933	2.649823	0.4251441	-0.987536	2.696983	0.1834397	-0.9952918	2.717785	

0.6148467	-0.1089707	2.418025	-0.1753084	-0.1325924	2.514739	0.6595408	-0.245465	2.4329	-0.2395314	-0.2699534	2.543743	0.5658797	-0.183233	2.403533	-0.2398073	-0.1620515	2.5194	0.2257719	0.6322091	2.447143	0.2211788	0.4845822	2.479858	0.2247149	0.4056661	2.492697	0.2346533	0.1635808	2.521225	0.2472165	-0.1667105	2.548095	0.4011922	0.3931316	2.464878	0.03610998	0.3833662	2.512422	0.3263513	-0.1593271	2.498479	0.1604667	-0.1688083	2.519131	0.5265359	0.1294682	2.476308	-0.0744141	0.1014965	2.572982	0.3849845	-0.5983223	2.610475	0.1671687	-0.6077983	2.649562	0.4253887	-0.9877008	2.697044	0.1835042	-0.9950892	2.717772	

0.7053305	-0.0674061	2.397774	-0.24534	-0.08946422	2.507065	0.7639582	-0.1983227	2.404491	-0.3173219	-0.240735	2.536716	0.6608517	-0.1428653	2.373143	-0.314587	-0.131127	2.512952	0.225497	0.6321894	2.447113	0.2209252	0.485055	2.480135	0.2244583	0.4062683	2.492889	0.2343598	0.164675	2.521118	0.2468742	-0.1648366	2.547445	0.4030486	0.3943307	2.466101	0.03530263	0.3863328	2.512352	0.3260482	-0.1574212	2.497879	0.1600985	-0.1670652	2.518453	0.576627	0.1479993	2.469134	-0.123244	0.13322	2.569722	0.3849531	-0.5982873	2.610442	0.1669651	-0.6070048	2.649298	0.4251571	-0.9874535	2.696942	0.1834045	-0.9952363	2.717757	

0.7228097	-0.05472115	2.395655	-0.2516202	-0.08428721	2.504399	0.7960982	-0.1789934	2.406246	-0.3332068	-0.2257794	2.519192	0.6941863	-0.1276421	2.362471	-0.3202239	-0.1073668	2.49615	0.2251714	0.6322109	2.447006	0.2206659	0.4852429	2.479988	0.2241453	0.4065492	2.492711	0.2338708	0.1652432	2.520869	0.246145	-0.1639595	2.547215	0.4035981	0.394486	2.466341	0.0341945	0.388327	2.512714	0.3253576	-0.1565723	2.497527	0.1593482	-0.1661959	2.518364	0.5820483	0.1525351	2.467619	-0.1249278	0.1352992	2.568777	0.3848306	-0.5982811	2.610508	0.1671408	-0.6067367	2.6493	0.4250688	-0.9878839	2.697229	0.1834196	-0.9953952	2.718083	

0.7343506	-0.04771437	2.394296	-0.2507395	-0.08426121	2.500893	0.790944	-0.1773926	2.403803	-0.3155336	-0.2371177	2.472723	0.7064719	-0.1225405	2.354636	-0.3082266	-0.1170918	2.482305	0.2248169	0.6320302	2.446813	0.2203887	0.4852504	2.47986	0.2238279	0.4066075	2.492585	0.2333879	0.1654532	2.520771	0.2453667	-0.1635572	2.547268	0.4046317	0.3942493	2.466952	0.03376736	0.3888308	2.512855	0.32471	-0.1563158	2.497516	0.1584522	-0.1656495	2.518524	0.5873789	0.1550417	2.466061	-0.1253045	0.1352582	2.56818	0.3841587	-0.5981566	2.610203	0.1668937	-0.6063862	2.649495	0.4249776	-0.9879709	2.697248	0.1834229	-0.9954212	2.718058	

0.735487	-0.04665291	2.393442	-0.249294	-0.08455998	2.497069	0.7803865	-0.1771514	2.395699	-0.3114269	-0.2361093	2.466034	0.7048018	-0.1210166	2.3505	-0.3058516	-0.1262334	2.476154	0.2245214	0.6318115	2.446726	0.2202465	0.4852664	2.479872	0.2236564	0.4066541	2.492591	0.233109	0.1655869	2.520768	0.2449243	-0.1633443	2.547289	0.4049441	0.3940157	2.467279	0.03354916	0.3892221	2.512952	0.3243946	-0.1561722	2.497488	0.1578824	-0.1653759	2.518636	0.5889032	0.1560065	2.466235	-0.1254703	0.1349422	2.56769	0.383811	-0.5980744	2.609999	0.1667474	-0.6056135	2.649485	0.4247861	-0.988799	2.697582	0.1833285	-0.9954887	2.717906	

0.7353365	-0.04674393	2.393248	-0.2454418	-0.08627633	2.491634	0.7655477	-0.183271	2.389879	-0.2998816	-0.2372946	2.455265	0.6941344	-0.1187647	2.345375	-0.1923038	-0.1630131	2.443231	0.2242486	0.6316608	2.446569	0.2195689	0.4850587	2.479442	0.2230418	0.4065088	2.492277	0.2326149	0.1655309	2.520718	0.2443902	-0.1633848	2.547625	0.4052974	0.3938076	2.467568	0.03304278	0.3894435	2.513283	0.32388	-0.1562216	2.497653	0.1573368	-0.1654214	2.519219	0.5893069	0.1561218	2.466499	-0.1252478	0.133763	2.567374	0.3835652	-0.5982027	2.610139	0.1666992	-0.6053974	2.649609	0.4244063	-0.9894775	2.697855	0.1833401	-0.9954776	2.717889	

0.6738734	-0.07482518	2.381503	-0.1803786	-0.1012145	2.462533	0.6669071	-0.1932781	2.38515	-0.1697405	-0.2346128	2.450799	0.6064361	-0.1140205	2.360823	-0.1231624	-0.13677	2.4238	0.2235469	0.6315067	2.445962	0.2191892	0.484967	2.479148	0.2226063	0.4064603	2.491996	0.2319748	0.1655867	2.520504	0.243409	-0.1632217	2.547594	0.4061312	0.393204	2.467956	0.03238474	0.389728	2.512866	0.3230115	-0.1561811	2.497596	0.1562721	-0.1651412	2.519227	0.5893379	0.1570705	2.468789	-0.1246366	0.1335797	2.567904	0.3831528	-0.5982482	2.610111	0.1666739	-0.6054025	2.649663	0.4244324	-0.9892861	2.69771	0.1833551	-0.9955212	2.717951	

0.5965165	-0.08858507	2.383299	-0.11824	-0.1050842	2.461125	0.5500274	-0.1906504	2.380733	-0.06675004	-0.2289703	2.455246	0.5172715	-0.09997401	2.366765	-0.04276044	-0.1229044	2.431714	0.2226659	0.6311753	2.445266	0.2181638	0.4848411	2.478446	0.2215615	0.4063769	2.491385	0.2308817	0.1655625	2.520173	0.2422381	-0.1632608	2.547642	0.406649	0.3923446	2.4683	0.03053563	0.3891397	2.512722	0.3219687	-0.1561751	2.497699	0.1550103	-0.1652427	2.519194	0.588369	0.1587761	2.471304	-0.1228365	0.1356339	2.568308	0.3829852	-0.5982063	2.609758	0.166553	-0.6053254	2.649533	0.42478	-0.9881413	2.697098	0.1834368	-0.9954731	2.717829	

0.5672188	-0.08635987	2.389647	-0.1034472	-0.09906908	2.464755	0.4958187	-0.1924598	2.387454	-0.02549997	-0.2224993	2.453548	0.4709807	-0.09462519	2.365385	-0.009576063	-0.1126617	2.429734	0.2219574	0.6307701	2.445018	0.2177223	0.4846462	2.478264	0.2210597	0.4061996	2.491225	0.2301692	0.165405	2.520108	0.2412011	-0.1634498	2.547786	0.407253	0.3914174	2.468932	0.02923463	0.3884278	2.512622	0.3209312	-0.156401	2.497932	0.1540084	-0.1654012	2.519236	0.5841354	0.1615261	2.475395	-0.1153862	0.1422945	2.569772	0.3822809	-0.5971355	2.609154	0.1664461	-0.6054822	2.649398	0.4246484	-0.9878304	2.697346	0.1835442	-0.9957201	2.718185	

0.5184657	-0.07998314	2.398029	-0.05850031	-0.09444043	2.472733	0.4586135	-0.1937383	2.389711	0.02519293	-0.2239614	2.46499	0.4203304	-0.04982723	2.443389	0.05235326	-0.06856584	2.46424	0.2216648	0.6305241	2.444866	0.2176596	0.4845144	2.478168	0.2209752	0.4060647	2.491116	0.2300112	0.1652343	2.519956	0.2409425	-0.1637184	2.547577	0.4081739	0.3895755	2.469627	0.0282144	0.3875148	2.512214	0.3207102	-0.1565767	2.497771	0.1537168	-0.165784	2.518959	0.5814293	0.1629174	2.476776	-0.1106716	0.1446389	2.569729	0.3816276	-0.5961421	2.607861	0.1664765	-0.6054577	2.649107	0.4246003	-0.9866852	2.697132	0.1837032	-0.9962128	2.718572	

0.4614573	-0.05217841	2.391694	-0.01933006	-0.07611421	2.459576	0.3560382	-0.1682626	2.39145	0.09638807	-0.1901225	2.439611	0.3466423	-0.01221688	2.377789	0.09524739	-0.02780797	2.40496	0.2213406	0.6299059	2.444805	0.2173629	0.4835928	2.477957	0.2205921	0.40526	2.490851	0.2293308	0.1646352	2.519512	0.2396952	-0.1641301	2.546783	0.4087213	0.3890536	2.469967	0.02712151	0.3862824	2.511464	0.3194903	-0.1569842	2.497264	0.1524548	-0.1662007	2.517808	0.5703046	0.1738141	2.472422	-0.107923	0.1494197	2.563271	0.3811797	-0.5953827	2.606974	0.1664902	-0.6056519	2.648482	0.4245326	-0.9863829	2.697369	0.1837123	-0.9962226	2.718599	

0.421351	-0.01823155	2.380507	-0.008951714	-0.06396659	2.448762	0.2860862	-0.1550972	2.373298	0.07553804	-0.1544322	2.454131	0.2841431	0.00387176	2.357	0.1100105	-0.0554225	2.41265	0.220957	0.6294955	2.444756	0.217179	0.4832448	2.478014	0.2203908	0.4049549	2.490869	0.2290766	0.1644129	2.519436	0.2393807	-0.1642908	2.546592	0.4098202	0.3878034	2.470394	0.02667817	0.3862048	2.511342	0.3192345	-0.1570963	2.497165	0.1520889	-0.1664167	2.517498	0.5680181	0.182365	2.470152	-0.1090166	0.1559843	2.554298	0.3810983	-0.5953575	2.606938	0.1664536	-0.6057923	2.648278	0.4244747	-0.9856548	2.696927	0.1838297	-0.9957919	2.718515	

0.3630358	0.07860157	2.360957	0.01086606	-0.01214442	2.405677	0.2512783	-0.02530767	2.371572	0.1133565	-0.08128784	2.419116	0.2363692	0.1084678	2.361872	0.1437081	0.01877477	2.376111	0.2207516	0.6294091	2.444859	0.2172269	0.4831642	2.478039	0.2204242	0.4049211	2.490887	0.2291165	0.1644563	2.519462	0.2395307	-0.1639319	2.5467	0.4105411	0.387796	2.470146	0.02655637	0.3864169	2.511078	0.319416	-0.1566488	2.497383	0.1522162	-0.1661354	2.517524	0.5833614	0.1939705	2.451619	-0.1239643	0.1760773	2.533953	0.3809553	-0.5953534	2.607002	0.1665086	-0.6059623	2.648084	0.4244902	-0.9857469	2.696969	0.1839572	-0.9956982	2.718469	

0.3626309	0.1201319	2.351301	0.02299083	0.01168917	2.398577	0.2619147	0.07335174	2.365472	0.1280497	-0.04886457	2.40576	0.2520801	0.1597925	2.351675	0.1532779	0.04579624	2.374844	0.2202852	0.6292946	2.444997	0.2172166	0.4831626	2.478164	0.2203991	0.4049247	2.49099	0.2290545	0.1644733	2.519531	0.2394233	-0.1639157	2.546744	0.4096757	0.3854753	2.470199	0.02610295	0.3871337	2.510689	0.3193427	-0.156701	2.497379	0.1520199	-0.165995	2.517668	0.5958521	0.2050511	2.443771	-0.1325683	0.1819721	2.528652	0.3804172	-0.594662	2.606618	0.1664328	-0.6057893	2.647654	0.4245996	-0.9853458	2.696665	0.1839446	-0.9957219	2.718449	

0.3640008	0.1640521	2.328478	0.04862699	0.0469674	2.39731	0.2487954	0.1758283	2.365622	0.1807358	-0.05924987	2.38451	0.2768181	0.2612468	2.351379	0.1768759	0.08334224	2.36472	0.2200144	0.6291643	2.445183	0.2171554	0.4831593	2.478543	0.2203237	0.4049584	2.491343	0.228942	0.1646189	2.519843	0.2392836	-0.1636359	2.547043	0.4102077	0.3859581	2.468867	0.02562783	0.3875172	2.510404	0.3191427	-0.1566511	2.49753	0.1520143	-0.1653032	2.518244	0.6018916	0.2120037	2.435866	-0.1378839	0.1854813	2.524096	0.3803678	-0.5948063	2.606591	0.1664568	-0.605831	2.647651	0.4246249	-0.9853066	2.696708	0.1839394	-0.9956234	2.718507	

0.3646321	0.1736969	2.324727	0.04813896	0.06774899	2.388779	0.2486759	0.1879836	2.368307	0.1760393	-0.02578104	2.379891	0.2752712	0.2684655	2.349531	0.1751626	0.1047058	2.362475	0.2195298	0.6289304	2.445658	0.2167158	0.4830862	2.479337	0.219924	0.4049728	2.492039	0.2286431	0.1648521	2.520327	0.2390981	-0.1631599	2.547374	0.4104305	0.3862688	2.467443	0.02490173	0.3877553	2.510375	0.3188868	-0.1563256	2.497591	0.1519484	-0.1646386	2.518975	0.6053435	0.2167941	2.427456	-0.1463972	0.1915647	2.518972	0.3802557	-0.5956515	2.606785	0.1664736	-0.6060458	2.647643	0.4245685	-0.9852968	2.697225	0.183401	-0.9958178	2.717899	

0.3558534	0.2180546	2.311088	0.05528655	0.09073921	2.378602	0.2489222	0.257515	2.371094	0.1672181	0.04490548	2.38707	0.3126963	0.1726265	2.3755	0.1659528	0.1312287	2.362782	0.2190716	0.6285861	2.446408	0.2167232	0.4826215	2.481022	0.2198887	0.4046213	2.493429	0.2285475	0.1647628	2.521002	0.2390282	-0.1631239	2.547516	0.408957	0.3845404	2.467031	0.02443969	0.3877755	2.510546	0.318783	-0.1563043	2.497598	0.151937	-0.1645971	2.519395	0.6025378	0.2170828	2.407758	-0.1482462	0.1922195	2.514622	0.3802186	-0.5956706	2.606765	0.166573	-0.6069313	2.647891	0.4245686	-0.9852027	2.697382	0.183295	-0.9960863	2.717722	

0.3521326	0.2247408	2.31004	0.05697149	0.09026746	2.378027	0.2438076	0.2688568	2.377798	0.1667757	0.03988722	2.389194	0.2817994	0.1724359	2.364585	0.1558786	0.130006	2.358384	0.21879	0.6282384	2.446821	0.2164403	0.4822682	2.481711	0.219623	0.4042904	2.494131	0.2283501	0.1645251	2.521692	0.2389542	-0.1632548	2.548115	0.4069462	0.3839973	2.462559	0.02441927	0.387756	2.510538	0.31863	-0.1563651	2.497828	0.1520478	-0.1648737	2.520486	0.6005599	0.2170796	2.401228	-0.1485009	0.1919738	2.51069	0.3801547	-0.5957418	2.606737	0.1667426	-0.6070876	2.648005	0.4246041	-0.9844058	2.696922	0.1831469	-0.9963027	2.71772	

0.3436264	0.2479751	2.314765	0.06035773	0.08825868	2.376267	0.2330645	0.2777012	2.381549	0.1704971	0.04000613	2.388789	0.255488	0.2158243	2.349854	0.1560825	0.1315495	2.347117	0.2187542	0.6277817	2.446865	0.2165661	0.4816638	2.482738	0.2197053	0.4037527	2.495037	0.228336	0.1641895	2.522249	0.2388983	-0.1633978	2.548308	0.4045009	0.3828208	2.458177	0.0244433	0.3875091	2.510513	0.3185254	-0.156535	2.4979	0.1520431	-0.1650106	2.520807	0.5969201	0.2188507	2.382599	-0.1478513	0.1906004	2.503692	0.3801836	-0.5960644	2.606687	0.1667979	-0.6071514	2.647985	0.4248302	-0.9838656	2.696275	0.1832495	-0.996202	2.7176	

0.3209272	0.2490973	2.310671	0.06463115	0.08551837	2.375205	0.2201766	0.2763482	2.384095	0.1707488	0.03441837	2.38866	0.2452647	0.2298623	2.325048	0.1532727	0.1233898	2.335132	0.2188955	0.6272466	2.447248	0.2164901	0.481053	2.485442	0.2196705	0.4031689	2.497325	0.2283951	0.1637354	2.523449	0.2390108	-0.1636709	2.548574	0.4035472	0.3816254	2.45606	0.02483349	0.3867841	2.510214	0.3185689	-0.1567854	2.497999	0.1522338	-0.1653145	2.521241	0.5789548	0.2149916	2.344523	-0.1481082	0.1900796	2.492116	0.3801881	-0.5960508	2.60656	0.1669233	-0.6072665	2.647959	0.4248535	-0.9838607	2.696165	0.1831166	-0.9962804	2.71795	

0.2830352	0.2389263	2.296148	0.0786055	0.07991493	2.371111	0.1661111	0.2510655	2.394086	0.1821053	0.03365166	2.381249	0.1686742	0.1767271	2.370647	0.1768062	0.1194847	2.332173	0.2192737	0.6266781	2.447755	0.2169274	0.4809444	2.48779	0.2200634	0.4030486	2.499199	0.228651	0.1636262	2.524152	0.2391417	-0.1637432	2.548555	0.4027727	0.3803854	2.456892	0.02652057	0.3858139	2.508955	0.3188839	-0.1569217	2.497397	0.1524201	-0.1654723	2.521601	0.5430835	0.2206285	2.290739	-0.1425186	0.1872535	2.465897	0.3802471	-0.5962816	2.606669	0.1669096	-0.607424	2.647801	0.4253168	-0.9842317	2.696353	0.1831361	-0.9964384	2.717936	

0.2583545	0.2472983	2.315036	0.09993484	0.08798055	2.368111	0.167567	0.2411378	2.380207	0.246843	-0.01121794	2.363823	0.1736887	0.1607167	2.372286	0.2175159	0.13405	2.339343	0.2199267	0.6255234	2.448334	0.2174632	0.4805546	2.48932	0.2205806	0.402676	2.500571	0.2290881	0.1633321	2.524962	0.2394449	-0.1639282	2.548667	0.4015177	0.3799996	2.45735	0.03076638	0.3838299	2.506159	0.3191142	-0.1570978	2.49736	0.152776	-0.1656699	2.521872	0.5112737	0.2168477	2.270587	-0.1327735	0.1844829	2.441958	0.3803443	-0.5963962	2.60693	0.1669979	-0.6078241	2.647588	0.4252596	-0.984118	2.69662	0.1830487	-0.996447	2.71802	

0.2522077	0.2503476	2.321821	0.1069063	0.09006301	2.366844	0.06309858	0.2870584	2.422826	0.25383	-0.01517519	2.357081	0.1484588	0.1852009	2.384895	0.227772	0.1345514	2.343187	0.22026	0.6242523	2.448989	0.2186988	0.480318	2.490617	0.2217507	0.4024183	2.50181	0.230048	0.1630318	2.525916	0.240102	-0.1642363	2.549002	0.400474	0.3796946	2.457547	0.03396247	0.3824615	2.503973	0.3196244	-0.1575143	2.497531	0.1535228	-0.1658432	2.522342	0.5019574	0.2135843	2.26843	-0.1282932	0.1827317	2.436952	0.3804991	-0.5965475	2.607182	0.1666822	-0.6080657	2.646807	0.4252128	-0.9835928	2.696331	0.1830711	-0.99648	2.718011	

0.2423704	0.2269284	2.31526	0.1103929	0.08422831	2.364376	0.06878121	0.2624719	2.421692	0.260837	-0.02574963	2.347419	0.1558379	0.1578592	2.3924	0.2294974	0.1267712	2.34425	0.2203266	0.6237036	2.449123	0.219503	0.4800048	2.491482	0.2224934	0.4020944	2.502675	0.2306105	0.1626863	2.526704	0.240425	-0.1645636	2.549417	0.3992286	0.3788822	2.457579	0.03521541	0.3818662	2.50336	0.3199173	-0.1579669	2.497703	0.1538619	-0.1660461	2.523047	0.4963702	0.2077125	2.270762	-0.1235678	0.1796992	2.434877	0.3805598	-0.5965607	2.607355	0.1669375	-0.608945	2.646902	0.4251819	-0.9833264	2.69614	0.1827012	-0.9967326	2.71817	

0.2512843	0.169226	2.328322	0.1176396	0.02976923	2.367095	0.08817306	0.2096658	2.419715	0.2663263	-0.07819914	2.345998	0.1620171	0.09787338	2.350172	0.2429771	0.06965084	2.344865	0.2198391	0.6226952	2.448358	0.2195216	0.4798983	2.491426	0.2225232	0.4019555	2.502664	0.2307226	0.1623082	2.526912	0.24077	-0.1654931	2.550044	0.3966418	0.3751121	2.452127	0.03596139	0.3807629	2.50385	0.3201108	-0.1591135	2.497599	0.1544538	-0.1669681	2.524794	0.5116152	0.1716465	2.319752	-0.09397426	0.1541929	2.462193	0.3807271	-0.5966296	2.607815	0.1670344	-0.6090058	2.646834	0.4253249	-0.9831874	2.696258	0.1824021	-0.996618	2.717706	

0.295071	0.03913996	2.339703	0.06301989	-0.04058413	2.377955	0.10476	0.01098403	2.389596	0.1704974	-0.09844194	2.400112	0.2546166	-0.04104672	2.350475	0.1920028	-0.006083045	2.340564	0.2188995	0.6210437	2.445567	0.2192217	0.4792589	2.490725	0.222271	0.401305	2.502063	0.2305925	0.1616094	2.526498	0.2407993	-0.1663736	2.549608	0.3989077	0.3727566	2.447903	0.03602066	0.3798087	2.504196	0.3202734	-0.1603114	2.496976	0.1543336	-0.1675731	2.5244	0.5285848	0.1542922	2.372126	-0.08794364	0.148705	2.482356	0.3809179	-0.5963899	2.608003	0.1670102	-0.6096884	2.647156	0.4253968	-0.983044	2.697389	0.1825108	-0.9963324	2.717545	

0.2976566	0.03496347	2.34887	0.05943754	-0.04804641	2.380354	0.1122863	-0.003277191	2.402249	0.1637003	-0.1072279	2.398275	0.2573838	-0.04639744	2.354034	0.1876034	-0.02298052	2.344163	0.2184787	0.6198975	2.443977	0.2191899	0.4784846	2.489739	0.22224	0.400536	2.501201	0.23057	0.1608588	2.525902	0.2407978	-0.1671565	2.549101	0.40005	0.3717929	2.445978	0.03633395	0.3781471	2.503868	0.3204026	-0.1614514	2.49654	0.1541639	-0.1680834	2.523687	0.5304431	0.1525233	2.375039	-0.08490612	0.1455751	2.486268	0.381247	-0.5963404	2.608008	0.1671173	-0.6099302	2.647584	0.4254857	-0.9829478	2.697127	0.1823813	-0.9967514	2.718	

0.3671955	-0.05429491	2.362722	0.03592633	-0.07660223	2.402515	0.2770981	-0.1850267	2.368165	0.16346	-0.2020605	2.404681	0.3767292	-0.1587551	2.39425	0.1623473	-0.06796513	2.352629	0.2189562	0.618769	2.442562	0.2197903	0.4775282	2.488393	0.2228461	0.3994695	2.50008	0.2312646	0.1593702	2.52529	0.2417806	-0.1695594	2.548992	0.4016992	0.3702336	2.444379	0.03609487	0.3755979	2.503088	0.3211188	-0.1632261	2.496289	0.1552919	-0.1709398	2.523651	0.5311831	0.1481748	2.383607	-0.08120484	0.1411389	2.492208	0.3813482	-0.5963598	2.608011	0.1673021	-0.6104155	2.648032	0.4255276	-0.9828281	2.696899	0.1825141	-0.9966241	2.717982	

0.3987156	-0.0977044	2.35454	0.03504885	-0.0811701	2.400383	0.3221182	-0.1730657	2.343785	0.161455	-0.2006377	2.387656	0.4241972	-0.1609244	2.416475	0.15754	-0.08283301	2.334906	0.2205078	0.6178314	2.43978	0.2201253	0.4771241	2.487076	0.2232501	0.3989781	2.498994	0.2318957	0.1586183	2.524693	0.2429419	-0.1708402	2.548811	0.4048918	0.3689436	2.442359	0.0360967	0.374835	2.501491	0.3222329	-0.1645046	2.496207	0.1563832	-0.1721018	2.523307	0.5189574	0.130387	2.401336	-0.0729607	0.1369839	2.501069	0.3813373	-0.595592	2.607131	0.1673939	-0.6107892	2.648161	0.4255296	-0.9827939	2.697075	0.1824409	-0.99675	2.717839	

0.4062288	-0.1085404	2.35334	0.03577365	-0.08698358	2.399821	0.3224375	-0.1825714	2.334799	0.1633425	-0.201584	2.38168	0.3753554	-0.180618	2.374857	0.1601958	-0.07879835	2.344659	0.221971	0.6175573	2.437421	0.2214763	0.4765891	2.485257	0.2245425	0.3983687	2.497414	0.2330135	0.157864	2.523756	0.243854	-0.1716428	2.548417	0.405599	0.3687071	2.44194	0.03607405	0.3743319	2.500437	0.323231	-0.1654162	2.495898	0.1571568	-0.1727509	2.52279	0.5115653	0.1254042	2.407456	-0.0636231	0.1329091	2.505937	0.3814752	-0.5955351	2.606919	0.1675085	-0.6108304	2.648129	0.425515	-0.9827613	2.697038	0.1821605	-0.9962353	2.716973	

0.4137529	-0.1220212	2.359741	0.06061108	-0.08651227	2.40918	0.3210039	-0.1935781	2.336849	0.1715079	-0.200981	2.37901	0.4016278	-0.1507459	2.384154	0.1717319	-0.0877183	2.3532	0.2230451	0.6172572	2.436216	0.2218017	0.476525	2.484321	0.2248522	0.3982217	2.496476	0.2332646	0.1574789	2.522852	0.2439792	-0.1723054	2.547473	0.4059335	0.3685316	2.441671	0.0364618	0.3740774	2.499145	0.3233816	-0.1662216	2.495238	0.1572244	-0.1732457	2.521366	0.5009724	0.1189559	2.414348	-0.05272942	0.1290619	2.509305	0.382075	-0.5960675	2.606816	0.167526	-0.6107933	2.647993	0.4255201	-0.9823581	2.696939	0.182159	-0.9962191	2.71694	

0.4185668	-0.1440858	2.367718	0.064426	-0.1076395	2.401453	0.3260527	-0.2148151	2.356601	0.1638345	-0.1508653	2.377368	0.3813527	-0.1836039	2.40525	0.1144223	-0.0831667	2.371923	0.2250243	0.6167892	2.434789	0.2228933	0.4760627	2.483321	0.2257554	0.3977031	2.495488	0.2336777	0.1568036	2.521892	0.2437404	-0.1732307	2.546343	0.4057604	0.3681845	2.441432	0.03752761	0.3732856	2.497369	0.3231569	-0.1672914	2.49436	0.1569367	-0.1739883	2.519891	0.4781401	0.1037007	2.428324	-0.03067351	0.1112941	2.513591	0.3824063	-0.5963116	2.606751	0.1675326	-0.6105245	2.647548	0.4254075	-0.9819276	2.696844	0.1821459	-0.9959566	2.716852	

0.4179383	-0.148203	2.377421	0.0744454	-0.1131331	2.413742	0.3321531	-0.2261716	2.383412	0.1615705	-0.1914933	2.39952	0.3923457	-0.1919554	2.4174	0.1460188	-0.1271228	2.365334	0.2266051	0.6167665	2.433351	0.2237235	0.4758891	2.482628	0.2264634	0.397464	2.494831	0.234059	0.1564069	2.521349	0.2437504	-0.1737904	2.545868	0.4056271	0.367569	2.441168	0.03867243	0.3729195	2.496133	0.3232206	-0.1677984	2.494119	0.156857	-0.1745819	2.519094	0.4734741	0.1017524	2.43097	-0.02646575	0.1083144	2.514045	0.3828226	-0.5967407	2.60668	0.1675164	-0.6106604	2.647215	0.4254193	-0.9817765	2.69664	0.1822544	-0.9960855	2.716785	

0.4169602	-0.1497812	2.381428	0.0740889	-0.1156427	2.411784	0.3482715	-0.2352105	2.40293	0.1645046	-0.2329668	2.372661	0.4003288	-0.1992557	2.417562	0.1623799	-0.1599795	2.356588	0.2278313	0.6167495	2.432572	0.2248177	0.4757163	2.481592	0.2275149	0.3972116	2.493845	0.2349412	0.1559453	2.520551	0.2443586	-0.1743987	2.545314	0.4055451	0.3670489	2.441367	0.03961436	0.372016	2.494072	0.323798	-0.1682353	2.493933	0.1574768	-0.1753891	2.518028	0.4718195	0.1005976	2.433202	-0.02359418	0.1061123	2.514835	0.3828731	-0.5967162	2.606544	0.167622	-0.6107348	2.646082	0.4252284	-0.9816757	2.696724	0.1820834	-0.9958211	2.716514	

0.4189202	-0.1501026	2.381914	0.07031917	-0.1190436	2.416463	0.3391785	-0.2800587	2.388556	0.1462369	-0.2591217	2.375853	0.3994711	-0.2232847	2.414857	0.1448261	-0.1417729	2.3986	0.2286828	0.6167707	2.432184	0.22528	0.475614	2.480979	0.2279434	0.3970831	2.49327	0.2352477	0.1557553	2.520114	0.2444929	-0.1745967	2.545054	0.4055662	0.3668225	2.441487	0.03992017	0.3720613	2.492967	0.3239881	-0.1683345	2.493902	0.1574966	-0.1757594	2.517331	0.4715478	0.1006535	2.434188	-0.0231702	0.1060616	2.515654	0.3828677	-0.5966957	2.606429	0.1674204	-0.6105925	2.645238	0.4252474	-0.9816818	2.696572	0.1820398	-0.9957507	2.716349	

0.4454331	-0.1579252	2.391274	0.02452859	-0.1384518	2.434869	0.3918573	-0.3017279	2.396255	0.07707571	-0.2843798	2.397243	0.4332218	-0.2368556	2.382782	0.09614697	-0.1830858	2.429421	0.2294608	0.6169285	2.431525	0.2251281	0.4756835	2.480558	0.2278346	0.3970965	2.492902	0.2352239	0.1556405	2.519861	0.244541	-0.1748898	2.544871	0.4055008	0.3666072	2.441777	0.0403004	0.3716696	2.491534	0.3242291	-0.1687964	2.494002	0.1573744	-0.1760126	2.516841	0.4731826	0.09736188	2.437994	-0.02090155	0.1055432	2.520591	0.3828962	-0.5966733	2.606308	0.1673031	-0.6110272	2.644835	0.4251831	-0.9817891	2.696632	0.1819151	-0.9958255	2.716417	

0.4926634	-0.1711412	2.409866	-0.01316021	-0.1549512	2.459222	0.4538751	-0.3060645	2.407802	0.004677248	-0.2926511	2.414569	0.497787	-0.205926	2.375128	0.02442311	-0.2271995	2.4046	0.2296767	0.6172397	2.431098	0.2245613	0.4762541	2.47849	0.2274187	0.3975085	2.491543	0.2351256	0.1557209	2.519732	0.2444064	-0.1748244	2.545665	0.4055383	0.3666728	2.441983	0.0401834	0.3721077	2.491437	0.3239565	-0.1688343	2.495729	0.1573214	-0.1758771	2.517151	0.4843708	0.08616564	2.447496	-0.01805225	0.09754352	2.528129	0.382754	-0.5958077	2.605321	0.1668215	-0.6105555	2.644108	0.4251504	-0.9817307	2.696598	0.181997	-0.9959173	2.716476	

0.5390186	-0.1697938	2.464047	-0.07930304	-0.1790997	2.518003	0.5158846	-0.3024406	2.478602	-0.07931551	-0.314192	2.525486	0.5584869	-0.2180965	2.450125	-0.03437016	-0.2259161	2.510834	0.2288892	0.6180459	2.430362	0.2236717	0.476702	2.477033	0.2267113	0.3978989	2.490458	0.234883	0.1558976	2.519554	0.2442981	-0.1746179	2.546207	0.4049925	0.3667575	2.442612	0.03959219	0.3726454	2.49217	0.3238817	-0.1687343	2.496273	0.1571771	-0.1754927	2.517748	0.4994358	0.08552993	2.478623	-0.03018128	0.0727053	2.563793	0.3826723	-0.5959115	2.605247	0.1666784	-0.6103677	2.643908	0.4252333	-0.9813194	2.69671	0.1819822	-0.9958997	2.716321	

0.538315	-0.1704658	2.463696	-0.07848895	-0.1796158	2.518336	0.514398	-0.3031018	2.476089	-0.07981199	-0.3159526	2.536001	0.5500007	-0.2316741	2.442706	-0.0304552	-0.1950133	2.520375	0.228394	0.6189476	2.429777	0.223152	0.4769908	2.476088	0.2263024	0.3981719	2.489718	0.2347685	0.1560483	2.519414	0.2443797	-0.1743906	2.546642	0.4042203	0.3670521	2.443217	0.03910599	0.3731211	2.493119	0.3239949	-0.1684388	2.496697	0.1572332	-0.1752948	2.518227	0.499021	0.08487149	2.480831	-0.02971078	0.07229801	2.56379	0.3825528	-0.5959843	2.605177	0.1664432	-0.6103836	2.643877	0.4252093	-0.9804161	2.695993	0.1821405	-0.9959936	2.71658	

0.5351981	-0.172402	2.463738	-0.07663364	-0.1820886	2.518034	0.5037909	-0.30591	2.471237	-0.0715545	-0.3161925	2.534915	0.5412456	-0.246119	2.442643	-0.03177179	-0.2313982	2.497733	0.2275846	0.6201776	2.428339	0.2225386	0.4772928	2.475647	0.2258635	0.398453	2.489392	0.2346891	0.1562414	2.519401	0.244872	-0.1739432	2.547438	0.4034543	0.3674805	2.443732	0.03872141	0.3733193	2.493462	0.3245287	-0.1677347	2.497756	0.1576828	-0.1750201	2.518828	0.4974422	0.08309402	2.484267	-0.02785097	0.06970668	2.564285	0.3825175	-0.5960577	2.605206	0.1664743	-0.6102952	2.64395	0.4250601	-0.9802816	2.695982	0.1821893	-0.9959069	2.716535	

0.5309462	-0.1735114	2.464594	-0.06893651	-0.1836628	2.517859	0.5019507	-0.3078589	2.467474	-0.06202152	-0.3145782	2.520765	0.5327672	-0.2504909	2.4382	-0.01865666	-0.2555688	2.499182	0.227305	0.6207522	2.427995	0.2220886	0.4775953	2.475002	0.2254981	0.3987066	2.488936	0.2345574	0.1563573	2.519398	0.2448613	-0.1738458	2.548445	0.4024455	0.3678648	2.444567	0.03830174	0.3735528	2.493774	0.3244908	-0.1673796	2.498853	0.1577021	-0.1751314	2.519784	0.496179	0.08240423	2.486088	-0.02640471	0.06920844	2.564539	0.3824987	-0.5962649	2.605254	0.1666786	-0.610635	2.644305	0.4250579	-0.9802795	2.695975	0.1822283	-0.9957357	2.715618	

0.5197147	-0.1736523	2.459672	-0.03900699	-0.1809757	2.499619	0.4752643	-0.3013796	2.436342	-0.01966006	-0.3011944	2.47202	0.5143921	-0.2256535	2.4044	0.003190863	-0.2355385	2.452125	0.2268001	0.6226102	2.428063	0.2216343	0.4780177	2.474442	0.2251162	0.3990474	2.488535	0.2343951	0.1564935	2.519415	0.2448134	-0.1738743	2.549309	0.4014228	0.3682982	2.445248	0.03763026	0.3736694	2.494094	0.3243319	-0.1672914	2.499834	0.1577574	-0.1752436	2.520541	0.4929468	0.08284619	2.490106	-0.02340189	0.07204549	2.563761	0.3824983	-0.595941	2.605155	0.1667787	-0.6105602	2.644525	0.4251682	-0.9801477	2.695616	0.1823791	-0.9949855	2.715098	

0.5082568	-0.1704749	2.452859	-0.03128434	-0.1728006	2.492835	0.4652468	-0.294437	2.420282	-0.004905669	-0.290585	2.446365	0.4925418	-0.221597	2.389722	0.03275186	-0.1520562	2.503167	0.2262482	0.6243693	2.428687	0.2212135	0.4787795	2.473902	0.2246994	0.3997059	2.48814	0.234037	0.1568956	2.519503	0.2444142	-0.1737081	2.550291	0.4003895	0.3686811	2.446182	0.03736207	0.3738074	2.494534	0.3239197	-0.167249	2.500724	0.1573929	-0.1749301	2.521613	0.489159	0.0859607	2.492962	-0.02199082	0.07926511	2.563025	0.3825049	-0.5959054	2.605177	0.1667248	-0.6098995	2.64488	0.4251728	-0.980134	2.695554	0.1825292	-0.9948714	2.715132	

0.4943169	-0.1686246	2.4433	-0.01909054	-0.1639656	2.468412	0.4502314	-0.300149	2.415918	0.009650723	-0.298033	2.426152	0.4742977	-0.2427554	2.379667	0.02398859	-0.2140363	2.412956	0.2259683	0.626107	2.429368	0.2205998	0.479335	2.473985	0.2241052	0.4001658	2.488203	0.2335289	0.1570966	2.519675	0.2440601	-0.1739173	2.550644	0.3989249	0.3693745	2.448075	0.03693349	0.3738661	2.495303	0.3235137	-0.1677636	2.501187	0.1570689	-0.1749121	2.521901	0.4855303	0.08718526	2.492915	-0.02097831	0.08342463	2.556342	0.3824179	-0.5960398	2.605223	0.1666823	-0.609628	2.645092	0.4250326	-0.9802759	2.695442	0.1824471	-0.9948563	2.715275	

0.4876407	-0.167732	2.439053	-0.008270618	-0.1692636	2.465295	0.4600869	-0.3017721	2.435575	0.01547141	-0.3256508	2.451683	0.4966398	-0.2187245	2.409875	0.04745763	-0.2356177	2.467273	0.2265094	0.6273642	2.430227	0.220685	0.4796838	2.474215	0.2241362	0.4004151	2.488334	0.233495	0.1571664	2.519706	0.2440065	-0.1739942	2.550637	0.3982373	0.3699393	2.456368	0.03694664	0.3733802	2.495938	0.3234442	-0.1678699	2.501445	0.1569349	-0.1750884	2.521581	0.482229	0.08763599	2.492381	-0.01418533	0.08517603	2.52453	0.3824121	-0.59608	2.605184	0.1667732	-0.6095809	2.645475	0.4250153	-0.9802387	2.695384	0.1826215	-0.9950284	2.715703	

0.4867715	-0.1675991	2.438388	-0.00728825	-0.170669	2.465558	0.4581127	-0.3022078	2.436475	0.01277178	-0.3266227	2.451482	0.4956256	-0.226673	2.406942	0.047858	-0.2602478	2.455637	0.2270538	0.6287845	2.430942	0.2208479	0.4800811	2.474062	0.2242234	0.4006944	2.488212	0.2334805	0.157198	2.5197	0.2438738	-0.1742661	2.550779	0.3983758	0.3700266	2.460276	0.03721471	0.3729417	2.496473	0.323298	-0.1681947	2.501865	0.1568126	-0.1753216	2.521542	0.480883	0.08763496	2.492449	-0.01361122	0.08407654	2.523033	0.3822071	-0.5962639	2.605422	0.1665684	-0.6094428	2.645844	0.4248893	-0.9803047	2.695543	0.1829488	-0.995248	2.716119	

0.487895	-0.1683271	2.440519	-0.007026132	-0.1723681	2.468751	0.4636113	-0.3025904	2.441912	0.008764003	-0.3272533	2.463899	0.5116064	-0.2199378	2.425161	0.03940801	-0.2575967	2.463046	0.2272682	0.6294274	2.431501	0.2210094	0.4804531	2.47456	0.2243262	0.4009681	2.488547	0.2334889	0.1572634	2.519808	0.2438765	-0.1743735	2.550799	0.3985424	0.3696657	2.464201	0.03731558	0.3725134	2.496661	0.3233083	-0.1682827	2.502091	0.1568216	-0.1755563	2.521346	0.4806143	0.08696032	2.493925	-0.01293749	0.08310789	2.52194	0.3821598	-0.5962478	2.605443	0.1665943	-0.6092256	2.645823	0.42485	-0.9805412	2.695565	0.1828714	-0.9955052	2.716434	

0.492081	-0.1706966	2.450215	-0.008914113	-0.1739614	2.477661	0.4813743	-0.3053036	2.453222	-0.003872202	-0.3315482	2.485815	0.5196142	-0.2306428	2.430625	0.03827488	-0.2536972	2.490167	0.2272765	0.6299908	2.431939	0.2210794	0.4806368	2.474695	0.2243613	0.4011142	2.488646	0.2334588	0.1573152	2.519876	0.2437944	-0.1744857	2.550883	0.3986807	0.3700386	2.466259	0.03748694	0.3721427	2.496825	0.3231514	-0.1684123	2.502643	0.1567302	-0.175717	2.521186	0.4807252	0.0855373	2.49579	-0.01251717	0.08283401	2.521828	0.3821666	-0.5965654	2.60549	0.166486	-0.6094908	2.645951	0.4245654	-0.9806651	2.696001	0.1828043	-0.995582	2.716493	

0.4972635	-0.1735658	2.461217	-0.01195773	-0.1758522	2.491387	0.4957748	-0.3061197	2.464951	-0.01244532	-0.3328084	2.504647	0.5355331	-0.2331777	2.453	0.0431646	-0.2364304	2.4956	0.227251	0.6311304	2.433029	0.2215989	0.4810444	2.474907	0.2247413	0.4014638	2.488805	0.2335443	0.1574768	2.519973	0.2437668	-0.1744908	2.550931	0.3986872	0.3705929	2.468308	0.03772246	0.372079	2.496941	0.3230808	-0.1683462	2.503057	0.1566972	-0.1757406	2.521091	0.4810326	0.08326621	2.498681	-0.01206589	0.08225294	2.5222	0.3821788	-0.5965801	2.605503	0.1663132	-0.6095006	2.645786	0.424566	-0.9806259	2.695908	0.1825725	-0.9959615	2.716602	

0.5049646	-0.1779821	2.47316	-0.01746842	-0.1783539	2.50579	0.5076643	-0.3151609	2.486556	-0.02995563	-0.3320077	2.528286	0.5438936	-0.2324842	2.461308	0.04364611	-0.2467126	2.512615	0.2263898	0.6318815	2.434098	0.2220616	0.4812266	2.474875	0.2250611	0.4016154	2.488791	0.2335855	0.1575211	2.52001	0.2436469	-0.1745702	2.551078	0.3988107	0.3706948	2.469568	0.03806222	0.3718496	2.4969	0.3229363	-0.1684457	2.503613	0.1565843	-0.1757984	2.52103	0.4826284	0.07884383	2.502795	-0.01121119	0.08013222	2.523699	0.3822413	-0.5966275	2.605526	0.1663143	-0.6095017	2.645786	0.4245268	-0.9806754	2.696216	0.1829799	-0.9960972	2.717203	

0.508326	-0.1786489	2.476525	-0.01959691	-0.181827	2.50902	0.5061289	-0.3161598	2.489497	-0.02729616	-0.3358693	2.540117	0.5440673	-0.2171283	2.459333	0.04107579	-0.207792	2.512643	0.2257366	0.6323214	2.434831	0.222909	0.4814442	2.474835	0.2256956	0.4018099	2.488781	0.2337362	0.1576001	2.520086	0.2435707	-0.1746249	2.551262	0.3988264	0.3705788	2.470023	0.0382513	0.371612	2.496868	0.3228348	-0.1684227	2.504152	0.1565445	-0.175851	2.521023	0.4832049	0.07793397	2.504842	-0.01101533	0.07654593	2.526327	0.3822281	-0.596689	2.605662	0.1660182	-0.6088533	2.645228	0.4246493	-0.9805471	2.69606	0.1831089	-0.9960987	2.717121	

0.5118495	-0.1792603	2.479327	-0.02197949	-0.1836122	2.511793	0.5083219	-0.3167159	2.4921	-0.03709514	-0.3304443	2.537146	0.5440524	-0.2380041	2.459882	0.03745054	-0.2143521	2.519909	0.2244127	0.6325495	2.435582	0.22353	0.4817325	2.475035	0.2262362	0.4020647	2.488952	0.2340003	0.157713	2.520231	0.2436388	-0.1747028	2.551373	0.3989792	0.3709019	2.470856	0.03874736	0.3714778	2.49683	0.3229794	-0.1684682	2.504499	0.1565971	-0.1759437	2.520978	0.4843688	0.07705542	2.507739	-0.01034445	0.07465295	2.528249	0.3821858	-0.596738	2.606039	0.1661403	-0.6099355	2.645561	0.4245594	-0.9801345	2.695608	0.1831796	-0.9961779	2.716054	

0.5142396	-0.1801919	2.481508	-0.02324407	-0.18469	2.513853	0.5143402	-0.3102906	2.491394	-0.03461549	-0.3313034	2.531705	0.5456832	-0.2352723	2.464428	0.03655918	-0.2126676	2.522364	0.2232495	0.6329333	2.436165	0.224426	0.4817535	2.474975	0.2269504	0.4021242	2.488944	0.2342587	0.1577972	2.520362	0.2436074	-0.174683	2.551683	0.3991367	0.3714379	2.472037	0.03912887	0.371387	2.497523	0.3229783	-0.1683522	2.504945	0.1565731	-0.1759591	2.521072	0.4855694	0.07599753	2.510302	-0.009750899	0.07352922	2.529932	0.3823701	-0.596283	2.606244	0.1661471	-0.6099915	2.645561	0.4244943	-0.9757479	2.694539	0.1831301	-0.9961553	2.716121	

0.5151995	-0.181165	2.482421	-0.0235308	-0.18532	2.513776	0.5122211	-0.3127511	2.490511	-0.02829879	-0.3345615	2.527377	0.5422776	-0.2308805	2.458161	0.03763945	-0.2248869	2.524167	0.2225685	0.6332874	2.436876	0.2251518	0.4817692	2.475164	0.2276099	0.4021683	2.489148	0.2346744	0.1578759	2.520659	0.243753	-0.1747042	2.552096	0.3994785	0.3715096	2.472855	0.03957841	0.3713998	2.497818	0.3231848	-0.1683484	2.50551	0.1566554	-0.1759699	2.521232	0.4865282	0.07503977	2.511916	-0.008961866	0.07289343	2.530651	0.3826062	-0.5965292	2.606617	0.1661969	-0.6102522	2.645558	0.424483	-0.9759329	2.694357	0.1831606	-0.9960692	2.716105	

0.5152656	-0.1800432	2.482643	-0.02190044	-0.1844792	2.512265	0.5116384	-0.3093104	2.490943	-0.01316474	-0.3359887	2.524386	0.5430905	-0.2301515	2.459497	0.0393271	-0.2172263	2.51723	0.2221485	0.6333941	2.437003	0.2259415	0.4818465	2.475337	0.2283495	0.402264	2.489341	0.2351968	0.1579832	2.520962	0.2439994	-0.1747195	2.552511	0.3997031	0.3715628	2.47346	0.04047681	0.3716028	2.498496	0.3235584	-0.1683022	2.506227	0.1567842	-0.1759937	2.521346	0.4872527	0.07619026	2.513632	-0.008080397	0.07380207	2.530644	0.3827488	-0.5963785	2.606713	0.166259	-0.6104514	2.645693	0.4244665	-0.976331	2.694719	0.1832226	-0.9962409	2.716726	

0.5152511	-0.1779738	2.482139	-0.01755826	-0.1797313	2.505995	0.5110764	-0.3078143	2.482105	-0.002038967	-0.3220052	2.506896	0.5479139	-0.2083569	2.458583	0.04355692	-0.200622	2.509444	0.2223407	0.6336834	2.437302	0.2274692	0.4825844	2.475551	0.229848	0.4030396	2.48963	0.2364949	0.1588098	2.521567	0.2449094	-0.1740682	2.553477	0.4002108	0.3719615	2.47506	0.04221856	0.3736104	2.501132	0.3244163	-0.167613	2.507231	0.1577084	-0.1753901	2.52209	0.4881654	0.07818121	2.5157	-0.006597994	0.07844879	2.531861	0.3834752	-0.5968948	2.607515	0.1663491	-0.6105897	2.646007	0.4245593	-0.9766647	2.694819	0.182964	-0.9960498	2.71699	

0.516172	-0.1764303	2.47958	-0.01313895	-0.1748035	2.502412	0.5110199	-0.3047314	2.460677	0.01437236	-0.3186655	2.494797	0.5407235	-0.2320439	2.429654	0.0466755	-0.2299579	2.48529	0.2234363	0.633714	2.437732	0.2290019	0.4827698	2.476073	0.2312466	0.4032555	2.4902	0.2374874	0.15908	2.522345	0.2454145	-0.1738673	2.554563	0.4016329	0.3719051	2.477032	0.04478685	0.3754606	2.503029	0.3249309	-0.1675205	2.508334	0.1581893	-0.1750774	2.522991	0.4892787	0.07940969	2.51655	-0.005147055	0.08311705	2.533988	0.3846559	-0.5982075	2.609393	0.1663746	-0.610482	2.646595	0.4246361	-0.9768277	2.695053	0.1832379	-0.996107	2.717474	

0.5181201	-0.1753025	2.476056	-0.01091699	-0.1736778	2.500413	0.5070708	-0.312787	2.465122	0.01796423	-0.3171009	2.488651	0.5449455	-0.2318111	2.431594	0.05553814	-0.2613567	2.498333	0.2244221	0.6338107	2.437932	0.2300641	0.4827851	2.476429	0.2323038	0.4033028	2.490589	0.2384591	0.1592009	2.522884	0.246174	-0.1737781	2.555276	0.402461	0.371709	2.477455	0.0464395	0.3766401	2.503681	0.3258133	-0.167511	2.509301	0.1588294	-0.1749096	2.523412	0.4902514	0.07999542	2.516795	-0.004750468	0.0840731	2.534353	0.386176	-0.5999967	2.610389	0.1665864	-0.610615	2.646829	0.4248298	-0.9771705	2.695607	0.1830728	-0.9961363	2.717486	

0.5190722	-0.1747035	2.473494	-0.009706586	-0.1721706	2.500542	0.5104669	-0.3115301	2.46712	0.01163412	-0.3180777	2.497499	0.5533041	-0.2206894	2.442421	0.05045539	-0.2303224	2.4912	0.2258797	0.6336529	2.43814	0.2313916	0.4827993	2.476763	0.2336509	0.4033672	2.490956	0.239794	0.1593991	2.523403	0.2473752	-0.1735269	2.555979	0.4035113	0.3717082	2.478612	0.04734775	0.3773772	2.504847	0.3270809	-0.1671697	2.51015	0.1599509	-0.1747195	2.523899	0.4914523	0.08028574	2.516704	-0.003551308	0.08551181	2.534763	0.3863456	-0.5998901	2.610682	0.1666416	-0.6106146	2.646975	0.4249062	-0.9771023	2.695523	0.1830919	-0.9962568	2.717495	

0.5200208	-0.1745085	2.471169	-0.007751837	-0.1709263	2.50111	0.5158296	-0.3106892	2.460668	0.008190874	-0.320504	2.510365	0.5587682	-0.2152371	2.441789	0.0499245	-0.2418869	2.494953	0.228054	0.6336956	2.438974	0.2330815	0.4826212	2.477458	0.2352311	0.4032314	2.491637	0.2410158	0.1593601	2.524084	0.2481349	-0.1735498	2.556637	0.404495	0.3712878	2.479143	0.04812116	0.3774647	2.505628	0.3279637	-0.1672753	2.510973	0.1605797	-0.1746572	2.524344	0.4923984	0.08020446	2.516038	-0.001900751	0.08675188	2.534713	0.3872959	-0.6013522	2.612787	0.1666595	-0.6105891	2.646989	0.4251252	-0.9768635	2.696359	0.1832874	-0.9962025	2.717167	

0.5208589	-0.174172	2.469023	-0.006507832	-0.1702499	2.502759	0.5126639	-0.3114583	2.45755	-0.001438543	-0.3193511	2.513377	0.5573837	-0.2360013	2.440667	0.0453794	-0.2509261	2.50375	0.2297695	0.6340135	2.439554	0.2347096	0.4826655	2.477638	0.236634	0.4033281	2.491905	0.2418611	0.1595723	2.524596	0.2484787	-0.1732213	2.557553	0.4063928	0.3709601	2.48015	0.04923958	0.3781105	2.506402	0.3281567	-0.1670533	2.51148	0.1611131	-0.1742069	2.525676	0.4932191	0.080297	2.515158	-0.0007785639	0.08746396	2.535	0.3875062	-0.6013401	2.613029	0.1672866	-0.6110363	2.647299	0.4258318	-0.9763158	2.69603	0.1830469	-0.9960002	2.717208	

0.5211857	-0.1735309	2.467689	-0.005590922	-0.1705097	2.505877	0.511898	-0.3113202	2.459673	-0.001763326	-0.322373	2.524683	0.5490779	-0.2153807	2.431968	0.05396846	-0.2287135	2.5185	0.2309984	0.6341091	2.439951	0.2364078	0.482795	2.478155	0.238161	0.4034885	2.492462	0.2428758	0.1598054	2.525289	0.2489077	-0.1729607	2.558419	0.4077749	0.3710432	2.480467	0.05057485	0.3785048	2.506697	0.3284118	-0.1668817	2.51205	0.1617377	-0.1738425	2.526792	0.4938824	0.08082058	2.514447	0.0003454101	0.08730463	2.535539	0.388223	-0.6017163	2.613394	0.1674312	-0.6111822	2.64745	0.4260423	-0.9762454	2.696162	0.1829656	-0.9959784	2.717345	

0.5209507	-0.1734718	2.46743	-0.005351501	-0.1702319	2.512157	0.5038005	-0.3127734	2.467653	-0.003781139	-0.3222907	2.532491	0.5395873	-0.2169266	2.4324	0.05231691	-0.2309115	2.510175	0.2328378	0.6345041	2.440547	0.2376426	0.4828846	2.478513	0.2395178	0.4036151	2.492878	0.2445203	0.1600559	2.525936	0.2507157	-0.1726061	2.559369	0.4094123	0.371499	2.481134	0.0520566	0.3789029	2.507314	0.330205	-0.166531	2.513052	0.1634967	-0.1734813	2.527614	0.4944914	0.08087286	2.514425	0.002130081	0.08771238	2.537578	0.3888461	-0.6023774	2.614041	0.1674434	-0.6111573	2.647451	0.4262018	-0.9763076	2.696146	0.1831939	-0.9961886	2.718161	

0.520579	-0.1726995	2.467452	-0.00538323	-0.1703384	2.516592	0.5027989	-0.311406	2.466018	-0.01014424	-0.3164849	2.528554	0.529549	-0.2397584	2.423033	0.05498346	-0.2458098	2.526	0.2340465	0.6346002	2.441102	0.2384875	0.48298	2.478762	0.2404013	0.4037311	2.493205	0.2454814	0.1602403	2.526557	0.2516933	-0.1723602	2.560464	0.410761	0.3718485	2.482	0.05323653	0.3788757	2.507445	0.3311303	-0.1663297	2.514198	0.1644929	-0.1731912	2.528596	0.4951731	0.08169997	2.514399	0.003431003	0.08760232	2.539408	0.3894229	-0.6013773	2.614015	0.1676057	-0.6109842	2.647453	0.4264573	-0.9759169	2.696318	0.1833958	-0.9960369	2.718269	

0.5202329	-0.1721366	2.467469	-0.005564825	-0.1701369	2.518792	0.5051098	-0.3062568	2.465552	-0.005826973	-0.3247914	2.541139	0.5440786	-0.2335047	2.442945	0.05576478	-0.2286303	2.523524	0.2350807	0.634785	2.441378	0.2392126	0.4830872	2.478962	0.2412318	0.4038456	2.493478	0.246615	0.1603708	2.527112	0.253183	-0.1722647	2.561462	0.4117245	0.3720509	2.482594	0.05373563	0.378912	2.50773	0.3326078	-0.1662684	2.515511	0.1659763	-0.1730555	2.529284	0.495521	0.08224028	2.514608	0.004205812	0.08771423	2.541101	0.3895241	-0.6013919	2.614007	0.1681515	-0.6113654	2.648319	0.4268837	-0.9757115	2.696471	0.1834915	-0.9960555	2.716846	

0.5200616	-0.1719636	2.467793	-0.005640405	-0.1700426	2.521806	0.5033288	-0.3064069	2.462645	-0.004886249	-0.3234596	2.54092	0.5403057	-0.2247039	2.435002	0.05851195	-0.216458	2.518682	0.2357956	0.6348854	2.441456	0.2400552	0.4833192	2.479787	0.242119	0.4040756	2.494201	0.2476117	0.1605969	2.527567	0.2543087	-0.1720702	2.561562	0.4129046	0.3721501	2.482807	0.0543781	0.3790976	2.508016	0.3336848	-0.1661287	2.515748	0.1671514	-0.172796	2.529213	0.4958445	0.08241992	2.514749	0.00499879	0.08776202	2.542299	0.3897195	-0.6013787	2.614129	0.1683646	-0.6114144	2.648393	0.4272157	-0.9755524	2.696423	0.1833377	-0.9963326	2.717366	

0.5205883	-0.1716923	2.469129	-0.005730545	-0.1703921	2.523847	0.5108429	-0.3077306	2.472675	-0.009377975	-0.3258214	2.54766	0.5485142	-0.2382162	2.445762	0.05195813	-0.2243548	2.530858	0.2371863	0.634829	2.442248	0.2410941	0.4836025	2.48051	0.2431692	0.4043518	2.495007	0.2486482	0.160845	2.528644	0.2552347	-0.1719022	2.562996	0.4136904	0.372463	2.483234	0.05554074	0.3790349	2.508675	0.3344239	-0.1659173	2.517062	0.1682424	-0.1726785	2.53072	0.4965038	0.0827956	2.514929	0.005612922	0.08734564	2.543194	0.3902653	-0.6010851	2.614098	0.1684608	-0.6114261	2.648591	0.4274156	-0.9759634	2.696562	0.1833417	-0.9963212	2.717371	

0.5224485	-0.1722986	2.471664	-0.00857701	-0.1762266	2.529467	0.5164573	-0.3151509	2.483478	-0.02609307	-0.3403687	2.56789	0.5637501	-0.206598	2.467563	0.04763336	-0.2575541	2.532938	0.238581	0.6349157	2.442535	0.2426256	0.4839894	2.481633	0.2447472	0.4047388	2.496147	0.2503064	0.1612248	2.529822	0.2568882	-0.1715734	2.564153	0.4146585	0.3726399	2.483624	0.05669944	0.3791768	2.508896	0.3361725	-0.1653046	2.518395	0.1697668	-0.1726056	2.531699	0.4983391	0.08236863	2.516	0.007053828	0.08129676	2.546518	0.3906042	-0.6010948	2.614078	0.1686467	-0.6113029	2.648516	0.4275971	-0.9761815	2.696661	0.1835581	-0.9961619	2.717393	

0.5252063	-0.1730427	2.474317	-0.01423567	-0.1862008	2.541667	0.5320627	-0.3215268	2.491487	-0.03687172	-0.3434717	2.590575	0.5635623	-0.230151	2.460259	0.02493156	-0.2649633	2.520625	0.2403849	0.6350065	2.442066	0.2438111	0.4843986	2.481743	0.2460703	0.4051808	2.49647	0.252185	0.1618089	2.531022	0.2597619	-0.1707515	2.567198	0.4155363	0.372951	2.48367	0.05745735	0.3793369	2.509048	0.3393365	-0.1640962	2.522188	0.1722743	-0.1721441	2.534045	0.5012363	0.08169244	2.51816	0.0076306	0.07083051	2.553154	0.3910427	-0.600938	2.613603	0.1689773	-0.611683	2.648409	0.4275449	-0.9761865	2.696636	0.1836785	-0.9963303	2.717077	

0.527311	-0.1730546	2.475939	-0.0164342	-0.1904115	2.54665	0.5368296	-0.3217754	2.489203	-0.04445365	-0.3394807	2.598792	0.5671866	-0.2278853	2.466333	0.01540406	-0.2658613	2.531176	0.2420929	0.6354279	2.441298	0.24469	0.4847719	2.481554	0.2470353	0.4055882	2.496465	0.2535401	0.1623857	2.53169	0.2617655	-0.1698697	2.569126	0.4165575	0.3734328	2.483712	0.05864331	0.3796689	2.508909	0.3414471	-0.1630747	2.524052	0.1740997	-0.1714466	2.535982	0.503266	0.08171298	2.51943	0.007750412	0.06636157	2.555972	0.3913102	-0.5998604	2.612166	0.1697596	-0.6122439	2.64799	0.4281018	-0.976637	2.696296	0.1835338	-0.996418	2.717254	

0.5301113	-0.1739332	2.479415	-0.02067434	-0.1915302	2.559367	0.5331108	-0.3213952	2.497529	-0.05321812	-0.3387333	2.620543	0.5706726	-0.2176773	2.47775	0.01122758	-0.2853672	2.56	0.2446869	0.6355752	2.43891	0.246157	0.484828	2.481351	0.2486717	0.4057919	2.496614	0.256047	0.1632466	2.533311	0.265737	-0.1675017	2.573863	0.4184891	0.3740371	2.48415	0.06059967	0.3803856	2.508753	0.3452294	-0.1611111	2.528785	0.1781443	-0.1687689	2.540677	0.5064529	0.08099483	2.521827	0.007399478	0.06455067	2.560078	0.3915445	-0.5995346	2.610111	0.1707858	-0.6134247	2.644675	0.4288433	-0.9783839	2.69541	0.1834053	-0.9975412	2.716694	

0.5319844	-0.1744485	2.482001	-0.02387402	-0.1914077	2.566545	0.5421383	-0.3253486	2.506833	-0.04716844	-0.3388461	2.625844	0.5712789	-0.2315426	2.48175	0.007734379	-0.2806897	2.56525	0.2469158	0.6349444	2.436053	0.2476037	0.4844176	2.48044	0.2501402	0.4055693	2.496262	0.2583033	0.1635228	2.534626	0.2697109	-0.1660775	2.57892	0.4198113	0.3747963	2.484108	0.062058	0.3807061	2.508302	0.3489814	-0.1599897	2.533988	0.1822408	-0.1671041	2.545582	0.5087992	0.08065744	2.52324	0.007432484	0.06402906	2.562791	0.3931487	-0.5980214	2.602058	0.1718646	-0.6152233	2.635892	0.429782	-0.9798697	2.694309	0.1837926	-0.9985062	2.715897	

0.5341252	-0.1758133	2.487823	-0.02840322	-0.1945841	2.579697	0.5479056	-0.330928	2.507298	-0.04896436	-0.3313769	2.63944	0.5682689	-0.2296568	2.481321	0.002903951	-0.2658134	2.565562	0.2508575	0.6277871	2.432021	0.2496399	0.4811829	2.47875	0.2523678	0.4028302	2.495737	0.2617953	0.161039	2.537472	0.2759494	-0.1686715	2.588472	0.4220843	0.3735323	2.484066	0.06400065	0.3794807	2.507851	0.3554004	-0.1620456	2.542796	0.188142	-0.1702195	2.555944	0.5127238	0.07971707	2.526632	0.006568555	0.05992588	2.570614	0.3960842	-0.6002907	2.588726	0.1712562	-0.6148828	2.601904	0.4305756	-0.9811783	2.691064	0.1847205	-1.001773	2.713593	

0.5385099	-0.2024069	2.507356	-0.03048442	-0.2242362	2.607722	0.5495982	-0.3533104	2.520618	-0.0431382	-0.3515011	2.662911	0.5718888	-0.2503157	2.494417	0.00671808	-0.2913628	2.589154	0.2616211	0.5888533	2.417459	0.2603962	0.4434004	2.469938	0.2626273	0.3694556	2.492821	0.2698809	0.1372143	2.54834	0.2813626	-0.1869279	2.615661	0.4316021	0.3458769	2.482553	0.07208227	0.3574114	2.505467	0.3623163	-0.1813907	2.571596	0.1920713	-0.1869162	2.581532	0.5256104	0.05404877	2.541693	0.004565453	0.02934336	2.591582	0.4095529	-0.5985199	2.539477	0.1626944	-0.6099225	2.567844	0.4307834	-0.983418	2.687265	0.1866288	-1.002625	2.709476	

0.5405892	-0.2106959	2.51211	-0.0299375	-0.2328337	2.617849	0.5490173	-0.3684794	2.534803	-0.04980424	-0.3663251	2.678152	0.5758089	-0.2714732	2.5025	0.00700675	-0.3008914	2.601353	0.2625009	0.5790789	2.41519	0.260738	0.4355265	2.469525	0.2635615	0.3600525	2.493178	0.2720612	0.1264069	2.552979	0.2836362	-0.1944667	2.623918	0.4338011	0.3364838	2.482354	0.07503395	0.3415876	2.503765	0.3649282	-0.1885511	2.580052	0.1939244	-0.1945965	2.589579	0.5282354	0.04586942	2.54495	0.005813577	0.01982827	2.59584	0.4103355	-0.5994015	2.537941	0.1618055	-0.6110039	2.56458	0.4316663	-0.9877908	2.682635	0.1875011	-1.003889	2.706542	

0.5498038	-0.2679701	2.531103	-0.02459949	-0.2657938	2.642595	0.5613867	-0.4120473	2.544067	-0.04534782	-0.4014347	2.710055	0.5825772	-0.3086832	2.513769	0.01510188	-0.3408461	2.622833	0.2702438	0.5182828	2.407872	0.264047	0.376029	2.467111	0.2676912	0.3021137	2.495789	0.2775742	0.07542951	2.571784	0.2896442	-0.2334379	2.662423	0.4421597	0.2852805	2.486087	0.08057966	0.2908363	2.500593	0.3725623	-0.2275075	2.619778	0.1982126	-0.2325183	2.626938	0.5371923	-0.01139025	2.559097	0.008699352	-0.01568393	2.605174	0.4155375	-0.6173043	2.528682	0.1548733	-0.6248789	2.551803	0.4329086	-0.9897761	2.681638	0.1879492	-1.005289	2.705251	

0.5627116	-0.345012	2.548892	-0.02971757	-0.3447962	2.684432	0.5869505	-0.4914703	2.561476	-0.03528198	-0.4804243	2.738594	0.5970835	-0.3788633	2.526867	0.02871573	-0.4001739	2.647572	0.2802106	0.4269938	2.39887	0.2715861	0.2911283	2.46933	0.2750498	0.2197225	2.503245	0.2843115	0.001137538	2.594825	0.2954658	-0.2960512	2.706214	0.4499205	0.2084723	2.488178	0.08926986	0.2150223	2.498806	0.3768139	-0.2901692	2.665056	0.2055907	-0.2934054	2.669419	0.5500226	-0.08863539	2.572718	0.01569746	-0.09729805	2.622262	0.4255078	-0.6616319	2.499414	0.1432606	-0.6716913	2.529316	0.4345769	-0.9928814	2.678083	0.187976	-1.007028	2.702372	

0.5685889	-0.3591617	2.553181	-0.02386235	-0.3560087	2.680338	0.5806068	-0.5102106	2.552409	-0.0236063	-0.5048696	2.730546	0.6037726	-0.414866	2.533177	0.0345402	-0.4188165	2.643667	0.2816158	0.4037154	2.397093	0.2703802	0.2725451	2.470564	0.2745399	0.2022385	2.50823	0.286202	-0.01708255	2.614795	0.3026973	-0.3145679	2.758933	0.4515274	0.191086	2.489345	0.09093782	0.1944552	2.500085	0.3823745	-0.3084056	2.718619	0.2144565	-0.3118481	2.721343	0.5508168	-0.1031747	2.575887	0.01560808	-0.1114536	2.626054	0.4246055	-0.6543457	2.492019	0.1387547	-0.6648372	2.517235	0.4361863	-0.9938179	2.672962	0.1874462	-1.00852	2.701107	

0.5771419	-0.4412034	2.556655	-0.01302744	-0.4490946	2.69123	0.6023706	-0.5619729	2.564293	-0.01816034	-0.5675649	2.759617	0.6173271	-0.5075854	2.555583	0.04157896	-0.4698961	2.646273	0.2867948	0.3246273	2.397643	0.279617	0.1920488	2.473458	0.2834984	0.1221184	2.519501	0.2939276	-0.0913417	2.647338	0.3065548	-0.3805377	2.807076	0.4573878	0.102981	2.500021	0.09813241	0.1026924	2.514588	0.3878264	-0.3740595	2.76599	0.2167827	-0.3764822	2.770458	0.5588788	-0.1860452	2.586301	0.01130145	-0.200352	2.647624	0.4381794	-0.6232305	2.424264	0.1061198	-0.6320301	2.448499	0.4489354	-1.042623	2.595667	0.15636	-1.051354	2.613202	

0.5836262	-0.4923658	2.554552	-0.01694621	-0.4925447	2.71405	0.6111423	-0.6057174	2.572668	-0.03205759	-0.5926755	2.76034	0.4887418	-0.5410819	2.464091	0.02054531	-0.5684956	2.712533	0.2930266	0.2572494	2.404848	0.2891053	0.1316506	2.487207	0.2907659	0.06347352	2.535165	0.2943977	-0.1443117	2.668714	0.2978067	-0.4254215	2.836113	0.4635866	0.04611513	2.51176	0.1035	0.05106294	2.520479	0.3807237	-0.421599	2.794962	0.2067283	-0.4176058	2.79968	0.5682259	-0.2390314	2.60185	0.01346445	-0.2477505	2.658782	0.4414308	-0.6102379	2.414403	0.1100611	-0.6235697	2.436013	0.451847	-1.030361	2.58441	0.1598842	-1.042465	2.60193	

0.5897447	-0.5077798	2.561238	-0.004325792	-0.5172631	2.710641	0.6115846	-0.6278747	2.569458	-0.02337513	-0.6183434	2.751961	0.4907365	-0.5402111	2.474091	0.02036548	-0.5698892	2.693333	0.2933987	0.2391503	2.407823	0.288023	0.1169877	2.489332	0.2895206	0.04954584	2.537649	0.2927001	-0.1561776	2.672178	0.2955531	-0.4349729	2.840777	0.465264	0.032713	2.514811	0.1036979	0.03031409	2.526853	0.3786624	-0.4311931	2.800519	0.2043571	-0.4269201	2.803535	0.5690339	-0.2542598	2.602901	0.01260134	-0.2693812	2.662538	0.4428892	-0.6088597	2.414836	0.112026	-0.6271616	2.435209	0.4521948	-1.029128	2.58462	0.1615206	-1.045133	2.603238	

0.5961273	-0.5282005	2.56218	-0.01697465	-0.5417386	2.711179	0.6134326	-0.6480052	2.568328	-0.02524067	-0.6446452	2.766321	0.5160661	-0.563024	2.4912	0.01647158	-0.6074196	2.714875	0.2967784	0.2039196	2.412022	0.289488	0.0840618	2.495562	0.2904353	0.0163921	2.545362	0.2918556	-0.1898819	2.684586	0.292087	-0.4692672	2.860245	0.4701972	0.0006190342	2.526772	0.1071855	-0.005317019	2.536403	0.3746041	-0.4653552	2.822635	0.2016128	-0.4605116	2.820543	0.5723417	-0.2751904	2.6047	0.01013442	-0.2938691	2.667258	0.4437079	-0.5991707	2.418782	0.1152612	-0.6236327	2.431114	0.4520646	-1.019456	2.588751	0.1640328	-1.040121	2.602676	

0.6029972	-0.5466338	2.567411	-0.02543204	-0.5717473	2.729998	0.6147717	-0.6767139	2.569578	-0.03862369	-0.6588661	2.765219	0.5640017	-0.6114697	2.510579	0.008137831	-0.6297948	2.714273	0.2982132	0.1801993	2.416679	0.2893616	0.0605257	2.5034	0.2905692	-0.005514167	2.553227	0.2926959	-0.2068298	2.692254	0.2936927	-0.4799656	2.866991	0.4710326	-0.02044191	2.530963	0.1087765	-0.01952517	2.539377	0.3767633	-0.4753336	2.828403	0.2026123	-0.4716847	2.828312	0.5740376	-0.2939384	2.606471	0.009166691	-0.302396	2.667988	0.4426798	-0.5996341	2.420618	0.1188957	-0.6285489	2.435499	0.4509885	-1.019536	2.59144	0.1666443	-1.043858	2.609808	

0.6050479	-0.5652156	2.565532	-0.02882492	-0.5765492	2.705522	0.6091536	-0.6896527	2.565766	-0.04140807	-0.6843293	2.772102	0.5661675	-0.628924	2.51185	0.007386849	-0.6530525	2.7157	0.3014991	0.1460683	2.428321	0.2868814	0.03486855	2.514647	0.2887093	-0.03173592	2.564989	0.2929145	-0.2341863	2.705592	0.2971632	-0.507294	2.882296	0.4743013	-0.04997608	2.541981	0.109778	-0.04767075	2.548796	0.3810934	-0.502077	2.842717	0.2052137	-0.4988935	2.844625	0.5753245	-0.3134365	2.610847	0.007709487	-0.3276742	2.672883	0.4403734	-0.5949701	2.424628	0.1217069	-0.6242034	2.439457	0.4487666	-1.014751	2.595788	0.1850975	-1.010064	2.686952	

0.6034544	-0.5827383	2.566173	-0.006710695	-0.5955616	2.70553	0.610828	-0.716417	2.564429	-0.04861932	-0.7123165	2.776208	0.5634384	-0.6485448	2.507313	0.03180776	-0.6282296	2.66	0.3011925	0.1219455	2.43909	0.2909465	0.007256592	2.523511	0.292852	-0.05780463	2.574107	0.2972191	-0.2558647	2.71541	0.3016613	-0.5240591	2.893103	0.4756848	-0.06656148	2.548342	0.1109457	-0.05861778	2.553016	0.3852284	-0.5186123	2.853235	0.2100213	-0.515521	2.855788	0.5775	-0.3305538	2.611191	0.006536293	-0.3403454	2.673856	0.43809	-0.5922334	2.429903	0.1254681	-0.625594	2.445987	0.4466551	-1.01187	2.601417	0.1848714	-1.010366	2.686893	

0.6049631	-0.5983781	2.56424	-0.01846705	-0.6165254	2.706866	0.6098916	-0.7369071	2.560655	-0.05227853	-0.732991	2.769819	0.5663122	-0.6670274	2.512619	0.03428258	-0.6567402	2.644429	0.3019816	0.1023667	2.446854	0.2926226	-0.009033808	2.532308	0.2945962	-0.07471446	2.582716	0.2991607	-0.2741841	2.723399	0.3038109	-0.5431464	2.900107	0.4777118	-0.0853252	2.557419	0.1119069	-0.08462295	2.568598	0.3873683	-0.5371308	2.859668	0.2121573	-0.5347281	2.863455	0.5800754	-0.3467364	2.613545	0.004128983	-0.365191	2.680085	0.4374228	-0.5907403	2.432549	0.1269819	-0.6265187	2.448821	0.4455686	-1.01038	2.604109	0.1847621	-1.011737	2.686455	

0.6021912	-0.6220173	2.564876	-0.02812197	-0.6501181	2.708961	0.6045005	-0.7607264	2.547332	-0.04999494	-0.7711225	2.769882	0.5433725	-0.6890221	2.4855	0.02694827	-0.6845902	2.655615	0.3069611	0.05502979	2.4875	0.2936359	-0.05041001	2.567374	0.2966203	-0.1178085	2.615913	0.3042848	-0.3222191	2.75108	0.3131637	-0.5976513	2.920626	0.4804932	-0.1283579	2.583913	0.1131146	-0.1145252	2.593062	0.3965257	-0.5920126	2.874437	0.2215579	-0.5875646	2.889969	0.5803667	-0.3713939	2.621791	0.004542934	-0.3984483	2.693683	0.4348141	-0.5848489	2.441759	0.1304529	-0.6202798	2.466608	0.4419232	-1.003717	2.615174	0.1848814	-1.01195	2.686292	

0.5965186	-0.6420665	2.570728	-0.03278902	-0.6688439	2.711808	0.6037611	-0.8010905	2.552038	-0.04134711	-0.798027	2.769847	0.4927455	-0.6850787	2.452583	0.03292232	-0.7133762	2.653333	0.3093104	0.03692641	2.516378	0.2944455	-0.0744384	2.600968	0.2975003	-0.1417706	2.646485	0.3053748	-0.3459472	2.773625	0.3145292	-0.6214976	2.934589	0.4809856	-0.1478069	2.608634	0.1162539	-0.1405126	2.629608	0.3984277	-0.6157958	2.890414	0.2224249	-0.6110144	2.902145	0.5784102	-0.3919879	2.631885	0.003804595	-0.41691	2.705654	0.4410111	-0.5966697	2.458465	0.1314467	-0.6209581	2.477271	0.4348722	-1.005172	2.670553	0.1851343	-1.012859	2.686559	

0.602443	-0.6487296	2.573618	-0.03543688	-0.6757672	2.713127	0.6022634	-0.7878253	2.547277	-0.04098529	-0.8200614	2.778071	0.5332283	-0.7133556	2.482062	0.0348993	-0.7226146	2.655	0.3116679	0.03314709	2.532365	0.2967376	-0.07919446	2.614358	0.2996587	-0.1474585	2.659439	0.3071384	-0.3543277	2.78468	0.3158134	-0.6333163	2.942196	0.4819805	-0.1582949	2.626749	0.1180489	-0.1439554	2.638108	0.3994083	-0.6264627	2.895847	0.2240358	-0.6237746	2.912227	0.5766492	-0.4008005	2.64132	0.005563212	-0.4240085	2.715424	0.444021	-0.6026331	2.464336	0.1324559	-0.6223557	2.48723	0.4342237	-1.006898	2.671722	0.1850316	-1.013492	2.686525	

0.5922557	-0.6490674	2.578238	-0.03885108	-0.6854087	2.717633	0.596805	-0.8082571	2.544605	-0.02300178	-0.832687	2.779431	0.4935158	-0.6923884	2.463238	0.03348765	-0.7301779	2.6669	0.318132	0.02317979	2.589095	0.3010938	-0.08984047	2.672832	0.3048705	-0.1608026	2.71278	0.313996	-0.3731478	2.817372	0.3241155	-0.6568522	2.953011	0.4818706	-0.1676072	2.677724	0.1236095	-0.1544183	2.694213	0.407821	-0.64972	2.907978	0.2319786	-0.6468634	2.921576	0.5708633	-0.4079566	2.672098	0.01279486	-0.4358148	2.746046	0.4440079	-0.6020479	2.477355	0.1330749	-0.6225681	2.498733	0.4341439	-1.007726	2.672768	0.1847352	-1.014893	2.687165	

0.5925914	-0.6476434	2.598852	-0.03643826	-0.6861994	2.73322	0.5963727	-0.8104854	2.55359	-0.02015923	-0.8307254	2.779183	0.4971706	-0.7102836	2.474467	0.03577857	-0.720293	2.666197	0.3189804	0.02586907	2.595132	0.304028	-0.08865122	2.678413	0.3084867	-0.1596949	2.717881	0.3217797	-0.373263	2.824347	0.3399035	-0.6610493	2.95862	0.4829651	-0.1652449	2.685736	0.1243588	-0.150296	2.702691	0.42149	-0.6524163	2.912166	0.2497292	-0.6527808	2.928823	0.5692541	-0.4054476	2.688824	0.01424396	-0.4362231	2.757983	0.4470596	-0.6061744	2.480518	0.1326818	-0.6227992	2.511142	0.4341201	-1.007767	2.673841	0.1846539	-1.015007	2.687381	

0.5883408	-0.6206332	2.61063	-0.009188468	-0.6817273	2.780015	0.5835799	-0.7947945	2.574559	-0.02014685	-0.8165771	2.816128	0.504339	-0.6905879	2.473369	0.01995349	-0.7801097	2.763637	0.3210158	0.05500744	2.636009	0.3024603	-0.06392912	2.723643	0.3094554	-0.1368292	2.758442	0.3279405	-0.3581203	2.851762	0.3485475	-0.6539831	2.970545	0.4847493	-0.1471087	2.722767	0.1253608	-0.1313742	2.742244	0.4311679	-0.6448283	2.925031	0.2570524	-0.6463948	2.939609	0.5664238	-0.389166	2.728955	0.02021624	-0.4288875	2.813383	0.4506588	-0.6063709	2.492293	0.130696	-0.6219922	2.524452	0.4339954	-1.00822	2.674724	0.1845368	-1.014982	2.687324	

0.5901066	-0.6242394	2.623153	-0.01513667	-0.6805539	2.80696	0.5798104	-0.7869434	2.59194	-0.005870611	-0.8117623	2.818278	0.5339597	-0.6890971	2.528	0.0278206	-0.7688665	2.775429	0.3223437	0.05716176	2.65006	0.3018808	-0.06144065	2.733188	0.3082751	-0.134206	2.768019	0.325492	-0.3549124	2.861982	0.3463823	-0.6518824	2.97701	0.4855644	-0.1453538	2.732127	0.1261286	-0.1273421	2.752887	0.4294878	-0.6435755	2.931561	0.2543771	-0.6434207	2.94605	0.5679737	-0.3900212	2.735176	0.02208043	-0.4279621	2.819868	0.4521688	-0.6063548	2.498916	0.1308765	-0.6209615	2.529906	0.4337509	-1.008746	2.675914	0.1841467	-1.015342	2.687416	

0.5920745	-0.6138884	2.646946	-0.0003374059	-0.673557	2.830051	0.5788329	-0.7704353	2.606672	-0.005106561	-0.8059399	2.857996	0.5535525	-0.6795601	2.5664	-0.03585191	-0.7387459	2.884286	0.3282339	0.07803381	2.698443	0.315804	-0.04490963	2.780275	0.3198843	-0.119769	2.807811	0.3311326	-0.3471296	2.880738	0.3475845	-0.6502121	2.979637	0.4913138	-0.1367136	2.770926	0.1332293	-0.1115437	2.801679	0.4306183	-0.6422354	2.933338	0.2555969	-0.6414467	2.949639	0.5772851	-0.3852178	2.772393	0.03073394	-0.4209635	2.863977	0.4553562	-0.6030998	2.500985	0.1306241	-0.6192656	2.53394	0.4334439	-1.009389	2.676853	0.1840578	-1.015609	2.687651	

0.6141037	-0.6146554	2.697026	0.006855642	-0.6543525	2.891665	0.6014816	-0.7598509	2.64003	-0.004147923	-0.7894898	2.898444	0.5743986	-0.7090724	2.598	-0.03359911	-0.6740176	2.9	0.3433446	0.09901471	2.756968	0.3358916	-0.03037384	2.832977	0.3377303	-0.1055258	2.855194	0.338677	-0.3377814	2.902045	0.3473445	-0.6487008	2.978827	0.5040227	-0.1180953	2.822328	0.1451377	-0.0974229	2.854416	0.4301667	-0.6407913	2.931852	0.2555294	-0.6397658	2.949297	0.5834154	-0.3813961	2.808773	0.04597969	-0.4022218	2.916974	0.4612278	-0.5981794	2.500294	0.1297005	-0.6174284	2.533873	0.4337509	-1.009641	2.677486	0.1837626	-1.015678	2.687695	

0.6216733	-0.6100712	2.711116	0.009329209	-0.6524981	2.903474	0.6064761	-0.7184703	2.649207	-0.005636364	-0.7879181	2.926917	0.5850078	-0.7026746	2.613667	-0.02786317	-0.6675778	2.925158	0.351538	0.1063207	2.78624	0.3426448	-0.02650207	2.851533	0.3429174	-0.1024637	2.86936	0.3432551	-0.3336883	2.914516	0.3471743	-0.6473499	2.978131	0.5127252	-0.1159269	2.839193	0.1548645	-0.09348543	2.873838	0.4300113	-0.640239	2.931392	0.2553901	-0.6373314	2.94831	0.5905781	-0.378786	2.827326	0.05328314	-0.4016937	2.937668	0.4652452	-0.5943964	2.500522	0.1300046	-0.6081303	2.533094	0.4341603	-1.009626	2.67774	0.1836483	-1.015722	2.687619	

0.6230419	-0.6068901	2.725896	0.0184992	-0.6399857	2.929406	0.6168256	-0.7335505	2.674818	-0.0001321885	-0.7796943	2.939486	0.5950294	-0.6534683	2.664722	-0.02460868	-0.6803637	2.954	0.3645125	0.1128253	2.8114	0.3565646	-0.02264145	2.880553	0.3569801	-0.09875602	2.897454	0.3562416	-0.3302232	2.936922	0.3520282	-0.6451687	2.982072	0.5233192	-0.1134391	2.866769	0.1703005	-0.08697251	2.905116	0.4348602	-0.6382397	2.93503	0.2601099	-0.6352316	2.952528	0.6004004	-0.378217	2.849961	0.06833614	-0.3906051	2.967956	0.4692687	-0.5910215	2.504226	0.1384684	-0.5589055	2.541861	0.4344192	-1.00951	2.67818	0.1775058	-0.9957504	2.664721	

0.6304185	-0.6077694	2.737126	0.0186494	-0.6399738	2.937272	0.6158592	-0.7340751	2.678062	0.0007908075	-0.7846037	2.956263	0.5948474	-0.6548077	2.666484	-0.02078526	-0.6737838	2.95675	0.3697958	0.1143128	2.823537	0.3603922	-0.02251191	2.887088	0.3608389	-0.09868494	2.903485	0.3606297	-0.3301992	2.942138	0.3576522	-0.6444978	2.984982	0.5275852	-0.1124676	2.875638	0.1737892	-0.08761436	2.910867	0.4405374	-0.6376038	2.937551	0.2655879	-0.6346636	2.955861	0.6050537	-0.3781027	2.858484	0.06998625	-0.3904453	2.970986	0.4705675	-0.5896809	2.50644	0.1398153	-0.5527195	2.54757	0.434696	-1.0091	2.678975	0.1732495	-0.9973933	2.645269	

0.6338606	-0.6104121	2.747592	0.01920123	-0.6301225	2.954204	0.6350459	-0.7932582	2.714748	0.00058268	-0.7922313	2.963919	0.5907531	-0.6915737	2.639	-0.0139934	-0.6856927	2.971455	0.3823716	0.116048	2.84546	0.3709496	-0.02143888	2.907125	0.3697982	-0.09765236	2.920448	0.365661	-0.3292484	2.951513	0.3593509	-0.6436069	2.986983	0.5383803	-0.1127341	2.896655	0.1844345	-0.08760042	2.926554	0.4431163	-0.6363212	2.940423	0.2665538	-0.6341581	2.957134	0.6169113	-0.384446	2.878007	0.07742249	-0.3815928	2.981088	0.4703009	-0.589371	2.508985	0.1457401	-0.517819	2.555753	0.4352334	-1.008974	2.679324	0.1709615	-0.9740327	2.598186	

0.6366051	-0.6128085	2.757107	0.02267669	-0.6263128	2.954917	0.6367656	-0.7878494	2.717616	0.003132785	-0.7956206	2.97821	0.6017875	-0.6951777	2.666667	-0.008819246	-0.687611	2.970273	0.3898386	0.1165268	2.860054	0.37862	-0.02109358	2.919876	0.377425	-0.09742165	2.932552	0.3722721	-0.3292734	2.960376	0.3633809	-0.6434732	2.98971	0.5476193	-0.1133954	2.909803	0.1930919	-0.08662305	2.938125	0.4466929	-0.6371167	2.942311	0.2710281	-0.6330088	2.960867	0.6238412	-0.3870061	2.888368	0.0813202	-0.3781126	2.985563	0.4694088	-0.5877327	2.510815	0.1558096	-0.4812575	2.570033	0.43676	-1.008629	2.679113	0.1894078	-0.9126239	2.594764	

0.6432687	-0.6149684	2.767374	0.02991718	-0.6351368	2.954541	0.6485986	-0.7841795	2.717197	0.01527123	-0.7861164	2.946925	0.6146934	-0.6853384	2.687	-0.0002782989	-0.7168387	2.953534	0.3960976	0.1232707	2.871816	0.3866747	-0.01598607	2.928116	0.3847148	-0.09280787	2.940007	0.3774814	-0.3260173	2.96559	0.3661804	-0.6416758	2.991429	0.5580025	-0.1084964	2.919564	0.1991004	-0.08502885	2.941082	0.4490475	-0.6358593	2.943983	0.2740803	-0.6308202	2.962479	0.6343308	-0.3886055	2.897965	0.08107212	-0.3852854	2.984371	0.461582	-0.5843904	2.512175	0.1774374	-0.4295942	2.590052	0.4369581	-1.007877	2.677981	0.2199548	-0.8817997	2.632031	

0.6462584	-0.6156383	2.770846	0.0502907	-0.6446074	2.942837	0.6555899	-0.779205	2.727002	0.02334764	-0.795012	2.950315	0.623355	-0.6891093	2.676167	0.005755223	-0.7099048	2.952	0.3960658	0.1283992	2.875244	0.3878016	-0.01382035	2.928648	0.3860553	-0.09077065	2.9406	0.3794977	-0.3243537	2.96631	0.3693869	-0.6404378	2.991683	0.5580765	-0.1080848	2.920034	0.2010998	-0.08394931	2.941329	0.4526478	-0.6346022	2.944193	0.2767564	-0.629719	2.962727	0.6379518	-0.3891163	2.901181	0.08532839	-0.3825262	2.983445	0.45549	-0.5823487	2.512198	0.182325	-0.4347418	2.586245	0.436555	-1.007572	2.675257	0.2342506	-0.8801113	2.67712	

0.6485866	-0.6172936	2.775433	0.04981339	-0.6452808	2.940239	0.6602284	-0.7706524	2.729509	0.02757333	-0.79413	2.940469	0.6253787	-0.6785957	2.68725	0.01421459	-0.6962236	2.936466	0.3901828	0.1359998	2.876371	0.386411	-0.008166427	2.926586	0.3855504	-0.08587018	2.938552	0.3811696	-0.3208987	2.963969	0.3754351	-0.6376468	2.986809	0.556555	-0.102734	2.917247	0.200909	-0.08418962	2.941585	0.4598779	-0.6303119	2.93896	0.2816257	-0.6282842	2.958122	0.6393284	-0.3885905	2.901397	0.09275386	-0.394815	2.980249	0.4516551	-0.581802	2.506523	0.1924917	-0.4574203	2.568306	0.4365723	-1.007417	2.674747	0.2455157	-0.8938682	2.68984	

0.6533003	-0.6219863	2.779796	0.05111062	-0.6531455	2.93353	0.6735595	-0.7649585	2.743367	0.0273677	-0.801457	2.918786	0.6361406	-0.6814664	2.704091	0.01280987	-0.7047154	2.93225	0.3824963	0.1389299	2.875038	0.3829115	-0.005296948	2.923374	0.3833187	-0.08381507	2.935695	0.3814041	-0.3205729	2.961644	0.3793864	-0.6402087	2.982696	0.5525301	-0.09735973	2.911901	0.1983816	-0.08684146	2.940707	0.4614654	-0.6328552	2.93578	0.2887616	-0.6309127	2.952702	0.640498	-0.3897465	2.897883	0.09504889	-0.4032208	2.976523	0.4510624	-0.5823934	2.503586	0.2009795	-0.4606254	2.562286	0.4355415	-1.005616	2.670303	0.2457119	-0.8965963	2.688128	

0.6568008	-0.6259694	2.78157	0.05214107	-0.6574309	2.929496	0.6815125	-0.7650372	2.742056	0.02146061	-0.7999473	2.912997	0.6480295	-0.6817598	2.710895	0.02216783	-0.7098649	2.918667	0.3758054	0.1400786	2.874684	0.3794953	-0.004807077	2.919377	0.3807511	-0.08343249	2.931587	0.3815452	-0.3210129	2.956952	0.3832746	-0.6423866	2.976707	0.5502512	-0.09487854	2.909078	0.195385	-0.0907403	2.937973	0.4638853	-0.6346976	2.930806	0.2935807	-0.6333702	2.946043	0.6409003	-0.3921235	2.895518	0.09580964	-0.4077906	2.975005	0.4523638	-0.5822487	2.498861	0.2061663	-0.4555958	2.559007	0.4353468	-1.003135	2.668353	0.2493502	-0.8958284	2.709063	

0.6630778	-0.6265765	2.78889	0.05216333	-0.6596892	2.928882	0.6878298	-0.7676504	2.749352	0.0275791	-0.8039763	2.919531	0.6487721	-0.679922	2.7133	0.009541862	-0.7382669	2.9157	0.3721955	0.1403114	2.871859	0.3765474	-0.004681569	2.917118	0.3786778	-0.08313131	2.929235	0.3818299	-0.3204933	2.954079	0.3872916	-0.6412482	2.972567	0.5492577	-0.09513988	2.907326	0.1936796	-0.09335729	2.937084	0.4698913	-0.6320467	2.926883	0.2957993	-0.6334842	2.941586	0.6420773	-0.390221	2.895741	0.09682074	-0.4102092	2.974221	0.4541606	-0.5818422	2.494789	0.2095032	-0.4521037	2.556025	0.4357121	-1.001053	2.667064	0.2483565	-0.88974	2.706657	

0.6675661	-0.6312218	2.802892	0.05218545	-0.6600664	2.929084	0.6840595	-0.7837999	2.786252	0.02244987	-0.7955862	2.923049	0.6405957	-0.6915647	2.731416	0.02369547	-0.6838635	2.930615	0.3698864	0.1395571	2.870011	0.3759557	-0.004842765	2.916596	0.378328	-0.08319176	2.928722	0.3822519	-0.3204077	2.95347	0.3891959	-0.6408502	2.972164	0.549086	-0.09534995	2.905715	0.1934087	-0.0945719	2.93666	0.4726633	-0.6310019	2.927019	0.2968399	-0.6336081	2.940882	0.6425349	-0.3902766	2.89603	0.09750646	-0.410702	2.974394	0.4664484	-0.580758	2.494774	0.2189627	-0.4357315	2.561973	0.4358117	-1.00031	2.666736	0.2456263	-0.8438781	2.69898	

0.6753054	-0.6359196	2.847481	0.03737712	-0.6602611	2.9766	0.6729326	-0.8006989	2.839667	0.004569071	-0.8069488	3.025017	0.6523353	-0.7151836	2.787	-0.01841093	-0.725589	3.010834	0.3703428	0.1397576	2.870636	0.3765438	-0.004924084	2.918015	0.3789183	-0.08317091	2.930041	0.3833631	-0.3201948	2.955013	0.3906115	-0.6403559	2.975037	0.5493739	-0.09500469	2.907164	0.1942128	-0.09541148	2.941511	0.4742173	-0.6307671	2.931728	0.2977728	-0.6331516	2.942315	0.6389405	-0.3869838	2.902549	0.09925221	-0.4124405	2.98492	0.4834726	-0.5816332	2.499583	0.2202395	-0.4310814	2.565656	0.4354374	-1.000069	2.666255	0.2447126	-0.8420115	2.69809	

0.6803042	-0.6350021	2.882751	0.03150503	-0.6588812	2.989111	0.6623512	-0.7512479	2.832922	0.004151049	-0.7997331	3.060144	0.6436357	-0.6354509	2.831222	-0.02428136	-0.7200347	3.056625	0.3739961	0.141214	2.875137	0.3780346	-0.003672735	2.92257	0.3803264	-0.08163864	2.933619	0.3850932	-0.3179594	2.956817	0.3924315	-0.6368101	2.975602	0.5496213	-0.09477742	2.911494	0.1954133	-0.09386028	2.945049	0.4778949	-0.6250203	2.934228	0.2982431	-0.6312149	2.941693	0.634106	-0.3846717	2.910051	0.09994393	-0.4127961	2.996309	0.4858289	-0.581345	2.501494	0.226083	-0.4004361	2.569286	0.4345944	-0.9992419	2.663375	0.2427334	-0.8357752	2.698321	

0.6804417	-0.6341021	2.882101	0.03023406	-0.659177	2.993839	0.6730004	-0.6574383	2.865443	-0.009213319	-0.7951645	3.055347	0.6380589	-0.608208	2.838273	-0.01623973	-0.6874799	3.009063	0.3756907	0.1425202	2.876637	0.3782603	-0.003512897	2.923341	0.3805828	-0.0814403	2.934455	0.3855522	-0.3177223	2.957742	0.3928256	-0.6366543	2.976817	0.5493952	-0.09433681	2.912039	0.196047	-0.09252483	2.94645	0.4778255	-0.6254858	2.935489	0.2988851	-0.6306101	2.942719	0.6313848	-0.384511	2.912163	0.09918093	-0.4132798	2.999525	0.4871881	-0.5814517	2.502834	0.2271928	-0.4065172	2.572398	0.4340497	-0.9980609	2.660843	0.2419144	-0.8314846	2.69787	

0.6806862	-0.6336913	2.881853	0.03041168	-0.6563483	2.996834	0.6706824	-0.6590382	2.866694	-0.02286473	-0.7910441	3.058619	0.6357501	-0.6057681	2.841625	-0.02491695	-0.6935051	3.030455	0.377728	0.1436216	2.879653	0.3781516	-0.003132517	2.924444	0.3805713	-0.08092394	2.935411	0.3859326	-0.3167997	2.958336	0.3935878	-0.6349701	2.977091	0.5491112	-0.09406079	2.91282	0.1966767	-0.09140834	2.947055	0.4790092	-0.6233445	2.936478	0.2991244	-0.6294919	2.942324	0.6295289	-0.3846873	2.913958	0.09960787	-0.4104981	3.002808	0.4883674	-0.5813476	2.503635	0.2283653	-0.4095788	2.574398	0.4337583	-0.9978434	2.659488	0.2416324	-0.830791	2.697148	

0.6813278	-0.6343325	2.88246	0.02385227	-0.656512	3.009943	0.674664	-0.6606546	2.879207	-0.03066169	-0.78672	3.045509	0.6520954	-0.6350388	2.8553	-0.02674455	-0.690615	3.022746	0.381105	0.1440913	2.883852	0.3779843	-0.003072414	2.924459	0.3804518	-0.08087753	2.935441	0.3859247	-0.3167965	2.958364	0.393623	-0.6350923	2.977261	0.5482485	-0.09461074	2.91365	0.1970297	-0.09057541	2.947478	0.4786898	-0.6241799	2.93669	0.2993063	-0.6293597	2.94252	0.6255853	-0.3864127	2.915204	0.09821536	-0.4127186	3.005502	0.4887223	-0.5813773	2.503943	0.2284387	-0.4054258	2.572474	0.4337182	-0.9985762	2.657837	0.2411531	-0.8285687	2.696205	

0.680765	-0.6332442	2.883847	0.02713415	-0.6594635	3.013581	0.6684232	-0.6643773	2.878783	-0.03271858	-0.794223	3.065618	0.6462687	-0.6327792	2.849155	-0.01041159	-0.6740907	3.036375	0.383116	0.1449556	2.886663	0.3774931	-0.002915285	2.924691	0.380048	-0.08074515	2.935688	0.3857977	-0.3167656	2.95857	0.3935775	-0.6352404	2.97763	0.5462921	-0.09568334	2.914596	0.1969321	-0.08986378	2.947555	0.4782762	-0.6248545	2.937076	0.299423	-0.6292216	2.942897	0.623303	-0.385672	2.915859	0.09708232	-0.4145497	3.007165	0.4890809	-0.5814124	2.504416	0.2288613	-0.406835	2.573055	0.4336191	-0.998754	2.657285	0.2405544	-0.8269979	2.695579	

0.6826427	-0.6536558	2.882307	0.03043233	-0.6591955	3.018419	0.656049	-0.6678488	2.859697	-0.01591046	-0.7920296	3.057118	0.6460274	-0.6519324	2.841	-0.03472131	-0.7159671	3.057	0.3843945	0.1454973	2.888548	0.376639	-0.002778242	2.924954	0.3793896	-0.08053111	2.935922	0.3856115	-0.3164469	2.958705	0.3936813	-0.6346724	2.977776	0.5441875	-0.097005	2.914916	0.1965073	-0.08882339	2.947348	0.4786241	-0.6240447	2.937443	0.2993003	-0.6288022	2.942785	0.6341226	-0.4051943	2.924792	0.09657045	-0.4136844	3.007146	0.4889192	-0.5814508	2.504686	0.2289045	-0.408482	2.573951	0.4333159	-0.9991912	2.656323	0.2396633	-0.8216654	2.696636	

0.6818242	-0.6454327	2.885637	0.03112195	-0.6585463	3.019096	0.6694948	-0.6700315	2.884277	-0.01453458	-0.7898527	3.059455	0.6460431	-0.6451545	2.853625	-0.02074504	-0.7158025	3.061286	0.3855499	0.1453297	2.891094	0.3763038	-0.002688149	2.924934	0.3790174	-0.08047759	2.936028	0.3850625	-0.316599	2.959393	0.3924017	-0.6357815	2.980453	0.5422635	-0.09825162	2.915582	0.1959729	-0.08799625	2.946891	0.4757054	-0.6268363	2.939934	0.2990174	-0.6287639	2.945697	0.6257808	-0.3980912	2.923513	0.09651495	-0.4129144	3.007058	0.4888542	-0.5815113	2.507544	0.228291	-0.4090498	2.573933	0.4333426	-0.9990273	2.65569	0.2393394	-0.8209185	2.696659	

0.6804809	-0.6441473	2.886945	0.03148432	-0.6582736	3.019694	0.6625091	-0.6976409	2.854657	-0.008593301	-0.7957954	3.053071	0.6379275	-0.6457355	2.836333	-0.02778353	-0.7218048	3.0748	0.3856689	0.1453627	2.892158	0.3735748	-0.002414624	2.925342	0.3766978	-0.0803108	2.936529	0.3839782	-0.3167002	2.959926	0.3921089	-0.6360931	2.980887	0.5401824	-0.1002482	2.916657	0.194497	-0.08751437	2.94557	0.475143	-0.6274896	2.94045	0.2989326	-0.6288062	2.9459	0.6218194	-0.3972656	2.923101	0.0948528	-0.4122868	3.0061	0.4876648	-0.5813323	2.508116	0.2261544	-0.4050903	2.572099	0.4332627	-0.9991498	2.65519	0.2392586	-0.8203593	2.696462	

0.6787621	-0.6387492	2.888934	0.03154715	-0.6586	3.020032	0.6568397	-0.695986	2.863669	-0.0008618914	-0.8135307	3.062129	0.6377023	-0.6500448	2.843636	-0.02252197	-0.708944	3.066	0.3855845	0.1454732	2.893198	0.3707482	-0.002018771	2.926138	0.3742727	-0.08000977	2.937351	0.3828088	-0.316676	2.960644	0.3919085	-0.6362869	2.981352	0.538105	-0.1014408	2.91739	0.1923657	-0.08732445	2.945295	0.4748671	-0.6277464	2.940648	0.2988499	-0.6288606	2.946563	0.6177047	-0.3923581	2.924135	0.09396186	-0.4124263	3.00598	0.4863043	-0.5812287	2.508306	0.2245597	-0.4100979	2.575439	0.4332402	-0.9994754	2.654719	0.2387281	-0.8176701	2.696093	

0.6766413	-0.6382952	2.890979	0.02870104	-0.6577958	3.019125	0.6584273	-0.701587	2.870665	-0.01178949	-0.8078644	3.059768	0.6384101	-0.6454552	2.849846	-0.02689737	-0.7208843	3.055562	0.3835181	0.1453907	2.894817	0.3656293	-0.00186477	2.9257	0.3699727	-0.07985054	2.937205	0.3808097	-0.3165848	2.961035	0.3916438	-0.6363077	2.981809	0.5337617	-0.1016839	2.918156	0.189348	-0.08636431	2.945031	0.4745772	-0.6277468	2.941048	0.2986616	-0.6288659	2.946906	0.615584	-0.3917934	2.924953	0.09224929	-0.4118216	3.005838	0.4854455	-0.5809785	2.508708	0.2220776	-0.4033277	2.574108	0.4333889	-0.9986224	2.653287	0.2389653	-0.8172405	2.695435	

0.674762	-0.6357841	2.893325	0.0286066	-0.6585316	3.018226	0.6656587	-0.7676134	2.896399	0.01420907	-0.8191956	3.064723	0.637289	-0.6845066	2.832	-0.02147687	-0.7336102	3.0555	0.3788592	0.1454423	2.89562	0.3597904	-0.00198319	2.926048	0.3646247	-0.08008346	2.938094	0.376947	-0.3171852	2.963428	0.3897485	-0.6376964	2.986711	0.5280354	-0.1029595	2.918123	0.1819355	-0.08856272	2.944725	0.4726308	-0.6285493	2.943688	0.2971548	-0.6308417	2.95433	0.6097984	-0.3900477	2.923961	0.08490819	-0.4106917	3.006205	0.4830598	-0.580061	2.511508	0.2156195	-0.398537	2.57403	0.4331329	-0.9986664	2.653248	0.2381048	-0.8153217	2.695723	

0.667348	-0.6328734	2.896698	0.02857303	-0.6571738	3.013159	0.6604264	-0.7790253	2.897843	0.03062401	-0.8022071	3.031932	0.6378097	-0.6995762	2.84825	-0.01735029	-0.6803238	3.0166	0.3731952	0.1444685	2.895278	0.3524014	-0.00327528	2.92481	0.3580701	-0.081268	2.937448	0.3729776	-0.3180967	2.964207	0.3885029	-0.6383857	2.988417	0.5202791	-0.1061653	2.918106	0.1746017	-0.08847639	2.944546	0.4708879	-0.6292821	2.944705	0.296375	-0.6314295	2.956609	0.6019174	-0.3869877	2.923211	0.08197239	-0.4082496	3.00584	0.4788896	-0.5803037	2.512493	0.2121713	-0.3966153	2.575104	0.4328462	-0.9986721	2.65321	0.2375097	-0.814043	2.695244	

0.6665526	-0.6309147	2.897316	0.02878878	-0.6563416	3.011636	0.647985	-0.7302769	2.870979	0.03598299	-0.8077869	3.028174	0.6246967	-0.6617237	2.844267	-0.004104799	-0.7222535	3.0034	0.3685745	0.1432923	2.895967	0.3478085	-0.004489041	2.925405	0.3537547	-0.0823139	2.938096	0.3698832	-0.3186827	2.965105	0.3875524	-0.6385015	2.989341	0.5140276	-0.1054882	2.919495	0.1696398	-0.08856818	2.945067	0.4696759	-0.6291834	2.945415	0.2956705	-0.631703	2.95757	0.5984392	-0.3857263	2.92292	0.08010663	-0.4069082	3.005207	0.4759247	-0.5797601	2.5132	0.2100388	-0.3959845	2.576127	0.4328448	-0.9987215	2.653195	0.2369171	-0.8133181	2.69492	

0.6504322	-0.6341036	2.897289	0.02865374	-0.6568232	3.009801	0.6462173	-0.7048516	2.86267	0.03544858	-0.8086967	3.019321	0.6152607	-0.6334901	2.85	-0.003589696	-0.6844417	3.011182	0.365141	0.1423886	2.895616	0.3452817	-0.005107629	2.925711	0.3513437	-0.08285092	2.938249	0.368015	-0.3189947	2.964969	0.3869762	-0.6385481	2.989128	0.5106831	-0.1063214	2.919133	0.1673924	-0.08878148	2.945309	0.46905	-0.6290507	2.945153	0.2950546	-0.6319088	2.957278	0.5960807	-0.3853644	2.922749	0.07863812	-0.4070128	3.004809	0.4741066	-0.5792629	2.512947	0.207954	-0.4141182	2.588858	0.4327324	-0.9986735	2.653173	0.2354384	-0.8127694	2.694188	

0.651354	-0.6332455	2.897983	0.02835462	-0.6558874	3.008453	0.6437463	-0.675205	2.874208	0.02659224	-0.7905694	3.007367	0.6206386	-0.6416173	2.852449	0.0976759	-0.6777356	2.897889	0.3628828	0.141681	2.895823	0.3429709	-0.005886751	2.926379	0.3492389	-0.08357873	2.938797	0.366604	-0.3195628	2.965266	0.3866696	-0.6388065	2.989206	0.5088992	-0.106531	2.919308	0.1654291	-0.08897895	2.945883	0.4685737	-0.6293401	2.945268	0.2948855	-0.6321088	2.957276	0.5947632	-0.3849867	2.922648	0.07756581	-0.4058742	3.004102	0.4727734	-0.5787537	2.51313	0.2054237	-0.404069	2.584587	0.432772	-0.9986417	2.65342	0.2353796	-0.8118194	2.694016	

0.6537061	-0.6325935	2.897645	0.02858727	-0.6547739	3.007655	0.6420481	-0.677339	2.866704	0.03578036	-0.8033208	3.011424	0.6185362	-0.6405512	2.847879	0.09555013	-0.6800529	2.887167	0.3610441	0.1410969	2.896561	0.3419939	-0.006429123	2.927068	0.3482677	-0.08409635	2.939431	0.3657286	-0.320005	2.96578	0.3862897	-0.639078	2.989524	0.5075153	-0.106957	2.919435	0.1632498	-0.08980355	2.946824	0.4681369	-0.6295227	2.945512	0.2945883	-0.6324335	2.957589	0.5937278	-0.3851745	2.922574	0.07694559	-0.4045486	3.003902	0.4719185	-0.5782765	2.513439	0.2050143	-0.4115515	2.588136	0.432709	-0.9986271	2.653396	0.2352494	-0.8105064	2.69313	

0.6534796	-0.6315558	2.89764	0.02865084	-0.6544127	3.007521	0.6398714	-0.6713266	2.874216	0.03546939	-0.8006295	3.01973	0.6174177	-0.6308188	2.845646	0.09576717	-0.6793543	2.894228	0.3577628	0.1407429	2.898131	0.3402425	-0.006597891	2.929317	0.3466292	-0.08429661	2.941632	0.3644778	-0.3203003	2.967902	0.385862	-0.6394885	2.991609	0.5057425	-0.1074658	2.920348	0.1610935	-0.09080146	2.94918	0.4676283	-0.6295738	2.946819	0.294339	-0.6332855	2.960434	0.5918146	-0.3845584	2.922488	0.07610781	-0.403953	3.004683	0.4712318	-0.5778524	2.514796	0.2020877	-0.4052315	2.585693	0.4322388	-0.9971402	2.652934	0.234964	-0.8096082	2.693106	

0.6544178	-0.6310189	2.899164	0.02841824	-0.6562481	3.00773	0.6445485	-0.6721258	2.877712	0.0422581	-0.8111744	3.033172	0.619509	-0.6387427	2.848536	0.09778671	-0.6794523	2.89598	0.3557343	0.14026	2.899272	0.3387026	-0.006609611	2.930317	0.34522	-0.08436175	2.942557	0.3634827	-0.3205017	2.968639	0.3855074	-0.6397871	2.992118	0.5043919	-0.1078164	2.920978	0.1596717	-0.09062088	2.95052	0.46717	-0.6298296	2.94724	0.2940991	-0.6335809	2.960944	0.5915156	-0.3842838	2.922637	0.0753765	-0.4056362	3.005955	0.4707632	-0.5775358	2.515281	0.2005446	-0.4028672	2.584732	0.4320869	-0.9972094	2.653046	0.2347454	-0.8093193	2.692915	

0.6509501	-0.6311235	2.897681	0.02870945	-0.6563054	3.008131	0.6427019	-0.68194	2.8697	0.03245091	-0.7991193	3.021266	0.6199605	-0.63803	2.847806	0.09844832	-0.6794043	2.895864	0.3545553	0.1404992	2.900147	0.3380017	-0.006522273	2.931269	0.3446021	-0.08426904	2.943309	0.3631157	-0.3204143	2.968941	0.3854532	-0.6397487	2.992126	0.5032883	-0.1079296	2.921439	0.1582465	-0.09027068	2.952639	0.4670976	-0.6297119	2.94725	0.2940414	-0.6335794	2.960936	0.5907843	-0.3837521	2.922834	0.07458355	-0.4054523	3.007072	0.4706205	-0.5774444	2.515286	0.1984083	-0.4006495	2.583985	0.4320139	-0.9973255	2.653142	0.2346275	-0.8073654	2.692537	

0.6489926	-0.63114	2.896691	0.02751483	-0.6550307	3.010398	0.6459966	-0.6930041	2.867184	0.03153031	-0.7996207	3.028362	0.6262276	-0.647138	2.849	0.09753304	-0.6786542	2.895641	0.3531734	0.1404234	2.901845	0.3369821	-0.006583164	2.932578	0.3436349	-0.08434656	2.944508	0.3623623	-0.3205362	2.969816	0.3851579	-0.6398914	2.99256	0.5025091	-0.1080694	2.922475	0.157023	-0.08999244	2.955368	0.4666348	-0.6298856	2.947585	0.2938942	-0.6336803	2.961431	0.5902735	-0.3834618	2.922972	0.07419819	-0.4043312	3.009153	0.4702933	-0.5773284	2.515657	0.1977736	-0.3999634	2.583671	0.4318314	-0.9988135	2.65418	0.2344213	-0.807335	2.692563	

0.6485434	-0.6306902	2.897278	0.02767245	-0.6554081	3.011548	0.647194	-0.705917	2.867003	0.03385561	-0.8001453	3.024132	0.6271324	-0.6534109	2.84725	0.09762537	-0.6794013	2.895311	0.3521361	0.1409291	2.903006	0.336215	-0.006414114	2.93312	0.3429475	-0.08419636	2.945005	0.3619314	-0.3204447	2.970171	0.3850837	-0.6398703	2.992714	0.5021213	-0.1080489	2.922826	0.1564107	-0.08989029	2.956352	0.4665507	-0.6298482	2.947623	0.2938409	-0.6336807	2.961758	0.5897879	-0.3829838	2.922876	0.0735262	-0.4045168	3.011034	0.46998	-0.5772091	2.515699	0.1968938	-0.3989876	2.583009	0.431556	-0.9989632	2.654221	0.2339786	-0.8073398	2.692598	

0.6483735	-0.6293393	2.897192	0.02733153	-0.6566835	3.017054	0.6437324	-0.7021431	2.85167	0.02994338	-0.8030226	3.046436	0.6237861	-0.6574072	2.8425	0.09554834	-0.6823661	2.897087	0.3514837	0.1410329	2.903574	0.3355325	-0.006216873	2.933558	0.3422696	-0.08402764	2.945469	0.3613065	-0.3203698	2.970702	0.3847145	-0.6399291	2.993264	0.5019471	-0.1079401	2.923074	0.1562689	-0.0900377	2.956653	0.4659927	-0.6298476	2.948255	0.2936401	-0.6337661	2.962162	0.5888078	-0.3818425	2.92309	0.07323419	-0.4059688	3.013951	0.4698045	-0.5772342	2.516335	0.1955554	-0.3979514	2.581985	0.4315793	-0.9990446	2.654152	0.2338348	-0.8072129	2.692492	

0.6481041	-0.629507	2.897108	0.02826441	-0.6555231	3.023073	0.6451624	-0.7037038	2.858003	0.03128766	-0.7972891	3.040274	0.623188	-0.6480025	2.846235	0.09632017	-0.6790547	2.896029	0.3508556	0.1414409	2.90424	0.3351533	-0.006160573	2.933848	0.3418847	-0.08389725	2.945773	0.360899	-0.319969	2.971075	0.3844166	-0.6390262	2.99376	0.501498	-0.107957	2.92316	0.1560279	-0.09001318	2.957234	0.4660847	-0.6276327	2.94923	0.2931542	-0.6335194	2.96237	0.5887428	-0.3819612	2.923039	0.07366577	-0.4050435	3.015637	0.4695373	-0.5773501	2.517038	0.195202	-0.3974377	2.581732	0.4316042	-0.999157	2.654078	0.2337096	-0.8069061	2.692529	

0.6479494	-0.6293044	2.896846	0.02937808	-0.6555899	3.025828	0.6512037	-0.7257499	2.873648	0.03167942	-0.8007072	3.047301	0.6252604	-0.6531124	2.844149	0.09640929	-0.6792745	2.899591	0.3506104	0.1416747	2.904425	0.3345546	-0.005905593	2.934169	0.3413695	-0.08368968	2.946048	0.3606269	-0.3198875	2.97122	0.3843931	-0.639036	2.993782	0.5013884	-0.1078457	2.923355	0.1559632	-0.08987328	2.957681	0.4659633	-0.6277388	2.94923	0.2931572	-0.6335052	2.962398	0.5885122	-0.381777	2.922789	0.07385756	-0.405107	3.016587	0.4695127	-0.5773	2.517056	0.1951138	-0.397418	2.581732	0.4315683	-0.9992921	2.654249	0.2333646	-0.8065656	2.692571	

0.6483382	-0.630115	2.896796	0.02959708	-0.6557	3.026593	0.6546681	-0.7057539	2.877001	0.03561206	-0.7995761	3.046059	0.6267967	-0.6490011	2.849662	0.0939111	-0.6827227	2.905715	0.3503492	0.1421933	2.905252	0.334219	-0.005642124	2.934207	0.3410766	-0.08347048	2.946099	0.3604642	-0.3197885	2.971291	0.3843769	-0.6390402	2.99384	0.5012376	-0.1075551	2.923583	0.1558209	-0.0898407	2.958052	0.4659012	-0.627781	2.949214	0.2931916	-0.6334822	2.962604	0.5887175	-0.3826357	2.922701	0.07381067	-0.4051293	3.017812	0.4694929	-0.5771219	2.517066	0.1947771	-0.3970877	2.581733	0.4314143	-0.9985456	2.654065	0.2332345	-0.8066443	2.692477	

0.6467006	-0.6291426	2.898133	0.0296365	-0.6571594	3.026793	0.6472677	-0.6902065	2.855681	0.03568942	-0.7970675	3.037339	0.6231412	-0.6310027	2.855	0.09616932	-0.6774441	2.900093	0.3502059	0.1424671	2.90534	0.3339824	-0.005604117	2.934386	0.3408466	-0.08343121	2.946265	0.3602786	-0.3197559	2.971411	0.3843228	-0.6390384	2.993885	0.5011977	-0.1075302	2.923595	0.1557985	-0.08984228	2.958123	0.4657984	-0.6278031	2.949371	0.2931478	-0.6334832	2.962578	0.5881114	-0.3813335	2.922609	0.07429249	-0.4052045	3.018378	0.4694758	-0.5770303	2.517237	0.1943022	-0.3967441	2.581517	0.431253	-0.9975401	2.653579	0.233077	-0.8065716	2.692504	

0.6504757	-0.6386578	2.89538	0.02867736	-0.6544232	3.026735	0.6521005	-0.6796651	2.876697	0.03383685	-0.7917272	3.021691	0.633453	-0.6444548	2.8624	0.1004184	-0.6783766	2.913667	0.3500583	0.1426539	2.905344	0.3341196	-0.005361079	2.934791	0.340931	-0.08325144	2.946597	0.3602695	-0.3197154	2.971575	0.3842898	-0.6391046	2.993947	0.5011732	-0.1075225	2.923706	0.1558098	-0.0898482	2.958186	0.4656883	-0.6279932	2.949375	0.2931508	-0.6335075	2.96267	0.5880885	-0.3813281	2.922598	0.07482856	-0.4041239	3.018713	0.4695367	-0.5769269	2.517277	0.1940236	-0.3999473	2.582571	0.4308652	-0.9976088	2.653886	0.2329943	-0.8065137	2.692429	

0.6503461	-0.6282619	2.896919	0.02945626	-0.654772	3.023576	0.6465124	-0.6739247	2.863369	0.03386895	-0.7919318	3.025108	0.626996	-0.6413447	2.849099	0.09825307	-0.67878	2.908141	0.3500784	0.1426557	2.905345	0.3342392	-0.005339316	2.935086	0.3410115	-0.08322598	2.946783	0.3602823	-0.3197031	2.971585	0.3843277	-0.6390798	2.993771	0.5011736	-0.1075591	2.92381	0.1558422	-0.08992455	2.958268	0.4657735	-0.6279621	2.949158	0.2931437	-0.6335075	2.962444	0.5881686	-0.3814225	2.922679	0.07497928	-0.4041048	3.018704	0.4696787	-0.5769079	2.51706	0.1937257	-0.3995491	2.582272	0.4308513	-0.9975867	2.653908	0.2329357	-0.8065093	2.69237	

