0.3790203	0.1893869	2.629977	0.09474381	0.1703343	2.394474	0.3988298	0.04889722	2.619806	0.1377756	0.03270702	2.434861	0.4055693	0.1171791	2.61481	0.1198774	0.08443544	2.4106	0.1752542	0.8380556	2.591745	0.1773382	0.7093529	2.579465	0.1838214	0.6359923	2.611721	0.2028142	0.4100291	2.699312	0.2277444	0.1010243	2.806535	0.2807026	0.6327027	2.630527	0.08123983	0.5690532	2.511821	0.2700289	0.1142658	2.794502	0.1792166	0.0850176	2.742033	0.3248377	0.3987041	2.628375	0.0608059	0.3344116	2.454653	0.3127108	-0.2038835	2.772139	0.1596653	-0.22189	2.709834	0.3213073	-0.5357594	2.819787	0.1957309	-0.5339915	2.745676	

0.3846611	0.179607	2.627703	0.110622	0.1266541	2.432943	0.3945895	0.04916097	2.614678	0.1252416	0.003056512	2.447286	0.4048125	0.1157692	2.614434	0.08170681	0.07680915	2.435353	0.1710266	0.8357555	2.58837	0.1765458	0.709342	2.578501	0.1835667	0.6360775	2.611436	0.2034149	0.4109331	2.700552	0.2337067	0.1061004	2.816671	0.2788386	0.633037	2.628704	0.07781707	0.5686268	2.509547	0.2760307	0.1195411	2.804771	0.18501	0.08977472	2.752132	0.3403662	0.4075617	2.638646	0.05691018	0.3369585	2.453342	0.3125578	-0.2039105	2.771387	0.1605017	-0.2213762	2.708321	0.3208894	-0.5354089	2.818931	0.1957268	-0.5308661	2.747786	

0.3853571	0.1741533	2.627278	0.1090444	0.1096942	2.433025	0.3935336	0.0422092	2.61334	0.13197	0.001382576	2.445731	0.4033837	0.102132	2.611	0.09080849	0.05636944	2.431357	0.1684305	0.834662	2.57943	0.1758778	0.7083959	2.574462	0.1829782	0.6345761	2.602697	0.2132882	0.399944	2.641409	0.2545505	0.08048487	2.697478	0.2786133	0.6234044	2.627568	0.07997175	0.5640392	2.501126	0.2947955	0.09167063	2.688032	0.2075406	0.06716133	2.635568	0.3414897	0.4005387	2.640767	0.05600688	0.3342787	2.447541	0.2604887	-0.2585021	2.74345	0.2178464	-0.257342	2.696626	0.3122617	-0.5292687	2.811374	0.1999836	-0.5410031	2.742416	

0.3854623	0.1670241	2.626909	0.1087203	0.1073974	2.432743	0.3944396	0.04197655	2.613601	0.1365571	0.001397038	2.450718	0.4055533	0.09449942	2.610562	0.08987924	0.04808414	2.436364	0.1672761	0.8359817	2.579135	0.174486	0.7084795	2.573846	0.1802042	0.6345401	2.596388	0.2058763	0.4032685	2.635575	0.2307533	0.09326115	2.678949	0.2780361	0.6213151	2.628107	0.07972709	0.5616341	2.498872	0.2724334	0.1044282	2.672098	0.1826939	0.07955833	2.613193	0.3344369	0.3938239	2.634967	0.05536556	0.3297732	2.445676	0.2605851	-0.2584905	2.744053	0.2184759	-0.2608338	2.702926	0.3122212	-0.5290807	2.81199	0.2011924	-0.5410039	2.742983	

0.3921709	0.1677857	2.642405	0.108706	0.1053444	2.432589	0.3950453	0.01500669	2.611876	0.1339721	0.000166177	2.44851	0.4043062	0.08164484	2.603459	0.1053676	0.0495989	2.418369	0.166194	0.8368449	2.579238	0.1732266	0.7084709	2.573041	0.1799306	0.6340828	2.595068	0.2066933	0.4025831	2.636989	0.2453711	0.08349679	2.691622	0.2780762	0.6199379	2.628968	0.07926486	0.5614104	2.498203	0.2863064	0.09463117	2.683435	0.1978291	0.07001448	2.626695	0.3347959	0.3923778	2.63564	0.05480264	0.3293055	2.445351	0.2613325	-0.2583365	2.744838	0.2176758	-0.2608589	2.703237	0.3126461	-0.5287192	2.81322	0.2032642	-0.5467443	2.744281	

0.3902108	0.1638526	2.637232	0.1088731	0.1045538	2.432108	0.3953796	0.007845255	2.613979	0.1395991	-0.0007519642	2.454721	0.4060704	0.06705691	2.603696	0.09562451	0.04619272	2.429971	0.1639358	0.8371992	2.578114	0.1708674	0.7075752	2.570807	0.1788176	0.6329798	2.59254	0.2069803	0.4021735	2.637578	0.2468493	0.08305696	2.693298	0.2718862	0.6142564	2.620276	0.07821409	0.5597649	2.495982	0.2879167	0.09430399	2.684443	0.1991396	0.069436	2.628538	0.3330821	0.3886752	2.633063	0.05416683	0.3274685	2.443888	0.2619343	-0.2585508	2.743798	0.2160558	-0.2610002	2.702948	0.2970359	-0.5311587	2.802012	0.2039075	-0.5502625	2.744479	

0.3505079	0.2165428	2.606873	0.1087684	0.1036758	2.431702	0.4001198	0.0730845	2.614985	0.1382962	0.00261925	2.443607	0.3823649	0.1857194	2.6167	0.09336013	0.05441371	2.429317	0.1603571	0.8379989	2.575077	0.1698151	0.7071629	2.569479	0.178376	0.6332402	2.591223	0.2075181	0.4061241	2.63794	0.2508514	0.1073515	2.699319	0.2718234	0.6143219	2.620432	0.07747442	0.5591171	2.494589	0.2916805	0.1193236	2.689302	0.2031968	0.09252728	2.635667	0.2207824	0.3922023	2.535998	0.05348749	0.3250211	2.442621	0.2608607	-0.2581682	2.742051	0.2149831	-0.2589397	2.701364	0.2953874	-0.5321093	2.802185	0.2064727	-0.5501004	2.743532	

0.3540348	0.208825	2.609081	0.108958	0.1026953	2.430885	0.3993142	0.05700814	2.616431	0.1382192	0.001383185	2.437204	0.3923248	0.1263523	2.609727	0.09326029	0.03915264	2.439182	0.1576426	0.8362113	2.572151	0.1698086	0.7072124	2.569667	0.177522	0.6330701	2.590098	0.1958278	0.4031825	2.626451	0.2051443	0.08474979	2.653738	0.2726625	0.6157754	2.621631	0.07635705	0.558376	2.492411	0.245903	0.09781941	2.646863	0.1586234	0.06930313	2.586561	0.2288397	0.3900354	2.539638	0.05251275	0.322905	2.440928	0.2584693	-0.2583421	2.74242	0.2151266	-0.2595498	2.703783	0.2993801	-0.5297599	2.805862	0.206527	-0.5501392	2.743604	

0.3383743	0.1954506	2.603041	0.1086913	0.1033407	2.429354	0.3987915	0.04976883	2.613011	0.1356102	-0.003441265	2.444192	0.3902351	0.1409976	2.61875	0.09358128	0.05749824	2.4165	0.1534906	0.8359389	2.568528	0.1695907	0.7071732	2.569533	0.1768413	0.6330612	2.588959	0.1953624	0.4036536	2.625938	0.2098021	0.08929008	2.657864	0.272841	0.6175214	2.622342	0.07646564	0.5586814	2.492898	0.2506071	0.1022292	2.649699	0.1631798	0.07393783	2.592061	0.2280844	0.3906139	2.540002	0.0513325	0.3222273	2.439718	0.2580944	-0.2587426	2.740801	0.215176	-0.2684354	2.709352	0.3025201	-0.5278516	2.809335	0.2064992	-0.5509239	2.743258	

0.3381726	0.1954489	2.603594	0.1081141	0.1025364	2.428601	0.3990571	0.04980234	2.614696	0.1320081	-0.003434843	2.439612	0.3824378	0.1553324	2.612	0.08416387	0.05097153	2.4312	0.1514223	0.835892	2.567189	0.1660626	0.7069604	2.565079	0.1738721	0.632813	2.582658	0.196218	0.4038114	2.621173	0.2241935	0.09055141	2.65516	0.2728654	0.6189189	2.622201	0.07383335	0.5570951	2.490743	0.2682605	0.1039072	2.644938	0.1742968	0.07476787	2.590873	0.2275863	0.3911972	2.539994	0.04964129	0.3196992	2.43767	0.2570095	-0.2586658	2.740655	0.2158277	-0.2679303	2.709262	0.3024494	-0.5286343	2.80933	0.2069088	-0.5523649	2.74474	

0.3344069	0.2005343	2.601317	0.1056613	0.1001993	2.428309	0.3921202	0.06418268	2.61616	0.1305041	-0.00532092	2.44072	0.380126	0.1565919	2.610687	0.07806518	0.05417098	2.430545	0.1452376	0.8355172	2.558663	0.1591151	0.7080479	2.559808	0.1688624	0.6338868	2.577377	0.1958548	0.4048794	2.618091	0.2294938	0.09238979	2.654655	0.2726649	0.6209273	2.621852	0.07398362	0.5575066	2.491096	0.2733403	0.1056427	2.643535	0.1794964	0.07661331	2.591274	0.2199245	0.3947358	2.537539	0.04871321	0.3197821	2.436669	0.2577125	-0.2582373	2.740282	0.2159837	-0.2674687	2.70941	0.3014053	-0.5295169	2.808622	0.2069514	-0.5510428	2.744752	

0.3331452	0.2006559	2.600259	0.1035958	0.09894076	2.427916	0.3919546	0.06415072	2.615062	0.1291851	-0.007461819	2.445768	0.3821281	0.1551829	2.614791	0.09680291	0.03661178	2.415949	0.1420635	0.8357242	2.554961	0.1540101	0.7070874	2.553786	0.1639924	0.6329947	2.570956	0.1931386	0.4045428	2.612751	0.2295534	0.09235312	2.653928	0.2685058	0.6219925	2.617619	0.07031111	0.5540439	2.485803	0.2732625	0.1057492	2.642796	0.1796475	0.0764157	2.590499	0.2175024	0.3942645	2.535235	0.04676101	0.3151311	2.434583	0.2579464	-0.2580916	2.740097	0.2159376	-0.267713	2.709682	0.3066826	-0.5282736	2.816479	0.2068099	-0.5515616	2.744767	

0.3357693	0.1976134	2.600547	0.1019024	0.09791766	2.42679	0.399424	0.06159463	2.615113	0.129145	-0.007453968	2.44478	0.3802649	0.1500307	2.602818	0.08089895	0.0323689	2.433636	0.1400418	0.8364205	2.552718	0.1528278	0.7068417	2.552923	0.162871	0.6327331	2.569842	0.1924001	0.4042903	2.610934	0.2299537	0.09209176	2.652694	0.26597	0.6214176	2.614123	0.06830693	0.5533634	2.483046	0.2734689	0.1054351	2.641694	0.1801882	0.07621383	2.589111	0.2186567	0.391102	2.53554	0.04504897	0.313519	2.433437	0.2584479	-0.257699	2.739841	0.2089535	-0.269468	2.713929	0.3071978	-0.5273902	2.818101	0.2068034	-0.5517456	2.744788	

0.3292422	0.2048855	2.596244	0.1010518	0.09724585	2.426614	0.3930248	0.07309566	2.615326	0.1275675	-0.008585423	2.445331	0.3772216	0.1737031	2.608727	0.07599725	0.04993177	2.429571	0.1389443	0.8360941	2.551221	0.1542712	0.7067925	2.554198	0.1641233	0.6327442	2.570656	0.1935221	0.4044788	2.610957	0.2318936	0.09255302	2.652189	0.2643783	0.6218522	2.612832	0.06702232	0.552981	2.481498	0.2751085	0.1059694	2.641203	0.1822958	0.07655332	2.588588	0.2070426	0.3948518	2.529254	0.04444956	0.3125399	2.432839	0.2590711	-0.2573003	2.739595	0.1956271	-0.2559868	2.701031	0.3100578	-0.5276414	2.822943	0.2072318	-0.5517869	2.745218	

0.3330091	0.1992624	2.59774	0.1005528	0.09711065	2.425981	0.39706	0.06273256	2.610154	0.1291773	-0.006103144	2.43647	0.3856192	0.1467511	2.606572	0.07730456	0.05366431	2.430348	0.1385766	0.8363209	2.550756	0.1513899	0.7060923	2.552222	0.1619276	0.6323295	2.568784	0.1927774	0.4047308	2.609282	0.2326768	0.0934353	2.650967	0.2642924	0.6217173	2.612782	0.06667203	0.5528734	2.48106	0.2757834	0.1067025	2.639946	0.1831238	0.07754852	2.587401	0.2137564	0.3919411	2.530962	0.04410652	0.3118626	2.432008	0.2671203	-0.2594955	2.743796	0.217096	-0.2607697	2.703322	0.3089793	-0.5272484	2.8223	0.2050925	-0.552892	2.747625	

0.3381535	0.1942726	2.598723	0.09993452	0.09735942	2.425019	0.3962564	0.06260641	2.604909	0.1291605	-0.00609928	2.435974	0.3859978	0.1411875	2.6022	0.09161154	0.04828652	2.412621	0.1382123	0.8361579	2.550789	0.1508853	0.7061006	2.551834	0.1610544	0.6323431	2.568029	0.1904655	0.4048856	2.606893	0.2286338	0.09375651	2.64693	0.2643918	0.62135	2.612696	0.06640092	0.5529309	2.480715	0.2714462	0.1069555	2.635112	0.1794045	0.07790963	2.584063	0.2200316	0.3889721	2.533666	0.04393307	0.3114744	2.431016	0.3135585	-0.2511947	2.768856	0.21593	-0.2614164	2.703532	0.3089474	-0.5272207	2.822437	0.2042025	-0.5550473	2.74925	

0.3509035	0.2112824	2.60909	0.1003675	0.09749589	2.422879	0.4001841	0.0767236	2.609198	0.1312767	-0.005300249	2.432403	0.3825012	0.1554569	2.600712	0.0932574	0.0197774	2.432286	0.1383909	0.8362069	2.550802	0.1512816	0.7062064	2.551518	0.1616774	0.6325446	2.567486	0.1923346	0.4056424	2.605434	0.2334853	0.09564144	2.644481	0.2660799	0.6220734	2.61415	0.06907228	0.5562648	2.485373	0.2768091	0.1089644	2.631858	0.1836169	0.07961591	2.582373	0.2179572	0.390804	2.530577	0.04460538	0.3147584	2.431207	0.3286738	-0.2536798	2.775566	0.2148846	-0.2618558	2.703089	0.3089813	-0.5271297	2.822819	0.2045262	-0.5546192	2.748686	

0.3355199	0.1920396	2.592154	0.1003936	0.09783401	2.42153	0.3986471	0.05852335	2.605336	0.131376	-0.005310687	2.434586	0.380573	0.1623914	2.5993	0.09733812	0.04041515	2.410686	0.1389802	0.8361685	2.551142	0.1518017	0.706199	2.55121	0.1620357	0.632562	2.567106	0.192348	0.4057479	2.604829	0.2328105	0.09582886	2.643691	0.265742	0.6206332	2.611679	0.06954637	0.5560968	2.483296	0.2762832	0.1089061	2.631585	0.1827462	0.08022083	2.58075	0.2176259	0.3889285	2.528386	0.04454588	0.3141178	2.430304	0.3316494	-0.2545265	2.777123	0.2148294	-0.2618317	2.703153	0.3091412	-0.5271339	2.823523	0.2067435	-0.5533487	2.747764	

0.3133138	0.1673544	2.553038	0.1010291	0.09776484	2.420466	0.3827246	0.04403687	2.60019	0.1318642	-0.004829855	2.428897	0.3878679	0.06348347	2.587889	0.08141055	0.05332667	2.426833	0.1401893	0.8357568	2.550758	0.1518861	0.7059193	2.550326	0.1622551	0.6324857	2.566469	0.1931875	0.4062568	2.604629	0.2364246	0.09858676	2.645596	0.2672921	0.6220887	2.612955	0.06934428	0.5554813	2.4824	0.2798075	0.1116872	2.634214	0.1864141	0.08287752	2.582168	0.2210143	0.3892377	2.529528	0.04434151	0.312747	2.429248	0.3325072	-0.2546268	2.777447	0.2047639	-0.2599569	2.699272	0.3086381	-0.5273255	2.822939	0.206256	-0.5536302	2.748369	

0.3431572	0.206919	2.59524	0.1019461	0.09737915	2.4199	0.3973205	0.07100747	2.60342	0.1344965	-0.006601919	2.435922	0.3803159	0.1711482	2.598286	0.09087988	0.0284992	2.4325	0.141934	0.8357207	2.551098	0.152409	0.7058263	2.549896	0.1636684	0.6325082	2.565528	0.1999029	0.4074059	2.601497	0.2541605	0.1015214	2.638467	0.2677736	0.6207209	2.612724	0.0695303	0.5551074	2.481763	0.2983532	0.1157125	2.626085	0.2027654	0.08460143	2.576218	0.2090118	0.3915768	2.523715	0.04433874	0.3115551	2.42875	0.3331209	-0.2540399	2.777459	0.2068288	-0.2589211	2.698264	0.3083676	-0.5271074	2.822923	0.2078376	-0.5536184	2.748753	

0.3519342	0.1959291	2.598175	0.1025038	0.09735514	2.419655	0.3973752	0.056731	2.603753	0.1334831	-0.004749335	2.42957	0.3898218	0.1341263	2.598611	0.09060068	0.03242536	2.431284	0.1433068	0.836441	2.551175	0.1541093	0.7059234	2.550891	0.1655205	0.6326763	2.565913	0.2021242	0.4077044	2.600374	0.2555382	0.1014122	2.634961	0.2686049	0.6194872	2.61253	0.07166941	0.55687	2.484239	0.2997818	0.1155694	2.622956	0.2040213	0.08448802	2.572401	0.2220412	0.3852949	2.528264	0.04513099	0.3129812	2.429323	0.3362802	-0.2529411	2.778247	0.2061889	-0.2589616	2.698082	0.308178	-0.5268869	2.822908	0.2088756	-0.5533794	2.748108	

0.3669395	0.1731486	2.606708	0.1029268	0.09742639	2.419351	0.395309	0.02776233	2.602746	0.1337063	-0.004764993	2.433968	0.4006661	0.09669851	2.599471	0.09773726	0.04546926	2.409857	0.1449049	0.836511	2.551068	0.156003	0.7056662	2.550821	0.1668943	0.6325238	2.56606	0.2023159	0.4076678	2.601223	0.2506679	0.1009797	2.641243	0.2701705	0.6170083	2.611324	0.07213562	0.5566946	2.48256	0.2954619	0.1157859	2.627911	0.1986853	0.08324369	2.5803	0.3139799	0.4053411	2.604743	0.04533388	0.3122239	2.428803	0.3267745	-0.2495704	2.77284	0.2086183	-0.2541627	2.693091	0.308975	-0.5253087	2.824604	0.2081082	-0.5523595	2.747146	

0.3565379	0.1892872	2.599072	0.1098858	0.09746616	2.417616	0.4109776	0.04246535	2.604739	0.1404502	-0.00409503	2.435063	0.4016929	0.1005661	2.598741	0.09817594	0.04326413	2.433834	0.1507615	0.837917	2.552231	0.1578089	0.7059926	2.551632	0.1692911	0.6329648	2.56642	0.2061413	0.4084367	2.600098	0.2576052	0.1020234	2.63536	0.273105	0.615953	2.612932	0.07415756	0.5568604	2.480892	0.3006116	0.1160498	2.623227	0.2075903	0.08527035	2.572942	0.2286503	0.3806314	2.528095	0.04834013	0.3117232	2.427739	0.3243938	-0.2472969	2.770616	0.2076089	-0.2557887	2.69381	0.3095887	-0.5256619	2.825506	0.2079908	-0.5535563	2.746395	

0.3617896	0.1903173	2.602623	0.1136841	0.09733561	2.417626	0.4093193	0.04058077	2.607943	0.1472909	-0.004850507	2.43899	0.3990696	0.1253999	2.60325	0.1099816	0.03943077	2.418546	0.1595258	0.8392259	2.553524	0.1611304	0.7065525	2.550276	0.174695	0.6340784	2.565485	0.2196935	0.4120585	2.603096	0.2867159	0.110571	2.649332	0.2773257	0.6162659	2.615556	0.07580835	0.5567745	2.480183	0.3278688	0.1260611	2.640217	0.2376778	0.09206948	2.584233	0.2327869	0.3807233	2.53033	0.05344643	0.3110367	2.426504	0.3096523	-0.2437959	2.757087	0.2067874	-0.2567661	2.694268	0.3095463	-0.5259016	2.825273	0.2069442	-0.5515165	2.743915	

0.3626245	0.1898586	2.603348	0.1156028	0.09739227	2.418208	0.4108742	0.04121065	2.607256	0.1469822	-0.002611966	2.433983	0.3977825	0.1346131	2.6048	0.10765	0.05334097	2.416588	0.1613951	0.8405495	2.554296	0.1658207	0.7074717	2.550915	0.1774226	0.6347694	2.565238	0.2188183	0.4124442	2.600479	0.2602542	0.1082509	2.624037	0.2785235	0.6172751	2.615162	0.07741194	0.5571523	2.479968	0.3028849	0.1199979	2.615798	0.2097896	0.09356675	2.557519	0.2340615	0.3809807	2.530258	0.05563197	0.3107779	2.426113	0.2854549	-0.2523934	2.747028	0.2060168	-0.2581681	2.695516	0.3095289	-0.5256776	2.825352	0.207085	-0.5531135	2.746486	

0.3639016	0.193198	2.605676	0.1186813	0.09697478	2.419579	0.4045578	0.04151528	2.616172	0.1498609	-0.001419957	2.435844	0.3997591	0.1253066	2.608928	0.115562	0.02271344	2.439857	0.1656328	0.8409734	2.554833	0.1715859	0.7093934	2.551403	0.1825031	0.6364363	2.56528	0.2197795	0.4128149	2.599695	0.2613201	0.1079853	2.624416	0.2827074	0.6156273	2.617049	0.08459939	0.5561116	2.478887	0.3041945	0.1195118	2.616643	0.2107898	0.09344008	2.557655	0.2321627	0.3810019	2.528454	0.06013227	0.3091949	2.425851	0.2929803	-0.2560236	2.754525	0.2069501	-0.259857	2.697641	0.3090112	-0.5255533	2.824775	0.2069597	-0.5517173	2.745397	

0.3674946	0.197093	2.623419	0.1240852	0.09467457	2.422011	0.4050354	0.04676049	2.62435	0.1497211	-0.002433859	2.439266	0.400071	0.1345165	2.627857	0.1081585	0.05536344	2.419235	0.1721373	0.8416169	2.555662	0.1755898	0.71014	2.551666	0.185487	0.6370537	2.566409	0.2197622	0.413031	2.603338	0.2552785	0.1058784	2.652983	0.2840914	0.6177284	2.619102	0.08974975	0.5563572	2.479566	0.2930896	0.1128006	2.651392	0.2091634	0.09508795	2.581629	0.2385411	0.3806084	2.532309	0.06424385	0.3086208	2.426795	0.3099765	-0.2881125	2.786754	0.2189933	-0.2590846	2.698084	0.3089903	-0.5313619	2.823749	0.2081413	-0.5516976	2.74496	

0.4043434	0.2158683	2.704468	0.1267041	0.09491882	2.424175	0.4129904	0.06790944	2.637995	0.1554493	-0.003441584	2.440036	0.4199611	0.1782812	2.735	0.1215691	0.03972162	2.419584	0.1823164	0.8433823	2.555418	0.1857877	0.7118937	2.551071	0.1958385	0.6390087	2.566149	0.2266078	0.4147028	2.603371	0.2662822	0.1083836	2.648854	0.2864203	0.6238741	2.621309	0.09644423	0.5570899	2.480083	0.306892	0.1173365	2.643564	0.2188281	0.09648673	2.579573	0.3297693	0.4092498	2.619014	0.06967567	0.3086163	2.429066	0.3073575	-0.2692046	2.781484	0.2193761	-0.2598773	2.698718	0.3100397	-0.5258399	2.824061	0.2155986	-0.5522352	2.743289	

0.4052673	0.2175395	2.712613	0.1353076	0.0935379	2.426784	0.418548	0.06882758	2.673493	0.1771809	-0.005316897	2.437807	0.4284877	0.1814447	2.76821	0.1340487	0.03801005	2.418	0.1904136	0.840498	2.55734	0.1905939	0.7102	2.551466	0.2014169	0.6373647	2.567191	0.2344631	0.4133094	2.606489	0.2784438	0.1072749	2.653173	0.2968179	0.6281971	2.625	0.1047404	0.5535986	2.482146	0.3183268	0.1145702	2.648677	0.2310738	0.09701681	2.583298	0.3362534	0.4132178	2.629441	0.07671888	0.305051	2.431668	0.2875482	-0.2503265	2.747946	0.2197811	-0.2596102	2.699133	0.3097109	-0.524715	2.820471	0.2161235	-0.5534466	2.744215	

0.388361	0.2598825	2.724044	0.1547659	0.0851901	2.431667	0.443994	0.1310935	2.803813	0.2106666	-0.01995381	2.466779	0.446149	0.2495517	2.767421	0.1700868	0.007459651	2.419235	0.1989901	0.8339875	2.558663	0.1996956	0.7059211	2.551867	0.212059	0.6329533	2.569036	0.2503869	0.4084138	2.613424	0.3032807	0.1016162	2.667129	0.3055193	0.6212869	2.625973	0.1155512	0.5486248	2.484473	0.3431982	0.1090701	2.661508	0.2548916	0.09135848	2.598504	0.2597256	0.3776372	2.562432	0.08614256	0.3005064	2.43329	0.2933969	-0.2503531	2.73843	0.2323313	-0.2587472	2.690168	0.3113593	-0.5238255	2.819753	0.22088	-0.5536457	2.742476	

0.4762492	0.1573543	2.76786	0.2206645	0.05405663	2.45369	0.498625	0.008904981	2.785764	0.2917825	-0.05073132	2.51055	0.4491353	0.06561836	2.767636	0.2800938	0.05178168	2.5196	0.234921	0.7718925	2.571445	0.231978	0.6465903	2.560378	0.2440433	0.5767105	2.581229	0.2798456	0.3616646	2.634766	0.3273005	0.06774725	2.696655	0.3331012	0.5755152	2.636906	0.1372192	0.4974819	2.492898	0.3710876	0.07735953	2.693354	0.2739248	0.05734007	2.6251	0.4061953	0.3724274	2.745465	0.1253807	0.24786	2.444612	0.4033971	-0.2630527	2.788011	0.2325925	-0.2611403	2.689795	0.3138545	-0.5321667	2.811646	0.2317867	-0.5556945	2.744331	

0.4442473	0.0359535	2.765957	0.2657297	-0.02273985	2.498549	0.4460963	-0.1111932	2.776778	0.3292318	-0.1318129	2.566388	0.4026864	-0.04754901	2.743001	0.2419467	-0.09386169	2.566765	0.2634308	0.6839511	2.586875	0.2573325	0.5536397	2.578322	0.2602319	0.4829237	2.601217	0.2680421	0.2657169	2.660752	0.2775449	-0.03077031	2.730612	0.3763466	0.4528115	2.689969	0.1511728	0.4108608	2.518549	0.324187	-0.02988281	2.72307	0.2233259	-0.03082311	2.664019	0.4157193	0.2265368	2.771122	0.1597797	0.161123	2.475713	0.4461106	-0.298158	2.807783	0.3161452	-0.3396592	2.636799	0.3325407	-0.5403937	2.821573	0.2369629	-0.5615538	2.739331	

0.4418465	-0.04584425	2.769646	0.2770886	-0.1045532	2.54849	0.4452084	-0.1740716	2.748268	0.34562	-0.2896073	2.58941	0.3976759	-0.1201884	2.735072	0.2798337	-0.2628213	2.567572	0.274369	0.6280399	2.602936	0.2615688	0.5019023	2.590206	0.261364	0.4328845	2.622179	0.2596838	0.2211146	2.708867	0.2562795	-0.06744857	2.81489	0.371521	0.4250797	2.685621	0.1544047	0.3554552	2.532337	0.2923114	-0.05880785	2.811785	0.2134692	-0.0743214	2.743898	0.406727	0.1982766	2.765854	0.1650844	0.1058853	2.497403	0.460135	-0.3281021	2.816477	0.322412	-0.36608	2.620503	0.3282779	-0.5458269	2.811396	0.2407191	-0.5636903	2.739067	

0.4446052	-0.1165426	2.77391	0.2746639	-0.117031	2.551208	0.4442726	-0.2885047	2.775581	0.3447091	-0.2376149	2.56828	0.3955755	-0.2130676	2.731211	0.2474432	-0.2073866	2.575909	0.2739687	0.6112698	2.609938	0.2633464	0.4821233	2.599171	0.2623377	0.4125695	2.630661	0.2581567	0.1989675	2.715942	0.2510478	-0.09271173	2.820072	0.3760259	0.3571001	2.725316	0.152447	0.3370389	2.539672	0.2870112	-0.08629986	2.815456	0.2084371	-0.09696277	2.750561	0.4120609	0.127848	2.798106	0.1628279	0.08752452	2.505723	0.4757799	-0.3405359	2.820761	0.3279693	-0.3824898	2.621717	0.3362626	-0.5472178	2.818267	0.2439441	-0.5657986	2.738883	

0.4393363	-0.1641914	2.780177	0.2823893	-0.1922171	2.598242	0.4443369	-0.2776203	2.767975	0.3596962	-0.3204333	2.609961	0.3887654	-0.205514	2.736929	0.2639084	-0.3096775	2.618	0.2080462	0.5090385	2.715551	0.1988248	0.386167	2.707912	0.200485	0.3155278	2.736297	0.2047558	0.09945139	2.812004	0.2097069	-0.1942514	2.903147	0.3115721	0.2829533	2.835008	0.09552709	0.237291	2.636124	0.2461949	-0.1849857	2.899093	0.1678498	-0.1985775	2.833272	0.361739	0.04661022	2.876112	0.1230298	-0.007268943	2.578506	0.5384097	-0.2984817	2.796583	0.3701614	-0.3443129	2.592265	0.3263904	-0.5604598	2.794839	0.238883	-0.5635031	2.735169	

0.4264597	-0.1508154	2.792788	0.2823605	-0.1920096	2.598563	0.4356702	-0.2790365	2.771127	0.3480727	-0.3272481	2.60235	0.3731461	-0.176168	2.75025	0.2676014	-0.2697339	2.597158	0.2004491	0.5075342	2.721433	0.1932252	0.3836426	2.708544	0.1955629	0.3136287	2.737314	0.2012572	0.09901007	2.814017	0.2070204	-0.1928729	2.90713	0.3031998	0.2819203	2.832535	0.09432947	0.2368601	2.637629	0.2430899	-0.1821615	2.906412	0.1656508	-0.1981723	2.835081	0.3591338	0.04751057	2.875844	0.122371	-0.00751345	2.579358	0.5502494	-0.219311	2.785106	0.4025663	-0.2488765	2.585512	0.4428644	-0.5393629	2.782774	0.3128908	-0.5583662	2.672119	

0.4107553	-0.1284367	2.803574	0.2687876	-0.1853745	2.599189	0.4267579	-0.2564324	2.754999	0.3507173	-0.3204281	2.606853	0.3612725	-0.1689113	2.751	0.2861963	-0.2824158	2.579773	0.1533653	0.5110479	2.769353	0.1449785	0.3790401	2.754841	0.1539026	0.3093704	2.7798	0.1858305	0.09701104	2.837153	0.2101188	-0.1930153	2.912596	0.2714046	0.2748873	2.893656	0.05406904	0.233344	2.681027	0.2448266	-0.1823345	2.912081	0.1700873	-0.1984754	2.83991	0.3402645	0.0365759	2.893106	0.1058571	-0.001145153	2.597434	0.5493981	-0.2191988	2.781377	0.3995353	-0.238529	2.580107	0.4464543	-0.5404579	2.784267	0.3257965	-0.5493739	2.67482	

0.407578	-0.1260198	2.806453	0.2632988	-0.1856823	2.600754	0.4219669	-0.2484477	2.757497	0.35188	-0.3098463	2.604758	0.3559946	-0.163281	2.755834	0.2853937	-0.2859338	2.579304	0.1509169	0.511013	2.774144	0.1368344	0.3788093	2.759949	0.1458359	0.3096586	2.784997	0.1713478	0.09924356	2.849941	0.203693	-0.1880646	2.925586	0.2708269	0.2613336	2.916328	0.05056169	0.232333	2.684811	0.2368247	-0.1769196	2.928336	0.1653342	-0.1944066	2.849418	0.3353432	0.0212514	2.901157	0.09621534	-0.004772922	2.60605	0.5357475	-0.2155338	2.779437	0.3863989	-0.2196067	2.578496	0.436553	-0.5377772	2.785361	0.315186	-0.5325544	2.669034	

0.4101716	-0.1200151	2.815157	0.2490408	-0.182907	2.60569	0.4687058	-0.2249463	2.766805	0.3440961	-0.3063128	2.595636	0.3932642	-0.1822151	2.753059	0.2595158	-0.2631499	2.590667	0.1230654	0.5103748	2.801671	0.1154188	0.3813356	2.777997	0.1263684	0.3113885	2.799201	0.1578696	0.09859295	2.855533	0.1960364	-0.1900372	2.924872	0.2542049	0.2498076	2.921901	0.0323027	0.2347526	2.707097	0.2315758	-0.1795454	2.929344	0.1542559	-0.1955114	2.846035	0.3244705	0.01773854	2.908429	0.08715848	0.002892748	2.617237	0.5355042	-0.1727009	2.786611	0.3769832	-0.2072836	2.575305	0.4502431	-0.4990183	2.791906	0.319307	-0.5218335	2.669153	

0.3831443	-0.1246813	2.816815	0.2283576	-0.1870816	2.608547	0.4018877	-0.2380738	2.753738	0.3349255	-0.305809	2.586138	0.3388979	-0.1550129	2.763	0.2443309	-0.2571326	2.594143	0.07760729	0.4999664	2.829202	0.07457882	0.3701504	2.813542	0.0900161	0.3006227	2.83074	0.1430261	0.09151606	2.867697	0.1957587	-0.1929566	2.924428	0.2330447	0.2316186	2.948535	0.002026009	0.2263877	2.732735	0.2309824	-0.1842828	2.929091	0.1544172	-0.1970954	2.845606	0.3120184	0.0160254	2.918766	0.06825576	-0.0003666674	2.636849	0.5258754	-0.1489452	2.765734	0.3708766	-0.1991004	2.568126	0.4565913	-0.478131	2.783108	0.3193912	-0.5149382	2.661354	

0.3871087	-0.1118665	2.818534	0.1850682	-0.2093204	2.629334	0.4283036	-0.234738	2.771473	0.3121442	-0.3157801	2.582566	0.3443461	-0.1686048	2.739474	0.2033123	-0.2816643	2.651875	0.05372061	0.4974271	2.836642	0.05640291	0.3657953	2.819581	0.06996477	0.294826	2.838035	0.1047802	0.07479846	2.886925	0.1629875	-0.2204171	2.93869	0.1818584	0.2422913	2.946541	-0.01857043	0.2255584	2.74115	0.2000639	-0.2087865	2.939977	0.1221958	-0.2262523	2.863559	0.299066	0.02351725	2.923136	0.05978289	0.002997235	2.644481	0.4813334	-0.08770356	2.797497	0.3427752	-0.1881164	2.592133	0.4255577	-0.4205159	2.80155	0.299392	-0.5046828	2.686628	

0.3878689	-0.1107599	2.817458	0.1727024	-0.2096698	2.634226	0.4328749	-0.2344375	2.774513	0.298528	-0.3163489	2.586967	0.345653	-0.1694986	2.733867	0.1804917	-0.2653486	2.6625	0.04649073	0.4989734	2.839795	0.04715389	0.3685049	2.822954	0.06236899	0.2968473	2.841194	0.1035929	0.0756972	2.887917	0.1628826	-0.2203295	2.939352	0.1497381	0.2718668	2.919147	-0.02294893	0.2271139	2.742448	0.199615	-0.2082548	2.941359	0.122235	-0.2264178	2.863859	0.2705743	0.05613211	2.92555	0.04171073	-0.0007925294	2.648515	0.4852339	-0.09630117	2.800913	0.3393065	-0.1839045	2.589925	0.4253809	-0.4284767	2.803129	0.3036513	-0.5012916	2.68475	

0.3883143	-0.1087255	2.810417	0.1682421	-0.2079243	2.635019	0.4293672	-0.2342177	2.779949	0.29241	-0.31028	2.588535	0.3344693	-0.1586581	2.741	0.2004412	-0.2617663	2.625734	0.02844755	0.4953103	2.847061	0.03248287	0.3672107	2.825206	0.04911636	0.2954347	2.843451	0.09799308	0.07514141	2.889096	0.1612926	-0.2212412	2.939986	0.1407674	0.2748786	2.928049	-0.03301784	0.2255761	2.74558	0.1975146	-0.2086152	2.941432	0.1208405	-0.2282651	2.865263	0.2588286	0.05751919	2.934159	0.03254664	-0.002093268	2.651719	0.4705968	-0.0586251	2.81515	0.3360223	-0.1816515	2.590344	0.420823	-0.3927909	2.809784	0.3023138	-0.4992323	2.685217	

0.3413678	-0.05787212	2.861686	0.1968511	-0.1576779	2.62928	0.3568714	-0.1655042	2.791908	0.3039572	-0.2652647	2.572176	0.2889921	-0.08612861	2.804182	0.1966285	-0.2613112	2.637187	0.007787149	0.4942116	2.854386	0.006284783	0.3602756	2.832418	0.02713976	0.2907656	2.84826	0.08729393	0.07570242	2.888695	0.1586431	-0.2181913	2.936204	0.1153389	0.284168	2.940657	-0.04836936	0.2189221	2.751208	0.1942591	-0.2044187	2.937049	0.1187808	-0.2262219	2.861855	0.2375107	0.06953572	2.951032	0.02358696	-0.005476886	2.653707	0.4270319	0.01247589	2.834636	0.3362975	-0.1795199	2.589064	0.4177731	-0.3246054	2.844476	0.3008989	-0.5009715	2.671556	

0.3926865	-0.1345524	2.834538	0.1639611	-0.1000273	2.633232	0.4125796	-0.2464931	2.819491	0.2705695	-0.2031885	2.588426	0.3358919	-0.1502338	2.840333	0.1503271	-0.2012543	2.614947	-0.005662941	0.4886522	2.85184	0.0006781435	0.3585933	2.835439	0.02045522	0.2907509	2.851478	0.07673737	0.08441024	2.891933	0.1472297	-0.1843894	2.936129	0.1195938	0.2445175	2.958788	-0.07939763	0.2232479	2.758994	0.1855636	-0.1786214	2.940921	0.10468	-0.184153	2.856463	0.2502165	0.03380072	2.954964	-0.01293161	0.02038739	2.664035	0.443828	0.005903288	2.837729	0.3239754	-0.1744647	2.581178	0.4463836	-0.3314504	2.843303	0.3030976	-0.4988669	2.657714	

0.3729687	-0.08150061	2.846215	0.1528476	-0.1000586	2.629468	0.4141814	-0.1928811	2.825867	0.2631063	-0.2029079	2.58473	0.3122889	-0.1216163	2.8373	0.1446431	-0.2024725	2.619774	-0.01349158	0.4864199	2.850957	-0.008563763	0.3578556	2.835229	0.01197996	0.2914816	2.853623	0.06992093	0.09041552	2.902682	0.1497398	-0.1734418	2.970816	0.1175888	0.2450123	2.958275	-0.08302002	0.2227322	2.760075	0.1856808	-0.156326	2.990651	0.10884	-0.183056	2.878349	0.2120386	0.06246242	2.97546	-0.03364463	0.02127748	2.668454	0.4385005	0.01646976	2.847016	0.3129776	-0.1777864	2.590086	0.4447148	-0.3209302	2.851088	0.2889398	-0.5017664	2.667283	

0.3973592	-0.04563845	2.83814	0.1761585	-0.1071016	2.636273	0.4256467	-0.104129	2.859289	0.2843397	-0.2075543	2.578961	0.3734016	-0.1371261	2.868091	0.1640404	-0.2096081	2.611105	-0.02042331	0.4821379	2.849661	-0.01553267	0.3532788	2.833528	0.004268077	0.2878249	2.851955	0.06219129	0.08897176	2.899843	0.1363772	-0.1771462	2.955996	0.1167969	0.2406638	2.960391	-0.08682262	0.220328	2.759768	0.1743842	-0.1648132	2.974914	0.09364854	-0.1841229	2.862745	0.2075824	0.02725177	2.954249	-0.02234251	0.01524667	2.664153	0.4115647	0.04895706	2.880175	0.3182391	-0.1777783	2.592186	0.4346419	-0.2870875	2.893967	0.2914565	-0.5015941	2.669263	

0.3951613	-0.04459716	2.853284	0.1774794	-0.107547	2.637131	0.416239	-0.1087975	2.881181	0.2813287	-0.1954973	2.587223	0.3667041	-0.1323473	2.8872	0.1889802	-0.1825732	2.603	-0.02372584	0.4806131	2.8474	-0.01845623	0.3523948	2.831858	0.001536651	0.287397	2.850571	0.06046693	0.08937887	2.898752	0.1362447	-0.1766948	2.954888	0.1155412	0.2392118	2.964403	-0.08938587	0.219263	2.759598	0.1742794	-0.1646845	2.974185	0.0937224	-0.1834689	2.861385	0.206957	0.02733181	2.954701	-0.02007409	0.009484526	2.66308	0.3981493	0.06607315	2.892846	0.3070917	-0.1498916	2.582626	0.4242705	-0.269861	2.905835	0.3006636	-0.4776709	2.64891	

0.4046439	-0.1098372	2.924069	0.08321431	-0.1606387	2.62738	0.4622928	-0.2437137	2.937331	0.1494694	-0.2145452	2.62583	0.4045509	-0.2006816	2.910067	0.1168946	-0.222339	2.632231	-0.02482884	0.4800131	2.846187	-0.01879876	0.3522532	2.830906	0.001001044	0.2873459	2.84988	0.05938202	0.0894946	2.898377	0.1351433	-0.1768026	2.954823	0.1147685	0.238242	2.96648	-0.09056627	0.2190263	2.759201	0.1729561	-0.1644499	2.972998	0.09242792	-0.1841397	2.862481	0.2051077	0.02706647	2.958445	-0.01240167	-0.0008597143	2.660585	0.3923292	0.08928157	2.917488	0.3150501	-0.1662216	2.590539	0.4313222	-0.2447867	2.937447	0.2856745	-0.4913683	2.662278	

0.3992445	-0.04569035	2.912368	0.1818388	-0.1548951	2.62317	0.4522142	-0.1580792	2.940364	0.3022086	-0.2707511	2.557472	0.3994238	-0.1525299	2.898714	0.1999257	-0.2620016	2.6366	-0.02559957	0.4795138	2.845142	-0.02005155	0.3517259	2.828735	-0.001443967	0.2877388	2.844041	0.05208749	0.09831747	2.867866	0.1265188	-0.1553849	2.886914	0.1142089	0.2380562	2.967048	-0.0915353	0.2164083	2.75711	0.1701629	-0.1473216	2.900366	0.07958734	-0.1594832	2.799603	0.2043267	0.02665097	2.961074	-0.011112	-0.003247093	2.659785	0.390186	0.09840944	2.92255	0.3501399	-0.17197	2.583881	0.4215435	-0.2363304	2.944542	0.3173304	-0.4965042	2.656737	

0.3874639	0.007005041	2.91155	0.1327074	-0.1432402	2.622487	0.4212671	-0.1064074	2.982399	0.244092	-0.2311689	2.592206	0.378441	-0.09554986	2.9365	0.1614216	-0.2199934	2.608444	-0.02477828	0.4798547	2.845484	-0.02004158	0.3524438	2.82793	-0.001555658	0.2883999	2.842597	0.05213347	0.09746901	2.867413	0.1264051	-0.1665042	2.88978	0.114263	0.2366574	2.968651	-0.08193996	0.2127803	2.753498	0.168793	-0.1606046	2.902048	0.08056888	-0.1686758	2.803565	0.2130543	0.02171929	2.970688	-0.008925087	-0.005611991	2.659625	0.3498947	0.1425635	2.952019	0.3496739	-0.2206635	2.593345	0.4000386	-0.1892212	2.980432	0.3006919	-0.541136	2.672658	

0.3481157	0.01046571	2.923457	0.1331944	-0.1414185	2.623067	0.3933429	-0.078184	2.965418	0.244276	-0.23135	2.594205	0.344672	-0.06597971	2.944444	0.147388	-0.2064621	2.617765	-0.0240126	0.4799036	2.845634	-0.01902087	0.3532079	2.827482	-0.003769069	0.2885205	2.841174	-0.003692179	0.08040963	2.86038	0.006643532	-0.2032588	2.882688	0.08412086	0.2882367	2.942552	-0.07821479	0.2108509	2.752268	0.04660081	-0.1892377	2.895573	-0.03352831	-0.212089	2.795947	0.1964494	0.08827868	3.000857	-0.005500731	-0.01037261	2.658796	0.387322	0.003609433	2.971536	0.2959277	-0.2153293	2.627384	0.4031774	-0.2437276	2.987641	0.2504452	-0.5357409	2.708377	

0.333943	-0.1135086	3.000319	0.102265	-0.1608667	2.616492	0.4034009	-0.1337094	3.025908	0.1728867	-0.2196102	2.613463	0.3603294	-0.1277587	2.965364	0.08989947	-0.183763	2.622	0.01516237	0.4883877	2.858902	0.01100704	0.3654759	2.828736	0.005357036	0.2936839	2.843017	0.003438258	0.08565272	2.87388	-0.0003021087	-0.1968152	2.92218	0.09882121	0.2931743	2.927105	-0.04663478	0.2166682	2.748346	0.03930514	-0.1832801	2.933219	-0.03991873	-0.2053778	2.837328	0.2255438	0.106686	3.012281	0.002991878	-0.01111776	2.658942	0.3933902	0.002840163	2.983778	0.2967516	-0.2196413	2.625699	0.406164	-0.2440213	3.005015	0.250118	-0.5391287	2.709133	

0.3361746	-0.1171149	2.998546	0.1018261	-0.1627061	2.615661	0.4043902	-0.1423567	3.03341	0.1451647	-0.1868439	2.630819	0.3659366	-0.139964	2.971778	0.07703981	-0.1784211	2.609819	0.02216267	0.4904431	2.859425	0.01727454	0.370395	2.827296	0.01356146	0.300254	2.84205	0.006226319	0.08834358	2.875253	-0.0003161612	-0.1966499	2.92199	0.1163342	0.2821898	2.930748	-0.04255502	0.2178156	2.748056	0.03945452	-0.1832747	2.932742	-0.04010433	-0.2049346	2.837261	0.2054609	0.05250164	2.946787	0.006223942	-0.0107761	2.658995	0.3996749	0.04167046	2.993767	0.2867822	-0.1795655	2.629361	0.4091971	-0.2054338	3.015823	0.2529719	-0.5042303	2.701019	

0.3374105	-0.1182892	2.998147	0.1017149	-0.1647572	2.61508	0.3987631	-0.1542938	3.022406	0.1468085	-0.1866772	2.631374	0.3544368	-0.148034	2.9625	0.08081051	-0.1779027	2.612236	0.02433408	0.4906802	2.859205	0.01978681	0.3694418	2.828171	0.01607951	0.2998562	2.843154	0.007941397	0.08904883	2.877514	-0.0004947149	-0.1958164	2.922467	0.1184881	0.2928057	2.931664	-0.04109401	0.2176615	2.747936	0.03925738	-0.1825266	2.933162	-0.04025834	-0.2040578	2.837809	0.2031684	0.06106482	2.945737	0.01065714	-0.01007796	2.658459	0.400432	0.04261373	2.994269	0.2867327	-0.178527	2.629706	0.4098846	-0.2045301	3.016345	0.2537883	-0.5034097	2.70107	

0.3388952	-0.1191117	2.997007	0.1197072	-0.1513173	2.61689	0.3969454	-0.1590255	3.008405	0.1576965	-0.1734826	2.630886	0.35096	-0.1520064	2.9606	0.09077186	-0.1703859	2.607218	0.02660424	0.4931794	2.859472	0.02173813	0.3691105	2.827126	0.01849424	0.2997469	2.841997	0.01048878	0.08926799	2.876565	0.002182261	-0.1955055	2.919014	0.1299908	0.2781478	2.938462	-0.03969199	0.2181155	2.747493	0.04302669	-0.1832244	2.928981	-0.03846836	-0.2029676	2.834896	0.2104131	0.04447105	2.948558	0.01356481	-0.006103295	2.658066	0.4031286	0.04507632	2.993385	0.2928823	-0.1809478	2.631133	0.4124516	-0.2020776	3.015503	0.2547265	-0.5053353	2.702273	

0.4038647	-0.05072919	2.963151	0.1156004	-0.1556974	2.614934	0.4155193	-0.1211594	3.023737	0.1538946	-0.1832589	2.63386	0.4024014	-0.1049061	2.9816	0.08817589	-0.1752832	2.611922	0.02871909	0.4930906	2.858391	0.02258213	0.369865	2.826824	0.01960768	0.3005401	2.841711	0.01191099	0.08972476	2.876507	0.003612967	-0.1958061	2.918188	0.1279703	0.2959517	2.937373	-0.03864136	0.2187603	2.747469	0.0443671	-0.1835035	2.927483	-0.03695622	-0.2032765	2.834652	0.205467	0.06098842	2.94609	0.01595522	-0.006313816	2.657877	0.3888111	0.07745275	2.975103	0.295676	-0.1819055	2.632239	0.398003	-0.1698465	2.997322	0.2552161	-0.5061258	2.702939	

0.3815179	0.005828296	2.913735	0.1406686	-0.2174081	2.648807	0.4331972	0.007179962	2.946896	0.2073941	-0.2663848	2.650931	0.3873103	-0.02454326	2.918091	0.1324911	-0.2523658	2.64463	0.02893787	0.4932164	2.858387	0.02488819	0.3720326	2.82844	0.02189863	0.3026264	2.843063	0.01359899	0.09113536	2.877165	0.004277175	-0.1952889	2.917496	0.1308521	0.289432	2.937843	-0.03769621	0.2190576	2.747451	0.04498645	-0.183323	2.927887	-0.03594707	-0.2016915	2.83116	0.2080297	0.05440529	2.946527	0.0170049	-0.006407905	2.657779	0.4046552	0.04875873	2.985169	0.2950723	-0.1815623	2.632665	0.4137833	-0.1984009	3.007365	0.2567337	-0.5060429	2.703279	

0.4073259	0.08491084	2.947514	0.09833901	-0.1676652	2.614434	0.4661241	0.0725858	2.977373	0.1469259	-0.1900194	2.633373	0.4241214	0.0402739	2.922	0.0798605	-0.1776768	2.6172	0.02952182	0.4936799	2.858261	0.02563639	0.3718468	2.828769	0.02262789	0.3025934	2.843507	0.01425462	0.09156245	2.878173	0.004288098	-0.1944397	2.918373	0.1275785	0.3004575	2.935378	-0.03706271	0.2191394	2.747663	0.04431005	-0.1822573	2.92902	-0.03537408	-0.200911	2.832445	0.2043231	0.06528059	2.944687	0.01843482	-0.006914968	2.657679	0.405176	0.04745912	2.985854	0.2972527	-0.1823735	2.633297	0.4143014	-0.1996778	3.008047	0.2568071	-0.5065874	2.703894	

0.4068166	0.08468303	2.947727	0.1099428	-0.1707347	2.635178	0.4665156	0.07262608	2.979873	0.1965476	-0.2463321	2.623643	0.4255745	0.04099662	2.925644	0.1229119	-0.2279013	2.634842	0.02953036	0.4938717	2.858783	0.02513202	0.3722884	2.828308	0.02234394	0.3031127	2.843143	0.01444855	0.09245978	2.877979	0.005346173	-0.1926928	2.91779	0.1260908	0.299781	2.935608	-0.03677068	0.2194598	2.748047	0.04490813	-0.1810206	2.928695	-0.03403974	-0.1990212	2.831929	0.2043076	0.06508033	2.944751	0.01870589	-0.00684036	2.657793	0.4056807	0.04841857	2.985752	0.296246	-0.1817348	2.634413	0.4148034	-0.1987089	3.007945	0.2567476	-0.5063022	2.70402	

0.4056486	0.08419231	2.947695	0.0938656	-0.1711365	2.620058	0.4638989	0.07819808	2.973574	0.1534086	-0.2198761	2.635248	0.4243168	0.04071326	2.922751	0.08135	-0.184529	2.628778	0.02981151	0.4936631	2.859266	0.02494647	0.372076	2.829794	0.02231729	0.302868	2.844403	0.01471889	0.0919956	2.878836	0.005793122	-0.1937179	2.917867	0.1260915	0.2747237	2.937752	-0.03663082	0.2195055	2.748117	0.04579123	-0.182767	2.928457	-0.03389437	-0.1996961	2.832351	0.2107004	0.04240528	2.946515	0.01905064	-0.007010567	2.657914	0.4057757	0.04813639	2.98586	0.297043	-0.1819983	2.634838	0.4148988	-0.1990061	3.008054	0.2568282	-0.506214	2.705548	

0.3822575	0.007725534	2.913728	0.09250992	-0.1716141	2.617157	0.4317827	0.01122223	2.946397	0.1540984	-0.2171699	2.635671	0.3871768	-0.0245351	2.917091	0.08192343	-0.1841166	2.628713	0.02983136	0.493723	2.859453	0.02484185	0.3721423	2.829617	0.02227724	0.302931	2.844267	0.01478705	0.09203318	2.878757	0.006065965	-0.193785	2.91754	0.121508	0.2827271	2.933797	-0.03662433	0.2195882	2.748169	0.04596085	-0.1828437	2.928127	-0.03361939	-0.1997471	2.832171	0.2072658	0.05110546	2.945249	0.01932668	-0.00725737	2.658022	0.4058553	0.04844471	2.98616	0.2963791	-0.1813518	2.635963	0.414979	-0.1987123	3.008356	0.2572525	-0.5059929	2.705616	

0.3950397	0.02401312	2.931909	0.1684788	-0.1042766	2.634451	0.4636028	0.05814625	2.98352	0.2711056	-0.2035869	2.593525	0.4294499	-0.03129475	2.955625	0.150745	-0.2018122	2.622158	0.02969629	0.4934182	2.858675	0.02477785	0.3721255	2.829476	0.02708228	0.3038177	2.844912	0.0804601	0.1038275	2.894665	0.1381141	-0.1707711	2.949395	0.1170632	0.2872288	2.927648	-0.04726345	0.2251056	2.752641	0.1795129	-0.1556549	2.950851	0.09322248	-0.1816254	2.874106	0.1905475	0.04944431	2.907758	0.01764846	-0.002874539	2.65936	0.3889154	0.08969367	2.983417	0.3150601	-0.1472444	2.598565	0.3254482	-0.2256144	2.975244	0.2902652	-0.4744788	2.664199	

0.3950385	0.02401352	2.931908	0.1709837	-0.09827195	2.639988	0.4551397	0.02037302	2.978884	0.2757304	-0.1953309	2.598713	0.4093822	-0.04540095	2.949	0.1791167	-0.1723079	2.615693	0.02985119	0.4932317	2.858502	0.02332481	0.370906	2.828599	0.02709623	0.3035163	2.845118	0.06815581	0.1013129	2.899692	0.09926035	-0.1744151	2.969243	0.1133269	0.2927251	2.925933	-0.05182567	0.2255079	2.755347	0.1401865	-0.1579198	2.974765	0.05559559	-0.1865277	2.890172	0.190156	0.05607864	2.915286	0.01693535	-0.0006737212	2.660143	0.3890889	0.08960909	2.983535	0.2894264	-0.1504045	2.626049	0.330641	-0.2307531	2.983462	0.2620758	-0.4768236	2.693932	

0.3950386	0.02402567	2.931831	0.1671388	-0.1001055	2.638049	0.461156	0.04190478	2.978129	0.2683603	-0.196403	2.598897	0.4186973	-0.04096316	2.953492	0.1706555	-0.1671811	2.612956	0.02999967	0.4929745	2.85833	0.02359351	0.3702353	2.828419	0.02841115	0.3028525	2.845781	0.06706607	0.1009794	2.900507	0.0992225	-0.1743763	2.969246	0.111248	0.2969141	2.923027	-0.05399173	0.2269453	2.756203	0.1404809	-0.1575992	2.973081	0.05489483	-0.1864126	2.89187	0.1884485	0.06049391	2.915905	0.01600287	0.001079997	2.661148	0.3892287	0.09004686	2.983696	0.2881444	-0.1508676	2.627069	0.328314	-0.2280818	2.979525	0.2607563	-0.4774652	2.694215	

0.3949691	0.0239265	2.931725	0.1617111	-0.1055864	2.633804	0.4621763	0.04538559	2.978045	0.2607102	-0.1965704	2.600435	0.4167531	-0.04172338	2.952456	0.1628626	-0.1712088	2.615353	0.03005942	0.4927583	2.858193	0.02338019	0.3694796	2.827648	0.02869401	0.3025529	2.845769	0.06599848	0.1006654	2.900968	0.099196	-0.1743494	2.969318	0.1113145	0.296609	2.923186	-0.0545643	0.2276472	2.756928	0.1406031	-0.1575294	2.972954	0.05456817	-0.1864404	2.892504	0.1897926	0.0609	2.920944	0.01539077	0.001884439	2.661539	0.3891198	0.09110991	2.983002	0.2580145	-0.1214103	2.606662	0.3284883	-0.2279876	2.979823	0.2763399	-0.4518887	2.659407	

0.3950035	0.02384258	2.931733	0.1617832	-0.1052773	2.633876	0.4574264	0.0255505	2.980383	0.2611695	-0.1963601	2.598167	0.4085826	-0.05209628	2.951882	0.1783891	-0.1803328	2.610312	0.02969396	0.492071	2.857839	0.02360916	0.3693328	2.827949	0.02971636	0.3023804	2.846908	0.06514758	0.1003927	2.901881	0.09893368	-0.1745125	2.969342	0.1114227	0.2953517	2.922843	-0.05473103	0.2277352	2.756938	0.1404709	-0.1577418	2.972942	0.05421788	-0.1865716	2.892513	0.1911359	0.06047413	2.925654	0.01528401	0.00193755	2.661697	0.3893117	0.09246821	2.982715	0.2617804	-0.1379012	2.606479	0.3303222	-0.2300347	2.983019	0.2801105	-0.4684044	2.658633	

