0.5813962	-0.1591881	2.519692	0.1950771	-0.1780387	2.334998	0.5653961	-0.268066	2.538938	0.2059748	-0.3435173	2.348113	0.5472879	-0.1969414	2.499438	0.2447005	-0.2501106	2.342	0.4309199	0.6255786	2.450953	0.3652794	0.4938918	2.470963	0.3749306	0.4115383	2.483551	0.4027496	0.1582481	2.511045	0.4387837	-0.1884098	2.536399	0.5310998	0.3554821	2.572062	0.2276663	0.3637153	2.399069	0.5009315	-0.1869723	2.535613	0.3625484	-0.183844	2.456339	0.5580091	0.05826688	2.521147	0.1736973	0.06853532	2.377878	0.4915881	-0.6083248	2.680213	0.3035093	-0.6025333	2.551671	0.5023239	-0.963571	2.795197	0.3150251	-0.979748	2.627191	

0.6176818	-0.1975679	2.625764	0.1952285	-0.1777833	2.334999	0.6345851	-0.304623	2.665743	0.2144548	-0.3446438	2.350947	0.6035204	-0.2712635	2.624667	0.2425117	-0.2262478	2.328666	0.4308908	0.6256377	2.450994	0.3650976	0.4940923	2.470965	0.3747705	0.4117271	2.483536	0.4026429	0.1584101	2.510987	0.4387296	-0.1882623	2.536283	0.5311824	0.3554145	2.571957	0.2278124	0.364178	2.399069	0.5008878	-0.1869119	2.535431	0.3624683	-0.1835572	2.456268	0.5607409	0.02110233	2.511967	0.1736741	0.06859387	2.377787	0.4916553	-0.6079734	2.680043	0.3027911	-0.6045049	2.55296	0.5023809	-0.9636623	2.795198	0.3149579	-0.979668	2.627085	

0.6162221	-0.1928521	2.624019	0.1960964	-0.1837691	2.334234	0.6330198	-0.2983602	2.66825	0.2162048	-0.3452387	2.352321	0.6011948	-0.2445527	2.619333	0.2470267	-0.2440521	2.33684	0.4307785	0.6257703	2.451051	0.364957	0.4941267	2.470847	0.3746559	0.4117625	2.483437	0.4025909	0.158444	2.510931	0.4387248	-0.1882336	2.536262	0.5313848	0.3553677	2.571829	0.2276959	0.3641594	2.399394	0.5009137	-0.1868742	2.53536	0.3624398	-0.183524	2.456272	0.5571347	0.01582274	2.506843	0.1736621	0.06860121	2.377789	0.4917352	-0.6080087	2.68005	0.3024185	-0.6055583	2.553701	0.502471	-0.9637276	2.795198	0.3147027	-0.9793709	2.627097	

0.62328	-0.2121052	2.634253	0.1972078	-0.1868449	2.333973	0.6359226	-0.3002269	2.661209	0.2170563	-0.3453112	2.350087	0.6037379	-0.2772807	2.62575	0.2506791	-0.2294402	2.343	0.430645	0.6257574	2.451156	0.3648979	0.4940895	2.470949	0.374594	0.4117379	2.483497	0.4024911	0.158441	2.510913	0.4384489	-0.1881841	2.536026	0.5314819	0.3552984	2.571536	0.2275176	0.3641303	2.399497	0.5007003	-0.1868367	2.535039	0.3620931	-0.1834667	2.456108	0.5569775	0.01936265	2.507123	0.1738336	0.06883547	2.377795	0.4917443	-0.6080436	2.680053	0.3024431	-0.6053391	2.553553	0.5024668	-0.9637307	2.795197	0.3148121	-0.9794528	2.62722	

0.6189346	-0.1937147	2.625843	0.1994508	-0.1876325	2.333344	0.6387053	-0.3015697	2.66779	0.2240705	-0.3437119	2.348674	0.6001166	-0.2297496	2.6145	0.2537594	-0.2467801	2.333445	0.4293861	0.6261788	2.451438	0.3643116	0.4943462	2.471441	0.3741721	0.4119944	2.483846	0.4023876	0.1586845	2.510988	0.4386666	-0.1877171	2.535859	0.5315122	0.3553169	2.571548	0.2270696	0.3641061	2.400192	0.5010349	-0.1862942	2.53476	0.3622136	-0.1830844	2.456038	0.559481	0.0209676	2.508292	0.1744063	0.06965522	2.377803	0.4918907	-0.6079673	2.679938	0.3027188	-0.605697	2.552775	0.502503	-0.9637447	2.795111	0.3145466	-0.9792158	2.62739	

0.6266376	-0.2092271	2.635828	0.2003707	-0.1880488	2.33312	0.645309	-0.2994045	2.66503	0.221212	-0.3441277	2.351817	0.6133826	-0.296321	2.63675	0.255862	-0.2478104	2.335769	0.4284263	0.6266065	2.451784	0.3639597	0.4944216	2.471773	0.373926	0.4121039	2.484093	0.4023548	0.1588701	2.511072	0.4389984	-0.1871976	2.535793	0.5315664	0.3553392	2.571558	0.2269921	0.3640124	2.400369	0.5014436	-0.1856879	2.534615	0.3624693	-0.1826663	2.456055	0.5597239	0.02074166	2.508254	0.1750863	0.07037342	2.377807	0.4920421	-0.6078953	2.679826	0.3029101	-0.6061023	2.552845	0.5025398	-0.9637807	2.795201	0.3145454	-0.9792151	2.627447	

0.6296304	-0.2050937	2.638207	0.2012213	-0.1890735	2.332865	0.6429499	-0.3038208	2.672461	0.2257291	-0.3450856	2.352312	0.6046733	-0.257285	2.62175	0.2538571	-0.2440348	2.334193	0.4276364	0.6265998	2.452041	0.3636862	0.4942787	2.471858	0.3737563	0.4120078	2.484159	0.4023558	0.158858	2.511081	0.4393291	-0.1871743	2.535823	0.5317296	0.3552011	2.571583	0.226938	0.363994	2.400507	0.501832	-0.1857155	2.534688	0.3627453	-0.1826072	2.456063	0.5618765	0.008754927	2.504124	0.175312	0.07080785	2.378009	0.4921105	-0.6078689	2.67975	0.3030278	-0.6066866	2.55292	0.5025144	-0.9638739	2.795092	0.3145418	-0.9792082	2.62744	

0.6345496	-0.2013604	2.647001	0.201871	-0.1906169	2.332592	0.6390406	-0.2884963	2.665041	0.2263992	-0.3447823	2.353894	0.6093625	-0.2612135	2.624053	0.2562342	-0.2304185	2.338846	0.4267929	0.6267773	2.45274	0.3634307	0.494395	2.472116	0.3735687	0.4121008	2.484371	0.4023382	0.1588979	2.511155	0.4394537	-0.1871676	2.535841	0.531746	0.3551227	2.571512	0.2270042	0.3643606	2.40073	0.5019947	-0.1857963	2.534677	0.362873	-0.1825173	2.456128	0.564238	-0.001923103	2.505089	0.1755083	0.0709688	2.378143	0.492285	-0.6078016	2.67965	0.3035718	-0.6070296	2.55252	0.5025057	-0.9639254	2.795008	0.314494	-0.9791528	2.627429	

0.6353483	-0.2024181	2.647957	0.2023052	-0.1916706	2.332372	0.6410247	-0.2921259	2.664871	0.2238958	-0.3450036	2.352085	0.6078345	-0.2646517	2.624303	0.2556708	-0.2291892	2.337214	0.4257165	0.6267824	2.453386	0.3621212	0.4946988	2.472949	0.3726382	0.4123194	2.484979	0.4022221	0.1589418	2.511262	0.43976	-0.1872206	2.53573	0.5318093	0.3548545	2.571555	0.2267237	0.3642152	2.401164	0.5024387	-0.1859369	2.534363	0.3630793	-0.1825187	2.456143	0.5641306	-0.002792458	2.504463	0.1756375	0.07121368	2.378274	0.4925601	-0.607431	2.67929	0.3034745	-0.6074389	2.55244	0.5025892	-0.9639766	2.794716	0.3144002	-0.9789991	2.627542	

0.628217	-0.2149469	2.635949	0.2027504	-0.1925871	2.33245	0.6285718	-0.2967832	2.668303	0.2254587	-0.3447676	2.351368	0.5982665	-0.224866	2.601333	0.2556997	-0.2264222	2.338385	0.4243544	0.6272405	2.454184	0.3609651	0.4947709	2.473971	0.3715872	0.4123914	2.485881	0.401673	0.1590024	2.511713	0.4397168	-0.1872217	2.535765	0.5317007	0.3536384	2.571639	0.2242382	0.3665263	2.403319	0.502404	-0.1859111	2.534385	0.363002	-0.1825608	2.456206	0.5637454	-0.003214508	2.503523	0.1760012	0.07142157	2.378421	0.4926283	-0.6077313	2.679547	0.3039871	-0.6078431	2.551399	0.5025971	-0.9640288	2.794734	0.3144237	-0.9790276	2.627604	

0.628624	-0.2159883	2.636548	0.2030643	-0.1934505	2.332492	0.6385242	-0.2968152	2.664826	0.2212477	-0.3456058	2.352149	0.5987074	-0.2269587	2.602578	0.2563921	-0.2609337	2.3358	0.423149	0.626723	2.455436	0.3599329	0.4946663	2.474746	0.3707398	0.412304	2.486502	0.4013989	0.1589671	2.511903	0.4397582	-0.1872522	2.535725	0.5312145	0.3519171	2.571359	0.2239563	0.3661638	2.403711	0.5024428	-0.1859121	2.534411	0.3630562	-0.1826765	2.455977	0.5637675	-0.003575342	2.503745	0.1761602	0.07140121	2.378506	0.4927905	-0.6076074	2.679465	0.3039713	-0.6080679	2.55128	0.5025835	-0.9641564	2.794759	0.3144669	-0.9790789	2.627858	

0.6033522	-0.2593081	2.558357	0.2041156	-0.1941606	2.332772	0.5828272	-0.3663921	2.597538	0.2267687	-0.3438983	2.347352	0.5666453	-0.2851327	2.5304	0.2573038	-0.2501007	2.337459	0.4210493	0.6272824	2.456385	0.3595705	0.4946874	2.475177	0.3704199	0.412331	2.48686	0.4012765	0.1589982	2.512026	0.4397976	-0.1872404	2.535681	0.5305987	0.3512577	2.5712	0.2236597	0.3654662	2.403628	0.5024761	-0.1858471	2.534393	0.3631141	-0.1827256	2.455879	0.5631817	-0.003594815	2.503993	0.1764013	0.07131625	2.378463	0.492932	-0.6075929	2.6794	0.3043113	-0.6078847	2.551139	0.5025834	-0.9642483	2.794687	0.3144584	-0.9789705	2.62783	

0.6096838	-0.2361923	2.613213	0.2050568	-0.1946411	2.333009	0.6415309	-0.2974138	2.679543	0.2280864	-0.3454666	2.351314	0.6164249	-0.2860932	2.642	0.2563194	-0.2478622	2.334457	0.4198021	0.6269821	2.457153	0.3591787	0.4946453	2.475889	0.3700709	0.4122886	2.487457	0.4011281	0.1589671	2.512263	0.439831	-0.1872738	2.535661	0.5304477	0.3513052	2.571684	0.2235357	0.3652183	2.403732	0.5024962	-0.1858269	2.534366	0.3631822	-0.1828756	2.455863	0.5627835	-0.002718056	2.504577	0.1766122	0.07130454	2.378557	0.4931986	-0.6076104	2.679461	0.3043111	-0.6078868	2.551147	0.5026916	-0.9646254	2.794732	0.3144608	-0.97895	2.627871	

0.6035808	-0.2608856	2.547325	0.2058692	-0.1949466	2.333049	0.5783135	-0.3622332	2.593047	0.2261146	-0.3446134	2.350941	0.5637545	-0.295854	2.529417	0.2585461	-0.2537503	2.33651	0.4182217	0.6266744	2.457658	0.3587674	0.4945512	2.476475	0.3696961	0.4122075	2.487973	0.4009393	0.1589289	2.512521	0.4398448	-0.1872863	2.535663	0.5300219	0.3506597	2.57199	0.2233741	0.3650239	2.404006	0.5025033	-0.1858378	2.534387	0.3632092	-0.1828947	2.455836	0.5620664	-0.001362416	2.505583	0.1766742	0.07129811	2.37861	0.4932167	-0.6077135	2.679498	0.3046826	-0.6083093	2.55075	0.5024807	-0.966188	2.795549	0.3144698	-0.9794573	2.628991	

0.6032581	-0.2621012	2.542515	0.2065821	-0.1950655	2.332983	0.5767979	-0.3655499	2.591547	0.2315963	-0.3439662	2.353087	0.556738	-0.2891516	2.523857	0.2643119	-0.2611646	2.345571	0.4169919	0.6272789	2.457711	0.3583781	0.4945302	2.476954	0.3694036	0.4121718	2.488472	0.4009593	0.1588496	2.513083	0.4407328	-0.1875437	2.536309	0.5293339	0.3496567	2.571709	0.2231351	0.3647661	2.40409	0.5033143	-0.1857835	2.534959	0.3641861	-0.1835089	2.456644	0.5615852	-0.001209798	2.506096	0.1767825	0.07139434	2.378573	0.4932956	-0.6076481	2.679442	0.3049251	-0.6088005	2.550641	0.5025023	-0.9661655	2.79561	0.3146407	-0.9817544	2.629439	

0.6018346	-0.261665	2.537822	0.2070626	-0.1955872	2.332596	0.5733344	-0.3648688	2.586551	0.2273725	-0.3437067	2.349041	0.5546566	-0.2897985	2.516667	0.2598665	-0.2547885	2.337277	0.4163414	0.6274972	2.457982	0.3579074	0.4946667	2.477149	0.3689697	0.4122854	2.488644	0.4007061	0.1588978	2.513157	0.4406981	-0.1875603	2.536237	0.5288566	0.3492991	2.571982	0.2230425	0.3646331	2.404146	0.5032665	-0.1857078	2.534846	0.3641368	-0.1836085	2.456575	0.5607049	0.0006199263	2.50734	0.1769564	0.07101442	2.378315	0.4933096	-0.6076291	2.679466	0.30506	-0.608825	2.550156	0.5024679	-0.9662123	2.795489	0.3147127	-0.9815646	2.629425	

0.6021221	-0.2605772	2.535366	0.2077486	-0.1959535	2.331975	0.5790976	-0.3584308	2.591218	0.2341079	-0.3442363	2.350315	0.5576674	-0.2903077	2.521735	0.2619309	-0.247007	2.34026	0.4155968	0.6277962	2.45811	0.3573597	0.494602	2.477582	0.3684805	0.4122308	2.489013	0.4004466	0.1588732	2.513319	0.4406838	-0.1875756	2.536201	0.5283544	0.3491346	2.57221	0.2229604	0.3645149	2.404195	0.5032428	-0.1857387	2.534775	0.3641267	-0.1836088	2.456565	0.5599793	0.002229419	2.508228	0.1769974	0.07062919	2.37828	0.493429	-0.6076669	2.679406	0.3045497	-0.6104468	2.551231	0.5023359	-0.9672846	2.795734	0.3147245	-0.9814984	2.629418	

0.6018472	-0.2613346	2.535672	0.2078788	-0.1961123	2.331897	0.5739028	-0.3616942	2.589056	0.2318351	-0.3445791	2.348984	0.5549617	-0.2891047	2.518487	0.2641863	-0.2449724	2.344167	0.4152609	0.6280576	2.458194	0.3569167	0.4947003	2.477707	0.3680951	0.4123278	2.489158	0.4002534	0.158959	2.513471	0.4407106	-0.1875421	2.53624	0.5279256	0.3490817	2.572976	0.2228429	0.3643746	2.404247	0.5032247	-0.185591	2.53496	0.3641871	-0.1836052	2.456552	0.5600604	0.001792095	2.509427	0.1772597	0.0706208	2.378095	0.4935475	-0.6078932	2.679468	0.3045984	-0.6106568	2.551129	0.5022667	-0.9671713	2.795321	0.3146099	-0.9812822	2.629015	

0.5985183	-0.2465583	2.529333	0.2085324	-0.195685	2.331423	0.5709648	-0.3457637	2.575567	0.2336446	-0.34446	2.348917	0.5499961	-0.2743887	2.5139	0.2636175	-0.2459814	2.34415	0.4147693	0.6278788	2.458389	0.3558888	0.4951102	2.478189	0.3672214	0.4127133	2.48963	0.3998318	0.1592624	2.513858	0.4407676	-0.1873889	2.53637	0.5272623	0.3491372	2.573673	0.2225086	0.3642179	2.404504	0.5032237	-0.1853217	2.535306	0.3642699	-0.1835044	2.456571	0.5583134	0.01800475	2.513051	0.1773275	0.07066477	2.377985	0.493695	-0.6079488	2.679403	0.3049324	-0.6108697	2.550008	0.5024425	-0.9669681	2.794932	0.3146173	-0.9812402	2.628942	

0.5983279	-0.2459651	2.530111	0.20844	-0.1957507	2.331326	0.5694526	-0.3343113	2.568575	0.2329037	-0.338627	2.345556	0.5497564	-0.2743284	2.514143	0.2607885	-0.2524264	2.341296	0.414063	0.6281881	2.458345	0.3550664	0.4952727	2.478278	0.3665305	0.4129248	2.489829	0.3994352	0.1596624	2.514386	0.4410655	-0.1865619	2.537396	0.5263978	0.3496094	2.574337	0.2206895	0.3664217	2.40508	0.503341	-0.1841042	2.537006	0.3646477	-0.1829869	2.457113	0.5580895	0.01834548	2.513316	0.1770787	0.07037919	2.37798	0.4937367	-0.6080367	2.679352	0.3051	-0.6108847	2.549623	0.5031635	-0.9678509	2.796015	0.3147167	-0.98081	2.628543	

0.5988429	-0.2369239	2.530934	0.2082549	-0.1958026	2.331435	0.5720868	-0.342912	2.580571	0.231451	-0.3443986	2.352821	0.5499839	-0.2646694	2.5145	0.2605778	-0.2503902	2.341174	0.4134717	0.6284785	2.458655	0.3541047	0.4956145	2.47865	0.3655419	0.4133056	2.490251	0.3984978	0.1601413	2.514909	0.4405606	-0.1861346	2.537721	0.5255722	0.3499472	2.574863	0.2190656	0.3673426	2.405438	0.5026861	-0.1835838	2.537616	0.364273	-0.1826566	2.457203	0.553673	0.02619621	2.513529	0.1768645	0.07002976	2.377974	0.4938422	-0.6079766	2.679398	0.3062109	-0.6093452	2.547878	0.5035352	-0.9687873	2.796174	0.3151224	-0.9805921	2.628191	

0.5991312	-0.2398747	2.531855	0.2078639	-0.1957661	2.331566	0.5712002	-0.3423806	2.576571	0.2319842	-0.3376724	2.34504	0.5506988	-0.2723889	2.51629	0.2554741	-0.2418205	2.335643	0.4129272	0.6285747	2.458907	0.353407	0.4957944	2.478678	0.364827	0.4134873	2.490326	0.3978048	0.1603218	2.515104	0.4401258	-0.1860131	2.537886	0.5247123	0.3501858	2.575026	0.2190557	0.3673543	2.405431	0.5021219	-0.1833918	2.537968	0.3639475	-0.1825971	2.457211	0.554526	0.02301739	2.513597	0.1766053	0.06989277	2.37797	0.4934438	-0.6083857	2.679489	0.3062217	-0.6093299	2.547878	0.5037057	-0.9691012	2.79609	0.3155151	-0.9807594	2.627893	

0.5967042	-0.2337967	2.537878	0.2064907	-0.1953886	2.332653	0.5725827	-0.3290885	2.582581	0.2261602	-0.3409451	2.351128	0.5516921	-0.2647769	2.523583	0.2462062	-0.2582012	2.326586	0.4122873	0.6287373	2.459419	0.3525602	0.4958746	2.479264	0.3640529	0.4136048	2.491007	0.3972709	0.1605704	2.516105	0.4401036	-0.1855758	2.539222	0.5235564	0.3507603	2.575893	0.2174598	0.3680754	2.406521	0.5020296	-0.1828474	2.53932	0.3640068	-0.1823072	2.458438	0.552889	0.02828682	2.514316	0.1754759	0.07004455	2.378975	0.4934488	-0.6083335	2.679516	0.3063346	-0.6095281	2.547724	0.5036891	-0.9685985	2.795492	0.3155018	-0.9807034	2.627744	

0.5959337	-0.229992	2.540768	0.2055486	-0.1963452	2.333781	0.5725099	-0.3184609	2.582088	0.2230737	-0.3391992	2.352331	0.5506073	-0.2558886	2.521125	0.2503543	-0.2527356	2.334709	0.4118029	0.6287997	2.459573	0.3519385	0.495903	2.479694	0.3632861	0.4136398	2.491488	0.3960639	0.1606276	2.516705	0.4384244	-0.185521	2.53975	0.5229985	0.3505321	2.576135	0.2157876	0.3685621	2.40782	0.5006545	-0.1829321	2.539677	0.3620695	-0.1821058	2.459107	0.5519893	0.03159137	2.515769	0.1742951	0.06879523	2.379918	0.4934993	-0.608093	2.679732	0.3064609	-0.6097922	2.547726	0.5035412	-0.9685017	2.795105	0.3154546	-0.9806476	2.627724	

0.5959728	-0.229489	2.542591	0.201312	-0.1973606	2.3397	0.6022552	-0.2798314	2.650599	0.2234721	-0.3459003	2.359157	0.560339	-0.2746751	2.539929	0.2517518	-0.2443532	2.34775	0.411116	0.6289263	2.459624	0.351442	0.4959246	2.479809	0.3627781	0.4136516	2.491646	0.395564	0.1606079	2.516982	0.4380309	-0.1855946	2.540082	0.5225613	0.350358	2.576569	0.2159387	0.3684976	2.407769	0.5001222	-0.1830773	2.539859	0.3617877	-0.1821248	2.459608	0.5517064	0.03155506	2.516149	0.173839	0.06857889	2.380363	0.4934455	-0.6080451	2.679753	0.3063459	-0.6095793	2.547009	0.5033209	-0.9683931	2.794967	0.3153933	-0.9807869	2.627559	

0.6030832	-0.2507415	2.548113	0.2005991	-0.1982844	2.340304	0.5740555	-0.3511707	2.589567	0.2186929	-0.3425888	2.357166	0.5594559	-0.2807423	2.53825	0.2458748	-0.2553806	2.334795	0.4105023	0.6288307	2.459895	0.3510798	0.4958771	2.479899	0.3623639	0.4135856	2.491805	0.394995	0.1604707	2.5174	0.4373106	-0.1858695	2.54086	0.5222268	0.3502973	2.5769	0.2160179	0.3684736	2.407819	0.4993643	-0.1832702	2.540513	0.3611571	-0.1824875	2.460469	0.5502495	0.007882519	2.51723	0.1728932	0.06774965	2.381309	0.4932039	-0.608175	2.680204	0.3064366	-0.6087708	2.546587	0.5032859	-0.9683759	2.79507	0.3151855	-0.9806376	2.627138	

0.5990738	-0.2383315	2.545278	0.2004128	-0.1976197	2.340132	0.5872081	-0.3008203	2.615594	0.2151725	-0.3467681	2.359998	0.5540926	-0.2703772	2.529348	0.2514517	-0.2502933	2.341709	0.4100716	0.6289834	2.460101	0.3500021	0.4959884	2.48034	0.3613173	0.413672	2.492231	0.3941105	0.1604875	2.517743	0.4367151	-0.1859342	2.541016	0.5219366	0.3501723	2.576994	0.2154375	0.3676621	2.407976	0.4987694	-0.1833576	2.540745	0.3605868	-0.1825356	2.460528	0.5488445	0.02167957	2.519553	0.1723006	0.06815247	2.382303	0.4930007	-0.607998	2.680587	0.3064182	-0.6083325	2.546916	0.5036075	-0.9678144	2.795317	0.3151296	-0.9806923	2.627047	

0.5962022	-0.2278135	2.548831	0.2004068	-0.1973241	2.339975	0.569899	-0.313483	2.570259	0.2231009	-0.3455155	2.357828	0.558086	-0.2500207	2.531625	0.2576859	-0.2779331	2.35125	0.4093964	0.6293774	2.460211	0.3492827	0.4959152	2.480404	0.3606811	0.4136151	2.49235	0.3936963	0.1604721	2.517982	0.4365281	-0.1859148	2.541339	0.5214485	0.3495111	2.577132	0.2149226	0.3668879	2.408106	0.4985322	-0.1834274	2.541216	0.3604544	-0.1824621	2.460719	0.5476265	0.03161377	2.518747	0.1721494	0.06814573	2.382391	0.4929134	-0.6079849	2.680857	0.3053443	-0.6093569	2.548249	0.5036356	-0.9676765	2.795192	0.315063	-0.9800863	2.626849	

0.59635	-0.2259163	2.552253	0.2005301	-0.1972245	2.339434	0.5869191	-0.2898471	2.614102	0.228949	-0.3449728	2.355917	0.5599297	-0.2686411	2.537077	0.2552741	-0.2425304	2.34075	0.4064867	0.628189	2.460436	0.3476547	0.4956836	2.480489	0.3592474	0.4134414	2.492471	0.3928233	0.1604417	2.518158	0.4362312	-0.1858521	2.541472	0.5203148	0.3494681	2.577579	0.2138006	0.3658045	2.408253	0.4982513	-0.183353	2.541321	0.3601646	-0.1824171	2.46086	0.5470433	0.03250865	2.518886	0.1716939	0.06785911	2.382333	0.4923882	-0.6086465	2.681311	0.3044052	-0.6099206	2.548779	0.5036253	-0.9676235	2.795193	0.3150589	-0.9807088	2.626888	

0.5982428	-0.219176	2.572915	0.2005922	-0.1973533	2.338873	0.62482	-0.2779651	2.671805	0.2274189	-0.3448817	2.354057	0.6002475	-0.275446	2.6348	0.2553302	-0.2440351	2.343091	0.4036561	0.6284819	2.459899	0.3447415	0.4956105	2.480587	0.3569331	0.4134183	2.492686	0.391915	0.1605173	2.518539	0.4362161	-0.1857069	2.541927	0.5189195	0.3499215	2.578375	0.2121531	0.3649761	2.408386	0.498202	-0.1831101	2.541943	0.3601797	-0.1823556	2.461149	0.5458167	0.03353254	2.518686	0.1713242	0.06735965	2.382278	0.492105	-0.609033	2.681902	0.3039898	-0.6096309	2.54868	0.5036218	-0.9675061	2.795306	0.3151418	-0.9806543	2.627019	

0.5986533	-0.2163182	2.580461	0.2005519	-0.1974126	2.337963	0.6286315	-0.2771618	2.675295	0.2282519	-0.3446527	2.352519	0.6050508	-0.2683475	2.649143	0.2542573	-0.2481294	2.339483	0.3994705	0.6277996	2.45855	0.3412433	0.4952892	2.480159	0.3540567	0.4131507	2.492459	0.3907326	0.1604062	2.518718	0.4361946	-0.185712	2.542204	0.5171319	0.350028	2.578322	0.209095	0.3637619	2.408036	0.4981101	-0.1829905	2.542233	0.3602321	-0.1824906	2.461444	0.5452107	0.03359211	2.518349	0.1709865	0.06693166	2.382015	0.4915863	-0.6094684	2.681938	0.3034022	-0.6085892	2.548232	0.5036435	-0.9673864	2.795302	0.3151208	-0.9805147	2.626917	

0.6037275	-0.1957529	2.612713	0.2001453	-0.1973931	2.337136	0.6282585	-0.2924357	2.700581	0.2242503	-0.3459946	2.35214	0.5972641	-0.2604896	2.6441	0.2548589	-0.2514931	2.342932	0.3902677	0.6266769	2.456786	0.3362041	0.4945278	2.479162	0.3496852	0.4125231	2.491749	0.388463	0.1601528	2.518733	0.4359668	-0.1856877	2.542507	0.5112838	0.3506231	2.576906	0.2049525	0.360842	2.406453	0.4977861	-0.1826547	2.542626	0.360034	-0.1827238	2.461734	0.5421101	0.03952465	2.518849	0.1687227	0.06639224	2.381109	0.4908975	-0.6098887	2.681973	0.3036055	-0.6067617	2.546345	0.5036509	-0.9674146	2.795215	0.3151512	-0.9804602	2.62665	

0.6035511	-0.1945593	2.612647	0.1996721	-0.196425	2.336601	0.6334714	-0.2877696	2.691574	0.2256253	-0.3498935	2.354074	0.5963131	-0.2556486	2.641	0.2525279	-0.2507687	2.339869	0.3866637	0.6264113	2.45561	0.331692	0.4936519	2.477919	0.3455811	0.4117891	2.4907	0.3858868	0.1598449	2.518319	0.4356194	-0.1856292	2.54262	0.5093507	0.3504038	2.576761	0.202197	0.3598984	2.405642	0.4973121	-0.1822947	2.542885	0.3597236	-0.1828826	2.461741	0.5407991	0.03963506	2.517966	0.1656975	0.06672511	2.380317	0.4898635	-0.6104119	2.681711	0.302981	-0.6066213	2.546056	0.5036474	-0.9674399	2.795134	0.3149246	-0.9803573	2.626358	

0.5805684	-0.2187783	2.55017	0.1949966	-0.1969443	2.334324	0.5793979	-0.282517	2.612115	0.2250764	-0.3509886	2.354466	0.5514146	-0.2582985	2.532667	0.250206	-0.2461119	2.341107	0.3782873	0.6241065	2.453114	0.3266544	0.4915269	2.475631	0.3398902	0.4097044	2.488071	0.3784317	0.1580931	2.51478	0.4282084	-0.1863064	2.5388	0.5035259	0.3507005	2.575222	0.1970561	0.3586947	2.404182	0.4908154	-0.1825442	2.539801	0.3516372	-0.184088	2.456925	0.5365536	0.03890955	2.515456	0.1621165	0.06590626	2.379121	0.4880305	-0.6108924	2.681035	0.3026789	-0.606271	2.545214	0.5031788	-0.9682925	2.795419	0.3148711	-0.9803151	2.626391	

0.5864968	-0.2370449	2.555729	0.192651	-0.198148	2.333942	0.6159061	-0.2778642	2.65979	0.2201488	-0.3530182	2.355891	0.5481051	-0.2866353	2.53375	0.2505591	-0.2532401	2.34495	0.370517	0.6229483	2.450979	0.3193982	0.4898245	2.473142	0.3335256	0.4082629	2.486012	0.3746344	0.1573186	2.513879	0.4271024	-0.1864754	2.538816	0.4975003	0.3502824	2.572781	0.1903074	0.355981	2.4015	0.4889584	-0.1821919	2.539407	0.3509493	-0.1846434	2.45721	0.5298675	0.01616348	2.513051	0.1560656	0.06441031	2.376555	0.4860246	-0.611522	2.680034	0.2985321	-0.6060722	2.544271	0.5016831	-0.9677863	2.794655	0.3144884	-0.980249	2.62694	

0.5871327	-0.2353047	2.556409	0.1913552	-0.1982918	2.333781	0.6088224	-0.2866177	2.66893	0.2200682	-0.3528755	2.354958	0.5493263	-0.2762293	2.536571	0.2500772	-0.2521545	2.343456	0.3649634	0.6219354	2.449575	0.3133968	0.489252	2.471095	0.3271441	0.407751	2.484157	0.3674197	0.1570422	2.51283	0.4198985	-0.1862683	2.539248	0.4931263	0.3521867	2.572637	0.1856653	0.355195	2.399557	0.4807154	-0.1819316	2.539762	0.3453052	-0.1845512	2.457664	0.524939	0.01544514	2.509219	0.1512578	0.06387287	2.375149	0.4836482	-0.6133253	2.679121	0.2957943	-0.6050583	2.542679	0.5012564	-0.9677097	2.794302	0.3138243	-0.9811127	2.627604	

0.5780137	-0.2529591	2.538723	0.1895588	-0.1994638	2.332394	0.5586604	-0.357457	2.583581	0.2203623	-0.3535255	2.353557	0.5417498	-0.3056827	2.530636	0.2481599	-0.2454123	2.3373	0.351945	0.6204186	2.445685	0.3051722	0.4863531	2.467844	0.3188628	0.4051445	2.480637	0.3591274	0.1553468	2.508575	0.4120478	-0.1866408	2.534252	0.4801375	0.3539627	2.567342	0.175193	0.3518265	2.394682	0.4745778	-0.1819157	2.535407	0.3359804	-0.1854065	2.452023	0.519357	0.001565492	2.504218	0.1460012	0.06255404	2.371186	0.4812461	-0.6140248	2.676196	0.2930863	-0.6056052	2.540405	0.5008044	-0.9678765	2.793683	0.3135968	-0.9810181	2.627578	

0.5776768	-0.253559	2.525673	0.1902215	-0.2029022	2.328172	0.5455002	-0.3395361	2.554599	0.2213584	-0.353478	2.350422	0.5362744	-0.2843706	2.523917	0.2479842	-0.242592	2.333929	0.3265326	0.6174099	2.433655	0.2850452	0.4803108	2.459809	0.300845	0.3996391	2.472913	0.3469082	0.1513114	2.501866	0.4059832	-0.1890507	2.528987	0.4624346	0.3537326	2.56093	0.1587813	0.3481877	2.386878	0.4679514	-0.1830548	2.528947	0.3305786	-0.1889223	2.447738	0.5144804	0.002280514	2.504823	0.1303613	0.05642024	2.362164	0.4771766	-0.616388	2.667649	0.2902946	-0.6059205	2.536724	0.5006133	-0.967637	2.792842	0.3122559	-0.9811361	2.62752	

0.5772538	-0.2563832	2.527738	0.189413	-0.2058163	2.321185	0.5590929	-0.3577338	2.585581	0.2175442	-0.3397305	2.344836	0.5388265	-0.3159008	2.531727	0.2435147	-0.232701	2.324913	0.3215083	0.6157417	2.432307	0.2811059	0.4792878	2.458643	0.2966495	0.3983968	2.471703	0.3423817	0.1494683	2.500571	0.4021595	-0.1913577	2.527722	0.4571239	0.3536024	2.558902	0.1543791	0.3469585	2.38464	0.4634103	-0.1845755	2.526341	0.327305	-0.1920739	2.447635	0.5107273	-0.00172091	2.503304	0.1238997	0.05201554	2.359059	0.4764548	-0.6162484	2.663237	0.2870235	-0.6064404	2.533599	0.5005572	-0.9677965	2.792227	0.3120311	-0.9817805	2.627482	

0.5657929	-0.2175909	2.522495	0.1879649	-0.2042481	2.316368	0.5879667	-0.2768177	2.621884	0.2141454	-0.3289924	2.339046	0.5271005	-0.2625577	2.503715	0.2427011	-0.2189367	2.32225	0.317227	0.614781	2.430578	0.2778551	0.4782458	2.456764	0.2937505	0.3973838	2.470254	0.340508	0.1485968	2.500124	0.4013474	-0.1920302	2.528037	0.4522875	0.3511974	2.555377	0.1479955	0.3465373	2.38215	0.4625146	-0.1847358	2.526453	0.3266217	-0.1935333	2.448352	0.4944242	0.03529707	2.495328	0.1191699	0.05239472	2.355504	0.4749042	-0.6157678	2.65646	0.2858802	-0.6071134	2.530829	0.5006105	-0.9678224	2.791756	0.3110126	-0.9821702	2.626817	

0.5566925	-0.2405558	2.514754	0.1790942	-0.2023346	2.294762	0.5524294	-0.3429967	2.554588	0.2255544	-0.3073147	2.339242	0.5217819	-0.2811498	2.491727	0.2305286	-0.2306302	2.301208	0.3071834	0.6117966	2.42494	0.2687199	0.4759897	2.451865	0.2847726	0.3949798	2.465963	0.3322906	0.1458302	2.49763	0.3947293	-0.195057	2.527757	0.4467463	0.3515814	2.554574	0.1414621	0.3457546	2.377289	0.4534943	-0.1866044	2.524398	0.3220368	-0.1974102	2.449522	0.4965032	0.01663508	2.497172	0.1061573	0.05165253	2.346166	0.4792981	-0.6154472	2.649459	0.2816665	-0.6181543	2.531435	0.5015895	-0.9686863	2.789372	0.3101548	-0.9821821	2.626327	

0.5645496	-0.2535662	2.523127	0.1782512	-0.2019716	2.296731	0.5571003	-0.3624386	2.544565	0.2123442	-0.2949665	2.321139	0.5305318	-0.2929807	2.494445	0.2173418	-0.1678227	2.307389	0.2968408	0.6082466	2.419121	0.2589234	0.472284	2.446231	0.2765553	0.3917848	2.460859	0.328132	0.1439452	2.494089	0.3940721	-0.195759	2.526017	0.4335155	0.3498697	2.548484	0.1326942	0.3424178	2.370013	0.4531386	-0.1857708	2.522221	0.3210669	-0.2001605	2.447705	0.4917344	-0.00139734	2.494335	0.09335456	0.04994579	2.336576	0.486476	-0.6103258	2.630003	0.2790584	-0.6245881	2.532394	0.5035462	-0.9702147	2.78504	0.3082821	-0.9817662	2.6248	

0.563291	-0.2561185	2.524108	0.1630293	-0.2103072	2.290502	0.561076	-0.3743679	2.531546	0.1890779	-0.2908746	2.318102	0.5295489	-0.2923879	2.4856	0.1980065	-0.1752516	2.302177	0.2803742	0.6010265	2.407766	0.2430669	0.4635584	2.436208	0.2608404	0.383436	2.451943	0.3138524	0.136989	2.488502	0.3839705	-0.2003352	2.524645	0.4195995	0.3509551	2.544672	0.1187464	0.3340265	2.36057	0.4424487	-0.1870819	2.519891	0.3121113	-0.2077782	2.447703	0.4803757	-0.00746025	2.493967	0.06999257	0.03890591	2.32832	0.5006037	-0.6143747	2.618998	0.2778255	-0.6277454	2.531271	0.5048494	-0.9811187	2.772977	0.307045	-0.982084	2.625194	

0.5630985	-0.2594699	2.520825	0.1576433	-0.2136147	2.288108	0.5609698	-0.3639134	2.530887	0.1886812	-0.2984143	2.328995	0.5291751	-0.2944786	2.488111	0.2031074	-0.2228601	2.300615	0.2748916	0.5996913	2.40408	0.2378668	0.4616118	2.432773	0.2558475	0.3813812	2.448807	0.309496	0.1346464	2.486254	0.3806893	-0.2028494	2.52374	0.4123537	0.3476295	2.53991	0.11413	0.3313101	2.357812	0.4393275	-0.188025	2.518661	0.3089919	-0.2119671	2.447341	0.4770694	-0.01073071	2.497829	0.0654234	0.03582758	2.32664	0.5027581	-0.6136955	2.615045	0.278988	-0.6293918	2.529096	0.5034078	-0.9848887	2.76353	0.3070895	-0.9821234	2.625196	

0.5563245	-0.2630793	2.510287	0.1522746	-0.2147232	2.285436	0.5602493	-0.3772561	2.527877	0.188988	-0.2924887	2.332555	0.5219032	-0.3001621	2.478667	0.1967375	-0.2272236	2.2872	0.2700212	0.5983114	2.401262	0.2328166	0.460693	2.430039	0.2514341	0.3804179	2.446664	0.306721	0.1336229	2.485538	0.3793125	-0.2039317	2.524318	0.4102999	0.3472694	2.538974	0.1087712	0.3293251	2.355291	0.4380697	-0.1885952	2.519079	0.3077635	-0.2133909	2.448128	0.4748521	-0.011264	2.499126	0.06042202	0.03469406	2.325578	0.5041534	-0.6123577	2.612097	0.2800491	-0.6309441	2.527613	0.5003852	-0.9869791	2.753917	0.3071648	-0.982129	2.625298	

0.5486797	-0.2599214	2.50255	0.1384454	-0.210582	2.278267	0.5507335	-0.3704198	2.52816	0.184018	-0.2689101	2.31874	0.50628	-0.2912166	2.4809	0.1931665	-0.2071686	2.276636	0.2532181	0.5936888	2.38889	0.2229298	0.4561814	2.423481	0.2420924	0.3763939	2.44097	0.2992658	0.1309143	2.48238	0.3746762	-0.2052208	2.524085	0.3994473	0.3513575	2.532165	0.0945224	0.3250839	2.350561	0.4336821	-0.1891249	2.518454	0.3032533	-0.2152036	2.448366	0.4702355	-0.006364258	2.499825	0.04223272	0.03603261	2.327753	0.5037065	-0.6117783	2.60993	0.281949	-0.634437	2.526054	0.4998543	-0.9905425	2.716968	0.3074492	-0.9827253	2.62506	

0.5445519	-0.2592054	2.50048	0.1326302	-0.2069897	2.275684	0.5427228	-0.3701667	2.526069	0.2092436	-0.2816996	2.355189	0.5028868	-0.2920088	2.483818	0.2268916	-0.1930714	2.303534	0.2480345	0.5925456	2.385494	0.2187232	0.4546225	2.421445	0.2377425	0.3747855	2.438977	0.2946669	0.1292155	2.480751	0.3704608	-0.2067879	2.523599	0.3966113	0.3524547	2.531038	0.08925162	0.3235427	2.349947	0.4294263	-0.190277	2.51789	0.2993798	-0.2169574	2.448	0.4659019	-0.005609485	2.499173	0.03288665	0.03760516	2.329229	0.5020306	-0.6126165	2.609523	0.2826506	-0.6377473	2.527106	0.4974051	-0.9903918	2.707326	0.307364	-0.9851994	2.626498	

0.2172126	-0.1804137	2.301787	0.1248538	-0.203355	2.266842	0.1035928	-0.20221	2.250866	0.17968	-0.2447189	2.298124	0.1430802	-0.162057	2.2238	0.1734964	-0.1921319	2.24264	0.2375473	0.5884289	2.378932	0.2104837	0.450607	2.416802	0.2295463	0.3708637	2.435443	0.2861948	0.1253667	2.480293	0.3602903	-0.2110908	2.528138	0.3876732	0.3548104	2.524921	0.08056478	0.3202682	2.348584	0.4170963	-0.1956703	2.521714	0.2914158	-0.2200847	2.453156	0.4598329	-0.002838148	2.497371	0.02248559	0.03674874	2.337173	0.4953432	-0.6184098	2.613016	0.2842326	-0.649017	2.53243	0.4949164	-0.9898833	2.706367	0.3081386	-0.9856361	2.625256	

0.2148794	-0.1846501	2.299908	0.1190152	-0.2034935	2.263009	0.1074354	-0.19993	2.255978	0.1762384	-0.2191786	2.285607	0.1441402	-0.165653	2.224093	0.1654568	-0.1808232	2.232526	0.229941	0.585767	2.374578	0.2032023	0.4491583	2.413777	0.2224655	0.3691779	2.43305	0.2798484	0.1231076	2.479823	0.355232	-0.2138299	2.530014	0.3820924	0.3553242	2.521752	0.07304635	0.3166858	2.348644	0.4132703	-0.1967868	2.522234	0.285178	-0.2248381	2.456981	0.4573256	-0.001749122	2.497823	0.01748747	0.03511705	2.340548	0.4927589	-0.6185598	2.6141	0.2837785	-0.6533169	2.535422	0.4967173	-0.9904134	2.70612	0.3080675	-0.9859969	2.625429	

0.2134902	-0.1863511	2.299047	0.118057	-0.2014073	2.262797	0.1046889	-0.2025707	2.267182	0.1780623	-0.2221084	2.288938	0.1457597	-0.1690727	2.228595	0.1692795	-0.1845643	2.239395	0.2254717	0.5841377	2.372711	0.1978355	0.447394	2.412225	0.2179591	0.3677626	2.432306	0.2772285	0.1224494	2.48089	0.3538598	-0.2137329	2.534307	0.3789479	0.3563438	2.52077	0.06999547	0.3154637	2.34817	0.4109365	-0.1965043	2.526861	0.2848593	-0.2246912	2.460804	0.4537308	-0.0008488447	2.497081	0.0141987	0.03529189	2.343563	0.4912238	-0.6182074	2.614382	0.28267	-0.6564977	2.536563	0.4971482	-0.9904442	2.705525	0.3080964	-0.9860904	2.625311	

0.2165677	-0.1820844	2.301183	0.1181644	-0.2004716	2.262878	0.2294184	-0.3133861	2.376044	0.2070002	-0.2393621	2.326583	0.1568493	-0.216618	2.262947	0.2274149	-0.1817695	2.2834	0.222785	0.5837743	2.371229	0.1959288	0.44641	2.411592	0.2164341	0.3670282	2.431868	0.2768167	0.1223265	2.480955	0.3542898	-0.2133438	2.534893	0.3767204	0.3565898	2.520176	0.06838906	0.315089	2.347918	0.411911	-0.1957137	2.527829	0.2850011	-0.2245118	2.461098	0.4090767	0.09306617	2.449718	0.01282417	0.0354372	2.344113	0.4898175	-0.6176476	2.614966	0.2813579	-0.6552307	2.536058	0.4961806	-0.9903014	2.703939	0.3077026	-0.9866905	2.625817	

0.2139843	-0.1553443	2.305897	0.1183033	-0.1996432	2.26296	0.174051	-0.2362746	2.284813	0.1782059	-0.2364544	2.279128	0.1779692	-0.1447819	2.2765	0.1755362	-0.1987939	2.239818	0.2210754	0.583507	2.370342	0.1939743	0.4454334	2.411502	0.2143417	0.3660997	2.431803	0.2747714	0.1217529	2.481218	0.353295	-0.2132788	2.535382	0.3718575	0.356957	2.518879	0.06480794	0.3150365	2.347615	0.4108821	-0.1954463	2.528593	0.2840967	-0.2245722	2.461297	0.4093289	0.09337169	2.452459	0.01153991	0.03571166	2.343913	0.4862767	-0.6161022	2.614088	0.2776734	-0.6523756	2.534816	0.4963193	-0.99038	2.704008	0.3072891	-0.9866911	2.625765	

0.2123285	-0.1786008	2.300551	0.1168237	-0.2000368	2.263369	0.2059795	-0.3158081	2.377618	0.1934929	-0.2412767	2.281093	0.1207935	-0.2178313	2.255	0.1858012	-0.1334726	2.3068	0.2203242	0.5834954	2.369854	0.1925201	0.4451318	2.411103	0.2129084	0.3657824	2.431433	0.2736648	0.1214829	2.481108	0.3530069	-0.2133409	2.535479	0.3694876	0.3564211	2.518691	0.06156886	0.3146819	2.347897	0.410759	-0.1954623	2.528844	0.2834798	-0.2246957	2.461156	0.4060362	0.09200752	2.456129	0.0107851	0.03573385	2.344025	0.4851464	-0.6160248	2.613738	0.2758099	-0.6507071	2.534188	0.495151	-0.9903488	2.703882	0.3074256	-0.9867579	2.625599	

0.211919	-0.1781037	2.300822	0.1122251	-0.2000975	2.260356	0.1366625	-0.2273122	2.255438	0.1750674	-0.2391807	2.265459	0.1461702	-0.1769597	2.227724	0.1480928	-0.1475371	2.25696	0.2200285	0.5835474	2.369755	0.1901812	0.4452513	2.411113	0.2106904	0.3658482	2.431408	0.2719772	0.1214542	2.481142	0.3524399	-0.2133406	2.535566	0.3684874	0.3562459	2.51917	0.05966319	0.314618	2.348867	0.4104825	-0.1954509	2.529095	0.2824838	-0.2246728	2.460931	0.4057632	0.09200396	2.456251	0.008256114	0.03664153	2.340902	0.4847122	-0.6162624	2.613288	0.2738054	-0.6499292	2.533739	0.4939493	-0.9900842	2.703455	0.3070493	-0.9865265	2.625112	

0.2149076	-0.1828711	2.302816	0.09128129	-0.1902699	2.212203	0.1417681	-0.2621738	2.232876	0.1640467	-0.2574685	2.223314	0.1633796	-0.2030506	2.19675	0.1428585	-0.1672307	2.20316	0.21975	0.5836505	2.369739	0.1892246	0.4452063	2.411391	0.209819	0.3657868	2.431594	0.2713862	0.1213781	2.481177	0.3523325	-0.2133595	2.535526	0.3678735	0.3563327	2.519491	0.05877082	0.3148236	2.349114	0.4104794	-0.1954297	2.529127	0.2821016	-0.224802	2.460626	0.4042771	0.09207152	2.455919	0.003173579	0.03967473	2.32874	0.4834698	-0.6174008	2.611711	0.2726494	-0.6489443	2.533077	0.4937939	-0.990289	2.703041	0.3062637	-0.9858066	2.624145	

0.6581368	-0.148893	2.687067	0.0563479	-0.1589981	2.090961	0.6881995	-0.2059491	2.704799	0.1101558	-0.3101735	2.04291	0.6402608	-0.1749028	2.634778	0.1327147	-0.221042	2.067412	0.2191871	0.5841262	2.3708	0.1878863	0.4457124	2.412438	0.2079201	0.3660247	2.432357	0.2662393	0.1203252	2.480844	0.3404687	-0.2178559	2.531805	0.3659273	0.3567782	2.5204	0.05813296	0.3152078	2.34882	0.396814	-0.2021999	2.526624	0.2725229	-0.2270423	2.455892	0.5036673	0.06375264	2.664513	-0.007856346	0.05436917	2.26474	0.4825348	-0.6180333	2.607853	0.2710572	-0.64821	2.531605	0.4932868	-0.9900702	2.702244	0.3065366	-0.9854314	2.623151	

0.6710363	-0.1364142	2.694236	0.04688562	-0.1465293	2.062775	0.709969	-0.1901814	2.717781	0.09383914	-0.289629	1.982379	0.6842588	-0.1837185	2.7035	0.1185624	-0.2123677	2.023938	0.218785	0.5845051	2.371375	0.1866454	0.4462304	2.413237	0.2061294	0.3663355	2.432916	0.2623091	0.119811	2.480493	0.3346429	-0.2193865	2.530151	0.3641913	0.3580443	2.522117	0.0579896	0.3153412	2.348678	0.3908289	-0.2047194	2.526013	0.2670615	-0.2274218	2.453079	0.5056418	0.06674346	2.666307	-0.007716313	0.05541302	2.264135	0.481519	-0.6180693	2.603993	0.2696599	-0.6478633	2.530101	0.492286	-0.9891293	2.700898	0.3069116	-0.9859705	2.623165	

0.6763109	-0.1291251	2.697324	0.03397527	-0.1244825	2.041207	0.729866	-0.1756503	2.723179	0.07547409	-0.2606411	1.93382	0.6990657	-0.1707833	2.704	0.09804478	-0.1750732	1.977219	0.2181132	0.5851784	2.373162	0.1850797	0.4468148	2.414377	0.2042532	0.3666237	2.433709	0.2596585	0.1192851	2.480418	0.3316357	-0.2207665	2.529142	0.3630035	0.3584035	2.522729	0.05767519	0.3157315	2.348481	0.3881511	-0.2066686	2.525635	0.2638491	-0.2280853	2.451326	0.5093384	0.07322135	2.67172	-0.008714404	0.06059812	2.260105	0.4809121	-0.6166396	2.599968	0.2682657	-0.6469941	2.528926	0.4924381	-0.9890828	2.700264	0.3069246	-0.9857933	2.623046	

0.693978	-0.102893	2.705882	0.0132994	-0.08474498	1.99825	0.7629257	-0.1465197	2.735731	0.04823315	-0.2197417	1.868039	0.7360852	-0.1394342	2.708231	0.07950196	-0.1369562	1.922448	0.2173665	0.5857898	2.374422	0.1838628	0.4471564	2.415592	0.2029011	0.366798	2.434596	0.258239	0.119131	2.480597	0.3304801	-0.2210322	2.528804	0.3616319	0.3592659	2.524761	0.05700511	0.3160869	2.347992	0.3868482	-0.2070355	2.525374	0.2629899	-0.2282008	2.450941	0.5155253	0.08850987	2.677754	-0.01706564	0.06898876	2.246381	0.4807799	-0.6140414	2.596579	0.2680163	-0.6468189	2.528684	0.4921022	-0.9889538	2.699983	0.3069405	-0.9856226	2.622739	

0.6999693	-0.09632265	2.706832	0.01086661	-0.07611874	1.997016	0.7757564	-0.1466108	2.737464	0.03481636	-0.2008783	1.841629	0.7389389	-0.1310335	2.6912	0.0765926	-0.1249456	1.90275	0.21692	0.5862378	2.375268	0.1829982	0.447197	2.416863	0.2019153	0.3667439	2.435476	0.2570475	0.1188966	2.480679	0.3290008	-0.2213484	2.527973	0.3612348	0.3593684	2.52579	0.05647583	0.3163915	2.347614	0.3855151	-0.2075389	2.524928	0.2614507	-0.2282355	2.449638	0.5191558	0.09317268	2.681499	-0.01871621	0.07206909	2.239861	0.4804967	-0.6133266	2.594379	0.2673856	-0.6469574	2.528385	0.4919606	-0.9891801	2.69976	0.3073409	-0.990696	2.626361	

0.70465	-0.09078343	2.707991	0.007670776	-0.05980929	1.993787	0.7828084	-0.1315854	2.736124	0.02342092	-0.1804636	1.821016	0.7426531	-0.1160101	2.675625	0.06673066	-0.1106725	1.88996	0.2164043	0.5862875	2.376344	0.1828161	0.4470643	2.417614	0.2017001	0.3665835	2.436023	0.2569261	0.1187451	2.480816	0.3290173	-0.2214276	2.52795	0.3608238	0.3594604	2.526221	0.05602868	0.3165223	2.347323	0.3855309	-0.2076382	2.525002	0.2615052	-0.2283451	2.44947	0.5210746	0.09581203	2.683201	-0.02015689	0.075166	2.233422	0.4805378	-0.6123661	2.592871	0.2670729	-0.6450345	2.52707	0.4919541	-0.9891396	2.699369	0.3073975	-0.9886977	2.625299	

0.7172287	-0.07596055	2.717835	-0.01095713	-0.04678596	1.964124	0.8022981	-0.1134477	2.74994	-0.01025136	-0.154662	1.781622	0.7723802	-0.112238	2.705429	0.0463114	-0.1016611	1.853518	0.2162263	0.586399	2.376866	0.1824426	0.4470478	2.417941	0.2013088	0.3665089	2.436235	0.25658	0.1185318	2.48073	0.3288535	-0.2217946	2.527472	0.3603499	0.3597201	2.526626	0.05550699	0.3163525	2.34677	0.3854363	-0.2077613	2.524915	0.2613406	-0.2290343	2.448312	0.5249356	0.09947179	2.68615	-0.02671327	0.09248285	2.202161	0.4809142	-0.6114643	2.591222	0.2665588	-0.6448215	2.526977	0.4920349	-0.9892765	2.699016	0.3068928	-0.9885387	2.625085	

0.7198533	-0.07489607	2.722187	-0.02370659	-0.05665663	1.943368	0.80125	-0.1096341	2.748441	-0.03440414	-0.1711028	1.768072	0.7707983	-0.1056292	2.708111	0.03978759	-0.1105619	1.840045	0.2159312	0.5866584	2.378003	0.1823859	0.4470066	2.418129	0.2012918	0.3664645	2.436262	0.2568568	0.1180941	2.479958	0.3311767	-0.2232558	2.52322	0.359941	0.3598842	2.526552	0.0552702	0.3163671	2.344847	0.3884463	-0.2074551	2.522104	0.262955	-0.2328938	2.441779	0.5298465	0.1024525	2.688061	-0.03011483	0.1054816	2.166584	0.4808713	-0.61009	2.588639	0.265781	-0.6445902	2.527125	0.4917668	-0.9892251	2.698674	0.3066737	-0.9886214	2.624954	

0.7214881	-0.07245339	2.725446	-0.02655566	-0.05515311	1.944782	0.8077564	-0.1105342	2.770774	-0.04677854	-0.1744929	1.771087	0.7832147	-0.1103174	2.733	0.03510637	-0.118181	1.837381	0.2160277	0.5871133	2.378345	0.1823659	0.4470316	2.418152	0.2012907	0.3664631	2.436259	0.2571636	0.1178089	2.479566	0.3325233	-0.2240974	2.522311	0.359981	0.3598387	2.526599	0.05554135	0.3160287	2.342881	0.3902014	-0.2077211	2.520965	0.2639509	-0.2340399	2.441284	0.5311376	0.1036968	2.688377	-0.03055983	0.1069819	2.168079	0.4819442	-0.6093857	2.587503	0.2647727	-0.6439402	2.5276	0.4915125	-0.9893127	2.698377	0.3059957	-0.9878898	2.624412	

0.7232392	-0.07211587	2.730109	-0.03148821	-0.05672956	1.946019	0.8028145	-0.09917538	2.770951	-0.05528091	-0.1722207	1.766675	0.7664326	-0.095519	2.710286	0.02554651	-0.118903	1.840909	0.2164389	0.5877912	2.378584	0.1827439	0.4470434	2.418052	0.2017074	0.3663841	2.435794	0.2579401	0.1171613	2.476177	0.3331172	-0.2253968	2.513484	0.3602878	0.3598731	2.52636	0.05611135	0.3156631	2.341518	0.3931691	-0.2083	2.513644	0.2617669	-0.2357795	2.431026	0.5349928	0.1056134	2.690607	-0.03042889	0.1069143	2.168237	0.4834281	-0.6086782	2.585465	0.2638944	-0.6436708	2.527949	0.4919856	-0.9896791	2.698472	0.3052232	-0.9874707	2.624266	

0.7261237	-0.07144286	2.738954	-0.03722823	-0.05737179	1.946275	0.8075959	-0.10226	2.778933	-0.05097324	-0.1734943	1.777908	0.7690196	-0.08866727	2.720813	0.01895893	-0.124226	1.842529	0.2170208	0.5885372	2.378809	0.1835209	0.447419	2.417914	0.2024178	0.3666721	2.435397	0.2587206	0.117383	2.475072	0.333752	-0.2251155	2.512412	0.3619279	0.3590456	2.525469	0.05668344	0.315666	2.340552	0.3943049	-0.2082452	2.512143	0.2620719	-0.2352945	2.430419	0.5410771	0.1076053	2.692914	-0.03034221	0.1069703	2.1679	0.4843734	-0.6076147	2.584103	0.2638083	-0.6429249	2.527977	0.4933117	-0.9900064	2.698598	0.3046925	-0.9884194	2.626067	

0.747634	-0.039542	2.768177	-0.07597215	-0.06293638	1.956895	0.8307665	-0.08499159	2.801927	-0.1373786	-0.2083733	1.794768	0.7755296	-0.0583504	2.717875	-0.04419713	-0.168457	1.857689	0.2195009	0.5894268	2.379345	0.1860844	0.44753	2.417706	0.2048078	0.3666703	2.434732	0.2609512	0.1172426	2.473441	0.3356882	-0.225107	2.510441	0.3649578	0.3581025	2.522764	0.05977771	0.3164922	2.338512	0.3964581	-0.2085662	2.50962	0.263752	-0.2349032	2.42916	0.5573035	0.1237341	2.698609	-0.02527701	0.1153596	2.160954	0.4872319	-0.6073861	2.581477	0.2641067	-0.6465644	2.528531	0.4952288	-0.991105	2.697893	0.3047037	-0.988466	2.626263	

0.7590172	-0.02017316	2.778569	-0.08362903	-0.06379859	1.959912	0.8138201	-0.08549178	2.81779	-0.1676357	-0.2122801	1.857	0.8010553	-0.06437844	2.7673	-0.07953594	-0.1683926	1.883522	0.2222188	0.5907127	2.379776	0.1886066	0.4484332	2.417081	0.2071911	0.3674555	2.433434	0.263272	0.1179283	2.469907	0.337807	-0.2243321	2.503594	0.3664868	0.3596537	2.522163	0.06313141	0.3179126	2.334924	0.3990084	-0.2074802	2.504154	0.265283	-0.23431	2.421262	0.5619761	0.1296723	2.700119	-0.02404961	0.1173409	2.158934	0.4888797	-0.6078195	2.579463	0.2643425	-0.6459775	2.527975	0.4966174	-0.990369	2.696041	0.3046295	-0.9889935	2.626878	

0.7626817	-0.01994253	2.779786	-0.09310561	-0.06435573	1.963067	0.7982838	-0.09764509	2.834816	-0.1741791	-0.2160293	1.874989	0.7978932	-0.06873254	2.772665	-0.09224691	-0.1671823	1.891455	0.2242481	0.5913815	2.380252	0.1901769	0.4487912	2.416708	0.2089309	0.3678319	2.432533	0.2655774	0.1184787	2.467292	0.3409321	-0.2232857	2.498968	0.3702995	0.3578483	2.520931	0.06542598	0.3186627	2.333026	0.4027662	-0.2069132	2.50034	0.2677552	-0.2326113	2.41584	0.5667143	0.1323186	2.702863	-0.02406161	0.1206511	2.155121	0.4908143	-0.6089052	2.578388	0.2645025	-0.6459784	2.527862	0.4968422	-0.9903535	2.695569	0.3046644	-0.989012	2.626887	

0.7630132	-0.01680244	2.785061	-0.1135737	-0.08005302	1.966594	0.7635135	-0.09638037	2.796681	-0.1683654	-0.2396646	1.927251	0.7645165	-0.05471156	2.75	-0.1070277	-0.1670336	1.914958	0.2260839	0.592195	2.380419	0.1922366	0.4494939	2.416353	0.2111446	0.3686541	2.431724	0.2681935	0.1198061	2.465388	0.3442061	-0.2209878	2.496152	0.3732944	0.3604087	2.521731	0.06668716	0.319331	2.332344	0.4060729	-0.2049389	2.497987	0.270912	-0.2299813	2.412697	0.5690857	0.1373382	2.706852	-0.02980778	0.1094606	2.147535	0.4930592	-0.6091164	2.576539	0.2656814	-0.6483727	2.527908	0.4973443	-0.9902192	2.695073	0.3044826	-0.9881617	2.625548	

0.7512822	-0.01885453	2.805008	-0.1187305	-0.07916068	1.971549	0.767756	-0.09602769	2.810652	-0.1430685	-0.2085255	1.943142	0.7643431	-0.05282442	2.763154	-0.09693579	-0.1636138	1.936167	0.2277653	0.5921515	2.380373	0.1944019	0.4499497	2.416068	0.2132175	0.3690711	2.431211	0.2698794	0.1201357	2.464638	0.3454657	-0.220726	2.495591	0.3758422	0.3604889	2.520359	0.06686213	0.3194996	2.332257	0.4074431	-0.2047369	2.496749	0.2722134	-0.2296249	2.412701	0.5719768	0.1416983	2.709505	-0.03401495	0.1090067	2.153474	0.4948427	-0.6094368	2.57339	0.2662317	-0.6508302	2.52794	0.4974237	-0.9898286	2.69387	0.3049378	-0.9876988	2.625283	

0.7956037	0.03198866	2.789249	-0.124938	-0.06773204	1.966624	0.8409385	-0.05469466	2.816922	-0.1545101	-0.1947279	1.887968	0.7936046	-0.01799076	2.833572	-0.1092812	-0.1271236	1.888348	0.2296675	0.5923063	2.380515	0.1979916	0.4494662	2.416831	0.2161438	0.3687215	2.431535	0.2712732	0.1200949	2.464378	0.3458516	-0.2205593	2.495229	0.3784569	0.3605487	2.519327	0.06916833	0.3199823	2.334424	0.4080672	-0.2047476	2.495995	0.2724482	-0.2293398	2.41261	0.5761041	0.1456659	2.7109	-0.03736841	0.1117559	2.165071	0.4959398	-0.6103861	2.572087	0.2673603	-0.6488184	2.526642	0.4963227	-0.9903563	2.692705	0.3051152	-0.9877313	2.625149	

0.801847	0.03090598	2.782217	-0.1293219	-0.03578607	1.961792	0.8709303	-0.04076181	2.82972	-0.1602122	-0.1808714	1.844677	0.8148538	-0.003544954	2.824462	-0.110206	-0.1075555	1.865964	0.2310556	0.592035	2.380618	0.1993643	0.4494576	2.41685	0.2173317	0.368751	2.431315	0.2720216	0.1202694	2.463603	0.3460171	-0.2199921	2.493458	0.3805255	0.3614873	2.519024	0.06897774	0.320102	2.334875	0.4089247	-0.2042726	2.493806	0.2720086	-0.22867	2.411232	0.5819044	0.1480618	2.708877	-0.04120173	0.1207964	2.171372	0.4971443	-0.6109039	2.571131	0.26778	-0.649277	2.526584	0.4969675	-0.9906305	2.692782	0.3051575	-0.9878527	2.625491	

0.8047298	0.02974049	2.778336	-0.1280328	-0.03651094	1.962895	0.8667233	-0.04825213	2.816053	-0.1513787	-0.1818588	1.839598	0.8086521	-0.01305585	2.815	-0.1034589	-0.1099215	1.864783	0.2320816	0.5919493	2.38069	0.200155	0.4496121	2.417113	0.2180838	0.3689313	2.431458	0.2725785	0.120541	2.463506	0.3463307	-0.2195677	2.493246	0.383185	0.3656236	2.521191	0.06896393	0.3203136	2.336159	0.4095718	-0.2035618	2.493217	0.2720961	-0.2284403	2.411268	0.5842553	0.1482474	2.707769	-0.04193379	0.1212561	2.172611	0.4977847	-0.6113799	2.570511	0.2681264	-0.6500917	2.526522	0.4970579	-0.9906337	2.692807	0.3054756	-0.9887961	2.62641	

0.747475	-0.07926524	2.716704	-0.05256186	-0.1429683	2.0441	0.7154297	-0.1592295	2.696527	-0.0341056	-0.2950899	1.984355	0.7121249	-0.1474899	2.684	0.00334045	-0.1979035	1.996	0.233573	0.5920001	2.380077	0.2039361	0.4491477	2.417065	0.2209671	0.3685506	2.43173	0.2735361	0.1203745	2.464412	0.3454529	-0.2195567	2.496691	0.3869064	0.3650777	2.51909	0.06895727	0.3208894	2.342953	0.4092613	-0.2040251	2.493783	0.2701232	-0.2267274	2.421326	0.5645786	0.1055626	2.679	-0.01592509	0.0722766	2.243247	0.5103842	-0.5984185	2.563365	0.2685392	-0.6485472	2.526107	0.4991935	-0.9906437	2.693768	0.3065194	-0.9882463	2.626532	

0.6486887	-0.1618681	2.714888	0.01693847	-0.2291235	2.211042	0.5970669	-0.1910451	2.674657	0.002963277	-0.3889883	2.244458	0.6068731	-0.1701008	2.66175	0.07884942	-0.2887443	2.230286	0.2398295	0.5915401	2.376002	0.2097583	0.4481086	2.414966	0.224971	0.3676584	2.430436	0.2738922	0.1200726	2.4645	0.3422493	-0.220337	2.498845	0.3939868	0.3607013	2.513314	0.07111708	0.3204657	2.346186	0.408223	-0.2043524	2.493693	0.2637592	-0.2285996	2.426738	0.5374442	0.06686737	2.651562	0.01167739	0.02357217	2.311625	0.5729017	-0.5729017	2.568592	0.2696573	-0.6423126	2.524754	0.5286918	-0.9672882	2.730584	0.306664	-0.9881179	2.626573	

0.6768442	-0.1244107	2.774347	-0.01611443	-0.2358477	2.243687	0.6753421	-0.1963259	2.803602	-0.04191661	-0.389265	2.278742	0.6520439	-0.1164656	2.8175	0.05342091	-0.2852548	2.263625	0.2806961	0.5948802	2.372478	0.2471689	0.4515651	2.41992	0.2642903	0.3724116	2.438695	0.3151983	0.129299	2.485439	0.3805436	-0.2030064	2.537088	0.4280244	0.3692231	2.516964	0.09835447	0.3282387	2.369992	0.4460619	-0.1881035	2.527565	0.3027604	-0.2114313	2.465421	0.569775	0.09976601	2.693641	0.01607808	0.01949204	2.329684	0.5637868	-0.5790654	2.590427	0.2770398	-0.6365173	2.530959	0.5121272	-0.965606	2.77995	0.3080214	-0.9865111	2.626306	

0.7166172	-0.09434298	2.796193	-0.01703749	-0.2314947	2.24406	0.7009143	-0.1893556	2.814577	-0.04466676	-0.3808677	2.273663	0.6938334	-0.1346858	2.7986	0.04393603	-0.2783161	2.255429	0.2919587	0.5961274	2.374027	0.2604815	0.453394	2.422321	0.2742599	0.374059	2.441361	0.3182932	0.1303422	2.487959	0.3800395	-0.202102	2.540143	0.4403604	0.3737621	2.521389	0.1068789	0.332099	2.374444	0.4462084	-0.1878789	2.530474	0.3015001	-0.2097192	2.468825	0.5829293	0.1077916	2.701965	0.01913416	0.02176525	2.335221	0.5464077	-0.5902395	2.609084	0.2803048	-0.6289069	2.543227	0.5103203	-0.9689112	2.781494	0.3085409	-0.985721	2.626431	

0.7277196	-0.1051676	2.79807	-0.01131162	-0.2131696	2.254905	0.725936	-0.1926938	2.808043	-0.04137036	-0.3768123	2.297297	0.7263592	-0.1879759	2.795	0.03926085	-0.276779	2.263611	0.3356827	0.6046995	2.377174	0.3007469	0.4626458	2.43135	0.3114638	0.383279	2.453648	0.3443616	0.1393242	2.509319	0.3920797	-0.1926303	2.575564	0.4777888	0.3832141	2.533593	0.144642	0.3431715	2.389997	0.4594051	-0.1811827	2.565418	0.3122778	-0.1979595	2.504562	0.5986556	0.103045	2.709799	0.03414448	0.0360189	2.353992	0.5275506	-0.5916403	2.632165	0.2870947	-0.6243346	2.546756	0.5003945	-0.9735911	2.781496	0.3095924	-0.9851007	2.626248	

0.726516	-0.1168731	2.791793	0.00268009	-0.2153512	2.274667	0.7301236	-0.2032366	2.795029	-0.005725313	-0.3575674	2.309646	0.7087063	-0.1556008	2.83025	0.04702192	-0.2687749	2.270379	0.3555522	0.6027271	2.378454	0.3127997	0.4619955	2.431762	0.3212794	0.382765	2.455248	0.3489689	0.1390663	2.513939	0.3899279	-0.1932959	2.585395	0.4883738	0.3816641	2.535145	0.1586686	0.3454708	2.392864	0.4575571	-0.1824658	2.575114	0.3099409	-0.1980273	2.51451	0.6117626	0.1042786	2.713471	0.04560467	0.0365585	2.366926	0.5196224	-0.5920718	2.641346	0.2990311	-0.6201817	2.545287	0.49658	-0.9776112	2.783491	0.3098758	-0.9852718	2.626165	

0.732893	-0.1713338	2.782098	0.05056036	-0.2320093	2.318937	0.7211274	-0.2422234	2.804929	0.04210588	-0.3853508	2.361955	0.7119401	-0.2332099	2.818333	0.09252055	-0.3004149	2.3262	0.4145612	0.5669051	2.377463	0.3612111	0.4321991	2.434161	0.3654076	0.3546929	2.465819	0.3764387	0.1165539	2.550444	0.3894612	-0.2084092	2.652139	0.5312671	0.3470978	2.538887	0.2074094	0.3271986	2.399289	0.4575875	-0.1994933	2.640628	0.3093258	-0.2109508	2.582416	0.6213283	0.05584848	2.715689	0.0657012	0.02968682	2.385422	0.5227062	-0.5950438	2.649687	0.3145403	-0.615375	2.528265	0.4951575	-0.98044	2.78502	0.3164214	-0.9870692	2.625089	

0.7176041	-0.2764644	2.789786	0.07437185	-0.30835	2.377924	0.7011951	-0.3523212	2.787157	0.07722282	-0.4643125	2.422505	0.6867623	-0.3253558	2.794143	0.1228974	-0.37796	2.39975	0.4738403	0.4638052	2.38374	0.4003607	0.3406578	2.438287	0.3969511	0.2641225	2.475239	0.3845885	0.02945979	2.575639	0.3656872	-0.2900004	2.698324	0.5512685	0.2172838	2.546931	0.2433352	0.2428345	2.405313	0.4400187	-0.282761	2.692241	0.2802628	-0.2885261	2.623252	0.6033691	-0.04687504	2.736462	0.09266692	-0.04139909	2.411202	0.563434	-0.6469064	2.659271	0.3271675	-0.6621408	2.488422	0.4945679	-0.9813965	2.785073	0.317161	-0.9918692	2.620947	

0.728296	-0.3489718	2.793475	0.07207891	-0.3712557	2.397364	0.6941225	-0.4181432	2.820802	0.06132085	-0.5060841	2.438826	0.6846544	-0.3959382	2.8194	0.1251498	-0.428308	2.426182	0.4940832	0.3942974	2.390206	0.4176488	0.2756733	2.4482	0.4119758	0.1994131	2.487586	0.3926244	-0.03402993	2.5952	0.3641758	-0.3513016	2.727446	0.5621929	0.1363005	2.564599	0.260103	0.1764896	2.411273	0.4301108	-0.3413309	2.719543	0.2873547	-0.350854	2.654383	0.5894759	-0.1328797	2.744283	0.1006654	-0.09886561	2.420935	0.5914072	-0.6887104	2.653786	0.3351842	-0.7044765	2.461746	0.4950142	-0.9816553	2.784901	0.3188378	-0.9940043	2.616722	

0.6793342	-0.4331415	2.817049	0.07404523	-0.4311901	2.412887	0.6861063	-0.482138	2.82043	0.05787506	-0.5624086	2.461372	0.6614645	-0.4438865	2.829	0.1191256	-0.4608186	2.4255	0.5112755	0.3222758	2.403557	0.4304179	0.2044234	2.458097	0.4217227	0.1300318	2.503016	0.3930928	-0.09726638	2.627165	0.3520506	-0.4055423	2.781494	0.56814	0.05637053	2.576368	0.2723498	0.1064492	2.421109	0.4151214	-0.3956742	2.778528	0.2786723	-0.4036343	2.703613	0.576113	-0.2080546	2.738394	0.1057511	-0.1503105	2.422841	0.6188132	-0.7029477	2.62903	0.3455881	-0.7071183	2.431087	0.499336	-0.9819227	2.781088	0.3202618	-1.002624	2.614475	

0.6541269	-0.492725	2.839993	0.06817195	-0.4992242	2.418257	0.6843012	-0.5039104	2.813411	0.0591539	-0.6289468	2.469362	0.6783905	-0.4959697	2.801037	0.116127	-0.5420247	2.443273	0.5232272	0.2545395	2.418061	0.4303828	0.1448404	2.469936	0.4195651	0.06922411	2.515257	0.3844811	-0.1614598	2.640524	0.3347301	-0.4738906	2.796237	0.5755147	-0.0004915289	2.599808	0.2703153	0.04104787	2.434839	0.399525	-0.4655335	2.786972	0.2602181	-0.4685904	2.724876	0.5860054	-0.2660058	2.736343	0.1091491	-0.2365413	2.436401	0.7068393	-0.6217481	2.574169	0.3768882	-0.6386244	2.355976	0.6144962	-1.025391	2.71133	0.357733	-1.038138	2.523236	

0.6696854	-0.5147917	2.815369	0.07890747	-0.517248	2.43225	0.6778697	-0.5048404	2.818419	0.08549962	-0.6534378	2.472101	0.6645677	-0.4611575	2.786	0.1176071	-0.5315121	2.423632	0.5243169	0.2346379	2.422375	0.4339909	0.1235517	2.475093	0.4213679	0.04732719	2.518788	0.3805428	-0.1868719	2.639079	0.3202539	-0.5080013	2.78592	0.5780107	-0.03564982	2.611465	0.2735325	0.02409932	2.438272	0.3794789	-0.5137053	2.770452	0.2514941	-0.4884839	2.720004	0.5894442	-0.2798153	2.73946	0.1106932	-0.2476199	2.4373	0.7244958	-0.5986328	2.578984	0.3833235	-0.6414508	2.348472	0.635786	-1.003271	2.716023	0.3656062	-1.041264	2.515162	

0.6844659	-0.5940231	2.841337	0.08658825	-0.6047214	2.455364	0.7356053	-0.6978344	2.879543	0.07797889	-0.7179689	2.513001	0.7221441	-0.6532931	2.847344	0.1228036	-0.6616417	2.4735	0.5288996	0.1322617	2.456135	0.4344911	0.02540068	2.507162	0.4204554	-0.04845029	2.549145	0.3756118	-0.2731323	2.664303	0.3127074	-0.5768203	2.806502	0.5718389	-0.1258545	2.634954	0.2735016	-0.06800005	2.458261	0.3788396	-0.5752419	2.802002	0.2375673	-0.5619201	2.730823	0.5814111	-0.365982	2.773341	0.1128468	-0.3414561	2.45769	0.7118274	-0.5811071	2.562724	0.3829766	-0.6455775	2.340453	0.6237599	-0.9839154	2.705082	0.330935	-1.01214	2.604899	

0.659125	-0.6223122	2.839418	0.09295244	-0.6249416	2.465805	0.7039336	-0.7288792	2.876987	0.09112997	-0.759293	2.533951	0.6906255	-0.6841817	2.844788	0.1446693	-0.6513309	2.482358	0.525366	0.09173963	2.482159	0.4244948	-0.009732232	2.5227	0.4107781	-0.08475185	2.563978	0.3669622	-0.3130434	2.67696	0.3055505	-0.6220185	2.816096	0.5592692	-0.157399	2.651845	0.2705542	-0.0923606	2.469632	0.3704944	-0.6226119	2.817372	0.2316966	-0.6043119	2.735387	0.5754046	-0.3857249	2.773322	0.1111651	-0.3613765	2.463926	0.6926432	-0.5724737	2.564253	0.3821016	-0.644899	2.339087	0.5121161	-0.9845729	2.768426	0.3314424	-1.016723	2.605064	

0.648999	-0.6875485	2.888514	0.1102352	-0.6949463	2.463686	0.7049643	-0.7901161	2.922614	0.1163588	-0.8372144	2.509867	0.6917165	-0.7451896	2.89046	0.1575768	-0.6930206	2.468727	0.4594093	0.04748362	2.570947	0.3649492	-0.0583305	2.611002	0.3574251	-0.136718	2.644827	0.3328211	-0.3747565	2.735289	0.2977161	-0.6961351	2.844256	0.5105032	-0.2236882	2.740648	0.2245309	-0.1482704	2.540349	0.3639235	-0.6918107	2.853667	0.2230909	-0.6809943	2.755278	0.5316668	-0.4627385	2.832935	0.09172446	-0.4318926	2.494607	0.6533917	-0.5670513	2.581326	0.3723063	-0.629909	2.358209	0.5137405	-0.9853916	2.768287	0.3302593	-1.017563	2.602952	

0.6789495	-0.5959705	2.883423	0.1077589	-0.6682639	2.472821	0.7617858	-0.6812491	2.897757	0.1535015	-0.8147997	2.473083	0.7482197	-0.6368113	2.86556	0.1926906	-0.6891878	2.524	0.373359	0.08605995	2.65913	0.2885991	-0.03610617	2.69526	0.2881809	-0.1158172	2.718318	0.2856202	-0.35807	2.776403	0.2912062	-0.6920992	2.843395	0.437955	-0.1795715	2.813287	0.1510492	-0.1254995	2.616687	0.3543265	-0.6862764	2.85378	0.2190814	-0.6782163	2.753753	0.4799764	-0.4240375	2.887097	0.05635241	-0.4198224	2.56109	0.6566815	-0.5595649	2.599426	0.3681124	-0.6273499	2.356558	0.5137395	-0.9854644	2.769342	0.3272332	-1.014551	2.599221	

0.657025	-0.6024904	2.877858	0.09108329	-0.6727709	2.516271	0.7348586	-0.6931673	2.885638	0.1473836	-0.8031333	2.51832	0.7214065	-0.6486541	2.85343	0.1776885	-0.685389	2.543394	0.3259259	0.1086846	2.705723	0.2463532	-0.02236447	2.730529	0.2492532	-0.1019233	2.752714	0.2604405	-0.3454826	2.804343	0.2708862	-0.6747483	2.865327	0.4061816	-0.155092	2.852497	0.1111544	-0.1199593	2.659712	0.3343499	-0.663705	2.881406	0.2000183	-0.6663136	2.77009	0.473307	-0.4141413	2.901163	0.02994492	-0.4233507	2.593076	0.640117	-0.5678571	2.617251	0.357493	-0.6277829	2.375095	0.5134853	-0.9851155	2.770734	0.3269759	-1.013917	2.59878	

0.6519671	-0.5661904	2.900026	-0.006874779	-0.6955711	2.651353	0.7370393	-0.6479575	2.899709	-0.009341733	-0.8304378	2.68113	0.723581	-0.603671	2.86745	0.03177175	-0.7266591	2.652714	0.2661009	0.132315	2.761669	0.2008552	-0.004940088	2.779456	0.2025183	-0.08523922	2.794736	0.2067288	-0.3294613	2.829478	0.2115172	-0.6601078	2.863892	0.3736744	-0.145207	2.891676	0.06382785	-0.1126741	2.704678	0.2841018	-0.6552286	2.870948	0.1329296	-0.6465465	2.776795	0.4463859	-0.4050631	2.947533	-0.02228717	-0.432176	2.678302	0.6153023	-0.5729298	2.639697	0.3418314	-0.6287013	2.407138	0.5146155	-0.9849843	2.771971	0.3254909	-1.014368	2.598588	

0.6520004	-0.5659946	2.900734	-0.02539126	-0.6954011	2.665915	0.7370939	-0.6477786	2.900895	-0.04613139	-0.8014709	2.708933	0.7239736	-0.605436	2.867825	0.000713981	-0.7544068	2.696786	0.2649539	0.1331633	2.763273	0.2007249	-0.004840076	2.779794	0.2022764	-0.08509979	2.795187	0.2059603	-0.329153	2.830393	0.209576	-0.659454	2.865707	0.3731199	-0.1449991	2.891461	0.06321216	-0.112079	2.704937	0.2830059	-0.6547301	2.871528	0.1298854	-0.6457806	2.780559	0.4463568	-0.4048197	2.946809	-0.02475458	-0.4313712	2.681731	0.6141722	-0.5718152	2.640427	0.3370777	-0.6273016	2.409843	0.5148447	-0.9850891	2.77209	0.3233863	-1.016309	2.59931	

0.6519747	-0.5657135	2.902268	-0.03090178	-0.6950749	2.669436	0.7371832	-0.6474683	2.903298	-0.04970074	-0.8029554	2.717974	0.7239209	-0.6044715	2.87003	-0.001523178	-0.7572132	2.699203	0.2636167	0.1336776	2.76403	0.2002371	-0.004808532	2.780192	0.201789	-0.08503339	2.795631	0.2055061	-0.3289771	2.830965	0.2092472	-0.659128	2.866425	0.3727827	-0.1447898	2.891302	0.06255054	-0.1120201	2.705744	0.2828166	-0.6543729	2.871861	0.1294544	-0.6455619	2.781637	0.4459884	-0.4046336	2.945734	-0.02850356	-0.4311478	2.684938	0.6135565	-0.5700529	2.64056	0.3356241	-0.6266428	2.410306	0.5152135	-0.9857059	2.772536	0.3225728	-1.016904	2.59964	

0.6520129	-0.5655168	2.902906	-0.03288449	-0.6953703	2.669767	0.737258	-0.647237	2.904264	-0.0468368	-0.8030487	2.714267	0.7239618	-0.6041633	2.870894	-0.001239546	-0.7544791	2.693277	0.262416	0.1339493	2.764783	0.2000295	-0.004882952	2.780755	0.201503	-0.08505961	2.79628	0.2049432	-0.3288095	2.831907	0.2082658	-0.6585968	2.867785	0.3727552	-0.1447769	2.891312	0.06191551	-0.1120735	2.706385	0.2820418	-0.6537734	2.872745	0.1283866	-0.6451675	2.783332	0.4459177	-0.4045445	2.945387	-0.03017458	-0.4315498	2.687022	0.6125943	-0.5694247	2.641112	0.334153	-0.6263627	2.411744	0.5157575	-0.9842055	2.77309	0.3223042	-1.01679	2.599482	

0.6516756	-0.5657567	2.902451	-0.03384059	-0.6951217	2.669584	0.736813	-0.6475455	2.90368	-0.04286885	-0.8022702	2.695966	0.7237461	-0.6049463	2.869976	-0.002542168	-0.7698215	2.691556	0.2617165	0.1342487	2.765857	0.199737	-0.004849174	2.780978	0.2011527	-0.08499026	2.796576	0.2044269	-0.3286071	2.832447	0.2075843	-0.6581853	2.868683	0.3726951	-0.144759	2.891325	0.06117517	-0.1120206	2.707327	0.2815971	-0.6533325	2.873189	0.1274911	-0.6448414	2.784691	0.4459074	-0.4045744	2.945319	-0.03139443	-0.4313962	2.687875	0.6121262	-0.5691495	2.641442	0.3330005	-0.6262627	2.412932	0.5159683	-0.9844375	2.773302	0.3209362	-1.017883	2.600272	

0.6516684	-0.5656868	2.90253	-0.03327781	-0.6947803	2.665844	0.7368068	-0.6474398	2.903807	-0.02547268	-0.8271171	2.684243	0.723743	-0.604883	2.870053	0.008805196	-0.7383599	2.660666	0.260927	0.1345882	2.766723	0.1992232	-0.004879837	2.781501	0.2006212	-0.08494134	2.797297	0.2038899	-0.3282123	2.833995	0.2072928	-0.6570491	2.871856	0.3725936	-0.1446484	2.891402	0.05975608	-0.1111447	2.70834	0.2813621	-0.6517561	2.876557	0.1272207	-0.6441387	2.787425	0.4458973	-0.4046134	2.945252	-0.03159086	-0.4312047	2.687739	0.6106918	-0.5690827	2.64217	0.3311467	-0.6254989	2.414709	0.5165232	-0.9847845	2.773565	0.3210789	-1.01924	2.601217	

0.6516752	-0.5655286	2.902813	0.0001773474	-0.6778316	2.614051	0.7368376	-0.6472005	2.904214	0.01502785	-0.822754	2.621029	0.7237321	-0.6045918	2.870435	0.07727125	-0.687976	2.66725	0.2599395	0.1348785	2.767292	0.198296	-0.004876903	2.782432	0.2000212	-0.0849029	2.797838	0.2038325	-0.3281775	2.833973	0.207792	-0.6568384	2.870512	0.3718176	-0.1441257	2.891174	0.05942823	-0.1107287	2.708838	0.2817423	-0.6513129	2.875152	0.1278843	-0.6441275	2.785983	0.4458323	-0.4047025	2.945166	-0.02881924	-0.4209309	2.679932	0.6117262	-0.5687643	2.641845	0.3317263	-0.6251227	2.413234	0.5171294	-0.984506	2.773799	0.3206229	-1.018956	2.600005	

0.6517358	-0.5655452	2.903508	0.006874634	-0.6681612	2.592354	0.7369341	-0.6472456	2.905339	0.05594542	-0.8078558	2.581133	0.7237425	-0.6043513	2.871457	0.09339873	-0.6769009	2.641286	0.2596202	0.1351883	2.767509	0.1980588	-0.004978185	2.782953	0.1999177	-0.08492847	2.798051	0.2039216	-0.3280891	2.833747	0.2091689	-0.6561516	2.867453	0.3716594	-0.1439187	2.891067	0.05945328	-0.1093734	2.70912	0.2828723	-0.6507695	2.871567	0.1295051	-0.6432681	2.783277	0.4457861	-0.404635	2.944567	-0.02687721	-0.4124341	2.668695	0.614305	-0.5681467	2.640823	0.3324854	-0.6253701	2.409983	0.5174439	-0.9850446	2.774256	0.3203681	-1.02032	2.601015	

0.6518577	-0.5652102	2.903639	-0.001409868	-0.670453	2.60223	0.7370844	-0.6468185	2.905673	-0.004066105	-0.8233864	2.624919	0.7238248	-0.6039402	2.871824	0.07076336	-0.6800591	2.6688	0.2597024	0.1350087	2.767645	0.1981457	-0.004944902	2.782878	0.1999602	-0.08488161	2.797987	0.2038783	-0.3279064	2.833521	0.2088096	-0.6558408	2.867154	0.3718296	-0.1437995	2.890484	0.05959376	-0.1088364	2.708568	0.2823336	-0.650412	2.871152	0.1292959	-0.6430005	2.783068	0.4458221	-0.4045814	2.944093	-0.02712333	-0.41276	2.667895	0.6140583	-0.5680089	2.640821	0.3308174	-0.626162	2.408872	0.517942	-0.98656	2.774844	0.3201091	-1.019422	2.598375	

0.6522973	-0.5666087	2.904516	-0.009668937	-0.6756084	2.617825	0.7372565	-0.6485645	2.907095	-0.006493844	-0.8132619	2.634284	0.7239396	-0.6050991	2.872808	0.0286999	-0.7322034	2.634778	0.2612108	0.1349719	2.767789	0.199193	-0.004488225	2.783251	0.2007956	-0.08443087	2.798311	0.2043282	-0.327484	2.833597	0.208885	-0.6555815	2.867182	0.372649	-0.1431056	2.889734	0.06154776	-0.1081927	2.707759	0.2823723	-0.650094	2.871304	0.1294209	-0.6427521	2.782989	0.4470716	-0.4049219	2.943337	-0.02667898	-0.4152085	2.667607	0.6141194	-0.5679781	2.640904	0.3298799	-0.626624	2.408148	0.518248	-0.9867085	2.7749	0.3195426	-1.020326	2.599677	

0.6515373	-0.5690674	2.902864	-0.009547617	-0.67584	2.618187	0.7357345	-0.6518497	2.905114	0.0007257901	-0.8163829	2.632879	0.7233503	-0.6070499	2.870683	0.03297835	-0.7061818	2.624136	0.2627901	0.1345809	2.768269	0.2003323	-0.004076545	2.783267	0.2016668	-0.08402978	2.798285	0.2047385	-0.3270853	2.833348	0.2088303	-0.655234	2.866846	0.3740658	-0.1433016	2.889038	0.06353582	-0.1076973	2.706182	0.2822842	-0.6498609	2.870725	0.1293935	-0.6422489	2.782812	0.448619	-0.4048595	2.942673	-0.02629235	-0.4154905	2.667509	0.614377	-0.567952	2.64085	0.3290143	-0.6267838	2.407463	0.5184016	-0.9872091	2.775179	0.319497	-1.019855	2.598362	

0.6509392	-0.5702745	2.90042	-0.008777982	-0.6755285	2.617716	0.734638	-0.6534873	2.901997	0.007872706	-0.8184767	2.633876	0.7229894	-0.6076587	2.869307	0.04139804	-0.7020344	2.614217	0.2645489	0.1344544	2.768487	0.2019946	-0.003391736	2.783653	0.2030877	-0.08335506	2.798512	0.2056572	-0.3264267	2.833042	0.2091873	-0.6546614	2.866138	0.374805	-0.1432002	2.88912	0.06521552	-0.1072781	2.705523	0.282402	-0.6495984	2.870342	0.1300989	-0.6412724	2.781692	0.4495269	-0.4047504	2.942254	-0.02386438	-0.4151191	2.666403	0.6146831	-0.5679148	2.640716	0.3283548	-0.6267849	2.405529	0.5184187	-0.9873429	2.775324	0.3193786	-1.020138	2.598462	

0.6472942	-0.5759336	2.899363	-0.00418679	-0.6742305	2.614854	0.7293409	-0.6610126	2.900855	0.01307414	-0.8132185	2.619644	0.7159228	-0.6166641	2.8686	0.05101661	-0.7220539	2.60853	0.2665094	0.1343317	2.768866	0.2035994	-0.003477736	2.783947	0.2045006	-0.08337788	2.798714	0.2065715	-0.3263238	2.832891	0.2095297	-0.6545574	2.865836	0.374994	-0.1432505	2.889224	0.06643635	-0.1067875	2.705061	0.2825842	-0.6495659	2.870079	0.1306292	-0.6410935	2.781372	0.4509051	-0.4047207	2.941453	-0.02229968	-0.4143656	2.665258	0.614943	-0.5678344	2.640613	0.328176	-0.6271115	2.404791	0.5186248	-0.9878146	2.775812	0.3191839	-1.020408	2.598557	

0.6431032	-0.5808542	2.900559	0.007791125	-0.6657412	2.605783	0.7233088	-0.6681281	2.903057	0.04287695	-0.8048728	2.60288	0.709923	-0.6237469	2.870801	0.0881833	-0.6776959	2.650423	0.2691656	0.1343465	2.77017	0.2056874	-0.003205157	2.784221	0.2067032	-0.08307562	2.798824	0.2091787	-0.3259316	2.83223	0.2124341	-0.6542236	2.864121	0.3772188	-0.1442259	2.888897	0.06822552	-0.1063464	2.704611	0.2845732	-0.6495321	2.86914	0.1344812	-0.6404018	2.778726	0.4523194	-0.4029695	2.93963	-0.01729102	-0.4065755	2.662455	0.6168033	-0.5673422	2.639671	0.3296364	-0.6268231	2.400795	0.5186282	-0.9878917	2.776085	0.3189611	-1.021338	2.599334	

0.642553	-0.5815136	2.901158	0.01343137	-0.6655837	2.603785	0.7224067	-0.6692149	2.904033	0.05627941	-0.8149552	2.618149	0.7090263	-0.6248294	2.871777	0.09005293	-0.6783797	2.648498	0.2713395	0.1341194	2.771285	0.2071285	-0.003038243	2.784072	0.2081826	-0.08288702	2.798484	0.2108747	-0.3256666	2.831036	0.2142704	-0.6539704	2.861504	0.3772747	-0.1442583	2.889062	0.06983924	-0.1059512	2.703887	0.2856931	-0.6495841	2.867479	0.1370242	-0.6397833	2.775111	0.4528407	-0.4023328	2.939096	-0.01507459	-0.4041321	2.660362	0.6183978	-0.5669533	2.639048	0.3307045	-0.6255662	2.396374	0.5502357	-0.9812746	2.75912	0.3186849	-1.021604	2.599358	

0.6426727	-0.58194	2.901274	0.01479433	-0.665272	2.603119	0.7224041	-0.6697894	2.904309	0.04989675	-0.81534	2.624893	0.7090243	-0.6254016	2.872053	0.0916553	-0.6809754	2.648399	0.2732792	0.134351	2.771883	0.2088233	-0.002423255	2.783557	0.2097898	-0.08230712	2.797861	0.2121988	-0.3251944	2.830012	0.2150911	-0.6537271	2.860174	0.3788607	-0.1445621	2.888825	0.07082012	-0.1056904	2.703426	0.2867948	-0.6494464	2.865138	0.1375201	-0.6395527	2.774573	0.4533299	-0.4023086	2.938733	-0.01455211	-0.4026588	2.660094	0.6202522	-0.5664873	2.638207	0.3306718	-0.6254765	2.39554	0.5516616	-0.9806543	2.758565	0.3183855	-1.021916	2.599828	

0.6435286	-0.5816135	2.901792	0.01487528	-0.6650843	2.603328	0.7234393	-0.6693174	2.905186	0.03767787	-0.8064799	2.615475	0.7110584	-0.6234146	2.872322	0.06317317	-0.6947502	2.5978	0.274578	0.134358	2.772111	0.2094667	-0.002161555	2.783764	0.2104665	-0.0820679	2.798009	0.2129354	-0.3250371	2.829941	0.2158502	-0.6537318	2.859898	0.3789259	-0.1447053	2.888819	0.07235457	-0.1057978	2.703304	0.2874083	-0.6494986	2.865086	0.1383682	-0.6395183	2.774109	0.4536395	-0.402427	2.938178	-0.01421259	-0.4023898	2.660159	0.6207327	-0.5664525	2.637966	0.3305886	-0.6255267	2.394561	0.5517095	-0.9805027	2.758478	0.3182518	-1.022203	2.599972	

0.6423998	-0.5830896	2.902156	0.010632	-0.6668093	2.606822	0.7219012	-0.6712704	2.905937	0.01695784	-0.8089503	2.621384	0.7088378	-0.6264275	2.873503	0.04864931	-0.6985955	2.61	0.2759877	0.1345376	2.771282	0.2104708	-0.002116765	2.782693	0.2111788	-0.08201216	2.79721	0.2130508	-0.3249865	2.829684	0.215601	-0.6536788	2.859905	0.3793598	-0.1446934	2.888509	0.07308567	-0.1055261	2.702978	0.2871497	-0.6495045	2.865111	0.138096	-0.6394102	2.774139	0.4537592	-0.4024509	2.937379	-0.01421812	-0.404086	2.66027	0.6205151	-0.5664779	2.63805	0.3295988	-0.6255337	2.394189	0.551512	-0.9805285	2.758569	0.3371561	-1.022859	2.56663	

0.6428815	-0.5830029	2.902057	0.008890824	-0.6667944	2.607794	0.7224861	-0.6710828	2.905914	0.01247163	-0.8084838	2.620456	0.7100695	-0.6251339	2.873028	0.0468851	-0.702109	2.606311	0.2768929	0.1344667	2.77089	0.2114552	-0.002241516	2.782509	0.211974	-0.08210044	2.797007	0.2133299	-0.3249994	2.829482	0.2155184	-0.6536652	2.859769	0.3793247	-0.1447086	2.888486	0.07363606	-0.1055435	2.702738	0.2870999	-0.6495268	2.865077	0.1379669	-0.639335	2.773875	0.4539254	-0.4026705	2.937053	-0.01418302	-0.4052752	2.660655	0.6204278	-0.5662561	2.638044	0.3290264	-0.6256059	2.393677	0.5513859	-0.9802759	2.758641	0.317674	-1.022239	2.599638	

0.6437965	-0.5821019	2.902117	0.009722603	-0.6676633	2.606251	0.7237148	-0.6698557	2.906014	0.02861398	-0.8145095	2.622276	0.7113441	-0.623471	2.872668	0.06553309	-0.6993259	2.600063	0.2777507	0.1341537	2.770823	0.2122388	-0.002294181	2.782368	0.2126918	-0.08213233	2.79682	0.2137727	-0.3249792	2.829189	0.2155799	-0.6536243	2.859512	0.3797024	-0.1447742	2.888422	0.07430259	-0.1057171	2.702503	0.2871003	-0.6495476	2.865097	0.1381944	-0.6390536	2.772747	0.453885	-0.4027631	2.936992	-0.01369199	-0.406176	2.659696	0.6199283	-0.5651088	2.637632	0.3283887	-0.6251658	2.392076	0.550994	-0.9790419	2.75856	0.3199197	-1.018956	2.592548	

0.6447889	-0.5810044	2.902413	0.01089693	-0.6688925	2.604413	0.7250451	-0.6684178	2.906479	0.04451104	-0.8182822	2.621868	0.7121198	-0.6224002	2.872568	0.06835479	-0.7007464	2.596933	0.2784363	0.1341896	2.770999	0.2128972	-0.002512157	2.782252	0.2133036	-0.08231439	2.796585	0.2142595	-0.3250745	2.828505	0.2156442	-0.6535963	2.857996	0.3807474	-0.1449641	2.888606	0.07481704	-0.1054624	2.702314	0.2870277	-0.6498523	2.86336	0.1383163	-0.6388149	2.771729	0.4538489	-0.4027038	2.936784	-0.01347596	-0.4062167	2.658766	0.6202115	-0.5643651	2.636953	0.3278122	-0.6240965	2.390693	0.551546	-0.9782196	2.758258	0.3182043	-1.022084	2.596864	

0.645358	-0.5803557	2.902222	0.01283656	-0.6690887	2.602456	0.7257962	-0.667573	2.906283	0.03374621	-0.8157074	2.623682	0.712405	-0.6219451	2.872309	0.06806303	-0.7155879	2.595154	0.2788302	0.134087	2.771121	0.2132779	-0.002469808	2.782347	0.2136841	-0.08227445	2.796618	0.2145957	-0.3250393	2.828361	0.2158334	-0.6535869	2.857732	0.3806822	-0.1449972	2.888651	0.07539844	-0.1053288	2.702144	0.2870676	-0.6498717	2.863336	0.1386947	-0.6387387	2.771139	0.4538632	-0.4026527	2.936603	-0.0125342	-0.4051995	2.657684	0.6200297	-0.5641547	2.636624	0.3278182	-0.6240826	2.389901	0.5514687	-0.9779517	2.758152	0.3188318	-1.021121	2.593371	

0.643559	-0.582528	2.901145	0.01290386	-0.6690552	2.602435	0.7233727	-0.6703767	2.904925	0.04361862	-0.8131211	2.622377	0.7111248	-0.6238321	2.872149	0.06453104	-0.6955736	2.595308	0.2797103	0.1341527	2.771278	0.2136136	-0.002503268	2.782268	0.214015	-0.08231193	2.796473	0.2148793	-0.3250932	2.827969	0.2158959	-0.653698	2.857006	0.3806408	-0.1450845	2.888699	0.07615218	-0.1056547	2.701967	0.2870218	-0.6500829	2.862812	0.1388445	-0.638744	2.770382	0.4539638	-0.4028965	2.936373	-0.01263593	-0.4056575	2.657604	0.6200214	-0.5639738	2.636325	0.3280964	-0.6241212	2.389214	0.5514157	-0.9776942	2.758065	0.3187155	-1.02148	2.593841	

0.6429218	-0.5833572	2.901141	0.01289277	-0.6690496	2.602427	0.7225092	-0.6714492	2.904972	0.03914452	-0.8154668	2.621373	0.7102585	-0.6251112	2.872322	0.063945	-0.7031699	2.601534	0.280724	0.1343034	2.771287	0.2140107	-0.002391929	2.781704	0.2143868	-0.08220007	2.795917	0.2151071	-0.324983	2.827463	0.2158875	-0.6536243	2.856725	0.3814831	-0.1449877	2.888574	0.07663252	-0.1056885	2.701849	0.2870179	-0.6500844	2.862803	0.138825	-0.638521	2.769633	0.4540158	-0.402984	2.93622	-0.01267177	-0.4053634	2.657372	0.6198822	-0.563944	2.636086	0.3281589	-0.6239331	2.388508	0.551405	-0.9776429	2.757949	0.3186553	-1.021647	2.594171	

0.6437111	-0.582566	2.899749	0.01275601	-0.6689962	2.602265	0.7235173	-0.6703861	2.903246	0.04160986	-0.816512	2.623515	0.7112119	-0.6237801	2.871346	0.06262296	-0.7268243	2.603176	0.2812703	0.1343524	2.771293	0.2145604	-0.002240608	2.781452	0.2148917	-0.08205549	2.795651	0.2154241	-0.3248619	2.827177	0.2159422	-0.6535537	2.856534	0.381819	-0.1450424	2.888319	0.07706818	-0.1055319	2.701745	0.2870452	-0.6500792	2.862779	0.1388632	-0.6383772	2.76928	0.4541342	-0.4030177	2.935827	-0.01252183	-0.4052471	2.657197	0.6196935	-0.563698	2.635773	0.3280837	-0.6237723	2.388093	0.5515343	-0.9774336	2.757676	0.3182848	-1.022175	2.594939	

0.644291	-0.5818914	2.897834	0.01256419	-0.6689783	2.602372	0.7242382	-0.6694932	2.900805	0.0354905	-0.8159025	2.624803	0.7115314	-0.6233898	2.870217	0.06018554	-0.7242222	2.605214	0.2816165	0.1342321	2.771215	0.2148458	-0.002193895	2.781446	0.2151744	-0.08201537	2.795611	0.2156665	-0.32484	2.827032	0.2160686	-0.653565	2.85632	0.3816328	-0.1451706	2.888281	0.07719491	-0.1054539	2.701536	0.2870831	-0.6501124	2.862741	0.1390774	-0.6383489	2.768901	0.4542781	-0.4030044	2.93549	-0.01247668	-0.405374	2.65718	0.6194627	-0.5635855	2.635314	0.328213	-0.6236898	2.38767	0.5513992	-0.9772543	2.757461	0.3200255	-1.018795	2.5922	

0.6429349	-0.5833747	2.897695	0.01223415	-0.6691285	2.602504	0.7224349	-0.6714684	2.900826	0.03917485	-0.8089202	2.623134	0.7100722	-0.6253631	2.869583	0.0591014	-0.7185699	2.602594	0.2819301	0.1343053	2.771225	0.2151959	-0.002011115	2.781021	0.2154532	-0.08188171	2.795317	0.215752	-0.3248078	2.826991	0.2160531	-0.6535842	2.856482	0.3815398	-0.1452314	2.888256	0.07762372	-0.1057118	2.701246	0.2870364	-0.6501583	2.863236	0.1390692	-0.6383692	2.768959	0.4542847	-0.402989	2.934873	-0.01237497	-0.4055548	2.65716	0.6191428	-0.5636373	2.635319	0.3280133	-0.6234608	2.387629	0.5512784	-0.9773144	2.757529	0.3185829	-1.020786	2.594664	

0.6421872	-0.5844736	2.897887	0.01181825	-0.6687334	2.602896	0.7214154	-0.6728673	2.90116	0.03652006	-0.8152853	2.625542	0.7089253	-0.6270468	2.86948	0.06220038	-0.716643	2.601017	0.2822368	0.1343476	2.771159	0.2153168	-0.002062721	2.780931	0.2155647	-0.0819253	2.795241	0.215807	-0.3248275	2.826962	0.2160511	-0.6535906	2.856497	0.3817865	-0.1452792	2.88806	0.07784298	-0.1056723	2.701062	0.2870305	-0.6501924	2.863315	0.1390669	-0.6383714	2.768964	0.4543658	-0.4031725	2.934639	-0.01237573	-0.4053824	2.65746	0.6189687	-0.5635529	2.635148	0.3279217	-0.6234049	2.387587	0.5512695	-0.977223	2.757453	0.3181764	-1.021454	2.595383	

0.642909	-0.5836087	2.897328	0.0109947	-0.6678661	2.603368	0.7223742	-0.6717388	2.900469	0.02855954	-0.8092206	2.625052	0.7100289	-0.6255238	2.869413	0.06006994	-0.7286131	2.607667	0.2826916	0.1341773	2.771273	0.2154486	-0.002094687	2.780955	0.2156769	-0.08194672	2.795244	0.2158588	-0.324827	2.826927	0.2160307	-0.6535748	2.856446	0.3825587	-0.1451123	2.888266	0.07792582	-0.1056987	2.70105	0.28702	-0.6501903	2.863308	0.1390387	-0.6383511	2.768887	0.4543639	-0.4031106	2.934477	-0.0121017	-0.4057676	2.65782	0.618722	-0.5634145	2.634776	0.3278703	-0.6232237	2.387501	0.5512472	-0.9770405	2.757315	0.318139	-1.021412	2.595315	

0.6420037	-0.5844697	2.897397	0.01041537	-0.6673383	2.60369	0.7211727	-0.6729291	2.900706	0.02455634	-0.8076462	2.622497	0.7088616	-0.6269234	2.869211	0.06261243	-0.7484531	2.6155	0.2831076	0.133959	2.77128	0.2155745	-0.001977212	2.780979	0.21578	-0.08185148	2.795236	0.2159061	-0.32477	2.826843	0.2159488	-0.6535615	2.856233	0.3829338	-0.1456507	2.887681	0.07799687	-0.1056291	2.701038	0.2869952	-0.6502633	2.863003	0.1389046	-0.6382886	2.768777	0.4543615	-0.4029692	2.934044	-0.01198248	-0.4058152	2.658025	0.6187217	-0.5632105	2.634628	0.327622	-0.6229511	2.387333	0.5512725	-0.9768173	2.75724	0.3181745	-1.021374	2.595251	

0.6413487	-0.5855002	2.897104	0.01014335	-0.6674265	2.604099	0.7203193	-0.6741591	2.900384	0.03508541	-0.8157157	2.626175	0.7077579	-0.628538	2.868655	0.05887603	-0.7110553	2.609631	0.2832499	0.1339033	2.771283	0.215621	-0.002000532	2.780917	0.2158068	-0.08187322	2.795166	0.2158421	-0.3247969	2.826715	0.2154935	-0.6536217	2.856002	0.3833019	-0.1462524	2.886818	0.07798625	-0.1056621	2.701102	0.2867563	-0.6504044	2.862915	0.1381285	-0.6382311	2.76841	0.4543109	-0.4033886	2.933835	-0.01201665	-0.4069376	2.658796	0.6183058	-0.5630029	2.634363	0.3273421	-0.6222845	2.387245	0.5510006	-0.9766042	2.757058	0.3181362	-1.021202	2.595279	

0.6417904	-0.5848489	2.897222	0.009336015	-0.6673207	2.60497	0.7211765	-0.673095	2.900635	0.02933966	-0.8096324	2.624467	0.7090124	-0.6267953	2.869288	0.05898733	-0.7306498	2.607298	0.2834369	0.1339754	2.771349	0.2157156	-0.002089459	2.780941	0.2158929	-0.08195392	2.795207	0.2158941	-0.3248643	2.826823	0.2154365	-0.6537107	2.85644	0.3837427	-0.1463917	2.886906	0.07800908	-0.1056912	2.701163	0.2867188	-0.6505145	2.863654	0.1380546	-0.6383352	2.768722	0.453493	-0.4039912	2.933555	-0.01191478	-0.4072703	2.659201	0.6178023	-0.5630283	2.634314	0.3270606	-0.6222743	2.387447	0.5505319	-0.9765908	2.757135	0.3182973	-1.021054	2.594981	

