0.1139997	0.0855305	2.377009	-0.3485677	0.1246504	2.627268	0.1203898	0.02388969	2.423456	-0.2793322	0.09614135	2.61599	0.08007025	0.07186224	2.395934	-0.2772903	0.1132416	2.597	-0.1328698	0.7997665	2.505035	-0.0885898	0.6812487	2.499244	-0.09025354	0.6106735	2.50801	-0.09500258	0.3934536	2.525814	-0.1011243	0.09600358	2.540777	0.04369708	0.5590234	2.443546	-0.2362379	0.5683658	2.572341	-0.03579173	0.09241981	2.476838	-0.1635599	0.09688809	2.533306	0.1294055	0.3006665	2.427127	-0.2849896	0.3329827	2.620321	0.04282013	-0.2487172	2.581389	-0.09365077	-0.2551176	2.688796	0.09010226	-0.5531054	2.616119	-0.06037929	-0.5626336	2.756806	

0.1140172	0.08570507	2.377109	-0.3486367	0.1251123	2.62739	0.1195827	0.02900503	2.405182	-0.2753257	0.02766917	2.659986	0.09164885	0.05692584	2.386529	-0.2577819	0.1005092	2.5448	-0.1329598	0.79965	2.505011	-0.08887106	0.681228	2.499327	-0.09030025	0.6106713	2.50793	-0.09435163	0.3937734	2.525006	-0.09653254	0.09771534	2.536485	0.04363716	0.5590314	2.443572	-0.2362729	0.568305	2.572184	-0.03105645	0.0942561	2.472513	-0.1592332	0.09843086	2.529135	0.129582	0.3006597	2.42779	-0.2848609	0.3333072	2.620276	0.04285832	-0.2487275	2.581414	-0.09588762	-0.2468453	2.686293	0.09010659	-0.5533848	2.616456	-0.06031424	-0.5625073	2.756878	

0.1152525	0.08598828	2.379948	-0.3489109	0.1248298	2.627336	0.120658	0.03243255	2.396186	-0.2802634	0.02837499	2.65831	0.07554109	0.1128463	2.393131	-0.2632385	0.0753594	2.581	-0.1331689	0.7995906	2.5053	-0.08968274	0.6812127	2.50066	-0.09065592	0.6107009	2.5086	-0.09422214	0.393824	2.524945	-0.09538916	0.09792179	2.535464	0.04362039	0.5593311	2.444268	-0.2374114	0.5679495	2.573217	-0.02989771	0.09462018	2.471503	-0.1581275	0.09847948	2.528128	0.1298892	0.3012894	2.428504	-0.2851155	0.33293	2.620453	0.04292545	-0.2485368	2.58152	-0.09681153	-0.2430642	2.685319	0.0906786	-0.5537886	2.616893	-0.06038793	-0.5623032	2.756991	

0.1185591	0.0866487	2.393181	-0.3497801	0.1217744	2.628816	0.1208581	0.0359908	2.430715	-0.2795449	0.08902868	2.617937	0.0916347	0.05850027	2.414714	-0.2773146	0.1096966	2.5972	-0.1401786	0.7995837	2.511096	-0.09731611	0.6795208	2.50795	-0.09850024	0.6094434	2.517268	-0.1019595	0.3941536	2.537638	-0.1060906	0.1008584	2.559521	0.0408074	0.5595647	2.454735	-0.2422149	0.5700086	2.578851	-0.03986	0.09665202	2.495513	-0.169343	0.1022852	2.552466	0.1304578	0.3023427	2.441895	-0.2887462	0.3311241	2.623403	0.04008256	-0.2457578	2.587152	-0.09838422	-0.2416606	2.687515	0.09080051	-0.5546799	2.618023	-0.06030484	-0.561908	2.757288	

0.1190182	0.0861226	2.398821	-0.3501272	0.120337	2.629394	0.1169872	0.03492095	2.431839	-0.2795387	0.09621242	2.617924	0.09189275	0.05820872	2.414967	-0.2772905	0.1132528	2.597	-0.143691	0.799086	2.513029	-0.09935965	0.6807919	2.510096	-0.09937023	0.6102852	2.51836	-0.1012905	0.3945436	2.537369	-0.09710084	0.1007429	2.552138	0.03848048	0.5601196	2.459126	-0.2458978	0.5717951	2.583228	-0.03083511	0.09633128	2.487646	-0.1605973	0.1023536	2.545571	0.1303585	0.302478	2.446007	-0.2909102	0.3307167	2.625456	0.03957682	-0.2443919	2.590107	-0.09892838	-0.2442586	2.691417	0.08994379	-0.5550927	2.618557	-0.06034576	-0.5618484	2.757314	

0.1186799	0.08533243	2.402684	-0.3504842	0.1197848	2.632336	0.1082292	0.02951063	2.44698	-0.2798626	0.08912989	2.620913	0.09118525	0.05759235	2.414775	-0.2857564	0.1039448	2.577869	-0.1465217	0.7990011	2.514751	-0.1031959	0.6816517	2.51334	-0.1038065	0.6114506	2.522969	-0.1059518	0.39612	2.545063	-0.1066062	0.1025009	2.568756	0.03704824	0.5603871	2.461264	-0.2483774	0.5747703	2.585699	-0.04003639	0.0970158	2.503003	-0.1701927	0.1052349	2.563652	0.1287693	0.3024375	2.448455	-0.2933836	0.3313491	2.630033	0.03989416	-0.2457888	2.591372	-0.09916547	-0.2466636	2.696211	0.08952124	-0.5555173	2.618666	-0.06049005	-0.5614552	2.757399	

0.1178458	0.08605887	2.407945	-0.353002	0.1178116	2.64603	0.1127841	0.03028065	2.451826	-0.2811552	0.09486523	2.633051	0.08752432	0.05711558	2.419781	-0.2789453	0.1139196	2.6125	-0.1503142	0.7998646	2.51846	-0.1082296	0.6819704	2.517292	-0.109794	0.6113939	2.52885	-0.1146287	0.3939362	2.557653	-0.1206215	0.09497096	2.591722	0.03395705	0.5610231	2.465638	-0.2548066	0.5747184	2.593646	-0.05466074	0.09035672	2.527288	-0.183241	0.09705021	2.585173	0.1249342	0.3037117	2.453314	-0.2985826	0.3302014	2.6403	0.03876577	-0.2532316	2.594335	-0.1010467	-0.2487959	2.701819	0.08800659	-0.555712	2.619662	-0.06035718	-0.5611302	2.758036	

0.1169345	0.08514451	2.410733	-0.3530129	0.1202574	2.650978	0.1098369	0.02993855	2.45874	-0.2816574	0.09094141	2.637728	0.08539671	0.05644877	2.423636	-0.2795385	0.1069866	2.618	-0.1520195	0.7997767	2.520668	-0.1098108	0.6814647	2.520065	-0.1115593	0.6113304	2.532297	-0.1166718	0.3957394	2.562317	-0.1230492	0.1007542	2.59653	0.03189172	0.5613337	2.467803	-0.2557696	0.5758401	2.595227	-0.05692702	0.09568893	2.53234	-0.1857625	0.103101	2.589739	0.1235346	0.3029775	2.456833	-0.3008506	0.333584	2.645841	0.03756167	-0.2547436	2.595691	-0.1014603	-0.2500092	2.704977	0.0870472	-0.5557589	2.620655	-0.06044611	-0.5606891	2.759488	

0.1100032	0.08410334	2.424696	-0.3504164	0.1158383	2.662426	0.1143194	0.03936702	2.433479	-0.284032	0.08315652	2.659916	0.0703762	0.1029089	2.434731	-0.2820099	0.08618084	2.641	-0.1539968	0.7997491	2.523192	-0.1116815	0.6807606	2.523417	-0.1132448	0.6108886	2.535782	-0.117649	0.3960291	2.565429	-0.1232269	0.1017396	2.598277	0.02924606	0.5613149	2.470771	-0.2601895	0.5769716	2.602617	-0.05712529	0.09648538	2.5336	-0.1859025	0.1042568	2.592095	0.120295	0.3032803	2.463264	-0.3032174	0.3304443	2.65399	0.03418519	-0.2546131	2.596453	-0.1072387	-0.2437502	2.708805	0.08725173	-0.5557891	2.621634	-0.06077688	-0.5597275	2.759047	

0.1052066	0.08397411	2.448884	-0.3550616	0.1156732	2.676233	0.1047577	0.02669961	2.475195	-0.2842689	0.08532089	2.662146	0.06808048	0.07624897	2.454	-0.2822384	0.08646201	2.643066	-0.1557286	0.800124	2.527019	-0.1136735	0.6809345	2.526969	-0.1157773	0.6114704	2.540517	-0.1220297	0.3983486	2.574013	-0.1304998	0.1076229	2.611909	0.02562003	0.562655	2.477623	-0.2614375	0.5774286	2.606829	-0.06346098	0.1044618	2.546729	-0.1940701	0.1079495	2.60652	0.1156938	0.3049755	2.471119	-0.305251	0.3293462	2.661381	0.03158595	-0.2543467	2.597371	-0.110623	-0.2491612	2.716162	0.08583599	-0.5545767	2.621996	-0.06123796	-0.5585616	2.759565	

0.1057482	0.08602392	2.453708	-0.3503594	0.1157016	2.676924	0.1044886	0.02127489	2.495234	-0.3175748	0.05909636	2.72887	0.06917476	0.08128479	2.462875	-0.3121503	0.0726191	2.696	-0.1572706	0.8014178	2.531411	-0.1175106	0.6803097	2.533444	-0.1187887	0.6111245	2.546272	-0.1229145	0.3984736	2.577274	-0.1299162	0.1078709	2.612717	0.02277924	0.5622934	2.483481	-0.2631315	0.5772926	2.610942	-0.06290427	0.1056543	2.547837	-0.1932978	0.1074386	2.607394	0.1140028	0.3070693	2.479638	-0.3067345	0.3314682	2.666564	0.03015424	-0.2549997	2.597893	-0.1129291	-0.2523906	2.719833	0.08451	-0.5550135	2.622991	-0.06144221	-0.5583988	2.760037	

0.1072743	0.08539727	2.456595	-0.3497725	0.116104	2.680686	0.1070522	0.01734121	2.500452	-0.3216501	0.06289805	2.731852	0.07373405	0.05385141	2.467445	-0.3404151	0.1179027	2.685	-0.1579671	0.8013315	2.534629	-0.1193911	0.6799558	2.538879	-0.1208178	0.6109436	2.552088	-0.1250461	0.3988194	2.583588	-0.1312237	0.1087491	2.617718	0.022228	0.562578	2.484966	-0.2638	0.5768021	2.612923	-0.0644206	0.1072467	2.554255	-0.1943684	0.1076445	2.610964	0.1127016	0.3066554	2.482575	-0.3081985	0.33248	2.670764	0.02755767	-0.2558554	2.597988	-0.114417	-0.2540091	2.722222	0.0804376	-0.5521501	2.624415	-0.06204081	-0.5569092	2.760421	

0.1080774	0.08463673	2.459986	-0.3519017	0.1182101	2.686562	0.1109085	0.03342466	2.466007	-0.3243911	0.05897797	2.723336	0.06953242	0.09248133	2.461	-0.3270359	0.06621023	2.7145	-0.1587952	0.8014803	2.536468	-0.1186278	0.6804738	2.541242	-0.1202031	0.6114032	2.55416	-0.1247566	0.3990912	2.584812	-0.1311241	0.1088301	2.617994	0.02131522	0.5624526	2.488305	-0.2642134	0.5770273	2.614139	-0.06430309	0.1075156	2.554524	-0.1942907	0.1075152	2.611316	0.1121064	0.3061395	2.484202	-0.3087627	0.3340847	2.673843	0.02512274	-0.2553765	2.598494	-0.1159353	-0.2566552	2.724071	0.07789156	-0.5497729	2.627022	-0.06204151	-0.5569882	2.760484	

0.1084922	0.08418474	2.459611	-0.3539967	0.119607	2.689325	0.1140307	0.009545127	2.500405	-0.3215027	0.05496224	2.709493	0.07815847	0.04811477	2.464444	-0.3285813	0.1193556	2.701286	-0.1590679	0.8017235	2.537564	-0.1184263	0.6807775	2.542048	-0.1199419	0.611665	2.554754	-0.1243275	0.399266	2.58495	-0.1298634	0.1090168	2.617419	0.02118143	0.5624787	2.488541	-0.2641323	0.5769027	2.61624	-0.06308521	0.1082218	2.553455	-0.1927897	0.1071963	2.611095	0.1112971	0.3056703	2.485403	-0.3088236	0.3349949	2.675489	0.02311269	-0.255069	2.598447	-0.116617	-0.2575079	2.724534	0.07080083	-0.5583022	2.63308	-0.06202299	-0.5572021	2.760584	

0.1099329	0.08417918	2.458153	-0.3538027	0.1198825	2.690446	0.1194102	0.00722985	2.493225	-0.3298816	0.06506504	2.717476	0.07751943	0.04833468	2.456278	-0.3322474	0.1153941	2.700994	-0.1590838	0.8017724	2.539569	-0.1182574	0.6806682	2.543744	-0.119961	0.6117069	2.556348	-0.1248541	0.3997182	2.58626	-0.1312509	0.110128	2.618416	0.02076382	0.5621657	2.489174	-0.2623517	0.5758479	2.618141	-0.0637385	0.1082932	2.553668	-0.1953193	0.1102033	2.613522	0.111341	0.3055936	2.485466	-0.3082621	0.3352818	2.677134	0.02117188	-0.2537661	2.600956	-0.1169233	-0.2583149	2.724868	0.06790109	-0.5627149	2.637457	-0.0618163	-0.5579215	2.760761	

0.1105542	0.08406878	2.453823	-0.3515347	0.1221955	2.690672	0.1135749	0.008086151	2.475484	-0.3230215	0.03501689	2.701472	0.07574905	0.06014181	2.4395	-0.3127857	0.0961954	2.684445	-0.1583911	0.8023302	2.54102	-0.1173159	0.6811765	2.544648	-0.1192603	0.612052	2.556878	-0.1246042	0.3997698	2.586147	-0.1309875	0.1098168	2.616995	0.02074762	0.5621826	2.489275	-0.2605919	0.5745079	2.619538	-0.06384908	0.1083662	2.55158	-0.1946182	0.1092372	2.612215	0.1126577	0.3051328	2.484723	-0.3064249	0.3377775	2.678463	0.02092911	-0.2531467	2.602703	-0.1169114	-0.2583414	2.724846	0.06846878	-0.5612446	2.639633	-0.06183487	-0.5582736	2.760865	

0.1100188	0.0836151	2.442924	-0.3474065	0.122192	2.690547	0.1097413	0.007450809	2.459162	-0.3196511	0.02999295	2.693799	0.07148968	0.07544585	2.4327	-0.3047524	0.09629192	2.677428	-0.1572597	0.802624	2.541214	-0.1153561	0.6816832	2.544764	-0.1179183	0.6125412	2.557	-0.1244044	0.4000938	2.586145	-0.131844	0.1104689	2.616892	0.0210448	0.5621735	2.488609	-0.2562647	0.5745012	2.61739	-0.06520732	0.109689	2.550855	-0.1951649	0.1093906	2.612483	0.1149988	0.3039305	2.480619	-0.3037757	0.3381738	2.67889	0.02118693	-0.2547767	2.604841	-0.1164934	-0.2580975	2.724106	0.06967758	-0.5582715	2.639977	-0.06148832	-0.5591149	2.761025	

0.1101452	0.0820397	2.437081	-0.3459764	0.1238656	2.689939	0.1094599	0.007434023	2.453013	-0.3172967	0.03616403	2.694793	0.07032895	0.07958757	2.426364	-0.3052514	0.09670495	2.675667	-0.1560647	0.8028025	2.541548	-0.1143613	0.6821305	2.544538	-0.1167316	0.6129648	2.556554	-0.1226075	0.4003482	2.584577	-0.1290581	0.109889	2.612482	0.02148804	0.562169	2.487035	-0.2537587	0.5733178	2.61671	-0.0629424	0.10916	2.546337	-0.1917451	0.108387	2.608145	0.1164292	0.302089	2.476711	-0.3015483	0.3398517	2.679698	0.0223148	-0.2560838	2.606345	-0.1161149	-0.2582046	2.723815	0.06957409	-0.5631317	2.642206	-0.06107641	-0.5597927	2.761155	

0.1091616	0.08194627	2.429252	-0.3151767	0.1184888	2.689939	0.1091189	0.008199686	2.441698	-0.3065205	0.01321228	2.690794	0.0667823	0.07592924	2.427083	-0.280491	0.05922625	2.655316	-0.1543696	0.8033728	2.541152	-0.1130737	0.6824694	2.544327	-0.1156495	0.6133158	2.556304	-0.1221651	0.4006755	2.58423	-0.1292102	0.1102433	2.612056	0.02234236	0.5616575	2.485164	-0.2509489	0.5717775	2.615089	-0.06297641	0.1088392	2.545758	-0.192219	0.1100613	2.607682	0.1189435	0.3013809	2.472698	-0.3007492	0.3388111	2.680116	0.02187462	-0.2553942	2.60683	-0.1153732	-0.2582072	2.722783	0.07158343	-0.5571576	2.64388	-0.06103306	-0.5599544	2.760928	

0.1087118	0.08250008	2.419747	-0.3493457	0.1280603	2.695946	0.1060457	0.007619202	2.435236	-0.3176305	0.07691929	2.69778	0.0734712	0.06816568	2.402965	-0.313288	0.1186253	2.692333	-0.1526841	0.8036363	2.539811	-0.1090656	0.6834623	2.542254	-0.1126737	0.6140379	2.554718	-0.1215505	0.4008162	2.583695	-0.1298088	0.1100744	2.611956	0.02363468	0.5612522	2.48152	-0.2483544	0.5713611	2.614032	-0.06408196	0.1083186	2.545606	-0.1924441	0.1099903	2.607659	0.1220217	0.3014463	2.465126	-0.2972682	0.3415892	2.679593	0.02187734	-0.254719	2.60649	-0.1148634	-0.2584445	2.722039	0.07156537	-0.5572619	2.643921	-0.06103677	-0.5599457	2.760906	

0.1091177	0.08340016	2.412643	-0.3440138	0.1271212	2.694366	0.1031715	0.01123312	2.422759	-0.3057176	0.0139482	2.690288	0.07426104	0.0702429	2.397182	-0.3138177	0.08004805	2.692143	-0.1497622	0.8054155	2.537164	-0.1074719	0.6841086	2.541303	-0.1109146	0.6147461	2.553407	-0.1197955	0.4015964	2.581173	-0.1292779	0.1105921	2.608219	0.02541017	0.5608022	2.477595	-0.2442834	0.5696469	2.609316	-0.06364125	0.1077704	2.542556	-0.1916709	0.1114599	2.603193	0.1236076	0.3018724	2.460318	-0.2958336	0.3416983	2.679034	0.02204495	-0.2541271	2.605926	-0.1130947	-0.2580138	2.719361	0.07170964	-0.556707	2.643579	-0.06066037	-0.5599963	2.761008	

0.1087227	0.08248433	2.404108	-0.3451699	0.1281861	2.691077	0.104981	0.006195587	2.414675	-0.2989341	0.03779599	2.678788	0.06971898	0.07679085	2.399565	-0.3074768	0.06729226	2.681625	-0.1455458	0.8054827	2.53147	-0.102135	0.6844038	2.534998	-0.1057021	0.6150303	2.546842	-0.1156263	0.4017432	2.574095	-0.1274944	0.1103265	2.601468	0.02914352	0.5590811	2.46626	-0.2370906	0.5698605	2.600719	-0.06196576	0.1055767	2.535976	-0.1896306	0.1127561	2.59616	0.1279874	0.3012157	2.448122	-0.290049	0.3408518	2.674238	0.02203812	-0.2540612	2.605835	-0.1092218	-0.2580102	2.712297	0.07351946	-0.5552182	2.644299	-0.06058043	-0.5599046	2.760541	

0.1124605	0.0838322	2.390995	-0.3427585	0.1295674	2.685779	0.1083093	0.00785262	2.404058	-0.298119	0.04205738	2.677124	0.07718929	0.07052606	2.37816	-0.303784	0.08766049	2.676364	-0.1390044	0.8077164	2.521566	-0.09202861	0.6874756	2.523256	-0.09738568	0.6172746	2.536956	-0.1118968	0.4020762	2.56881	-0.1272911	0.1095463	2.59995	0.03337035	0.5598969	2.456203	-0.2316932	0.5655205	2.588346	-0.0618808	0.1050522	2.535074	-0.1892536	0.1115646	2.594013	0.1324177	0.3022762	2.436323	-0.2830285	0.3403371	2.664946	0.02199207	-0.2495018	2.602688	-0.107841	-0.2582119	2.708924	0.0708138	-0.5620964	2.640579	-0.05983302	-0.560607	2.758963	

0.1131476	0.08294719	2.387504	-0.3420073	0.130457	2.682676	0.1098123	0.005489238	2.400085	-0.2938206	0.04126956	2.665797	0.07511079	0.07066111	2.390037	-0.3014528	0.06774554	2.666572	-0.1366726	0.807903	2.51801	-0.09009239	0.6882061	2.519372	-0.09478895	0.6178789	2.532149	-0.1076326	0.4016978	2.561438	-0.1228307	0.106543	2.590958	0.03525096	0.5602125	2.451171	-0.2304896	0.5625733	2.585092	-0.05791836	0.1029133	2.525249	-0.1843913	0.1075732	2.586028	0.1341563	0.3016715	2.429936	-0.2811551	0.3410164	2.663086	0.02225088	-0.2495023	2.601858	-0.1064155	-0.2592264	2.705199	0.07068931	-0.5624833	2.640229	-0.05945551	-0.5612159	2.758337	

0.1159278	0.08432113	2.380055	-0.3217446	0.1239286	2.67547	0.1143258	0.008666107	2.387401	-0.2962992	0.01385242	2.671803	0.07781972	0.07880534	2.383571	-0.2992718	0.06608933	2.665818	-0.1329664	0.8084117	2.513833	-0.08639891	0.6882967	2.514929	-0.09182847	0.6179504	2.528654	-0.1067439	0.40169	2.560396	-0.1229887	0.1064808	2.591084	0.03837276	0.5584823	2.443881	-0.2271412	0.5650793	2.579286	-0.05832528	0.1025264	2.525581	-0.1844458	0.1076126	2.586072	0.1367769	0.3025076	2.425837	-0.2767987	0.3386419	2.656708	0.02393159	-0.2542599	2.600073	-0.1038858	-0.2653949	2.703215	0.0717766	-0.5604376	2.639093	-0.0594616	-0.5612586	2.757642	

0.117796	0.08326603	2.372422	-0.3245598	0.1262559	2.674229	0.1195221	0.003837017	2.377872	-0.2817058	0.0004047976	2.683817	0.08204174	0.07032583	2.370682	-0.2926767	0.06987547	2.672286	-0.1290758	0.8080692	2.507677	-0.08418503	0.6880462	2.510267	-0.08965338	0.6175998	2.524514	-0.1052294	0.4011146	2.558163	-0.1227962	0.1059728	2.590986	0.0397582	0.5579	2.436788	-0.2245509	0.564101	2.575893	-0.05826895	0.1015631	2.525615	-0.184101	0.1073457	2.585838	0.1383327	0.3011401	2.419883	-0.2704347	0.3378754	2.650151	0.02664481	-0.2530608	2.597387	-0.1027505	-0.2639097	2.700277	0.07545735	-0.5527465	2.636655	-0.05930144	-0.561464	2.75706	

0.1168645	0.08295469	2.369838	-0.3263265	0.1273744	2.675097	0.1180146	0.003745847	2.373816	-0.2818473	0.02056508	2.658537	0.08494207	0.05231857	2.345819	-0.2912406	0.02474529	2.659	-0.1275184	0.8083056	2.503559	-0.08328428	0.6884726	2.506373	-0.08823612	0.6179206	2.51984	-0.1021591	0.4008329	2.551201	-0.1189796	0.1042222	2.583328	0.03960875	0.5577854	2.433162	-0.2227641	0.5685816	2.57322	-0.05578049	0.1009166	2.51774	-0.1787737	0.104467	2.578234	0.1382323	0.3008867	2.416618	-0.2689049	0.3377181	2.648777	0.02792341	-0.2548599	2.597193	-0.101269	-0.2620553	2.696762	0.07534139	-0.5485194	2.636823	-0.05924465	-0.5617396	2.756584	

0.1157942	0.08196909	2.368476	-0.3280518	0.1308803	2.676732	0.1125092	0.002518497	2.372166	-0.2763129	0.02105941	2.655033	0.07835267	0.06019819	2.349115	-0.2916391	0.02235677	2.662635	-0.1260991	0.8092621	2.500031	-0.08104964	0.6896101	2.502042	-0.08476812	0.619078	2.513426	-0.09403654	0.4015298	2.536806	-0.1035518	0.1027943	2.555192	0.03996949	0.5573566	2.430352	-0.2212366	0.5685062	2.57036	-0.04152919	0.1008343	2.491431	-0.1627131	0.1018066	2.548561	0.1378645	0.3000548	2.413877	-0.2667486	0.3392918	2.646263	0.02832887	-0.2545697	2.596637	-0.09995061	-0.2615085	2.694241	0.07491501	-0.5492088	2.636886	-0.05850985	-0.5623924	2.755972	

0.1134153	0.08131783	2.366348	-0.3288484	0.1298025	2.676324	0.1089041	0.002112788	2.370083	-0.2779344	0.02146425	2.655062	0.06981307	0.05777661	2.355	-0.2912091	0.04783238	2.668286	-0.1259123	0.809176	2.499498	-0.08044327	0.6895258	2.500831	-0.08383616	0.6188998	2.511669	-0.09258667	0.4011499	2.534167	-0.1025563	0.1024831	2.553297	0.03984213	0.5569498	2.427959	-0.2207042	0.5682901	2.568871	-0.04000876	0.1007305	2.488102	-0.1621236	0.1014291	2.547631	0.1372798	0.299175	2.412138	-0.2665884	0.3378386	2.645383	0.02825633	-0.2561926	2.595881	-0.09999184	-0.2612644	2.692264	0.07512273	-0.5495595	2.636751	-0.05833911	-0.5623589	2.755369	

0.1110957	0.08050958	2.364473	-0.3293379	0.1298364	2.675685	0.1066198	0.002903051	2.36761	-0.2721871	0.02102101	2.650474	0.07265001	0.05453706	2.342962	-0.2873396	0.08582001	2.65345	-0.1257671	0.8090315	2.498372	-0.08037095	0.6895347	2.500736	-0.08382721	0.618902	2.511676	-0.09300276	0.4010828	2.534642	-0.1063005	0.1022847	2.557681	0.03934545	0.5569639	2.42647	-0.22033	0.5681123	2.567276	-0.04352722	0.09989981	2.492194	-0.1661559	0.1019105	2.552553	0.1367248	0.2981993	2.410313	-0.2665458	0.3378636	2.645308	0.02855488	-0.2579992	2.595635	-0.1002024	-0.2608816	2.68729	0.07519003	-0.5493701	2.636799	-0.0580407	-0.5635446	2.753551	

0.1088948	0.07967084	2.36335	-0.335078	0.1327499	2.676732	0.09953698	0.003818962	2.368105	-0.2932885	0.06901418	2.677836	0.0636048	0.05980531	2.347412	-0.2918827	0.06868338	2.665	-0.1261247	0.8096889	2.497349	-0.08030367	0.6900284	2.499876	-0.08398642	0.6192814	2.511034	-0.09422266	0.4014367	2.534478	-0.1109743	0.1028255	2.558723	0.03808239	0.5575152	2.424524	-0.2206885	0.5675676	2.566085	-0.04842262	0.1002554	2.492889	-0.1704942	0.1026012	2.553966	0.1352527	0.2975714	2.407552	-0.2660882	0.3384613	2.644783	0.02690285	-0.2578073	2.59506	-0.1012649	-0.2614465	2.681632	0.07420796	-0.5504733	2.637586	-0.05324278	-0.5637629	2.746754	

0.1060193	0.07995257	2.362417	-0.3353438	0.1340186	2.676979	0.09369636	0.003018435	2.366989	-0.2919564	0.09796806	2.665837	0.06338938	0.06310952	2.338731	-0.2943524	0.1031371	2.64931	-0.1265717	0.809863	2.496219	-0.08229584	0.6902699	2.498268	-0.0861495	0.6196061	2.510037	-0.09830408	0.4022796	2.535805	-0.1182792	0.1051968	2.565451	0.03693003	0.5579911	2.423215	-0.2210858	0.5673102	2.565634	-0.05568014	0.1011339	2.499954	-0.1777581	0.106457	2.560494	0.1334788	0.2978811	2.405711	-0.2667134	0.3400102	2.645652	0.02218245	-0.2568593	2.59551	-0.1014053	-0.2533566	2.670934	0.07211078	-0.5593597	2.639093	-0.05000073	-0.5653486	2.740944	

0.1029742	0.08016302	2.360584	-0.3350616	0.1352446	2.675796	0.0931733	0.002918323	2.363229	-0.2925045	0.09815197	2.670841	0.06368366	0.051595	2.330741	-0.2907275	0.1048334	2.654667	-0.1275199	0.8097395	2.494033	-0.08321773	0.6901531	2.496923	-0.08717188	0.6195604	2.509248	-0.1001867	0.4024078	2.536525	-0.1212083	0.1056683	2.568683	0.03590856	0.5580007	2.421813	-0.2216793	0.5671467	2.564393	-0.05873192	0.1010324	2.503424	-0.1804473	0.1074335	2.563457	0.1319371	0.2978966	2.403926	-0.266986	0.3418265	2.64637	0.02126775	-0.2582216	2.595698	-0.1020268	-0.2509263	2.667445	0.07069729	-0.5590292	2.638784	-0.04929936	-0.5665178	2.739308	

0.1006226	0.08083321	2.359529	-0.2846122	0.1237406	2.661077	0.08786029	0.002051061	2.363422	-0.2766408	-0.006320449	2.676112	0.05936545	0.05291108	2.331087	-0.2587564	0.04810501	2.625072	-0.1287666	0.8097844	2.493577	-0.08539106	0.6900374	2.496467	-0.08949792	0.6195046	2.509243	-0.1031448	0.4025495	2.538567	-0.1236223	0.1060474	2.572874	0.03266374	0.5583971	2.420722	-0.2225909	0.5671015	2.564353	-0.0613134	0.1014259	2.507545	-0.1825726	0.1077787	2.56764	0.1298766	0.2985876	2.402457	-0.2680488	0.3434566	2.647876	0.02118711	-0.2574834	2.595311	-0.1012057	-0.254135	2.668299	0.07217142	-0.5663069	2.64207	-0.04870627	-0.5662252	2.73835	

0.0966768	0.08086672	2.357057	-0.3023486	0.1276752	2.671357	0.08359942	0.003013667	2.364233	-0.2767304	-7.880626E-05	2.673465	0.05350963	0.06763402	2.3381	-0.2629414	0.05732438	2.6265	-0.1313305	0.810594	2.491994	-0.08855613	0.6900652	2.493705	-0.09256896	0.6197154	2.507891	-0.1073554	0.4034597	2.541141	-0.1305008	0.1088929	2.58455	0.0296224	0.558677	2.41995	-0.2238055	0.5682083	2.564292	-0.067624	0.102912	2.518557	-0.1898471	0.1120194	2.580032	0.1283325	0.2981493	2.401025	-0.2689978	0.3441744	2.64926	0.02091081	-0.2570581	2.595244	-0.1004576	-0.2575339	2.669477	0.07154806	-0.5693954	2.641833	-0.04779869	-0.5669977	2.737804	

0.07841863	0.08349717	2.355193	-0.2806109	0.1219042	2.654948	0.04675857	-0.003498826	2.371395	-0.2637331	-0.02152965	2.663206	0.006934245	0.09117066	2.38592	-0.2579387	0.03039783	2.606572	-0.1510449	0.8049268	2.487704	-0.1026931	0.6876365	2.487783	-0.1042266	0.617378	2.50462	-0.1124886	0.4013848	2.543318	-0.13046	0.105536	2.590391	0.01728861	0.5558085	2.415766	-0.2292898	0.5650727	2.563512	-0.06807654	0.1007803	2.521462	-0.1889182	0.107203	2.589878	0.1179422	0.3001531	2.394407	-0.2710338	0.3429111	2.6512	0.0136617	-0.2595584	2.591791	-0.1007148	-0.2597809	2.668911	0.07002153	-0.5684367	2.64208	-0.03022543	-0.5659742	2.714892	

0.06868312	0.08242092	2.35584	-0.2786598	0.1188029	2.653289	0.03966387	-0.003555339	2.366804	-0.2628774	-0.02198079	2.659176	-0.001438193	0.07194493	2.387316	-0.246991	0.03943907	2.610741	-0.1558493	0.8034304	2.486639	-0.1087333	0.6845801	2.48444	-0.1093256	0.6145912	2.502409	-0.1141785	0.3994631	2.544254	-0.1269138	0.1024166	2.595404	0.01221432	0.5538331	2.413041	-0.2326602	0.5638102	2.563135	-0.06579231	0.09806862	2.525203	-0.1843361	0.1040194	2.595561	0.1135523	0.2984523	2.39156	-0.273154	0.3401448	2.652833	0.01324931	-0.2599787	2.591889	-0.1012664	-0.2603292	2.667988	0.06859975	-0.5662783	2.641879	-0.02953903	-0.5660099	2.713073	

0.05911665	0.08137232	2.35546	-0.268613	0.09656145	2.638185	0.02869279	-0.009865614	2.373241	-0.2603664	-0.02837793	2.652022	-0.008620472	0.06758018	2.389364	-0.2331763	0.05408719	2.60725	-0.1593895	0.8013322	2.48543	-0.1129516	0.6813045	2.482684	-0.1130966	0.6113939	2.501296	-0.1158905	0.3963951	2.545697	-0.1240727	0.09881695	2.600033	0.007257015	0.5516192	2.412001	-0.2367681	0.5580661	2.562766	-0.06332047	0.09514398	2.52957	-0.1813238	0.09987336	2.60011	0.1091487	0.2963937	2.389715	-0.2737868	0.3356797	2.652369	0.012861	-0.260484	2.591761	-0.1040461	-0.2767358	2.671823	0.06416518	-0.5670453	2.643462	-0.02846269	-0.5659276	2.710327	

-0.001902594	-0.002955903	2.384497	-0.2535695	0.004741649	2.612932	-0.04151402	-0.1090961	2.422817	-0.2588714	-0.07051717	2.609645	-0.05940653	0.001105126	2.428	-0.2094375	-0.04165317	2.588125	-0.1971408	0.7049663	2.4814	-0.1468568	0.5854292	2.479582	-0.1405904	0.5160508	2.503003	-0.1209718	0.302853	2.564657	-0.09379901	0.01173969	2.637893	-0.01730155	0.4668612	2.414112	-0.2619389	0.4536622	2.605445	-0.0392042	0.01597775	2.565214	-0.1458253	0.007191435	2.639828	0.06115321	0.2091904	2.385935	-0.2772641	0.2235921	2.647489	0.01615897	-0.3105291	2.565259	-0.1451934	-0.3189123	2.66715	0.05909091	-0.5712801	2.636469	-0.03642502	-0.5733668	2.710863	

-0.05270349	-0.1001765	2.41048	-0.2431097	-0.1261499	2.604972	-0.07657514	-0.2223599	2.445884	-0.2272252	-0.2465174	2.595837	-0.08599895	-0.1540284	2.42675	-0.2003101	-0.1530577	2.568917	-0.2017292	0.5909741	2.491371	-0.1456239	0.4700928	2.491842	-0.1382035	0.4031834	2.515989	-0.1150751	0.1979434	2.579614	-0.08316071	-0.08181418	2.655277	-0.01345939	0.3601225	2.432074	-0.2518873	0.3439014	2.605782	-0.02748937	-0.08128043	2.577676	-0.1365571	-0.08017093	2.662156	0.05065162	0.09473958	2.409481	-0.2432661	0.09201322	2.649585	-0.04675206	-0.4097485	2.49316	-0.1862294	-0.4055162	2.661079	0.05910066	-0.5886996	2.629772	-0.05602417	-0.5794203	2.72043	

-0.06745731	-0.1521707	2.440176	-0.214407	-0.2303834	2.588907	-0.10473	-0.2854445	2.451011	-0.2008357	-0.3410264	2.593795	-0.09031729	-0.1993943	2.4358	-0.1600128	-0.2793746	2.566177	-0.1898022	0.4998081	2.514719	-0.1362501	0.3774041	2.513696	-0.1203075	0.3119039	2.538103	-0.0713151	0.1113399	2.602352	-0.004456513	-0.1616032	2.678667	0.0007924295	0.2753038	2.453794	-0.2382706	0.2273156	2.645127	0.0488919	-0.1448355	2.602391	-0.05763135	-0.174095	2.684278	0.06200819	0.02482804	2.427081	-0.2044236	-0.01970963	2.66332	-0.05878183	-0.4507274	2.494322	-0.2455253	-0.4455009	2.6567	0.06001785	-0.5911931	2.629221	-0.05959309	-0.5809348	2.720653	

-0.04358033	-0.1685332	2.437088	-0.2122038	-0.2310402	2.588619	-0.0996392	-0.3077261	2.436258	-0.2071995	-0.3264207	2.592801	-0.08947487	-0.1999616	2.435017	-0.1615966	-0.2948635	2.576864	-0.1885415	0.4970413	2.514735	-0.1356202	0.3743823	2.514686	-0.1196483	0.3081889	2.541155	-0.07070895	0.1040863	2.61904	-0.005031588	-0.1734279	2.730204	0.001376764	0.2720588	2.454813	-0.2377199	0.2273693	2.644912	0.04834802	-0.1639641	2.656094	-0.05822559	-0.1783648	2.73327	0.06222328	0.02400259	2.428005	-0.2038979	-0.02055787	2.663909	-0.02029482	-0.4664804	2.501707	-0.2430602	-0.4453705	2.632775	0.06123977	-0.6738474	2.632079	-0.0631642	-0.5821804	2.72191	

-0.02288499	-0.2122532	2.432933	-0.212167	-0.234449	2.609801	-0.0764716	-0.3504467	2.435958	-0.2051336	-0.3323689	2.595465	-0.08565215	-0.2488584	2.41812	-0.1612284	-0.2681464	2.581428	-0.1537365	0.4509859	2.560173	-0.1136768	0.3258611	2.552953	-0.09611112	0.2621293	2.584265	-0.04230403	0.06725344	2.669145	0.03088607	-0.1974565	2.772943	0.02971432	0.230734	2.48709	-0.1991134	0.1985968	2.649026	0.08784039	-0.1846377	2.706022	-0.026812	-0.2052417	2.769259	0.0837115	-0.009780304	2.445267	-0.1938434	-0.02944073	2.698863	-0.07794271	-0.3011229	2.406744	-0.2326749	-0.4427873	2.628047	0.05273613	-0.5830849	2.616658	-0.1227081	-0.6704094	2.697403	

-0.03350431	-0.1953064	2.443636	-0.2081184	-0.268953	2.592983	-0.08972625	-0.3328483	2.439815	-0.197197	-0.367778	2.624407	-0.08869106	-0.229103	2.435929	-0.1552879	-0.3071555	2.602	-0.1430806	0.4493946	2.572338	-0.1100359	0.3261139	2.555571	-0.09368386	0.2618763	2.586019	-0.04183004	0.06621982	2.669521	0.02893599	-0.2020259	2.771716	0.03104227	0.2302847	2.488996	-0.1918207	0.2032995	2.657765	0.08343916	-0.191388	2.706531	-0.02715656	-0.2086679	2.766606	0.08617765	-0.01016165	2.447037	-0.1888182	-0.03183861	2.705075	-0.07368219	-0.2906895	2.395439	-0.2317367	-0.4503604	2.632939	-0.004604543	-0.6142587	2.524189	-0.1240266	-0.6798095	2.699999	

-0.02598449	-0.1909286	2.446886	-0.1990098	-0.2474334	2.576863	-0.09009752	-0.3252938	2.439487	-0.2100866	-0.3145914	2.590473	-0.07994488	-0.2213392	2.4345	-0.1581734	-0.2600102	2.58425	-0.09608054	0.4569355	2.618915	-0.04973173	0.3354552	2.603771	-0.03858374	0.2687067	2.629838	-0.007136845	0.06477207	2.69691	0.03373281	-0.2059767	2.775476	0.07420317	0.2294006	2.532004	-0.1546847	0.2198937	2.699951	0.08876938	-0.1964103	2.710126	-0.02261809	-0.2111785	2.770425	0.09944335	-0.009437436	2.463101	-0.1647166	-0.06655506	2.707995	-0.07115797	-0.2857129	2.397192	-0.3123884	-0.2956122	2.594399	-0.008790797	-0.611816	2.523294	-0.07169057	-0.5763246	2.721539	

-0.01414321	-0.178634	2.451276	-0.1847168	-0.26747	2.600813	-0.07803838	-0.3127134	2.42973	-0.1674881	-0.3968784	2.638773	-0.068318	-0.2128045	2.434227	-0.1213666	-0.2935166	2.616625	-0.05385556	0.4666819	2.660939	-0.01305235	0.3480625	2.644776	-0.00372233	0.2798934	2.666633	0.01888621	0.07028931	2.718374	0.05237831	-0.2095881	2.784101	0.1002923	0.2395608	2.561903	-0.1226064	0.2165985	2.741009	0.1079389	-0.1993852	2.717538	-0.004454535	-0.2148325	2.780258	0.1142434	-0.0003363842	2.483982	-0.1566769	-0.06850841	2.710536	-0.06519517	-0.2754286	2.408271	-0.2963517	-0.2896112	2.602575	-0.003979977	-0.6021469	2.533571	-0.07268623	-0.5768581	2.722493	

0.004101693	-0.1856425	2.462626	-0.174618	-0.2008561	2.614742	-0.04824959	-0.2969382	2.413151	-0.1731771	-0.3285371	2.608063	-0.04412013	-0.1972781	2.429572	-0.1199016	-0.2750395	2.6156	-0.03154531	0.473707	2.680542	0.005060641	0.3500968	2.661069	0.01013746	0.2810542	2.678409	0.02814792	0.07036062	2.724445	0.05593193	-0.2116468	2.783564	0.1165127	0.2396102	2.57875	-0.1062978	0.2196242	2.752039	0.1106292	-0.2014972	2.717551	6.63571E-05	-0.2166703	2.779002	0.1246388	-0.002464919	2.499256	-0.1338844	-0.01954798	2.743455	-0.06132036	-0.2721041	2.4061	-0.2940017	-0.2890174	2.604413	-0.005065287	-0.6009873	2.528419	-0.07264935	-0.5776537	2.723155	

0.007566266	-0.1796615	2.463323	-0.1743343	-0.1995318	2.615526	-0.06408635	-0.3102607	2.422633	-0.21609	-0.3031017	2.586588	-0.0535907	-0.2064789	2.429762	-0.1500461	-0.2465791	2.5844	-0.01990368	0.4725601	2.690732	0.01807891	0.3510801	2.675099	0.02326026	0.2832763	2.691519	0.03889167	0.0754222	2.732336	0.06176581	-0.2065734	2.783185	0.1270927	0.2401548	2.589463	-0.09455768	0.2238258	2.767068	0.1192909	-0.195459	2.713233	0.004264253	-0.2116913	2.781659	0.1318336	-0.0001983618	2.50759	-0.1326891	-0.0183999	2.744196	-0.05899989	-0.2736411	2.407714	-0.2741449	-0.2888601	2.580098	-0.007797307	-0.6043329	2.527596	-0.07273676	-0.5782407	2.723642	

0.009368923	-0.177082	2.463377	-0.1751959	-0.2075605	2.613015	-0.06031232	-0.3046642	2.427167	-0.2094911	-0.2999001	2.592759	-0.05325068	-0.2078988	2.427721	-0.15063	-0.2495707	2.584982	0.01071707	0.4755985	2.719604	0.0445304	0.3542713	2.698843	0.04754645	0.2866625	2.712847	0.05706129	0.07958931	2.746709	0.07064894	-0.2029801	2.786778	0.1515072	0.2424777	2.614863	-0.06948997	0.2313852	2.800573	0.1269486	-0.1931441	2.714466	0.01344425	-0.2070801	2.788531	0.1372466	-0.001408853	2.513737	-0.1256712	-0.01709392	2.748688	-0.0573004	-0.2714272	2.412823	-0.2686464	-0.2865241	2.594206	-0.005398931	-0.6015971	2.533733	-0.0728269	-0.5781419	2.723727	

0.01191812	-0.1663672	2.462407	-0.1738311	-0.205427	2.616246	-0.05918854	-0.2964274	2.421557	-0.213895	-0.2882477	2.59047	-0.05533804	-0.207032	2.43003	-0.1593679	-0.2658771	2.588178	0.016567	0.475637	2.725506	0.05097494	0.3553856	2.708565	0.05402963	0.2878247	2.722116	0.06314875	0.08101778	2.753989	0.07510377	-0.2012012	2.789663	0.1558123	0.2435751	2.620383	-0.06710964	0.2306555	2.802854	0.1315535	-0.1917166	2.715996	0.0173614	-0.2051547	2.792943	0.1487421	-0.0001693006	2.522812	-0.1171449	-0.01713419	2.754764	-0.05482225	-0.2690732	2.415484	-0.2661003	-0.2854936	2.601448	-0.004511214	-0.5997351	2.535817	-0.07301871	-0.5789335	2.724531	

0.01769241	-0.1572262	2.462524	-0.1714829	-0.1998546	2.620019	-0.05288482	-0.2817424	2.416852	-0.2196227	-0.2957311	2.590956	-0.04814546	-0.1824432	2.422905	-0.1560526	-0.2570682	2.589784	0.03908672	0.477477	2.747793	0.07701545	0.3561413	2.733986	0.07713497	0.28844	2.744519	0.07829145	0.08148284	2.768239	0.08175228	-0.2005393	2.794477	0.1737296	0.2459591	2.639787	-0.05112762	0.2179379	2.820495	0.1381329	-0.1905802	2.719777	0.02360669	-0.2052066	2.798712	0.1608269	0.0003475547	2.532511	-0.1067667	-0.01601435	2.761239	-0.04672351	-0.2531738	2.414325	-0.2612267	-0.2793816	2.606446	0.0007842308	-0.5848643	2.533379	-0.07289717	-0.5806889	2.724643	

0.03158997	-0.1402857	2.465595	-0.1679996	-0.1796058	2.626433	-0.05426609	-0.2173513	2.410122	-0.2256245	-0.2825835	2.590587	-0.02927323	-0.1360584	2.438529	-0.1519227	-0.2356595	2.594715	0.0439125	0.4771909	2.757266	0.08006664	0.3558418	2.738803	0.08066148	0.2884011	2.749757	0.08270475	0.0823608	2.773988	0.08575989	-0.1984165	2.798486	0.179428	0.2448402	2.646015	-0.04497106	0.2185877	2.827503	0.1427652	-0.1887487	2.722553	0.02687036	-0.2028392	2.804164	0.180026	0.008570819	2.544639	-0.09580117	-0.01598872	2.765384	-0.04161258	-0.2406569	2.414479	-0.2575857	-0.2746778	2.610038	0.006807532	-0.5721362	2.533922	-0.07320148	-0.5811962	2.724697	

0.03307868	-0.1336596	2.464621	-0.1532372	-0.1901164	2.637879	-0.05225237	-0.2155042	2.406825	-0.1972952	-0.2937964	2.589198	-0.03230473	-0.1304446	2.434149	-0.1346684	-0.2518419	2.60955	0.05081821	0.4750809	2.767769	0.08482942	0.3549104	2.747294	0.08523412	0.2879216	2.758147	0.0864398	0.08316129	2.781809	0.08814746	-0.1959175	2.804802	0.1867453	0.2454954	2.65498	-0.03807475	0.2195128	2.831148	0.1461828	-0.1866623	2.728841	0.02812631	-0.2001065	2.810374	0.1906774	0.01658035	2.551877	-0.09052993	-0.01583418	2.767539	-0.03250645	-0.2066219	2.412876	-0.2548244	-0.2709016	2.613098	0.01298958	-0.5408814	2.526903	-0.07304345	-0.5823814	2.724461	

0.02892757	-0.05916467	2.449703	-0.1634932	-0.2000987	2.629673	-0.0334006	-0.1346117	2.396976	-0.2018095	-0.2814821	2.590078	-0.01598366	-0.06901637	2.426084	-0.1439933	-0.2477666	2.604499	0.07234425	0.4765773	2.794991	0.1015778	0.3536743	2.777139	0.1005511	0.2857568	2.787786	0.09742381	0.07833645	2.810932	0.09336027	-0.2036455	2.832938	0.2024176	0.244549	2.670425	-0.02130212	0.2207399	2.848577	0.1486074	-0.1988995	2.756053	0.03605209	-0.2034094	2.840021	0.2101348	0.0162117	2.562263	-0.08240199	-0.03379353	2.759531	0.009561305	-0.1357854	2.424552	-0.2359961	-0.2575071	2.61925	0.04080473	-0.4805645	2.513952	-0.1313908	-0.593151	2.686789	

0.07574853	-0.009825388	2.443202	-0.1534505	-0.1966674	2.623823	0.006061526	-0.04475987	2.400822	-0.2011182	-0.2745657	2.591678	0.05179258	0.0271173	2.420316	-0.1463383	-0.2486522	2.610762	0.08495894	0.4761298	2.810963	0.1131356	0.3509979	2.790073	0.1118053	0.2834786	2.800468	0.1074527	0.07719131	2.822613	0.1013907	-0.2034205	2.842919	0.215563	0.2437815	2.688846	-0.01150555	0.2219469	2.863766	0.153153	-0.1991278	2.76635	0.04794386	-0.202634	2.849443	0.2512732	0.04342536	2.577313	-0.08284033	-0.03756074	2.769059	0.06840583	-0.08400058	2.430082	-0.2263319	-0.2398776	2.627418	0.08093009	-0.4424982	2.462431	-0.1302204	-0.5794373	2.689135	

0.07934245	-0.02025254	2.441861	-0.1650134	-0.1921917	2.62887	0.01355817	-0.02298568	2.406376	-0.2132833	-0.2619209	2.587262	0.05707211	0.03625538	2.415857	-0.1443951	-0.2336838	2.6115	0.08908851	0.4734877	2.816302	0.1167279	0.3503256	2.795394	0.1162429	0.2824419	2.806836	0.1149422	0.07473745	2.832701	0.1140053	-0.2083753	2.859154	0.2156396	0.24379	2.688898	-0.009662089	0.2197505	2.86946	0.16314	-0.2049003	2.783619	0.06225728	-0.2066501	2.86417	0.2649136	0.02262638	2.56509	-0.08251603	-0.03882751	2.773985	0.07804955	-0.08278216	2.450067	-0.2104588	-0.2312651	2.637537	0.08868986	-0.441887	2.477733	-0.1179025	-0.5719609	2.698557	

0.08095558	-0.01935697	2.441616	-0.1609433	-0.1925237	2.626383	0.0282265	-0.009490099	2.407389	-0.1934145	-0.2463524	2.598992	0.05764429	0.03866319	2.417929	-0.1437116	-0.2349109	2.614625	0.09123032	0.4732666	2.818145	0.1187285	0.3489942	2.798653	0.1193039	0.2810954	2.81022	0.1222953	0.07348999	2.836352	0.1295913	-0.2086674	2.862011	0.2234535	0.2441731	2.695589	-0.006168225	0.2214848	2.870714	0.1857919	-0.2019747	2.793801	0.07316986	-0.2091407	2.862192	0.267032	0.02483727	2.563534	-0.07926808	-0.04114038	2.774194	0.07955872	0.01721181	2.446353	-0.2052351	-0.2292996	2.643039	0.1003974	-0.3418088	2.475678	-0.1127719	-0.5699112	2.704535	

0.09977716	0.01846417	2.447198	-0.1469936	-0.2021036	2.619483	0.05270332	0.009214792	2.408287	-0.1900461	-0.2556614	2.595203	0.07082095	0.06052403	2.432833	-0.1345532	-0.2406241	2.617278	0.09394088	0.4724885	2.820546	0.1216571	0.3486907	2.800874	0.122531	0.2810128	2.811229	0.1281415	0.07433207	2.832898	0.1406062	-0.2049508	2.844266	0.228638	0.2441564	2.700974	-0.004493203	0.2198902	2.871872	0.1957778	-0.1953204	2.764515	0.08293785	-0.208095	2.851158	0.2893592	0.02925225	2.571509	-0.06575339	-0.05391173	2.770944	0.1033315	0.02723094	2.458003	-0.2042334	-0.229331	2.645758	0.1182128	-0.332934	2.479817	-0.1119654	-0.5698372	2.707937	

0.1237876	-0.05939835	2.419312	-0.1942505	-0.2696048	2.607125	0.09891468	-0.05849892	2.416728	-0.2191034	-0.3601574	2.63718	0.08195758	-0.03559341	2.41575	-0.1699499	-0.3489458	2.612455	0.09545838	0.4728333	2.823901	0.1284712	0.349138	2.803923	0.1304173	0.2813444	2.812366	0.1400193	0.07421348	2.826809	0.1549936	-0.2071823	2.829205	0.2400428	0.2368485	2.706645	-0.009766854	0.2086413	2.884698	0.2049064	-0.1957999	2.755044	0.101592	-0.2134399	2.832077	0.2951617	0.03461901	2.573106	-0.0592635	-0.05285845	2.770903	0.1131407	0.03285518	2.461803	-0.1928995	-0.2862945	2.656203	0.1647543	-0.3184695	2.519274	-0.07566531	-0.5739843	2.728273	

0.1130669	0.01323222	2.419323	-0.1782265	-0.2231525	2.650308	0.09331436	-0.0106605	2.408932	-0.2180161	-0.3385346	2.61833	0.08546223	0.02129865	2.4055	-0.1557958	-0.2963002	2.605	0.09677195	0.4734024	2.826604	0.1300206	0.3490386	2.804848	0.1323876	0.2813174	2.812329	0.144063	0.07458292	2.82202	0.1608007	-0.2059706	2.816594	0.2433205	0.2352404	2.708288	-0.01478709	0.1978665	2.889071	0.2119503	-0.1924456	2.742488	0.1058748	-0.2142296	2.81992	0.3058421	0.04545241	2.595547	-0.08579167	-0.002581142	2.808626	0.1178118	0.03497632	2.463106	-0.1943822	-0.2879035	2.657082	0.161487	-0.3170641	2.522421	-0.07562616	-0.5739274	2.728304	

0.1566519	-0.01919737	2.438527	-0.1786163	-0.2208123	2.650867	0.1020157	0.008424415	2.414849	-0.2201238	-0.3329853	2.620061	0.1048496	0.04704732	2.4162	-0.1557483	-0.293678	2.602973	0.09700441	0.4732472	2.827997	0.1313657	0.34901	2.805182	0.1344783	0.2813421	2.812556	0.1468768	0.07478726	2.822524	0.165279	-0.2055092	2.82099	0.2456571	0.2350723	2.709996	-0.01252984	0.2018621	2.889206	0.2179685	-0.1923598	2.747901	0.108929	-0.2135374	2.823544	0.3075779	0.04515694	2.597126	-0.0799315	-0.0127954	2.79245	0.1254939	0.03614976	2.464961	-0.1905096	-0.2865014	2.65831	0.1491614	-0.3103958	2.553677	-0.07586657	-0.5741679	2.727708	

0.1546568	-0.02262087	2.419301	-0.1786578	-0.2206217	2.651497	0.1221213	-0.0218355	2.390282	-0.218237	-0.3376921	2.62152	0.1156841	0.0193234	2.399273	-0.1543972	-0.2847463	2.608792	0.09837123	0.473839	2.828334	0.1327033	0.3492098	2.806206	0.1363225	0.2818101	2.81286	0.1508663	0.07673199	2.820224	0.1721192	-0.2006705	2.814785	0.248249	0.234593	2.7125	-0.01216449	0.2024559	2.88977	0.2310418	-0.1832376	2.738071	0.1113028	-0.2116896	2.820184	0.3086003	0.04765485	2.593203	-0.0789307	-0.01322337	2.792682	0.1417858	0.02141802	2.453032	-0.1896015	-0.2863772	2.659319	0.1542838	-0.3219447	2.553446	-0.07728623	-0.5704063	2.726416	

0.1548161	-0.02278345	2.418941	-0.1789195	-0.2190048	2.651426	0.1219688	-0.02465329	2.390449	-0.2205113	-0.3389666	2.621714	0.1117008	0.01407326	2.402	-0.1560026	-0.291988	2.605795	0.09858581	0.4738602	2.828377	0.1342233	0.349782	2.806682	0.1375135	0.2820643	2.812679	0.1511981	0.07599372	2.818477	0.1687842	-0.2056939	2.809494	0.248293	0.2345531	2.7125	-0.01100688	0.2064851	2.888551	0.2221178	-0.1924224	2.732576	0.1106263	-0.2148014	2.814763	0.3102293	0.0481458	2.586227	-0.07864489	-0.01161614	2.792491	0.1437618	0.01399635	2.445423	-0.193209	-0.2855756	2.6587	0.1576104	-0.3267767	2.553001	-0.07710283	-0.5697396	2.726015	

0.1588928	-0.02383177	2.418474	-0.1795122	-0.2189161	2.651858	0.1309841	-0.03246353	2.382963	-0.2205079	-0.3412945	2.623371	0.1413302	0.02442685	2.388167	-0.154835	-0.2859512	2.607943	0.09859523	0.4736699	2.828344	0.1342713	0.3499441	2.806685	0.1351167	0.2820105	2.813166	0.100252	0.0656331	2.83014	0.06418177	-0.2282605	2.841016	0.2483948	0.2343473	2.712427	-0.01124186	0.2055529	2.88868	0.107241	-0.2274314	2.760964	0.0195727	-0.2234291	2.850549	0.312535	0.04696768	2.594822	-0.07828383	-0.01262463	2.792448	0.1468951	0.006599147	2.446853	-0.2340449	-0.2978279	2.612414	0.1595125	-0.3323849	2.559278	-0.07718202	-0.5698696	2.726074	

0.1585374	-0.03375663	2.415291	-0.1790187	-0.2181053	2.651482	0.131577	-0.03580152	2.383299	-0.2174336	-0.338781	2.622372	0.1218895	0.006061093	2.391154	-0.1548683	-0.2879247	2.608649	0.09852205	0.4736477	2.82821	0.1338052	0.3503104	2.806697	0.1318524	0.2822402	2.813602	0.1001545	0.06574968	2.830124	0.06430299	-0.227989	2.84099	0.2484198	0.2342745	2.712328	-0.01033296	0.2079594	2.886328	0.1074264	-0.2272666	2.760778	0.0196544	-0.2229088	2.850744	0.3151986	0.04574326	2.600091	-0.07745948	-0.01188146	2.791568	0.147476	0.004011312	2.446266	-0.2345122	-0.2969598	2.613161	0.1576251	-0.3325504	2.565113	-0.07672077	-0.5715651	2.726263	

0.1560629	-0.0400679	2.413121	-0.1811761	-0.2228349	2.64886	0.1298403	-0.03970733	2.381623	-0.2106131	-0.3536026	2.630545	0.1188085	0.004726991	2.389833	-0.1472315	-0.325478	2.622563	0.09322807	0.4714226	2.816762	0.1283067	0.3475964	2.79899	0.1235832	0.2782387	2.806768	0.09816243	0.06385405	2.827302	0.0642152	-0.2285645	2.840669	0.246114	0.2337615	2.706493	-0.01563188	0.2000342	2.879371	0.1073088	-0.2278797	2.760051	0.01957446	-0.2235664	2.850716	0.3152533	0.03140504	2.577961	-0.08455157	-0.003206137	2.805616	0.147704	0.001044552	2.445784	-0.2028338	-0.02315683	2.663851	0.158003	-0.3348429	2.566248	-0.1787889	-0.3838217	2.6604	

0.1557303	-0.04102492	2.4122	-0.1580095	-0.196432	2.659279	0.1299793	-0.04065305	2.37984	-0.2208603	-0.3265761	2.61347	0.1207971	0.001187465	2.3908	-0.1269025	-0.309019	2.637	0.08103874	0.4682105	2.793903	0.1236801	0.3469752	2.790379	0.1190449	0.277372	2.802224	0.09658663	0.06331979	2.827558	0.06205547	-0.2298563	2.853454	0.2456335	0.2331958	2.705396	-0.01909675	0.2016703	2.873752	0.1072605	-0.2310934	2.772265	0.0151002	-0.2228482	2.864766	0.315416	0.02973742	2.574365	-0.08355425	-0.01714803	2.785012	0.1532255	-0.01232009	2.44179	-0.1972555	-0.03108098	2.654652	0.1721326	-0.3424624	2.574547	-0.1713314	-0.3915526	2.652781	

0.1899256	-0.03828728	2.420198	-0.1064323	-0.1664074	2.660684	0.1303685	-0.04389285	2.375142	-0.1795343	-0.2408471	2.595447	0.1383809	0.009792733	2.375	-0.1063146	-0.2123721	2.612385	0.08017226	0.4658614	2.78508	0.1189033	0.3441887	2.782046	0.1161153	0.2759042	2.798048	0.09717795	0.06364156	2.828392	0.08255846	-0.2187844	2.876826	0.23978	0.2365836	2.696207	-0.01633903	0.2105275	2.860533	0.1419929	-0.2099532	2.811211	0.02301765	-0.2199046	2.874001	0.3199724	0.0300801	2.595481	-0.0659927	-0.004135306	2.814441	0.1792289	-0.05067165	2.469652	-0.2125552	-0.2291692	2.603087	0.1737933	-0.3766524	2.595193	-0.1347068	-0.5726745	2.667848	

0.1912875	-0.03513778	2.421745	-0.1051067	-0.1639971	2.664357	0.1236487	-0.0456933	2.374734	-0.18038	-0.2407604	2.592846	0.146583	0.01173748	2.3805	-0.1013704	-0.2057177	2.619267	0.08015	0.4653886	2.780717	0.1164782	0.343583	2.779214	0.1130386	0.275195	2.793805	0.09683197	0.06404469	2.825114	0.08154527	-0.218411	2.859331	0.2398766	0.2364026	2.696247	-0.01384186	0.2178041	2.853197	0.1343969	-0.2093582	2.777046	0.02459591	-0.220632	2.865596	0.3196251	0.0283643	2.600219	-0.06525446	0.001623839	2.814454	0.1814462	-0.04307134	2.456717	-0.2177825	-0.2291623	2.601496	0.1774097	-0.3773873	2.580701	-0.1396666	-0.5725865	2.666387	

0.1808552	-0.03958816	2.424322	-0.03102478	-0.1744528	2.688814	0.121527	-0.04627538	2.37587	-0.1010709	-0.2232081	2.626877	0.136406	0.007373115	2.378941	-0.03477434	-0.2096778	2.664571	0.07901588	0.4653633	2.780631	0.1171891	0.3439686	2.777275	0.1130181	0.2757454	2.791383	0.09523683	0.06589996	2.821789	0.07144449	-0.2146728	2.852068	0.2382662	0.2340948	2.691642	-0.01749859	0.2127233	2.855748	0.1251533	-0.2063246	2.771874	0.01681516	-0.2176611	2.860192	0.3138836	0.02990342	2.596776	-0.0675945	-0.003808081	2.833986	0.1511587	0.0006137905	2.438444	-0.2157612	-0.3177328	2.608872	0.1702984	-0.3305449	2.569098	-0.07475038	-0.574973	2.726942	

0.1790408	-0.04022957	2.424165	-0.02137205	-0.1856073	2.677604	0.1215148	-0.04542498	2.375696	-0.07875089	-0.2202821	2.648616	0.1334103	0.005801756	2.37175	-0.01162566	-0.1938513	2.675136	0.07793977	0.4660694	2.779451	0.1167582	0.3443089	2.776512	0.1120179	0.2762863	2.790119	0.09334833	0.06731244	2.819851	0.0680944	-0.2132224	2.849625	0.2374694	0.2332309	2.689595	-0.01971791	0.2101174	2.858867	0.1208846	-0.2047105	2.768587	0.01416924	-0.2164343	2.858874	0.312229	0.03036296	2.596017	-0.05792448	-0.006706425	2.811472	0.1499731	-0.002020236	2.43749	-0.2170922	-0.318543	2.607147	0.1640513	-0.3315769	2.572266	-0.07460656	-0.5752665	2.726789	

0.1939893	-0.01690431	2.453451	-0.0119277	-0.1851065	2.676039	0.123117	-0.04741108	2.375605	-0.07200976	-0.2197187	2.649384	0.1371454	0.009238332	2.378775	-0.004694804	-0.1887363	2.677369	0.07766902	0.4659372	2.779428	0.1169772	0.344489	2.775986	0.111942	0.2763446	2.789265	0.09236748	0.06687146	2.81781	0.06423124	-0.2165414	2.844792	0.237467	0.232375	2.688293	-0.02129932	0.2085032	2.861909	0.1145849	-0.2099158	2.762734	0.01215119	-0.2181776	2.855483	0.3112292	0.03059539	2.595542	-0.05756884	-0.007810841	2.809211	0.1498152	-0.0020236	2.437275	-0.2203411	-0.3196339	2.604778	0.17135	-0.3322327	2.569678	-0.0745669	-0.5751376	2.726695	

0.1937415	-0.01711871	2.453195	-0.01637358	-0.1636855	2.687844	0.1246548	-0.04641737	2.37608	-0.07651888	-0.2119801	2.636553	0.1286628	0.008345895	2.379399	-0.01147195	-0.1841786	2.668704	0.07725946	0.4664779	2.778705	0.1171292	0.3448073	2.775525	0.1118909	0.276618	2.788546	0.09201602	0.06706984	2.816462	0.06360698	-0.2168426	2.842951	0.2373425	0.2323414	2.68754	-0.02149123	0.2086174	2.862301	0.1139898	-0.2107799	2.760804	0.01156322	-0.2178977	2.853919	0.310833	0.03060691	2.595475	-0.07375369	-0.007393248	2.842582	0.1498612	-0.001926058	2.437238	-0.2214526	-0.3203115	2.604235	0.1629613	-0.3321626	2.570618	-0.07452666	-0.5751123	2.726633	

0.1937066	-0.01727898	2.453159	-0.02293436	-0.1741741	2.684948	0.1231792	-0.04617759	2.376721	-0.09071675	-0.2185397	2.628547	0.1217356	0.005053738	2.377692	-0.03179084	-0.2111252	2.669625	0.07730013	0.4664559	2.778114	0.1173642	0.3446417	2.774805	0.1118174	0.2762509	2.787594	0.09119461	0.06608935	2.815079	0.06136209	-0.2193996	2.84118	0.2373579	0.2317473	2.68681	-0.02184534	0.2083205	2.862478	0.1117917	-0.2134018	2.759663	0.009417234	-0.2201569	2.85173	0.3106414	0.03057846	2.595432	-0.07038282	-0.008174036	2.832304	0.1495481	-0.002135781	2.436983	-0.2241678	-0.3208598	2.601874	0.165437	-0.3324529	2.569892	-0.07441942	-0.575106	2.726557	

0.1934948	-0.01761551	2.453171	-0.01858468	-0.1942451	2.673951	0.1224686	-0.04777697	2.375955	-0.08426553	-0.2224651	2.646708	0.1440234	0.01182711	2.380958	-0.02123665	-0.2025025	2.672047	0.07708341	0.4666289	2.777589	0.1182793	0.3452746	2.773962	0.1121579	0.2767599	2.786983	0.09084243	0.06674741	2.814882	0.05932949	-0.2177304	2.842031	0.2389491	0.2312118	2.689622	-0.01968326	0.2108968	2.864565	0.110889	-0.2129235	2.760183	0.005764401	-0.2165146	2.85313	0.3105432	0.03042712	2.596002	-0.05990528	-0.01423871	2.804664	0.1495516	-0.002144642	2.437026	-0.2230969	-0.3221313	2.600679	0.1676225	-0.3321804	2.570296	-0.07442296	-0.5751237	2.726568	

0.1507528	-0.04885319	2.401954	-0.007522293	-0.1780377	2.677732	0.1202409	-0.05038949	2.377071	-0.06734429	-0.210746	2.647979	0.1338212	0.005987022	2.378175	0.005473575	-0.1792109	2.676294	0.07689098	0.4663366	2.777269	0.1182575	0.3453124	2.773602	0.1120177	0.2767532	2.786461	0.09056873	0.06664261	2.814268	0.05915766	-0.2180824	2.841453	0.2379426	0.2313302	2.688259	-0.02054014	0.2109386	2.865043	0.1105631	-0.2133157	2.75976	0.005837053	-0.2169265	2.852347	0.3094143	0.02990219	2.595111	-0.06183879	-0.004555424	2.812825	0.1495227	-0.002065535	2.436883	-0.2235101	-0.3218146	2.600044	0.1689834	-0.3320963	2.569982	-0.07442439	-0.5751041	2.726523	

0.1508092	-0.04872108	2.402055	-0.009871362	-0.1693606	2.68239	0.1196908	-0.05155196	2.376151	-0.06566896	-0.2101912	2.654	0.1278585	0.002541424	2.3747	0.01121117	-0.1619421	2.674572	0.07677768	0.4666398	2.775985	0.11866	0.3452682	2.772839	0.1124698	0.2765301	2.785339	0.09154969	0.06574067	2.812164	0.06195406	-0.2209031	2.837462	0.2377725	0.2312245	2.6875	-0.02114041	0.2099697	2.864901	0.1126959	-0.2153392	2.756565	0.009554751	-0.2208387	2.847509	0.3094379	0.02967983	2.595226	-0.06607912	-0.007037521	2.830841	0.1494095	-0.002221713	2.436717	-0.2269178	-0.3206999	2.600389	0.1646223	-0.331023	2.573016	-0.07424791	-0.5757049	2.726365	

0.1507925	-0.04873083	2.402047	-0.01467861	-0.1723577	2.679801	0.1226478	-0.05064562	2.375113	-0.07873434	-0.2138478	2.629884	0.1336011	0.006254395	2.378605	-0.005082993	-0.182141	2.67175	0.07693654	0.4667482	2.77509	0.1187416	0.3452637	2.772321	0.112408	0.2764367	2.784754	0.09119041	0.06543878	2.811612	0.0611592	-0.2215798	2.837092	0.2378253	0.2304392	2.686261	-0.02158447	0.2099453	2.864824	0.1118447	-0.2161554	2.756284	0.008863686	-0.2213835	2.847114	0.3093546	0.02973583	2.595302	-0.06627753	-0.006681959	2.826066	0.1493692	-0.002211145	2.436615	-0.2276244	-0.3209504	2.599882	0.1633286	-0.3305129	2.574115	-0.07424358	-0.5757271	2.72633	

0.1507766	-0.04870561	2.402106	-0.01578593	-0.1713104	2.680774	0.1213	-0.05095868	2.377294	-0.06996067	-0.2086715	2.650574	0.1240296	-0.0007220315	2.3764	0.001628677	-0.17296	2.673364	0.07697009	0.4667651	2.77493	0.1193313	0.3451453	2.771337	0.1126846	0.2763059	2.783928	0.09102441	0.0653614	2.81125	0.06039806	-0.2216334	2.837075	0.2376198	0.2302551	2.685494	-0.02282275	0.2092386	2.865767	0.1110499	-0.2163734	2.756031	0.008086392	-0.221296	2.847363	0.3089586	0.02933648	2.595028	-0.06783039	-0.007523204	2.829124	0.148385	-0.001081215	2.436934	-0.227565	-0.3209157	2.599248	0.1608752	-0.329471	2.574397	-0.07404561	-0.5759379	2.726237	

0.1509093	-0.04853666	2.402406	-0.02393497	-0.1732345	2.68499	0.1202205	-0.05047157	2.376153	-0.09035634	-0.2197982	2.632081	0.1232888	0.0001417396	2.375515	-0.02441224	-0.2000487	2.667782	0.07682011	0.4666671	2.774742	0.1188506	0.3452794	2.771175	0.1121562	0.2764579	2.783723	0.09057336	0.06560151	2.811106	0.06012702	-0.221264	2.837121	0.2374648	0.2301436	2.684916	-0.02098972	0.2111517	2.866752	0.1108272	-0.2162711	2.756006	0.007787771	-0.2204801	2.847569	0.3084879	0.02970967	2.59478	-0.06856108	-0.005126026	2.830732	0.1483935	-0.001123348	2.436813	-0.2271474	-0.3212732	2.59923	0.1612163	-0.3296276	2.574001	-0.07404985	-0.5759269	2.726211	

0.1512183	-0.04879707	2.40252	-0.02572174	-0.1753858	2.68689	0.1245648	-0.05290374	2.374412	-0.09723581	-0.2260859	2.628448	0.1300853	0.003725915	2.376533	-0.02886151	-0.2091736	2.666348	0.07674684	0.4664274	2.774551	0.1179113	0.3463245	2.771591	0.1113828	0.2772292	2.783991	0.09027279	0.06585877	2.811202	0.06012519	-0.2212632	2.837152	0.2388967	0.2299714	2.687246	-0.02159947	0.2110116	2.866439	0.1110162	-0.2163142	2.75621	0.007666844	-0.2204629	2.847564	0.3084273	0.0295948	2.59511	-0.06852844	-0.005452322	2.830937	0.1487414	-0.002082323	2.436482	-0.2271257	-0.3212464	2.599068	0.159589	-0.329952	2.575174	-0.07400081	-0.575911	2.726172	

0.1511725	-0.04871456	2.402573	-0.02585652	-0.1779525	2.685068	0.1246386	-0.05080664	2.375843	-0.08839323	-0.2219785	2.631213	0.1283672	0.003064579	2.375115	-0.02825511	-0.2104421	2.6674	0.07671569	0.4664294	2.773532	0.117939	0.3464259	2.770395	0.1112264	0.2773252	2.782875	0.08974846	0.06597827	2.810447	0.05924738	-0.2211229	2.836864	0.2380419	0.2297781	2.685466	-0.02233881	0.2106211	2.866389	0.1101945	-0.2164461	2.755813	0.006712904	-0.2200627	2.847376	0.3082653	0.02965796	2.594955	-0.06787062	-0.005698953	2.826388	0.1493674	-0.004391928	2.43561	-0.2273504	-0.3214793	2.598401	0.1596355	-0.3329886	2.572766	-0.0740051	-0.5760013	2.726213	

0.1511234	-0.04859954	2.402786	-0.02512429	-0.1891621	2.678663	0.123713	-0.05305329	2.374434	-0.07913473	-0.2182226	2.644598	0.1402369	0.003887114	2.37875	-0.0101161	-0.1936933	2.673952	0.0763782	0.4658534	2.772995	0.1179426	0.3461623	2.769509	0.1112035	0.2770425	2.782037	0.08973835	0.06571678	2.809929	0.05932007	-0.221336	2.83673	0.2376878	0.2292157	2.683692	-0.02296967	0.2099339	2.865359	0.1103264	-0.2167386	2.755642	0.00675195	-0.2202317	2.847271	0.3078583	0.0296019	2.594508	-0.06128571	-0.005926216	2.806171	0.1493527	-0.004295074	2.43565	-0.2274606	-0.3213419	2.598311	0.1591564	-0.3330845	2.572427	-0.07395304	-0.5760005	2.726174	

0.1510142	-0.04831488	2.402855	-0.004106653	-0.1716424	2.680404	0.1212195	-0.05159746	2.375098	-0.06558204	-0.2090457	2.65	0.1310161	0.003031271	2.377085	0.009638815	-0.1725165	2.675786	0.0760453	0.4652711	2.772543	0.1186369	0.3458215	2.767555	0.1116552	0.2765486	2.780201	0.08964811	0.06482033	2.808471	0.05866586	-0.2229591	2.835732	0.2377051	0.2289588	2.683065	-0.0276673	0.1976043	2.865723	0.1099309	-0.2177894	2.754644	0.005801955	-0.2226196	2.846287	0.3080127	0.02946729	2.594903	-0.07458179	-0.01902333	2.833265	0.1489435	-0.003824956	2.435527	-0.2290768	-0.3212632	2.596908	0.1724767	-0.3320559	2.571925	-0.07362662	-0.5761235	2.726086	

0.1509744	-0.0479405	2.403118	0.005643791	-0.1752102	2.67803	0.1178335	-0.05116043	2.377358	-0.06295776	-0.2118739	2.650013	0.1364401	0.005724299	2.380097	0.006527634	-0.1852548	2.685786	0.07609647	0.4650674	2.771774	0.1187292	0.345713	2.767256	0.1117293	0.2764456	2.779943	0.08969244	0.06475443	2.808373	0.05873202	-0.2230125	2.835775	0.2376807	0.2288004	2.682586	-0.02758539	0.1983798	2.865763	0.1099925	-0.217894	2.754732	0.00589135	-0.2226406	2.846307	0.3075098	0.02967977	2.595101	-0.06984942	-0.01827651	2.823504	0.1489023	-0.003812372	2.435495	-0.2290304	-0.3211263	2.5969	0.1737895	-0.3320465	2.571663	-0.07358988	-0.5762046	2.726131	

0.1509613	-0.04790868	2.403247	-0.01512306	-0.1818992	2.679081	0.1240987	-0.05252896	2.37639	-0.07357492	-0.2159047	2.651583	0.1309701	0.00314396	2.377009	0.002314531	-0.1813351	2.676698	0.07596345	0.4646382	2.77089	0.1191118	0.3451068	2.766821	0.1119103	0.2761323	2.779701	0.08967504	0.06477153	2.808379	0.05805515	-0.2218553	2.836715	0.239385	0.2287156	2.68554	-0.02739623	0.1988695	2.865012	0.1101006	-0.2173875	2.755362	0.003771936	-0.22034	2.847754	0.3054432	0.02832277	2.592378	-0.06959011	-0.0182287	2.826604	0.1483143	-0.0036109	2.435845	-0.2276042	-0.3226924	2.596394	0.1739895	-0.3318215	2.57193	-0.07350009	-0.576296	2.726079	

0.1509472	-0.04773678	2.403271	-0.02063595	-0.1824871	2.679767	0.1159343	-0.05266917	2.375623	-0.07374834	-0.2164415	2.646384	0.134142	0.004700311	2.377647	-0.003374587	-0.1849797	2.674744	0.07627995	0.4649346	2.769438	0.1183352	0.3454993	2.767749	0.1112052	0.2763718	2.78036	0.08904228	0.06477705	2.808636	0.05750047	-0.2221729	2.836654	0.2394327	0.228422	2.684453	-0.02700993	0.1995836	2.864631	0.1094863	-0.217965	2.755317	0.003392334	-0.2204849	2.84767	0.3038099	0.02794823	2.589465	-0.07004287	-0.01748819	2.827605	0.148032	-0.003356061	2.436358	-0.2278449	-0.3225748	2.596043	0.167921	-0.3330078	2.570218	-0.07348983	-0.5761813	2.726129	

0.1509446	-0.04774085	2.403275	-0.02134969	-0.1959707	2.674362	0.116885	-0.05101665	2.377214	-0.07961552	-0.2292974	2.646066	0.135742	0.005155174	2.380104	-0.02099456	-0.2051112	2.67404	0.07654177	0.4655672	2.768327	0.1178943	0.3461656	2.768464	0.1110137	0.2767639	2.78072	0.08914056	0.06485134	2.808608	0.0591333	-0.2226015	2.835555	0.2404642	0.2285611	2.686828	-0.02644823	0.2007513	2.864225	0.1115716	-0.2184432	2.75392	0.004840675	-0.2209549	2.846725	0.30411	0.02797641	2.58978	-0.06195126	-0.01381996	2.802077	0.1480105	-0.003295267	2.436363	-0.2283252	-0.3221919	2.596725	0.1701985	-0.333297	2.569112	-0.0734688	-0.575972	2.726064	

0.1509582	-0.04773619	2.403282	-0.02482264	-0.1914698	2.676117	0.1185862	-0.04802261	2.374289	-0.0813188	-0.2278914	2.648593	0.1317801	0.004152932	2.377398	-0.01422471	-0.1979772	2.674625	0.07664302	0.4657894	2.767972	0.1178265	0.3459723	2.768003	0.1110038	0.2766132	2.780275	0.08937234	0.06479755	2.808109	0.05983231	-0.2225587	2.835013	0.241042	0.2286325	2.688233	-0.02622326	0.2016026	2.864207	0.1126287	-0.218561	2.753351	0.005340052	-0.220814	2.846163	0.3051109	0.03158233	2.592204	-0.0608957	-0.01533069	2.813965	0.1450898	-0.008100213	2.43641	-0.2285632	-0.3219866	2.596918	0.1591857	-0.3351364	2.576493	-0.07338437	-0.5758705	2.725866	

0.1509552	-0.04774185	2.403287	-0.02123794	-0.1962164	2.674507	0.1180893	-0.05381883	2.375186	-0.08185475	-0.2249797	2.642572	0.1235321	-0.001380956	2.3788	-0.01847423	-0.2068252	2.675462	0.07697159	0.4658761	2.767489	0.1188023	0.3448485	2.767627	0.1117524	0.2757353	2.779926	0.08969362	0.06443821	2.807834	0.05985705	-0.2226041	2.834899	0.2415642	0.228646	2.689231	-0.02623055	0.202442	2.864739	0.1126474	-0.2185914	2.753312	0.0053873	-0.2208899	2.845923	0.3050166	0.03173766	2.592374	-0.05292948	-0.01383284	2.804542	0.1448389	-0.006970674	2.436125	-0.2287525	-0.3219931	2.5969	0.1779078	-0.3327219	2.575928	-0.07332712	-0.5758939	2.725914	

0.150943	-0.04768161	2.403408	-0.007632061	-0.2421051	2.651294	0.1187837	-0.05311517	2.376723	-0.07936335	-0.2423704	2.652207	0.1296613	0.002077198	2.376682	-0.0310932	-0.2395345	2.675	0.076923	0.4658	2.767443	0.1197598	0.3455019	2.766146	0.1123487	0.2761762	2.778774	0.08966884	0.06450624	2.807329	0.05911389	-0.2228777	2.8347	0.2407529	0.2284938	2.687456	-0.02657052	0.2016199	2.864915	0.1118684	-0.2188933	2.753189	0.00473752	-0.2211487	2.845663	0.3046421	0.03124009	2.591773	-0.05686027	-0.0559641	2.768848	0.1446145	-0.006523652	2.436162	-0.2290061	-0.3225441	2.596361	0.1759062	-0.3325422	2.575791	-0.07322983	-0.5749593	2.725811	

