0.2753729	0.07911508	2.380519	-0.1957062	0.05594628	2.391351	0.2757993	-0.004030803	2.398442	-0.1513022	-0.03179396	2.422501	0.297672	0.07348034	2.364286	-0.1397647	0.02438367	2.374177	0.003734421	0.8022941	2.365516	0.01139676	0.6754006	2.385649	0.01311824	0.6050344	2.397812	0.01831711	0.3882353	2.425875	0.02533234	0.09111938	2.454508	0.177974	0.5587411	2.382632	-0.1288311	0.5522403	2.390547	0.09502243	0.09128229	2.414956	-0.04508625	0.08831209	2.422824	0.2659891	0.307101	2.409256	-0.1829201	0.2843498	2.399635	0.1387227	-0.2612859	2.559657	0.000431487	-0.2573479	2.54215	0.1393973	-0.5358201	2.596476	0.007328037	-0.5496337	2.612121	

0.2751929	0.07898735	2.380088	-0.1748064	0.0557089	2.400046	0.2770302	-0.003534337	2.403081	-0.1524696	-0.032602	2.423444	0.3030345	0.07868806	2.368479	-0.1188818	0.04830547	2.381734	0.003793748	0.8024163	2.36568	0.01206026	0.6752993	2.385944	0.01349412	0.6048888	2.398112	0.018192	0.3878464	2.426342	0.02347966	0.08958034	2.455752	0.1781258	0.5585909	2.38269	-0.128574	0.5522916	2.390756	0.09319489	0.08960882	2.415941	-0.04692996	0.08693505	2.424257	0.2662512	0.3069954	2.409296	-0.1825159	0.2841684	2.399675	0.1384949	-0.262116	2.559449	0.002839206	-0.2605389	2.536327	0.1310579	-0.5421167	2.596504	0.007222649	-0.5489029	2.611918	

0.2754166	0.07890078	2.379877	-0.1747098	0.05606912	2.399866	0.2791026	-0.001830962	2.396793	-0.1521802	-0.02731937	2.41902	0.3050036	0.0818821	2.370333	-0.1178295	0.06252245	2.37605	0.004155064	0.8024408	2.365882	0.01268137	0.6752033	2.386159	0.01404445	0.6047901	2.398335	0.01849587	0.3877593	2.426549	0.02364385	0.08955361	2.455907	0.1783494	0.5584961	2.382561	-0.1281123	0.5522894	2.391191	0.09332361	0.08957846	2.415975	-0.04669718	0.08691418	2.424597	0.2665479	0.3068674	2.409307	-0.1821216	0.2845458	2.400152	0.1386772	-0.2642658	2.558686	0.005356686	-0.2624984	2.529543	0.1329355	-0.5435879	2.599095	0.007777482	-0.5494716	2.611073	

0.2760721	0.07713589	2.37972	-0.1744781	0.05619463	2.399971	0.2794779	-0.008973034	2.400042	-0.1489326	-0.02733416	2.420188	0.306824	0.07752155	2.366918	-0.1170239	0.05765097	2.378459	0.005092204	0.8023188	2.36612	0.01484696	0.6744878	2.386918	0.01602	0.6041102	2.399062	0.01982883	0.3872229	2.427134	0.02444524	0.08927967	2.456261	0.1793898	0.5583181	2.38258	-0.1259292	0.552145	2.393502	0.09403823	0.08932319	2.416101	-0.04580257	0.08662354	2.425221	0.2678312	0.3052625	2.40849	-0.1808361	0.2848479	2.401603	0.1457652	-0.2675421	2.56232	0.002716996	-0.2574733	2.479704	0.1350856	-0.5443228	2.600797	0.01033198	-0.5522877	2.596816	

0.2776842	0.07614041	2.378495	-0.1745023	0.05857138	2.402187	0.2778687	-0.009183901	2.392956	-0.1479522	-0.026964	2.426935	0.3084416	0.07419199	2.365242	-0.1166678	0.05918733	2.380366	0.006746917	0.8022102	2.366735	0.01818921	0.6736547	2.388163	0.01902689	0.6033581	2.40025	0.02181081	0.3867191	2.428107	0.02547514	0.08914063	2.456889	0.1813373	0.5578079	2.38259	-0.1255883	0.5520935	2.394056	0.09491377	0.0891456	2.416334	-0.04460018	0.08654609	2.426387	0.2692054	0.3040825	2.407881	-0.1786265	0.2872434	2.406182	0.1498486	-0.2697484	2.566115	-0.01018747	-0.2499526	2.449142	0.1384554	-0.5361728	2.602289	-0.01011936	-0.5575951	2.58105	

0.2788261	0.07546256	2.376051	-0.1756452	0.0586337	2.404853	0.27812	-0.01385627	2.390252	-0.1564556	-0.02846001	2.432187	0.2980408	0.05543476	2.338621	-0.1172234	0.0442724	2.383833	0.008004408	0.8013182	2.367216	0.01907934	0.6731632	2.388663	0.01989586	0.6028931	2.400714	0.02254365	0.3863558	2.428448	0.0260147	0.08898469	2.457033	0.1822165	0.5573841	2.382591	-0.1242644	0.551313	2.397315	0.09542267	0.08899346	2.416379	-0.04405849	0.08639324	2.426627	0.2698487	0.3032093	2.406212	-0.178889	0.2871991	2.40864	0.1495375	-0.2441147	2.557158	-0.01892104	-0.2482103	2.441204	0.1398516	-0.5345639	2.601897	-0.03051579	-0.5616363	2.548215	

0.2796488	0.07479682	2.373884	-0.1767289	0.05939537	2.406907	0.2771429	-0.009159346	2.386736	-0.1576133	-0.02737564	2.431776	0.2867962	0.04244976	2.326889	-0.1176559	0.04280466	2.378718	0.008210134	0.8012785	2.367224	0.01937388	0.6729972	2.388924	0.02013219	0.6027048	2.400935	0.02262837	0.3861048	2.428582	0.02592727	0.08864689	2.457058	0.1823209	0.5570801	2.382428	-0.1239405	0.5516565	2.398962	0.09530988	0.08843344	2.416224	-0.04414123	0.08618049	2.426772	0.2699201	0.3023897	2.404545	-0.1792798	0.2878587	2.409715	0.1480123	-0.2414816	2.555812	-0.02117256	-0.2476584	2.440198	0.1400859	-0.5343212	2.602109	-0.03295066	-0.5618227	2.543614	

0.2776391	0.0742658	2.37014	-0.1789642	0.05970772	2.407577	0.2714179	-0.01409262	2.379954	-0.1614618	-0.03261993	2.431463	0.2824011	0.04565392	2.318536	-0.1222374	0.0320855	2.384381	0.008197824	0.8011765	2.367363	0.01901954	0.6729837	2.389439	0.01983096	0.602629	2.401277	0.02234478	0.3858667	2.428615	0.02540437	0.08792101	2.456422	0.1818932	0.5566571	2.382242	-0.1245688	0.552103	2.399747	0.09467179	0.08726952	2.415107	-0.04455122	0.08580054	2.426451	0.2689454	0.3016453	2.403226	-0.1810956	0.2881398	2.410429	0.1471887	-0.2474318	2.557877	-0.03503762	-0.2540464	2.447167	0.1397021	-0.5346733	2.602137	-0.03960689	-0.5637422	2.536782	

0.2760049	0.07430252	2.366156	-0.1826406	0.0602979	2.406904	0.2692935	-0.01504091	2.378499	-0.1666778	-0.03298425	2.428596	0.2825891	0.04336208	2.318885	-0.1293337	0.0477378	2.370555	0.007928255	0.8009842	2.367709	0.01775214	0.672717	2.390162	0.01856626	0.602186	2.401805	0.02080067	0.3847183	2.428531	0.02319177	0.08535933	2.454956	0.1805392	0.5553367	2.382358	-0.1256209	0.551906	2.399861	0.09249131	0.08441331	2.413508	-0.04672489	0.08365548	2.425084	0.2673747	0.3013389	2.401624	-0.1839178	0.288651	2.410202	0.1435426	-0.2544967	2.558615	-0.03950587	-0.2513081	2.448231	0.139495	-0.5354346	2.602179	-0.04185784	-0.5627205	2.534557	

0.2730682	0.07532496	2.361917	-0.1891101	0.060298	2.403055	0.2638619	-0.01403738	2.370608	-0.1784538	-0.03250602	2.423378	0.264295	0.04346726	2.307579	-0.1299417	0.019139	2.385846	0.005437717	0.8010691	2.367964	0.01421243	0.6727743	2.390058	0.01452789	0.6020899	2.401251	0.01486195	0.3840511	2.426068	0.01425991	0.08411246	2.44888	0.1740141	0.5529265	2.381814	-0.131171	0.5539021	2.398715	0.08415113	0.08124345	2.408551	-0.05641481	0.08459113	2.417475	0.2589772	0.3019228	2.397375	-0.1916075	0.2885146	2.406708	0.1267795	-0.25951	2.54518	-0.04279479	-0.2475711	2.450943	0.1389685	-0.5329207	2.600846	-0.04347445	-0.5624875	2.532029	

0.2673879	0.07638019	2.358227	-0.1949797	0.05876034	2.395978	0.2547779	-0.009061215	2.361055	-0.1807706	-0.03356458	2.416911	0.2601181	0.04443698	2.305895	-0.1372702	0.03132896	2.369812	-0.001457526	0.8020045	2.368992	0.003751112	0.6737578	2.389026	0.004243301	0.6028621	2.399582	0.005386639	0.3843088	2.42268	0.00640118	0.08414668	2.444002	0.1680328	0.5528833	2.382853	-0.1408341	0.5555965	2.396882	0.07709756	0.08025351	2.405321	-0.06473479	0.08579136	2.41082	0.2509733	0.3025293	2.395935	-0.2051791	0.2867997	2.400783	0.1265815	-0.2650933	2.54615	-0.04421204	-0.2467063	2.453857	0.1370426	-0.5346876	2.59806	-0.04390817	-0.5622337	2.531595	

0.2600145	0.07701052	2.355482	-0.2082569	0.05717303	2.383757	0.2513016	-0.003377172	2.357994	-0.1944306	-0.03119094	2.397898	0.2578451	0.05282394	2.307095	-0.1521867	0.04449261	2.355187	-0.01234746	0.8028752	2.368917	-0.01057421	0.6741223	2.388383	-0.008588158	0.6030927	2.398517	-0.003233413	0.3842623	2.420725	0.002208208	0.08404057	2.441711	0.157116	0.5535439	2.382869	-0.1526908	0.5554302	2.394818	0.07311039	0.08009149	2.403582	-0.06884364	0.08568119	2.408088	0.2429893	0.3027904	2.395871	-0.211856	0.2854927	2.395501	0.1197567	-0.2632512	2.53802	-0.04850166	-0.242837	2.461905	0.135667	-0.5356843	2.596501	-0.04514024	-0.5613878	2.531694	

0.2579352	0.07768694	2.35497	-0.2120133	0.05680153	2.378863	0.2511345	-0.002897711	2.365169	-0.1928276	-0.03176465	2.39281	0.2489246	0.04945888	2.306948	-0.1532829	0.04595255	2.352636	-0.01668075	0.802666	2.369507	-0.01460748	0.6742204	2.388247	-0.01293151	0.6030897	2.398319	-0.008137782	0.3839159	2.420248	-0.002388088	0.08331781	2.440835	0.1538707	0.5536148	2.383393	-0.1562137	0.5552569	2.394262	0.06809923	0.07950983	2.40253	-0.0728664	0.08481386	2.407418	0.2399611	0.3032565	2.396342	-0.2148029	0.2851126	2.392854	0.119684	-0.264053	2.539023	-0.05099886	-0.2425048	2.465466	0.1324689	-0.5401533	2.595894	-0.04566255	-0.5611096	2.531755	

0.2568862	0.07947188	2.355965	-0.2143746	0.05645832	2.374183	0.2592754	0.002519681	2.367506	-0.1907779	-0.03154061	2.387041	0.2749389	0.07426379	2.335879	-0.155309	0.0509238	2.353375	-0.02109308	0.8034189	2.369653	-0.01658356	0.6744723	2.388197	-0.01525479	0.6032562	2.398301	-0.01152536	0.3837335	2.420306	-0.007073743	0.08253567	2.440965	0.1508622	0.5540344	2.383779	-0.1599201	0.5542411	2.392083	0.06341322	0.07828614	2.403734	-0.07765068	0.0844086	2.406506	0.2374327	0.3048086	2.397701	-0.2164153	0.284685	2.390186	0.1164153	-0.2626718	2.538357	-0.05494773	-0.2411853	2.473075	0.1320681	-0.5399349	2.595984	-0.04662916	-0.5599632	2.532555	

0.2569416	0.08048429	2.357532	-0.2150867	0.05680664	2.3723	0.2606144	0.002518335	2.367922	-0.1904881	-0.031901	2.389424	0.2746535	0.06536757	2.33172	-0.150934	0.04246564	2.357188	-0.02257485	0.8034825	2.369584	-0.0191964	0.6748241	2.387699	-0.01759606	0.603566	2.397902	-0.01300857	0.383941	2.420135	-0.007575217	0.08265056	2.440983	0.1488619	0.5548288	2.384446	-0.1616792	0.5535342	2.391019	0.06296714	0.07829297	2.404002	-0.07828834	0.08467629	2.406162	0.2360818	0.3056644	2.398887	-0.2171543	0.2849489	2.388748	0.116548	-0.2600436	2.540394	-0.05622514	-0.2408848	2.476517	0.13154	-0.5394057	2.595576	-0.04751955	-0.5581324	2.532884	

0.2592649	0.07992873	2.362749	-0.2150785	0.05726009	2.371786	0.264789	0.004712066	2.379461	-0.184383	-0.03248332	2.391891	0.2869483	0.09346031	2.358	-0.1544404	0.05558122	2.3525	-0.02445545	0.8039271	2.369691	-0.0206205	0.675107	2.387753	-0.01896794	0.6039136	2.398043	-0.01417031	0.3844861	2.420508	-0.00838186	0.08352154	2.441664	0.1474343	0.555478	2.38528	-0.1628514	0.5535884	2.389949	0.06227264	0.07939588	2.404974	-0.0791081	0.08531657	2.406602	0.2352144	0.3051704	2.400621	-0.2173753	0.285358	2.388211	0.1182188	-0.2591493	2.545588	-0.05685161	-0.2397742	2.482472	0.1301212	-0.5400478	2.596535	-0.04793485	-0.5579972	2.533229	

0.2612488	0.08065163	2.367289	-0.2150264	0.05763001	2.371949	0.2699873	0.003996461	2.387019	-0.1853449	-0.03314408	2.394205	0.290382	0.0894984	2.36495	-0.1542272	0.05909646	2.355313	-0.0258633	0.8045182	2.369432	-0.02149043	0.6752261	2.387793	-0.01963866	0.6040334	2.398185	-0.01443498	0.3846222	2.420871	-0.008087083	0.0838434	2.442713	0.1465588	0.5562494	2.385863	-0.1634071	0.5533224	2.389601	0.06264796	0.0796227	2.406078	-0.07884432	0.08571322	2.407618	0.2346707	0.3057869	2.403098	-0.2174028	0.2856954	2.387803	0.1188695	-0.2581572	2.548022	-0.05853819	-0.2279994	2.486066	0.1303439	-0.5400677	2.596556	-0.04853598	-0.5573793	2.533956	

0.2679328	0.08273419	2.379504	-0.2101647	0.05816243	2.375292	0.27838	0.005032022	2.402267	-0.1746248	-0.03038076	2.398869	0.2985474	0.07767381	2.375471	-0.1493698	0.0508115	2.367	-0.02528229	0.8046039	2.369863	-0.02041769	0.6755022	2.388442	-0.01848047	0.6044356	2.39907	-0.01279714	0.3855922	2.422778	-0.00540636	0.0860123	2.446547	0.1486762	0.5572672	2.388107	-0.1622475	0.5534722	2.389791	0.06532283	0.0820582	2.410006	-0.07612563	0.08755311	2.411416	0.236927	0.3079066	2.407892	-0.2150623	0.2861693	2.388297	0.1225648	-0.2542676	2.554495	-0.05303162	-0.2217996	2.493234	0.1321086	-0.5379015	2.597054	-0.04692167	-0.5518231	2.539488	

0.2711368	0.08472658	2.385048	-0.2007882	0.06001555	2.381012	0.2837725	0.003875172	2.405412	-0.1695661	-0.02646444	2.401873	0.2884328	0.05768592	2.3515	-0.1408733	0.06442119	2.373084	-0.02194693	0.8053693	2.371215	-0.01611765	0.6760883	2.390061	-0.01410027	0.6050508	2.401189	-0.007909424	0.38629	2.426599	0.0004029062	0.08669528	2.452866	0.1532124	0.5584087	2.390909	-0.1547257	0.5545722	2.391732	0.07088239	0.08267617	2.415812	-0.07014365	0.08824813	2.418294	0.2428741	0.3102076	2.413321	-0.2085013	0.2878906	2.392042	0.1255986	-0.2523093	2.557322	-0.0509457	-0.2181474	2.493363	0.1339578	-0.5312502	2.600772	-0.04668604	-0.5532665	2.540293	

0.2728626	0.08537701	2.387479	-0.1941361	0.05954973	2.383802	0.2878373	0.008548429	2.403378	-0.1665157	-0.02670587	2.40679	0.2972858	0.06327573	2.358395	-0.1341703	0.06684231	2.37225	-0.01859944	0.8052467	2.372735	-0.0126829	0.6761833	2.392228	-0.01065365	0.6052364	2.403437	-0.004492661	0.3867217	2.428909	0.003685279	0.08737023	2.454835	0.1567133	0.5593398	2.392509	-0.1515422	0.5542208	2.393604	0.07434464	0.08345929	2.418075	-0.06710819	0.08878873	2.419975	0.2463442	0.3110318	2.415605	-0.2050932	0.2872403	2.394266	0.1270738	-0.2508951	2.559357	-0.04872274	-0.2241147	2.494153	0.1353478	-0.5306492	2.601453	-0.04655959	-0.5531009	2.540609	

0.2796338	0.08598761	2.390861	-0.1910516	0.06140896	2.386826	0.2886422	0.005186825	2.407675	-0.1633828	-0.01991591	2.407876	0.2932014	0.06020685	2.350105	-0.1385303	0.04440744	2.373349	-0.01395846	0.8054438	2.375696	-0.006021211	0.6766447	2.395034	-0.004180406	0.6058188	2.406442	0.001447493	0.3876423	2.432388	0.008999079	0.08869042	2.458637	0.1618756	0.5603007	2.394527	-0.1455725	0.5547677	2.396106	0.07925525	0.08525327	2.421293	-0.06147367	0.08954524	2.424413	0.2528601	0.3115202	2.419259	-0.1975416	0.2891957	2.397323	0.1304822	-0.2489966	2.561249	-0.04445504	-0.230811	2.498006	0.1355727	-0.5281677	2.60263	-0.03405028	-0.5492785	2.550259	

0.285157	0.08653213	2.391705	-0.1877477	0.06161741	2.389447	0.2930728	0.004565531	2.412238	-0.1505643	-0.03323254	2.41428	0.3125061	0.08333451	2.37061	-0.1274867	0.06902421	2.376563	-0.01041967	0.8059682	2.376799	-0.002561744	0.6765757	2.396862	-0.0006893191	0.6058031	2.408381	0.00500759	0.3877871	2.434605	0.01264178	0.08904684	2.461074	0.1660566	0.5604268	2.396323	-0.1403127	0.5560081	2.399832	0.08274877	0.08557296	2.423257	-0.05780516	0.08993106	2.427323	0.2575608	0.3118448	2.421101	-0.1937522	0.2893807	2.399833	0.1346666	-0.2409371	2.562371	-0.04303499	-0.2319644	2.499618	0.1367482	-0.5280367	2.603651	-0.03535484	-0.5512393	2.549724	

0.2882	0.08693507	2.392637	-0.1837634	0.06098245	2.393425	0.2954738	0.003662505	2.409926	-0.1548962	-0.02714112	2.418982	0.3146399	0.0828759	2.370681	-0.1238731	0.06420203	2.380087	-0.006836401	0.8062135	2.378755	0.002093617	0.6774719	2.399008	0.003745113	0.6066092	2.410511	0.00878989	0.3883303	2.436633	0.01564197	0.08926994	2.462864	0.1697586	0.5606498	2.398074	-0.1369202	0.5552642	2.401101	0.08582542	0.08580928	2.424849	-0.05497941	0.09013496	2.429279	0.260586	0.3121549	2.422644	-0.1898458	0.2886874	2.402198	0.1357551	-0.2378972	2.562265	-0.04082328	-0.2348957	2.501855	0.1371821	-0.52728	2.604368	-0.03275765	-0.5526052	2.550703	

0.2926365	0.08737477	2.3942	-0.1810436	0.06238361	2.39642	0.3100329	0.009167131	2.409499	-0.1491191	-0.02736337	2.423081	0.3173791	0.08615442	2.367628	-0.1213278	0.06552365	2.383792	-0.003519878	0.8061712	2.380342	0.007569808	0.6774365	2.401227	0.01016187	0.6067	2.413032	0.01845675	0.388906	2.440119	0.03066662	0.09072556	2.467734	0.173603	0.5612231	2.398749	-0.1335827	0.5551026	2.403806	0.1007952	0.08846272	2.429192	-0.04025745	0.09036777	2.434669	0.2663645	0.3127138	2.424148	-0.1851244	0.29008	2.405385	0.136907	-0.2373889	2.562854	-0.03753744	-0.2353763	2.504579	0.1415723	-0.5232066	2.603067	-0.03196363	-0.5531883	2.550844	

0.2957777	0.08693366	2.395215	-0.1779211	0.0622383	2.398288	0.3033762	0.004802926	2.418448	-0.1476596	-0.02688334	2.422509	0.312864	0.05973399	2.354571	-0.116714	0.06946258	2.381059	0.0001162422	0.8064162	2.382424	0.01062997	0.677676	2.402861	0.0133396	0.6069474	2.414663	0.02176411	0.3891357	2.441647	0.03364579	0.09084494	2.468939	0.1769821	0.5609562	2.399726	-0.1299105	0.5555972	2.407085	0.1036201	0.08874279	2.430226	-0.03724314	0.09031268	2.436036	0.2698503	0.3123429	2.424388	-0.1828102	0.2898887	2.407388	0.137382	-0.2364728	2.562721	-0.0348414	-0.238003	2.507149	0.1423203	-0.524182	2.603292	-0.03234282	-0.5533326	2.550922	

0.2992476	0.08670964	2.395406	-0.1760129	0.0617777	2.400434	0.3112884	0.003892964	2.414098	-0.144173	-0.0257076	2.423831	0.3239921	0.07698607	2.364875	-0.1157815	0.05149299	2.390636	0.003426276	0.8069198	2.384089	0.01372231	0.6781172	2.404603	0.01594542	0.6072844	2.416192	0.02308328	0.389213	2.442589	0.03387285	0.09074723	2.469293	0.1800978	0.5610185	2.40041	-0.1270812	0.5553634	2.408954	0.1037952	0.08864357	2.430331	-0.03696492	0.09023631	2.436812	0.2725995	0.3120427	2.424088	-0.1796396	0.2894242	2.410337	0.1375021	-0.2362286	2.562808	-0.02808283	-0.2300989	2.507228	0.1436056	-0.5230515	2.603161	-0.03327258	-0.5543408	2.55039	

0.2998344	0.08600572	2.395408	-0.1729883	0.06299475	2.402424	0.3063616	0.003032783	2.411	-0.1459327	-0.02073013	2.425414	0.3113376	0.05836627	2.352957	-0.1156323	0.06977522	2.389286	0.00774359	0.8067585	2.3875	0.01737492	0.6778796	2.407204	0.01996294	0.6071144	2.418716	0.02809604	0.3892299	2.444782	0.03972059	0.09091909	2.470768	0.1834207	0.560934	2.401455	-0.1238351	0.5552949	2.413261	0.1095854	0.08947486	2.430596	-0.03099107	0.08970352	2.439569	0.2755854	0.3115591	2.424324	-0.1758539	0.2906131	2.41314	0.138951	-0.2387609	2.563537	-0.02610625	-0.2316311	2.508137	0.1439687	-0.524056	2.603357	-0.034119	-0.5555007	2.550281	

0.3003823	0.0855165	2.395432	-0.1678596	0.06282151	2.404206	0.3058828	0.003028075	2.407144	-0.1404727	-0.02407652	2.426916	0.3219534	0.07712404	2.365589	-0.1069358	0.06694781	2.38525	0.01094687	0.8070169	2.390032	0.0211798	0.6787304	2.408983	0.02355655	0.6078697	2.420351	0.03093022	0.3896833	2.445991	0.04143517	0.09099576	2.471454	0.1859893	0.5609936	2.402129	-0.1204103	0.5556754	2.415188	0.111429	0.08950561	2.431135	-0.02954873	0.08982281	2.440318	0.2767081	0.3110974	2.424439	-0.1738399	0.2903602	2.415072	0.139543	-0.2381145	2.563583	-0.02265242	-0.2301318	2.510167	0.1451859	-0.5233832	2.603552	-0.03393911	-0.556286	2.550215	

0.3006007	0.08554582	2.39548	-0.1662733	0.06208058	2.404892	0.3051275	0.003984851	2.412288	-0.1392385	-0.02500678	2.424798	0.3266997	0.08134615	2.372237	-0.1075393	0.07103609	2.382235	0.01246119	0.8073387	2.391071	0.02226548	0.6789044	2.409682	0.0246683	0.6080198	2.421017	0.03206268	0.3897434	2.446543	0.04244817	0.09089652	2.471826	0.1876052	0.5610302	2.402543	-0.118946	0.5557656	2.416111	0.1123577	0.08936638	2.4314	-0.02853711	0.08977625	2.440763	0.2777838	0.3112003	2.42453	-0.1726213	0.2895899	2.41585	0.1410604	-0.2366753	2.564046	-0.02154699	-0.2287835	2.510365	0.147264	-0.522343	2.603343	-0.03378257	-0.5566693	2.549982	

0.3010281	0.08543137	2.39523	-0.1639986	0.06219934	2.405881	0.3031691	-0.00140473	2.412504	-0.1367852	-0.02656205	2.425584	0.3337582	0.08538959	2.3844	-0.1022903	0.0492559	2.391445	0.01439391	0.8074087	2.392711	0.02407412	0.6790832	2.410401	0.02649935	0.6081723	2.42172	0.03389856	0.3897972	2.447189	0.04413688	0.09077077	2.47236	0.188882	0.5608969	2.402845	-0.117399	0.555931	2.416862	0.1138486	0.08920377	2.431629	-0.02671674	0.08970165	2.441608	0.278833	0.3111083	2.424607	-0.1712267	0.2896681	2.416465	0.1416383	-0.2366091	2.564244	-0.02005867	-0.2276229	2.511343	0.1473853	-0.5221526	2.603293	-0.03407683	-0.5585212	2.549555	

0.3014416	0.08549096	2.395379	-0.1627804	0.06306973	2.40656	0.3099438	0.003768159	2.412545	-0.1377328	-0.02575043	2.427585	0.3181619	0.06255561	2.3582	-0.1094712	0.03692995	2.398214	0.0164922	0.8077967	2.393966	0.02555585	0.6794277	2.411784	0.02787774	0.6085042	2.423006	0.03495502	0.3900776	2.448199	0.04476053	0.0909481	2.473022	0.1907427	0.5612682	2.40399	-0.1149272	0.5570771	2.418144	0.114644	0.08926666	2.432478	-0.02627805	0.08995739	2.44208	0.2806855	0.3112465	2.425487	-0.1701704	0.2905323	2.417338	0.1418218	-0.2363782	2.564053	-0.01861654	-0.2362198	2.51291	0.1464545	-0.5238885	2.604882	-0.0345176	-0.5587757	2.549131	

0.3020099	0.08598058	2.395531	-0.1624781	0.0633531	2.406762	0.3087108	0.003664326	2.410334	-0.1339401	-0.02632607	2.42942	0.3270877	0.08573094	2.371689	-0.1050512	0.04706024	2.395332	0.01816286	0.8078212	2.394424	0.02744508	0.6790594	2.413451	0.02962673	0.60829	2.424437	0.03631501	0.3902309	2.44904	0.04571225	0.09141651	2.473315	0.192581	0.5607424	2.404872	-0.1134205	0.5573638	2.418873	0.1155426	0.08988589	2.432577	-0.02529156	0.09027734	2.442554	0.282062	0.3117204	2.426505	-0.1689377	0.2908241	2.418012	0.1419622	-0.2360166	2.563857	-0.01916498	-0.2375467	2.512265	0.146683	-0.5238941	2.604995	-0.03473458	-0.5582418	2.548429	

0.3027069	0.08538308	2.396428	-0.1620734	0.0622035	2.406857	0.3101203	-0.001405597	2.4152	-0.1312535	-0.0257859	2.431087	0.3386125	0.0903853	2.388588	-0.1019128	0.06486893	2.389125	0.01977595	0.8077857	2.395375	0.02921181	0.6787974	2.414637	0.03144433	0.6080419	2.425597	0.03822231	0.3900426	2.450078	0.04757058	0.0913136	2.474096	0.1949261	0.5603598	2.406653	-0.1119743	0.5572304	2.419841	0.117364	0.08933593	2.433462	-0.02342377	0.09061661	2.443227	0.2846316	0.3112696	2.427543	-0.1669479	0.289695	2.419208	0.1445223	-0.2361147	2.564764	-0.01833788	-0.2489744	2.515516	0.1466213	-0.5238791	2.604978	-0.0353966	-0.5591297	2.547271	

0.3047892	0.0861738	2.398105	-0.1605903	0.06212359	2.408406	0.3102673	0.003174572	2.415	-0.1302116	-0.02514147	2.422087	0.3325226	0.08446853	2.380005	-0.1006137	0.07910526	2.383693	0.02131717	0.8078991	2.396538	0.0311552	0.6788968	2.41558	0.03335588	0.6081408	2.426546	0.03999545	0.3901474	2.451017	0.04906103	0.09142138	2.474952	0.195691	0.5604009	2.407136	-0.1106156	0.5580009	2.421067	0.1187817	0.0894419	2.434194	-0.021966	0.09072713	2.444164	0.2861495	0.312066	2.428606	-0.1653009	0.2896182	2.419985	0.1470662	-0.2385986	2.565567	-0.01667308	-0.2536357	2.515986	0.1466605	-0.5236496	2.604948	-0.0353184	-0.5595523	2.547319	

0.306986	0.08683136	2.400029	-0.1588944	0.06352859	2.409008	0.311387	0.004117209	2.418173	-0.132866	-0.0207702	2.430087	0.3330072	0.08496195	2.380691	-0.1032103	0.06312543	2.390862	0.02274123	0.8081767	2.397631	0.03192897	0.6790159	2.41607	0.03427631	0.6082385	2.427125	0.04141873	0.3901559	2.45189	0.05126133	0.09124575	2.476261	0.1971706	0.5604486	2.408084	-0.1094871	0.5577726	2.421902	0.1208002	0.08909079	2.435266	-0.01967574	0.09075774	2.445698	0.2872747	0.3126966	2.429334	-0.1628539	0.2910078	2.421288	0.1477722	-0.2381277	2.565601	-0.01667222	-0.2540724	2.515695	0.147359	-0.5228021	2.60459	-0.03558004	-0.5598367	2.547187	

0.3073885	0.08700202	2.400305	-0.1572725	0.06439087	2.409442	0.3145625	0.00423401	2.417247	-0.128986	-0.02546603	2.432287	0.3416707	0.09219449	2.391167	-0.09764014	0.06216657	2.394875	0.02381478	0.8084441	2.39821	0.03390197	0.6794941	2.417153	0.03620585	0.6087341	2.428198	0.04317073	0.3907081	2.452908	0.05269326	0.09186216	2.477152	0.1984301	0.5605679	2.408781	-0.1084031	0.5578292	2.422557	0.1220829	0.08979744	2.436061	-0.01815192	0.09125761	2.446666	0.2885682	0.3128887	2.430321	-0.1607678	0.2918769	2.422155	0.1501215	-0.2366959	2.565654	-0.01592385	-0.2530749	2.51396	0.1474876	-0.5223883	2.604396	-0.03518306	-0.5604068	2.547258	

0.3114834	0.08708477	2.403481	-0.1560165	0.06500807	2.410573	0.3202215	0.004054975	2.421104	-0.1252611	-0.02686605	2.437889	0.3460597	0.1012384	2.399	-0.09695755	0.06656102	2.394374	0.02534682	0.8082829	2.399174	0.03505383	0.6797833	2.417809	0.03742269	0.6089993	2.428924	0.04457196	0.3908976	2.453848	0.05429846	0.09194147	2.478372	0.2000995	0.5605836	2.409847	-0.1071651	0.5581072	2.424603	0.1237151	0.08999465	2.437464	-0.016638	0.09122951	2.447695	0.2896187	0.3128701	2.431034	-0.1590369	0.2924975	2.42368	0.1516069	-0.2388049	2.566599	-0.01597985	-0.2540922	2.51067	0.147692	-0.5223544	2.604062	-0.03377074	-0.5598847	2.54974	

0.3133718	0.08687299	2.405175	-0.1562969	0.06513684	2.412047	0.3183452	0.003879325	2.422614	-0.1349035	-0.02031735	2.432515	0.3300477	0.0658849	2.373637	-0.09937274	0.066379	2.392051	0.02563077	0.8085951	2.40025	0.0352404	0.6800146	2.418432	0.0376461	0.6092336	2.429605	0.0449103	0.3911441	2.454702	0.05479034	0.09221035	2.479455	0.2000645	0.5605915	2.411207	-0.1068274	0.5585795	2.425003	0.1241717	0.09019513	2.438422	-0.01613528	0.09156358	2.448888	0.2901977	0.3124942	2.433002	-0.1595055	0.2926282	2.424401	0.1527945	-0.2413118	2.568393	-0.01301515	-0.255992	2.512443	0.1479012	-0.5221753	2.603948	-0.02080965	-0.5570679	2.622078	

0.3129558	0.08695807	2.407651	-0.1563495	0.06473939	2.412351	0.3163606	0.003476257	2.429749	-0.132562	-0.02541579	2.441874	0.3260462	0.05459701	2.372462	-0.09978689	0.06632053	2.389695	0.02570438	0.8086373	2.400591	0.03390279	0.680145	2.41926	0.03643382	0.6093445	2.430448	0.04401625	0.3912126	2.455587	0.05421571	0.09224628	2.480405	0.1991657	0.5601249	2.411995	-0.1073953	0.5585328	2.424906	0.1236162	0.09017694	2.439907	-0.01670547	0.09163673	2.449441	0.2896048	0.3125973	2.434942	-0.16047	0.2922176	2.424524	0.1524847	-0.2425322	2.568932	-0.01054529	-0.2569459	2.51619	0.1474336	-0.5220937	2.604485	-0.01990462	-0.5580752	2.625086	

0.3127104	0.0869302	2.410188	-0.156377	0.06369721	2.4127	0.3158291	0.007420967	2.429304	-0.1351153	-0.02701567	2.436936	0.3315173	0.06100766	2.3885	-0.09973485	0.06550045	2.390481	0.02495921	0.8087612	2.400937	0.03137026	0.6799486	2.41969	0.03416027	0.6092103	2.430989	0.04238618	0.3912439	2.456397	0.05316371	0.09248065	2.481555	0.1968214	0.5598798	2.413988	-0.1095517	0.5584452	2.422794	0.1224097	0.09096824	2.441927	-0.01764194	0.09150238	2.449994	0.2865532	0.3120783	2.439399	-0.163954	0.2910829	2.423656	0.151001	-0.2429728	2.569813	-0.006595315	-0.256787	2.528553	0.1471835	-0.5218819	2.604886	-0.01655757	-0.5616745	2.631816	

0.296295	0.08694645	2.429412	-0.1745296	0.05301415	2.412927	0.302779	0.005111458	2.439882	-0.1577125	-0.03175054	2.440578	0.3160038	0.06971419	2.403471	-0.1171558	0.06126906	2.400455	0.01087738	0.8045948	2.390152	0.00193556	0.673604	2.399492	0.006341046	0.6040072	2.416791	0.01646984	0.3885332	2.456073	0.02078492	0.09263266	2.501043	0.1768185	0.5575335	2.416625	-0.1358072	0.5515748	2.39916	0.08800334	0.09217882	2.470793	-0.04768951	0.09063695	2.461357	0.2684991	0.3120112	2.456886	-0.192472	0.2794932	2.412353	0.1333373	-0.2616626	2.562658	-0.01385711	-0.2570595	2.536881	0.1462879	-0.5297466	2.602348	-0.01856664	-0.5591463	2.633999	

0.2937508	0.08381457	2.431213	-0.1817755	0.04311153	2.410028	0.2983809	-0.00335763	2.441122	-0.1600552	-0.04426598	2.437827	0.2939219	0.05391202	2.382571	-0.1243852	0.04977868	2.407476	0.00300095	0.794938	2.383888	-0.0005731628	0.6651922	2.396273	0.003177384	0.5961133	2.414293	0.013003	0.3828146	2.457007	0.0198223	0.08908053	2.505165	0.1713539	0.5513676	2.417273	-0.1379818	0.5460749	2.39618	0.08781831	0.08933794	2.475465	-0.04915294	0.08651162	2.464289	0.2629098	0.3082323	2.461377	-0.1962653	0.2698233	2.410216	0.1335276	-0.2541879	2.547465	-0.01873198	-0.2590596	2.538716	0.1448647	-0.5357355	2.60103	-0.02007459	-0.5628335	2.63629	

0.2867605	0.076541	2.430937	-0.1852741	0.0342166	2.407298	0.2901673	-0.02281254	2.436314	-0.1529748	-0.06880841	2.453277	0.2876372	0.03746009	2.37913	-0.1401435	0.005515288	2.405125	-0.002611653	0.7804183	2.377339	-0.003714005	0.6481743	2.391464	-0.0003445977	0.5795956	2.410588	0.009335492	0.3681527	2.457842	0.01917492	0.07696192	2.511264	0.1668006	0.5382835	2.416793	-0.1413901	0.5280175	2.391835	0.08798949	0.0792571	2.482382	-0.0504752	0.07229944	2.468927	0.2598589	0.3013386	2.462478	-0.1991705	0.2609207	2.407389	0.1346047	-0.2540775	2.543982	-0.02562086	-0.2661668	2.536877	0.145847	-0.5394427	2.600898	-0.02077711	-0.5633178	2.635952	

0.2830576	0.068866	2.430057	-0.1881924	0.02720099	2.404597	0.2831817	-0.03502032	2.436518	-0.1541752	-0.07816903	2.451074	0.2865635	0.02594735	2.375182	-0.1373882	0.006021738	2.409167	-0.004092252	0.7734833	2.375544	-0.005680948	0.6410199	2.388633	-0.002496541	0.5721397	2.408248	0.006836371	0.3597933	2.45764	0.01758122	0.06799844	2.514381	0.1638069	0.5294238	2.414927	-0.1426308	0.52096	2.391535	0.0865888	0.07107114	2.485495	-0.05207918	0.06300599	2.471784	0.2575639	0.2938037	2.461627	-0.2005574	0.2539013	2.403604	0.1368158	-0.254271	2.538898	-0.02790195	-0.2684936	2.536291	0.1481884	-0.5423964	2.600264	-0.02118686	-0.5643809	2.635283	

0.261448	0.01650037	2.413444	-0.1686264	0.002391089	2.386152	0.2677552	-0.08313896	2.42082	-0.1414021	-0.1119564	2.405571	0.2913203	-0.004402411	2.39025	-0.1183853	-0.02100482	2.391353	-0.004008598	0.7221975	2.369168	-0.005876328	0.5886331	2.384539	-0.0007262907	0.5199636	2.406305	0.01496888	0.3086264	2.462909	0.0362698	0.01959166	2.529267	0.1633904	0.4764515	2.410695	-0.142943	0.4744444	2.394942	0.104605	0.02638179	2.499556	-0.03336812	0.01288902	2.487067	0.251726	0.2421919	2.448664	-0.1957111	0.2280766	2.400954	0.1569244	-0.2792512	2.536932	-0.03163174	-0.2869933	2.524432	0.1484528	-0.5487127	2.598961	-0.02270337	-0.5703079	2.634055	

0.2481662	-0.03572976	2.394665	-0.1341871	-0.06085012	2.373825	0.244098	-0.1422883	2.406732	-0.1091803	-0.1617168	2.392492	0.2728467	-0.04559125	2.376896	-0.08434211	-0.07159638	2.366379	0.0007986744	0.6665417	2.372766	0.00355588	0.530678	2.386801	0.009407956	0.4635802	2.410169	0.0271979	0.2572584	2.471455	0.05033222	-0.02182626	2.543011	0.167189	0.4279618	2.407054	-0.1376533	0.4292387	2.398962	0.1201635	-0.0164012	2.511031	-0.02065138	-0.02741048	2.503502	0.2500136	0.1888414	2.438964	-0.1820752	0.1601518	2.405869	0.1617796	-0.3167776	2.530774	-0.03208381	-0.3325795	2.512396	0.152993	-0.5538018	2.599529	-0.0228811	-0.5726293	2.632619	

0.2401146	-0.09745828	2.391516	-0.09964263	-0.1181831	2.375909	0.2243491	-0.2047043	2.397836	-0.06471299	-0.219685	2.380447	0.2519521	-0.1330116	2.373233	-0.04064265	-0.143093	2.373084	0.005464282	0.6027966	2.376419	0.01165316	0.4669391	2.392969	0.0173479	0.4012376	2.417947	0.03462155	0.199438	2.483938	0.05796217	-0.07594112	2.562584	0.1701522	0.3694948	2.411072	-0.1304925	0.3585426	2.40725	0.131165	-0.0639713	2.531164	-0.01687383	-0.08578858	2.522327	0.2458237	0.1276797	2.429258	-0.1643637	0.09803609	2.409842	0.1748264	-0.3693978	2.498079	-0.02833768	-0.3939777	2.491774	0.1566729	-0.5570753	2.597966	-0.02175603	-0.5765863	2.629155	

0.233199	-0.1136691	2.396137	-0.09269274	-0.1265629	2.375903	0.2136341	-0.2222688	2.3958	-0.048456	-0.2396714	2.384539	0.2478696	-0.1498371	2.373465	-0.03371799	-0.1453801	2.366396	0.006609899	0.5956982	2.376132	0.01209702	0.46038	2.393701	0.01777744	0.3954962	2.418998	0.03501536	0.1956787	2.485739	0.05836174	-0.07801832	2.565368	0.1708371	0.3604634	2.4111	-0.1299015	0.3528894	2.40859	0.132016	-0.06781513	2.533532	-0.0168266	-0.08654631	2.525951	0.2449816	0.1208921	2.431472	-0.1614407	0.08817403	2.411623	0.1756067	-0.3732866	2.494625	-0.02291416	-0.3950481	2.48808	0.1585056	-0.5589983	2.596691	-0.02135505	-0.5787644	2.626868	

0.2301873	-0.1604615	2.395311	-0.03472817	-0.2080609	2.392207	0.1982855	-0.2976734	2.40225	0.004219342	-0.3336153	2.406598	0.2419476	-0.2151799	2.3905	0.02062317	-0.2335689	2.393445	0.01131492	0.5253448	2.38112	0.01982162	0.3899294	2.401104	0.02476469	0.3264151	2.42925	0.03971101	0.1316232	2.504612	0.05984657	-0.1337495	2.595664	0.1766382	0.2976403	2.421041	-0.1264335	0.2861751	2.421136	0.1347143	-0.1240104	2.563344	-0.01668219	-0.1397996	2.556372	0.2410998	0.06247297	2.444928	-0.1424297	0.01805142	2.425516	0.2007125	-0.4211718	2.477899	-0.01043048	-0.4468093	2.493448	0.1790865	-0.6493778	2.585762	-0.01962103	-0.6610025	2.625343	

0.2399576	-0.2084542	2.405707	-0.03003575	-0.2104414	2.401783	0.2211719	-0.3565184	2.432773	0.02799396	-0.3494158	2.405185	0.2521009	-0.2706154	2.389827	0.04008196	-0.2461854	2.393357	0.01280532	0.4638693	2.39334	0.02166403	0.3251168	2.42087	0.02903384	0.2639907	2.450266	0.05134531	0.07677976	2.529288	0.08142599	-0.1779231	2.625181	0.18647	0.2396046	2.440699	-0.1203733	0.2273994	2.436904	0.1601631	-0.1682743	2.586699	0.0004716291	-0.1827235	2.592127	0.2513406	0.01108127	2.470319	-0.13442	-0.004399029	2.454075	0.2013785	-0.440298	2.541845	-0.0009577418	-0.4844646	2.494194	0.1638227	-0.5632033	2.593708	-0.02227043	-0.6924055	2.633398	

0.2505384	-0.2237962	2.42528	0.00509548	-0.2630084	2.411691	0.2353871	-0.3574515	2.438535	0.03248744	-0.3618381	2.41939	0.2709733	-0.2640093	2.399393	0.04507458	-0.2727111	2.385146	0.01296847	0.4351919	2.433731	0.02520539	0.2997377	2.45507	0.03499671	0.2389866	2.483702	0.06470411	0.05254633	2.561087	0.1058237	-0.2020341	2.656179	0.1915252	0.2177828	2.473778	-0.1195303	0.196246	2.47576	0.184721	-0.1880975	2.619843	0.02430035	-0.2108041	2.621319	0.2677352	-0.004995009	2.509239	-0.1257863	-0.06218128	2.489975	0.2026601	-0.4393261	2.541846	0.004128564	-0.4268081	2.5141	0.1672958	-0.5637264	2.591763	-0.01277359	-0.5845797	2.617679	

0.2506903	-0.2241823	2.425466	0.004869547	-0.2626798	2.411691	0.238516	-0.3870869	2.45983	0.02906774	-0.3623742	2.416461	0.2768954	-0.2833783	2.405898	0.06984419	-0.3143125	2.439333	0.01306423	0.4375846	2.446852	0.02573274	0.3005131	2.465265	0.03540654	0.239398	2.492177	0.06482121	0.05236675	2.564988	0.1057016	-0.2021904	2.656502	0.1925213	0.216422	2.485045	-0.1187036	0.1979697	2.481114	0.184314	-0.1883353	2.620862	0.02429068	-0.2108627	2.621331	0.2683709	-0.005452753	2.512143	-0.1242288	-0.09025944	2.494355	0.2029652	-0.4389772	2.542041	0.004048261	-0.4332328	2.519001	0.1702034	-0.5656508	2.592518	-0.008951049	-0.588101	2.614409	

0.2509126	-0.2246685	2.428177	0.004887654	-0.262835	2.412027	0.243185	-0.3789326	2.458711	0.0257217	-0.3603604	2.424788	0.2789321	-0.2728869	2.411962	0.04751931	-0.2789465	2.392592	0.01022077	0.4541148	2.521613	0.02209305	0.3175154	2.538125	0.03196663	0.2541076	2.558363	0.06215189	0.05942035	2.605938	0.1048168	-0.2026201	2.659782	0.1869233	0.2258033	2.550132	-0.1154092	0.1971678	2.540498	0.1830882	-0.1885162	2.624832	0.0237398	-0.2113965	2.623714	0.2636452	0.005794552	2.540718	-0.1265296	-0.09333641	2.501702	0.204314	-0.4385271	2.542338	0.00286271	-0.435525	2.523111	0.171147	-0.5664223	2.591504	-0.008642972	-0.5876349	2.613904	

0.2493605	-0.2256812	2.431808	0.004837299	-0.2626355	2.413163	0.2427544	-0.3598314	2.453959	0.02470771	-0.3612901	2.429129	0.2736146	-0.2546902	2.409768	0.04834673	-0.2789024	2.396896	0.009734595	0.4601887	2.554227	0.02020186	0.3274189	2.567211	0.03029231	0.2622861	2.581369	0.06079828	0.06440578	2.61867	0.1034825	-0.2015847	2.663459	0.1844296	0.229105	2.570068	-0.1156726	0.1996931	2.537497	0.1808209	-0.1875379	2.628708	0.02326381	-0.2103113	2.627097	0.2620399	0.009092375	2.552152	-0.1256387	-0.09430521	2.509422	0.2051239	-0.4386275	2.54421	0.002698605	-0.4026837	2.517938	0.172526	-0.5675947	2.592106	-0.006315259	-0.5864124	2.611991	

0.2481293	-0.2251224	2.434531	0.003422759	-0.2610601	2.415835	0.2467263	-0.3518004	2.451535	0.02555123	-0.3596009	2.431404	0.2815506	-0.2573983	2.418308	0.06746815	-0.3072469	2.4535	0.005641734	0.4661214	2.591163	0.02061612	0.3359997	2.602154	0.03018003	0.2709168	2.614141	0.05950745	0.07120033	2.639755	0.1013575	-0.1992277	2.669412	0.1791672	0.2349819	2.603916	-0.1174698	0.2137626	2.601027	0.1780128	-0.1848326	2.635862	0.02184908	-0.2083556	2.631752	0.2585141	0.01212262	2.567949	-0.1212899	-0.0883704	2.52215	0.2069993	-0.4401584	2.54665	0.005381607	-0.3851525	2.507173	0.1729745	-0.5687402	2.59219	-0.006070228	-0.5851347	2.610975	

0.2470188	-0.2241343	2.437814	0.01013674	-0.2447489	2.420404	0.2445611	-0.3501416	2.451613	0.02574534	-0.3528128	2.41554	0.2793105	-0.2515231	2.419372	0.04038536	-0.2621706	2.403662	0.00425697	0.4677427	2.60402	0.01782547	0.3369721	2.617809	0.0276638	0.2720447	2.628019	0.05748297	0.07301562	2.650065	0.0996035	-0.1978116	2.672968	0.1787973	0.2352731	2.613961	-0.1176175	0.2139275	2.607212	0.1758782	-0.1835	2.639609	0.02055416	-0.2069087	2.635001	0.2564104	0.01489462	2.577759	-0.113195	-0.07598279	2.535995	0.2068895	-0.4396947	2.546971	0.004083431	-0.3822566	2.508126	0.1749501	-0.569315	2.593112	-0.005086447	-0.5860309	2.610164	

0.2457701	-0.2229396	2.440608	0.003439993	-0.2368019	2.42784	0.2440661	-0.3382515	2.446803	0.02323324	-0.3602493	2.420097	0.2803485	-0.2592413	2.416322	0.04305719	-0.2682914	2.406012	0.002767563	0.4728978	2.622602	0.0136568	0.3423139	2.634357	0.02448464	0.2769495	2.64181	0.0566081	0.0767227	2.656846	0.09978411	-0.1958294	2.673701	0.1772723	0.2385279	2.627935	-0.1199427	0.2148987	2.622016	0.1749444	-0.1814243	2.639482	0.0222634	-0.2043179	2.637087	0.252457	0.0185121	2.589757	-0.1045091	-0.04404329	2.548137	0.2076756	-0.4399366	2.547326	-0.006730968	-0.472751	2.451162	0.1754097	-0.5702729	2.593043	-0.02077272	-0.6944175	2.570772	

0.2438751	-0.2225904	2.443942	-0.01393465	-0.2138543	2.446258	0.2448756	-0.3381665	2.448844	0.01583202	-0.3566863	2.419395	0.2832319	-0.260731	2.423806	0.06373996	-0.3121	2.4455	-0.005154149	0.47517	2.668348	0.01084724	0.3459542	2.670611	0.02106272	0.2808132	2.673199	0.05268157	0.08083276	2.673791	0.09703977	-0.1930439	2.675904	0.1740035	0.2392956	2.65617	-0.1203973	0.2148716	2.624167	0.1699249	-0.1770636	2.641265	0.02106142	-0.2028537	2.639364	0.250954	0.02526768	2.605693	-0.1084152	-0.03731679	2.56222	0.2080175	-0.4397829	2.547793	-0.01017626	-0.4664922	2.445488	0.1758711	-0.5706083	2.592507	-0.01051018	-0.5917708	2.621197	

0.2418818	-0.221213	2.447709	-0.00857633	-0.2163669	2.441722	0.2468858	-0.3377074	2.452011	0.02443594	-0.3426911	2.415153	0.278035	-0.2453248	2.416223	0.04188015	-0.2490588	2.416895	-0.007123745	0.475487	2.672879	0.01036494	0.3479111	2.682047	0.02032895	0.2830859	2.684046	0.05109211	0.0840771	2.681632	0.09446285	-0.188971	2.676728	0.1719849	0.2400909	2.665179	-0.128357	0.2181197	2.677195	0.1666045	-0.1721005	2.641584	0.01943962	-0.2001346	2.640411	0.2506805	0.02766391	2.613219	-0.1179753	-0.05616069	2.568689	0.2082681	-0.4398414	2.5485	-0.01014229	-0.4569738	2.435291	0.175989	-0.5719167	2.590345	-0.01025931	-0.5889653	2.617165	

0.2287525	-0.2011901	2.455352	-0.01814355	-0.204409	2.44992	0.2362879	-0.3164945	2.462353	0.01948733	-0.3400241	2.414031	0.2735081	-0.2522269	2.417015	0.03970889	-0.2533278	2.415581	-0.02204984	0.4784061	2.726775	-0.003733257	0.3494142	2.731466	0.007365325	0.285641	2.729252	0.04187139	0.08947526	2.711435	0.08913549	-0.1819225	2.685409	0.1655301	0.2420723	2.716187	-0.1350937	0.2150501	2.70031	0.1606699	-0.1642859	2.651143	0.0150895	-0.1944386	2.648049	0.2462894	0.0366277	2.641873	-0.1236356	-0.05174606	2.589816	0.2127364	-0.4393456	2.5507	-0.009966216	-0.4459693	2.43433	0.1826291	-0.5717564	2.590467	-0.01092727	-0.5886994	2.617042	

0.2456404	-0.1838504	2.440068	-0.02339417	-0.1954672	2.457169	0.2412602	-0.2857489	2.462716	0.0180298	-0.3365664	2.410356	0.2951522	-0.268979	2.467077	0.02618792	-0.2617402	2.385737	-0.03153566	0.4782076	2.743767	-0.01207703	0.349523	2.7502	-0.0007211585	0.2858135	2.74874	0.03362722	0.09068076	2.736252	0.0818383	-0.1764897	2.708581	0.1608396	0.2416658	2.733931	-0.1435996	0.2129305	2.72179	0.1514578	-0.1566871	2.67574	0.009806916	-0.1913294	2.670086	0.2522353	0.01620736	2.629888	-0.1276472	-0.04842117	2.60432	0.2491455	-0.4318468	2.540326	-0.006564193	-0.4163917	2.423046	0.1901142	-0.6774914	2.587042	-0.008878832	-0.5841767	2.607619	

0.242515	-0.04250221	2.477079	-0.03645941	-0.1815391	2.489799	0.2456202	-0.1416915	2.418061	0.02073757	-0.3055482	2.398001	0.2588328	-0.06324828	2.427082	-0.06857419	-0.2822793	2.4815	-0.04722574	0.4749046	2.776843	-0.02060323	0.3468236	2.774764	-0.008274134	0.2839607	2.769532	0.02898845	0.09087895	2.746732	0.07909088	-0.1746426	2.711989	0.1540249	0.238083	2.75693	-0.1525739	0.2129049	2.745749	0.1488191	-0.1546638	2.678379	0.007127101	-0.1898514	2.674239	0.2664293	0.04564267	2.693839	-0.1578423	-0.0584796	2.646209	0.2624158	-0.4253836	2.548049	-0.006468602	-0.4102837	2.422188	0.2636515	-0.6842933	2.520352	-0.00653039	-0.5811531	2.598297	

0.2236635	0.006080031	2.473285	-0.05358479	-0.1805094	2.491149	0.2507865	-0.09241501	2.434029	0.006939422	-0.3139239	2.398299	0.2691509	-0.03248457	2.438583	-0.07379126	-0.2840608	2.49475	-0.05013448	0.4742754	2.78344	-0.02453651	0.344774	2.781783	-0.01246773	0.281637	2.779291	0.02485221	0.0884108	2.765362	0.07688177	-0.1746795	2.739649	0.15023	0.2345484	2.767476	-0.151993	0.2121558	2.7432	0.1455326	-0.1521803	2.712951	0.005977925	-0.1920232	2.695693	0.2691034	0.04704982	2.700807	-0.1334722	-0.01462861	2.633121	0.2718215	-0.4089364	2.56157	-0.01681386	-0.3502924	2.395699	0.3019508	-0.6641018	2.583055	-0.006955654	-0.5815456	2.598324	

0.2315815	0.008938195	2.479076	-0.04177647	-0.1772014	2.495236	0.2500588	-0.05004178	2.434848	0.008389073	-0.3030464	2.394907	0.2676952	0.005756915	2.462538	-0.07718877	-0.2800091	2.480867	-0.05248722	0.4737095	2.787732	-0.02867006	0.3437316	2.789264	-0.01601296	0.2806001	2.786884	0.02301457	0.08755249	2.771555	0.07645538	-0.1752838	2.743181	0.148424	0.2328886	2.77375	-0.1559444	0.2107379	2.753514	0.1449071	-0.1525154	2.715981	0.005871977	-0.1930476	2.699347	0.2737741	0.04967722	2.707278	-0.1639934	-0.05878261	2.654744	0.3226452	-0.3770746	2.565558	-0.01738008	-0.3498576	2.39854	0.2693487	-0.631376	2.54511	-0.009159714	-0.5821844	2.599732	

0.2736139	0.05982468	2.574294	-0.04681986	-0.1876791	2.499738	0.2475993	0.01287102	2.465272	0.003881209	-0.3055625	2.399051	0.2489192	0.08261392	2.504084	-0.06107758	-0.263055	2.421556	-0.05878639	0.4704751	2.799163	-0.03381398	0.3417464	2.798796	-0.02003707	0.2787414	2.797049	0.02222088	0.08605155	2.783642	0.08059131	-0.176295	2.758097	0.1456038	0.2301302	2.786329	-0.1616632	0.2114699	2.763883	0.1492268	-0.153109	2.729821	0.00972337	-0.1947301	2.714885	0.3039127	0.08040587	2.70554	-0.1640619	-0.05955558	2.655164	0.3514704	-0.4051603	2.56121	-0.01918529	-0.3384191	2.407343	0.1953999	-0.356471	2.753227	-0.01105153	-0.5817826	2.601188	

0.3221126	-0.3014264	2.649794	-0.08712657	-0.271596	2.57348	0.3395101	-0.4480053	2.622416	0.0005486534	-0.3329059	2.414096	0.3592216	-0.3757191	2.584565	-0.04582855	-0.361678	2.443929	-0.06394375	0.4685467	2.808051	-0.03919721	0.3406033	2.810073	-0.02410845	0.2778234	2.807911	0.02150391	0.08576392	2.792975	0.08319522	-0.1759036	2.765375	0.1398566	0.2312702	2.811992	-0.1622176	0.2094024	2.766834	0.1542338	-0.1547528	2.740644	0.01068283	-0.1930972	2.719653	0.2643301	-0.008401334	2.649097	-0.1446655	-0.06257787	2.648172	0.2913129	-0.4283837	2.721782	-0.01777405	-0.3412851	2.414462	0.3747426	-0.2007339	2.611576	-0.03682848	-0.5750625	2.619418	

0.31942	-0.2142232	2.639724	-0.02301166	-0.1596335	2.511187	0.3441662	-0.362967	2.641696	0.01347492	-0.2605268	2.390363	0.3455995	-0.2459515	2.629833	-0.06990129	-0.2493045	2.475231	-0.06503138	0.4665779	2.812732	-0.03788212	0.3393169	2.813051	-0.02289351	0.2768838	2.810405	0.02247232	0.08563022	2.794161	0.08413169	-0.175388	2.765435	0.1394731	0.231109	2.813926	-0.1629769	0.2081723	2.768515	0.1559124	-0.1549813	2.740926	0.01124706	-0.1914262	2.719319	0.2689858	0.005080295	2.635047	-0.1599109	-0.05687589	2.669615	0.2909669	-0.4298299	2.719266	-0.0166787	-0.340661	2.414635	0.5037889	-0.4746	2.566329	-0.02470114	-0.5770172	2.607186	

0.3020654	-0.3078481	2.68069	-0.02614737	-0.1639733	2.51679	0.3065917	-0.4265084	2.657136	0.02002152	-0.266967	2.389407	0.3520049	-0.4057845	2.641214	-0.06630649	-0.2541791	2.485545	-0.06425832	0.4660861	2.813019	-0.03754048	0.3390343	2.813296	-0.02196463	0.2763606	2.811221	0.0270729	0.08421298	2.798371	0.09739587	-0.1779543	2.776312	0.139932	0.2306999	2.81526	-0.1613484	0.2030638	2.767397	0.1701182	-0.157643	2.755771	0.02221994	-0.193659	2.726036	0.2703493	-0.006617832	2.653744	-0.1613927	-0.05681736	2.673615	0.3229065	-0.4234875	2.708787	-0.01690455	-0.3434541	2.42303	0.534223	-0.4970047	2.566258	-0.01736188	-0.5744456	2.599544	

0.2942342	-0.2944565	2.68226	0.009215598	-0.1239043	2.530528	0.2831836	-0.4495978	2.676584	0.0248842	-0.2583684	2.401448	0.3471302	-0.379582	2.660231	-0.0107101	-0.2598106	2.389455	-0.06275561	0.4660045	2.813506	-0.03724308	0.3388827	2.813152	-0.02129892	0.2761169	2.811426	0.02985156	0.08361162	2.800953	0.1022948	-0.1786515	2.782225	0.1429189	0.2295771	2.816424	-0.1584211	0.205255	2.761719	0.1732569	-0.1581933	2.761368	0.02893516	-0.1945207	2.731928	0.2726416	-0.01037642	2.658601	-0.1613526	-0.0566929	2.673933	0.3236447	-0.4251463	2.70768	-0.0152925	-0.3353584	2.42489	0.503941	-0.5954812	2.62135	-0.02197286	-0.5838858	2.610926	

0.2966834	-0.2989367	2.685195	-0.02723147	-0.1858262	2.520002	0.3000664	-0.4480172	2.666347	0.03405384	-0.2986718	2.399962	0.3459331	-0.3768026	2.662741	-0.05056685	-0.2492892	2.44865	-0.05671962	0.4656627	2.810835	-0.03318112	0.3382636	2.809394	-0.01722749	0.2754185	2.809324	0.03418453	0.08271419	2.801603	0.1067196	-0.1799092	2.785467	0.1472026	0.2287274	2.815081	-0.1538859	0.2024221	2.759572	0.1777254	-0.1592704	2.764608	0.03302216	-0.1958992	2.734984	0.2719947	-0.01727278	2.663178	-0.1417768	-0.0426978	2.663087	0.3250862	-0.4277953	2.709516	-0.01314553	-0.3286097	2.424221	0.5013057	-0.6028398	2.624434	-0.02004468	-0.580326	2.608994	

0.2980766	-0.301225	2.686575	-0.02780173	-0.1859557	2.517545	0.285121	-0.4409496	2.685697	0.03425195	-0.3026379	2.399003	0.3501564	-0.3741123	2.665786	-0.03060738	-0.2664826	2.422206	-0.05119198	0.4658747	2.806528	-0.02891539	0.3391137	2.805493	-0.01325292	0.275947	2.806467	0.03650373	0.08267698	2.800744	0.107222	-0.1801577	2.785415	0.1506991	0.2274771	2.813658	-0.1514812	0.2054331	2.753837	0.1778958	-0.1595524	2.764516	0.03409753	-0.196089	2.734981	0.2734931	-0.01809587	2.65924	-0.1399092	-0.04168015	2.661451	0.2805438	-0.3467236	2.71456	-0.01016666	-0.3372884	2.428139	0.2707167	-0.5488503	2.729418	-0.01954569	-0.5795119	2.608906	

0.2989558	-0.3007102	2.686913	0.009755416	-0.1419933	2.529799	0.3028505	-0.4459608	2.678049	0.04550203	-0.2512233	2.427308	0.3465917	-0.3706576	2.662333	-0.0247698	-0.2031514	2.459048	-0.03967268	0.4655575	2.796686	-0.02138192	0.3394321	2.797365	-0.005967892	0.2760892	2.800791	0.04281293	0.08248424	2.800141	0.1135128	-0.1809139	2.790119	0.1555112	0.2273032	2.80868	-0.1492603	0.2068002	2.749511	0.1828785	-0.1596405	2.769187	0.04149937	-0.1976069	2.739605	0.2762751	-0.01984673	2.655256	-0.143611	-0.03193335	2.665301	0.4676104	-0.2012517	2.622347	-0.007167023	-0.3314184	2.429789	0.4132876	-0.4502229	2.665432	-0.01806741	-0.5811249	2.608783	

0.3001395	-0.3003725	2.687566	-0.0007304057	-0.1634262	2.524277	0.3000807	-0.4403133	2.679255	0.05321952	-0.2711167	2.417356	0.3487385	-0.3831468	2.656793	-0.03058315	-0.2392328	2.447455	-0.03434439	0.4669303	2.790077	-0.01657848	0.3402115	2.792529	-0.001625144	0.2762044	2.799838	0.05483621	0.07924154	2.819008	0.1311997	-0.1926849	2.859928	0.1605665	0.2274185	2.805021	-0.1476266	0.2069507	2.746606	0.1978591	-0.1686866	2.844722	0.06122858	-0.2118794	2.803666	0.282472	-0.02182865	2.656407	-0.1378604	-0.0340214	2.660007	0.4161698	-0.1875185	2.591205	0.005216024	-0.3122452	2.481144	0.2687456	-0.4462529	2.708239	-0.01654836	-0.5815366	2.607966	

0.3069446	-0.2957977	2.687142	-0.02662735	-0.1546824	2.533872	0.2983296	-0.4380452	2.683109	0.04589421	-0.2693339	2.40969	0.3430025	-0.389579	2.645769	-0.03004772	-0.2361552	2.448694	-0.03069841	0.4652928	2.78676	-0.01269898	0.3388909	2.788389	0.002039855	0.275118	2.798669	0.05704501	0.0784727	2.823113	0.1310196	-0.1917904	2.862955	0.1626951	0.2297059	2.802578	-0.146724	0.2076746	2.745674	0.1979939	-0.1680991	2.848096	0.06075684	-0.2107064	2.806424	0.3018492	0.002502039	2.633536	-0.1482692	-0.01719264	2.676738	0.3379093	0.002092219	2.593328	0.009401208	-0.2445736	2.467844	0.3128671	-0.3389015	2.670661	-0.01730708	-0.5711459	2.583428	

0.3101076	-0.295211	2.687452	-0.03764639	-0.1599967	2.535933	0.2946437	-0.438024	2.68286	0.0499934	-0.2734512	2.407713	0.3509283	-0.3857486	2.649324	-0.03450877	-0.2410927	2.445308	-0.02800969	0.4645251	2.784322	-0.01004023	0.3379622	2.785584	0.004731828	0.2742828	2.797396	0.05790991	0.07815632	2.824212	0.1307262	-0.1913781	2.863672	0.1641927	0.2319605	2.800423	-0.1426495	0.2096953	2.745056	0.1979042	-0.1678058	2.848766	0.06021653	-0.2101533	2.8072	0.3020144	0.002820782	2.633009	-0.1501896	-0.01519468	2.679019	0.3377284	0.001816083	2.593513	0.009724791	-0.2448872	2.468581	0.3125256	-0.3392029	2.670704	-0.01643945	-0.5712824	2.584707	

0.3122675	-0.2836286	2.684691	-0.03836472	-0.1592056	2.536679	0.2796436	-0.4494625	2.681059	0.04781564	-0.2744249	2.410145	0.3617716	-0.4015059	2.637222	-0.03398879	-0.2426379	2.445231	-0.02146363	0.4649908	2.778814	-0.006623123	0.3385837	2.782886	0.008264418	0.2747151	2.796038	0.05983251	0.07848773	2.825762	0.1311783	-0.1904343	2.865818	0.1675534	0.2351021	2.795281	-0.138401	0.2116351	2.743386	0.1984624	-0.1670974	2.850413	0.06052236	-0.2089777	2.809887	0.3103604	0.01275621	2.622597	-0.150742	-0.01394725	2.679415	0.3374432	0.0008860667	2.593419	0.01029262	-0.2447514	2.471348	0.3104471	-0.3399831	2.670674	-0.01590628	-0.5700107	2.590243	

0.3148096	-0.2537655	2.67492	-0.03934918	-0.1592988	2.53719	0.2819236	-0.4197404	2.686167	0.04304004	-0.2201937	2.459053	0.329272	-0.380354	2.647	-0.052805	-0.1978612	2.50825	-0.01617398	0.4648736	2.772449	-0.0002324267	0.3395857	2.777948	0.01421716	0.2753841	2.792628	0.06198381	0.07864732	2.82585	0.1312797	-0.1903081	2.866099	0.1700881	0.2365861	2.791313	-0.1332817	0.2140832	2.739074	0.1985522	-0.1670604	2.850556	0.06062837	-0.2087303	2.810343	0.3267748	0.03911897	2.600225	-0.1506507	-0.01275176	2.679417	0.3373507	-0.0001174116	2.592683	0.01059956	-0.2451157	2.471846	0.3099087	-0.3406305	2.671114	-0.01482038	-0.5704182	2.590779	

0.3145143	-0.2639237	2.678174	-0.05619645	-0.1786193	2.547543	0.2797464	-0.4256757	2.70188	0.04145322	-0.2657248	2.413626	0.343874	-0.3909103	2.63775	-0.05084591	-0.2479348	2.463444	-0.01300125	0.4656408	2.770084	0.001756243	0.3408778	2.775529	0.0162725	0.2763999	2.790807	0.06308214	0.07901242	2.82575	0.1313489	-0.1901971	2.866328	0.1720254	0.2374084	2.78978	-0.1308983	0.2161033	2.73772	0.1987065	-0.1670891	2.850879	0.06063963	-0.2084713	2.810527	0.3219947	0.02944342	2.604871	-0.1503532	-0.01227291	2.679205	0.336734	-0.0005342784	2.592246	0.01073499	-0.245239	2.472059	0.3074225	-0.3409255	2.670582	-0.01504567	-0.5701713	2.591812	

0.2268213	-0.1551578	2.507649	-0.05877091	-0.1813029	2.550484	0.1795858	-0.2931007	2.489165	0.03568368	-0.2438034	2.435964	0.2441103	-0.2588357	2.424932	-0.06200505	-0.2302849	2.482187	-0.01012316	0.4668373	2.767203	0.003831452	0.3412357	2.773357	0.01835093	0.2767082	2.789073	0.06427216	0.07920755	2.825504	0.1314231	-0.1900461	2.866533	0.1735492	0.2382502	2.78824	-0.1297074	0.217008	2.737725	0.1987322	-0.1670749	2.850937	0.06078637	-0.2080811	2.810941	0.3242476	0.03155482	2.60245	-0.150069	-0.011089	2.678933	0.3363016	-0.0009286644	2.591725	0.0108519	-0.2451737	2.472516	0.3061427	-0.3409326	2.671214	-0.01476483	-0.5699953	2.592566	

0.214399	-0.1494692	2.666257	-0.05065689	-0.1697564	2.54414	0.1663679	-0.2695353	2.682516	0.03591909	-0.2389741	2.437148	0.2398993	-0.1406367	2.6805	-0.05126406	-0.2168763	2.491368	-0.007327323	0.4675078	2.764735	0.004843025	0.3412983	2.772181	0.01944829	0.2767622	2.788317	0.06559795	0.0793016	2.825999	0.1325364	-0.1896245	2.869292	0.1749042	0.238522	2.787196	-0.1282086	0.2181918	2.736943	0.1998511	-0.1672506	2.854209	0.06188293	-0.2071963	2.813205	0.3253331	0.03229778	2.600615	-0.1502254	-0.009315796	2.6794	0.3347776	-0.002315469	2.592541	0.01123569	-0.2448913	2.474968	0.3027614	-0.3423805	2.671192	-0.01416067	-0.5696543	2.595199	

0.2066575	-0.1610696	2.670299	-0.03658843	-0.1583035	2.534827	0.1549008	-0.2687939	2.67502	0.04182077	-0.2645662	2.411599	0.2009131	-0.2665249	2.653	-0.03436968	-0.2383024	2.4515	-0.004079625	0.4667774	2.762645	0.006777591	0.3417056	2.770483	0.02126611	0.2771058	2.786735	0.06646384	0.07946719	2.825267	0.1323243	-0.1895277	2.868879	0.1764902	0.2384127	2.785871	-0.1259063	0.2197344	2.735709	0.1996956	-0.167312	2.853329	0.0616034	-0.2069881	2.813005	0.3198746	0.02051296	2.607694	-0.150139	-0.009262852	2.679402	0.3352284	-0.00268037	2.591805	0.01118431	-0.2447079	2.474735	0.3034032	-0.342583	2.671106	-0.01478133	-0.5690394	2.595889	

0.2005785	-0.1719724	2.67453	-0.04219576	-0.158738	2.535525	0.1058521	-0.2673755	2.735035	0.04734362	-0.268537	2.409135	0.1842675	-0.268842	2.648875	-0.03307019	-0.2414204	2.446118	-0.00112586	0.4661074	2.760018	0.01052031	0.3419685	2.768208	0.02440123	0.2773061	2.784115	0.06771446	0.07955561	2.821872	0.1287073	-0.1894792	2.861079	0.1781617	0.2383523	2.784841	-0.1223171	0.2203998	2.733465	0.1960203	-0.1676694	2.844275	0.05813155	-0.2065887	2.806304	0.312914	0.01046866	2.61289	-0.1486507	-0.008617307	2.677726	0.3380251	-0.0001869774	2.588802	0.01023039	-0.2457711	2.467834	0.30642	-0.3400535	2.668378	-0.0159455	-0.5699601	2.58928	

0.1897146	-0.1999994	2.677965	-0.03879867	-0.1589338	2.537593	0.1350026	-0.3096675	2.669337	0.0485448	-0.26884	2.41187	0.1914835	-0.2843533	2.644929	-0.0302763	-0.2395866	2.449637	0.0003738271	0.4665049	2.759322	0.01173508	0.3417031	2.767632	0.02591679	0.2770643	2.783823	0.07041676	0.07942878	2.822973	0.1334488	-0.1891337	2.866673	0.1792432	0.2387137	2.784496	-0.1210366	0.2215117	2.733534	0.2018889	-0.16808	2.851683	0.06183428	-0.2056749	2.810447	0.2949812	-0.009279064	2.628246	-0.1475045	-0.007560037	2.676518	0.3362926	-0.002905627	2.589879	0.01126429	-0.246267	2.472579	0.3038944	-0.3425829	2.669818	-0.01591682	-0.5703833	2.593989	

0.1919468	-0.1913379	2.678484	-0.03814564	-0.1592803	2.537333	0.1505961	-0.2867169	2.65101	0.04317657	-0.2580647	2.418231	0.1771744	-0.2598605	2.7355	-0.0345589	-0.2352453	2.455926	0.001515864	0.4665989	2.759291	0.01293598	0.3415706	2.767481	0.0271535	0.2768941	2.783837	0.0714787	0.07916757	2.823516	0.1338598	-0.1895415	2.867818	0.1807797	0.2387149	2.784504	-0.1198426	0.2219499	2.733272	0.2020646	-0.1685814	2.852534	0.06248685	-0.205908	2.811884	0.300359	-0.004311025	2.623038	-0.1465877	-0.007290275	2.675755	0.336119	-0.003673852	2.590332	0.01158557	-0.2460254	2.474005	0.3049554	-0.3427011	2.672939	-0.0154213	-0.5701903	2.595335	

0.1840923	-0.08714101	2.764066	-0.07245876	-0.1956468	2.563442	0.1182243	-0.1915696	2.759563	0.04667708	-0.2643725	2.413674	0.2034316	-0.1847878	2.7345	-0.04709857	-0.2435481	2.4639	0.003257854	0.4670779	2.759256	0.01455729	0.3418505	2.766969	0.02897055	0.2771431	2.783636	0.07386894	0.07933496	2.824487	0.1365805	-0.1895483	2.870839	0.1820615	0.2388544	2.784509	-0.1186123	0.2226529	2.732694	0.2043047	-0.1688101	2.854987	0.06554979	-0.2056207	2.815396	0.3133278	0.006565813	2.616027	-0.1463234	-0.00739752	2.675577	0.3354654	-0.004877329	2.590434	0.01230394	-0.2454636	2.477864	0.3040486	-0.3438504	2.673128	-0.01465383	-0.5697535	2.59891	

0.1976159	-0.1730595	2.676797	-0.03473979	-0.1600395	2.539037	0.1717078	-0.2736489	2.651261	0.05075458	-0.2681245	2.409667	0.1959645	-0.1714752	2.714	-0.03252213	-0.2364768	2.45768	0.004574429	0.4672498	2.759233	0.01567698	0.3417009	2.766922	0.03041302	0.2770848	2.783947	0.07653158	0.07978901	2.826634	0.1405862	-0.1877731	2.876745	0.1833279	0.2389522	2.784827	-0.1181835	0.2229027	2.733336	0.2082237	-0.1672406	2.860714	0.06946205	-0.2036913	2.82136	0.3141907	0.006917431	2.615631	-0.1437291	-0.00605785	2.674602	0.3342263	-0.006658781	2.591058	0.01393502	-0.2446255	2.484364	0.3031837	-0.3456331	2.673819	-0.01355863	-0.5685596	2.606148	

0.1887854	-0.1992699	2.681623	-0.03315077	-0.1615248	2.537109	0.1454235	-0.288508	2.662011	0.04843253	-0.2617896	2.415895	0.1734023	-0.2598549	2.7354	-0.03493112	-0.2365229	2.457372	0.006157829	0.4676807	2.759383	0.0202701	0.3429775	2.768046	0.03445731	0.2781342	2.785053	0.07850972	0.08017348	2.827362	0.1406935	-0.1878239	2.876775	0.184973	0.2392119	2.785507	-0.1167794	0.2235877	2.733777	0.2083883	-0.1673528	2.860958	0.06959371	-0.2037268	2.821249	0.2951819	-0.01053295	2.627916	-0.1416131	-0.007382507	2.672921	0.334321	-0.007186892	2.590987	0.01411662	-0.2446107	2.484237	0.3034394	-0.3463325	2.673189	-0.01403727	-0.5680154	2.607131	

