0.0642596	0.3944193	2.72128	-0.1427073	-0.1034311	2.292611	0.1030414	0.2378532	2.759372	-0.1046442	-0.2223727	2.195153	0.03826566	0.2570025	2.629	-0.08560593	-0.1889253	2.232125	-0.003870493	0.6466603	2.704355	-0.06856526	0.5224973	2.712582	-0.0562509	0.4400448	2.726924	-0.01846669	0.1867974	2.759559	0.0331275	-0.1592885	2.791904	0.02967143	0.4333307	2.810039	-0.1589508	0.381382	2.593198	0.07562557	-0.1448079	2.795382	-0.0104064	-0.1690565	2.705513	-0.0262577	0.7127851	2.537649	-0.2081299	0.1217248	2.464236	0.05365461	-0.5845773	2.988503	-0.1051746	-0.5884797	2.738273	0.04767999	-0.9537234	3.122715	-0.1086571	-0.9821218	2.805779	

0.058213	0.4017621	2.727452	-0.1479462	-0.05878619	2.299265	0.09592304	0.2658031	2.751284	-0.08177183	-0.1815394	2.159784	0.02557766	0.2987927	2.63052	-0.06917125	-0.1571182	2.197333	-0.005510488	0.6473783	2.701783	-0.06910587	0.5225384	2.71201	-0.0568704	0.4401992	2.726136	-0.01938326	0.187495	2.757864	0.03174367	-0.1573443	2.78836	0.02628996	0.4391797	2.812115	-0.1593655	0.3810213	2.592283	0.07309806	-0.1412626	2.791242	-0.01094142	-0.1683004	2.702479	-0.01928991	0.6802397	2.568125	-0.2062328	0.1305803	2.460342	0.05375292	-0.5845611	2.988313	-0.1052421	-0.5887091	2.738187	0.04847338	-0.9537671	3.122904	-0.108879	-0.982101	2.805576	

0.06139016	0.3974437	2.724498	-0.1441477	-0.06220534	2.286754	0.1068517	0.2227418	2.760092	-0.07542126	-0.1754114	2.152359	0.05452785	0.2589865	2.649783	-0.06497041	-0.1480355	2.191222	-0.007796864	0.6473958	2.698554	-0.0703893	0.5217294	2.709846	-0.05810847	0.439501	2.724021	-0.02045718	0.1870784	2.755983	0.03092786	-0.1575176	2.786957	0.02795169	0.4374669	2.813372	-0.1597314	0.3805612	2.591133	0.07239887	-0.1417365	2.790036	-0.01179615	-0.1682276	2.70097	-0.02080709	0.6895558	2.558695	-0.2062375	0.1326033	2.45844	0.05348441	-0.5856751	2.988284	-0.1054097	-0.5892891	2.737658	0.04806423	-0.9539491	3.122653	-0.1088409	-0.9818509	2.805557	

0.05658525	0.3867655	2.713139	-0.1397456	-0.0646548	2.276579	0.1028654	0.222304	2.75433	-0.06779704	-0.1725837	2.147683	0.05500517	0.2401252	2.642381	-0.06292422	-0.1397361	2.190909	-0.009465972	0.6471142	2.696647	-0.07178564	0.5206101	2.707641	-0.05934685	0.4386242	2.722025	-0.02126875	0.1867758	2.754581	0.03054247	-0.1573882	2.786217	0.02527995	0.4404123	2.812883	-0.1602703	0.3799416	2.590164	0.07163683	-0.1410678	2.788809	-0.01193524	-0.168419	2.700579	-0.03132812	0.6818389	2.533949	-0.2058646	0.1336286	2.45536	0.05380923	-0.5855005	2.987846	-0.1053699	-0.5894978	2.737511	0.04861218	-0.9536362	3.122618	-0.1088085	-0.9818087	2.805449	

0.05519988	0.3917378	2.707093	-0.1339079	-0.06720003	2.270239	0.1050585	0.2161109	2.752462	-0.05829188	-0.1716491	2.145161	0.05170082	0.2466592	2.636862	-0.0453846	-0.1533438	2.1724	-0.01108264	0.6466376	2.693154	-0.07469979	0.52006	2.702503	-0.06210057	0.4384896	2.71716	-0.02356916	0.1877802	2.750498	0.02872903	-0.1549821	2.783057	0.02039874	0.4423426	2.804569	-0.1607581	0.379062	2.588294	0.06969188	-0.1376468	2.785416	-0.01339662	-0.1671611	2.697948	-0.03390904	0.6908914	2.524145	-0.2038823	0.1339974	2.450563	0.05398234	-0.5855735	2.987495	-0.1056137	-0.5894793	2.736845	0.04876309	-0.9536247	3.122445	-0.1086919	-0.9817301	2.805412	

0.06263048	0.3721234	2.698173	-0.1263939	-0.06959388	2.26643	0.1004002	0.2158672	2.749261	-0.04327661	-0.1811813	2.147394	0.04304953	0.2430231	2.621677	-0.03097473	-0.1644784	2.177091	-0.01374485	0.6471389	2.687634	-0.0775018	0.5197069	2.697029	-0.06450046	0.4378374	2.71254	-0.02492523	0.186562	2.748028	0.02825321	-0.1566202	2.782379	0.02809573	0.4084224	2.778693	-0.1627269	0.3782825	2.583455	0.07045925	-0.1431534	2.784014	-0.01444358	-0.1673523	2.69754	-0.02474351	0.6668457	2.503623	-0.2023513	0.1317452	2.447129	0.05430498	-0.585752	2.985828	-0.1055203	-0.5896081	2.735945	0.04698159	-0.9546358	3.122059	-0.1083404	-0.9807858	2.805159	

0.1773289	-0.06247306	2.951898	-0.1234705	-0.06951454	2.26668	0.2338002	-0.2040838	3.104555	-0.04162022	-0.1860382	2.146793	0.2420119	-0.1563988	3.009562	-0.03971632	-0.1492438	2.189077	-0.01583019	0.6475724	2.683334	-0.07899622	0.5189013	2.694364	-0.06606849	0.4374766	2.709374	-0.02669968	0.1879148	2.743135	0.02663508	-0.1518722	2.775294	0.06108469	0.3202111	2.747376	-0.163007	0.3769201	2.580142	0.0725663	-0.1480513	2.776329	-0.0251195	-0.1379057	2.685259	0.07072326	0.004350472	2.62612	-0.1993465	0.1316807	2.443479	0.0550708	-0.5858591	2.984413	-0.1049717	-0.5899112	2.734966	0.04667181	-0.9550668	3.121546	-0.108225	-0.9804606	2.805086	

0.1443229	0.1810371	2.76204	-0.1205142	-0.07367533	2.263758	0.118665	0.06184178	2.683024	-0.03718607	-0.193783	2.15078	0.1446067	0.0291201	2.665689	-0.06209723	-0.100126	2.227125	-0.01853522	0.6488352	2.677829	-0.08111199	0.5184964	2.691017	-0.06785901	0.4374458	2.706158	-0.02755069	0.188711	2.74055	0.02680248	-0.1504699	2.773664	0.01099926	0.4382865	2.791863	-0.163072	0.3762232	2.577584	0.07011135	-0.1395353	2.7744	-0.0194289	-0.146762	2.683724	0.0932023	0.4365481	2.514714	-0.1987222	0.1295902	2.440761	0.05569113	-0.5857803	2.982894	-0.1043822	-0.5902079	2.733758	0.04563693	-0.9551256	3.121011	-0.1081675	-0.9803511	2.805144	

0.05672934	0.3865807	2.696091	-0.1180775	-0.07973848	2.259869	0.09617865	0.2189169	2.743295	-0.04098881	-0.2030217	2.151044	0.05002291	0.2403601	2.628536	-0.04780412	-0.1424762	2.206259	-0.02001373	0.6485035	2.674065	-0.08241594	0.5175038	2.688389	-0.06906661	0.4366622	2.7035	-0.02835814	0.1884927	2.738085	0.02661276	-0.1502207	2.771972	0.01366246	0.4240431	2.779917	-0.1639283	0.3751415	2.573225	0.06979415	-0.1391175	2.773327	-0.0189746	-0.1489727	2.682799	-0.03619172	0.6824555	2.501141	-0.1972111	0.1258276	2.43677	0.05672904	-0.5853054	2.981062	-0.103819	-0.5922143	2.731859	0.04559916	-0.9549093	3.120499	-0.1079714	-0.9801552	2.804956	

0.06233246	0.382632	2.694532	-0.1145196	-0.08791535	2.256824	0.07582919	0.2239577	2.680146	-0.04498652	-0.2142992	2.147274	0.02384209	0.2803899	2.608308	-0.06783151	-0.1063904	2.2243	-0.0211907	0.6477024	2.671533	-0.08484358	0.5162849	2.682895	-0.07019471	0.4357729	2.698808	-0.02645429	0.1882098	2.734627	0.03620272	-0.1497362	2.768654	0.01387085	0.4226297	2.779893	-0.1645935	0.3738886	2.569088	0.07859889	-0.1394157	2.772682	-0.007811888	-0.151387	2.679181	-0.02863949	0.675494	2.493918	-0.1936445	0.1212984	2.429697	0.05727333	-0.5852409	2.979385	-0.1031877	-0.5937576	2.730088	0.04563348	-0.955043	3.119719	-0.1078275	-0.9800738	2.804826	

0.05789476	0.3968793	2.708535	-0.1124987	-0.09457552	2.254032	0.09128702	0.23308	2.747936	-0.05577831	-0.2410893	2.1629	0.03703932	0.2760303	2.624822	-0.05215892	-0.1563725	2.209	-0.02353011	0.6459249	2.664079	-0.08720765	0.5159142	2.679332	-0.07279097	0.4351413	2.694477	-0.0290262	0.186793	2.728779	0.03277368	-0.1525175	2.761871	0.01426971	0.4089594	2.765203	-0.1661567	0.3729944	2.564962	0.07670271	-0.1424304	2.76808	-0.01251315	-0.1553061	2.671899	-0.03650859	0.6947496	2.513421	-0.1924116	0.1171987	2.425139	0.05699443	-0.5860561	2.978119	-0.1027835	-0.5943071	2.728616	0.04585303	-0.9554037	3.119352	-0.1076022	-0.9800608	2.804198	

0.06360866	0.4136776	2.731874	-0.1120022	-0.0994844	2.253838	0.07581756	0.2732183	2.734911	-0.06906749	-0.2590404	2.182697	0.02624291	0.3170994	2.6412	-0.04681796	-0.1940278	2.199616	-0.02424352	0.6448867	2.660858	-0.08878594	0.5144738	2.673563	-0.07445857	0.4338015	2.688581	-0.03069244	0.1859083	2.723129	0.03055686	-0.1528346	2.757288	0.01428543	0.4081169	2.765079	-0.1671549	0.3717295	2.560992	0.07460323	-0.1429969	2.763945	-0.01447362	-0.1561652	2.667907	-0.02683274	0.7216242	2.548967	-0.1921599	0.114561	2.422249	0.05627286	-0.588501	2.977633	-0.1027936	-0.5948336	2.727591	0.04625229	-0.9558172	3.118988	-0.1075241	-0.9800723	2.804146	

0.0498401	0.3859712	2.700798	-0.1137037	-0.1017764	2.257936	0.06056944	0.2410174	2.666753	-0.08665103	-0.285054	2.220042	0.005634062	0.3049126	2.592693	-0.05216845	-0.1989542	2.239167	-0.0265913	0.6419364	2.65649	-0.09086933	0.5143311	2.667732	-0.07650253	0.4337535	2.683163	-0.03249547	0.1861294	2.719009	0.02871012	-0.1523622	2.754813	0.01409981	0.407217	2.764966	-0.1700171	0.3697177	2.552839	0.07226454	-0.1426424	2.761024	-0.01571792	-0.1560629	2.666214	-0.04740626	0.6703169	2.498106	-0.1923085	0.1136864	2.420907	0.0566609	-0.5882043	2.975795	-0.1022941	-0.595452	2.725598	0.0456135	-0.95578	3.118362	-0.107375	-0.9798551	2.803903	

0.165997	-0.01654864	2.937296	-0.1164703	-0.1066269	2.263769	0.2316312	-0.1405043	3.080781	-0.1005568	-0.2986351	2.239572	0.1652296	-0.06375228	3.015231	-0.06308916	-0.203461	2.250769	-0.0289579	0.6388941	2.65185	-0.09257556	0.5124471	2.661747	-0.07809401	0.4317268	2.677438	-0.03370038	0.1837569	2.714129	0.02767346	-0.1550238	2.751317	0.02483137	0.3596181	2.735194	-0.1721135	0.3688816	2.548851	0.07256904	-0.1463252	2.755747	-0.01788177	-0.1585195	2.663958	0.06712535	0.07952154	2.616091	-0.192875	0.1119118	2.419603	0.05589029	-0.5891212	2.974316	-0.102473	-0.5965763	2.724126	0.0452263	-0.9556846	3.117564	-0.1076762	-0.9799059	2.803675	

0.1911239	-0.05039784	3.038575	-0.1233698	-0.115842	2.27614	0.2054842	-0.163807	3.148594	-0.1081454	-0.3076877	2.247286	0.1681705	-0.06890773	3.043714	-0.07201173	-0.2015691	2.263313	-0.0314112	0.6366665	2.64562	-0.09430049	0.5114917	2.658144	-0.07947281	0.4308091	2.67405	-0.03415313	0.1829424	2.71134	0.02803349	-0.1557401	2.749309	0.0247992	0.3589424	2.734682	-0.1735753	0.3675857	2.545	0.07328457	-0.148347	2.754354	-0.01788136	-0.1581243	2.661062	0.09403155	0.0999824	2.759826	-0.1943568	0.1082813	2.419343	0.05536682	-0.589534	2.972883	-0.1030234	-0.5971759	2.722627	0.04523072	-0.9559064	3.117605	-0.1077897	-0.9798131	2.80352	

0.1422118	-0.01155129	2.967308	-0.1363941	-0.1400171	2.291913	0.2188462	-0.1428415	3.104922	-0.1282593	-0.3283884	2.265996	0.1868211	-0.02906861	3.052917	-0.08310784	-0.2442768	2.296143	-0.03457522	0.632928	2.636433	-0.09919577	0.5092122	2.64837	-0.08403145	0.4288714	2.664443	-0.03760738	0.181989	2.702347	0.02585622	-0.155545	2.741479	0.01450545	0.3751175	2.736127	-0.1777553	0.3668873	2.539307	0.07073516	-0.1483016	2.746893	-0.01958938	-0.1579387	2.653937	-0.01376871	0.1071821	2.678057	-0.2003136	0.09511276	2.41898	0.05475402	-0.5890843	2.968634	-0.1044156	-0.5977033	2.720058	0.04521686	-0.9557669	3.117351	-0.1079552	-0.9795181	2.80308	

0.1769435	-0.03434668	3.049859	-0.1422169	-0.1498267	2.300084	0.1955125	-0.141882	3.173593	-0.1435244	-0.340929	2.281721	0.1756235	-0.05609616	3.091	-0.09107918	-0.2557395	2.313334	-0.03602415	0.6311295	2.632977	-0.1010555	0.5081631	2.644547	-0.08587652	0.4279451	2.661034	-0.0393198	0.1814084	2.700058	0.024348	-0.1557482	2.740379	0.01230211	0.3775218	2.737375	-0.1798856	0.3664284	2.536138	0.0677245	-0.1491298	2.744801	-0.02013436	-0.1578554	2.653549	0.06926988	0.1092014	2.75151	-0.2028048	0.08955494	2.41886	0.05432352	-0.5893247	2.967179	-0.1055615	-0.5986833	2.718347	0.04546244	-0.9554437	3.116746	-0.1079551	-0.9793932	2.802774	

0.1760105	-0.0319612	3.054065	-0.1470001	-0.1703267	2.306676	0.2015382	-0.1449379	3.177063	-0.155716	-0.3540695	2.303682	0.1923105	-0.1401996	3.1685	-0.09946086	-0.2612297	2.338	-0.03825738	0.6301551	2.627741	-0.1033123	0.5075076	2.639586	-0.08815177	0.4272591	2.656682	-0.04155798	0.1806881	2.697329	0.02214429	-0.1564399	2.739325	0.01027545	0.3786608	2.736864	-0.1813129	0.3660435	2.532874	0.06436995	-0.1503709	2.742572	-0.02131082	-0.15812	2.65339	0.07763322	0.1120175	2.75651	-0.2053433	0.07230422	2.418737	0.05379789	-0.5894448	2.965547	-0.1063086	-0.5996206	2.716666	0.04555944	-0.9553128	3.116327	-0.1088466	-0.9780855	2.802512	

0.1736442	-0.02126	3.065007	-0.187421	-0.2169724	2.392862	0.207764	-0.1316276	3.192926	-0.2084382	-0.3779931	2.421869	0.1904529	-0.1063898	3.178714	-0.1640469	-0.2987798	2.407467	-0.04288158	0.6270661	2.619272	-0.105845	0.5045746	2.631037	-0.09252982	0.4233842	2.647099	-0.05373371	0.1729186	2.683985	-0.006374873	-0.1719043	2.720648	-0.003632717	0.3735428	2.709231	-0.1856676	0.3634126	2.524709	0.03739302	-0.1695915	2.722397	-0.04967989	-0.1691497	2.637164	0.09380799	0.15652	2.897268	-0.2212528	0.04613331	2.442653	0.05363462	-0.5893671	2.963897	-0.1088785	-0.6021634	2.712581	0.04585947	-0.9555008	3.116334	-0.1087079	-0.9781335	2.801986	

0.1644011	-0.00123287	3.051458	-0.1935744	-0.2163953	2.401918	0.1998961	-0.1190824	3.185558	-0.2297056	-0.3893496	2.447542	0.1694331	-0.04746754	3.104091	-0.1646711	-0.2812762	2.473625	-0.04319298	0.6257963	2.614414	-0.1081753	0.5037128	2.625972	-0.09551998	0.4225707	2.642183	-0.05775329	0.172646	2.68019	-0.009166913	-0.1709322	2.719097	-0.01757011	0.3949595	2.713696	-0.1902585	0.3613508	2.521029	0.03348574	-0.168485	2.720729	-0.0516185	-0.1682804	2.635695	0.06775611	0.06863437	2.739449	-0.2228345	0.04581459	2.44551	0.05242452	-0.5905715	2.96169	-0.1105445	-0.6057076	2.709302	0.04594761	-0.9556082	3.116338	-0.1087019	-0.9780787	2.801573	

0.1193891	0.008219178	2.971053	-0.2267651	-0.2185958	2.442221	0.2056873	-0.1258465	3.15593	-0.275539	-0.3980395	2.493477	0.191035	-0.1068676	3.14725	-0.1673715	-0.2636284	2.538405	-0.04563352	0.622229	2.604632	-0.1123943	0.5012776	2.617065	-0.1014102	0.4198539	2.633015	-0.06904861	0.1692725	2.670382	-0.02702577	-0.1738825	2.709551	-0.01863292	0.39609	2.715939	-0.1966958	0.3593477	2.516774	0.01413052	-0.1732785	2.712626	-0.06776445	-0.1693832	2.624669	-0.05332096	0.03796379	2.677924	-0.2324913	0.04474922	2.459409	0.05077634	-0.5911924	2.956909	-0.1132276	-0.6093206	2.706364	0.04689246	-0.9549654	3.115705	-0.1090361	-0.9783632	2.801358	

0.1191346	0.009673059	2.969552	-0.2277255	-0.2174269	2.443267	0.2032889	-0.1306005	3.175245	-0.2814055	-0.3921661	2.4938	0.1710866	-0.08703762	3.110125	-0.1679222	-0.2635152	2.538196	-0.04705026	0.6194716	2.600299	-0.1153856	0.4994866	2.610684	-0.1049322	0.4181402	2.62712	-0.07343903	0.1679567	2.666021	-0.03155081	-0.1744884	2.706882	-0.01990746	0.3972411	2.716215	-0.2017257	0.3576345	2.513054	0.00969627	-0.1742644	2.709839	-0.07206311	-0.1695471	2.622195	-0.05432525	0.04150627	2.679867	-0.2371178	0.04394263	2.462797	0.05042561	-0.5921187	2.955307	-0.1154338	-0.6131493	2.70448	0.04732637	-0.9548299	3.114579	-0.1093075	-0.9783763	2.800978	

0.1575537	0.00658601	3.03589	-0.2316058	-0.2166608	2.445265	0.2067375	-0.1331723	3.156676	-0.2881846	-0.3901969	2.500333	0.171994	-0.08189352	3.108049	-0.1741011	-0.2669297	2.540615	-0.04974511	0.61901	2.594712	-0.1169017	0.4982418	2.607195	-0.1068297	0.4169997	2.623893	-0.07627981	0.1671712	2.663517	-0.0354682	-0.1746689	2.705201	-0.02866194	0.4062214	2.710753	-0.2046765	0.3568523	2.510657	0.005822556	-0.1742286	2.70837	-0.07583186	-0.1699082	2.620332	0.07445274	0.1881672	2.881518	-0.240406	0.04302615	2.464622	0.048895	-0.5916844	2.951854	-0.1172312	-0.6129802	2.703184	0.0468164	-0.9535814	3.113856	-0.1101416	-0.978461	2.800481	

0.156332	0.006245668	3.030468	-0.2352003	-0.2160725	2.446576	0.2027708	-0.1364495	3.142124	-0.2777026	-0.3565522	2.486871	0.1623798	-0.08068475	3.086333	-0.2213799	-0.2968417	2.48175	-0.05206626	0.6180923	2.590136	-0.1182287	0.4972975	2.605184	-0.1084712	0.4159654	2.621914	-0.07880279	0.1659079	2.661735	-0.03896867	-0.1761303	2.703814	-0.02846725	0.4058152	2.711312	-0.2082336	0.3559583	2.508236	0.002749256	-0.1755233	2.707367	-0.07963366	-0.1714701	2.618544	0.07460629	0.1871063	2.878342	-0.2453279	0.0419184	2.466837	0.04706278	-0.5928888	2.949573	-0.1190413	-0.6124079	2.701689	0.04610102	-0.9525304	3.112899	-0.110658	-0.9786915	2.800124	

0.1559747	0.005169177	3.026047	-0.2398883	-0.2152337	2.447659	0.2013344	-0.1312787	3.128591	-0.2871429	-0.3609407	2.488384	0.1324782	-0.04691315	3.0425	-0.2180416	-0.2704491	2.471158	-0.05386218	0.6175996	2.587416	-0.120425	0.4956133	2.60125	-0.1107304	0.4143062	2.618632	-0.08105604	0.1643697	2.660077	-0.04117201	-0.1775865	2.703666	-0.02819771	0.4053294	2.711813	-0.2115087	0.3547191	2.505321	0.0005872794	-0.1766064	2.70739	-0.0818094	-0.1732828	2.618231	0.07496702	0.1860352	2.87543	-0.2489427	0.04139001	2.466992	0.04610785	-0.593533	2.947756	-0.1208782	-0.6139377	2.700925	0.04722688	-0.9524495	3.111226	-0.1111836	-0.9784096	2.799515	

0.1547281	0.005305211	3.017417	-0.2527481	-0.2139603	2.438717	0.2007237	-0.1315406	3.125779	-0.307977	-0.3857912	2.495764	0.1655641	-0.08869267	3.0834	-0.2056257	-0.2321787	2.5397	-0.05621343	0.6165193	2.583952	-0.1229285	0.4937117	2.598778	-0.1138099	0.4123878	2.616123	-0.08603454	0.1624857	2.657632	-0.04891602	-0.1791259	2.7017	-0.03191024	0.402934	2.703064	-0.2153924	0.3539363	2.5033	-0.005656459	-0.1779134	2.705575	-0.09089901	-0.1749803	2.616167	0.07235191	0.1855537	2.865767	-0.2541598	0.04118121	2.465193	0.04560535	-0.5942171	2.94599	-0.1226241	-0.6133875	2.699524	0.04858185	-0.952592	3.10938	-0.111656	-0.9786559	2.799024	

0.1590336	-0.001764126	3.00288	-0.2676603	-0.2165428	2.420059	0.2094214	-0.1456866	3.100163	-0.3249297	-0.3888367	2.474088	0.1234343	-0.04421321	2.99975	-0.2312382	-0.2973203	2.463133	-0.05991693	0.6163386	2.578948	-0.1259079	0.4927832	2.596485	-0.1168104	0.4114163	2.614041	-0.08886153	0.1614407	2.656256	-0.05113158	-0.18016	2.701194	-0.03022209	0.3996777	2.704329	-0.2204473	0.352562	2.499484	-0.007753106	-0.1788042	2.704951	-0.09311681	-0.1761094	2.615802	0.06153415	0.1061044	2.724486	-0.2687408	0.03938054	2.456218	0.04469388	-0.5928136	2.93868	-0.1245495	-0.614316	2.698843	0.049425	-0.952316	3.10503	-0.1128149	-0.979065	2.798042	

0.1403143	0.0020371	2.945746	-0.2772726	-0.2183622	2.40922	0.2169486	-0.1577365	3.086404	-0.3437459	-0.3852955	2.454174	0.132294	-0.0543328	2.991	-0.2427635	-0.2900744	2.447111	-0.06370446	0.6150456	2.576062	-0.1283019	0.49115	2.594957	-0.119434	0.4099333	2.612523	-0.09214442	0.1604434	2.654814	-0.05514749	-0.1804129	2.69995	-0.03317553	0.398948	2.698424	-0.2243294	0.351	2.496704	-0.01117316	-0.1789865	2.704096	-0.09760275	-0.17642	2.614146	0.04423362	0.06358486	2.633628	-0.27638	0.03792262	2.449863	0.04468087	-0.5956365	2.935994	-0.1266347	-0.6153165	2.69783	0.05003602	-0.9517782	3.101944	-0.1136956	-0.9795579	2.797653	

0.166664	-0.02141784	2.984302	-0.2828366	-0.2210528	2.403781	0.2303981	-0.1626358	3.065037	-0.3418888	-0.3864985	2.463239	0.1429833	-0.06790063	2.985667	-0.2472425	-0.2951882	2.448286	-0.06580699	0.6143456	2.57484	-0.129693	0.4899308	2.594046	-0.1212762	0.4086798	2.611288	-0.09571109	0.1591795	2.652329	-0.06168324	-0.1814105	2.695187	-0.03331336	0.3989828	2.69838	-0.2274606	0.3504733	2.494481	-0.01639338	-0.1797158	2.700722	-0.1053239	-0.1776678	2.607829	0.0801997	0.1673476	2.844734	-0.2817092	0.03621002	2.446283	0.04743808	-0.5838451	2.914803	-0.1303648	-0.6187064	2.69604	0.0501398	-0.9510951	3.098472	-0.1142851	-0.9795474	2.797122	

0.1653637	-0.02252786	2.97845	-0.2852022	-0.2198267	2.402479	0.2208205	-0.1643608	3.052143	-0.3441753	-0.3846031	2.461726	0.1517178	-0.07718877	2.9854	-0.2506904	-0.290857	2.4445	-0.06678602	0.6140703	2.573975	-0.130981	0.4893072	2.593	-0.1225454	0.4082198	2.610302	-0.09676666	0.1591469	2.651612	-0.06227719	-0.1810989	2.694876	-0.03366281	0.3995184	2.698778	-0.2294824	0.3501533	2.492668	-0.01765782	-0.1792752	2.700218	-0.1054788	-0.17748	2.607692	0.07941246	0.167398	2.8421	-0.2832082	0.0361535	2.445041	0.04762534	-0.5836321	2.91308	-0.1325717	-0.6188353	2.695234	0.05114341	-0.9502808	3.094632	-0.1148625	-0.9799181	2.796642	

0.1736594	-0.05227177	3.006128	-0.2866302	-0.2197001	2.401977	0.2276752	-0.1644722	3.038786	-0.3430617	-0.3862302	2.47186	0.1537675	-0.09405606	2.9886	-0.2534552	-0.2922065	2.447	-0.06724497	0.6139371	2.573575	-0.1318158	0.488976	2.592315	-0.1234247	0.4079245	2.60957	-0.09765145	0.1589788	2.650835	-0.06289122	-0.1811097	2.694256	-0.03400593	0.3997825	2.698674	-0.2303516	0.3502141	2.492078	-0.01847229	-0.1792289	2.69918	-0.1058349	-0.1775179	2.60744	0.0719501	0.142201	2.888719	-0.2853521	0.03510737	2.443873	0.04877798	-0.587134	2.912618	-0.1336692	-0.6189022	2.695083	0.0504279	-0.949153	3.089645	-0.1161855	-0.9794125	2.796082	

0.1675171	-0.05889492	2.99374	-0.2898225	-0.2193149	2.405302	0.2101087	-0.1833745	3.020507	-0.3461119	-0.3875708	2.467959	0.1228578	-0.08053914	2.961715	-0.2600904	-0.2985405	2.454375	-0.06707899	0.6137047	2.573909	-0.1319025	0.4889263	2.592201	-0.1234326	0.4079122	2.60955	-0.09725843	0.1590109	2.651462	-0.06001706	-0.1806553	2.698361	-0.03452641	0.4003835	2.698289	-0.2307255	0.350287	2.492105	-0.01650059	-0.1780613	2.702435	-0.1016485	-0.1780147	2.612942	0.07207689	0.144044	2.886911	-0.287398	0.03450818	2.445168	0.0599815	-0.5987931	2.906155	-0.135932	-0.6194097	2.695315	0.04870474	-0.9576656	3.075812	-0.1164249	-0.9795673	2.796171	

0.1642939	-0.05836472	2.988823	-0.2915955	-0.2192035	2.408103	0.2122404	-0.1904401	3.029163	-0.3429673	-0.3876825	2.46154	0.1195247	-0.08180694	2.965572	-0.259508	-0.286027	2.444905	-0.06682781	0.6135925	2.574515	-0.1319062	0.4889251	2.592189	-0.1234153	0.4079233	2.609604	-0.09676354	0.1591651	2.652452	-0.05847993	-0.1802531	2.701169	-0.03514326	0.4016527	2.697858	-0.2309572	0.3503866	2.492281	-0.01550646	-0.1775492	2.704054	-0.09955455	-0.1777885	2.617212	0.07113244	0.146192	2.885245	-0.2888204	0.03363167	2.446501	0.06101793	-0.6008551	2.905123	-0.1380043	-0.621331	2.69648	0.0465204	-0.9666119	3.071052	-0.1168691	-0.980248	2.796311	

0.1652535	-0.06870132	2.988908	-0.2921001	-0.2192322	2.41034	0.2107023	-0.1841141	2.998625	-0.3336536	-0.3923755	2.460532	0.1338246	-0.1042649	2.971286	-0.2536693	-0.2991426	2.451511	-0.06636371	0.6134416	2.574922	-0.1318004	0.4889745	2.592301	-0.1232118	0.4079553	2.60987	-0.09614211	0.158998	2.653376	-0.05754434	-0.1809364	2.702567	-0.02884217	0.3917397	2.700696	-0.2309092	0.3504874	2.492633	-0.01440785	-0.1781392	2.705387	-0.098877	-0.1784659	2.618541	0.07366636	0.1367407	2.887998	-0.289936	0.03261799	2.447947	0.06209325	-0.6029695	2.903843	-0.1396287	-0.619879	2.696419	0.04244945	-0.9743205	3.068604	-0.1169213	-0.9802942	2.796346	

0.1606129	-0.08077165	2.980687	-0.2871964	-0.2200707	2.418949	0.1908297	-0.2116056	3.009205	-0.3186742	-0.3926957	2.455231	0.1765692	-0.2027658	3.000333	-0.2287035	-0.2962292	2.447294	-0.06145463	0.6170941	2.582303	-0.1269815	0.4923219	2.598824	-0.1178188	0.4114196	2.617485	-0.08925256	0.1626638	2.663872	-0.04979276	-0.1775186	2.715208	-0.01990932	0.3917216	2.708826	-0.2254598	0.3545579	2.501909	-0.007055887	-0.1742373	2.715455	-0.09107108	-0.1756735	2.633854	0.07824306	0.1340592	2.892705	-0.2875651	0.03378297	2.454459	0.06079125	-0.6038191	2.903052	-0.1382684	-0.6180266	2.699648	0.0394688	-0.9770498	3.067646	-0.1168767	-0.980336	2.796379	

0.1602166	-0.08260079	2.980095	-0.2848785	-0.2208442	2.424149	0.1870039	-0.2123033	3.009326	-0.3095024	-0.3849005	2.454858	0.1309059	-0.1141191	2.9584	-0.2252085	-0.289154	2.45125	-0.05729311	0.6202529	2.58692	-0.1229492	0.4956492	2.604752	-0.1139592	0.4144795	2.62358	-0.08601879	0.1649845	2.670123	-0.04741896	-0.1760101	2.721438	-0.01447738	0.3937714	2.714096	-0.2221917	0.356373	2.506826	-0.004649176	-0.1725257	2.720656	-0.08886053	-0.1744054	2.640978	0.07974106	0.1322028	2.892843	-0.2844491	0.03538472	2.460834	0.0605716	-0.604117	2.903272	-0.1370324	-0.6154194	2.701878	0.03925621	-0.9778623	3.06759	-0.1165087	-0.9803455	2.796655	

0.1487289	-0.04602636	2.967394	-0.2790487	-0.2209032	2.42882	0.1900207	-0.221265	2.996296	-0.2974496	-0.377468	2.451725	0.1631874	-0.1963216	3.006667	-0.2158597	-0.2768183	2.458222	-0.05086143	0.6252193	2.596046	-0.1145593	0.4995277	2.614439	-0.1058991	0.4181526	2.633237	-0.07901814	0.1681256	2.679481	-0.04187271	-0.1734703	2.730207	-0.01101731	0.3973176	2.717568	-0.2150921	0.3614084	2.515077	0.001618606	-0.1695368	2.730843	-0.08416672	-0.1723036	2.648265	0.1047288	0.2897689	2.995584	-0.2770021	0.04039193	2.470021	0.05954541	-0.6030471	2.906428	-0.1342595	-0.6123219	2.706869	0.03922894	-0.9785716	3.067546	-0.116297	-0.9802226	2.79754	

0.1546885	-0.05467356	2.972218	-0.2601166	-0.2155297	2.443611	0.1852705	-0.2184942	3.009372	-0.2720488	-0.37354	2.472552	0.1792966	-0.1457356	2.985611	-0.1989729	-0.272474	2.464684	-0.04018153	0.6307892	2.610849	-0.1030022	0.5052409	2.626842	-0.09442624	0.4234671	2.645591	-0.06785404	0.1723071	2.691643	-0.03124783	-0.1707241	2.742059	0.00994834	0.3917878	2.728185	-0.2022819	0.369906	2.52792	0.01407314	-0.1664208	2.743255	-0.07555284	-0.1699647	2.65941	0.1212371	0.2808166	3.005199	-0.2695206	0.04346164	2.478025	0.05588484	-0.6020734	2.917147	-0.1286962	-0.6060516	2.712642	0.03690222	-0.9797724	3.067477	-0.1152664	-0.979838	2.798509	

0.157033	-0.07736497	2.971142	-0.2526186	-0.2058604	2.450022	0.1808074	-0.2265614	3.021571	-0.2665653	-0.3724166	2.472598	0.1567192	-0.2057533	3.0198	-0.1875114	-0.2745517	2.4763	-0.0350209	0.632269	2.615397	-0.1008437	0.5079979	2.628643	-0.09226827	0.4256999	2.647415	-0.06557243	0.1732492	2.693633	-0.02832879	-0.1714339	2.744684	0.02406179	0.3714406	2.726135	-0.1991178	0.3721595	2.530879	0.01786798	-0.1673385	2.745147	-0.0734226	-0.1704995	2.662918	0.1360814	0.2574438	3.000679	-0.2630772	0.04744243	2.483516	0.05363245	-0.6041439	2.923956	-0.1269205	-0.6055111	2.714787	0.0333253	-0.9819738	3.068546	-0.1149849	-0.9794905	2.79948	

0.1573105	-0.07906358	2.971606	-0.251004	-0.2064247	2.45038	0.1787323	-0.2197179	3.007207	-0.2650753	-0.3665233	2.470058	0.1573979	-0.2061363	3.017675	-0.1872545	-0.2696687	2.470889	-0.02879756	0.6362287	2.621728	-0.09613879	0.5096854	2.633219	-0.08775976	0.4272867	2.651768	-0.06176463	0.1744267	2.69725	-0.02568373	-0.170805	2.747167	0.02619736	0.3710726	2.729031	-0.1950215	0.3738254	2.534377	0.02116035	-0.1671505	2.749121	-0.07146739	-0.1695963	2.664216	0.127649	0.2487707	3.00303	-0.2586488	0.04783403	2.487326	0.05153732	-0.6097641	2.933836	-0.1241306	-0.6033944	2.717394	0.03212553	-0.9825594	3.069344	-0.1140947	-0.9789883	2.800426	

0.1544799	-0.04430627	2.974935	-0.2482184	-0.2078766	2.451813	0.1804274	-0.23526	3.008117	-0.2549117	-0.3678012	2.476701	0.1592644	-0.2067156	3.012362	-0.1847953	-0.2673598	2.482	-0.0245039	0.6371166	2.626362	-0.09312523	0.5109943	2.637849	-0.08513874	0.4285495	2.65574	-0.06020148	0.1754553	2.69952	-0.02518404	-0.1701808	2.747844	0.02401048	0.3866382	2.734638	-0.1904472	0.3756848	2.539102	0.021593	-0.1668421	2.74965	-0.07098203	-0.1685759	2.664962	0.1257779	0.2883443	3.016094	-0.2539202	0.05051855	2.492414	0.04992405	-0.6104242	2.936549	-0.1223154	-0.6026091	2.71876	0.03104313	-0.982838	3.069938	-0.1134265	-0.9787995	2.800771	

0.1541874	-0.03716622	2.976945	-0.2446584	-0.2079211	2.45483	0.1707439	-0.2055671	2.986607	-0.2526143	-0.3676438	2.487121	0.1575202	-0.2071156	3.0035	-0.1782234	-0.2725812	2.494214	-0.02091889	0.6385853	2.629636	-0.08978248	0.512537	2.642257	-0.08148514	0.430236	2.66038	-0.05572571	0.1775286	2.704651	-0.0201086	-0.1677102	2.752969	0.02491666	0.3990632	2.747635	-0.1876942	0.3767357	2.542783	0.02550987	-0.1647009	2.75443	-0.06500959	-0.1658445	2.670149	0.1273828	0.2939528	3.025675	-0.2494913	0.05185145	2.496674	0.05058066	-0.6047338	2.938663	-0.1211951	-0.6018389	2.719637	0.02898532	-0.9852993	3.071273	-0.1130713	-0.978722	2.800995	

0.1490476	-0.08894023	2.947264	-0.2345844	-0.2024709	2.463798	0.1738247	-0.2542396	3.000864	-0.2447548	-0.3663466	2.50505	0.1705847	-0.1469854	2.963571	-0.1680279	-0.2630772	2.497692	-0.009086347	0.6390252	2.64405	-0.08028571	0.5149576	2.653283	-0.071651	0.4328014	2.671436	-0.04500911	0.1805077	2.715661	-0.008483001	-0.1641547	2.763622	0.02611014	0.4028833	2.754079	-0.1807132	0.3790326	2.551373	0.03515944	-0.1612819	2.763347	-0.05178921	-0.1622799	2.682473	0.08814261	0.1391616	2.846567	-0.2408844	0.05689041	2.503346	0.04747889	-0.603961	2.946885	-0.1200503	-0.6012212	2.721257	0.02745799	-0.9831368	3.072683	-0.1129162	-0.9787074	2.801147	

0.1493005	-0.0901804	2.947744	-0.2296468	-0.202879	2.466366	0.1706721	-0.2570779	2.993864	-0.2398388	-0.3667136	2.514521	0.1764466	-0.181342	2.969616	-0.1636494	-0.2472595	2.548	-0.00583581	0.6391851	2.647947	-0.0773128	0.5154915	2.658596	-0.0688941	0.4331484	2.676156	-0.04286322	0.1803951	2.718833	-0.007016091	-0.16465	2.765262	0.02677467	0.4023405	2.754128	-0.1760636	0.3796926	2.556324	0.03702107	-0.1617348	2.764768	-0.05074571	-0.1627941	2.684326	0.08819462	0.1385311	2.846735	-0.2371034	0.05894516	2.507	0.04591806	-0.6031575	2.949876	-0.118488	-0.5999403	2.723215	0.02670349	-0.9805179	3.07325	-0.112689	-0.9785872	2.801535	

0.1583131	-0.07277614	2.972111	-0.2247088	-0.2048054	2.469537	0.1659321	-0.2568405	3.007032	-0.2311352	-0.3678841	2.515349	0.1726218	-0.1854473	2.9795	-0.1568004	-0.2647041	2.526643	-0.003245599	0.639915	2.650838	-0.07357464	0.5168998	2.663491	-0.06534514	0.4343347	2.680751	-0.03992791	0.1809364	2.722476	-0.004921391	-0.1648297	2.767619	0.03041294	0.4016139	2.760088	-0.1733762	0.3806596	2.559323	0.03936344	-0.1620809	2.768034	-0.04899984	-0.1628227	2.68588	0.1393802	0.2588024	3.02048	-0.2316997	0.06144241	2.509609	0.04702204	-0.5987308	2.952606	-0.1173996	-0.6000022	2.724853	0.02666876	-0.9808479	3.073627	-0.1122691	-0.9787171	2.801697	

0.1583382	-0.06626733	2.972536	-0.2139089	-0.2011317	2.473381	0.1661506	-0.2456181	2.980872	-0.2120676	-0.361496	2.510492	0.1768948	-0.2068123	2.973	-0.1467068	-0.2710563	2.542375	0.001054622	0.6408223	2.657231	-0.06935957	0.518315	2.670197	-0.0608946	0.4360412	2.687357	-0.03478475	0.1834929	2.728709	0.001058663	-0.1612497	2.773099	0.02265202	0.4325053	2.774814	-0.1685935	0.3823965	2.56539	0.04350491	-0.1581035	2.773764	-0.04108225	-0.1596752	2.691084	0.1369653	0.2647034	3.018836	-0.2267453	0.06268273	2.514232	0.04500344	-0.599112	2.957744	-0.1164322	-0.5984679	2.726288	0.0268581	-0.9817086	3.073824	-0.1118119	-0.9784863	2.802426	

0.1482783	-0.08273992	2.947332	-0.197392	-0.1856746	2.48016	0.1702144	-0.239984	2.985543	-0.1919569	-0.362539	2.518253	0.1711956	-0.1509785	2.966909	-0.1345369	-0.2646145	2.576125	0.007267435	0.6419616	2.664551	-0.06541371	0.5197982	2.675245	-0.05698872	0.4376642	2.691504	-0.03084896	0.1855098	2.730697	0.005822677	-0.1583921	2.77269	0.0233167	0.4343283	2.776343	-0.165001	0.3831587	2.568961	0.04832046	-0.1545549	2.773797	-0.03663522	-0.1575335	2.690181	0.08387175	0.165157	2.85522	-0.2182735	0.06372584	2.516726	0.04318137	-0.5991805	2.960342	-0.1143341	-0.5957186	2.727726	0.03146195	-0.9770782	3.07216	-0.111072	-0.9788105	2.802796	

0.1667771	-0.06854772	2.978938	-0.1925136	-0.1840891	2.481173	0.1660386	-0.2372845	2.978879	-0.1841723	-0.3654732	2.528424	0.1722664	-0.1900491	2.973333	-0.1282754	-0.2477753	2.572579	0.01078152	0.6424721	2.670091	-0.06373867	0.5209178	2.677409	-0.05502008	0.4389431	2.693891	-0.02803742	0.187245	2.733517	0.009410661	-0.156277	2.775678	0.02871745	0.437756	2.793986	-0.1620346	0.3835729	2.572452	0.05079871	-0.1524064	2.777172	-0.03195554	-0.1554946	2.692727	0.1457375	0.2608892	3.029776	-0.2138679	0.06445482	2.518389	0.04318673	-0.5979477	2.961877	-0.1136787	-0.5953997	2.728238	0.03349301	-0.9753931	3.071002	-0.1110049	-0.9787324	2.802942	

0.1687844	-0.07355983	2.979407	-0.1845911	-0.1803896	2.481254	0.1627591	-0.2290713	2.978485	-0.1766536	-0.3545069	2.528182	0.1713283	-0.2093786	2.977428	-0.1186636	-0.2408927	2.576687	0.01186793	0.6428244	2.673061	-0.06171883	0.5220976	2.681155	-0.05292307	0.4401495	2.697197	-0.02580993	0.1884971	2.735563	0.0117521	-0.1549987	2.776396	0.03231565	0.4349399	2.798743	-0.1606726	0.3842721	2.574831	0.05302031	-0.1511577	2.778012	-0.0297047	-0.1542731	2.69326	0.1488585	0.2547917	3.031206	-0.2097319	0.06819139	2.519653	0.04340874	-0.5956239	2.963335	-0.1132217	-0.5953034	2.729368	0.03015105	-0.9801255	3.075556	-0.1108768	-0.9787779	2.803086	

0.1681301	-0.06991316	2.979985	-0.1756181	-0.1731412	2.483193	0.1631029	-0.229566	2.984886	-0.1663071	-0.3568937	2.538275	0.1699125	-0.2163846	2.98	-0.1081968	-0.2284793	2.5755	0.01284175	0.6437368	2.676067	-0.06043695	0.5236276	2.68486	-0.05144681	0.4418658	2.700569	-0.02375308	0.1908003	2.737954	0.01468258	-0.1517351	2.777501	0.02839702	0.4475585	2.807838	-0.1593794	0.3854695	2.577135	0.05509611	-0.1471804	2.778891	-0.02590455	-0.1516849	2.69461	0.1475458	0.2575353	3.030839	-0.2038836	0.06972614	2.521944	0.04347132	-0.5946321	2.964514	-0.112735	-0.5946745	2.730331	0.02960347	-0.9805803	3.076801	-0.1107033	-0.978793	2.803453	

0.1684325	-0.07061125	2.980479	-0.1616734	-0.1666334	2.486454	0.158687	-0.2363691	2.974217	-0.1503126	-0.350022	2.544605	0.1716549	-0.2070881	2.975792	-0.08970536	-0.2242062	2.577483	0.01348957	0.6449202	2.678629	-0.05951056	0.5245501	2.68683	-0.05035972	0.4428647	2.702203	-0.02208897	0.1921292	2.738703	0.01763565	-0.1496159	2.776786	0.03164185	0.4429483	2.807609	-0.1584078	0.3867419	2.579259	0.05906723	-0.1436255	2.778448	-0.02391788	-0.1507158	2.693715	0.1486679	0.2558192	3.032495	-0.1989229	0.07287273	2.524078	0.0436648	-0.5930244	2.965186	-0.1120232	-0.5941591	2.731117	0.03585782	-0.9714893	3.0732	-0.1106665	-0.9788199	2.803524	

0.1683931	-0.1003649	3.003042	-0.1065905	-0.1528538	2.502903	0.1664356	-0.2434117	2.995746	-0.08415772	-0.332657	2.562033	0.1697424	-0.1612912	2.969429	-0.03397907	-0.2014952	2.590049	0.01414159	0.6473739	2.685431	-0.0582852	0.5267506	2.689927	-0.04871468	0.4453466	2.705258	-0.0190361	0.1955525	2.741446	0.02260033	-0.1449986	2.778809	0.02866448	0.4490109	2.807409	-0.1562461	0.3886436	2.582483	0.06457713	-0.1364555	2.781934	-0.01982146	-0.1483711	2.694546	0.08584318	0.1785856	2.872786	-0.1816728	0.07897785	2.532755	0.0439793	-0.5919479	2.967702	-0.1116629	-0.5939194	2.732538	0.03047822	-0.9775352	3.075563	-0.1106136	-0.9786152	2.803838	

0.1496536	-0.08393656	2.946699	-0.1026146	-0.1533398	2.505279	0.1675381	-0.244899	2.998638	-0.06835238	-0.3274952	2.568093	0.1694163	-0.1265562	2.9514	-0.02785863	-0.2005566	2.592011	0.01452904	0.6488491	2.687469	-0.057783	0.5290734	2.693313	-0.04823377	0.4475507	2.708209	-0.01870231	0.1972922	2.743124	0.02261219	-0.1439776	2.779308	0.02671757	0.4528821	2.80846	-0.1547667	0.3893781	2.584801	0.06421603	-0.1350293	2.782919	-0.0196292	-0.1478446	2.694647	0.08409002	0.1825436	2.872455	-0.1752076	0.08047329	2.535384	0.04404926	-0.5911508	2.968703	-0.1113005	-0.5930538	2.733294	0.028974	-0.9794616	3.076818	-0.1104627	-0.9783764	2.804138	

0.1489725	-0.08285225	2.945177	-0.08725151	-0.1529252	2.509434	0.1665755	-0.2560985	2.988873	-0.03259935	-0.3205668	2.573263	0.1779543	-0.2285279	2.978	-0.009277132	-0.1897748	2.6005	0.01484998	0.6500686	2.690116	-0.05750257	0.5301257	2.694993	-0.04792079	0.4487161	2.710237	-0.0183547	0.1987452	2.746183	0.02267102	-0.1423885	2.783698	0.02582864	0.454612	2.808955	-0.1535658	0.3894468	2.586232	0.0631737	-0.1331825	2.787644	-0.01860662	-0.1467994	2.698524	0.08306615	0.1843434	2.871723	-0.168559	0.0857593	2.538913	0.0405752	-0.6010904	2.975141	-0.1110234	-0.5924307	2.733837	0.02708361	-0.9825471	3.077943	-0.1099513	-0.9776679	2.804281	

0.1485063	-0.08265071	2.943959	-0.0802708	-0.1531294	2.511405	0.1661886	-0.2523801	2.986874	-0.02214742	-0.3140428	2.573994	0.1686789	-0.1230462	2.950572	-0.002220265	-0.1864283	2.601353	0.01491677	0.6505457	2.692276	-0.05693894	0.5309684	2.696733	-0.04756926	0.4495189	2.71174	-0.01851794	0.1994216	2.747048	0.02181391	-0.1417297	2.784047	0.0255187	0.455747	2.809599	-0.1524025	0.3907244	2.588632	0.062154	-0.1323396	2.788307	-0.01926042	-0.1464107	2.698576	0.08238649	0.1853246	2.870607	-0.1641643	0.08855817	2.540471	0.04124971	-0.5955968	2.974762	-0.1109267	-0.5919191	2.735056	0.02521702	-0.9773926	3.078959	-0.1098314	-0.9773664	2.804822	

0.1389378	-0.05301194	2.894938	-0.07501244	-0.1509179	2.511837	0.1706757	-0.2060679	2.96889	-0.01528957	-0.3071583	2.570245	0.1755769	-0.1818219	2.96025	0.0007168165	-0.1795078	2.6019	0.01489122	0.6510285	2.693667	-0.05666285	0.5316133	2.698444	-0.04744375	0.4499885	2.713373	-0.01884001	0.1994258	2.748421	0.02065618	-0.1424812	2.785267	0.03850174	0.4303989	2.803332	-0.1518668	0.3911934	2.589916	0.06172491	-0.1331147	2.789343	-0.02142004	-0.1472539	2.699987	0.1502281	0.2496156	3.033475	-0.1618464	0.08990507	2.541221	0.04130072	-0.5956478	2.974967	-0.110968	-0.5912414	2.735633	0.02383186	-0.9766043	3.078972	-0.1098664	-0.9771541	2.804996	

0.1390231	-0.05442148	2.895037	-0.07151487	-0.150049	2.512065	0.1734556	-0.2055813	2.973176	-0.005868268	-0.305699	2.570918	0.1883958	-0.1925785	2.970333	-0.1215415	-0.2280596	2.593584	0.01484755	0.6513606	2.694625	-0.05652503	0.5318076	2.699038	-0.04739139	0.4501441	2.714037	-0.01914263	0.1994287	2.74931	0.01951646	-0.1428795	2.786459	0.03904968	0.429379	2.803622	-0.1515185	0.3915141	2.590795	0.0610294	-0.1336408	2.790428	-0.02295095	-0.1475635	2.701185	0.1508129	0.2486223	3.03499	-0.1598871	0.09125029	2.54176	0.04713151	-0.5618204	2.966066	-0.1108308	-0.5901226	2.73591	0.02362174	-0.9779868	3.079306	-0.1098377	-0.9771224	2.805099	

0.1368935	-0.07699292	2.909667	-0.06887804	-0.1495568	2.51221	0.1658015	-0.2536707	2.989575	-0.001079585	-0.3119079	2.576468	0.1747389	-0.1383515	2.9625	0.004674302	-0.1613753	2.598	0.01480214	0.6514236	2.695543	-0.05659936	0.5320767	2.699534	-0.04750874	0.4503969	2.714644	-0.01944986	0.1995798	2.750232	0.01888083	-0.1429876	2.787658	0.03954088	0.4290187	2.804856	-0.1510382	0.3917404	2.591506	0.06050353	-0.1337946	2.791884	-0.02358452	-0.147683	2.702063	0.09313186	0.1570613	2.870936	-0.1588639	0.09209768	2.542075	0.04596123	-0.5761412	2.972683	-0.1108011	-0.5895477	2.73608	0.02369552	-0.9787804	3.079798	-0.1097429	-0.9769831	2.805235	

0.1395254	-0.05592394	2.906409	-0.06628069	-0.1474839	2.511834	0.1705227	-0.2145211	2.98389	-0.01063045	-0.3122698	2.573643	0.1682061	-0.2173077	2.974	0.004568461	-0.1612718	2.597839	0.01468797	0.6516624	2.696074	-0.05669113	0.5324461	2.699558	-0.04761329	0.4506208	2.714711	-0.01966172	0.1995626	2.750407	0.01816074	-0.1437305	2.788155	0.04147264	0.4225917	2.802053	-0.1509345	0.3917718	2.59168	0.06019102	-0.1347286	2.792508	-0.02478926	-0.148346	2.702437	0.1501207	0.2506517	3.042843	-0.1561128	0.09175698	2.541536	0.04008839	-0.6033036	2.98257	-0.1106051	-0.5892797	2.736198	0.02325591	-0.9806942	3.080425	-0.1096925	-0.9769257	2.805237	

0.1397539	-0.05801316	2.90666	-0.06442167	-0.1484006	2.510758	0.1705417	-0.214551	2.984319	-0.01342002	-0.3142155	2.571343	0.1656134	-0.2147604	2.97669	0.00370282	-0.1616719	2.598862	0.01449485	0.6518373	2.697166	-0.0567069	0.5324793	2.699908	-0.04767656	0.4506189	2.715077	-0.01990662	0.1994106	2.75081	0.01762072	-0.1441301	2.788484	0.04260444	0.4185652	2.80186	-0.1508099	0.3918914	2.59186	0.05999698	-0.1352561	2.792746	-0.02579331	-0.1486306	2.702875	0.1511044	0.2486928	3.045115	-0.1538034	0.09126419	2.540716	0.04164938	-0.5979281	2.980993	-0.1103366	-0.5887567	2.73658	0.02323666	-0.9812108	3.080481	-0.1092954	-0.9765613	2.805447	

0.1395066	-0.05936623	2.907079	-0.06511368	-0.1495443	2.509672	0.1692612	-0.2145737	2.992768	-0.03496386	-0.3212744	2.551654	0.164792	-0.2140918	2.986	-0.003859315	-0.1905868	2.6064	0.0143974	0.6515327	2.697482	-0.0571783	0.5328094	2.700718	-0.04807754	0.4508244	2.715645	-0.02014131	0.1993817	2.7509	0.01725684	-0.1445032	2.787942	0.04254662	0.4172773	2.802099	-0.1505747	0.3919505	2.591892	0.05989199	-0.1356524	2.792501	-0.02650622	-0.1489755	2.701768	0.1512218	0.2478455	3.046693	-0.1521903	0.08743418	2.539296	0.041748	-0.596993	2.980553	-0.1101345	-0.5884878	2.736845	0.02324953	-0.9812409	3.080497	-0.109101	-0.9764883	2.80557	

0.1390183	-0.05981873	2.907253	-0.06716591	-0.1513314	2.508513	0.1705202	-0.1981311	2.983614	-0.04887427	-0.3249905	2.553757	0.1754808	-0.1575491	2.968143	-0.009567795	-0.2076825	2.605344	0.01439349	0.651549	2.697517	-0.05725385	0.5328841	2.700773	-0.04813256	0.4508747	2.715727	-0.02014536	0.1993455	2.751065	0.01746559	-0.1447522	2.788259	0.04270104	0.4161686	2.801694	-0.1503704	0.3920543	2.591923	0.06044192	-0.1360835	2.793276	-0.02644267	-0.1491106	2.70184	0.1511769	0.2478206	3.048126	-0.1526527	0.08688063	2.538858	0.04184811	-0.5967169	2.980504	-0.1101691	-0.5883259	2.737287	0.02316533	-0.9819115	3.081082	-0.1090594	-0.976489	2.805635	

0.1382374	-0.05980292	2.90739	-0.07959963	-0.1583056	2.507615	0.1563156	-0.2014194	2.980237	-0.06740691	-0.3262141	2.546165	0.1598667	-0.2007587	2.9705	-0.02056271	-0.2068854	2.602134	0.01430862	0.6513537	2.697176	-0.05737164	0.5328501	2.700582	-0.04818353	0.4508242	2.715595	-0.02003333	0.1991731	2.750943	0.01826571	-0.1453472	2.787959	0.04282974	0.4145288	2.800452	-0.1503843	0.3918607	2.591628	0.06201769	-0.1369833	2.793668	-0.02591831	-0.1497043	2.700746	0.150823	0.2482935	3.049408	-0.1551211	0.08495844	2.537589	0.04591066	-0.561833	2.970092	-0.1100782	-0.5882986	2.73741	0.02320919	-0.9817781	3.08108	-0.1089823	-0.976442	2.805714	

0.137246	-0.06042752	2.906246	-0.08478326	-0.1598734	2.507358	0.1564316	-0.2015547	2.982239	-0.07396843	-0.3327163	2.560454	0.163659	-0.1938238	2.975163	-0.02385947	-0.2101777	2.600349	0.01442608	0.6511863	2.696742	-0.05752594	0.5328879	2.700399	-0.04824466	0.4508249	2.715539	-0.01998854	0.199078	2.751027	0.01886875	-0.1458879	2.788619	0.04281744	0.4137298	2.799739	-0.1503861	0.3918039	2.591415	0.06281535	-0.1375284	2.794601	-0.02552888	-0.1501663	2.701135	0.1504734	0.2478059	3.050047	-0.1570495	0.08361136	2.536783	0.04325233	-0.5813417	2.976334	-0.1090926	-0.5894633	2.740503	0.02318081	-0.9819379	3.081201	-0.108966	-0.9761909	2.805828	

0.1371899	-0.05932236	2.910097	-0.08732105	-0.1608722	2.507093	0.1561842	-0.2012395	2.977575	-0.07888831	-0.3336859	2.558996	0.1626855	-0.1947651	2.970806	-0.0244657	-0.2143486	2.597694	0.01442413	0.6511393	2.696559	-0.05756148	0.5328434	2.700001	-0.04825832	0.4507412	2.715182	-0.01991437	0.1988277	2.750695	0.01909146	-0.14638	2.788112	0.04308487	0.4127724	2.798706	-0.1503801	0.391802	2.591237	0.06340709	-0.1383167	2.794291	-0.02562829	-0.1504801	2.700233	0.1499233	0.2505201	3.052557	-0.1606242	0.07646704	2.536434	0.04302259	-0.5836314	2.977591	-0.1089764	-0.5896066	2.740563	0.02323865	-0.9824342	3.081382	-0.1087277	-0.976422	2.805945	

0.1372208	-0.05985724	2.911064	-0.09086635	-0.1625712	2.506309	0.1567658	-0.201983	2.988576	-0.08021732	-0.3350439	2.564974	0.1647207	-0.1976109	2.9845	-0.02388191	-0.21004	2.597561	0.0143211	0.6508322	2.696031	-0.057696	0.532663	2.699854	-0.04835576	0.4505475	2.714993	-0.01984702	0.1985095	2.750256	0.0195939	-0.1468385	2.786838	0.04306268	0.4117929	2.798252	-0.1504731	0.3916454	2.590751	0.06409666	-0.1389455	2.793298	-0.025367	-0.1506942	2.698562	0.1500116	0.250825	3.05387	-0.1632846	0.07569687	2.536311	0.04297776	-0.5851988	2.978006	-0.1088117	-0.589527	2.740501	0.02325194	-0.9830213	3.081556	-0.108727	-0.9763792	2.805928	

0.1371273	-0.06071592	2.911227	-0.09292334	-0.1644589	2.506224	0.1528554	-0.2269109	2.992904	-0.08582222	-0.3341132	2.563232	0.1596205	-0.2096661	2.9812	-0.0282192	-0.2118181	2.595082	0.01406448	0.65019	2.695091	-0.05811988	0.5324876	2.699668	-0.04868708	0.4503884	2.714769	-0.01996621	0.1983458	2.749865	0.01980142	-0.146952	2.785821	0.04271572	0.4111263	2.797916	-0.1505012	0.3917461	2.590373	0.06427338	-0.1391715	2.792929	-0.02520067	-0.1504751	2.696479	0.1500723	0.2506411	3.054715	-0.1647262	0.07468303	2.536238	0.04281374	-0.585862	2.978004	-0.1087349	-0.5896987	2.740562	0.0235508	-0.9829103	3.081876	-0.1086763	-0.9764037	2.805982	

0.1363235	-0.06182169	2.90977	-0.09394813	-0.1651801	2.505841	0.1523492	-0.222048	2.982907	-0.08307432	-0.3352222	2.561834	0.1575132	-0.2039554	2.975428	-0.02549214	-0.2108434	2.596083	0.01362678	0.6497723	2.694561	-0.05866641	0.5322652	2.698879	-0.04908106	0.4502167	2.714063	-0.01999321	0.1982745	2.749333	0.02014814	-0.1468247	2.785285	0.04232898	0.4103941	2.796914	-0.1505353	0.3917205	2.589685	0.06463883	-0.138953	2.792375	-0.02491636	-0.1504343	2.696041	0.14973	0.2498384	3.054686	-0.1656535	0.07465397	2.535924	0.0426726	-0.5862458	2.977821	-0.1087256	-0.5893947	2.740292	0.02354188	-0.9829936	3.081927	-0.108558	-0.9764941	2.806056	

0.136186	-0.06266016	2.909532	-0.09434748	-0.1644685	2.505808	0.1475988	-0.2170236	2.969911	-0.07672333	-0.3343967	2.564837	0.152962	-0.1992487	2.968167	-0.02650747	-0.2102371	2.594593	0.01226129	0.6487966	2.693442	-0.05956458	0.5318966	2.698125	-0.04979299	0.4499187	2.713313	-0.02022539	0.1981329	2.74857	0.02043718	-0.1466781	2.78425	0.04159693	0.4095967	2.79605	-0.1511294	0.3915926	2.588985	0.06505945	-0.1388007	2.791329	-0.02477975	-0.1502967	2.695114	0.1496546	0.2496956	3.054921	-0.1669496	0.07577174	2.53556	0.04262558	-0.5866246	2.977662	-0.1086838	-0.5891819	2.739807	0.02353913	-0.9829333	3.081896	-0.10843	-0.9765214	2.806121	

0.1355971	-0.0624618	2.908819	-0.0944363	-0.1645045	2.505446	0.1518605	-0.2254329	2.973409	-0.0732296	-0.3323803	2.554203	0.1557445	-0.212929	2.96975	-0.02433401	-0.2109955	2.595245	0.01092382	0.6477719	2.692785	-0.06077651	0.5312902	2.697417	-0.05078048	0.4494666	2.712681	-0.02061694	0.1980289	2.748173	0.02040509	-0.1464935	2.784019	0.03707276	0.4117903	2.793977	-0.1518265	0.3909967	2.587912	0.06493989	-0.1385417	2.791206	-0.02472062	-0.1501693	2.694735	0.1481095	0.251555	3.052538	-0.1674043	0.07627645	2.535111	0.04252688	-0.5878451	2.977403	-0.1086784	-0.5892127	2.739702	0.02377358	-0.9828451	3.081664	-0.1083876	-0.9765213	2.806161	

0.1343895	-0.05642669	2.909036	-0.09470277	-0.1630569	2.504558	0.1511804	-0.2162901	2.959913	-0.0718371	-0.3335192	2.557673	0.1576241	-0.1989463	2.961	-0.02395982	-0.2109513	2.593699	0.009737834	0.6467664	2.69166	-0.06139978	0.5307614	2.696959	-0.05127937	0.4491547	2.712285	-0.0208364	0.1981416	2.747898	0.02038681	-0.14531	2.783628	0.01723037	0.4422393	2.801924	-0.1520515	0.3905423	2.587211	0.06397588	-0.1368211	2.791147	-0.02390597	-0.1490655	2.693956	0.1412537	0.2617554	3.043006	-0.1682978	0.07752082	2.534554	0.04242592	-0.5881318	2.977095	-0.1086957	-0.5891664	2.73896	0.02372201	-0.982937	3.081634	-0.1084008	-0.9765096	2.806141	

0.134107	-0.05515108	2.90939	-0.09478638	-0.1622413	2.504079	0.147786	-0.2336307	2.973907	-0.07582779	-0.3355865	2.558338	0.1588565	-0.2008596	2.969602	-0.023306	-0.210549	2.594594	0.008784983	0.6461201	2.690888	-0.06233286	0.5304711	2.696193	-0.0520062	0.4490509	2.711699	-0.02109673	0.1984112	2.747676	0.02054421	-0.1439369	2.783782	0.01632481	0.4433663	2.801823	-0.1526046	0.3898683	2.58556	0.06321315	-0.1351085	2.791227	-0.02281061	-0.147751	2.694296	0.1404647	0.2629018	3.042139	-0.1685271	0.07788093	2.533638	0.04238432	-0.5882605	2.976878	-0.1084471	-0.5893012	2.739165	0.02352647	-0.9831902	3.081406	-0.108403	-0.9764237	2.806103	

0.1329367	-0.05090041	2.912672	-0.0947155	-0.1620896	2.503508	0.1552098	-0.2225035	2.983175	-0.07055508	-0.3346892	2.55807	0.1602606	-0.2069706	2.969757	-0.02355719	-0.2077881	2.5951	0.007972955	0.6459771	2.690167	-0.06410396	0.530009	2.694379	-0.05348145	0.4486042	2.710307	-0.02166346	0.1981586	2.74731	0.0204884	-0.144088	2.783987	0.029509	0.4122381	2.788273	-0.1533788	0.3898895	2.585167	0.06322064	-0.1351735	2.791274	-0.0230154	-0.1481517	2.694878	0.1437555	0.2650327	3.052682	-0.1691042	0.07849399	2.532783	0.04207709	-0.588582	2.976305	-0.1086047	-0.5899349	2.738972	0.02360891	-0.9832923	3.081258	-0.1081245	-0.976612	2.805847	

0.1329819	-0.05431388	2.912094	-0.09484955	-0.1616542	2.503029	0.1560726	-0.2297154	2.976074	-0.0729973	-0.3340204	2.548839	0.1608908	-0.2301865	2.964667	-0.02355356	-0.2121074	2.594721	0.007411278	0.6460368	2.689481	-0.06497133	0.5298496	2.693757	-0.05432585	0.4484057	2.709702	-0.02223669	0.1979394	2.746897	0.02036971	-0.1442315	2.783943	0.02979218	0.4116581	2.788217	-0.153838	0.3897481	2.584895	0.06318834	-0.1353543	2.791279	-0.023278	-0.1483372	2.694757	0.1439054	0.2622868	3.052531	-0.1698876	0.07934707	2.532356	0.04201474	-0.5889232	2.976105	-0.108552	-0.5899973	2.738905	0.02379591	-0.9834721	3.081239	-0.108052	-0.9766477	2.805823	

0.1330099	-0.05599505	2.91192	-0.094935	-0.1621312	2.502462	0.1557239	-0.2291854	2.969241	-0.07204013	-0.3378888	2.549336	0.1623379	-0.2056821	2.971	-0.02444497	-0.213221	2.594308	0.006613681	0.6458755	2.688844	-0.06592775	0.5295604	2.693213	-0.05522516	0.4480784	2.709224	-0.02283595	0.1975904	2.746675	0.02016685	-0.1445867	2.784091	0.03022096	0.4107673	2.78755	-0.1543472	0.3895623	2.584642	0.06312867	-0.1356484	2.791495	-0.02368214	-0.148886	2.694847	0.1440705	0.2612498	3.052798	-0.1700791	0.07942656	2.53195	0.0420619	-0.5890043	2.975996	-0.1084877	-0.5896817	2.738278	0.02364494	-0.9835417	3.081546	-0.1080383	-0.9766544	2.805813	

0.1330053	-0.05798607	2.912006	-0.09499757	-0.1628126	2.502013	0.1556779	-0.2291331	2.968574	-0.07540215	-0.3380108	2.538335	0.1677477	-0.2065321	2.96575	-0.02577198	-0.2112499	2.593216	0.006096492	0.6456882	2.688644	-0.06686211	0.529137	2.692402	-0.05602088	0.447715	2.708451	-0.02318881	0.1974219	2.746104	0.02025094	-0.1446003	2.783892	0.03021642	0.4104717	2.786858	-0.1561283	0.3885703	2.583802	0.06353115	-0.1355935	2.79103	-0.02372367	-0.1489471	2.694764	0.1439267	0.2601677	3.052655	-0.1702696	0.07928458	2.531595	0.0415508	-0.5900737	2.975692	-0.1085435	-0.589456	2.738064	0.03065192	-0.9759263	3.076654	-0.1080005	-0.9766486	2.805862	

0.130149	-0.06633543	2.900497	-0.09555596	-0.1630277	2.501322	0.1592629	-0.2263631	2.959157	-0.08244701	-0.348113	2.525643	0.1713805	-0.2161577	2.958333	-0.03057335	-0.2185797	2.591698	0.00513595	0.6457853	2.688546	-0.06794322	0.5291785	2.692061	-0.05697367	0.4476927	2.708189	-0.02372692	0.1972889	2.746062	0.02012292	-0.1448341	2.784148	0.03003233	0.4105003	2.786629	-0.1576155	0.3881717	2.583585	0.06352287	-0.1356012	2.791174	-0.0241183	-0.1497604	2.695269	0.1435459	0.24963	3.047765	-0.1711023	0.07946742	2.531392	0.04144039	-0.5901862	2.975594	-0.1086688	-0.5898177	2.737828	0.02911532	-0.9776998	3.077631	-0.1079435	-0.9767695	2.805831	

0.11845	-0.01722282	2.90545	-0.09884597	-0.1671115	2.500579	0.1590828	-0.2038064	2.955541	-0.08499259	-0.3528956	2.498943	0.1654705	-0.1750342	2.949	-0.03647621	-0.2230867	2.587453	0.004131455	0.6456509	2.687849	-0.06901612	0.5289154	2.691773	-0.05793637	0.4473211	2.707888	-0.02435301	0.1966193	2.745752	0.02009768	-0.1460797	2.783977	0.03886062	0.3925928	2.784945	-0.1593229	0.3873588	2.583	0.06404995	-0.1366639	2.790878	-0.02478393	-0.1514479	2.695226	0.1398072	0.2892916	3.072915	-0.1731327	0.07929896	2.531122	0.03842037	-0.5967092	2.977222	-0.1089014	-0.5901486	2.737614	0.02757206	-0.97935	3.078362	-0.1078179	-0.9767532	2.805671	

0.1259141	-0.07128747	2.890629	-0.1011297	-0.1691377	2.4997	0.1573316	-0.2315926	2.961158	-0.08848868	-0.3393447	2.500829	0.1656182	-0.2049052	2.952	-0.04163288	-0.2091119	2.585071	0.002554863	0.6455641	2.687157	-0.06970545	0.5287358	2.691578	-0.05871801	0.4470526	2.707555	-0.02536948	0.1960158	2.744914	0.01916289	-0.1471746	2.782603	0.04019812	0.3900603	2.78471	-0.160017	0.3875582	2.58295	0.06379224	-0.1385157	2.789063	-0.02636173	-0.1519492	2.694061	0.1457779	0.2376942	3.054122	-0.1755844	0.08012861	2.530426	0.03852114	-0.5960408	2.976507	-0.1090807	-0.5901942	2.737478	0.02660147	-0.9805604	3.079226	-0.1077626	-0.9768282	2.805656	

0.1259822	-0.07181378	2.890545	-0.1042538	-0.1721441	2.500074	0.1547076	-0.2358117	2.95024	-0.09534301	-0.3461457	2.50113	0.1650541	-0.1837721	2.9465	-0.04590472	-0.2172059	2.5849	0.00134088	0.6455863	2.686489	-0.07054345	0.5285548	2.691108	-0.05948099	0.4468381	2.707072	-0.0258466	0.1957441	2.744466	0.01909507	-0.147438	2.782352	0.04079439	0.3885917	2.784223	-0.1606669	0.387917	2.582904	0.0639541	-0.1390057	2.788443	-0.02652137	-0.1520581	2.694016	0.1460749	0.2372789	3.054767	-0.1774037	0.07992647	2.530355	0.03861352	-0.5962213	2.976477	-0.1093294	-0.5903679	2.737324	0.02637515	-0.9808447	3.079612	-0.1076956	-0.9769803	2.805635	

0.1301266	-0.1183239	2.905195	-0.1061344	-0.1728938	2.499459	0.1516362	-0.2495601	2.969404	-0.1023365	-0.3465948	2.50436	0.1650963	-0.1577006	2.948857	-0.04784017	-0.2144608	2.584935	-0.0001262841	0.6459205	2.68588	-0.07127737	0.5287314	2.690731	-0.06025005	0.4471533	2.706669	-0.02670807	0.1966032	2.744002	0.01828475	-0.1454759	2.781992	0.02910116	0.409189	2.785296	-0.1666464	0.3924579	2.582751	0.0632644	-0.1371753	2.788493	-0.02745756	-0.1497875	2.693267	0.08717967	0.1260064	2.8588	-0.1798799	0.08067706	2.529838	0.03876191	-0.5961037	2.976575	-0.1094	-0.5903469	2.737333	0.02650391	-0.9808459	3.079866	-0.1075784	-0.9769028	2.805617	

0.1293591	-0.119014	2.90457	-0.1089541	-0.1727645	2.498889	0.1520903	-0.2503166	2.978404	-0.1057556	-0.3446271	2.503823	0.1537675	-0.1475735	2.931143	-0.0483223	-0.2146745	2.583118	-0.001519228	0.6460973	2.685401	-0.07234354	0.5292642	2.689977	-0.06138252	0.4477556	2.705712	-0.0279537	0.1974275	2.742391	0.01720382	-0.1444349	2.779624	0.0282924	0.409306	2.784039	-0.1696086	0.3941678	2.582177	0.06264051	-0.1363133	2.785634	-0.02891612	-0.1485222	2.691407	0.08560149	0.1250498	2.856215	-0.1822443	0.08145024	2.529448	0.03878687	-0.596067	2.976557	-0.1097577	-0.5904725	2.73735	0.03086669	-0.9734128	3.076173	-0.1075842	-0.976912	2.805612	

0.1211514	-0.04019296	2.898597	-0.1154451	-0.1938397	2.501551	0.1511501	-0.2203304	2.959665	-0.1135301	-0.3633249	2.524058	0.1630731	-0.1969972	2.954667	-0.05458244	-0.2338222	2.586384	-0.002402787	0.6456881	2.685215	-0.07289426	0.5286326	2.689743	-0.06178696	0.4472957	2.705404	-0.02805911	0.1972883	2.741874	0.01767038	-0.1441072	2.778453	0.0278315	0.4081467	2.78336	-0.1719448	0.3950229	2.581816	0.06367339	-0.1357668	2.783616	-0.0288096	-0.1483481	2.690917	0.140011	0.2719504	3.060272	-0.1838152	0.08121433	2.529552	0.03887055	-0.5956476	2.976043	-0.110101	-0.5908563	2.737365	0.03028722	-0.9746966	3.076671	-0.107506	-0.9770587	2.805591	

0.1240597	-0.05583698	2.898544	-0.1170755	-0.1955114	2.501842	0.1499701	-0.2354976	2.963243	-0.1228752	-0.3584183	2.541085	0.1546223	-0.1976524	2.9482	-0.05148213	-0.229737	2.58517	-0.003084376	0.6454395	2.684492	-0.07341097	0.5283717	2.689324	-0.0621758	0.4471506	2.704948	-0.02812861	0.197469	2.741219	0.01834226	-0.143179	2.777296	0.02752693	0.4083968	2.783013	-0.1733039	0.3957174	2.581594	0.06450885	-0.1348898	2.78266	-0.02836016	-0.1473904	2.689684	0.1406004	0.2597235	3.054486	-0.1848669	0.08093552	2.529622	0.03682661	-0.6043673	2.977651	-0.110275	-0.5909944	2.737236	0.02854085	-0.9758556	3.078084	-0.107482	-0.9770736	2.80565	

0.1233682	-0.05465428	2.898718	-0.1311263	-0.1701053	2.500648	0.1466049	-0.2337503	2.94966	-0.1201889	-0.3436349	2.555242	0.1547875	-0.2237803	2.951667	-0.05395974	-0.2144903	2.582666	-0.003497368	0.6453153	2.683816	-0.07451653	0.5282946	2.688035	-0.06300145	0.447124	2.703859	-0.02828347	0.1975556	2.740688	0.0186129	-0.1430499	2.777171	0.02616182	0.409796	2.781964	-0.1740365	0.3959876	2.5812	0.06502233	-0.134157	2.782361	-0.02815812	-0.1475337	2.689651	0.1396668	0.2617317	3.054227	-0.1880897	0.08032815	2.530226	0.03759484	-0.6021773	2.976857	-0.1106021	-0.5907463	2.73708	0.02813578	-0.9761917	3.078409	-0.1074097	-0.9773297	2.805767	

0.1219991	-0.05261935	2.898597	-0.1310044	-0.1709431	2.500709	0.1496716	-0.22691	2.957245	-0.1242033	-0.3439829	2.551515	0.1545568	-0.203215	2.947	-0.05472713	-0.2212418	2.584076	-0.004087952	0.6451227	2.683014	-0.07506557	0.5280894	2.687833	-0.06355494	0.4469689	2.703577	-0.02876562	0.1975916	2.740206	0.01832479	-0.142803	2.776644	0.02543003	0.4098986	2.780569	-0.175184	0.3962281	2.580791	0.06469484	-0.1340045	2.781761	-0.02841516	-0.1472436	2.689272	0.1385044	0.2640873	3.054713	-0.1911218	0.07911628	2.531185	0.03792934	-0.6000662	2.975826	-0.1108398	-0.5905507	2.736957	0.02600627	-0.9801062	3.080432	-0.107407	-0.9773712	2.805819	

0.121438	-0.05217613	2.898268	-0.1306273	-0.1732864	2.500683	0.1512587	-0.2286218	2.96191	-0.1206829	-0.3404059	2.556904	0.1546467	-0.1992812	2.948667	-0.052773	-0.2197176	2.583851	-0.004225318	0.6448248	2.682623	-0.07535101	0.5279289	2.687483	-0.06385818	0.4468665	2.703171	-0.0290601	0.1977172	2.739663	0.01812523	-0.1423694	2.776105	0.02437452	0.4115451	2.781225	-0.1757336	0.3963997	2.580545	0.06434745	-0.1337525	2.781481	-0.02842528	-0.1465869	2.688433	0.1381893	0.2647185	3.055262	-0.1926131	0.07671722	2.531372	0.03832474	-0.5984255	2.975116	-0.1109024	-0.5905406	2.736897	0.02599141	-0.9812732	3.080516	-0.1073806	-0.9774669	2.805667	

0.1211927	-0.05261353	2.898111	-0.1314302	-0.1734156	2.501544	0.1510564	-0.2283116	2.95791	-0.1216866	-0.3481448	2.563004	0.1616827	-0.2109701	2.952088	-0.05276305	-0.2186509	2.584122	-0.004463349	0.6442278	2.681644	-0.07580438	0.5275244	2.686777	-0.06424023	0.4465732	2.702582	-0.02920416	0.197684	2.739416	0.01812829	-0.1423028	2.776102	0.02361975	0.412315	2.781319	-0.1763245	0.3965494	2.580542	0.06430446	-0.1337259	2.781502	-0.02835774	-0.1464363	2.688424	0.137985	0.2647269	3.055421	-0.1941639	0.07681906	2.532213	0.03830811	-0.5984105	2.975084	-0.1110701	-0.5904656	2.736933	0.0257591	-0.9817711	3.080783	-0.1078013	-0.9775137	2.80581	

0.1210663	-0.05322241	2.89807	-0.131497	-0.1751151	2.502028	0.1514417	-0.2295076	2.967789	-0.1236739	-0.3455051	2.564334	0.1575304	-0.180613	2.952	-0.05416416	-0.2195339	2.583817	-0.004502121	0.6437214	2.680923	-0.0762321	0.5274575	2.686256	-0.06458477	0.4465396	2.702153	-0.02930278	0.1977263	2.739254	0.01818899	-0.1422062	2.776143	0.02300381	0.412857	2.781389	-0.1769207	0.396631	2.58032	0.06427179	-0.1336466	2.781528	-0.02813574	-0.1463049	2.688551	0.1378721	0.2646029	3.055618	-0.1954182	0.07524015	2.532556	0.03821846	-0.5981497	2.974822	-0.1112768	-0.590455	2.736838	0.03158427	-0.9766955	3.076837	-0.107999	-0.9775425	2.805773	

0.1208833	-0.05340031	2.898647	-0.1319718	-0.1757991	2.5027	0.1453309	-0.2274122	2.95671	-0.1262928	-0.3437192	2.560238	0.1532548	-0.210935	2.9532	-0.05568545	-0.2195721	2.583799	-0.004634553	0.6428905	2.680039	-0.0767348	0.5270135	2.685379	-0.06499868	0.4462184	2.701442	-0.02943959	0.197694	2.739	0.01822396	-0.1420929	2.776189	0.02234196	0.4135164	2.781728	-0.1775803	0.3965873	2.579851	0.0642086	-0.1335756	2.781616	-0.02797465	-0.1461061	2.688599	0.1376492	0.264976	3.056284	-0.19653	0.07483567	2.532765	0.03819855	-0.5981877	2.974794	-0.1115498	-0.5902304	2.736727	0.03440595	-0.9736931	3.075188	-0.1080671	-0.9775173	2.805834	

0.120559	-0.05352845	2.899112	-0.1319377	-0.1770313	2.502692	0.1471395	-0.2285215	2.960575	-0.127021	-0.3446585	2.56091	0.1539206	-0.201378	2.952013	-0.05576476	-0.2200586	2.583684	-0.004604077	0.6421624	2.678944	-0.07678556	0.526491	2.684728	-0.06511062	0.4457689	2.70078	-0.02966004	0.1975	2.738372	0.01802621	-0.1419971	2.77588	0.02201922	0.4137683	2.781738	-0.1780622	0.3966356	2.579497	0.0639108	-0.1335866	2.781398	-0.02810884	-0.1459153	2.688202	0.137354	0.265336	3.056963	-0.1973178	0.07378443	2.53295	0.03718719	-0.5988511	2.974355	-0.1119364	-0.5902371	2.736619	0.03237634	-0.9752578	3.077159	-0.1081834	-0.9775981	2.805909	

0.120299	-0.05330442	2.899926	-0.1318775	-0.1777806	2.502883	0.146849	-0.2280601	2.954574	-0.1294111	-0.3438653	2.558664	0.1547269	-0.2115403	2.950375	-0.05603732	-0.2183825	2.584648	-0.004722942	0.641921	2.678437	-0.07683642	0.5259226	2.684176	-0.06518188	0.4452677	2.700247	-0.02973273	0.197236	2.737967	0.01801865	-0.1420143	2.77579	0.02182845	0.4136871	2.781609	-0.1784209	0.3966899	2.579414	0.06386711	-0.1336205	2.781253	-0.02810657	-0.1459275	2.688172	0.137089	0.2660955	3.057882	-0.1977312	0.07332238	2.533056	0.03719881	-0.5985429	2.974327	-0.1122333	-0.5901636	2.736685	0.03445832	-0.9724888	3.074914	-0.108253	-0.9776871	2.805874	

0.1201427	-0.05385506	2.899861	-0.1321937	-0.1785552	2.503169	0.139107	-0.2327721	2.962906	-0.1257644	-0.3457319	2.561316	0.1563033	-0.2000021	2.94971	-0.05363166	-0.220227	2.585171	-0.004632295	0.6416616	2.67784	-0.07720935	0.5255865	2.683381	-0.06556807	0.4449741	2.699416	-0.0300925	0.1971237	2.7371	0.01782964	-0.1418725	2.775209	0.02164146	0.4138128	2.781622	-0.1787157	0.3967951	2.579342	0.06367557	-0.133568	2.780976	-0.02828853	-0.145711	2.687258	0.1370575	0.2658919	3.05829	-0.1979636	0.07298117	2.533131	0.03716771	-0.5980589	2.97383	-0.1125495	-0.5900521	2.736748	0.0352628	-0.9717338	3.073958	-0.1083107	-0.9776117	2.805844	

0.1198125	-0.05900101	2.899699	-0.1328614	-0.1782901	2.50377	0.1470802	-0.2345261	2.959403	-0.1269674	-0.343253	2.559909	0.1548215	-0.2238321	2.952333	-0.05766003	-0.2373961	2.585555	-0.004679122	0.6415514	2.677209	-0.07725803	0.5249616	2.682706	-0.06564778	0.4445198	2.698901	-0.03017644	0.1970391	2.736951	0.01772088	-0.1417238	2.775297	0.02149802	0.4138966	2.781768	-0.1790253	0.3969156	2.579278	0.06336265	-0.1331894	2.781095	-0.0283134	-0.1456868	2.687348	0.1359192	0.261192	3.055811	-0.1984106	0.07288669	2.533206	0.03728143	-0.5975932	2.973654	-0.1127618	-0.5900362	2.736668	0.03056846	-0.9768083	3.078377	-0.1082892	-0.9776852	2.80582	

0.1189417	-0.05815125	2.898533	-0.1331085	-0.1787667	2.504152	0.1470325	-0.234442	2.958403	-0.1279944	-0.3406642	2.559236	0.1544411	-0.2126643	2.952802	-0.05831182	-0.237144	2.588081	-0.004683323	0.6412899	2.67667	-0.07741395	0.5247624	2.682275	-0.0658254	0.4443344	2.698512	-0.03037538	0.1969338	2.736721	0.01757105	-0.1417181	2.775301	0.0212937	0.4142056	2.782192	-0.179411	0.3969917	2.579215	0.06305914	-0.1332954	2.78114	-0.02839345	-0.1456382	2.687348	0.1358346	0.2615658	3.056826	-0.199071	0.07268009	2.533834	0.03534175	-0.5998316	2.973261	-0.1130401	-0.5900583	2.736905	0.02955736	-0.9789568	3.079411	-0.1082784	-0.9777103	2.805865	

0.1185241	-0.05720804	2.898313	-0.1336562	-0.1792861	2.505063	0.1467211	-0.2359651	2.95207	-0.1304633	-0.3462614	2.561815	0.1549343	-0.2115405	2.951932	-0.05701159	-0.2399013	2.587604	-0.004593553	0.640746	2.675493	-0.07737891	0.5244277	2.681881	-0.06579556	0.4440512	2.698216	-0.03035289	0.1968162	2.73666	0.01764208	-0.1417532	2.775501	0.02094342	0.4147296	2.782376	-0.1781884	0.394994	2.578659	0.06296075	-0.1333491	2.781367	-0.02807048	-0.1456989	2.687655	0.1357755	0.2625251	3.057687	-0.1992887	0.07267562	2.533839	0.03469621	-0.6002685	2.973352	-0.1132723	-0.5899706	2.736947	0.02926095	-0.9792637	3.079788	-0.1084535	-0.9777907	2.805951	

0.1186728	-0.05660789	2.899338	-0.1342513	-0.1802997	2.50675	0.1455241	-0.2358556	2.960903	-0.1268524	-0.3472006	2.573074	0.1542447	-0.2114026	2.954655	-0.05552089	-0.2347661	2.586929	-0.004402659	0.6405655	2.675081	-0.07701795	0.5237763	2.681424	-0.06553994	0.4435264	2.697818	-0.03031374	0.1966287	2.736458	0.01760453	-0.1417283	2.77549	0.02081701	0.4147525	2.782221	-0.1785144	0.3952167	2.57865	0.06287327	-0.1333148	2.781361	-0.02808139	-0.1456892	2.687649	0.1354278	0.2631925	3.057254	-0.1997539	0.07132419	2.534185	0.03404984	-0.6023456	2.973481	-0.1134019	-0.5898327	2.736857	0.02910791	-0.9792027	3.079598	-0.1084203	-0.9778299	2.805927	

0.1186558	-0.05621621	2.899664	-0.1344821	-0.1800531	2.507254	0.1539911	-0.2286481	2.962237	-0.1278728	-0.3468129	2.563386	0.1551168	-0.2111027	2.955245	-0.05626616	-0.2428989	2.587785	-0.003988179	0.639959	2.674865	-0.07693388	0.5236425	2.6812	-0.06547669	0.4433911	2.697617	-0.03030316	0.1965297	2.736352	0.01759238	-0.1417454	2.775506	0.02070874	0.4137671	2.780655	-0.1788034	0.3953719	2.578476	0.06285917	-0.1333325	2.781397	-0.02810141	-0.1457213	2.687661	0.1348611	0.2637426	3.055942	-0.1998727	0.07117505	2.534495	0.03421733	-0.6016232	2.972702	-0.1135182	-0.5898317	2.736789	0.02715464	-0.9815275	3.080957	-0.1084702	-0.977986	2.806003	

0.1184714	-0.05541722	2.89943	-0.1347236	-0.1800458	2.508173	0.1513742	-0.2267343	2.963905	-0.1260099	-0.3415635	2.566366	0.1523281	-0.2214353	2.956334	-0.05516926	-0.2362334	2.588171	-0.003780176	0.6398854	2.674754	-0.07678527	0.5235016	2.681145	-0.06534494	0.4432443	2.697571	-0.03022211	0.1963962	2.736348	0.01763926	-0.1418378	2.775643	0.02059812	0.4138046	2.780482	-0.1773225	0.3940049	2.578111	0.06279197	-0.1334304	2.781613	-0.02793149	-0.1458634	2.687791	0.1345948	0.2641064	3.055338	-0.200274	0.07074255	2.534889	0.03426255	-0.6017792	2.972664	-0.113689	-0.5898596	2.736831	0.03392752	-0.9749541	3.076555	-0.108521	-0.9780245	2.80605	

0.1184308	-0.05465115	2.899577	-0.1345899	-0.1806065	2.508392	0.1510961	-0.2283701	2.958655	-0.1287149	-0.3421752	2.561818	0.1583114	-0.2149684	2.950778	-0.0537742	-0.2380876	2.586205	-0.003450945	0.6395851	2.674511	-0.07654757	0.5234988	2.680653	-0.06513532	0.4432373	2.697081	-0.03009748	0.1964073	2.735908	0.01766793	-0.1417545	2.775455	0.02038957	0.4141636	2.779578	-0.1776648	0.3943934	2.577957	0.06281426	-0.1333733	2.781494	-0.02791065	-0.1457734	2.687542	0.1341007	0.2649165	3.054128	-0.2003288	0.06971528	2.53503	0.03453951	-0.6014401	2.972407	-0.1137575	-0.5898132	2.736774	0.0324931	-0.9776891	3.078244	-0.1085586	-0.9779893	2.806023	

0.1184256	-0.05408693	2.89971	-0.1345504	-0.1809444	2.50844	0.1480131	-0.2265505	2.945506	-0.1287178	-0.3421974	2.561985	0.158244	-0.2080705	2.948772	-0.05381034	-0.2377077	2.586833	-0.003152919	0.6393616	2.674311	-0.07648496	0.5234337	2.68064	-0.06508459	0.443184	2.697055	-0.03007123	0.1963889	2.735859	0.01767416	-0.1417006	2.775412	0.02029767	0.4141979	2.779497	-0.1779013	0.3947869	2.578015	0.06279794	-0.1332821	2.781314	-0.02789794	-0.1457376	2.687559	0.133895	0.2652082	3.053593	-0.2002189	0.06899305	2.534896	0.03491302	-0.6009346	2.972369	-0.1138113	-0.5897942	2.736727	0.03178148	-0.9786692	3.078683	-0.1085332	-0.9780183	2.806	

0.1183776	-0.05356614	2.899291	-0.1342301	-0.1804951	2.508832	0.154778	-0.2278047	2.951404	-0.1235006	-0.3436374	2.567547	0.170618	-0.2017263	2.945	-0.05337815	-0.2350738	2.586755	-0.002951757	0.6392333	2.674163	-0.07626693	0.5232766	2.680461	-0.0648355	0.4430207	2.696888	-0.02972169	0.196233	2.73575	0.01823818	-0.141764	2.775525	0.02032343	0.4140647	2.779648	-0.1765096	0.3935396	2.577754	0.06322819	-0.1332995	2.781682	-0.02708711	-0.1458962	2.687416	0.1338978	0.265152	3.053179	-0.2002147	0.06897926	2.534918	0.03546504	-0.6000513	2.972038	-0.1137255	-0.5897623	2.736513	0.03098546	-0.9794543	3.079035	-0.1082051	-0.9780149	2.805938	

0.118368	-0.05308574	2.899388	-0.1339055	-0.1810408	2.509007	0.1568519	-0.2268342	2.946332	-0.1237327	-0.3413542	2.564051	0.1665989	-0.2089146	2.944159	-0.05339474	-0.2362504	2.586501	-0.002829705	0.6391849	2.674055	-0.07617696	0.5231018	2.680454	-0.06475909	0.4428804	2.696842	-0.02965961	0.196165	2.735583	0.01828951	-0.1416301	2.775159	0.02031403	0.4140273	2.779583	-0.1770111	0.3939	2.577627	0.06327437	-0.1331322	2.781326	-0.02705677	-0.145818	2.687078	0.1337199	0.2653433	3.052688	-0.2001695	0.06794787	2.535351	0.03480245	-0.6038719	2.973725	-0.1137222	-0.589584	2.736455	0.0303867	-0.9801139	3.0793	-0.108146	-0.9779186	2.80577	

0.1184496	-0.05236611	2.899727	-0.1337616	-0.1808218	2.509226	0.1544003	-0.2272465	2.944071	-0.123137	-0.3428981	2.563512	0.1672512	-0.2020892	2.9426	-0.05100731	-0.2409925	2.586913	-0.002767045	0.6391925	2.6741	-0.07598612	0.5229822	2.680304	-0.06458905	0.4427568	2.696648	-0.02955849	0.1960459	2.735244	0.01826223	-0.1416629	2.774735	0.02033387	0.4139681	2.779595	-0.1772941	0.3940992	2.577543	0.06321466	-0.1332331	2.780775	-0.02707629	-0.1458096	2.686784	0.1336183	0.2657998	3.052407	-0.2000324	0.0677879	2.535385	0.03465689	-0.6038707	2.973626	-0.11373	-0.5895786	2.736437	0.03382253	-0.9767925	3.076653	-0.1080909	-0.9778609	2.805749	

0.1184513	-0.05188776	2.899668	-0.1335828	-0.1805132	2.509511	0.1459252	-0.2266609	2.936406	-0.1179187	-0.3431487	2.568988	0.1560622	-0.1581798	2.93675	-0.05260824	-0.2360254	2.585429	-0.002719104	0.6391739	2.674072	-0.07602178	0.5229601	2.680222	-0.06463243	0.4427277	2.696534	-0.02962434	0.1960119	2.735031	0.01818692	-0.1416505	2.774504	0.02034589	0.4139287	2.779604	-0.1776752	0.3943021	2.577456	0.06318533	-0.1332463	2.780594	-0.02722297	-0.1457737	2.686509	0.1335217	0.2659177	3.051957	-0.1999556	0.06770434	2.535408	0.03637226	-0.6005973	2.972666	-0.1136783	-0.5896051	2.736404	0.0299571	-0.980501	3.078776	-0.1080714	-0.9778925	2.805624	

0.1186619	-0.05142786	2.900244	-0.1334074	-0.1800511	2.509722	0.1547478	-0.2034515	2.950413	-0.120342	-0.3443698	2.568183	0.1587011	-0.1655396	2.938772	-0.05188645	-0.2364935	2.586793	-0.002684725	0.6391525	2.674	-0.07607956	0.5229604	2.68014	-0.06467821	0.4427314	2.696422	-0.02961329	0.1960497	2.734799	0.01834056	-0.1414939	2.774148	0.02042363	0.4136886	2.779782	-0.1780261	0.3945284	2.57738	0.06333888	-0.133146	2.780514	-0.02713306	-0.1455519	2.685656	0.1335151	0.2661696	3.051836	-0.1998075	0.06779017	2.535574	0.0369022	-0.6000853	2.972831	-0.1136506	-0.589673	2.73637	0.02990677	-0.9805522	3.078786	-0.108034	-0.9779092	2.805613	

0.118687	-0.05094493	2.900397	-0.1330492	-0.1793885	2.509942	0.1566626	-0.1891351	2.948167	-0.1189807	-0.3435232	2.566639	0.1568927	-0.1435105	2.939667	-0.05152793	-0.2367687	2.587008	-0.002695788	0.6390994	2.674208	-0.07608729	0.5229603	2.680142	-0.0646864	0.4427277	2.696414	-0.02962955	0.1960125	2.734675	0.0183359	-0.141573	2.773805	0.02040126	0.4135423	2.779913	-0.1781717	0.3946998	2.577461	0.06337169	-0.1331963	2.780119	-0.02717747	-0.1456571	2.685406	0.1334302	0.266321	3.051579	-0.1994913	0.06807864	2.535794	0.03727181	-0.6011154	2.973668	-0.1136422	-0.5896762	2.736396	0.02943629	-0.9811331	3.079354	-0.1080327	-0.9778406	2.805872	

0.1210978	-0.05844791	2.901762	-0.1328145	-0.1790055	2.510195	0.1562224	-0.2040687	2.947712	-0.1235305	-0.3436792	2.56782	0.1606754	-0.1922608	2.9404	-0.04978339	-0.2364281	2.586424	-0.002710985	0.6390883	2.674185	-0.07606292	0.522854	2.680049	-0.06465773	0.4426111	2.696304	-0.02959286	0.1958959	2.734547	0.01836681	-0.1416327	2.773739	0.02039843	0.4135541	2.779991	-0.1783551	0.3948643	2.577401	0.06340977	-0.133368	2.779813	-0.02715249	-0.1456814	2.685434	0.1339324	0.2605061	3.048046	-0.1994264	0.0680722	2.535797	0.03762964	-0.5999341	2.973085	-0.113619	-0.5896561	2.736236	0.03348354	-0.9758033	3.075411	-0.1079532	-0.9778043	2.805845	

0.1206178	-0.056386	2.901718	-0.1338709	-0.178924	2.511973	0.1257917	-0.2391949	2.845901	-0.1177954	-0.3428589	2.571222	0.1540095	-0.1957684	2.936334	-0.04711721	-0.2166886	2.584609	-0.002755447	0.6390912	2.674104	-0.07610736	0.5229031	2.679976	-0.06469518	0.442669	2.696209	-0.02959904	0.196	2.734386	0.01842585	-0.1414257	2.773545	0.01988215	0.4148037	2.780648	-0.1785705	0.3949793	2.57718	0.06338158	-0.1330486	2.779416	-0.02705749	-0.1455591	2.685393	0.1335649	0.2619759	3.048226	-0.1993122	0.06819376	2.535802	0.03792204	-0.5993059	2.972399	-0.1135361	-0.5894859	2.736043	0.03185316	-0.9776728	3.077285	-0.1078803	-0.977771	2.805821	

0.1203344	-0.054447	2.901712	-0.1327766	-0.178178	2.510388	0.149321	-0.2015956	2.931485	-0.1207713	-0.3457833	2.566818	0.1572258	-0.1591417	2.941455	-0.04909281	-0.2179169	2.583846	-0.002844038	0.639096	2.67393	-0.07614183	0.522947	2.67991	-0.06472622	0.4427016	2.696148	-0.02962036	0.1960108	2.73435	0.01841697	-0.1414245	2.773545	0.01984992	0.4148549	2.780859	-0.1786838	0.3950465	2.577151	0.06336172	-0.1330536	2.779426	-0.02706276	-0.1455553	2.685395	0.1334642	0.263277	3.048564	-0.1992647	0.06824808	2.535804	0.03810917	-0.5984368	2.972089	-0.1135821	-0.5892935	2.735866	0.02990489	-0.9792492	3.07863	-0.1078772	-0.9777765	2.80586	

0.1202668	-0.05293098	2.902282	-0.1333555	-0.1779733	2.508817	0.1260898	-0.255427	2.852895	-0.1326367	-0.3431581	2.558602	0.1543485	-0.1956462	2.9427	-0.0506276	-0.2232106	2.583976	-0.002969394	0.6391171	2.673761	-0.07641974	0.5229484	2.679792	-0.06488721	0.442685	2.696079	-0.02962278	0.1959911	2.734353	0.01872264	-0.1415703	2.773792	0.0195651	0.4148309	2.781118	-0.1771417	0.3935363	2.576641	0.06342221	-0.1332044	2.779643	-0.02631291	-0.1457126	2.685787	0.1333176	0.2644446	3.048849	-0.1992958	0.06818403	2.535714	0.03777632	-0.599016	2.972314	-0.1135691	-0.589285	2.73586	0.03316369	-0.9743677	3.076004	-0.1079807	-0.9777856	2.805831	

0.1201458	-0.05162331	2.902298	-0.1376497	-0.1783036	2.504295	0.1394555	-0.2045182	2.907915	-0.1510751	-0.3475186	2.554056	0.1562146	-0.1832204	2.941537	-0.05887526	-0.2233016	2.58	-0.003189761	0.6390849	2.67366	-0.07645899	0.5229163	2.679811	-0.06492822	0.4426485	2.696087	-0.02966466	0.1959443	2.734342	0.01867984	-0.1416096	2.773777	0.01948131	0.4147083	2.781574	-0.1764206	0.3925603	2.576337	0.06316841	-0.1333826	2.779561	-0.02630611	-0.145714	2.685796	0.1333453	0.265151	3.049166	-0.1996075	0.06830409	2.534999	0.03750088	-0.5999663	2.973228	-0.1135947	-0.5893106	2.735751	0.03231301	-0.9752245	3.076174	-0.1079191	-0.9777404	2.805686	

0.1197362	-0.05022588	2.901962	-0.1574376	-0.1807265	2.496231	0.1534513	-0.2030573	2.956512	-0.1953212	-0.3544554	2.544281	0.1578176	-0.1689303	2.942714	-0.08919743	-0.2474622	2.581106	-0.003318269	0.6391712	2.673495	-0.07671143	0.5230338	2.679695	-0.06523319	0.4426695	2.696062	-0.03052358	0.1954353	2.734884	0.01622823	-0.143931	2.776558	0.01950337	0.4144467	2.78124	-0.1757586	0.3917146	2.576093	0.06021792	-0.1355121	2.781565	-0.02831821	-0.1483283	2.689797	0.1330721	0.2660151	3.049016	-0.2006747	0.06895573	2.533106	0.03756733	-0.5998114	2.973154	-0.113589	-0.5894322	2.735737	0.03153432	-0.9767126	3.077114	-0.1079591	-0.9777675	2.805742	

0.1190592	-0.04764402	2.901223	-0.172231	-0.176503	2.491062	0.1495355	-0.2104686	2.954243	-0.2272588	-0.3364164	2.547963	0.1561825	-0.1666207	2.943333	-0.1172104	-0.2688191	2.590439	-0.003552126	0.6390611	2.673476	-0.07697336	0.5232797	2.679746	-0.06578313	0.4427752	2.696128	-0.0331255	0.1944061	2.735062	0.008717987	-0.148084	2.776576	0.01949391	0.4139667	2.780119	-0.1747969	0.3909939	2.575877	0.05057115	-0.1423115	2.780288	-0.03394255	-0.1503272	2.690752	0.132985	0.2683993	3.049854	-0.2041576	0.07488268	2.531205	0.03752258	-0.5996223	2.972914	-0.1137462	-0.5897122	2.735881	0.03079117	-0.9778644	3.077789	-0.1078712	-0.9778219	2.805718	

0.1190249	-0.04774194	2.901014	-0.1783492	-0.1768632	2.49174	0.1419286	-0.2102013	2.932161	-0.2311317	-0.3213443	2.546989	0.1557145	-0.1831728	2.9495	-0.120681	-0.2406929	2.586951	-0.003594515	0.639035	2.673629	-0.077111	0.5235212	2.679447	-0.06616239	0.4428819	2.695854	-0.03491322	0.1938986	2.734814	0.004756451	-0.1493971	2.776615	0.01975493	0.4134308	2.778053	-0.1739696	0.3897109	2.575319	0.04670354	-0.1445567	2.780092	-0.03777725	-0.1505246	2.691116	0.1327355	0.2690566	3.049078	-0.2059761	0.07541508	2.531347	0.03753319	-0.599265	2.972842	-0.1141316	-0.5905333	2.736096	0.03026913	-0.9786438	3.078599	-0.107855	-0.9778528	2.805705	

0.0957749	-0.0640461	2.864287	-0.1860932	-0.1774147	2.491766	0.1583755	-0.2005808	2.967912	-0.2210978	-0.3147758	2.5538	0.1421256	-0.1278539	2.928	-0.1273636	-0.2359272	2.58728	-0.003577518	0.6389818	2.673258	-0.07709302	0.5234874	2.67926	-0.06633142	0.4427482	2.695638	-0.03611523	0.1932361	2.73448	0.002213584	-0.1503141	2.776193	0.0202748	0.4124537	2.776524	-0.1737637	0.3893896	2.575076	0.04471014	-0.1456113	2.780135	-0.04073548	-0.1510623	2.69023	-0.0781085	0.1027829	2.634197	-0.2070016	0.07521605	2.53115	0.03791957	-0.5984554	2.972464	-0.1142701	-0.5907867	2.736204	0.03478175	-0.9722188	3.073797	-0.1078758	-0.977909	2.805688	

0.09093983	-0.05488793	2.861904	-0.1934688	-0.1769371	2.494659	0.1557611	-0.2046851	2.970844	-0.2535366	-0.2942728	2.551114	0.1421825	-0.1260332	2.926997	-0.1405434	-0.230469	2.594254	-0.003359367	0.6390445	2.673189	-0.07696921	0.523433	2.679213	-0.06631935	0.4427317	2.695635	-0.03623475	0.1933239	2.734643	0.001859545	-0.1491365	2.777049	0.01242072	0.4355219	2.782965	-0.1733096	0.3891122	2.574824	0.04361169	-0.1445604	2.780986	-0.04028827	-0.1493617	2.691396	-0.08247481	0.12492	2.641105	-0.2088263	0.07605609	2.531306	0.03797041	-0.5983171	2.972441	-0.1143967	-0.5912152	2.736323	0.03100371	-0.9753121	3.0769	-0.1080009	-0.9778318	2.805664	

0.09008141	-0.05130236	2.862843	-0.2022395	-0.1772022	2.496545	0.1516481	-0.2169849	2.969407	-0.2772877	-0.2903252	2.548721	0.1416548	-0.1055402	2.9299	-0.1546839	-0.2308409	2.600068	-0.002400574	0.6392184	2.671745	-0.0753919	0.5235458	2.677851	-0.06562523	0.44283	2.695031	-0.03625013	0.1935223	2.734802	0.0007048362	-0.1472369	2.779628	0.01265164	0.4367953	2.783084	-0.1725815	0.3890127	2.574564	0.0415354	-0.1430918	2.78276	-0.04031194	-0.1467639	2.695276	-0.0834956	0.1268983	2.641502	-0.2105103	0.07599328	2.531061	0.03710525	-0.6003117	2.974178	-0.114423	-0.590731	2.736438	0.03225023	-0.9742646	3.07578	-0.1082636	-0.9775257	2.805803	

0.1307312	-0.08233493	2.925551	-0.2114676	-0.1763941	2.49641	0.1447453	-0.2385329	2.967233	-0.2874408	-0.3259427	2.55731	0.1501051	-0.1331389	2.937875	-0.1656269	-0.2277521	2.599522	0.003203589	0.6379049	2.66958	-0.07099048	0.5233783	2.676235	-0.06353532	0.4428177	2.694039	-0.03661107	0.1937886	2.734697	-0.006751366	-0.144549	2.779979	0.01646951	0.4480875	2.789442	-0.1700027	0.3890236	2.574154	0.03129069	-0.1416468	2.783363	-0.0454338	-0.143265	2.69526	0.07358278	0.1646528	2.857291	-0.2130557	0.07666115	2.530356	0.03613465	-0.6021764	2.975958	-0.1149484	-0.5910303	2.736789	0.03380994	-0.9713638	3.074022	-0.1081139	-0.9777921	2.805758	

0.1457808	-0.09864717	2.947037	-0.2227442	-0.1746318	2.470737	0.1471472	-0.2462018	3.002898	-0.2887985	-0.2767704	2.506179	0.1651836	-0.100595	2.943	-0.2089164	-0.2195201	2.49	0.03586636	0.6299319	2.655511	-0.05011218	0.5201637	2.668605	-0.04703562	0.4395588	2.689127	-0.03220743	0.1918803	2.735738	-0.005870809	-0.1479252	2.786525	0.06616983	0.3771867	2.780006	-0.1536872	0.387044	2.569988	0.0344658	-0.1463284	2.792522	-0.04592314	-0.1455164	2.69963	-0.02707219	0.04336009	2.761559	-0.215078	0.07531496	2.525882	0.03366696	-0.6049721	2.978956	-0.1158765	-0.5880675	2.738536	0.03010691	-0.9764079	3.077368	-0.1080266	-0.9777683	2.806003	

0.1817736	-0.1220739	2.985349	-0.2168771	-0.1667148	2.420279	0.1792508	-0.2163389	2.991446	-0.2919452	-0.2564339	2.45155	0.2034376	-0.1264592	2.955846	-0.1929318	-0.1599248	2.421171	0.09310369	0.6104069	2.637244	0.00160046	0.5135864	2.653029	-0.002206142	0.4341402	2.678957	-0.01612811	0.190209	2.740616	-0.008583755	-0.1461183	2.810762	0.08176329	0.4018157	2.784382	-0.1109523	0.3854867	2.556142	0.03011864	-0.1448653	2.812398	-0.04666872	-0.1432065	2.727663	0.1350591	0.1232508	2.959697	-0.2136077	0.08033974	2.488928	0.02668109	-0.6109601	2.988394	-0.1201535	-0.5866434	2.744013	0.02774448	-0.977903	3.079989	-0.1083303	-0.9777322	2.806588	

0.2061284	-0.1552362	3.006486	-0.1833086	-0.1677973	2.421356	0.197964	-0.2473793	3.043285	-0.2607507	-0.289658	2.429402	0.1994145	-0.204174	2.961143	-0.1922366	-0.24066	2.424	0.200633	0.5350213	2.60541	0.09282241	0.458917	2.627819	0.0775605	0.3822993	2.660289	0.03071184	0.1471415	2.747352	-0.0331623	-0.1734418	2.852447	0.1595085	0.33947	2.799567	-0.03777405	0.3564321	2.549514	0.006776405	-0.1709217	2.855282	-0.07219593	-0.1709986	2.767935	0.1657059	0.09212873	2.987576	-0.1503852	0.08232721	2.457781	0.01308767	-0.5855916	2.996912	-0.130225	-0.6005027	2.798034	0.02487143	-0.9788706	3.079756	-0.1091859	-0.9779848	2.80726	

0.2059085	-0.1706452	3.010396	-0.1763104	-0.1753979	2.421771	0.1988687	-0.2568694	3.03488	-0.2524435	-0.3090795	2.429982	0.1994786	-0.2051449	2.965838	-0.1487025	-0.208891	2.417928	0.2185467	0.517507	2.604151	0.109447	0.4455024	2.626597	0.08905268	0.3725997	2.65949	0.03243479	0.1450215	2.747293	-0.03562891	-0.1728638	2.852759	0.165219	0.3355137	2.797353	-0.03224939	0.3514683	2.550278	0.001115015	-0.1705702	2.855472	-0.0728493	-0.1704567	2.768233	0.1751018	0.07794486	2.989565	-0.1451985	0.07511729	2.457789	0.009630254	-0.5828183	2.999611	-0.131277	-0.5959759	2.799889	0.02404939	-0.9791322	3.079919	-0.1093236	-0.9783466	2.807664	

0.2109355	-0.2710816	3.01864	-0.126072	-0.3099082	2.426535	0.1927239	-0.33607	3.040846	-0.2023139	-0.400028	2.428884	0.1825144	-0.2853172	2.969	-0.1295469	-0.3225443	2.406	0.3421981	0.3405314	2.58373	0.2333092	0.3139593	2.597835	0.1917275	0.2515378	2.642419	0.06420444	0.06027443	2.765682	-0.1093162	-0.1997942	2.919008	0.2889183	0.2052118	2.765432	0.05405803	0.2331057	2.551789	-0.07447831	-0.2092413	2.925531	-0.1411392	-0.1847529	2.830905	0.2287324	-0.02194556	2.994922	-0.09009146	-0.05981279	2.44612	-0.006151097	-0.6894817	3.044052	-0.1621847	-0.6363014	2.793955	0.02576583	-1.020011	3.085912	-0.1123327	-0.9779706	2.809631	

0.219897	-0.496197	3.051707	-0.04934611	-0.4310383	2.481122	0.2102592	-0.5648252	3.059283	-0.08302189	-0.6259527	2.515015	0.1927825	-0.5066912	3.01325	-0.06637058	-0.5705496	2.461905	0.4213353	0.04797579	2.627535	0.3084903	0.06729445	2.63619	0.2583446	0.02349358	2.68026	0.1044908	-0.1099499	2.801908	-0.1049082	-0.2905809	2.953249	0.2816723	-0.03982457	2.778301	0.1265303	0.07410615	2.577344	-0.06587023	-0.3122556	2.969816	-0.1411099	-0.2608701	2.85529	0.2457186	-0.2494041	3.024408	-0.005647778	-0.178	2.504652	0.02750591	-0.7445843	3.039931	-0.141042	-0.7104338	2.776065	0.03313304	-0.9807005	3.075417	-0.1043626	-1.039904	2.820784	

0.2195203	-0.5157654	3.053404	-0.03953196	-0.4286472	2.490281	0.2211142	-0.5883675	3.064786	-0.04448603	-0.6298504	2.510014	0.2043857	-0.5493918	3.033375	-0.05680922	-0.5889734	2.471875	0.417728	0.02969678	2.626957	0.3095271	0.0643805	2.637712	0.2595552	0.01849474	2.682417	0.1059768	-0.1248805	2.806624	-0.1037159	-0.3274288	2.962778	0.2835375	-0.06813591	2.784174	0.1304642	0.07247537	2.579766	-0.06716891	-0.3633242	2.959418	-0.1373152	-0.2926856	2.88597	0.239409	-0.2669603	3.036946	-0.003163003	-0.1791258	2.507344	0.03409913	-0.7440465	3.038505	-0.1389724	-0.6905014	2.746401	0.03642801	-0.9864876	3.073099	-0.1065828	-0.9844462	2.811304	

0.2155897	-0.621025	3.048398	0.009368131	-0.503789	2.54743	0.1087576	-0.71501	3.035558	-0.005053274	-0.6657541	2.559575	0.1145457	-0.6178755	2.9887	-0.02953173	-0.5194417	2.5215	0.4599193	-0.08842878	2.628843	0.3395096	-0.05326745	2.641966	0.2738585	-0.08284984	2.672416	0.07262693	-0.1725993	2.75319	-0.2013714	-0.2938189	2.849818	0.2983457	-0.171	2.789882	0.1573116	-0.01885177	2.592955	-0.1695738	-0.3346272	2.869905	-0.227484	-0.2445755	2.748522	0.2255688	-0.3717562	3.034932	0.03422569	-0.2539646	2.543614	0.07788888	-0.7553146	3.039793	-0.075441	-0.7159742	2.762397	0.03534094	-0.981576	3.06795	-0.1018024	-1.042673	2.824032	

0.2384928	-0.6872445	3.036877	-0.004945685	-0.6119083	2.558891	0.2091524	-0.7952602	3.05025	0.01443372	-0.7167368	2.617126	0.1974673	-0.7727873	3.034143	-0.02968388	-0.65244	2.671526	0.4532669	-0.2063717	2.655164	0.3499787	-0.1385645	2.651627	0.2842946	-0.1598177	2.680041	0.08292461	-0.2238612	2.754761	-0.1975511	-0.2999674	2.847389	0.3264959	-0.2328372	2.797539	0.2058693	-0.07676376	2.61434	-0.1716192	-0.3655766	2.823416	-0.210154	-0.2452126	2.775347	0.2477281	-0.437822	3.02765	0.05816312	-0.3690948	2.560975	0.1341537	-0.6340004	3.009017	-0.05878888	-0.7005382	2.752191	0.06408624	-0.9601635	3.044543	-0.08995369	-1.026426	2.815822	

0.2518585	-0.6851702	3.004852	0.01983549	-0.6547915	2.572423	0.2341325	-0.8461078	3.037877	0.01094337	-0.7455726	2.651121	0.2302115	-0.7743594	3.0198	-0.03856966	-0.6787229	2.676	0.4591187	-0.2609731	2.654833	0.3594358	-0.198741	2.663229	0.2906386	-0.2196	2.699819	0.07984961	-0.2821231	2.799057	-0.2069097	-0.3657084	2.920412	0.3359277	-0.2927833	2.809124	0.2208629	-0.1136839	2.626646	-0.1859458	-0.4106503	2.843816	-0.2221219	-0.3106613	2.915987	0.1889776	-0.4950295	2.745947	0.07842936	-0.4111999	2.57229	0.08432684	-0.7357175	3.022353	-0.005783689	-0.6219122	2.712152	0.006725967	-1.057684	3.068826	-0.08300584	-0.9845503	2.804229	

0.2587641	-0.6979418	3.005421	0.06316463	-0.6624827	2.571015	0.2431317	-0.8518591	3.02553	0.06851101	-0.8393244	2.615746	0.2441846	-0.7388438	3.010857	0.00677041	-0.6784391	2.660334	0.4636675	-0.2628184	2.651097	0.3589383	-0.2198679	2.66571	0.2892428	-0.2286137	2.70055	0.07601959	-0.2774736	2.797475	-0.2285044	-0.3051342	2.907497	0.3354337	-0.3138304	2.811598	0.22368	-0.1276588	2.627319	-0.1997425	-0.3684864	2.879287	-0.2508977	-0.2332347	2.85453	0.1862465	-0.5135479	2.745022	0.08142598	-0.4125568	2.574573	0.05216463	-0.6826114	3.022568	-0.04299087	-0.6194667	2.733498	-0.02528541	-1.004852	3.069022	-0.08082744	-0.9846315	2.80316	

0.206373	-0.6183019	2.864688	0.06224651	-0.6600119	2.572716	0.2141171	-0.7880589	2.875382	0.07474972	-0.8410503	2.621102	0.2152522	-0.6751419	2.860676	0.004562553	-0.692973	2.669	0.4641236	-0.3635023	2.665311	0.3558254	-0.3378089	2.682453	0.2839589	-0.3360023	2.712935	0.06383466	-0.3290401	2.793995	-0.2316065	-0.3106537	2.900555	0.3323469	-0.4313279	2.828315	0.2698817	-0.1650005	2.661984	-0.2086322	-0.378414	2.863852	-0.2509513	-0.2356331	2.852556	0.1006473	-0.4886104	2.584107	0.09540161	-0.411647	2.574552	0.06922852	-0.6786733	3.008171	-0.01862296	-0.6506885	2.718199	-0.008310642	-1.000936	3.054626	-0.07779849	-0.9822025	2.802097	

0.2121608	-0.6808986	2.871521	0.07641087	-0.6752446	2.576254	0.2730474	-0.8664265	2.977314	0.07119025	-0.8566723	2.633727	0.2757532	-0.8513923	2.962444	0.001534849	-0.7085652	2.667111	0.4670087	-0.3726468	2.66382	0.3581952	-0.3386065	2.678146	0.2855939	-0.3375328	2.7109	0.06543069	-0.3357787	2.796934	-0.2344534	-0.3457556	2.917764	0.3347052	-0.4321231	2.82401	0.2772176	-0.1640468	2.675503	-0.2152245	-0.3941245	2.87094	-0.2436186	-0.2876144	2.88397	0.09270126	-0.5482759	2.597618	0.1137442	-0.427744	2.574492	0.1102803	-0.7831391	3.014328	-0.002748939	-0.5925216	2.70224	0.02527162	-0.9686686	3.034427	-0.07915168	-0.9838902	2.802334	

0.2769978	-0.8153552	3.016143	0.07688156	-0.6772447	2.57704	0.2527988	-0.9648582	3.059429	0.06981606	-0.8554922	2.639637	0.2470351	-0.8937706	3.0474	-0.001506292	-0.7118307	2.6645	0.4666314	-0.3801591	2.66577	0.3584221	-0.3385359	2.677947	0.2856811	-0.3376632	2.710881	0.0642269	-0.3381713	2.799041	-0.237799	-0.3469772	2.918409	0.3101736	-0.4415016	2.767741	0.2648577	-0.1719956	2.668712	-0.2215787	-0.3999141	2.869434	-0.2477835	-0.2861097	2.886565	0.172083	-0.6529084	2.752623	0.114677	-0.4298642	2.574907	0.1102283	-0.7832996	3.014201	-0.004962495	-0.5888036	2.703167	0.02681733	-0.9698507	3.033086	-0.08006243	-0.98474	2.801846	

0.2615731	-0.8276188	3.008016	0.0842763	-0.6810243	2.587642	0.269445	-0.9624097	3.030046	0.06952539	-0.8610721	2.647441	0.2757904	-0.9040678	3.0155	-0.00387262	-0.7162531	2.662457	0.4640793	-0.4017828	2.6736	0.358887	-0.3403709	2.677865	0.2855876	-0.3403871	2.711375	0.06025178	-0.3434541	2.802901	-0.2487928	-0.3501191	2.922126	0.2866209	-0.454326	2.703246	0.2622972	-0.1800404	2.664787	-0.2367745	-0.4114435	2.872529	-0.2569757	-0.2826004	2.891296	0.1577933	-0.6611298	2.746862	0.1149032	-0.4337046	2.576454	0.1106365	-0.7837778	3.013376	-0.01050752	-0.5814164	2.705484	0.02932185	-0.9712917	3.030693	-0.08033547	-0.9860396	2.801427	

0.1937076	-0.6714053	2.872541	0.08496683	-0.6939343	2.591829	0.2727426	-0.8950009	3.019295	0.06915507	-0.8789542	2.657093	0.2707199	-0.7719688	3.0116	-0.008992667	-0.7280083	2.665723	0.4639111	-0.4048839	2.674196	0.3593207	-0.3417527	2.677971	0.2856598	-0.3410086	2.711614	0.05938534	-0.3419719	2.803898	-0.2538781	-0.3330334	2.922705	0.2870945	-0.4541236	2.702629	0.2579127	-0.1927973	2.661922	-0.2408612	-0.4020281	2.868077	-0.2614388	-0.2484892	2.900305	0.07185569	-0.5544266	2.593487	0.1177634	-0.447315	2.579511	0.1095079	-0.7634101	3.005052	-0.02963587	-0.5596158	2.715767	-0.0177592	-1.071527	3.039701	-0.08036155	-0.9860816	2.801423	

0.1679119	-0.7547179	2.847539	0.1050863	-0.6893584	2.598017	0.1958906	-0.9316602	2.979255	0.07460275	-0.8740356	2.666163	0.212392	-0.8825906	2.965429	0.01166437	-0.7236518	2.6718	0.4644117	-0.4059289	2.674475	0.3597552	-0.342627	2.678042	0.2859796	-0.3415461	2.71201	0.05981266	-0.3405952	2.806155	-0.2517064	-0.3290669	2.926805	0.2872792	-0.454641	2.703844	0.2689309	-0.2000895	2.663531	-0.2441145	-0.3974164	2.875641	-0.2520967	-0.2460113	2.901274	0.06834456	-0.5567469	2.607021	0.1293543	-0.4428642	2.578937	0.1098868	-0.7609755	3.005401	-0.02862676	-0.5631371	2.717132	0.1527683	-1.0145	3.059322	-0.08040778	-0.9862412	2.801416	

0.2394052	-0.8058258	2.976558	0.1069234	-0.6879377	2.599225	0.2190072	-0.9581779	3.01848	0.08171292	-0.8625669	2.674637	0.2430977	-0.8921341	3.004545	0.01277336	-0.7204168	2.673276	0.4711266	-0.4098466	2.671246	0.3673366	-0.3467398	2.676587	0.2932968	-0.3448549	2.711471	0.06693437	-0.3404649	2.807092	-0.2407171	-0.3274198	2.927618	0.2235138	-0.4193068	2.629221	0.2602097	-0.2003776	2.667516	-0.243619	-0.3971867	2.874904	-0.2159427	-0.246226	2.90508	0.1461722	-0.6251245	2.728595	0.1318584	-0.4416868	2.5788	0.1061937	-0.762273	3.009826	-0.02310735	-0.5778308	2.711269	0.1477787	-1.019591	3.064161	-0.08074656	-0.9879345	2.801021	

0.1789949	-0.7251716	2.895281	0.106008	-0.6957467	2.600013	0.2398807	-0.9137719	3.000275	0.09305226	-0.8587505	2.678334	0.2510598	-0.8211696	2.996	0.01672492	-0.7259547	2.679684	0.4710761	-0.405	2.669462	0.3662899	-0.3458498	2.676422	0.2925824	-0.3440183	2.711508	0.06679174	-0.3386504	2.807598	-0.2397943	-0.3255926	2.928018	0.2178597	-0.4116258	2.626677	0.2601742	-0.200472	2.667535	-0.2447297	-0.3944114	2.872944	-0.2162319	-0.2454267	2.905929	0.04457469	-0.5936807	2.628572	0.1340058	-0.4494313	2.582698	0.1059336	-0.7611185	3.010596	-0.02392876	-0.5773206	2.712066	0.1476548	-1.01942	3.064397	-0.08077282	-0.9890519	2.801356	

0.1819532	-0.7242559	2.916187	0.1085675	-0.6939721	2.602545	0.2254033	-0.9155684	2.992774	0.095088	-0.8575017	2.681446	0.2482323	-0.8494486	2.984546	0.01953427	-0.7269988	2.683846	0.4707083	-0.3988709	2.666888	0.36501	-0.3449121	2.6761	0.2918358	-0.3437182	2.711487	0.06652988	-0.3392079	2.808025	-0.2388679	-0.3323115	2.929979	0.2192841	-0.4119544	2.627497	0.2601893	-0.2004966	2.667481	-0.2434808	-0.3988538	2.872947	-0.2220914	-0.2576976	2.909454	0.03589157	-0.57587	2.664058	0.1347949	-0.4477044	2.583389	0.1067256	-0.775659	3.019602	-0.02073194	-0.5812411	2.709398	0.1484207	-1.037608	3.073534	-0.08065078	-0.989069	2.801463	

0.2037879	-0.675882	2.9336	0.1062154	-0.6782787	2.608464	0.2507158	-0.8388804	2.98436	0.09621629	-0.8394981	2.691946	0.2191894	-0.7327003	3.009182	0.01014945	-0.7129411	2.682166	0.4671873	-0.3846557	2.666796	0.3611582	-0.3283304	2.673581	0.2883819	-0.3325058	2.710619	0.06467505	-0.3372106	2.809209	-0.2421125	-0.3362301	2.933366	0.2243247	-0.4057451	2.629591	0.2673858	-0.1887844	2.673567	-0.2449089	-0.4015782	2.874993	-0.2307166	-0.2628351	2.913374	0.03501004	-0.5576192	2.679401	0.1393985	-0.4330417	2.587143	0.1059311	-0.777274	3.022211	-0.02032327	-0.5786605	2.709221	0.14766	-1.039104	3.075661	-0.08086795	-0.9894207	2.80163	

0.2016432	-0.7167541	2.932936	0.1097729	-0.6438217	2.609943	0.2273136	-0.9011655	2.972977	0.09418289	-0.7910303	2.692208	0.188618	-0.8694229	2.959375	0.01579799	-0.6781845	2.6884	0.4738196	-0.3306218	2.677119	0.3528687	-0.2819775	2.66142	0.2781746	-0.2959095	2.703882	0.05274471	-0.3260779	2.813958	-0.2678996	-0.350879	2.955435	0.1837198	-0.4116398	2.632854	0.2287374	-0.1420868	2.668936	-0.2552545	-0.4143364	2.884177	-0.2755271	-0.274722	2.9476	0.02733887	-0.5955815	2.683618	0.1402657	-0.3981349	2.588048	0.1041067	-0.7790928	3.027588	-0.01381711	-0.5421416	2.71859	0.1458531	-1.040905	3.080612	-0.08065993	-0.9839999	2.801268	

0.207538	-0.6904559	2.939961	0.07263833	-0.7437919	2.668038	0.2273666	-0.8604339	2.964634	0.1164769	-0.8821154	2.749239	0.1914414	-0.8360986	2.950083	0.04152699	-0.7792149	2.71975	0.4760993	-0.3085736	2.670821	0.3523258	-0.2795391	2.661577	0.2771639	-0.29033	2.703962	0.04881704	-0.3146248	2.816711	-0.2680695	-0.3443837	2.958031	0.1798766	-0.4109378	2.63689	0.2296025	-0.1394375	2.669396	-0.259873	-0.4097901	2.88643	-0.2688047	-0.265439	2.9505	0.02672384	-0.5990058	2.68305	0.1177479	-0.4628256	2.63833	0.0971715	-0.7801405	3.033641	-0.01125561	-0.5265803	2.71745	0.1389024	-1.042014	3.08651	-0.06209667	-0.9738741	2.78469	

0.2044803	-0.6197113	2.918633	0.09680361	-0.6652278	2.644414	0.2480609	-0.7842778	2.951416	0.08639897	-0.8680571	2.746621	0.2325489	-0.7880917	2.925667	0.07034733	-0.84388	2.7145	0.470203	-0.2626081	2.664677	0.3491967	-0.2237863	2.655397	0.2757475	-0.244065	2.697598	0.0495001	-0.3073539	2.815066	-0.2616464	-0.3556536	2.956404	0.1852189	-0.3147348	2.62179	0.2734389	-0.1113733	2.664968	-0.2571604	-0.4148054	2.882176	-0.2550145	-0.2924555	2.952866	0.06709404	-0.5339606	2.636463	0.1225109	-0.4185156	2.630936	0.2288975	-0.7824495	2.99467	0.008529399	-0.5354223	2.705115	0.2698722	-1.044388	3.047387	-0.06900457	-0.9750068	2.790441	

0.1932655	-0.5859252	2.894948	0.1427511	-0.5494602	2.660279	0.2386889	-0.7509028	2.950959	0.09935788	-0.678198	2.709245	0.2056377	-0.7444957	2.920333	0.04612356	-0.5347702	2.664556	0.4449869	-0.1584332	2.66642	0.3204376	-0.137688	2.655627	0.2595743	-0.1433001	2.711557	0.07321038	-0.1596933	2.868861	-0.1798292	-0.1811322	3.067991	0.1787491	-0.2184712	2.616158	0.2253738	-0.009426993	2.669025	-0.1826678	-0.2514267	3.007363	-0.1722104	-0.1060455	3.047029	0.05809747	-0.4356629	2.638765	0.07982008	-0.3138268	2.619685	0.2676907	-0.5285355	3.137795	-0.06569737	-0.4471901	2.771235	0.007852716	-0.8974777	3.040107	-0.08421841	-0.9030696	2.799329	

0.1970495	-0.5857617	2.899512	0.08802512	-0.5601893	2.661047	0.1953958	-0.7509223	2.966479	0.09287214	-0.7126766	2.728884	0.238186	-0.7079859	2.9155	0.04787601	-0.5950066	2.696917	0.4447744	-0.1525169	2.66538	0.3199622	-0.136269	2.655292	0.2586582	-0.1408583	2.710938	0.07010885	-0.1524926	2.866873	-0.1878883	-0.1636139	3.062944	0.1784514	-0.2183838	2.616546	0.2252436	-0.008836814	2.669132	-0.1933932	-0.2333806	3.002166	-0.1776657	-0.0893181	3.042068	0.06267349	-0.4376092	2.641793	0.07543747	-0.3162506	2.622006	0.2427879	-0.5190283	3.153107	-0.06546872	-0.4126076	2.768996	0.02949957	-0.9150622	3.049422	-0.0881136	-0.8685968	2.796308	

0.07486651	-0.6063263	2.725018	0.06768379	-0.4563814	2.67909	0.08892398	-0.7522775	2.805948	0.07965066	-0.5814519	2.706757	0.1132078	-0.6853502	2.723631	0.04035479	-0.503498	2.67225	0.4032314	-0.01336842	2.670358	0.2841313	-0.03858302	2.665577	0.2233456	-0.05837558	2.7227	0.03845862	-0.1193921	2.882957	-0.2142522	-0.1982072	3.08664	0.1976617	-0.178819	2.737315	0.1633145	0.07591379	2.674962	-0.2007447	-0.2685632	3.025496	-0.2225117	-0.1208565	3.065133	0.03473583	-0.3590447	2.648279	0.03581927	-0.2153649	2.633522	0.2082203	-0.5637075	3.214193	-0.08254234	-0.4220026	2.777964	-0.01192778	-0.9558195	3.111306	-0.08265346	-0.8800784	2.783731	

0.07364794	-0.5970768	2.733942	0.06804033	-0.4609979	2.695975	0.07232373	-0.6601006	2.754716	0.06586152	-0.6337569	2.732533	0.08929288	-0.5980396	2.731693	0.0350997	-0.6212587	2.709728	0.3853067	0.03510885	2.685794	0.2620783	0.0376409	2.677354	0.2030388	0.004493487	2.729043	0.02931889	-0.1062217	2.87754	-0.2218305	-0.2299188	3.057693	0.1975642	-0.1158178	2.723715	0.1269934	0.1027094	2.669459	-0.2006014	-0.2922347	2.996132	-0.23846	-0.1631282	3.037534	0.03935435	-0.3242573	2.661741	-0.005847269	-0.2137259	2.645858	-0.02345356	-0.7361097	3.049739	-0.1493527	-0.5224944	2.814109	0.08277607	-1.052423	3.08129	-0.1016375	-0.953307	2.809397	

