0.04387687	-0.1790529	2.611735	-0.401264	-0.2034852	2.897732	0.03066442	-0.331682	2.598877	-0.4188569	-0.3106288	2.916846	-0.007356973	-0.2168825	2.607188	-0.436282	-0.2494795	2.8786	-0.204205	0.6138278	2.645281	-0.1557702	0.4869225	2.714175	-0.1575305	0.4093119	2.734404	-0.1622766	0.1713897	2.785344	-0.1680528	-0.1529149	2.842976	-0.003105748	0.3795794	2.66753	-0.3350297	0.3831046	2.809766	-0.09008543	-0.1518091	2.773166	-0.2413811	-0.1498601	2.835388	0.06755143	0.08786019	2.655	-0.378921	0.06461691	2.902752	0.0364837	-0.5787712	2.883423	-0.2778717	-0.6148439	2.918273	0.06555473	-0.9445813	2.967695	-0.3385583	-0.9924453	2.955589	

0.04456428	-0.1791628	2.611948	-0.4012222	-0.203547	2.89815	0.03821124	-0.337443	2.603573	-0.4119436	-0.310022	2.921421	-0.005168905	-0.2379934	2.607545	-0.4365511	-0.1755679	2.87425	-0.2043597	0.6139038	2.645224	-0.1559452	0.4868113	2.714175	-0.1576664	0.4092062	2.734398	-0.1623279	0.1712948	2.785323	-0.168024	-0.1530345	2.842928	-0.003151358	0.3796748	2.667424	-0.3351137	0.3829378	2.809635	-0.09006503	-0.1518569	2.773133	-0.2413443	-0.1500833	2.835323	0.06747787	0.08784834	2.655	-0.3789579	0.06455701	2.902753	0.03647884	-0.5790817	2.883423	-0.2780329	-0.6124927	2.918282	0.06578993	-0.9441108	2.967904	-0.3363148	-0.990626	2.956558	

0.04623866	-0.1799888	2.611822	-0.4012555	-0.2034841	2.898477	0.04677684	-0.3380331	2.605849	-0.4160639	-0.3075262	2.920156	-9.675537E-05	-0.2069937	2.644889	-0.433293	-0.1848011	2.87044	-0.2047874	0.6140522	2.644634	-0.1566686	0.4863307	2.713617	-0.1581816	0.4087744	2.733913	-0.1624086	0.1709667	2.784992	-0.167633	-0.1534095	2.842605	-0.004237211	0.3792248	2.666416	-0.3353561	0.3823297	2.809155	-0.08965835	-0.1522228	2.772509	-0.2409393	-0.1504874	2.835223	0.06732903	0.08720855	2.6545	-0.3789558	0.06460673	2.902839	0.03645762	-0.579089	2.883341	-0.27789	-0.6135556	2.918887	0.06606267	-0.9437888	2.968301	-0.3364261	-0.9916164	2.956126	

0.04867142	-0.1838282	2.611949	-0.4016508	-0.2059892	2.898854	0.05718636	-0.3381768	2.605179	-0.4103895	-0.3107061	2.925557	0.004289137	-0.2316357	2.627	-0.4329224	-0.2153517	2.876688	-0.2056687	0.6136158	2.644524	-0.1584228	0.4853517	2.712526	-0.1596093	0.4076793	2.733037	-0.1630685	0.1694847	2.784591	-0.1673386	-0.1559997	2.842761	-0.005251468	0.3791647	2.665274	-0.3357373	0.3820188	2.808512	-0.08945369	-0.1545572	2.772494	-0.2405631	-0.1532523	2.835541	0.06747823	0.08417334	2.653674	-0.3793491	0.06263159	2.903237	0.03640455	-0.5799621	2.883379	-0.2777815	-0.6133246	2.919209	0.06607425	-0.9437741	2.968365	-0.3360842	-0.9916519	2.956269	

0.05817442	-0.1908215	2.613196	-0.40503	-0.2344068	2.899522	0.07748629	-0.341234	2.624543	-0.4078507	-0.3083755	2.929412	0.0401205	-0.258983	2.586917	-0.4386787	-0.1854329	2.8884	-0.2129835	0.6121913	2.642372	-0.1624952	0.4854093	2.709415	-0.1628308	0.4072036	2.730333	-0.16438	0.1677622	2.782717	-0.1665804	-0.1601074	2.841022	-0.01240048	0.3765632	2.659575	-0.337386	0.3804349	2.807085	-0.08902685	-0.1586162	2.770521	-0.239497	-0.1572758	2.833923	0.06730644	0.08078932	2.65132	-0.3821108	0.03692487	2.911545	0.03573621	-0.5806414	2.883197	-0.2777123	-0.6150126	2.919845	0.06589737	-0.9438123	2.968386	-0.336064	-0.9917164	2.956184	

0.06309389	-0.1972609	2.61434	-0.4059732	-0.2335586	2.903327	0.08332805	-0.3421636	2.63178	-0.4075499	-0.3118881	2.935269	0.02761904	-0.2319476	2.625105	-0.4452578	-0.1693992	2.898	-0.2172972	0.6114422	2.640469	-0.1657582	0.4845106	2.706944	-0.1657967	0.4062662	2.727945	-0.1660957	0.1667258	2.780864	-0.1669017	-0.1608123	2.840116	-0.0155788	0.3753486	2.656836	-0.3386919	0.3797356	2.806607	-0.08959834	-0.159456	2.769395	-0.2396022	-0.157836	2.833136	0.06747606	0.07658784	2.649559	-0.3825784	0.03957936	2.911378	0.03518432	-0.5814896	2.882343	-0.277737	-0.6151105	2.919829	0.06566668	-0.9439291	2.968218	-0.3348865	-0.9921796	2.956785	

0.06481829	-0.202101	2.614247	-0.4075047	-0.2413473	2.903814	0.08455177	-0.3406998	2.628876	-0.4035763	-0.3127349	2.936291	0.02635965	-0.2314758	2.636636	-0.4319128	-0.2068534	2.884276	-0.2202746	0.6105763	2.639663	-0.1684642	0.4838321	2.705429	-0.1682258	0.4055101	2.726438	-0.1675459	0.165723	2.779494	-0.1671449	-0.1618457	2.839099	-0.0183042	0.3740721	2.654506	-0.3394202	0.379404	2.805085	-0.09005326	-0.1607887	2.76818	-0.2396578	-0.1585726	2.832249	0.06712023	0.07374276	2.64803	-0.383123	0.03355974	2.913237	0.0344822	-0.5823571	2.88163	-0.2778052	-0.6151773	2.919807	0.06550482	-0.9440092	2.968225	-0.3334085	-0.991814	2.958743	

0.06596632	-0.2056946	2.614246	-0.4095162	-0.2476991	2.906605	0.08810141	-0.3411441	2.630023	-0.3519335	-0.3653251	2.860041	0.02902001	-0.2409264	2.620562	-0.3959353	-0.3041325	2.943	-0.2246333	0.6097972	2.63833	-0.1706082	0.4830721	2.703925	-0.170206	0.4047393	2.724921	-0.1688694	0.1648755	2.778025	-0.1674814	-0.1625913	2.837925	-0.02122803	0.3735404	2.651622	-0.3407666	0.3781509	2.804136	-0.09068894	-0.1614627	2.766653	-0.2397278	-0.159343	2.831326	0.06685904	0.0719552	2.646665	-0.3832813	0.02866878	2.913695	0.03339019	-0.5827918	2.880637	-0.2780111	-0.6150292	2.919552	0.0653828	-0.9442343	2.96822	-0.3327194	-0.9920307	2.959129	

0.06672366	-0.2074188	2.614398	-0.4062787	-0.2312894	2.909292	0.08327489	-0.3422303	2.636548	-0.4059374	-0.3145607	2.953431	0.02780972	-0.2421548	2.620362	-0.3885076	-0.2660495	2.9275	-0.2273317	0.6090116	2.637844	-0.1731202	0.4826589	2.702756	-0.1725161	0.4043318	2.723688	-0.1704685	0.1644303	2.776663	-0.1680757	-0.1629799	2.836567	-0.02361732	0.3725917	2.649846	-0.3416105	0.3773302	2.80314	-0.09157417	-0.1618817	2.764977	-0.2400402	-0.1596703	2.830252	0.0660272	0.07086945	2.645283	-0.3867392	0.04611211	2.910781	0.03242065	-0.5834192	2.880214	-0.2782084	-0.6149009	2.919329	0.06525118	-0.9443327	2.968085	-0.3318846	-0.9919654	2.959483	

0.06720233	-0.2102715	2.613893	-0.4061882	-0.2281637	2.910583	0.08577605	-0.3438492	2.63237	-0.4034486	-0.3123794	2.94351	0.03022883	-0.2479184	2.602773	-0.3578178	-0.1708899	2.904667	-0.2289616	0.6090654	2.637218	-0.1751329	0.4821495	2.701509	-0.1746106	0.4036999	2.72251	-0.1726836	0.1633644	2.77571	-0.1700764	-0.1644889	2.836035	-0.02615515	0.3712614	2.647949	-0.3436097	0.375524	2.802965	-0.09399179	-0.1624301	2.764299	-0.241763	-0.1624151	2.829786	0.06467379	0.06836559	2.643295	-0.3878315	0.04953708	2.91027	0.03077096	-0.5847347	2.879741	-0.2786948	-0.615125	2.919054	0.06517	-0.9444141	2.967981	-0.3323379	-0.992382	2.957588	

0.06595643	-0.2119994	2.612522	-0.4065529	-0.2280122	2.912174	0.08319478	-0.3449434	2.639259	-0.4037369	-0.3136456	2.944823	0.01524186	-0.236914	2.645667	-0.3597384	-0.1706765	2.90452	-0.2309772	0.6084951	2.636868	-0.1771801	0.4819831	2.701011	-0.176505	0.4034142	2.721971	-0.1741095	0.162715	2.775053	-0.1708904	-0.1655881	2.835219	-0.02792666	0.3709315	2.646357	-0.345476	0.3727314	2.802315	-0.09520084	-0.1630396	2.763335	-0.24215	-0.1640138	2.82903	0.06270451	0.06685486	2.640784	-0.3884189	0.04979041	2.910348	0.03008731	-0.5856607	2.879477	-0.2792378	-0.6137237	2.918277	0.06510397	-0.9445202	2.967885	-0.3315166	-0.9926717	2.957896	

0.05216865	-0.2144483	2.603328	-0.4063466	-0.2277737	2.912583	0.04457811	-0.3321643	2.615844	-0.4084765	-0.3125111	2.94568	-0.001819578	-0.2243875	2.60245	-0.3604575	-0.1715229	2.902617	-0.2339595	0.608454	2.635254	-0.1811523	0.4816417	2.698643	-0.1808725	0.4029295	2.719609	-0.1796	0.1616821	2.772741	-0.1775842	-0.1673772	2.833168	-0.03323463	0.3700435	2.642097	-0.3465	0.373044	2.801741	-0.1033604	-0.1647961	2.759828	-0.2471991	-0.1655778	2.828209	0.05169737	0.06440273	2.634274	-0.39	0.0502952	2.910812	0.02694091	-0.5857091	2.878065	-0.279879	-0.614082	2.917837	0.06521565	-0.9439061	2.967067	-0.331948	-0.9920348	2.956493	

0.04328797	-0.2144151	2.597275	-0.4069777	-0.2361864	2.91234	0.02815995	-0.3296816	2.610271	-0.4089268	-0.3115609	2.944311	-0.008493537	-0.2525953	2.583294	-0.3653814	-0.1698846	2.907799	-0.2368814	0.6081787	2.634856	-0.1836695	0.4814059	2.697859	-0.1835665	0.4026405	2.718725	-0.1827262	0.1611987	2.771529	-0.1810991	-0.1680953	2.831489	-0.0365533	0.3694127	2.640078	-0.348533	0.3726296	2.801497	-0.1068125	-0.1654109	2.757324	-0.2505657	-0.1663042	2.827352	0.04595711	0.06461229	2.63052	-0.3930532	0.04249856	2.91413	0.02536904	-0.5862736	2.878061	-0.2802156	-0.6139795	2.917568	0.06531949	-0.9438196	2.967031	-0.3314797	-0.9916577	2.956662	

0.02955274	-0.2123029	2.593224	-0.4119676	-0.2387704	2.912899	-0.0005943457	-0.3309705	2.608015	-0.4137095	-0.3119945	2.948494	-0.0262976	-0.2525444	2.567435	-0.3728242	-0.168908	2.906572	-0.2404602	0.6076122	2.634533	-0.1854955	0.4816147	2.696463	-0.1857696	0.4027744	2.717403	-0.1863246	0.1610299	2.770449	-0.1872079	-0.1688173	2.830958	-0.03957622	0.3686042	2.638738	-0.3506087	0.3719287	2.80171	-0.1128615	-0.1660059	2.755819	-0.2565592	-0.1670863	2.82786	0.03789521	0.06702928	2.623977	-0.3948886	0.03997215	2.915871	0.02430845	-0.587193	2.878065	-0.2808315	-0.614477	2.917731	0.06510812	-0.9439201	2.966983	-0.3316146	-0.9935631	2.956524	

0.008642698	-0.2146447	2.586705	-0.4167991	-0.2413632	2.915275	-0.02458119	-0.330621	2.600203	-0.4195018	-0.3134519	2.949597	-0.04779524	-0.2300348	2.5658	-0.3991674	-0.2442046	2.8822	-0.2426231	0.6072389	2.634568	-0.1870533	0.4813909	2.695896	-0.1879339	0.4025158	2.716712	-0.1906772	0.1606867	2.769334	-0.1949996	-0.1691201	2.829126	-0.04197327	0.3680616	2.637382	-0.3514907	0.3718729	2.801829	-0.1205108	-0.1668077	2.752372	-0.2644024	-0.1668644	2.827605	0.02922711	0.06425387	2.618697	-0.3960619	0.0373117	2.916569	0.02261438	-0.588576	2.877652	-0.2814863	-0.6140922	2.917373	0.06508919	-0.9439206	2.966978	-0.3314661	-0.9934888	2.9568	

0.0005414306	-0.2141953	2.583569	-0.4206589	-0.2460846	2.91644	-0.04009579	-0.3314303	2.596388	-0.3620232	-0.3676117	2.878099	-0.06196158	-0.2425436	2.570625	-0.4232416	-0.2339535	2.882334	-0.2446061	0.6068552	2.634405	-0.1885074	0.4812595	2.695453	-0.189732	0.402404	2.716209	-0.1933668	0.1606733	2.768671	-0.1984348	-0.1689127	2.828275	-0.04448814	0.3671968	2.635813	-0.3519422	0.3721994	2.801914	-0.1239202	-0.1672501	2.750681	-0.267848	-0.1660026	2.827558	0.02492502	0.0647582	2.615344	-0.3970465	0.03266355	2.917854	0.02160706	-0.5894261	2.877403	-0.2818274	-0.6140846	2.917342	0.06458519	-0.9442228	2.966893	-0.3311808	-0.9934974	2.957082	

-0.007304347	-0.2127985	2.580056	-0.4236932	-0.2484689	2.917474	-0.04547559	-0.3269559	2.588071	-0.4282265	-0.3206364	2.954099	-0.1008481	-0.2149063	2.652222	-0.4513824	-0.2630558	2.902693	-0.2466494	0.6065394	2.634663	-0.1896267	0.481314	2.695433	-0.1911184	0.402464	2.71618	-0.1954548	0.1607364	2.768597	-0.2012298	-0.1688444	2.828106	-0.0468154	0.3668842	2.634737	-0.3527386	0.3716984	2.802007	-0.1263608	-0.1675293	2.750523	-0.27077	-0.1655355	2.827428	0.01811629	0.06635268	2.611902	-0.3979288	0.03037167	2.919487	0.0201229	-0.5888344	2.876401	-0.2821186	-0.6140403	2.917316	0.06446245	-0.9446418	2.967012	-0.3311269	-0.9933207	2.957301	

-0.01353068	-0.2112034	2.578388	-0.4257296	-0.2493139	2.917982	-0.05623873	-0.3288074	2.59405	-0.4200987	-0.3109274	2.953914	-0.09807256	-0.2162556	2.651559	-0.4509295	-0.2626939	2.903012	-0.2489967	0.6068665	2.635089	-0.1903875	0.4817241	2.695158	-0.1920743	0.4028926	2.715924	-0.1969855	0.1611841	2.768433	-0.2035077	-0.1684162	2.828126	-0.04822138	0.3664941	2.633675	-0.3535241	0.3710463	2.802706	-0.1288338	-0.1674436	2.750162	-0.2727968	-0.1647797	2.827827	0.01502117	0.06784616	2.610463	-0.398278	0.0295855	2.920711	0.01956085	-0.5904339	2.877086	-0.2825595	-0.6137267	2.917279	0.06446408	-0.9446196	2.967052	-0.3306286	-0.9934543	2.957587	

-0.02004154	-0.2107964	2.576636	-0.4272388	-0.250367	2.918803	-0.06686903	-0.3251504	2.582887	-0.4225271	-0.3113507	2.942615	0.002827804	-0.2517545	2.682143	-0.4514252	-0.262084	2.903477	-0.249671	0.6068926	2.635061	-0.1908507	0.4818861	2.694735	-0.1927301	0.4030915	2.715531	-0.1983717	0.1615359	2.768179	-0.2061853	-0.1677528	2.828242	-0.04981471	0.3664092	2.632354	-0.3531986	0.3718368	2.802431	-0.131565	-0.1672556	2.750134	-0.275305	-0.1636401	2.828118	0.01291168	0.0680031	2.608634	-0.3983924	0.0286092	2.921685	0.01944645	-0.5908342	2.877004	-0.2828749	-0.6141609	2.917241	0.0646639	-0.9441133	2.966964	-0.3302608	-0.9936059	2.957811	

-0.02602054	-0.2101354	2.574934	-0.4291387	-0.2525624	2.920161	-0.08315454	-0.338796	2.600463	-0.4269262	-0.3116055	2.945115	-0.0007665433	-0.2531503	2.682287	-0.4498524	-0.2635849	2.909044	-0.2500978	0.6068164	2.634855	-0.1912764	0.4820823	2.694606	-0.1930186	0.4032439	2.715505	-0.1984071	0.1616175	2.768315	-0.2055903	-0.167612	2.828996	-0.05080102	0.366195	2.631521	-0.3532835	0.3716639	2.802449	-0.131256	-0.1671367	2.750839	-0.2742716	-0.1634635	2.828982	0.01122282	0.06837583	2.606894	-0.3980421	0.0264205	2.923877	0.01899225	-0.5912821	2.87713	-0.2829589	-0.6144746	2.917378	0.06452763	-0.9442777	2.966754	-0.3307158	-0.9936702	2.95705	

-0.03566205	-0.2091577	2.573837	-0.4299228	-0.2527078	2.921652	-0.09189942	-0.3399459	2.596435	-0.4316874	-0.3121248	2.950115	-0.006001586	-0.2535207	2.674	-0.4439862	-0.2727309	2.9088	-0.2505376	0.6068893	2.634854	-0.1916882	0.4823822	2.693938	-0.1936068	0.403608	2.714869	-0.1995284	0.162208	2.767798	-0.2076002	-0.1666229	2.828596	-0.052265	0.3655708	2.629712	-0.352688	0.3727998	2.802155	-0.1334393	-0.1666377	2.749927	-0.2762038	-0.16192	2.829065	0.009166939	0.06852552	2.604981	-0.3978899	0.026358	2.92434	0.01885245	-0.5915021	2.877204	-0.2830912	-0.6148887	2.917334	0.06445687	-0.9444128	2.966725	-0.3313251	-0.9939647	2.956679	

-0.03979325	-0.2096864	2.574311	-0.433197	-0.2540907	2.925716	-0.08845195	-0.3347262	2.578717	-0.4492173	-0.2968478	2.959113	-0.01322182	-0.2606035	2.6726	-0.4570893	-0.2581722	2.908777	-0.2510347	0.6067296	2.63475	-0.1920349	0.4825338	2.69389	-0.1941748	0.4038241	2.714847	-0.2008411	0.1626264	2.767947	-0.2100073	-0.1659446	2.828975	-0.05308834	0.3652415	2.628638	-0.3524698	0.3735704	2.801681	-0.1359229	-0.1665123	2.750189	-0.2784768	-0.1606947	2.829587	0.007746389	0.06792331	2.603761	-0.3978061	0.02468799	2.925594	0.01865437	-0.5915552	2.877264	-0.2830848	-0.6148579	2.917391	0.06448647	-0.9443763	2.96671	-0.3312719	-0.993791	2.956641	

-0.04235309	-0.2098123	2.573451	-0.4341176	-0.2498845	2.931444	-0.09105674	-0.3354627	2.572371	-0.3530047	-0.3782076	2.868869	-0.01100197	-0.2491967	2.6683	-0.4648758	-0.2901278	2.9406	-0.2513124	0.6067937	2.634755	-0.1924005	0.4826139	2.693658	-0.1943653	0.4038979	2.714751	-0.2007746	0.1627116	2.768026	-0.2085418	-0.1655269	2.829835	-0.05348689	0.3652189	2.627497	-0.3517757	0.3738102	2.800974	-0.1349891	-0.1662348	2.750908	-0.276297	-0.1601294	2.830618	0.005095488	0.06500364	2.601712	-0.3967481	0.02559963	2.92804	0.01844997	-0.5917222	2.877183	-0.2831993	-0.6148288	2.917644	0.0643272	-0.944401	2.96654	-0.331318	-0.993541	2.957233	

-0.04531867	-0.2083527	2.571501	-0.4336166	-0.2420229	2.936135	-0.09073026	-0.3343239	2.563603	-0.3541081	-0.3648423	2.856459	-0.1186665	-0.2059177	2.649625	-0.3592632	-0.3569824	2.856	-0.2522236	0.6063721	2.635343	-0.1928319	0.482767	2.693432	-0.194617	0.4040157	2.714653	-0.2007328	0.1627769	2.768107	-0.2075316	-0.1654162	2.830502	-0.0544893	0.3650517	2.625924	-0.3506505	0.3737032	2.799352	-0.1344996	-0.1662423	2.751364	-0.2745835	-0.1598633	2.831535	0.002975187	0.06361666	2.600042	-0.395052	0.03037773	2.928795	0.01808334	-0.5927685	2.877024	-0.2832704	-0.6153575	2.917767	0.0639177	-0.9446124	2.96604	-0.3313718	-0.9933589	2.957281	

-0.04552533	-0.2073128	2.571308	-0.4331595	-0.2350116	2.939963	-0.09280192	-0.3355147	2.56479	-0.3564314	-0.3588261	2.85833	-0.01392799	-0.2505589	2.6672	-0.4787395	-0.2845995	2.952571	-0.2525357	0.6064074	2.635457	-0.193536	0.4829352	2.693182	-0.1951525	0.4041865	2.71452	-0.2008137	0.1628947	2.768193	-0.2072639	-0.1652181	2.830833	-0.05505642	0.3648694	2.624924	-0.3502944	0.3739649	2.79929	-0.1345041	-0.1661578	2.751493	-0.2737855	-0.1595158	2.832195	0.002155575	0.06231068	2.599469	-0.3945163	0.03469997	2.929739	0.01789655	-0.5933001	2.876929	-0.2832984	-0.6153297	2.917804	0.0637828	-0.9450773	2.966252	-0.3317968	-0.9932261	2.956941	

-0.04570299	-0.2055239	2.570449	-0.4335848	-0.2281924	2.944748	-0.09364581	-0.3302756	2.551064	-0.3512974	-0.352934	2.854637	-0.1177502	-0.2115675	2.648065	-0.3499789	-0.3555018	2.844	-0.2536498	0.6061097	2.635962	-0.1941375	0.4834669	2.692308	-0.1959205	0.4046853	2.713683	-0.201775	0.1632183	2.767617	-0.2088301	-0.1652382	2.830231	-0.05575824	0.3648674	2.624114	-0.3494379	0.3729789	2.798511	-0.1359593	-0.1663978	2.750528	-0.2756796	-0.1593475	2.831862	0.001328829	0.06188996	2.59878	-0.3944392	0.03898705	2.932699	0.01724067	-0.5942948	2.877105	-0.2833093	-0.6160269	2.918177	0.06353487	-0.9458699	2.966494	-0.3318591	-0.9933565	2.95674	

-0.0458649	-0.2039004	2.56992	-0.4346633	-0.22204	2.949209	-0.09475127	-0.3281033	2.540532	-0.3525283	-0.3541665	2.864639	-0.1177906	-0.2117422	2.648056	-0.3550081	-0.3488114	2.853	-0.2539672	0.6060473	2.635957	-0.1946131	0.4838068	2.691263	-0.1965213	0.4049882	2.712704	-0.2025167	0.1633826	2.766923	-0.2099292	-0.1653474	2.82959	-0.05625682	0.3646104	2.62351	-0.3485568	0.371985	2.797477	-0.1368686	-0.1666477	2.750013	-0.2770324	-0.1593142	2.831028	0.0009790957	0.0614023	2.597951	-0.3945512	0.04253471	2.934106	0.01683849	-0.5950897	2.876977	-0.2832898	-0.6160266	2.918197	0.06348258	-0.9458188	2.966572	-0.3319858	-0.9927411	2.956427	

-0.04590531	-0.2026166	2.569096	-0.4347529	-0.2157553	2.954297	-0.09757213	-0.3222194	2.534096	-0.5101165	-0.2698654	2.960756	-0.1175675	-0.2114236	2.647865	-0.5010338	-0.2116049	2.933857	-0.2541468	0.6060486	2.636079	-0.1948378	0.4840698	2.690885	-0.1968784	0.4052964	2.712284	-0.2032235	0.1638113	2.766435	-0.2113005	-0.1648165	2.82885	-0.05698151	0.3644571	2.622573	-0.3479893	0.3727392	2.797934	-0.1388128	-0.1664913	2.748962	-0.2779943	-0.158505	2.830487	0.0008754988	0.06062901	2.598063	-0.3943202	0.04618908	2.934258	0.01637074	-0.5948697	2.876385	-0.2833913	-0.6159593	2.918367	0.06349853	-0.9462824	2.966533	-0.3321192	-0.992456	2.956398	

-0.0461105	-0.2018339	2.568396	-0.4351739	-0.2110143	2.955898	-0.1024798	-0.319476	2.534398	-0.5134333	-0.2681265	2.956588	-0.1167086	-0.2096886	2.64607	-0.5032244	-0.2087675	2.93239	-0.255239	0.60592	2.636817	-0.1950508	0.4843551	2.690239	-0.1971748	0.40557	2.711692	-0.2036419	0.164037	2.766029	-0.2118925	-0.1646928	2.82855	-0.05755174	0.3642764	2.621882	-0.3475144	0.3719719	2.797497	-0.1393324	-0.1664144	2.748629	-0.2786196	-0.1583474	2.830229	0.001136466	0.05942127	2.597879	-0.3943903	0.04890088	2.93501	0.01594669	-0.5951596	2.875893	-0.2831489	-0.6158383	2.91857	0.06350623	-0.9466617	2.966502	-0.3321313	-0.9923875	2.956387	

-0.04543264	-0.1997717	2.565706	-0.4353901	-0.2059983	2.955815	-0.1064097	-0.3139162	2.531486	-0.5171323	-0.2612309	2.954755	-0.1160683	-0.1984958	2.639333	-0.5043205	-0.1973166	2.926214	-0.2562481	0.6060869	2.637397	-0.1951451	0.4846779	2.689992	-0.1973238	0.4059406	2.711382	-0.203895	0.1645367	2.765527	-0.2122795	-0.1640753	2.827631	-0.05831841	0.3639673	2.620842	-0.3470916	0.3722821	2.797424	-0.1397558	-0.1657991	2.747257	-0.2789462	-0.157766	2.829671	0.001515882	0.05962571	2.597579	-0.3940246	0.05216861	2.935578	0.01559538	-0.5957562	2.875923	-0.2831006	-0.6158446	2.918681	0.06348515	-0.9467025	2.966568	-0.3321051	-0.9923202	2.956376	

-0.0456759	-0.1991699	2.56393	-0.4359311	-0.2048652	2.956448	-0.1070441	-0.312194	2.524874	-0.5180798	-0.2616936	2.96009	-0.1167431	-0.1996468	2.638263	-0.5046416	-0.2015466	2.922945	-0.256418	0.6063695	2.637351	-0.1951395	0.4849965	2.689521	-0.1974049	0.4062615	2.710935	-0.204166	0.1648754	2.76515	-0.2128357	-0.1637335	2.827272	-0.05883752	0.3638328	2.619669	-0.3465683	0.3732905	2.797617	-0.1405066	-0.165533	2.74685	-0.2793148	-0.1573755	2.829364	0.001921086	0.06005446	2.596583	-0.393881	0.05309795	2.935513	0.01525638	-0.5961856	2.875739	-0.2830424	-0.6158535	2.91902	0.06351526	-0.9467163	2.96656	-0.3320366	-0.9920435	2.956353	

-0.04555335	-0.1987651	2.563537	-0.4359713	-0.2046697	2.956516	-0.1063454	-0.3129527	2.528381	-0.5237088	-0.2611276	2.969088	-0.1169184	-0.2041099	2.641225	-0.5020747	-0.1971207	2.923	-0.2564222	0.6066024	2.63716	-0.1954289	0.4853976	2.689315	-0.1975266	0.406583	2.710796	-0.2038441	0.1651782	2.765113	-0.2106844	-0.1633032	2.827456	-0.05906634	0.3637426	2.618881	-0.3464017	0.3735145	2.797703	-0.1393061	-0.1649621	2.747079	-0.2758437	-0.1572274	2.829485	0.002135868	0.06047133	2.595853	-0.3938479	0.05326321	2.935444	0.01478618	-0.596368	2.875346	-0.2829908	-0.6158136	2.919105	0.06362472	-0.9466395	2.966542	-0.3321355	-0.9918358	2.956472	

-0.04525767	-0.1984672	2.562258	-0.4359943	-0.2046262	2.956531	-0.1061119	-0.3121599	2.522096	-0.5172114	-0.2612499	2.955092	-0.1166379	-0.2027974	2.639311	-0.5031039	-0.2000428	2.912154	-0.2564556	0.6066018	2.637223	-0.1954765	0.4855979	2.688985	-0.1976331	0.4068137	2.710441	-0.2040753	0.1654653	2.764732	-0.2112866	-0.1629667	2.826935	-0.05936379	0.3637883	2.618251	-0.3462644	0.3735421	2.797655	-0.139925	-0.1646091	2.746362	-0.276478	-0.1568879	2.829129	0.002393363	0.06072295	2.5953	-0.3938308	0.05328532	2.935348	0.01421845	-0.5961612	2.874667	-0.2829595	-0.6160482	2.919434	0.06351633	-0.9469478	2.96634	-0.3325455	-0.9914373	2.955928	

-0.04634895	-0.198965	2.561322	-0.4348321	-0.205062	2.954412	-0.1024917	-0.312761	2.518811	-0.5244946	-0.2675785	2.950834	-0.1129966	-0.1968883	2.636059	-0.4975727	-0.2056417	2.909095	-0.2560703	0.6068459	2.636866	-0.1949599	0.4857942	2.686397	-0.1972992	0.4070839	2.708064	-0.204081	0.1658677	2.762963	-0.2117584	-0.1625153	2.825669	-0.05917347	0.3635935	2.617324	-0.3448712	0.3725767	2.795676	-0.1401491	-0.1643486	2.745266	-0.2772841	-0.156201	2.827686	0.002612877	0.06002184	2.593812	-0.3936979	0.05322391	2.934746	0.01422368	-0.5964398	2.874782	-0.2826585	-0.6160412	2.919546	0.06351224	-0.9469571	2.966406	-0.3323168	-0.9909161	2.955729	

-0.04612544	-0.1992059	2.560992	-0.4348323	-0.2052066	2.953292	-0.09994185	-0.3125286	2.516955	-0.5192766	-0.2710032	2.944086	-0.1132788	-0.2001481	2.638785	-0.4927556	-0.2037772	2.910647	-0.2559927	0.6070787	2.636617	-0.1949737	0.4857775	2.686429	-0.1973126	0.4070825	2.708076	-0.2041209	0.1659207	2.762927	-0.211947	-0.1622566	2.825398	-0.05888118	0.3633058	2.616576	-0.3445626	0.3727863	2.795409	-0.1402647	-0.1642155	2.74506	-0.2775744	-0.155784	2.827358	0.002885644	0.05978715	2.593275	-0.3933342	0.05302909	2.933708	0.01413542	-0.5963338	2.874617	-0.2822226	-0.615362	2.919983	0.06355187	-0.9470837	2.966505	-0.3314457	-0.9914849	2.956387	

-0.04578333	-0.1995647	2.560486	-0.4335739	-0.2058659	2.950485	-0.09438596	-0.313352	2.516551	-0.5206597	-0.2757934	2.952085	-0.1126993	-0.1996788	2.637646	-0.4966678	-0.2184515	2.906087	-0.25582	0.6073554	2.636377	-0.194222	0.4869675	2.683858	-0.1967813	0.4081202	2.705886	-0.2040126	0.166523	2.761743	-0.2121514	-0.1620988	2.825072	-0.05897199	0.3631778	2.615602	-0.3444158	0.3727528	2.795242	-0.1404069	-0.1641917	2.744809	-0.2778661	-0.1554463	2.826944	0.00314023	0.05946969	2.592438	-0.3932743	0.05285837	2.933243	0.01417936	-0.5963745	2.874684	-0.2816899	-0.6150424	2.920081	0.06354866	-0.9470859	2.966504	-0.3312326	-0.9920303	2.95635	

-0.04551035	-0.1998137	2.559823	-0.433276	-0.2061851	2.949958	-0.09728849	-0.3165406	2.520159	-0.4302118	-0.2991689	2.906136	-0.1101016	-0.2015423	2.636765	-0.5026282	-0.2501948	2.92635	-0.2555647	0.6078275	2.635828	-0.1943406	0.486966	2.68373	-0.1969078	0.4081727	2.705689	-0.2041266	0.1668419	2.761253	-0.2122771	-0.1613018	2.824132	-0.0588461	0.3631435	2.614879	-0.3441866	0.3733343	2.794685	-0.1405228	-0.1637077	2.744061	-0.2780054	-0.1543179	2.825829	0.003553525	0.05919611	2.591748	-0.3926736	0.05219361	2.930336	0.01419104	-0.5963468	2.874564	-0.2813987	-0.6147701	2.920151	0.06350157	-0.9470351	2.966494	-0.3312304	-0.9922135	2.956332	

-0.04483531	-0.2001576	2.55914	-0.4325734	-0.2057934	2.94939	-0.08840681	-0.3160514	2.512705	-0.503369	-0.2805592	2.9593	-0.1007799	-0.2639258	2.49795	-0.4713301	-0.17083	2.9275	-0.254784	0.6085317	2.635042	-0.1942434	0.4868551	2.683378	-0.1968239	0.4081106	2.705329	-0.204066	0.1668985	2.760906	-0.2123083	-0.1611793	2.823889	-0.05845137	0.363113	2.614238	-0.3436114	0.3740962	2.793755	-0.1405674	-0.1636455	2.743859	-0.2780228	-0.1541407	2.825558	0.003664681	0.05894363	2.591259	-0.3924886	0.05248595	2.928348	0.01407779	-0.596643	2.874365	-0.2812684	-0.6153128	2.920221	0.06348427	-0.9470923	2.966484	-0.3310333	-0.9921711	2.956172	

-0.0424033	-0.200536	2.558265	-0.4318405	-0.2057863	2.948967	-0.07414646	-0.3236144	2.516992	-0.497882	-0.2816395	2.970573	-0.1034706	-0.235902	2.6349	-0.45935	-0.1369358	2.919	-0.2544807	0.608599	2.635029	-0.1938524	0.4869558	2.683586	-0.1965264	0.4082193	2.705458	-0.2039377	0.1670038	2.760916	-0.2123224	-0.1611061	2.823846	-0.05793021	0.3629283	2.61366	-0.3432159	0.3745869	2.793116	-0.1406374	-0.1635443	2.743806	-0.2779996	-0.154089	2.825521	0.00378528	0.0589494	2.5909	-0.3905419	0.05208485	2.926406	0.01414808	-0.5969397	2.874511	-0.2811018	-0.6153509	2.920258	0.06348158	-0.9470761	2.966479	-0.3309271	-0.9922044	2.956476	

-0.03173596	-0.2023063	2.556097	-0.4305467	-0.2060721	2.94936	-0.05028145	-0.3318021	2.520876	-0.4942714	-0.2933308	2.979105	-0.0861237	-0.2388488	2.6355	-0.4590143	-0.1443296	2.933834	-0.2537016	0.6087498	2.634465	-0.1932706	0.486871	2.683373	-0.1960013	0.4081917	2.705212	-0.2035354	0.1671091	2.760593	-0.2121549	-0.1609196	2.823497	-0.05741335	0.3629242	2.613444	-0.3429656	0.3746064	2.792712	-0.1404931	-0.1633535	2.743471	-0.2778232	-0.1539294	2.825181	0.004220832	0.05865685	2.590461	-0.3898631	0.05168103	2.925272	0.01428832	-0.5969958	2.874366	-0.2812184	-0.6148701	2.91989	0.0633532	-0.9469879	2.966332	-0.3308412	-0.9921495	2.956553	

-0.0246285	-0.2031255	2.554742	-0.4293171	-0.2059275	2.949348	-0.04427154	-0.3305784	2.519384	-0.4845524	-0.2776688	2.95283	-0.08361018	-0.2501318	2.632333	-0.4648287	-0.1975676	2.929	-0.252631	0.6089422	2.633748	-0.1925477	0.4867572	2.683165	-0.1952981	0.4081192	2.704932	-0.2028634	0.1671382	2.76011	-0.2116538	-0.1608337	2.822802	-0.05670558	0.3631031	2.613218	-0.3426422	0.374724	2.791993	-0.1401722	-0.1632536	2.743075	-0.2771306	-0.153895	2.824128	0.004752785	0.05853885	2.590522	-0.3896067	0.05191462	2.924777	0.01448171	-0.5975038	2.874555	-0.2811941	-0.6147876	2.919847	0.06334265	-0.9471307	2.966324	-0.330871	-0.9918114	2.956676	

-0.02022652	-0.2039058	2.553015	-0.4282417	-0.2060687	2.949188	-0.03942774	-0.3325785	2.523313	-0.4866698	-0.2788734	2.965687	-0.07586429	-0.2456698	2.631	-0.4510833	-0.1448337	2.917167	-0.2519045	0.6088466	2.633527	-0.1918255	0.4868703	2.682982	-0.1945303	0.4082527	2.704642	-0.201933	0.1673202	2.759458	-0.210639	-0.1606909	2.821632	-0.05556989	0.3633329	2.613267	-0.3422781	0.3744893	2.791386	-0.1392316	-0.162878	2.742096	-0.2760666	-0.1540247	2.822768	0.006498802	0.05787363	2.59062	-0.3891569	0.05186943	2.924587	0.01444721	-0.5976098	2.874418	-0.2811745	-0.6147923	2.919822	0.06344593	-0.9470488	2.966429	-0.330862	-0.991929	2.956745	

-0.007500552	-0.2050388	2.551633	-0.4276209	-0.2061182	2.949697	-0.01693379	-0.3345239	2.524241	-0.4721062	-0.2816529	2.984461	-0.04024241	-0.2719605	2.49769	-0.4536376	-0.1583667	2.9284	-0.2504855	0.6095023	2.632464	-0.1913233	0.487206	2.68259	-0.193882	0.4086398	2.704119	-0.2007698	0.1678282	2.758511	-0.2087769	-0.1601745	2.820121	-0.05388986	0.363434	2.612961	-0.3415926	0.3743962	2.790801	-0.1372567	-0.1618199	2.740476	-0.2743377	-0.1540051	2.821361	0.009005222	0.05748152	2.590274	-0.3884647	0.05158273	2.923609	0.01456969	-0.5977623	2.874265	-0.2807603	-0.6141816	2.919454	0.06335798	-0.9476977	2.966624	-0.3309067	-0.9919014	2.956721	

-0.004579471	-0.205976	2.551412	-0.4271138	-0.2021527	2.949765	-0.0188643	-0.3399735	2.533638	-0.4575185	-0.2842914	2.997539	-0.05708445	-0.2434309	2.630636	-0.4508176	-0.1634676	2.9285	-0.2489041	0.6096748	2.632017	-0.1904776	0.4873405	2.682197	-0.1930046	0.4087911	2.703626	-0.1998339	0.1680102	2.757743	-0.207901	-0.1600182	2.81905	-0.05234115	0.3634695	2.61272	-0.3373753	0.3768264	2.787516	-0.1364818	-0.161436	2.739411	-0.2733896	-0.1540963	2.820302	0.01145045	0.05657539	2.590003	-0.387038	0.0551086	2.921722	0.01472506	-0.5979547	2.873888	-0.2806207	-0.6142349	2.919284	0.0634177	-0.9478717	2.966454	-0.3309706	-0.9918224	2.956558	

-0.0006819458	-0.2060008	2.551866	-0.4266455	-0.2024326	2.949988	-0.0109162	-0.3338459	2.524825	-0.4411082	-0.2925093	2.997347	-0.04396471	-0.2425792	2.605667	-0.4460447	-0.1672464	2.926461	-0.2473747	0.6099029	2.631658	-0.1897109	0.4873524	2.682131	-0.192182	0.4088063	2.70349	-0.1988453	0.1680198	2.757411	-0.2067642	-0.1600654	2.818477	-0.05083754	0.3631509	2.612525	-0.3370685	0.3766011	2.787645	-0.1354691	-0.1610943	2.738783	-0.2720695	-0.1545839	2.819767	0.01301694	0.05670964	2.590184	-0.3861959	0.05472803	2.92171	0.01469005	-0.5980585	2.87361	-0.2804249	-0.6147078	2.919241	0.0633628	-0.9479	2.966444	-0.3311217	-0.9917825	2.956528	

0.002563019	-0.2057562	2.552146	-0.4235615	-0.2030893	2.949722	-0.004147045	-0.3346379	2.529088	-0.427213	-0.2934989	2.995155	-0.05422869	-0.2205026	2.63195	-0.441205	-0.2034027	2.927239	-0.2447634	0.6106521	2.630557	-0.1884392	0.4874891	2.681738	-0.1907996	0.408906	2.703011	-0.1971408	0.1679628	2.756698	-0.2046855	-0.1604392	2.817492	-0.04975815	0.3629212	2.612086	-0.3365734	0.3756873	2.786931	-0.1334139	-0.1612162	2.738059	-0.2700633	-0.1552152	2.818535	0.01552899	0.0570019	2.590374	-0.3862932	0.05478406	2.92275	0.01488971	-0.5985469	2.873466	-0.280268	-0.6154853	2.919193	0.06340757	-0.9478369	2.966326	-0.3310986	-0.9926128	2.956201	

0.005496562	-0.2051339	2.552905	-0.4183697	-0.2041275	2.949914	-0.002504561	-0.337591	2.55497	-0.3944705	-0.3008766	2.997874	-0.05548939	-0.2226876	2.636714	-0.4142924	-0.2437005	2.955917	-0.2435304	0.610824	2.631098	-0.1860638	0.4883774	2.681283	-0.1887394	0.409642	2.702521	-0.1959165	0.168307	2.756206	-0.2042452	-0.1604347	2.817102	-0.04820753	0.3630028	2.612002	-0.336355	0.3753791	2.78712	-0.1331102	-0.1610965	2.737816	-0.2694804	-0.1553739	2.81797	0.01766351	0.05772573	2.590514	-0.3861253	0.05444188	2.922848	0.01482802	-0.5986701	2.8734	-0.2799572	-0.6153632	2.919169	0.06339854	-0.9478536	2.966324	-0.3310636	-0.9927189	2.956299	

0.007504714	-0.2052012	2.553294	-0.4128807	-0.2051386	2.947262	-0.004970471	-0.3355334	2.566528	-0.391052	-0.302136	2.987031	-0.05692291	-0.2132631	2.634587	-0.4281697	-0.1977094	2.918609	-0.241402	0.611656	2.631273	-0.1847928	0.4886669	2.681345	-0.1873673	0.4099435	2.702471	-0.1942505	0.1686201	2.755799	-0.2022966	-0.1601923	2.81617	-0.04652517	0.3634424	2.611929	-0.3359488	0.3755642	2.787303	-0.1314913	-0.160466	2.736867	-0.2672147	-0.155551	2.817065	0.01966786	0.05776027	2.589823	-0.385295	0.05438213	2.922681	0.01491159	-0.597959	2.872248	-0.2797689	-0.6158999	2.919138	0.06341543	-0.947678	2.966185	-0.3312708	-0.9932556	2.956051	

0.008882794	-0.2049236	2.554014	-0.409923	-0.2046779	2.946815	-0.006367319	-0.3368755	2.578747	-0.3902998	-0.297719	2.972247	-0.05652018	-0.2391367	2.6383	-0.4122599	-0.2405434	2.947875	-0.2400801	0.6121454	2.630897	-0.1815582	0.489458	2.680415	-0.1845916	0.4106276	2.701672	-0.1927394	0.1689932	2.75538	-0.2019766	-0.1601239	2.816104	-0.04513671	0.3633102	2.611878	-0.334178	0.376269	2.786459	-0.1311614	-0.1604037	2.736853	-0.2669346	-0.1554735	2.816959	0.02152643	0.05812848	2.589294	-0.383844	0.05487837	2.921331	0.01497021	-0.597988	2.871939	-0.2795061	-0.6159062	2.918966	0.06339125	-0.9476353	2.966099	-0.3310982	-0.9930506	2.956426	

0.009734012	-0.2053032	2.554784	-0.4053433	-0.2062201	2.941917	-0.004004129	-0.3345661	2.581244	-0.3919921	-0.2984677	2.973903	-0.05901791	-0.2204429	2.636223	-0.4219424	-0.167694	2.917916	-0.2360145	0.6128952	2.631201	-0.1788064	0.4897475	2.680258	-0.1820651	0.4109747	2.701458	-0.1909589	0.1694408	2.755075	-0.2012261	-0.1597216	2.815835	-0.04134923	0.3630575	2.612343	-0.3332129	0.3767167	2.786839	-0.1304062	-0.1600652	2.73656	-0.2662421	-0.1550148	2.816728	0.0227562	0.05779687	2.589263	-0.3811937	0.05398438	2.919534	0.01514321	-0.5980089	2.871838	-0.2792396	-0.6156964	2.918792	0.06337953	-0.947658	2.966027	-0.331087	-0.9931256	2.956686	

0.00978296	-0.2050534	2.558873	-0.3978374	-0.2121197	2.934939	-0.0159621	-0.340735	2.599247	-0.3827708	-0.2963708	2.95295	-0.06366268	-0.2391117	2.639294	-0.4145835	-0.1688111	2.9018	-0.2323897	0.6138927	2.631943	-0.1745679	0.4902461	2.67954	-0.1782454	0.4114223	2.700763	-0.1884211	0.1697266	2.754498	-0.2002928	-0.1596408	2.815508	-0.03724491	0.3630798	2.612694	-0.3305044	0.3731699	2.789404	-0.1295475	-0.1599029	2.736241	-0.2652909	-0.1550115	2.816406	0.02427351	0.05825657	2.589582	-0.3781042	0.0493848	2.919968	0.01545095	-0.5979937	2.871716	-0.2785483	-0.6157303	2.918573	0.06340994	-0.9473959	2.965891	-0.3312699	-0.9937931	2.956068	

0.01057968	-0.2046973	2.563201	-0.3941806	-0.2131343	2.930525	-0.0130484	-0.3346891	2.593038	-0.3792471	-0.2961662	2.94545	-0.06641244	-0.2573361	2.640222	-0.394908	-0.2654674	2.9235	-0.2301133	0.6143597	2.63259	-0.1718885	0.490815	2.67959	-0.1758284	0.4119099	2.700762	-0.1868278	0.1699827	2.754394	-0.1997792	-0.1596242	2.815388	-0.03442034	0.3626216	2.612445	-0.3279543	0.3730883	2.788882	-0.1290734	-0.1599127	2.736103	-0.2647704	-0.154961	2.816309	0.02561166	0.05878894	2.590585	-0.3744125	0.04867077	2.918493	0.01611368	-0.5977567	2.870956	-0.277619	-0.6148629	2.917982	0.0634459	-0.9473584	2.965904	-0.3302891	-0.9939101	2.956658	

0.009988073	-0.2035901	2.566217	-0.3937957	-0.2152929	2.929392	-0.01849235	-0.3343227	2.592638	-0.3705593	-0.3144012	2.944847	-0.07319154	-0.225196	2.635462	-0.3698185	-0.3191305	2.939	-0.2274995	0.615045	2.633134	-0.1690842	0.4909683	2.679171	-0.1733256	0.4121288	2.700386	-0.1852304	0.170325	2.754142	-0.1992985	-0.1593203	2.815285	-0.03239528	0.3628761	2.612284	-0.324917	0.3742159	2.789421	-0.1287736	-0.1597313	2.736019	-0.2640966	-0.1545085	2.81619	0.02712522	0.06057934	2.591566	-0.3691169	0.04651402	2.91496	0.01634706	-0.5975194	2.870908	-0.2773981	-0.6151208	2.917899	0.06345305	-0.9469993	2.965762	-0.3301102	-0.9948032	2.95684	

0.009096758	-0.2035251	2.567161	-0.3861706	-0.2187914	2.922172	-0.0220306	-0.3290058	2.589058	-0.3563467	-0.3109626	2.907587	-0.04355469	-0.216691	2.577875	-0.3675189	-0.2935925	2.902429	-0.2226168	0.6151188	2.634637	-0.166453	0.4913767	2.68024	-0.1710006	0.4124795	2.701231	-0.1838086	0.1705226	2.754447	-0.1989391	-0.1592781	2.815219	-0.02810831	0.3631752	2.613847	-0.3213032	0.374862	2.79096	-0.1283288	-0.1598366	2.73593	-0.2637945	-0.1543318	2.816135	0.02821066	0.06119326	2.591487	-0.3656202	0.04450673	2.912655	0.01721124	-0.5972886	2.870561	-0.275145	-0.6146591	2.918549	0.06333895	-0.9471717	2.965792	-0.3292944	-0.9944652	2.957619	

0.008711906	-0.2040036	2.56923	-0.3768727	-0.2236929	2.912659	-0.01506203	-0.3356994	2.6025	-0.3456565	-0.3051268	2.897596	-0.0426322	-0.2329734	2.567809	-0.360102	-0.2848959	2.895636	-0.2184355	0.6153893	2.637157	-0.1622449	0.4914689	2.681244	-0.167143	0.4125848	2.70193	-0.1810204	0.1706495	2.754362	-0.1975618	-0.1591731	2.814423	-0.02381539	0.3636028	2.614927	-0.3158195	0.3750968	2.794487	-0.126815	-0.1599761	2.734385	-0.2625004	-0.1540245	2.815881	0.02919789	0.06121267	2.591429	-0.3596231	0.04080729	2.908902	0.01846499	-0.5970442	2.869861	-0.2721498	-0.6163999	2.921619	0.06341743	-0.9473316	2.965696	-0.3274296	-0.993596	2.960241	

0.008166783	-0.2041629	2.56954	-0.3723174	-0.2188564	2.910054	-0.01135606	-0.3341459	2.599479	-0.3495108	-0.3040498	2.915166	-0.04387501	-0.2310487	2.574793	-0.3720837	-0.2461617	2.893084	-0.2142496	0.6157382	2.640596	-0.1570875	0.4920481	2.684077	-0.1625379	0.4131081	2.704242	-0.1780695	0.1710098	2.755313	-0.1965744	-0.1590203	2.814246	-0.02053316	0.3632148	2.616121	-0.3094184	0.3760018	2.797599	-0.1258895	-0.1599142	2.733779	-0.261364	-0.1537468	2.816151	0.03050773	0.06130241	2.591688	-0.3560412	0.04631375	2.909372	0.01927731	-0.5965366	2.869003	-0.2686676	-0.6203546	2.92558	0.06350736	-0.9477317	2.965563	-0.3287697	-0.9941268	2.959491	

0.007940919	-0.2046405	2.56957	-0.3671608	-0.2149837	2.913178	-0.02018707	-0.3322733	2.597975	-0.3209296	-0.3225628	2.861698	-0.04106219	-0.2095221	2.5763	-0.3464127	-0.2828687	2.896883	-0.2068033	0.6159164	2.645633	-0.1538618	0.491464	2.68757	-0.1593324	0.4126749	2.707252	-0.1751067	0.1709689	2.756932	-0.1943987	-0.1587183	2.814211	-0.01756977	0.3631309	2.616944	-0.2994644	0.3771999	2.803875	-0.1243616	-0.1597513	2.733116	-0.2583474	-0.1532385	2.817026	0.03201795	0.06102135	2.591231	-0.3491847	0.05041646	2.912506	0.02240294	-0.5956466	2.866622	-0.2661651	-0.6210539	2.926298	0.06358207	-0.9476575	2.9655	-0.3276054	-0.9944112	2.961176	

0.007663066	-0.2048218	2.569561	-0.3570716	-0.213374	2.918231	-0.01466379	-0.3325023	2.599724	-0.338993	-0.2926454	2.914961	-0.04103421	-0.2089888	2.579222	-0.3577411	-0.2489374	2.90525	-0.2040566	0.6170188	2.648822	-0.1517281	0.491162	2.690856	-0.1570727	0.4124147	2.710093	-0.1725679	0.1708343	2.758515	-0.1916916	-0.1587096	2.814134	-0.01514654	0.3634829	2.618477	-0.2961438	0.376413	2.805159	-0.1219552	-0.1596602	2.732214	-0.2553949	-0.1533275	2.817823	0.0339725	0.0609364	2.591198	-0.3456573	0.0528028	2.918806	0.02068354	-0.5951244	2.866588	-0.264892	-0.6210307	2.926688	0.06354906	-0.9477572	2.965439	-0.326475	-0.9935722	2.96247	

0.007329458	-0.206046	2.569496	-0.3551772	-0.2130509	2.918701	-0.02018564	-0.3323749	2.598762	-0.3341691	-0.2959592	2.908212	-0.03817108	-0.2073541	2.572	-0.3557834	-0.2612011	2.910907	-0.2027353	0.6171007	2.651001	-0.1500748	0.4915186	2.692206	-0.1552941	0.41267	2.711282	-0.1703837	0.1707981	2.75913	-0.189022	-0.1591807	2.813577	-0.01357954	0.3638414	2.619416	-0.2942424	0.3740041	2.806044	-0.1192197	-0.1600458	2.731209	-0.2530659	-0.1538523	2.817656	0.03621695	0.05972673	2.591169	-0.343696	0.0535297	2.922115	0.01943398	-0.5953185	2.866876	-0.2640488	-0.6214261	2.926967	0.06383243	-0.9475909	2.965343	-0.3261882	-0.9934077	2.962591	

0.007346945	-0.2045492	2.569601	-0.3533118	-0.2194433	2.925947	-0.01590885	-0.3341792	2.609705	-0.3311747	-0.2904468	2.909217	-0.03437744	-0.2672944	2.553522	-0.3504863	-0.2585526	2.907192	-0.2016699	0.6174506	2.653401	-0.1486432	0.4923201	2.693215	-0.1537133	0.4134574	2.712274	-0.1683979	0.1715283	2.759943	-0.1868677	-0.1585699	2.813845	-0.0115761	0.3643138	2.620243	-0.2915666	0.3753754	2.809081	-0.1176822	-0.1593702	2.731142	-0.2503702	-0.1533794	2.818323	0.0386424	0.0612676	2.592097	-0.3371467	0.04697312	2.925012	0.02311821	-0.5953338	2.865084	-0.2636113	-0.6216793	2.927146	0.06392477	-0.9476334	2.965138	-0.326083	-0.9942586	2.963385	

0.007388414	-0.2035224	2.569716	-0.3492656	-0.1920578	2.926486	-0.01287101	-0.3268021	2.599667	-0.3301875	-0.2799838	2.907723	-0.02956725	-0.2666905	2.545008	-0.3501788	-0.2412423	2.908182	-0.2000391	0.6184443	2.654026	-0.1471253	0.4932304	2.693634	-0.152041	0.4143783	2.712723	-0.1662795	0.1724694	2.760401	-0.1844094	-0.1576442	2.814096	-0.009616569	0.3647282	2.62088	-0.2901313	0.3759111	2.811222	-0.1155562	-0.15843	2.730901	-0.2477097	-0.1524931	2.819084	0.0402349	0.06214367	2.592655	-0.3312033	0.07456905	2.92926	0.02629595	-0.5950872	2.863919	-0.2633299	-0.6219095	2.927114	0.06392953	-0.9476463	2.965121	-0.3261055	-0.9942421	2.963399	

0.007685615	-0.2032972	2.570435	-0.3481069	-0.2224335	2.925742	-0.01359919	-0.3257505	2.602644	-0.3138984	-0.307676	2.868715	-0.04066296	-0.2162448	2.587546	-0.3363423	-0.2616712	2.905231	-0.1993174	0.619042	2.654897	-0.1451439	0.4942926	2.694448	-0.1500454	0.4153218	2.71363	-0.1642708	0.1730692	2.761525	-0.1825519	-0.1574696	2.815342	-0.008136725	0.3650732	2.621704	-0.2893303	0.3757353	2.812017	-0.1137396	-0.1581277	2.731901	-0.2459763	-0.1524574	2.820514	0.04272101	0.06255645	2.592737	-0.3308001	0.04472653	2.941859	0.02755283	-0.5951319	2.863701	-0.2627734	-0.6223148	2.927073	0.06402424	-0.9480662	2.965041	-0.3268964	-0.9951836	2.962839	

0.01002055	-0.2023739	2.572227	-0.341848	-0.2142128	2.930264	-0.008854943	-0.3200417	2.607718	-0.3059864	-0.3115598	2.868217	-0.03497772	-0.2088833	2.5975	-0.3335552	-0.2601271	2.919562	-0.1975139	0.6199315	2.656615	-0.1426944	0.494707	2.695111	-0.14678	0.4158399	2.714793	-0.1578506	0.1739856	2.764792	-0.1705731	-0.1557678	2.822621	-0.005555071	0.365544	2.622549	-0.2850745	0.3771502	2.812776	-0.1036551	-0.1566397	2.737733	-0.2325476	-0.1505923	2.829236	0.04590621	0.06372171	2.59332	-0.3283079	0.05352915	2.946199	0.03160146	-0.5937582	2.863367	-0.2619863	-0.6231226	2.925982	0.06408476	-0.948139	2.965008	-0.3268104	-0.9955531	2.962564	

0.01316209	-0.2003608	2.574454	-0.3362144	-0.1992308	2.935132	-0.008619957	-0.319858	2.612675	-0.3247212	-0.2781624	2.930231	-0.03235452	-0.2053482	2.601625	-0.347405	-0.2370208	2.91825	-0.1951343	0.6205186	2.65798	-0.1396381	0.4950672	2.696186	-0.1439585	0.4162954	2.715925	-0.1560055	0.1746368	2.765805	-0.1700688	-0.1551092	2.82312	-0.003872051	0.3663329	2.623091	-0.2816815	0.3787213	2.814386	-0.1030063	-0.1559079	2.738441	-0.2321985	-0.1500243	2.829539	0.04920447	0.06591018	2.594344	-0.3255136	0.06888122	2.946262	0.03456511	-0.5911348	2.862591	-0.2610568	-0.6236607	2.925146	0.06423231	-0.9479748	2.965091	-0.3265341	-0.9956419	2.962864	

0.02109752	-0.1998034	2.576713	-0.3319333	-0.1956916	2.938724	-0.002283462	-0.3167495	2.611611	-0.315773	-0.2655519	2.90924	-0.02866199	-0.2113374	2.6073	-0.3403886	-0.2241161	2.921429	-0.1921933	0.6207439	2.658839	-0.1372401	0.4949751	2.696453	-0.1415074	0.4163058	2.71627	-0.1536183	0.1749735	2.766253	-0.1683676	-0.1543978	2.823393	0.0001456267	0.3666224	2.624296	-0.2785821	0.3796001	2.814431	-0.1010522	-0.1551827	2.738942	-0.2308003	-0.1493491	2.829585	0.05312464	0.06711902	2.595083	-0.3228312	0.07249146	2.94379	0.03851506	-0.5888302	2.862585	-0.2596385	-0.6243582	2.92435	0.06419227	-0.948258	2.965177	-0.325982	-0.9955806	2.962767	

0.02448112	-0.2002994	2.577426	-0.3290585	-0.1938007	2.940435	0.005012251	-0.3212363	2.618075	-0.315643	-0.2672289	2.92024	-0.02363859	-0.2126129	2.6049	-0.3422549	-0.2238977	2.923846	-0.1898821	0.6211736	2.659636	-0.1346873	0.4951806	2.696668	-0.1389053	0.416523	2.716494	-0.1510273	0.1752296	2.766404	-0.1662358	-0.1540669	2.823246	0.002963676	0.366852	2.624541	-0.2765617	0.3797279	2.815271	-0.09860785	-0.1548116	2.738443	-0.2290229	-0.1490588	2.829704	0.05615954	0.06674516	2.595537	-0.3205664	0.07438154	2.942454	0.04082783	-0.5877345	2.862582	-0.257716	-0.6243719	2.923213	0.0644134	-0.9481072	2.965255	-0.32639	-0.9968716	2.962626	

0.02731549	-0.2000864	2.577898	-0.3285825	-0.1933757	2.944219	0.01282197	-0.3155949	2.613817	-0.3047131	-0.282553	2.892736	-0.01789533	-0.2077071	2.5998	-0.3329965	-0.2460974	2.917143	-0.1870396	0.6211689	2.661076	-0.1318128	0.4953496	2.697317	-0.1351987	0.4166985	2.717111	-0.1442464	0.1754191	2.766666	-0.1543429	-0.1537998	2.822237	0.005432961	0.3672378	2.624716	-0.2753358	0.3791141	2.815158	-0.0873361	-0.1531701	2.737554	-0.2167958	-0.1502179	2.828509	0.05871586	0.0670616	2.59585	-0.3191091	0.07462931	2.942111	0.04317671	-0.5862607	2.862121	-0.2562486	-0.6242936	2.922812	0.06441477	-0.9480604	2.965221	-0.326555	-0.9970412	2.962416	

0.03744625	-0.2000542	2.5793	-0.3282068	-0.1827154	2.947475	0.02854728	-0.320722	2.619775	-0.3111544	-0.2648282	2.915743	-0.004085669	-0.2051066	2.609667	-0.344415	-0.2063776	2.9263	-0.1802777	0.6214493	2.661954	-0.1250761	0.4950847	2.698793	-0.1289413	0.4164765	2.718075	-0.1396334	0.1753254	2.766331	-0.1518338	-0.1537425	2.820752	0.0132841	0.3670819	2.625728	-0.2739058	0.3791748	2.815389	-0.0847384	-0.1530451	2.73677	-0.2143957	-0.1502178	2.826161	0.06662308	0.0672965	2.597845	-0.3152718	0.08473285	2.939508	0.04590718	-0.5835299	2.861158	-0.2542228	-0.6246178	2.923217	0.06449916	-0.9479256	2.965279	-0.3265498	-0.9971786	2.962009	

0.05096353	-0.2001884	2.579643	-0.328996	-0.1861542	2.947528	0.04023493	-0.3224942	2.619648	-0.3128396	-0.2736485	2.92183	0.007870955	-0.2120478	2.613429	-0.3494706	-0.2110786	2.917154	-0.1733742	0.6221899	2.662523	-0.120386	0.495809	2.700845	-0.1244342	0.4171014	2.719601	-0.1357811	0.1757019	2.766424	-0.1489287	-0.1535911	2.819125	0.02036241	0.3680336	2.627812	-0.2722613	0.378419	2.814858	-0.08137902	-0.1526051	2.73644	-0.2117077	-0.150357	2.82284	0.07851293	0.06722277	2.602265	-0.3147042	0.08118083	2.939243	0.04727786	-0.5823786	2.860684	-0.2526915	-0.6249363	2.922802	0.06486881	-0.948508	2.965947	-0.3266487	-0.9968759	2.962168	

0.07298431	-0.204763	2.585166	-0.3327013	-0.1915822	2.916457	0.06525114	-0.3224382	2.614436	-0.3290019	-0.2830113	2.897848	0.0305024	-0.2479453	2.619857	-0.3652004	-0.1783191	2.8878	-0.1617837	0.6236433	2.665352	-0.1134106	0.4969732	2.703274	-0.1176706	0.4182906	2.721457	-0.1298124	0.1769498	2.766587	-0.1443075	-0.1522513	2.817141	0.02987949	0.3693436	2.634053	-0.2713156	0.3790808	2.814513	-0.07662555	-0.1507882	2.73584	-0.2073681	-0.1494858	2.819497	0.09130888	0.06341459	2.608899	-0.3162203	0.07651174	2.926713	0.04716421	-0.5818965	2.860679	-0.252543	-0.6229587	2.91761	0.06491257	-0.9484481	2.965868	-0.3266346	-0.9966583	2.961776	

0.07768095	-0.2032674	2.587475	-0.3342327	-0.1928256	2.913632	0.06530909	-0.3226692	2.616269	-0.3269187	-0.290544	2.899507	0.03385768	-0.2194763	2.616539	-0.3604434	-0.2176633	2.869526	-0.1567971	0.6241379	2.66695	-0.1090563	0.4979121	2.70445	-0.1135285	0.4191872	2.722377	-0.1264393	0.1777125	2.766708	-0.1422023	-0.1516684	2.816296	0.03318303	0.3692662	2.635359	-0.2701866	0.3805257	2.814521	-0.07456014	-0.1500308	2.735779	-0.2053007	-0.149082	2.81785	0.09449933	0.06509231	2.610454	-0.3162013	0.07520485	2.923755	0.04791382	-0.5806471	2.860673	-0.2523683	-0.6229582	2.91717	0.06493156	-0.948436	2.965976	-0.3265788	-0.9966372	2.961781	

0.07972728	-0.2031402	2.587993	-0.3359273	-0.1931713	2.912442	0.06632064	-0.3207537	2.620146	-0.3254277	-0.2976909	2.896618	0.03236265	-0.2357143	2.617525	-0.3705613	-0.1612714	2.887875	-0.1538608	0.6256278	2.667064	-0.107079	0.498401	2.704607	-0.1114604	0.4196239	2.722467	-0.1241674	0.1779768	2.766496	-0.140021	-0.1516668	2.815472	0.03498488	0.3698192	2.636082	-0.269926	0.3804441	2.814373	-0.07192472	-0.1498849	2.735372	-0.2037037	-0.1492027	2.81678	0.09649028	0.06526083	2.611287	-0.3166973	0.07481297	2.922138	0.04725933	-0.5798423	2.860669	-0.2520362	-0.6233134	2.91695	0.06506008	-0.9483018	2.96599	-0.3268496	-0.9962366	2.961357	

0.0802829	-0.2015254	2.588509	-0.3373574	-0.1932485	2.911432	0.06762869	-0.3163674	2.620351	-0.3322808	-0.2994318	2.917307	0.033122	-0.2159858	2.609263	-0.3680168	-0.2001458	2.884104	-0.1509255	0.6257718	2.667868	-0.1052739	0.4985354	2.705104	-0.1096944	0.4197347	2.722859	-0.1225692	0.1780237	2.76654	-0.1387852	-0.1516944	2.815004	0.03745756	0.3702649	2.636739	-0.2690463	0.3806097	2.813476	-0.07033176	-0.1498531	2.735133	-0.2028789	-0.1492788	2.816185	0.09809972	0.06683111	2.612438	-0.317101	0.07469386	2.921067	0.04793712	-0.5790711	2.860383	-0.2513853	-0.6235672	2.917191	0.0659913	-0.9475955	2.96633	-0.3267349	-0.9962244	2.961516	

0.08067343	-0.2012914	2.589261	-0.3383104	-0.1933261	2.912409	0.06654751	-0.3156876	2.617774	-0.3353284	-0.2991485	2.927428	0.03088735	-0.2059908	2.608715	-0.374032	-0.1940991	2.896364	-0.1489183	0.6256505	2.668793	-0.1037065	0.498825	2.705856	-0.1082375	0.4200687	2.723421	-0.1213992	0.1784775	2.766588	-0.1378697	-0.1510084	2.814329	0.03911711	0.3707849	2.63716	-0.2675338	0.3832629	2.813261	-0.06944066	-0.1490966	2.734801	-0.2020247	-0.1486879	2.815161	0.09891883	0.06710695	2.613011	-0.3173297	0.07460037	2.920907	0.04860331	-0.5783624	2.860145	-0.2504859	-0.6236898	2.917726	0.06639611	-0.947559	2.966502	-0.3267834	-0.9964052	2.961416	

0.07923087	-0.1990458	2.588663	-0.3403244	-0.1913564	2.924362	0.05545933	-0.3077657	2.616406	-0.333077	-0.2872126	2.951225	0.02049247	-0.2133558	2.597945	-0.3583905	-0.2343353	2.910125	-0.1414838	0.6287849	2.669017	-0.1012968	0.500511	2.705703	-0.1060657	0.4217395	2.72325	-0.119918	0.1800964	2.766303	-0.1372843	-0.1494376	2.813802	0.04160491	0.3736425	2.637118	-0.2658581	0.3858016	2.811551	-0.06855146	-0.1475464	2.734393	-0.201804	-0.1471209	2.814549	0.09932223	0.06929592	2.612909	-0.3174936	0.0761132	2.922564	0.04911161	-0.5779111	2.859975	-0.24983	-0.6238927	2.917869	0.0665159	-0.9475167	2.966488	-0.3268903	-0.9963797	2.961165	

0.07335123	-0.1935669	2.574438	-0.3378895	-0.1871346	2.949047	0.04725832	-0.3018148	2.591829	-0.3251982	-0.271599	2.971239	0.03280396	-0.214927	2.541355	-0.2748199	-0.2038695	2.8128	-0.1361494	0.6322312	2.672018	-0.09733289	0.5046437	2.706189	-0.1027637	0.4256246	2.723498	-0.1183056	0.1833635	2.765915	-0.1375205	-0.146393	2.812541	0.04513226	0.3782258	2.637076	-0.2616668	0.3914407	2.808129	-0.0683711	-0.1451021	2.733822	-0.2026698	-0.1434165	2.812438	0.09787625	0.07404595	2.607559	-0.3171484	0.07904465	2.929512	0.04935843	-0.5773796	2.859837	-0.2489826	-0.6235934	2.918633	0.06651112	-0.9474158	2.966362	-0.3275498	-0.996918	2.961009	

0.0718274	-0.1893505	2.570209	-0.3368721	-0.1805482	2.948417	0.04536419	-0.2976144	2.582056	-0.3301927	-0.2660241	2.965038	0.0290916	-0.2070026	2.535	-0.2803228	-0.2118828	2.819111	-0.1329977	0.6339436	2.672867	-0.09552511	0.5066435	2.706411	-0.1012275	0.4276172	2.723609	-0.1176001	0.1853292	2.76567	-0.1380806	-0.1442592	2.811681	0.0461043	0.38033	2.636638	-0.2589923	0.39722	2.806928	-0.06882352	-0.143376	2.733418	-0.2033471	-0.1409616	2.811114	0.09682554	0.07838079	2.603098	-0.3189062	0.08659849	2.934141	0.04956606	-0.5772025	2.859752	-0.2488057	-0.6235822	2.91879	0.06660248	-0.9473479	2.966243	-0.3279248	-0.9972866	2.960901	

0.07131325	-0.1888642	2.569139	-0.336886	-0.1807105	2.948738	0.04276954	-0.3017747	2.590536	-0.3324564	-0.2752315	2.963483	0.02282594	-0.2318909	2.542304	-0.2787907	-0.1990608	2.816144	-0.1323323	0.634573	2.672921	-0.0943331	0.5080503	2.705795	-0.1002292	0.4289521	2.723047	-0.1171979	0.1864273	2.765205	-0.1384359	-0.1434597	2.811228	0.04668516	0.3812986	2.6364	-0.2583409	0.398307	2.805824	-0.06900344	-0.1428749	2.733346	-0.2039484	-0.139829	2.810128	0.09645562	0.07897639	2.602151	-0.3188896	0.08654141	2.934271	0.04961471	-0.5769861	2.85951	-0.2487498	-0.6235943	2.918797	0.06682236	-0.947265	2.966387	-0.328121	-0.997857	2.960799	

0.07118306	-0.1875612	2.5691	-0.3375554	-0.1822312	2.948698	0.0397906	-0.3007562	2.589887	-0.335254	-0.2641593	2.972881	0.02363921	-0.1974422	2.556318	-0.2827163	-0.2115057	2.819727	-0.1317184	0.6350227	2.673211	-0.09420848	0.5083356	2.705906	-0.1000959	0.4292783	2.723115	-0.1170862	0.1869079	2.765089	-0.1385493	-0.1427985	2.810699	0.04729452	0.3822686	2.636491	-0.2579553	0.3992411	2.805036	-0.06896775	-0.1422934	2.7331	-0.2042489	-0.1391414	2.809314	0.0960646	0.08046375	2.601917	-0.3191318	0.08516531	2.934659	0.0496345	-0.5769868	2.859542	-0.2484991	-0.6235778	2.91919	0.0666138	-0.9477246	2.966165	-0.3276617	-0.9976763	2.960915	

0.07088351	-0.1876707	2.569316	-0.3384061	-0.1806184	2.947034	0.04045849	-0.3016017	2.594121	-0.3268849	-0.273571	2.954952	0.01482436	-0.2304102	2.5732	-0.2828072	-0.2186753	2.818334	-0.131617	0.6350279	2.673265	-0.09288926	0.5091186	2.705787	-0.0990795	0.4300033	2.723039	-0.1168075	0.1874285	2.76508	-0.1389726	-0.1423389	2.810736	0.0474826	0.3826033	2.636365	-0.257651	0.3996188	2.803659	-0.06915969	-0.1419745	2.733267	-0.2049953	-0.138518	2.809212	0.09602011	0.08047906	2.601881	-0.3197781	0.08698788	2.933852	0.04939367	-0.5765384	2.859459	-0.2484568	-0.6236143	2.919265	0.0666827	-0.9477007	2.966074	-0.3262214	-0.99721	2.96145	

0.07202175	-0.1878008	2.573763	-0.340484	-0.1823768	2.940725	0.04871613	-0.2969858	2.601773	-0.3333357	-0.2769296	2.942832	0.02303896	-0.1866941	2.602875	-0.3031769	-0.1679527	2.904467	-0.1323324	0.6350589	2.671903	-0.09343088	0.5091181	2.705513	-0.09948043	0.4300433	2.722868	-0.1170223	0.18754	2.765079	-0.1392218	-0.1421655	2.810931	0.04738805	0.3826002	2.636305	-0.2586293	0.3997679	2.803815	-0.0694306	-0.1416464	2.733787	-0.2052309	-0.1384457	2.809256	0.09615092	0.08076253	2.603426	-0.3204582	0.08563396	2.931831	0.04938896	-0.5766388	2.859678	-0.2484329	-0.6238542	2.919386	0.06660207	-0.9478412	2.966083	-0.3262693	-0.9970475	2.961362	

0.07313341	-0.1874224	2.575955	-0.3438213	-0.1823757	2.937554	0.045603	-0.3043023	2.606443	-0.3346019	-0.273138	2.954135	0.02738024	-0.1876507	2.591375	-0.293803	-0.1401952	2.9006	-0.1333214	0.6348926	2.67027	-0.09366904	0.5090203	2.705101	-0.09964137	0.4300133	2.722661	-0.1171319	0.1876064	2.765138	-0.1396806	-0.1418036	2.81187	0.04719965	0.3827112	2.636354	-0.2596955	0.400013	2.803668	-0.06996617	-0.1409816	2.735731	-0.2055661	-0.1383142	2.809612	0.0967807	0.08132315	2.605251	-0.3209016	0.08570465	2.931208	0.04911336	-0.5764183	2.859597	-0.2485559	-0.6240171	2.919359	0.06663996	-0.9478234	2.966088	-0.3261193	-0.9972121	2.961401	

0.07321677	-0.1859533	2.576968	-0.3440363	-0.1824785	2.937393	0.04593243	-0.3052818	2.609265	-0.3383594	-0.2728899	2.951533	0.0265644	-0.1810455	2.591818	-0.3003381	-0.1381403	2.9125	-0.134094	0.6344251	2.669726	-0.09482299	0.5086878	2.704092	-0.1004469	0.4298305	2.721935	-0.1172943	0.187657	2.764995	-0.1396371	-0.1416969	2.811917	0.04673544	0.3827415	2.636418	-0.2608757	0.4001924	2.803837	-0.06985462	-0.1407757	2.735792	-0.2055592	-0.1382895	2.809636	0.09832186	0.08264034	2.608258	-0.3215288	0.08573422	2.93092	0.04823373	-0.575861	2.85947	-0.2487515	-0.6240838	2.919188	0.0666333	-0.9477726	2.966093	-0.3254008	-0.9971039	2.96241	

0.06996664	-0.1843767	2.577257	-0.3450417	-0.1807636	2.93541	0.01487562	-0.2953021	2.579838	-0.3512473	-0.2624223	2.934228	0.008349725	-0.1899101	2.5745	-0.3062026	-0.135483	2.921428	-0.13797	0.6335816	2.66691	-0.09673432	0.5077028	2.703071	-0.1019348	0.4291372	2.721373	-0.1179835	0.187524	2.765308	-0.1401364	-0.1413677	2.814034	0.04565302	0.3827111	2.63622	-0.2619264	0.4000803	2.803389	-0.07009605	-0.1404111	2.738683	-0.2062072	-0.138074	2.811098	0.09982598	0.08360438	2.611569	-0.3232663	0.08787508	2.932884	0.04820648	-0.5758649	2.85945	-0.2491115	-0.6244857	2.918687	0.06657279	-0.9477704	2.966098	-0.3257586	-0.9972371	2.962182	

-0.002257392	-0.09563867	2.531242	-0.4101631	-0.1714608	2.898391	-0.1049494	-0.1472537	2.480681	-0.4333592	-0.2153065	2.879521	-0.05779235	-0.07478271	2.606167	-0.4080794	-0.1982149	2.8676	-0.1885179	0.6058639	2.640146	-0.1200043	0.4947274	2.686338	-0.1160345	0.4195517	2.71126	-0.1181405	0.1850476	2.765309	-0.1186684	-0.1459427	2.829154	0.02460239	0.3769552	2.626036	-0.2721956	0.3930852	2.798058	-0.05116987	-0.1409402	2.753719	-0.1821968	-0.1473393	2.826391	0.1367651	0.1274035	2.608611	-0.3254239	0.08250406	2.941744	0.04885212	-0.5758826	2.860154	-0.2492067	-0.624907	2.918294	0.06662417	-0.9477283	2.965804	-0.327401	-0.9987794	2.960775	

-0.02107543	-0.06754144	2.521372	-0.4136562	-0.158389	2.88934	-0.1061153	-0.05822129	2.497512	-0.4579941	-0.1719244	2.836927	-0.07611746	-0.05236471	2.5495	-0.398581	-0.146551	2.845833	-0.2112458	0.5902114	2.621288	-0.1499243	0.4745434	2.668438	-0.1431327	0.3991862	2.695182	-0.1234713	0.1735476	2.763384	-0.1113433	-0.1509557	2.835483	0.006243824	0.3731674	2.615401	-0.2935722	0.3657931	2.781871	-0.04454853	-0.144332	2.760597	-0.1747356	-0.1536421	2.831908	0.1443481	0.1373742	2.595853	-0.3290831	0.09181397	2.954247	0.05253106	-0.5744931	2.865214	-0.2488066	-0.6233674	2.917705	0.06761612	-0.9475813	2.966148	-0.3275212	-0.9989588	2.960721	

-0.01932339	-0.06355061	2.520872	-0.4251881	-0.1451481	2.881861	-0.140113	-0.04009026	2.569363	-0.4757169	-0.155825	2.827166	-0.09337492	-0.06478618	2.587	-0.4131217	-0.1414341	2.84775	-0.2203636	0.5823731	2.61554	-0.1533688	0.4723244	2.665959	-0.1464713	0.3968143	2.692911	-0.1264874	0.1683342	2.762135	-0.1083899	-0.1534661	2.838565	-0.002264983	0.3713106	2.611219	-0.2969809	0.3628694	2.780529	-0.04185451	-0.1459234	2.763782	-0.1716674	-0.157017	2.834862	0.1468304	0.1427432	2.587392	-0.3323475	0.09853108	2.960128	0.05222995	-0.5714366	2.867141	-0.2483362	-0.6226733	2.917618	0.06908726	-0.9464753	2.966166	-0.3278342	-0.9992349	2.960652	

-0.02869801	-0.04292798	2.529841	-0.4302652	-0.1326108	2.874048	-0.1051187	-0.04663111	2.567372	-0.4788118	-0.2272704	2.838789	-0.07497667	-0.04476095	2.592	-0.416215	-0.2125281	2.859397	-0.2613837	0.5544811	2.593376	-0.188488	0.4468902	2.643259	-0.1741966	0.374631	2.675751	-0.1368754	0.152191	2.757833	-0.1018852	-0.162046	2.846254	-0.02729433	0.3617297	2.59642	-0.3105181	0.3461449	2.762158	-0.03497133	-0.152286	2.772432	-0.1657318	-0.1677082	2.841682	0.151913	0.1569684	2.563012	-0.3390717	0.1069257	2.966907	0.05326827	-0.5716285	2.868461	-0.2474469	-0.6210749	2.918269	0.06916048	-0.9464658	2.966169	-0.327794	-0.9994869	2.961238	

-0.02303945	-0.0378776	2.516981	-0.4385802	-0.1282337	2.868646	-0.1235387	-0.04458766	2.581775	-0.4923639	-0.1983109	2.810631	-0.08377871	-0.03404255	2.54725	-0.429676	-0.1837034	2.831245	-0.2974533	0.523134	2.569996	-0.2062925	0.4340669	2.632093	-0.1919005	0.3609454	2.666275	-0.1478092	0.1387375	2.75704	-0.09772776	-0.1722508	2.862136	-0.05114843	0.3459246	2.58223	-0.3341324	0.3168651	2.735814	-0.02986918	-0.1609226	2.791887	-0.1626355	-0.1788715	2.854403	0.1525285	0.1663633	2.547094	-0.352571	0.1096321	2.970455	0.05397329	-0.573572	2.870291	-0.247017	-0.6211361	2.919777	0.0690856	-0.9467824	2.96634	-0.32803	-1.000099	2.960839	

-0.03561609	-0.03698403	2.525617	-0.4041737	-0.1713713	2.851135	-0.1390706	-0.05882662	2.587028	-0.4591088	-0.2348527	2.787525	-0.1265078	-0.05378376	2.572	-0.3965674	-0.2200507	2.808129	-0.3557765	0.4502576	2.538956	-0.2596988	0.3705337	2.597989	-0.2397783	0.3024426	2.640214	-0.1780761	0.09384852	2.756927	-0.09399547	-0.1875724	2.897099	-0.1007607	0.3041548	2.557098	-0.3822806	0.2890171	2.703146	-0.0275298	-0.174362	2.831297	-0.157974	-0.1954391	2.884646	0.1343661	0.1706845	2.513059	-0.3932342	0.07870866	2.959891	0.04494249	-0.5838446	2.871347	-0.2497875	-0.6248793	2.927842	0.067206	-0.9463504	2.96506	-0.3281856	-1.000219	2.960909	

-0.08454052	-0.1227647	2.519476	-0.4914376	-0.2473042	2.781765	-0.2219138	-0.08807545	2.536323	-0.4938247	-0.3419654	2.76077	-0.1251762	-0.1255732	2.518	-0.4310987	-0.3266141	2.781463	-0.439257	0.2901044	2.501254	-0.3339192	0.2382992	2.553205	-0.3077659	0.1794083	2.606868	-0.2267587	-0.0005817633	2.757835	-0.1157937	-0.2446333	2.948857	-0.1738458	0.1985739	2.535751	-0.4278433	0.1539238	2.654375	-0.05038636	-0.229091	2.888324	-0.1780882	-0.2536692	2.931032	0.07354896	0.09045367	2.491216	-0.4561027	-0.01799429	2.926577	0.0260335	-0.6245213	2.867889	-0.2731727	-0.6411293	2.936534	0.06470267	-0.9506542	2.964798	-0.329468	-0.9977532	2.95973	

-0.1486892	-0.2120246	2.524106	-0.4867034	-0.3097874	2.752284	-0.2695463	-0.1824921	2.499466	-0.4890913	-0.4041979	2.731302	-0.1825589	-0.2127487	2.501894	-0.4263704	-0.388514	2.752039	-0.4743824	0.2024553	2.487656	-0.3802337	0.1578258	2.551245	-0.351472	0.1006196	2.607194	-0.2623275	-0.07384732	2.764991	-0.1401905	-0.3099619	2.965117	-0.2168244	0.1376386	2.527953	-0.4482813	0.04827069	2.660251	-0.07557797	-0.2857279	2.910969	-0.2010788	-0.3260153	2.941089	0.01448974	-0.00360995	2.495166	-0.4959512	-0.0838541	2.906942	0.01097782	-0.6787165	2.847165	-0.3235262	-0.7066413	2.925505	0.06359147	-0.9527785	2.962687	-0.3317439	-0.9960898	2.956327	

-0.1759166	-0.3074089	2.531836	-0.461012	-0.3838371	2.800161	-0.2489964	-0.3024589	2.529217	-0.3743286	-0.500021	2.821332	-0.196392	-0.2980961	2.52075	-0.3708556	-0.3996423	2.836	-0.5083039	0.140729	2.47678	-0.3941299	0.115902	2.542078	-0.3642822	0.0628642	2.596977	-0.272257	-0.1007073	2.752241	-0.147313	-0.3261243	2.949623	-0.2390411	0.1072738	2.515913	-0.5335041	0.006123456	2.72835	-0.08770219	-0.3061031	2.887435	-0.2042856	-0.3381631	2.93186	-0.04223479	-0.07941031	2.503881	-0.5210097	-0.1492194	2.926047	-0.004980692	-0.7000277	2.840737	-0.359982	-0.7070988	2.900839	0.0587454	-0.9568951	2.960386	-0.3340027	-0.9956701	2.952886	

-0.1968098	-0.404571	2.534387	-0.5331531	-0.509195	2.799435	-0.3654278	-0.3724564	2.50493	-0.5234939	-0.6382082	2.742332	-0.2679848	-0.4245454	2.516111	-0.5192548	-0.5371128	2.75727	-0.5486006	0.04619883	2.467741	-0.4253617	0.03645868	2.531641	-0.3904482	-0.004873276	2.588809	-0.2784209	-0.1188438	2.751091	-0.1401306	-0.3115692	2.953062	-0.2813001	0.0352562	2.514214	-0.5336496	-0.07568348	2.69119	-0.07224263	-0.2750628	2.872252	-0.1981765	-0.3269962	2.954545	-0.09552728	-0.1612776	2.50763	-0.5604383	-0.264885	2.914477	-0.0793105	-0.6771907	2.807397	-0.3558885	-0.7544937	2.896779	0.05717244	-0.9706016	2.957202	-0.3286917	-1.063623	2.963181	

-0.2425999	-0.5271345	2.526787	-0.6025462	-0.6414005	2.794745	-0.3391196	-0.5314708	2.512954	-0.6115267	-0.7723687	2.74508	-0.2196206	-0.5314232	2.542222	-0.6069009	-0.6706694	2.760253	-0.5790451	-0.03427102	2.455685	-0.4689169	-0.03492467	2.525592	-0.4308768	-0.07133862	2.583139	-0.3131321	-0.1817474	2.745867	-0.1451961	-0.319656	2.953002	-0.3150264	-0.02818312	2.510218	-0.5268182	-0.1565239	2.652051	-0.07591847	-0.2792582	2.870583	-0.2134203	-0.3580071	2.959412	-0.1520893	-0.2793881	2.506808	-0.5730763	-0.3902954	2.887889	-0.1379575	-0.675021	2.786058	-0.3869096	-0.7143579	2.856663	0.05651278	-0.9758803	2.95627	-0.3357499	-1.013089	2.948107	

-0.2813146	-0.5955338	2.502194	-0.6338775	-0.6858379	2.800634	-0.3991924	-0.6418677	2.489051	-0.6405678	-0.6720195	2.675091	-0.3752716	-0.5928049	2.510818	-0.6782182	-0.6437982	2.6355	-0.6026335	-0.102031	2.448487	-0.4979345	-0.09268992	2.523469	-0.4613428	-0.1259374	2.581074	-0.3478698	-0.226455	2.744028	-0.192364	-0.3615936	2.951491	-0.3475282	-0.03793661	2.51492	-0.5475954	-0.2415055	2.683118	-0.1312802	-0.3008206	2.886096	-0.2483199	-0.4127723	2.938932	-0.198565	-0.3438323	2.500779	-0.6010966	-0.4254675	2.849643	-0.1656508	-0.6955411	2.772129	-0.4775269	-0.7330385	2.826608	0.04726659	-1.028015	2.941456	-0.3353639	-1.01505	2.944132	

-0.285935	-0.6052763	2.499715	-0.6344855	-0.7565718	2.741543	-0.3956305	-0.66224	2.478336	-0.6823577	-0.8254887	2.612479	-0.3812093	-0.6129758	2.497182	-0.7197858	-0.7964756	2.573168	-0.6062627	-0.1088586	2.448433	-0.5077339	-0.1129594	2.526004	-0.4680834	-0.1411736	2.582234	-0.3487766	-0.2311378	2.743031	-0.1899082	-0.3615212	2.948721	-0.3466892	-0.05276589	2.515489	-0.5976451	-0.2810028	2.741491	-0.1292711	-0.3037731	2.877493	-0.2443819	-0.410576	2.938774	-0.2068521	-0.3524219	2.498844	-0.6247696	-0.5106828	2.852112	-0.1697707	-0.6994433	2.773345	-0.4664533	-0.7356628	2.82533	0.04699147	-1.028904	2.943671	-0.3324988	-1.015846	2.944165	

-0.3591937	-0.6472012	2.458852	-0.7325855	-0.8176737	2.687819	-0.4579267	-0.7094758	2.414496	-0.7934544	-0.8541169	2.577203	-0.4767905	-0.661152	2.454	-0.8303238	-0.8249658	2.538095	-0.6269271	-0.1230069	2.441982	-0.5294887	-0.12896	2.513458	-0.495733	-0.1627388	2.566849	-0.3878542	-0.2634056	2.719157	-0.2337337	-0.3939766	2.915764	-0.3897198	-0.07002267	2.498536	-0.6598119	-0.3201882	2.752871	-0.1795599	-0.3371731	2.841429	-0.2816252	-0.4402277	2.91237	-0.2716961	-0.3973804	2.484929	-0.6765435	-0.5778728	2.79583	-0.209982	-0.7366302	2.769462	-0.4998779	-0.7888232	2.796534	0.03839985	-1.045416	2.936476	-0.3374845	-1.017167	2.941747	

-0.3790138	-0.618949	2.45015	-0.7335459	-0.8036646	2.688093	-0.4583077	-0.7174815	2.393999	-0.7757612	-0.8817881	2.611834	-0.481147	-0.6671152	2.425133	-0.812769	-0.8525514	2.572713	-0.6373706	-0.1266847	2.434589	-0.5323642	-0.132307	2.512876	-0.4976603	-0.1650196	2.566807	-0.3887197	-0.2641925	2.719677	-0.235274	-0.3946536	2.916663	-0.390096	-0.07034138	2.495609	-0.6579412	-0.3069269	2.722786	-0.1799149	-0.3376237	2.841744	-0.28524	-0.4410786	2.914248	-0.2941311	-0.3554242	2.471473	-0.69181	-0.5569049	2.785618	-0.2145701	-0.7364996	2.766825	-0.5003027	-0.7897268	2.796808	0.03874482	-1.042492	2.931945	-0.3283685	-1.013434	2.938919	

-0.4402323	-0.6145988	2.403151	-0.8215349	-0.7537974	2.582019	-0.5663124	-0.7265048	2.407722	-0.8696175	-0.7079411	2.513471	-0.567932	-0.6578735	2.311833	-0.8701047	-0.6913866	2.549308	-0.6584799	-0.1072554	2.426038	-0.5549271	-0.1097105	2.489132	-0.5183309	-0.1448937	2.546819	-0.4054806	-0.2497399	2.708006	-0.2512074	-0.3867646	2.910776	-0.4150102	-0.05208277	2.488367	-0.6733617	-0.291644	2.688279	-0.1970223	-0.324969	2.847914	-0.3049924	-0.4359101	2.891378	-0.3191631	-0.3668928	2.455822	-0.7499204	-0.5379391	2.72877	-0.2300667	-0.7229272	2.759256	-0.3867773	-0.7685863	2.845806	0.03473646	-1.019917	2.923568	-0.3586196	-0.9738309	2.91146	

-0.4608636	-0.5894127	2.375695	-0.8422366	-0.717037	2.606284	-0.5727618	-0.6997285	2.364687	-0.8485903	-0.7357026	2.526145	-0.5707164	-0.6385864	2.32725	-0.9010358	-0.6695871	2.528111	-0.6681813	-0.09620249	2.422921	-0.5614348	-0.103805	2.486973	-0.5226133	-0.1382969	2.545993	-0.4035237	-0.2379509	2.712529	-0.2289859	-0.3606073	2.934497	-0.4272824	-0.04371557	2.481717	-0.6708153	-0.247254	2.647352	-0.1784647	-0.2921921	2.909271	-0.2743791	-0.4171804	2.887956	-0.3450825	-0.3557478	2.436297	-0.7545086	-0.4849876	2.709282	-0.2413853	-0.6741811	2.755973	-0.03632543	-0.7432007	2.823963	0.03093436	-0.9658901	2.918518	-0.3609534	-0.972792	2.906961	

-0.4987107	-0.5382179	2.330288	-0.8621544	-0.6618847	2.559358	-0.5894394	-0.6326771	2.274711	-0.9211252	-0.7011045	2.472028	-0.5744535	-0.5736697	2.324167	-0.9587072	-0.630466	2.427	-0.6976311	-0.03649594	2.416673	-0.6094081	-0.1009215	2.529732	-0.5673184	-0.1274014	2.579478	-0.4326011	-0.211135	2.718271	-0.2572904	-0.3149517	2.895594	-0.4513933	-0.005317651	2.467284	-0.6899132	-0.2097675	2.617979	-0.197616	-0.2625345	2.816985	-0.3099796	-0.3588425	2.89628	-0.3923609	-0.3030752	2.40476	-0.8306701	-0.4198141	2.674661	-0.2499101	-0.661386	2.756922	-0.07184665	-0.6858358	2.82832	0.02486201	-0.9510438	2.919336	-0.3572919	-0.9771957	2.912509	

-0.5922951	-0.5075028	2.239945	-0.9983038	-0.5793825	2.472138	-0.7005858	-0.544959	2.182958	-1.009578	-0.5841118	2.378846	-0.6939318	-0.5184656	2.227143	-1.052594	-0.5151213	2.411545	-0.7233123	0.0649891	2.405911	-0.6319494	0.0004124849	2.481728	-0.592144	-0.03484603	2.53304	-0.4682379	-0.1419836	2.677354	-0.2978019	-0.2866823	2.860116	-0.4997676	0.05007046	2.452859	-0.7513303	-0.1279656	2.59623	-0.2380416	-0.2479234	2.781765	-0.3493945	-0.3176003	2.860601	-0.467312	-0.288674	2.335196	-0.8699922	-0.3768151	2.594627	-0.277107	-0.6712071	2.744401	-0.1160068	-0.6490807	2.793681	0.0002742813	-0.9585711	2.906787	-0.2749401	-1.036409	2.897071	

-0.6565416	-0.3777356	2.177535	-1.059921	-0.4427804	2.42999	-0.7690614	-0.4309193	2.131371	-1.082078	-0.4747668	2.31448	-0.767265	-0.4451363	2.152333	-1.099013	-0.3889882	2.282118	-0.7384723	0.1714769	2.412343	-0.6584724	0.09482754	2.475656	-0.6237438	0.05613003	2.525614	-0.5151483	-0.06190974	2.665941	-0.3652413	-0.2218371	2.843488	-0.5147828	0.1130148	2.442969	-0.7823305	-0.039946	2.578497	-0.3024139	-0.1841819	2.770774	-0.4180179	-0.2533882	2.838395	-0.501537	-0.1955523	2.304936	-0.9366694	-0.2541388	2.580238	-0.3407479	-0.5860981	2.721437	-0.117493	-0.5301442	2.815202	-0.0632993	-0.8744984	2.883597	-0.2913416	-0.9182258	2.895748	

-0.6791319	-0.3131634	2.150618	-1.079937	-0.380223	2.389776	-0.7925363	-0.3766103	2.10638	-1.112229	-0.3787978	2.292803	-0.7976483	-0.4130801	2.17125	-1.113957	-0.3395526	2.281875	-0.7449331	0.1916485	2.413438	-0.6613912	0.1119867	2.47448	-0.6274327	0.07146561	2.524773	-0.520806	-0.05109252	2.665933	-0.373618	-0.2150475	2.844397	-0.5156303	0.118372	2.440988	-0.7783009	-0.02688589	2.57213	-0.3066686	-0.1784559	2.770437	-0.4320299	-0.245481	2.841173	-0.5078343	-0.1591009	2.294761	-0.9464729	-0.2301538	2.573533	-0.4025055	-0.5700877	2.723153	-0.127814	-0.5189217	2.814339	-0.04569064	-0.7687815	2.869919	-0.3014261	-0.9072328	2.894549	

-0.6919402	-0.2757213	2.146983	-1.107082	-0.3248656	2.382007	-0.8041912	-0.326982	2.087133	-1.136471	-0.3642051	2.271736	-0.8034112	-0.3439659	2.1118	-1.165905	-0.2627912	2.305222	-0.7530165	0.2420289	2.419674	-0.6670184	0.1556557	2.473635	-0.6347099	0.1100144	2.523364	-0.5319926	-0.02674828	2.663402	-0.3886289	-0.2046111	2.8409	-0.5162365	0.1328547	2.44307	-0.7948543	0.0224847	2.566686	-0.3165597	-0.1701344	2.766942	-0.4508317	-0.2336256	2.837593	-0.5186041	-0.1197629	2.286293	-0.9473646	-0.1942667	2.558793	-0.4042761	-0.5638602	2.720603	-0.1294872	-0.4884909	2.80108	-0.0474435	-0.762588	2.867371	-0.268727	-0.8892815	2.886421	

-0.7719361	-0.1644624	2.098007	-1.145961	-0.1998227	2.349514	-0.8914131	-0.1502723	2.013424	-1.202838	-0.1268616	2.229395	-0.8739026	-0.2100137	2.087667	-1.190156	-0.1350964	2.2781	-0.7473137	0.3504714	2.436904	-0.6798496	0.2494367	2.483103	-0.6485928	0.1996185	2.527115	-0.550497	0.04703599	2.649709	-0.4146061	-0.1604713	2.803603	-0.519752	0.217896	2.440835	-0.803853	0.1123947	2.558757	-0.3471936	-0.1354147	2.726274	-0.4704598	-0.1810554	2.803226	-0.5674791	-0.016477	2.252043	-0.9811093	-0.08476179	2.532737	-0.3284654	-0.5412962	2.750988	-0.1641997	-0.4568439	2.799934	0.02792623	-0.7401231	2.897572	-0.3062131	-0.8574989	2.882426	

-0.7623372	-0.03694788	2.10249	-1.168044	-0.0984441	2.342413	-0.9064069	-0.020796	2.004107	-1.223819	-0.05163063	2.217957	-0.8958789	-0.07285778	2.080375	-1.222271	-0.009795963	2.226667	-0.7496923	0.4314315	2.455959	-0.6807107	0.3225868	2.496607	-0.6533963	0.2651606	2.537944	-0.5651987	0.08380949	2.652184	-0.4369372	-0.1537471	2.798274	-0.514497	0.2456065	2.445185	-0.8157178	0.1847214	2.568388	-0.3729035	-0.1332477	2.721714	-0.4899893	-0.1699109	2.79702	-0.5499074	0.04695872	2.249961	-0.9973411	-0.008305407	2.534525	-0.1328391	-0.5581975	2.837214	-0.5020465	-0.6079236	2.779648	0.02240546	-0.9533348	2.922329	-0.3664248	-0.9951925	2.913366	

-0.7699379	-0.03067401	2.097708	-1.184955	-0.111751	2.324548	-0.8519782	-0.02535912	2.041098	-1.226229	-0.05747054	2.229749	-0.8430887	-0.04686699	2.05825	-1.209271	0.003388335	2.236333	-0.7485486	0.4392118	2.458049	-0.6815891	0.3326368	2.499224	-0.6541629	0.272379	2.539866	-0.566428	0.08774342	2.653063	-0.4403743	-0.1543847	2.797501	-0.5151275	0.2460001	2.445242	-0.8155193	0.1851731	2.568486	-0.3756352	-0.1345164	2.722154	-0.4940329	-0.1698044	2.794784	-0.5576158	0.05354069	2.24511	-1.035192	0.03420715	2.498329	-0.1328638	-0.5601777	2.836818	-0.5025953	-0.6082696	2.779872	0.0222009	-0.9551766	2.922694	-0.3683551	-0.9959833	2.91364	

-0.7906941	-0.003860329	2.099957	-1.153206	-0.06593898	2.350373	-0.9459554	0.04653506	1.993181	-1.225754	-0.02498577	2.2246	-0.9238583	-0.009982387	2.091143	-1.220217	0.02615129	2.241111	-0.7503269	0.4534861	2.460902	-0.6780978	0.349609	2.502228	-0.6515357	0.2839248	2.543047	-0.5658671	0.08953711	2.655523	-0.4435867	-0.1671177	2.803437	-0.5170701	0.254827	2.447278	-0.8151088	0.1884684	2.569479	-0.3793718	-0.1480679	2.770766	-0.5001068	-0.1987704	2.773139	-0.5579078	0.06248587	2.246603	-1.021319	0.02424152	2.572976	-0.1341577	-0.5624393	2.836453	-0.5026808	-0.6091177	2.781851	0.019364	-0.9576274	2.923841	-0.3701839	-0.9977354	2.914759	

-0.7654389	0.03165646	2.121699	-1.166292	-0.03793715	2.381438	-0.8870429	0.04668449	2.043694	-1.213823	-0.008525905	2.249883	-0.8202659	0.005800469	2.082273	-1.190102	0.03376474	2.299333	-0.7518978	0.4789837	2.479047	-0.6764632	0.3751986	2.519033	-0.6498882	0.3079126	2.558278	-0.5655564	0.102045	2.66507	-0.44429	-0.1668904	2.804198	-0.5156229	0.3077749	2.4602	-0.8121485	0.2312301	2.591204	-0.3803779	-0.145316	2.771376	-0.5002925	-0.1968361	2.771704	-0.5509889	0.1006136	2.274329	-0.9948677	0.03853938	2.579157	-0.1378282	-0.575348	2.837797	-0.4939587	-0.6123037	2.798599	0.0008400041	-0.9578775	2.919997	-0.3697767	-0.9987555	2.917298	

-0.6805071	0.05188709	2.180043	-1.162576	-0.03715998	2.382541	-0.8276933	0.02415207	2.086682	-1.211387	-0.008702384	2.262783	-0.7290387	0.006517184	2.132454	-1.192553	0.02575174	2.292	-0.751866	0.4820244	2.48188	-0.6772819	0.3768489	2.521067	-0.6504909	0.3096179	2.560246	-0.5656772	0.1040369	2.667448	-0.4444586	-0.1671482	2.804675	-0.5156977	0.307806	2.460299	-0.8123844	0.2309849	2.592665	-0.3805144	-0.1450963	2.771351	-0.4998795	-0.196172	2.771322	-0.5489207	0.1009739	2.27358	-0.9968488	0.04028035	2.585045	-0.1396378	-0.5784452	2.837614	-0.4898118	-0.6160067	2.806618	-0.007955814	-0.9545673	2.917098	-0.3694974	-0.9986126	2.919882	

-0.7939934	0.00661584	2.141017	-1.140674	-0.02975943	2.40156	-0.9344607	0.02551867	2.099309	-1.237745	-0.008105359	2.273019	-0.8126773	0.0001486724	2.08828	-1.200254	0.00557781	2.3012	-0.7534319	0.4844631	2.484728	-0.6783395	0.3795934	2.525954	-0.6513207	0.3128758	2.564575	-0.566037	0.1091001	2.670895	-0.4450235	-0.1641778	2.805089	-0.5155607	0.3080959	2.461528	-0.8122917	0.2297805	2.595271	-0.3819381	-0.1402244	2.76493	-0.4985429	-0.1844833	2.775501	-0.5181054	0.09224432	2.282218	-0.9839094	0.03104701	2.617324	-0.1411814	-0.5826681	2.838633	-0.4798237	-0.619961	2.824539	-0.01420435	-0.9553611	2.915779	-0.3688603	-0.995728	2.923022	

-0.7248944	-0.01995606	2.154415	-1.134043	-0.04430952	2.415712	-0.8513157	-0.004352318	2.121852	-1.218349	-0.03466823	2.264292	-0.8055776	-0.0214587	2.1026	-1.223908	-0.05064845	2.311572	-0.7560648	0.486384	2.489907	-0.6799916	0.3806377	2.532308	-0.6527105	0.3148133	2.569765	-0.5670429	0.1136259	2.673979	-0.4466323	-0.1561645	2.804777	-0.5159477	0.3081485	2.463342	-0.8109567	0.2238591	2.609764	-0.3859893	-0.1298025	2.747111	-0.4979215	-0.169596	2.786431	-0.5150145	0.08981393	2.287209	-0.977438	0.02035831	2.630443	-0.1414788	-0.5841076	2.839045	-0.4760102	-0.6206271	2.83165	-0.01645565	-0.9559951	2.915261	-0.3685545	-0.9888747	2.925957	

-0.7279468	-0.0875707	2.228459	-1.096233	-0.1156845	2.468637	-0.8538577	-0.1510121	2.197382	-1.189637	-0.1251766	2.342062	-0.7585744	-0.1206415	2.172476	-1.175322	-0.1170202	2.3885	-0.7607611	0.4867135	2.502534	-0.6803387	0.3821349	2.541135	-0.6525136	0.3164108	2.57849	-0.5652195	0.115206	2.681582	-0.4435806	-0.1561604	2.810103	-0.519864	0.3093063	2.48424	-0.8075797	0.210603	2.639549	-0.3836567	-0.1311093	2.748744	-0.4925101	-0.1712378	2.797605	-0.500291	0.02731314	2.314839	-0.9457455	-0.01155742	2.671557	-0.1373395	-0.5848407	2.841474	-0.463036	-0.6154817	2.84736	-0.01255657	-0.9565657	2.912218	-0.3666816	-0.9866981	2.928289	

-0.6539348	-0.09295373	2.249876	-0.9851542	-0.05474723	2.609234	-0.8164843	-0.192537	2.222334	-1.093037	-0.1481526	2.44845	-0.7205048	-0.1536114	2.207857	-1.028849	-0.0459795	2.545455	-0.7615303	0.4845893	2.509753	-0.6794156	0.3823241	2.547608	-0.6513698	0.3166561	2.584706	-0.5634054	0.1155136	2.686856	-0.4411773	-0.1565761	2.813924	-0.5194888	0.3085497	2.483589	-0.8071132	0.2104064	2.642032	-0.3822505	-0.1326493	2.749834	-0.4883706	-0.1717129	2.804168	-0.4636399	0.06464457	2.36117	-0.9382362	-0.01569921	2.676176	-0.1343459	-0.583422	2.842927	-0.4571975	-0.6168075	2.854418	-0.008559473	-0.9535035	2.911363	-0.3640468	-0.9842571	2.930705	

-0.5793294	-0.1634	2.316335	-1.025065	-0.193212	2.570416	-0.7042602	-0.3015875	2.322217	-1.112098	-0.2604569	2.455628	-0.6331769	-0.2368038	2.290667	-1.079964	-0.2144612	2.447786	-0.758639	0.4766777	2.526137	-0.675206	0.375926	2.565851	-0.6461354	0.3101513	2.602822	-0.5548183	0.1085394	2.704606	-0.4274503	-0.1656819	2.831321	-0.5141127	0.2993624	2.510266	-0.7957484	0.2127012	2.664948	-0.3695213	-0.1441357	2.756994	-0.4729151	-0.1812781	2.833046	-0.4404932	0.04972911	2.408823	-0.8794047	-0.02763111	2.729223	-0.1223267	-0.5745974	2.843001	-0.442807	-0.6200721	2.867684	0.03233607	-0.9560381	2.924045	-0.360207	-0.9823347	2.933877	

-0.5580459	-0.1709471	2.343678	-0.9980733	-0.2218693	2.587174	-0.6706704	-0.3380016	2.363997	-1.082031	-0.3010098	2.494888	-0.6098415	-0.2727332	2.33212	-1.057846	-0.2546346	2.472857	-0.7578073	0.4732336	2.531323	-0.6731154	0.3748621	2.569685	-0.6435932	0.3087176	2.607059	-0.550707	0.1057746	2.71004	-0.4211424	-0.1707909	2.838039	-0.5130188	0.2980646	2.512551	-0.7927821	0.213319	2.670167	-0.3620851	-0.151802	2.763858	-0.4687355	-0.1842085	2.836869	-0.4257822	0.0503677	2.424621	-0.8746027	-0.02846079	2.732281	-0.1061158	-0.5792276	2.847597	-0.4380014	-0.6223445	2.871182	0.03710008	-0.9509606	2.929411	-0.3587224	-0.9821303	2.935182	

-0.4687925	-0.2246374	2.47014	-0.8744448	-0.2922221	2.716902	-0.5349933	-0.3989096	2.517031	-0.918705	-0.4250162	2.661446	-0.4974532	-0.348796	2.489857	-0.9085014	-0.3444198	2.619637	-0.7413532	0.4625714	2.55047	-0.6489812	0.3679196	2.597811	-0.6160372	0.3005437	2.635527	-0.5118183	0.0936616	2.739206	-0.3711176	-0.1869435	2.863855	-0.4823471	0.270384	2.542558	-0.7518798	0.2103735	2.699697	-0.3152829	-0.1645602	2.789358	-0.4168161	-0.2042267	2.860503	-0.3728354	0.02444472	2.486151	-0.7966413	-0.04700679	2.796656	-0.09184947	-0.5770304	2.857575	-0.4265547	-0.6247487	2.884139	0.06025758	-0.9431101	2.968395	-0.3553944	-0.9840366	2.939661	

-0.4100658	-0.2645396	2.553967	-0.7586895	-0.3338688	2.804129	-0.4351678	-0.3914317	2.611205	-0.781494	-0.4434743	2.777271	-0.4156316	-0.3368589	2.577091	-0.7875975	-0.3908118	2.7345	-0.7134406	0.4608567	2.567575	-0.6239673	0.3660993	2.613261	-0.5900088	0.2990731	2.649734	-0.4842053	0.09365075	2.749463	-0.3347375	-0.1855461	2.872708	-0.4660942	0.2735957	2.548344	-0.738364	0.2134846	2.710107	-0.2785764	-0.1612269	2.794203	-0.3812201	-0.204807	2.873411	-0.3480047	-0.007889128	2.528239	-0.7322131	-0.07031471	2.845736	-0.08287334	-0.574949	2.871855	-0.4105141	-0.6206605	2.897707	0.05705801	-0.9407203	2.973134	-0.3516402	-0.9817188	2.945053	

-0.313244	-0.2201694	2.624405	-0.6304258	-0.3333101	2.908099	-0.3445174	-0.3488557	2.709531	-0.6372023	-0.4232163	2.898364	-0.2746582	-0.2025199	2.628909	-0.6557981	-0.3648574	2.8396	-0.6467365	0.4838114	2.596637	-0.5654995	0.3844997	2.633998	-0.5322778	0.3144313	2.671198	-0.4289068	0.09981466	2.773187	-0.2865151	-0.1921988	2.899051	-0.4066455	0.281831	2.570179	-0.6768832	0.2256692	2.731458	-0.2355969	-0.1671401	2.823077	-0.3296694	-0.2120585	2.896913	-0.2723478	0.03593306	2.573303	-0.6400898	-0.06715006	2.904642	-0.06475439	-0.579443	2.901738	-0.3940629	-0.6278183	2.915258	0.04833129	-0.9448197	2.995654	-0.3480698	-0.9952601	2.954877	

-0.29352	-0.2204737	2.628674	-0.6134619	-0.3308315	2.914841	-0.3251631	-0.3416644	2.723175	-0.6100826	-0.4197042	2.910156	-0.2993802	-0.3164087	2.7106	-0.6324785	-0.3674876	2.866333	-0.6419016	0.4863703	2.598264	-0.5608751	0.3858878	2.634618	-0.5292761	0.3153838	2.671773	-0.428638	0.09997165	2.773474	-0.2884023	-0.1924194	2.899914	-0.4060978	0.2822298	2.570412	-0.6742131	0.2285567	2.734532	-0.2366269	-0.1679876	2.82396	-0.3330117	-0.2113749	2.897866	-0.268346	0.03728795	2.575733	-0.6260303	-0.06475574	2.911211	-0.06183416	-0.5798508	2.905262	-0.3921267	-0.6255535	2.916638	0.04711533	-0.9473633	3.003667	-0.3477853	-0.995311	2.95652	

-0.2643705	-0.2122396	2.65636	-0.5708539	-0.3192476	2.939248	-0.3030994	-0.3310405	2.743598	-0.5601008	-0.4146851	2.929281	-0.2321346	-0.2371856	2.762917	-0.5909352	-0.3480127	2.884215	-0.5949661	0.5092593	2.616931	-0.5179771	0.3996285	2.653277	-0.4949049	0.3264163	2.687388	-0.4164411	0.1040441	2.781067	-0.2886574	-0.1924174	2.901265	-0.3635155	0.2985161	2.585443	-0.6403962	0.2526833	2.750022	-0.2357901	-0.1694658	2.826573	-0.33413	-0.2102756	2.898963	-0.2191659	0.04159691	2.598769	-0.5962458	-0.05509204	2.921054	-0.0553502	-0.580033	2.912186	-0.3862092	-0.6201447	2.91749	0.04699994	-0.9471086	3.008385	-0.3462712	-0.9919256	2.959366	

-0.2611504	-0.212324	2.659217	-0.5639641	-0.3185159	2.945993	-0.2966811	-0.3246199	2.746372	-0.5462025	-0.4062392	2.940349	-0.2297286	-0.2385492	2.767905	-0.5807277	-0.349606	2.899539	-0.5834665	0.5155597	2.621538	-0.5095999	0.4019047	2.656847	-0.4833079	0.3292658	2.692072	-0.3998085	0.10702	2.78785	-0.2834867	-0.1931072	2.904221	-0.3570805	0.3005188	2.588626	-0.6346499	0.2528655	2.754101	-0.2262344	-0.1736373	2.832144	-0.3315933	-0.2091233	2.90008	-0.2073558	0.04067553	2.604787	-0.5812804	-0.05427263	2.924036	-0.0467863	-0.5805998	2.919157	-0.3809641	-0.610248	2.917199	0.04711222	-0.9472343	3.009304	-0.3469315	-0.9925291	2.960449	

