0.2014017	-0.1151952	2.877274	-0.4469384	-0.1705314	2.772429	0.2344636	-0.262319	2.891725	-0.4750397	-0.3310578	2.798167	0.232882	-0.1706174	2.839222	-0.4096625	-0.2365113	2.776769	-0.133036	0.6444361	2.739873	-0.1572866	0.5008206	2.790215	-0.1531793	0.4232784	2.805042	-0.1401087	0.1856291	2.839831	-0.1217808	-0.1383648	2.876042	0.02541695	0.4024377	2.854917	-0.3313626	0.3963894	2.772484	-0.03880008	-0.1350665	2.85214	-0.2015089	-0.137943	2.822609	0.1113657	0.1286178	2.912699	-0.4060425	0.08616959	2.804935	0.04916974	-0.5781169	2.924358	-0.2158741	-0.5655677	2.96141	0.1121116	-0.9468024	3.030163	-0.1925723	-0.9432216	3.06337	

0.2012271	-0.1154123	2.877785	-0.4468538	-0.1702569	2.772288	0.2355202	-0.2588571	2.892344	-0.4752578	-0.3253701	2.793715	0.2374195	-0.161697	2.849562	-0.4100899	-0.2335807	2.777448	-0.1330957	0.6444073	2.739866	-0.1574202	0.5008492	2.790328	-0.1532644	0.4233115	2.805114	-0.1401155	0.185665	2.839838	-0.1216802	-0.1382433	2.875979	0.02544993	0.4026662	2.855274	-0.3313048	0.3964807	2.77248	-0.03871455	-0.134942	2.85208	-0.2013949	-0.1378273	2.822547	0.1115182	0.1285707	2.91282	-0.4061626	0.08648077	2.804932	0.04907203	-0.5778936	2.924209	-0.216072	-0.5657471	2.961406	0.1124855	-0.9470317	3.03016	-0.1925601	-0.9432938	3.063272	

0.2000876	-0.1148565	2.879197	-0.4461111	-0.1687445	2.772034	0.2285983	-0.2601664	2.903246	-0.4556421	-0.3189267	2.792977	0.2338327	-0.1545186	2.860214	-0.4064054	-0.23383	2.776106	-0.1339235	0.6444139	2.740827	-0.1588423	0.501558	2.790677	-0.1545811	0.4238917	2.805524	-0.141159	0.1859161	2.840398	-0.1225118	-0.1383655	2.87676	0.02441469	0.4035319	2.856297	-0.3318743	0.3966973	2.772722	-0.03965584	-0.134965	2.853083	-0.2021142	-0.1380275	2.823116	0.1106019	0.1291236	2.913809	-0.4065987	0.08799089	2.80567	0.04804705	-0.5779355	2.925752	-0.2166473	-0.5667614	2.962453	0.1127299	-0.9471329	3.030327	-0.1928292	-0.9438238	3.063296	

0.1873977	-0.1176165	2.884462	-0.4353979	-0.166287	2.774937	0.1994127	-0.2568322	2.894516	-0.4196711	-0.316729	2.797503	0.2125222	-0.1770254	2.85624	-0.3851809	-0.2166337	2.776222	-0.1379934	0.6447212	2.743281	-0.1636303	0.5019029	2.794664	-0.1594598	0.4241166	2.809584	-0.1462371	0.18575	2.844651	-0.1277767	-0.1391334	2.881247	0.02000986	0.4055633	2.859121	-0.337873	0.3982186	2.775516	-0.04459668	-0.1355132	2.856922	-0.2075614	-0.1390229	2.828234	0.1066523	0.1293861	2.916502	-0.4057918	0.09157078	2.809181	0.04081526	-0.5928878	2.966646	-0.2185054	-0.5673757	2.963979	0.1128094	-0.9470427	3.031013	-0.192841	-0.9438209	3.063321	

0.179484	-0.1184148	2.886921	-0.4258052	-0.1608399	2.780029	0.1944291	-0.2521469	2.89435	-0.4077098	-0.3116987	2.801064	0.2029141	-0.1506792	2.86425	-0.3762317	-0.1891117	2.788174	-0.1419892	0.6446185	2.746276	-0.1679103	0.5020262	2.796961	-0.1637504	0.4241451	2.812073	-0.150543	0.1854725	2.847741	-0.1320984	-0.1398832	2.885223	0.01619147	0.4050035	2.861406	-0.3418439	0.3980434	2.77755	-0.04884496	-0.1363509	2.860626	-0.2118258	-0.1396608	2.832409	0.1014401	0.1287175	2.918532	-0.4048156	0.09738957	2.811896	0.0413716	-0.5943909	2.97223	-0.2216141	-0.5676911	2.965963	0.1129518	-0.9459327	3.033631	-0.1932139	-0.9441607	3.063809	

0.1715824	-0.1199393	2.887903	-0.4197285	-0.1559026	2.784779	0.1791255	-0.2581842	2.896831	-0.3962434	-0.3178645	2.810195	0.1919964	-0.1881656	2.856333	-0.3650895	-0.1796827	2.792385	-0.1455958	0.643944	2.749223	-0.1723373	0.501874	2.799914	-0.1681373	0.4237624	2.815159	-0.1548111	0.1843697	2.851241	-0.136225	-0.1420483	2.889324	0.01285189	0.404099	2.864186	-0.34598	0.3974676	2.779629	-0.05313241	-0.1386705	2.865077	-0.2156828	-0.1416202	2.836092	0.09624238	0.1270038	2.920595	-0.4052088	0.1021081	2.814105	0.03909905	-0.5928525	2.984538	-0.2244423	-0.5670387	2.967336	0.1125034	-0.9458096	3.035827	-0.1934543	-0.9441763	3.064156	

0.1617295	-0.1212081	2.889562	-0.4155434	-0.1526858	2.787874	0.1697707	-0.258353	2.897007	-0.3906564	-0.3175406	2.811789	0.1814766	-0.1618305	2.864968	-0.3562059	-0.2159669	2.80036	-0.1496645	0.642792	2.75236	-0.1753019	0.5011786	2.802151	-0.1711306	0.4229611	2.817492	-0.1578463	0.183244	2.853838	-0.1392324	-0.1435993	2.892202	0.008683507	0.4041229	2.866876	-0.3494474	0.3965619	2.782204	-0.05601882	-0.139947	2.867969	-0.2187363	-0.1434117	2.838883	0.09008437	0.1258662	2.92276	-0.405001	0.1048084	2.814757	0.03862473	-0.5973945	2.998651	-0.2273466	-0.5653676	2.9696	0.1124801	-0.9460874	3.039777	-0.1937657	-0.9441181	3.065247	

0.1539686	-0.1235842	2.889551	-0.4100308	-0.1513166	2.790993	0.1589982	-0.2665686	2.89989	-0.3798388	-0.318336	2.819673	0.1700447	-0.1916071	2.85372	-0.3457386	-0.2185783	2.807407	-0.1528309	0.6417314	2.754826	-0.179432	0.5000125	2.803954	-0.1750907	0.4218329	2.819429	-0.1613076	0.1822303	2.856149	-0.1420819	-0.1444551	2.894982	0.004965518	0.4033566	2.868576	-0.3529459	0.3957845	2.784562	-0.05877087	-0.1407767	2.870792	-0.2216032	-0.1442676	2.841563	0.08577789	0.1234474	2.923977	-0.4048849	0.1083651	2.815319	0.03528277	-0.6008619	3.00489	-0.2308855	-0.5663864	2.973332	0.1122503	-0.9469297	3.040797	-0.1944815	-0.9431238	3.065615	

0.1442326	-0.1224178	2.892457	-0.4070975	-0.1505739	2.792956	0.1456916	-0.265949	2.892902	-0.3752127	-0.3174929	2.823519	0.1647569	-0.1698737	2.869334	-0.3359886	-0.1965624	2.8047	-0.1553081	0.6412936	2.756079	-0.1823774	0.4994466	2.805548	-0.1779547	0.4211638	2.821161	-0.1639236	0.1812442	2.858307	-0.1443549	-0.1458926	2.897756	0.001163221	0.4024344	2.871773	-0.3551685	0.3950381	2.785421	-0.06112595	-0.1421767	2.873633	-0.2237355	-0.1457014	2.84422	0.07897849	0.1244098	2.925692	-0.4048658	0.1126169	2.815206	0.03424301	-0.601699	3.007805	-0.2352462	-0.5679908	2.979456	0.1119995	-0.9476821	3.04427	-0.1956153	-0.9429251	3.065316	

0.1362825	-0.1199203	2.893126	-0.4045004	-0.149316	2.796281	0.1353174	-0.2749453	2.904159	-0.3769772	-0.3164121	2.835728	0.1533926	-0.191325	2.861526	-0.3271221	-0.2170296	2.800364	-0.1582778	0.6411079	2.757916	-0.1856544	0.4996165	2.80795	-0.1809699	0.4212819	2.823694	-0.1662074	0.1812252	2.861248	-0.1457399	-0.1460608	2.901361	-0.003003735	0.4029446	2.876228	-0.3574647	0.3942322	2.786098	-0.06304657	-0.1418057	2.878728	-0.224664	-0.1462317	2.846605	0.07338995	0.1262978	2.928105	-0.4048619	0.1135449	2.814595	0.03195013	-0.60262	3.008907	-0.2370029	-0.5683573	2.981771	0.111832	-0.9479425	3.044979	-0.1964109	-0.9420862	3.065367	

0.1235909	-0.1116174	2.895938	-0.4026705	-0.1485658	2.798116	0.1236652	-0.2574524	2.900747	-0.3736978	-0.317709	2.840336	0.1396247	-0.1785616	2.861612	-0.3278401	-0.2422315	2.809818	-0.1614231	0.6410322	2.759537	-0.190907	0.4998413	2.809968	-0.1858378	0.4215686	2.826006	-0.1700389	0.181704	2.864431	-0.1483981	-0.145246	2.905871	-0.01107146	0.4079718	2.884224	-0.3607913	0.3941492	2.785176	-0.06688923	-0.1399214	2.885324	-0.226257	-0.1462276	2.849291	0.05994308	0.1330033	2.935081	-0.4049004	0.1128945	2.813344	0.03134094	-0.6034163	3.006702	-0.2384878	-0.5682902	2.983264	0.1117626	-0.9488188	3.045736	-0.1975566	-0.941572	3.065095	

0.1178608	-0.1095628	2.899763	-0.4022913	-0.1463162	2.799524	0.1161935	-0.2596804	2.910071	-0.3771133	-0.3141204	2.841584	0.138192	-0.1885637	2.878308	-0.3307272	-0.239448	2.814934	-0.1645584	0.6409647	2.761888	-0.1953723	0.5005208	2.811834	-0.1900359	0.4222085	2.8283	-0.1735049	0.1822602	2.86813	-0.1508281	-0.1447474	2.911958	-0.01641524	0.4090449	2.888744	-0.3630391	0.3942567	2.785045	-0.07008716	-0.1386546	2.893372	-0.2278291	-0.1464585	2.853329	0.05566164	0.1343391	2.940776	-0.406123	0.1140356	2.812533	0.03095313	-0.6051486	3.002625	-0.2391708	-0.568159	2.98462	0.1117938	-0.9492109	3.045773	-0.198133	-0.9411288	3.065165	

0.1084758	-0.1080615	2.918177	-0.4036333	-0.1466765	2.798592	0.1211236	-0.2455809	2.92176	-0.389789	-0.3182763	2.832954	0.1364384	-0.1468668	2.905133	-0.3327524	-0.220418	2.818413	-0.1684398	0.6393033	2.762806	-0.2023859	0.4977716	2.814231	-0.1967398	0.4198382	2.831295	-0.1793534	0.1809433	2.872935	-0.155657	-0.1446024	2.919344	-0.02456773	0.4136456	2.90025	-0.3669498	0.3925591	2.784311	-0.07613805	-0.1373641	2.90239	-0.2313217	-0.1474175	2.858957	0.04555617	0.134807	2.961753	-0.4111579	0.1113492	2.809929	0.02924233	-0.5891747	2.956424	-0.2418656	-0.5691037	2.987549	0.1115707	-0.9492195	3.045451	-0.1982095	-0.941872	3.065212	

0.1071802	-0.1119805	2.939867	-0.4107251	-0.1568213	2.789857	0.1211245	-0.2586467	2.961184	-0.4029783	-0.339895	2.826151	0.1422248	-0.1657588	2.928667	-0.3721948	-0.20676	2.8332	-0.1721332	0.6367398	2.76438	-0.2061875	0.4950343	2.81668	-0.2007595	0.4171987	2.834193	-0.1838546	0.1787245	2.877229	-0.1604748	-0.1460333	2.925235	-0.02731463	0.4114042	2.904879	-0.3709424	0.3905557	2.785535	-0.08015373	-0.1375746	2.907164	-0.2367816	-0.1505315	2.865928	0.04308999	0.1315174	2.971746	-0.4163908	0.1057718	2.809581	0.02993138	-0.584757	2.94885	-0.2469004	-0.5737703	2.995304	0.1124894	-0.9527701	3.048664	-0.1995623	-0.9424286	3.066411	

0.1080906	-0.1118193	2.949271	-0.4145786	-0.1636092	2.786053	0.1238626	-0.2584362	2.975994	-0.4043965	-0.3382088	2.802112	0.1383947	-0.1534957	2.93984	-0.3693704	-0.2496127	2.7834	-0.1744756	0.6343811	2.766134	-0.2091453	0.4926212	2.820198	-0.2035597	0.4150281	2.837604	-0.1860486	0.1772704	2.880188	-0.1618159	-0.1466986	2.927325	-0.02850893	0.4102346	2.907644	-0.373655	0.3880107	2.786861	-0.08134646	-0.1378287	2.909086	-0.2381729	-0.1516427	2.868089	0.04227112	0.1314934	2.975456	-0.4198088	0.0983848	2.810931	0.03225298	-0.5714662	2.935116	-0.2496863	-0.5757705	3.000732	0.1081485	-0.953243	3.05238	-0.2014014	-0.9423911	3.067916	

0.1152146	-0.1111961	2.981015	-0.4209754	-0.1736004	2.772234	0.1366516	-0.253205	3.029013	-0.4204566	-0.345022	2.780441	0.1525406	-0.15675	2.979923	-0.3835396	-0.2472649	2.75952	-0.1755821	0.634073	2.76759	-0.2097164	0.4925929	2.822044	-0.2039892	0.4150535	2.839571	-0.1859501	0.1774907	2.882584	-0.1607329	-0.1461349	2.930327	-0.0293508	0.4104852	2.908642	-0.3750694	0.3877597	2.790592	-0.08029784	-0.1366749	2.911322	-0.2370136	-0.1518262	2.872052	0.04270753	0.1302806	2.978431	-0.4216319	0.0883735	2.811827	0.03923526	-0.5636264	2.927929	-0.2499855	-0.5756931	3.00265	0.1091996	-0.9541396	3.052609	-0.2016975	-0.9426279	3.068262	

0.1177144	-0.1115305	2.986059	-0.4216477	-0.1756373	2.768353	0.1457564	-0.2450012	3.033778	-0.4250356	-0.3447742	2.776104	0.1566481	-0.1381799	2.986	-0.3791282	-0.2697873	2.763715	-0.1759814	0.634143	2.768663	-0.2100152	0.4928664	2.822751	-0.2041767	0.4153811	2.840342	-0.1857171	0.1780468	2.883631	-0.1596122	-0.1451189	2.931823	-0.02937573	0.4108111	2.909238	-0.3755775	0.3878296	2.792444	-0.07915059	-0.1353518	2.912646	-0.2359337	-0.151116	2.873642	0.04399124	0.1296137	2.980327	-0.4217953	0.08702364	2.812001	0.04346747	-0.5606874	2.925533	-0.2497231	-0.5757214	3.003891	0.1147594	-0.9537929	3.055821	-0.2006968	-0.9450032	3.06807	

0.1245268	-0.108999	2.993075	-0.42217	-0.1781273	2.765186	0.1538721	-0.2416491	3.040507	-0.4281521	-0.3445812	2.771853	0.1568142	-0.1141092	2.989	-0.3812753	-0.2525849	2.751529	-0.1758984	0.6343774	2.769036	-0.2095525	0.4936232	2.82447	-0.2035517	0.4162012	2.842092	-0.1845368	0.1790669	2.885432	-0.1576494	-0.143859	2.933508	-0.02920832	0.4108874	2.908968	-0.375989	0.3881824	2.794335	-0.076892	-0.1334057	2.91389	-0.2341768	-0.1504508	2.875772	0.0463343	0.1306022	2.982605	-0.4214252	0.08521438	2.812555	0.0472686	-0.554107	2.923674	-0.2492736	-0.5753689	3.003956	0.1225214	-0.9518014	3.060871	-0.2009576	-0.9460586	3.068258	

0.1321896	-0.1110371	2.997527	-0.4223816	-0.178145	2.763898	0.154549	-0.2474059	3.042968	-0.4308907	-0.3460751	2.774209	0.1660611	-0.1344053	2.992263	-0.3758037	-0.2595671	2.758744	-0.1750978	0.6350101	2.770725	-0.2073046	0.4946159	2.826175	-0.2014185	0.4172032	2.843806	-0.1827587	0.1800715	2.887108	-0.1564355	-0.1429353	2.934961	-0.02847105	0.4110577	2.908829	-0.3747556	0.3883306	2.796456	-0.07571933	-0.1323447	2.915013	-0.2329836	-0.1497239	2.87751	0.05227395	0.1284402	2.98752	-0.4207736	0.08377511	2.81379	0.05082018	-0.5503869	2.923999	-0.247088	-0.5732334	3.005108	0.1373057	-0.9523208	3.076766	-0.2014184	-0.9457425	3.067941	

0.1449765	-0.1110049	3.000738	-0.4202302	-0.1807021	2.763174	0.1783741	-0.24799	3.050359	-0.4289569	-0.3485904	2.746683	0.1874674	-0.1280807	2.98725	-0.3700573	-0.2576705	2.748667	-0.1698745	0.6360365	2.773017	-0.199932	0.4955585	2.829913	-0.1939963	0.418215	2.847364	-0.1752167	0.1812774	2.890075	-0.1489163	-0.1415243	2.937026	-0.02159116	0.410868	2.908487	-0.3702681	0.3878229	2.800374	-0.06709805	-0.1303342	2.916628	-0.2266743	-0.1488879	2.879857	0.06385407	0.1285692	2.991146	-0.4161206	0.08107026	2.818642	0.05995316	-0.5472862	2.936387	-0.2429563	-0.5721678	3.008071	0.1492009	-0.9476124	3.081053	-0.2022462	-0.9445618	3.068184	

0.1882861	-0.1081311	2.996855	-0.4231614	-0.1845836	2.758934	0.2320383	-0.2418956	3.044475	-0.448663	-0.3371172	2.724268	0.2289858	-0.1592087	2.998143	-0.3803281	-0.2548215	2.749995	-0.1592952	0.6366217	2.775573	-0.1851369	0.4960449	2.832923	-0.1784895	0.4186788	2.850459	-0.1575252	0.1816538	2.89337	-0.1282498	-0.1413119	2.940452	-0.001268478	0.410036	2.906887	-0.3499348	0.3858598	2.809248	-0.04626997	-0.1314237	2.918511	-0.2067161	-0.1474466	2.884748	0.09367619	0.1274384	2.99254	-0.4131284	0.0772967	2.820561	0.07251618	-0.5574455	2.973103	-0.2354427	-0.5710758	3.010573	0.1539805	-0.9440838	3.087672	-0.2017194	-0.9449993	3.068898	

0.3428076	-0.04398417	2.941742	-0.4846296	-0.1100087	2.720036	0.3914546	-0.1773086	2.960634	-0.5439822	-0.2731703	2.693987	0.3873262	-0.1005062	2.9052	-0.4669858	-0.2057455	2.67825	-0.08129743	0.6512712	2.784465	-0.1090772	0.5099422	2.833511	-0.1028904	0.4325399	2.852167	-0.08367971	0.1953587	2.898391	-0.05723554	-0.1278353	2.949836	0.07973024	0.4262238	2.90589	-0.2749949	0.4067633	2.821687	0.02540027	-0.118653	2.925302	-0.1383859	-0.1336502	2.896612	0.2063542	0.169386	2.977238	-0.3983955	0.1257049	2.8051	0.1025816	-0.5475981	3.016506	-0.1839328	-0.5738901	3.014413	0.1599481	-0.9419083	3.09295	-0.1990289	-0.9433254	3.069026	

0.352749	-0.04248787	2.938835	-0.4846287	-0.1039483	2.720716	0.4144635	-0.1686234	2.951398	-0.5383724	-0.2608655	2.698317	0.4055306	-0.0815988	2.8989	-0.4670646	-0.1858609	2.690095	-0.07831622	0.6522149	2.783972	-0.1057446	0.5103906	2.834014	-0.09978895	0.4328762	2.852661	-0.0812217	0.1954004	2.89886	-0.0554941	-0.128094	2.950265	0.08354238	0.425741	2.906426	-0.272033	0.4066415	2.822164	0.02684563	-0.1189359	2.925841	-0.1363492	-0.1338752	2.896922	0.2152409	0.1700097	2.976406	-0.3974739	0.1269545	2.805446	0.1040913	-0.5443745	3.017569	-0.1830856	-0.5747957	3.015059	0.1622774	-0.9304718	3.098925	-0.1963443	-0.9419846	3.06912	

0.4144115	-0.03484973	2.910386	-0.478921	-0.09485009	2.724095	0.4644228	-0.1628567	2.920934	-0.5252426	-0.2400648	2.713812	0.455958	-0.09216327	2.8626	-0.4577365	-0.1755339	2.701167	-0.03430405	0.6534623	2.783521	-0.05394198	0.5126516	2.843295	-0.05065715	0.4352196	2.861434	-0.04421187	0.1976847	2.905437	-0.03242504	-0.1260853	2.95439	0.1336411	0.42595	2.911673	-0.2324753	0.4107231	2.82874	0.04996352	-0.1176734	2.92975	-0.1139685	-0.1311886	2.901269	0.274731	0.1730978	2.967391	-0.385418	0.1310571	2.811461	0.1246589	-0.5356709	3.037922	-0.173878	-0.5786137	3.017389	0.169605	-0.9176157	3.108049	-0.1944474	-0.9418438	3.068388	

0.4204273	-0.03739995	2.9055	-0.4482101	-0.08733343	2.741695	0.4785002	-0.1697486	2.899258	-0.4974791	-0.237244	2.73174	0.4681337	-0.09074379	2.851786	-0.4334759	-0.1726268	2.714455	-0.01179933	0.6540112	2.786064	-0.04289006	0.5131152	2.84329	-0.03926397	0.4356474	2.861655	-0.02780852	0.1981954	2.906893	-0.01158586	-0.1254439	2.95752	0.1451267	0.4253562	2.908847	-0.2135866	0.4113369	2.83045	0.07119256	-0.1177448	2.931584	-0.0939623	-0.1298594	2.905694	0.2828124	0.1712296	2.965783	-0.35383	0.1367147	2.829417	0.1339317	-0.5334201	3.045676	-0.1634574	-0.5827592	3.020632	0.1717559	-0.9174505	3.110073	-0.1942438	-0.9419385	3.068452	

0.4255065	-0.0399123	2.900012	-0.4376339	-0.08746675	2.750257	0.4846905	-0.1711558	2.889665	-0.4791894	-0.2341486	2.733066	0.4653679	-0.03508624	2.880333	-0.413549	-0.168093	2.739389	0.0002067596	0.6541545	2.785257	-0.02961409	0.5138938	2.843274	-0.02621872	0.4367801	2.861839	-0.01566639	0.2003918	2.90771	-0.0009362347	-0.1218894	2.958892	0.1575696	0.4261565	2.906333	-0.2036541	0.4127282	2.831796	0.08248574	-0.115124	2.932463	-0.08419585	-0.1254667	2.907573	0.2912324	0.1702528	2.96316	-0.3424339	0.1373248	2.83488	0.1416317	-0.501313	3.042705	-0.136166	-0.5213283	3.002851	0.1730941	-0.8896024	3.11638	-0.1803544	-0.9090893	3.075994	

0.4290878	-0.04371443	2.89648	-0.4204245	-0.09019987	2.763687	0.482807	-0.1783611	2.878436	-0.4669265	-0.2464767	2.768407	0.4783689	-0.08265535	2.863214	-0.3994402	-0.1799919	2.744312	0.01398483	0.6551461	2.784781	-0.01480488	0.5156499	2.842195	-0.01206112	0.4386141	2.86121	-0.003461178	0.2024733	2.908347	0.008782372	-0.1194591	2.96086	0.1734056	0.4260398	2.907092	-0.1872469	0.4158667	2.833883	0.09203766	-0.1134357	2.93362	-0.0745967	-0.1223192	2.910418	0.2998869	0.1698246	2.959009	-0.3286154	0.1371719	2.844871	0.1424711	-0.5008355	3.042863	-0.135312	-0.5245993	3.00386	0.1733516	-0.8887747	3.116948	-0.1798415	-0.9090387	3.076352	

0.4341137	-0.05347127	2.890962	-0.3840257	-0.1014256	2.798289	0.4866256	-0.1846674	2.876526	-0.4428651	-0.2490132	2.806288	0.474685	-0.05651085	2.881273	-0.3640899	-0.1732713	2.784615	0.04012913	0.6534884	2.77954	0.01045685	0.5156376	2.842912	0.01168015	0.4390113	2.862357	0.01577111	0.2040021	2.910711	0.02244909	-0.1166818	2.964513	0.1968724	0.4287265	2.902085	-0.163228	0.4183298	2.837658	0.1051033	-0.1115595	2.935607	-0.06062274	-0.1186473	2.915908	0.3162432	0.1663971	2.954714	-0.2960803	0.1352675	2.862801	0.1486498	-0.4994422	3.042525	-0.1286614	-0.5313188	3.004223	0.1739237	-0.8881698	3.117756	-0.1781868	-0.9113081	3.077028	

0.4365779	-0.06344221	2.887235	-0.3791738	-0.1054602	2.803882	0.4859413	-0.202077	2.889698	-0.4384963	-0.2505363	2.823327	0.4922535	-0.1518778	2.8735	-0.3561541	-0.1929296	2.795111	0.04760312	0.6539935	2.77906	0.02133533	0.51563	2.843024	0.02240453	0.4392954	2.862732	0.02575467	0.2052256	2.911957	0.03088991	-0.1140911	2.967046	0.2054683	0.4290228	2.900302	-0.1546043	0.4199187	2.83833	0.1136495	-0.1090493	2.937007	-0.05254823	-0.1160774	2.919572	0.3261639	0.1604353	2.951294	-0.2874635	0.135781	2.867555	0.1551871	-0.4976754	3.043725	-0.1253529	-0.5346556	3.003149	0.1759056	-0.8858713	3.11839	-0.1772667	-0.9118075	3.076448	

0.4438153	-0.085013	2.884293	-0.3399521	-0.1023818	2.843777	0.4830584	-0.2300883	2.901291	-0.3941474	-0.2453459	2.856581	0.4768657	-0.08444776	2.873444	-0.3226934	-0.1778518	2.828	0.07658134	0.6509854	2.779962	0.05214806	0.5160029	2.844632	0.0512708	0.4397783	2.864948	0.04893914	0.2060998	2.915847	0.04704996	-0.1125904	2.972774	0.2341619	0.4239931	2.892339	-0.1262369	0.4212246	2.846514	0.1296094	-0.1090591	2.940134	-0.03635494	-0.1130167	2.928179	0.3505088	0.1474818	2.945685	-0.249832	0.1332839	2.896105	0.1644	-0.4962116	3.047228	-0.1174784	-0.5377903	2.997721	0.1804892	-0.8852022	3.120904	-0.1751405	-0.9125071	3.075764	

0.4447601	-0.08771139	2.883744	-0.3338059	-0.1012062	2.851842	0.4836894	-0.2370153	2.910512	-0.3750113	-0.2466102	2.87519	0.4848311	-0.08245627	2.879333	-0.3103276	-0.1738085	2.850111	0.0867072	0.6502047	2.779668	0.06315733	0.5148923	2.844852	0.06239094	0.4388292	2.865335	0.05991181	0.2057053	2.916876	0.0566862	-0.1121198	2.97492	0.2452673	0.422697	2.890286	-0.116051	0.4231266	2.849494	0.1392217	-0.1093017	2.940572	-0.02699784	-0.1118947	2.931952	0.3552693	0.1468628	2.942378	-0.2436471	0.1349426	2.901211	0.1704802	-0.4953128	3.048092	-0.1111476	-0.5391901	2.996712	0.1827582	-0.8838416	3.121689	-0.1743878	-0.9115943	3.075387	

0.4485138	-0.09607895	2.882246	-0.3170903	-0.09685041	2.88171	0.4790655	-0.2434812	2.891329	-0.3585789	-0.2421843	2.911896	0.4853889	-0.09473348	2.867222	-0.2941581	-0.1480161	2.88137	0.09772952	0.6490198	2.781311	0.07548813	0.5137665	2.845939	0.07508181	0.4377504	2.866083	0.07365191	0.2048016	2.916664	0.07153673	-0.1126494	2.97364	0.2596871	0.4209847	2.887994	-0.1041463	0.4225893	2.856413	0.1545896	-0.1097534	2.936808	-0.01302068	-0.112551	2.932857	0.3678527	0.1430726	2.93453	-0.2250513	0.1408391	2.914392	0.1794556	-0.495873	3.046277	-0.1055594	-0.5422134	2.995365	0.1843528	-0.8814922	3.121375	-0.1729337	-0.9104701	3.075374	

0.449302	-0.09881628	2.88127	-0.3136255	-0.09668275	2.885232	0.4720315	-0.2484198	2.894244	-0.3574539	-0.2432108	2.924179	0.490285	-0.1125175	2.875667	-0.3006083	-0.1910882	2.881889	0.103161	0.6480582	2.782585	0.08023001	0.5129251	2.847524	0.07966521	0.4370254	2.867286	0.07783931	0.2043916	2.916885	0.07543638	-0.1126813	2.972792	0.2651817	0.4206616	2.887339	-0.09977704	0.4236687	2.859844	0.158343	-0.1100214	2.935453	-0.009198551	-0.1123652	2.932521	0.3718245	0.1418777	2.931925	-0.220739	0.1407537	2.919461	0.1845782	-0.4964334	3.045488	-0.1023076	-0.5424674	2.994227	0.1847078	-0.8811294	3.121272	-0.172087	-0.9102312	3.075366	

0.4494461	-0.101692	2.880161	-0.3095628	-0.09606115	2.889194	0.4663463	-0.2471986	2.879961	-0.3438667	-0.2430753	2.922334	0.4878666	-0.1237247	2.871778	-0.2881747	-0.1670447	2.88725	0.1061916	0.6472666	2.782984	0.08554051	0.5124975	2.848004	0.08487767	0.4366605	2.867577	0.08266993	0.2042267	2.916632	0.07964158	-0.112571	2.971923	0.2684863	0.4210029	2.886997	-0.09596351	0.4243988	2.862525	0.1625292	-0.1100939	2.934228	-0.005189755	-0.1120918	2.932013	0.3756358	0.1407994	2.928076	-0.2160913	0.1413839	2.923193	0.190213	-0.4968359	3.044262	-0.099489	-0.5422621	2.991748	0.1860204	-0.8799471	3.120723	-0.170863	-0.9099699	3.074702	

0.4385479	-0.1063177	2.877833	-0.2734731	-0.1069421	2.915807	0.4532072	-0.2480928	2.87408	-0.3152261	-0.2389015	2.916189	0.4770378	-0.1445219	2.87225	-0.2561196	-0.1789943	2.913882	0.1126858	0.6461823	2.78728	0.09244545	0.5114525	2.851456	0.09135891	0.4356542	2.870099	0.08820405	0.2033089	2.916859	0.08486955	-0.113517	2.969418	0.2735716	0.4207635	2.887297	-0.08869016	0.4244624	2.86854	0.1682207	-0.1115933	2.930991	-0.000579213	-0.1125335	2.930172	0.3753027	0.139383	2.925833	-0.1977192	0.1378674	2.934267	0.1942845	-0.5008711	3.043438	-0.09564339	-0.551443	2.988734	0.1873323	-0.8789561	3.120659	-0.169474	-0.9091095	3.074461	

0.434044	-0.1117667	2.87633	-0.2690434	-0.1098663	2.917495	0.4391266	-0.2555686	2.879199	-0.2956865	-0.2550846	2.94082	0.4682357	-0.1563818	2.864616	-0.2393797	-0.1718918	2.9113	0.1159416	0.6455718	2.789403	0.09522795	0.5109884	2.852786	0.09416543	0.4350873	2.871128	0.09101264	0.2024516	2.916913	0.08761913	-0.114811	2.968042	0.2767653	0.4203157	2.886464	-0.08562124	0.4244237	2.86955	0.1705379	-0.112682	2.929649	0.002497292	-0.1139826	2.928812	0.3750338	0.1354271	2.922882	-0.1918947	0.1347051	2.936425	0.1968077	-0.5016735	3.0409	-0.09438995	-0.5506678	2.987185	0.187803	-0.8780192	3.12	-0.1694423	-0.9085276	3.073796	

0.4302025	-0.1133448	2.875891	-0.2546085	-0.1135783	2.920676	0.4308864	-0.2655213	2.892981	-0.2774371	-0.263826	2.948275	0.4660677	-0.1270484	2.877	-0.2211261	-0.1715138	2.921556	0.1191303	0.6452115	2.791138	0.09946711	0.5104988	2.853975	0.09823254	0.4344845	2.871943	0.09452847	0.2015502	2.916598	0.09040543	-0.1160902	2.966271	0.2795072	0.4190743	2.88482	-0.08277117	0.4237909	2.870281	0.1736031	-0.1143177	2.926758	0.004980225	-0.1149417	2.927933	0.3736732	0.1348065	2.921056	-0.1837174	0.1331316	2.937121	0.1979875	-0.5010386	3.039571	-0.09367476	-0.5510517	2.986917	0.1881	-0.8761907	3.119697	-0.1677769	-0.9065194	3.073252	

0.4113015	-0.1164726	2.874051	-0.2076958	-0.1315288	2.929619	0.4054334	-0.26442	2.880497	-0.2328259	-0.2759142	2.956088	0.4321512	-0.1572671	2.856174	-0.1850114	-0.1891801	2.923905	0.1235387	0.6453679	2.794277	0.1021077	0.5102178	2.85512	0.1009461	0.4340537	2.872681	0.09767736	0.2005893	2.916	0.0944301	-0.1181328	2.96301	0.2826703	0.4175283	2.882961	-0.07892253	0.4228899	2.870921	0.1772021	-0.1163223	2.923633	0.009219401	-0.1168901	2.92469	0.3689139	0.1349728	2.917442	-0.1634659	0.1214695	2.935168	0.1993939	-0.5007486	3.036678	-0.09026033	-0.5603805	2.988703	0.1888329	-0.8761562	3.118945	-0.1672499	-0.9064335	3.073057	

0.4018368	-0.1172201	2.873916	-0.1973065	-0.1372978	2.931863	0.3927645	-0.2645577	2.871204	-0.2051914	-0.2841506	2.962762	0.4278646	-0.1386754	2.862588	-0.1642551	-0.1824371	2.923833	0.1256407	0.645327	2.795735	0.1040699	0.5104922	2.855864	0.1029663	0.4342247	2.873129	0.09991211	0.2004684	2.915497	0.09685603	-0.1186151	2.961046	0.284486	0.4170206	2.881983	-0.07482735	0.4224356	2.871959	0.1795052	-0.1169234	2.921378	0.01168788	-0.1172351	2.923041	0.3647017	0.1354865	2.915338	-0.1568614	0.116359	2.934	0.2009116	-0.5000603	3.035327	-0.08781371	-0.5632765	2.988776	0.1894153	-0.8765368	3.118881	-0.1663882	-0.9061369	3.073099	

0.393504	-0.1186478	2.871234	-0.193691	-0.1376164	2.92959	0.3845453	-0.2695019	2.871382	-0.2008679	-0.2847062	2.962896	0.4176092	-0.1686564	2.853445	-0.1505115	-0.1548667	2.925	0.1267989	0.6453095	2.79606	0.1057447	0.5104617	2.856036	0.1046019	0.4341463	2.873097	0.1013788	0.2002551	2.914811	0.09791203	-0.1189435	2.959519	0.2860272	0.4169737	2.880358	-0.07376001	0.4226144	2.872681	0.1804082	-0.1173263	2.91968	0.012859	-0.1174762	2.921698	0.3617121	0.1349174	2.912931	-0.1529338	0.1161466	2.932374	0.203323	-0.5002112	3.032967	-0.08682628	-0.566021	2.987863	0.1897563	-0.8759243	3.11829	-0.1657597	-0.9062073	3.072647	

0.3897561	-0.1186096	2.869045	-0.1891845	-0.1399139	2.927197	0.3840236	-0.2697797	2.876308	-0.1991807	-0.2797179	2.944473	0.4271716	-0.1327091	2.864572	-0.1528203	-0.188717	2.920385	0.1275732	0.6450861	2.796576	0.1069097	0.5101326	2.856158	0.1058794	0.4338094	2.873033	0.1029886	0.1998901	2.914018	0.09974389	-0.1192326	2.957572	0.2880608	0.4172081	2.879018	-0.07221541	0.4225128	2.873372	0.1820416	-0.1175148	2.917584	0.01484017	-0.1178495	2.919923	0.3602505	0.135318	2.911161	-0.1500063	0.1142434	2.930737	0.2047657	-0.5006908	3.031044	-0.08592428	-0.5673931	2.987346	0.1902342	-0.8766263	3.117386	-0.1651366	-0.9066334	3.072493	

0.386388	-0.1185147	2.867115	-0.1870338	-0.1399757	2.924101	0.3774396	-0.2706198	2.86831	-0.1947902	-0.2868675	2.948929	0.4174459	-0.1676755	2.850692	-0.1494986	-0.1767862	2.9107	0.1284371	0.6446843	2.79721	0.1080461	0.5098099	2.856568	0.1070214	0.4334995	2.873169	0.1043043	0.1995619	2.91326	0.1013439	-0.1195664	2.955037	0.2889645	0.4171837	2.878299	-0.07040335	0.422666	2.873972	0.1837038	-0.1179231	2.914427	0.01632057	-0.1181002	2.917963	0.358706	0.135797	2.908626	-0.147893	0.1143543	2.92982	0.2060241	-0.5005785	3.0292	-0.08490605	-0.5681474	2.98621	0.1910584	-0.8770732	3.117256	-0.164349	-0.9061056	3.071715	

0.3841025	-0.119773	2.865127	-0.1849578	-0.1382121	2.917107	0.3755421	-0.27104	2.874568	-0.1947341	-0.2848323	2.927929	0.418658	-0.1620156	2.853109	-0.1566097	-0.1855589	2.893903	0.12886	0.6445311	2.797475	0.1091145	0.5094712	2.856903	0.108106	0.4331617	2.87328	0.1054535	0.1992021	2.912668	0.1024765	-0.1199357	2.953462	0.2898207	0.4170028	2.877338	-0.06957351	0.4228296	2.874617	0.1848084	-0.1182086	2.912201	0.01744819	-0.1185208	2.916927	0.3579723	0.1347982	2.906437	-0.1457191	0.1162768	2.92848	0.2075639	-0.5010445	3.027198	-0.08449348	-0.5683773	2.986098	0.1913623	-0.8768746	3.116996	-0.1629686	-0.9047582	3.071272	

0.3833556	-0.1200356	2.863634	-0.1838211	-0.1367327	2.912451	0.379944	-0.2640213	2.865102	-0.2039713	-0.2767377	2.90138	0.4170689	-0.1559122	2.843923	-0.159802	-0.1961374	2.887875	0.1296195	0.6444449	2.798069	0.1107326	0.509172	2.857243	0.1097315	0.4328478	2.873328	0.1071086	0.1988362	2.911798	0.1040764	-0.1203602	2.951316	0.2911585	0.4170935	2.876819	-0.06853436	0.4228652	2.875581	0.186276	-0.1185982	2.909658	0.01911788	-0.1189599	2.915209	0.3575727	0.1346539	2.904572	-0.143992	0.1177072	2.927126	0.2087874	-0.50102	3.026357	-0.08318862	-0.5696526	2.986653	0.1919253	-0.8771732	3.1167	-0.1626626	-0.9044292	3.071287	

0.3831029	-0.121133	2.860142	-0.1847514	-0.1356577	2.899742	0.3781197	-0.2678391	2.85561	-0.1944235	-0.2824805	2.903595	0.4117734	-0.1739821	2.828125	-0.1488114	-0.1451765	2.891833	0.1300505	0.6443312	2.798473	0.1133431	0.5089784	2.85759	0.1122566	0.4326072	2.873249	0.109441	0.198459	2.910428	0.106144	-0.120956	2.948059	0.2927078	0.4163583	2.874923	-0.06749912	0.4230734	2.875426	0.1884198	-0.1192635	2.905536	0.02103307	-0.1194687	2.912784	0.3580164	0.1336899	2.900772	-0.1425239	0.1181051	2.92527	0.2092638	-0.5010856	3.025011	-0.08268393	-0.5701126	2.986933	0.1928991	-0.8767488	3.116046	-0.1624386	-0.9043016	3.071149	

0.3870194	-0.1209432	2.850752	-0.1857287	-0.1335015	2.882979	0.3960283	-0.2701176	2.855297	-0.1895217	-0.2779909	2.874472	0.4304583	-0.1629409	2.829923	-0.1586562	-0.1914676	2.853435	0.1310059	0.6441589	2.798954	0.1166444	0.5093196	2.857889	0.1154468	0.4327983	2.873023	0.1124007	0.1982398	2.908592	0.1088213	-0.1218359	2.943804	0.2948287	0.4157749	2.871341	-0.06525996	0.4230183	2.875235	0.1910285	-0.1201298	2.900815	0.02368576	-0.1203242	2.909085	0.3599803	0.1333297	2.894331	-0.1401516	0.1186771	2.921549	0.2112647	-0.4998357	3.020353	-0.08202884	-0.5706012	2.986943	0.1932767	-0.8767216	3.115907	-0.1619454	-0.9040627	3.070722	

0.3905601	-0.1211037	2.845414	-0.1852046	-0.1312516	2.878943	0.3947569	-0.2712185	2.849441	-0.1938635	-0.2717625	2.868279	0.433602	-0.1683299	2.828636	-0.1587723	-0.2003224	2.842	0.1315716	0.6440142	2.799278	0.1183541	0.5092748	2.857691	0.1171849	0.432732	2.87258	0.1140297	0.1981198	2.907374	0.1100007	-0.1219577	2.941917	0.296144	0.4162731	2.869993	-0.06316717	0.422454	2.874676	0.1920668	-0.1201484	2.899158	0.02498389	-0.1205563	2.907005	0.3615912	0.1327263	2.890584	-0.1381919	0.1206448	2.917625	0.211704	-0.4994733	3.019023	-0.08104438	-0.5723576	2.986953	0.1936267	-0.875921	3.115436	-0.1597937	-0.9074911	3.071469	

0.3938858	-0.1214908	2.841102	-0.1839548	-0.1310469	2.874755	0.4011457	-0.2693687	2.839325	-0.1869013	-0.2771656	2.862542	0.4344465	-0.1480477	2.822053	-0.1461645	-0.146505	2.866	0.1330976	0.6439085	2.799543	0.1205071	0.5091823	2.857097	0.1192335	0.4326114	2.871779	0.1155987	0.1979312	2.906004	0.110815	-0.1221786	2.940162	0.2980535	0.4160916	2.866951	-0.06156319	0.4225695	2.873915	0.1929165	-0.120466	2.897191	0.02574376	-0.1206805	2.905488	0.3633467	0.1320697	2.886707	-0.1361388	0.1206279	2.91396	0.2125352	-0.4994133	3.016725	-0.08023036	-0.5729847	2.986363	0.1937962	-0.8759761	3.114937	-0.1597276	-0.9077486	3.071086	

0.3957589	-0.1215833	2.83848	-0.1824742	-0.1312135	2.872542	0.3979026	-0.2758758	2.848992	-0.1895045	-0.2779298	2.873847	0.3977582	-0.2120731	2.78475	-0.1515428	-0.2156812	2.8448	0.1339533	0.6438758	2.799707	0.1224506	0.5090614	2.856239	0.1210346	0.4325021	2.870769	0.1168659	0.1978648	2.904576	0.1113158	-0.1221508	2.938428	0.2993999	0.4165709	2.865716	-0.06024297	0.4229794	2.872956	0.1933977	-0.1205102	2.895336	0.02625317	-0.1205825	2.9039	0.3645064	0.1318939	2.883936	-0.1349952	0.1205593	2.911347	0.2125482	-0.4991741	3.01539	-0.07963131	-0.5735877	2.985571	0.1946631	-0.8766226	3.11487	-0.1599483	-0.9082242	3.069865	

0.3983397	-0.1220905	2.833185	-0.1804296	-0.1310694	2.870953	0.4004232	-0.2726233	2.828323	-0.1855431	-0.2764341	2.858348	0.3627432	-0.1755528	2.80327	-0.1518946	-0.1975323	2.840667	0.1355361	0.6437975	2.799203	0.1237978	0.5092484	2.85528	0.1223359	0.4326365	2.869654	0.1179114	0.1978355	2.902962	0.1118275	-0.1223972	2.936306	0.3011963	0.4163419	2.863581	-0.05875759	0.4232698	2.871193	0.1939335	-0.1209785	2.893156	0.02673662	-0.1206046	2.901848	0.3665123	0.1309598	2.881141	-0.1334874	0.120895	2.908862	0.2127401	-0.4980157	3.01288	-0.078204	-0.573567	2.980184	0.1945481	-0.8772302	3.114599	-0.1587894	-0.9093089	3.068603	

0.4000331	-0.1220752	2.829922	-0.1785876	-0.1295637	2.870116	0.4024482	-0.2685475	2.823353	-0.1827459	-0.2709375	2.865768	0.3602475	-0.1904435	2.810455	-0.1402083	-0.1635001	2.865	0.1378946	0.6434182	2.797481	0.12511	0.5091171	2.853576	0.1234627	0.4325419	2.867934	0.1184369	0.1978508	2.901194	0.1115444	-0.1222109	2.934574	0.3032868	0.4159469	2.860686	-0.05638456	0.4238322	2.868378	0.1936947	-0.1210548	2.891756	0.02641531	-0.1200934	2.899738	0.3683405	0.130845	2.878789	-0.1315404	0.1225498	2.906226	0.2125243	-0.4982745	3.012048	-0.07590289	-0.5558968	2.952514	0.1944328	-0.8765725	3.114588	-0.1580118	-0.9131636	3.064196	

0.4006461	-0.1215926	2.828894	-0.1767011	-0.1258556	2.870217	0.4030483	-0.2740521	2.830416	-0.1872847	-0.2736529	2.875793	0.3596843	-0.1941084	2.81	-0.1167059	-0.2279688	2.852	0.1393968	0.6424813	2.796144	0.1270451	0.5087994	2.850893	0.124989	0.4322444	2.865383	0.1188529	0.1976083	2.89896	0.1106365	-0.1223935	2.932561	0.3047015	0.4142364	2.857339	-0.05405699	0.4231325	2.865129	0.192843	-0.1214704	2.889498	0.0254885	-0.1200676	2.897976	0.3699628	0.1316603	2.875845	-0.1301482	0.1266269	2.902521	0.2124829	-0.4980814	3.010955	-0.07645467	-0.5546678	2.949227	0.1942238	-0.8766537	3.114215	-0.1561184	-0.9162146	3.061703	

0.4005231	-0.1202664	2.828387	-0.1762125	-0.1240349	2.870544	0.3950393	-0.2749385	2.829826	-0.1881693	-0.2721956	2.879617	0.3598542	-0.1911087	2.809698	-0.1417844	-0.1966337	2.862318	0.1417979	0.6411417	2.791139	0.1308416	0.5077868	2.846124	0.1279299	0.4315112	2.861199	0.1196851	0.1975107	2.89632	0.1097604	-0.121967	2.93113	0.3063322	0.4126136	2.852745	-0.05285924	0.4233879	2.861992	0.1920592	-0.1215136	2.888363	0.02450472	-0.1190397	2.896156	0.3709976	0.1333125	2.873244	-0.1293796	0.12849	2.900238	0.2115268	-0.4985324	3.010279	-0.08133014	-0.5512615	2.935915	0.1940615	-0.8771393	3.113798	-0.1570208	-0.9174924	3.056536	

0.399978	-0.1188574	2.828212	-0.1762282	-0.1230393	2.870999	0.3944857	-0.268533	2.830371	-0.1912929	-0.2658612	2.881674	0.3545131	-0.1812214	2.818892	-0.1179824	-0.2002344	2.855429	0.1433936	0.6396937	2.783162	0.1321617	0.5077524	2.841617	0.1288898	0.4315962	2.857245	0.1195517	0.1979086	2.893899	0.1082233	-0.1211041	2.93012	0.3077859	0.4123067	2.847663	-0.05200088	0.4254535	2.858167	0.1904891	-0.1212113	2.887082	0.02295098	-0.1175877	2.895397	0.3714818	0.1351102	2.87015	-0.1298425	0.1295837	2.898925	0.2096661	-0.4979573	3.008579	-0.08787975	-0.550132	2.926842	0.194059	-0.8776186	3.113139	-0.1650719	-0.9206713	3.048584	

0.3992043	-0.11796	2.828426	-0.1776925	-0.1209471	2.872244	0.3919983	-0.2684435	2.829442	-0.1983044	-0.2647246	2.888656	0.3537401	-0.1664875	2.808576	-0.1190245	-0.1803171	2.862381	0.1433662	0.638539	2.774709	0.1325244	0.5077354	2.835107	0.1289682	0.4316688	2.85158	0.1187075	0.1982517	2.890559	0.1061113	-0.1203922	2.929104	0.3083759	0.4121841	2.842245	-0.0517632	0.4264567	2.852388	0.1886497	-0.1210962	2.886171	0.02059757	-0.1162288	2.8943	0.3714406	0.1363753	2.866886	-0.1307704	0.1316437	2.897088	0.2069109	-0.4959214	3.00638	-0.09429508	-0.5559841	2.923314	0.1937898	-0.8778256	3.112908	-0.1711453	-0.9241345	3.039999	

0.3980522	-0.1178329	2.828644	-0.1790271	-0.1199491	2.873353	0.3915783	-0.2702386	2.840098	-0.1992371	-0.264365	2.892799	0.3544462	-0.1713272	2.813607	-0.1236314	-0.1899627	2.86114	0.1426577	0.6378182	2.768914	0.1328426	0.5071087	2.830297	0.1289636	0.4311595	2.847063	0.1175674	0.1981382	2.88706	0.1030106	-0.1199171	2.927293	0.3081101	0.4114274	2.836509	-0.05139194	0.4265158	2.847872	0.1856221	-0.1210296	2.884298	0.01757664	-0.1154328	2.892613	0.3708321	0.1368507	2.865094	-0.1312046	0.1324563	2.89615	0.2050445	-0.4950036	3.00563	-0.09522419	-0.5577027	2.923162	0.1935726	-0.8776765	3.112722	-0.1724869	-0.9242916	3.034983	

0.3965052	-0.1188146	2.827598	-0.181722	-0.1191429	2.874326	0.3924477	-0.2710281	2.829496	-0.2114882	-0.2576655	2.888433	0.3505378	-0.1776258	2.813159	-0.1242876	-0.1901121	2.859008	0.1401666	0.6375925	2.759887	0.1311953	0.5057244	2.823208	0.1271896	0.4299388	2.840635	0.1152388	0.1974357	2.882611	0.09979146	-0.1199862	2.925583	0.3065617	0.409976	2.831605	-0.05317034	0.4256535	2.839452	0.1820889	-0.121622	2.882799	0.01471651	-0.115055	2.890708	0.3685134	0.1356126	2.862622	-0.1345477	0.133437	2.891981	0.2019068	-0.4936023	3.004342	-0.09456507	-0.5618091	2.92535	0.1933939	-0.8778286	3.112709	-0.1633775	-0.9237012	3.024209	

0.3929729	-0.1215565	2.824353	-0.1895474	-0.1206855	2.87055	0.3910595	-0.2775874	2.822174	-0.2191623	-0.2584924	2.887971	0.3453565	-0.2103473	2.805778	-0.1309543	-0.1918248	2.852625	0.1344351	0.6368743	2.74932	0.1259205	0.5046321	2.814605	0.1216477	0.4286849	2.832052	0.1085643	0.1957806	2.874372	0.09121359	-0.1219109	2.919358	0.3011074	0.4085629	2.827044	-0.06007575	0.4247165	2.829943	0.1732185	-0.1237096	2.876774	0.006745317	-0.116806	2.884361	0.3623038	0.132623	2.857399	-0.1430228	0.1319704	2.882853	0.1961221	-0.4909547	2.99895	-0.09160921	-0.5679162	2.929675	0.192486	-0.878782	3.112004	-0.1536674	-0.9239319	3.017734	

0.3820589	-0.1242433	2.816687	-0.206277	-0.1189676	2.855987	0.3838279	-0.2773679	2.817597	-0.2272041	-0.2642759	2.864964	0.334725	-0.2005573	2.78992	-0.1475936	-0.1822919	2.843158	0.1230489	0.6361222	2.742762	0.1166792	0.5041078	2.806526	0.1122968	0.4281718	2.823833	0.098701	0.1953585	2.865862	0.080314	-0.1220976	2.911187	0.2895561	0.409326	2.818977	-0.07349557	0.4252865	2.820889	0.1628326	-0.123838	2.869608	-0.004367089	-0.1170756	2.875135	0.3518019	0.1299402	2.849583	-0.1558121	0.1328392	2.871903	0.1889769	-0.4916223	2.994071	-0.09463667	-0.5695661	2.928812	0.1916047	-0.8796815	3.111059	-0.1531533	-0.9235077	3.016023	

0.3787665	-0.1263016	2.813888	-0.2120162	-0.1179555	2.851888	0.3738339	-0.2754669	2.806003	-0.2343009	-0.2635093	2.865287	0.3295682	-0.1941077	2.795957	-0.1525666	-0.1766279	2.844875	0.1165154	0.6369188	2.739195	0.111228	0.5049086	2.802808	0.1069438	0.4288645	2.819977	0.09357165	0.1957416	2.86163	0.07529628	-0.1221129	2.906625	0.2853078	0.4093073	2.816054	-0.07826434	0.4253474	2.818646	0.1578223	-0.1238718	2.865239	-0.00923984	-0.1170769	2.870408	0.346837	0.1275878	2.847039	-0.160547	0.1335947	2.867664	0.184069	-0.4916914	2.99109	-0.09689947	-0.5700595	2.927347	0.1899337	-0.8810825	3.110543	-0.1522615	-0.9235466	3.014159	

0.3744408	-0.1256262	2.810512	-0.2172082	-0.1180255	2.845229	0.3682261	-0.2755928	2.808552	-0.2445397	-0.2604381	2.833193	0.3230905	-0.1702307	2.787559	-0.1561411	-0.1699896	2.836286	0.1111238	0.6370211	2.736556	0.1081246	0.5048864	2.801076	0.1037222	0.4288392	2.81802	0.08995836	0.1957131	2.858968	0.0710302	-0.1221358	2.902994	0.2817198	0.4092964	2.814308	-0.08314295	0.4241908	2.817133	0.1535248	-0.1237368	2.861668	-0.01336252	-0.1172578	2.866725	0.3434579	0.1282595	2.8445	-0.1645197	0.1331094	2.865346	0.1813567	-0.4922811	2.98963	-0.09816587	-0.5707734	2.926844	0.1891836	-0.881444	3.109627	-0.1520941	-0.9228514	3.013383	

0.3614125	-0.1231904	2.803416	-0.2223284	-0.1177641	2.8373	0.3549009	-0.2758644	2.801814	-0.2467698	-0.2670559	2.828277	0.3106314	-0.1848207	2.781217	-0.16057	-0.1538273	2.835857	0.1037039	0.6382065	2.733776	0.1018854	0.5055203	2.797824	0.09752063	0.4293674	2.814562	0.08387106	0.1959178	2.854942	0.06504931	-0.1223812	2.898332	0.2743291	0.4102901	2.810946	-0.0899476	0.4239265	2.81443	0.1474862	-0.1240676	2.857151	-0.0191299	-0.1174113	2.861921	0.3367897	0.1310085	2.841292	-0.1707739	0.1333971	2.86099	0.1757564	-0.4940933	2.986625	-0.1004694	-0.570542	2.926755	0.1886182	-0.8812058	3.109277	-0.1520605	-0.9228699	3.01324	

0.3434493	-0.1194499	2.79169	-0.2279853	-0.1177521	2.827729	0.3437539	-0.2727839	2.779565	-0.2449865	-0.2729988	2.825675	0.2958715	-0.1819204	2.767972	-0.1693113	-0.1532842	2.829385	0.09107648	0.6395313	2.730136	0.0935748	0.505005	2.791855	0.08917002	0.428759	2.808481	0.07545068	0.1950238	2.848592	0.05657319	-0.1236614	2.891773	0.2654105	0.4100743	2.807957	-0.09866535	0.4214004	2.809833	0.1390312	-0.1253093	2.850739	-0.02740179	-0.1186915	2.855218	0.3236324	0.1345616	2.835471	-0.1768512	0.1333813	2.8538	0.172362	-0.4961171	2.982975	-0.1055211	-0.5679348	2.933031	0.1867613	-0.8804898	3.107839	-0.151518	-0.9217463	3.01347	

0.3298589	-0.1200585	2.786609	-0.2299518	-0.1265058	2.825915	0.3254595	-0.2708686	2.762743	-0.2465577	-0.2813969	2.82707	0.2770504	-0.1811172	2.759758	-0.173823	-0.1883504	2.82796	0.07322672	0.6392643	2.726887	0.0756084	0.5052211	2.788659	0.07259217	0.4284628	2.805399	0.06266892	0.1934161	2.84586	0.04786358	-0.1265545	2.889488	0.2512081	0.407626	2.803701	-0.1105516	0.4190695	2.804976	0.1300624	-0.1274673	2.84828	-0.03568337	-0.1222498	2.853093	0.3090419	0.1337052	2.831727	-0.1880166	0.1266525	2.842584	0.1687082	-0.4978257	2.979985	-0.1140161	-0.5653943	2.953315	0.185605	-0.8806651	3.106521	-0.1514984	-0.9216505	3.013527	

0.3265212	-0.1204873	2.786072	-0.2314328	-0.1278319	2.824166	0.3178107	-0.2775271	2.779299	-0.2474783	-0.2853337	2.840498	0.2764011	-0.196944	2.760435	-0.1744548	-0.1922588	2.824765	0.06973562	0.639653	2.724881	0.07260235	0.5054464	2.787632	0.06914798	0.4286413	2.804282	0.05800427	0.1933293	2.844502	0.0419676	-0.1272635	2.887907	0.245573	0.4068366	2.801805	-0.1149576	0.4186144	2.804148	0.1243207	-0.1280258	2.846323	-0.04155793	-0.1230864	2.851889	0.3050398	0.1334186	2.829625	-0.1915673	0.1256621	2.840873	0.1671055	-0.4986118	2.979083	-0.1148726	-0.5642978	2.95453	0.1841189	-0.8808252	3.10492	-0.1516972	-0.9213665	3.014117	

0.3223052	-0.1212011	2.787116	-0.2330119	-0.1274447	2.824034	0.3159927	-0.274762	2.784944	-0.2527053	-0.2816202	2.838068	0.2681689	-0.1711121	2.77595	-0.1775046	-0.1985011	2.822482	0.05851417	0.6395497	2.71948	0.06295474	0.5061885	2.785412	0.05990548	0.429294	2.802361	0.05022789	0.1936752	2.843422	0.03635796	-0.1273239	2.887749	0.2376624	0.4081673	2.798707	-0.1226125	0.4177095	2.804145	0.1185987	-0.127645	2.84593	-0.04691967	-0.1235708	2.851961	0.3003929	0.133047	2.827434	-0.194826	0.1263054	2.841265	0.1625874	-0.501491	2.979166	-0.1161589	-0.5613574	2.953855	0.1833159	-0.8812004	3.104319	-0.1522554	-0.921132	3.014178	

0.3194009	-0.1229755	2.787221	-0.2372375	-0.1280549	2.824934	0.3126881	-0.2753941	2.789653	-0.2553651	-0.2825558	2.838845	0.2655538	-0.1755252	2.778273	-0.1820537	-0.2030796	2.826828	0.0497877	0.6379116	2.719202	0.05710352	0.5057438	2.785124	0.0533937	0.428772	2.802247	0.04162708	0.1928539	2.843964	0.02488846	-0.1287204	2.889517	0.2308462	0.4075728	2.796302	-0.1293865	0.4166229	2.805593	0.1071719	-0.1289109	2.846554	-0.05818576	-0.1250809	2.854909	0.2967883	0.1313041	2.825467	-0.2009175	0.1258133	2.843794	0.1586091	-0.5039514	2.980427	-0.1193448	-0.5561187	2.953852	0.1822723	-0.8819875	3.103724	-0.1527501	-0.9212438	3.014437	

0.3170057	-0.1227873	2.787317	-0.2407597	-0.1298267	2.827529	0.3107373	-0.277927	2.790837	-0.2575808	-0.2840192	2.845457	0.2684567	-0.1869934	2.77273	-0.1792989	-0.1962229	2.825061	0.04531597	0.6377547	2.718503	0.05262777	0.5050398	2.784958	0.04912932	0.428109	2.802168	0.03811758	0.1923125	2.844097	0.02251932	-0.1291077	2.889821	0.2261083	0.40758	2.794429	-0.1337017	0.4153824	2.806931	0.1047221	-0.1291682	2.846598	-0.06039684	-0.1255854	2.855465	0.2937368	0.1314522	2.824283	-0.2050112	0.1240008	2.846487	0.1553231	-0.5071822	2.981897	-0.1210728	-0.5540708	2.954301	0.1813452	-0.8827361	3.103874	-0.1532177	-0.9221836	3.014756	

0.315444	-0.123848	2.78793	-0.247214	-0.1325267	2.838487	0.3064842	-0.2744779	2.786841	-0.2684551	-0.2779518	2.861065	0.2659268	-0.1792788	2.777369	-0.1872446	-0.1981989	2.83	0.03671891	0.6369739	2.718628	0.04641989	0.5046349	2.784822	0.04293932	0.4277023	2.802368	0.03201218	0.1918931	2.845287	0.01660808	-0.1295497	2.892365	0.2190859	0.4077738	2.792915	-0.1397634	0.4140095	2.808721	0.09922206	-0.1294188	2.847732	-0.06670685	-0.1262507	2.859718	0.2890883	0.1301569	2.823204	-0.2127445	0.1214494	2.853652	0.1526486	-0.5082434	2.98321	-0.1226158	-0.5538449	2.95717	0.1800225	-0.8828442	3.10434	-0.1539181	-0.9225936	3.015285	

0.3106883	-0.1269798	2.786601	-0.2550343	-0.1357582	2.852347	0.2923768	-0.2848481	2.78904	-0.2809042	-0.2756585	2.882309	0.2572832	-0.1865961	2.774842	-0.1970345	-0.2043516	2.835181	0.02724479	0.636581	2.719513	0.03931925	0.504819	2.78398	0.03574888	0.4278238	2.801953	0.02453314	0.1918199	2.846172	0.008708213	-0.1298972	2.89511	0.2120649	0.4078019	2.791222	-0.1533131	0.4151112	2.817089	0.091361	-0.1296564	2.849456	-0.07429754	-0.1266866	2.863399	0.2817484	0.1267266	2.821449	-0.2205223	0.118131	2.861296	0.1475874	-0.5125582	2.985381	-0.1250061	-0.5533545	2.958178	0.1785244	-0.8845184	3.104404	-0.1544822	-0.9223287	3.015998	

0.3041489	-0.1285425	2.785711	-0.2623873	-0.1361452	2.864585	0.2916899	-0.2790769	2.785456	-0.2888491	-0.2833633	2.90065	0.2496801	-0.1863516	2.771667	-0.2043227	-0.2066424	2.841167	0.02283546	0.636722	2.719552	0.0306436	0.5043198	2.785012	0.02762124	0.4273666	2.80305	0.01811541	0.1914859	2.847399	0.004537768	-0.1300775	2.896329	0.2065144	0.4086488	2.790278	-0.1562825	0.4143818	2.818243	0.08676044	-0.1297627	2.850359	-0.07790446	-0.1269233	2.864862	0.2783712	0.1256483	2.818971	-0.2245625	0.1170714	2.86759	0.144663	-0.5137662	2.985807	-0.1268394	-0.5523034	2.958474	0.177747	-0.8850054	3.105017	-0.1552848	-0.9221166	3.016067	

0.2853452	-0.1296793	2.779708	-0.2712442	-0.138106	2.883109	0.2735702	-0.2832007	2.775709	-0.2860072	-0.2876884	2.931216	0.2309531	-0.179606	2.759286	-0.2140333	-0.2180393	2.855667	0.01289008	0.6369818	2.72003	0.02331414	0.5046189	2.785561	0.02072455	0.4275255	2.80398	0.01242623	0.1912678	2.849381	0.0002333884	-0.1307339	2.899651	0.1984269	0.4074282	2.789534	-0.1614701	0.4130516	2.820736	0.08266877	-0.1303672	2.852952	-0.08225552	-0.127615	2.868953	0.2668385	0.1250085	2.815088	-0.2324618	0.1144541	2.877612	0.1401885	-0.5129176	2.985612	-0.1314075	-0.5498942	2.958848	0.1774602	-0.8851311	3.105354	-0.1559975	-0.9223637	3.016124	

0.2701739	-0.1299123	2.777042	-0.2743418	-0.1396213	2.888711	0.2540858	-0.2782108	2.761495	-0.2853931	-0.2870812	2.925047	0.2172891	-0.1787749	2.75874	-0.2221606	-0.2174838	2.861077	0.004244576	0.6370985	2.722305	0.01624514	0.5046088	2.787376	0.01390701	0.4274777	2.805758	0.006573369	0.1911072	2.851066	-0.003951393	-0.1310066	2.90115	0.1915758	0.407032	2.789843	-0.1681997	0.4132099	2.824958	0.0785054	-0.1305843	2.854098	-0.08632589	-0.1279365	2.870786	0.2597214	0.1251791	2.81356	-0.2377325	0.1133984	2.885092	0.1369046	-0.5138297	2.986515	-0.1335919	-0.5500768	2.960372	0.1768892	-0.8849351	3.10549	-0.1567848	-0.9218617	3.015915	

0.2623687	-0.1274853	2.775074	-0.2757556	-0.1406867	2.891113	0.2400984	-0.2743205	2.764502	-0.2914336	-0.2851302	2.918792	0.2106554	-0.1618333	2.756111	-0.2218304	-0.2274036	2.862111	-0.0005182308	0.6379316	2.723283	0.01368828	0.5052563	2.788548	0.01125777	0.4279749	2.806895	0.003655463	0.1911296	2.852138	-0.007127671	-0.1316867	2.902166	0.1869623	0.4075791	2.790596	-0.1731529	0.4132029	2.828555	0.07543358	-0.1310606	2.854868	-0.08951445	-0.1288122	2.872043	0.2514126	0.1274981	2.812527	-0.2408584	0.1126012	2.888027	0.1335309	-0.5119834	2.985591	-0.1383822	-0.5505961	2.962664	0.176742	-0.884964	3.105714	-0.1575344	-0.9216935	3.016558	

0.25949	-0.1265132	2.77481	-0.2764224	-0.1413521	2.891942	0.2351685	-0.2727209	2.768917	-0.2930858	-0.2877686	2.92529	0.2078399	-0.1656762	2.75292	-0.2232906	-0.244577	2.86425	-0.004173801	0.6385015	2.72387	0.005390661	0.505695	2.790899	0.003635938	0.4282877	2.808942	-0.001987947	0.1911167	2.853404	-0.01038098	-0.1319818	2.902663	0.1818629	0.4074276	2.789907	-0.177337	0.4126689	2.830602	0.07222016	-0.1312395	2.855461	-0.09270757	-0.1292115	2.872428	0.2464189	0.1284306	2.811433	-0.2430078	0.1121704	2.889665	0.1325088	-0.511833	2.985526	-0.1393804	-0.5497615	2.963945	0.1765468	-0.8846766	3.105978	-0.1579487	-0.921942	3.016756	

0.254151	-0.1210659	2.773898	-0.2786748	-0.1447118	2.890489	0.2358791	-0.252586	2.755068	-0.282573	-0.3018869	2.918438	0.2000606	-0.1737915	2.742706	-0.2250931	-0.2013006	2.85175	-0.02973797	0.6461072	2.732179	-0.01026209	0.5085621	2.792778	-0.01096759	0.4307129	2.810462	-0.01338272	0.1923109	2.853956	-0.01761919	-0.1321009	2.902213	0.1617162	0.4102154	2.792701	-0.1933168	0.4088082	2.834429	0.06426809	-0.1301366	2.853857	-0.09938874	-0.130442	2.872988	0.2335576	0.1332618	2.811252	-0.2510647	0.1095923	2.890271	0.1292879	-0.5117298	2.983862	-0.1429394	-0.5467235	2.964425	0.1764591	-0.8847349	3.105915	-0.1593114	-0.920777	3.016727	

0.2473641	-0.1183075	2.773478	-0.2836835	-0.1459445	2.88697	0.2331669	-0.2483758	2.761405	-0.2935707	-0.2999098	2.900782	0.197267	-0.1558142	2.74727	-0.2281865	-0.2220536	2.843584	-0.03664723	0.6488384	2.734464	-0.0189725	0.5089768	2.794205	-0.01962656	0.4312916	2.811479	-0.02172924	0.1932911	2.85372	-0.02509638	-0.1308364	2.900234	0.1532021	0.4132875	2.795944	-0.2028941	0.4093023	2.835645	0.05738045	-0.1285947	2.852225	-0.1070031	-0.1295608	2.870711	0.2261839	0.1357531	2.812733	-0.2581157	0.1086839	2.889863	0.1230206	-0.5246736	2.97688	-0.1470507	-0.5446322	2.95656	0.1766036	-0.8849429	3.104253	-0.1601581	-0.9210337	3.016441	

0.2436522	-0.1166956	2.773288	-0.2874146	-0.1490337	2.88372	0.2300488	-0.2465453	2.76199	-0.2870636	-0.3063892	2.903889	0.1929656	-0.1502191	2.7518	-0.2289136	-0.2107085	2.840591	-0.04180396	0.6492441	2.735308	-0.02191313	0.5088761	2.794689	-0.02239843	0.4312279	2.811687	-0.02408206	0.1933032	2.853166	-0.02710729	-0.1307957	2.898519	0.1479412	0.4138627	2.797329	-0.2076234	0.4074555	2.834909	0.05601499	-0.1284051	2.851318	-0.1096991	-0.1297574	2.867943	0.2224693	0.1372508	2.813373	-0.2626065	0.1056897	2.888335	0.1205249	-0.5281197	2.971149	-0.1481024	-0.5459152	2.95308	0.1760205	-0.8842238	3.10155	-0.1606591	-0.9212002	3.016454	

0.2413303	-0.1157973	2.775336	-0.2928612	-0.1503687	2.87883	0.2307469	-0.2473011	2.770406	-0.2963108	-0.307283	2.901693	0.1880339	-0.1454972	2.7726	-0.2281853	-0.2154197	2.847888	-0.04327149	0.6484265	2.734744	-0.02507303	0.5082982	2.79458	-0.0254419	0.4307804	2.811617	-0.02667149	0.1932065	2.853159	-0.02886572	-0.1305659	2.898532	0.1454433	0.4143702	2.798448	-0.2096117	0.4069206	2.833718	0.05454703	-0.1281657	2.85181	-0.1117949	-0.1295201	2.867454	0.2192378	0.1381045	2.814859	-0.2653243	0.1041186	2.887034	0.1179072	-0.5319644	2.957812	-0.1499724	-0.5434595	2.946753	0.172629	-0.8864911	3.097247	-0.1607376	-0.9213225	3.016138	

0.2395419	-0.1160311	2.77648	-0.303176	-0.1522421	2.867681	0.2274232	-0.2490281	2.768488	-0.3140849	-0.3021658	2.87846	0.1887095	-0.1454342	2.7713	-0.2360463	-0.1937225	2.8564	-0.04486727	0.6463273	2.732258	-0.02866315	0.5069789	2.793392	-0.02842145	0.4298272	2.810768	-0.02813855	0.1930373	2.852998	-0.02922891	-0.1302942	2.898738	0.1438817	0.4153343	2.799164	-0.21114	0.4063329	2.831908	0.05421987	-0.1276386	2.852364	-0.1121923	-0.129397	2.867479	0.2172848	0.1378302	2.816152	-0.2675989	0.1011942	2.8848	0.1175111	-0.5315542	2.950101	-0.1504854	-0.5416459	2.944046	0.1714009	-0.8885724	3.095171	-0.1611193	-0.9208196	3.015374	

0.2412394	-0.1150822	2.786788	-0.3649466	-0.153666	2.773985	0.2384539	-0.2375898	2.793949	-0.3881767	-0.2950141	2.766461	0.2035334	-0.151489	2.774552	-0.3366216	-0.2333502	2.7425	-0.06562698	0.6043935	2.675871	-0.04960674	0.4898368	2.76937	-0.04345448	0.4174303	2.795612	-0.03136956	0.1901943	2.852536	-0.02685904	-0.1293982	2.912098	0.1365553	0.4168485	2.788854	-0.2278251	0.3962579	2.796289	0.05729112	-0.1241964	2.870216	-0.1102986	-0.1304677	2.87737	0.2175263	0.1394348	2.818076	-0.3053159	0.09043191	2.83444	0.1191609	-0.5289422	2.952851	-0.1498794	-0.5403027	2.946301	0.1720874	-0.8888537	3.094888	-0.1616053	-0.9204807	3.015507	

0.2468873	-0.1126539	2.804083	-0.3769972	-0.1525674	2.737982	0.2612827	-0.2299301	2.816068	-0.4057408	-0.2975386	2.714005	0.2118575	-0.1717172	2.79115	-0.3532612	-0.245729	2.699706	-0.07590573	0.5768215	2.645794	-0.06100378	0.4782324	2.751493	-0.05503516	0.4053661	2.779488	-0.03620884	0.1839405	2.850269	-0.02343242	-0.1307445	2.924704	0.122899	0.4137112	2.767777	-0.2349811	0.3827672	2.770617	0.06028317	-0.1235959	2.883198	-0.1065463	-0.1340431	2.889115	0.2174548	0.1419144	2.820294	-0.3159584	0.08732975	2.814784	0.1215179	-0.5256094	2.959349	-0.1494421	-0.5403	2.948929	0.1721773	-0.8889333	3.095211	-0.1619536	-0.9203249	3.015601	

0.2627766	-0.1042341	2.862594	-0.3888425	-0.1844736	2.681705	0.2740743	-0.2131943	2.886674	-0.4182846	-0.333018	2.657611	0.2199198	-0.1580868	2.845905	-0.3558997	-0.2197917	2.684364	-0.1064032	0.5129344	2.585639	-0.08433741	0.4298084	2.696798	-0.07735816	0.3593119	2.733099	-0.05467017	0.1456788	2.833232	-0.02544237	-0.1446235	2.945383	0.09317145	0.3784194	2.718238	-0.2506466	0.3230611	2.722089	0.0582605	-0.1342386	2.908834	-0.1085526	-0.1513078	2.905654	0.2160927	0.1419989	2.822728	-0.3376026	0.05825749	2.756263	0.1220278	-0.526496	2.964557	-0.1492131	-0.5400119	2.949917	0.1723772	-0.8898718	3.096101	-0.1627243	-0.92064	3.015996	

0.2598256	-0.1014943	2.918341	-0.3944197	-0.2614074	2.63742	0.2794584	-0.1939462	2.97175	-0.4145309	-0.425217	2.621381	0.2219557	-0.154126	2.911278	-0.3686887	-0.3629999	2.618875	-0.1336391	0.4079578	2.53556	-0.1133879	0.3097852	2.648301	-0.1066565	0.2588252	2.708095	-0.08571889	0.1027895	2.8776	-0.05696774	-0.108987	3.09378	0.06471429	0.3311776	2.677351	-0.2700953	0.2530117	2.665539	0.03169991	-0.09369347	3.056706	-0.1442073	-0.1215499	3.053343	0.2042337	0.1279409	2.832866	-0.3510591	-0.01537276	2.703502	0.1163283	-0.5251839	2.925558	-0.1531816	-0.5453428	2.949174	0.1697089	-0.8951506	3.089951	-0.1652307	-0.9220665	3.016128	

0.2381936	-0.1544566	2.987822	-0.3829849	-0.4652996	2.602523	0.2350227	-0.1974692	3.046438	-0.3969481	-0.6402411	2.57505	0.2012209	-0.1523781	2.995455	-0.3497801	-0.5606756	2.575305	0.0512687	0.201268	2.614617	-0.03939534	0.3006552	2.607347	-0.03649944	0.2330395	2.664463	-0.0275274	0.0264116	2.825797	-0.01524052	-0.2536099	3.030626	0.1385746	0.3220519	2.636286	-0.2764668	0.07947171	2.614956	0.06241649	-0.1955859	3.077804	-0.09264309	-0.3052693	2.906113	0.1952191	0.06465968	2.844012	-0.3494113	-0.1817632	2.650672	0.1119163	-0.5346148	2.867841	-0.1918608	-0.6652099	2.917698	0.1282565	-0.9168236	2.993145	-0.1652727	-0.9345117	3.010193	

0.2455789	-0.1796536	3.006592	-0.3784383	-0.4837791	2.601298	0.2542491	-0.1994476	3.077098	-0.3951899	-0.6821291	2.581357	0.2080126	-0.1803326	3.018	-0.345269	-0.6207914	2.570527	0.06341103	0.1450126	2.680271	-0.03721561	0.2426833	2.587955	-0.03709935	0.1771125	2.649203	-0.03629766	-0.02152294	2.822961	-0.03378283	-0.2901383	3.0429	0.1407872	0.2642332	2.616882	-0.2692611	0.02791806	2.603273	0.04661503	-0.234168	3.089218	-0.1135474	-0.3391269	2.919398	0.200552	0.0338412	2.849875	-0.344421	-0.2084633	2.649445	0.115219	-0.5550286	2.856892	-0.1951617	-0.7054689	2.911732	0.1285701	-0.9193311	2.988818	-0.1645097	-0.9391927	3.00624	

0.2623838	-0.2727929	3.065482	-0.3673981	-0.5415453	2.599519	0.2969114	-0.3633178	3.136304	-0.393381	-0.7355199	2.570269	0.2505126	-0.3434925	3.077285	-0.3386588	-0.6785672	2.556062	0.04421025	0.1111894	2.676274	-0.06560042	0.0007553194	2.617513	-0.06468122	-0.04220577	2.675773	-0.06158942	-0.1725691	2.840481	-0.05711528	-0.348277	3.050224	0.1124535	0.02295711	2.646493	-0.2675279	-0.02848099	2.597416	0.036238	-0.2994314	3.126742	-0.1492386	-0.3884469	2.896584	0.2211134	-0.061749	2.942094	-0.3372874	-0.2902355	2.636884	0.1162993	-0.5838842	2.848449	-0.179091	-0.758075	2.916063	0.1285033	-0.9213458	2.987638	-0.1631032	-0.941494	3.001078	

0.2593295	-0.3641024	3.028169	-0.3666914	-0.7476759	2.560925	0.2934119	-0.4539378	3.099694	-0.4018297	-0.9142375	2.53619	0.2470184	-0.4336915	3.040729	-0.3456399	-0.8493761	2.520105	0.05507925	0.03105808	2.680158	-0.02538529	-0.07958125	2.570625	-0.02341183	-0.1239422	2.629921	-0.01730345	-0.2581751	2.797692	-0.008950577	-0.4386805	3.01147	0.1526299	-0.05715239	2.59956	-0.2450998	-0.1834505	2.577791	0.07807004	-0.372144	3.121891	-0.09600141	-0.4942645	2.824182	0.2194148	-0.1545342	2.902782	-0.3155426	-0.4212678	2.618193	0.1176434	-0.6246727	2.802354	-0.1644241	-0.7108485	2.863264	0.127476	-0.9233611	2.98321	-0.1576558	-0.9404993	2.975463	

0.2341013	-0.3747143	2.862463	-0.3386279	-0.885538	2.547819	0.1946067	-0.4987389	2.775169	-0.3759363	-1.001979	2.493493	0.1470944	-0.3967328	2.791423	-0.336491	-0.948374	2.523944	0.071887	-0.1870002	2.718931	-0.008863883	-0.2931491	2.609327	-0.006442648	-0.3335288	2.664579	0.0009445173	-0.4547035	2.820249	0.010942	-0.6166673	3.017992	0.169027	-0.2701688	2.638324	-0.2285111	-0.3964018	2.616402	0.08783364	-0.5659336	3.099877	-0.06639997	-0.6520143	2.860051	0.2139294	-0.1254334	2.825629	-0.297704	-0.6404397	2.606052	0.1490831	-0.6952237	2.710348	-0.1479527	-0.9224703	2.901462	0.1225858	-0.9579499	2.964135	-0.1525715	-0.9731732	2.954726	

0.1540988	-0.5195242	2.816098	-0.3301201	-0.9238248	2.550776	0.1659721	-0.7033797	2.801749	-0.3672578	-1.000895	2.504593	0.1186227	-0.6004291	2.818196	-0.331111	-0.955759	2.538	0.07521045	-0.221453	2.732019	-0.005587625	-0.3269079	2.622438	-0.005002788	-0.3705265	2.677856	-0.004162581	-0.5029297	2.834083	-0.003407634	-0.6740625	3.030407	0.1532942	-0.4368449	2.835258	-0.2252116	-0.4300602	2.629507	0.07481819	-0.6371773	3.142425	-0.08076601	-0.6914996	2.843755	0.2043709	-0.1815329	2.779808	-0.2958972	-0.6754875	2.593	0.08059983	-0.5923736	2.725696	-0.1446842	-0.9559081	2.914525	0.1228916	-0.9588051	2.96407	-0.1866966	-1.01812	2.963422	

0.1720874	-0.5257622	2.835562	-0.3103628	-0.9318354	2.563818	0.1183807	-0.6671445	2.753432	-0.3591349	-1.063174	2.49326	0.07087652	-0.6483948	2.747333	-0.3080853	-0.9340264	2.547	0.100982	-0.2896774	2.753676	0.01970454	-0.3937782	2.644189	0.01822222	-0.4353665	2.699896	0.01363686	-0.5597464	2.856956	0.007368849	-0.7255543	3.056581	0.1565578	-0.4405375	2.836479	-0.2622622	-0.4087397	2.577206	0.09085087	-0.6972178	3.098313	-0.07641722	-0.7360275	2.93936	0.2102977	-0.1894565	2.781259	-0.2900481	-0.6810094	2.596228	0.1739341	-0.6634227	2.689805	-0.1310897	-1.099564	2.946281	0.1216191	-0.9614551	2.96545	-0.2712089	-0.7961952	2.96989	

0.1826336	-0.5368035	2.818837	-0.3076727	-0.9275659	2.560528	0.2230535	-0.6863288	2.711699	-0.3617601	-1.071077	2.495913	0.2219267	-0.6828616	2.698	-0.3083622	-0.969774	2.542091	0.1195464	-0.3216731	2.745162	0.03789065	-0.4251252	2.635743	0.03649493	-0.4672166	2.689506	0.03230539	-0.5934314	2.840294	0.02688325	-0.7625177	3.030138	0.1639719	-0.4476158	2.84142	-0.2026203	-0.3328761	2.595136	0.1031896	-0.7359645	3.084021	-0.0504185	-0.7684001	2.901055	0.2175469	-0.1965456	2.785777	-0.2754091	-0.6699695	2.587757	0.1941452	-0.6929134	2.6782	-0.1137189	-1.123048	2.94384	0.137989	-1.003082	2.959914	-0.2539048	-0.8196129	2.96751	

0.1773072	-0.539914	2.832304	-0.3001795	-0.9339037	2.563141	0.06867988	-0.593424	2.757854	-0.3614108	-1.085039	2.509299	0.06833486	-0.5904428	2.744	-0.2920723	-0.9696527	2.559	0.117805	-0.3224042	2.742214	0.03617946	-0.4258375	2.632793	0.03463108	-0.4680413	2.686706	0.0299275	-0.5944772	2.838039	0.02361686	-0.7636516	3.028911	0.1695146	-0.4536738	2.844502	-0.1234112	-0.2977342	2.587518	0.09265878	-0.7504318	3.072113	-0.05302291	-0.7643517	2.904108	0.2227481	-0.202557	2.788555	-0.2459769	-0.6203365	2.583465	0.2051289	-0.6321623	2.687415	-0.1146068	-1.121275	2.938722	0.1339618	-0.9545397	2.938262	-0.3235159	-0.8600067	2.952557	

0.1568334	-0.5353367	2.841141	-0.2998513	-0.934432	2.561584	0.05744585	-0.5944771	2.762856	-0.361946	-1.083564	2.501144	0.06615244	-0.5785552	2.73175	-0.3491693	-1.045164	2.495125	0.1180997	-0.3200679	2.74213	0.03646782	-0.4235479	2.632706	0.03479006	-0.4654732	2.686774	0.02953927	-0.5906712	2.838806	0.02192385	-0.7569276	3.031647	0.168875	-0.4545399	2.84178	-0.1793192	-0.2932499	2.581597	0.09405254	-0.7439496	3.071623	-0.05674783	-0.7493016	2.918267	0.2219433	-0.2034216	2.785542	-0.2606345	-0.6283336	2.582025	0.2004274	-0.6323849	2.683035	-0.1118468	-1.111228	2.933828	0.1319399	-0.950723	2.937113	-0.3154834	-0.8464879	2.954383	

0.1063851	-0.5373006	2.74638	-0.3494074	-0.9299461	2.53308	0.08589905	-0.734888	2.833625	-0.4061916	-1.060858	2.465675	0.1922632	-0.6402295	2.717519	-0.3400373	-1.003751	2.524143	0.1149374	-0.2262213	2.74023	0.03335271	-0.331589	2.630706	0.02243038	-0.3722985	2.669254	-0.01088349	-0.4944662	2.774775	-0.0560136	-0.6579423	2.905523	0.1627099	-0.3741145	2.831514	-0.2563426	-0.2890406	2.561928	0.002455182	-0.6511821	3.019255	-0.1132242	-0.6476808	2.716147	0.09614541	-0.2244659	2.615727	-0.287816	-0.6315812	2.574383	0.2016058	-0.5606194	2.666049	-0.2983272	-0.9702035	2.697751	0.128779	-0.9528012	2.94248	-0.1546246	-1.000447	2.981144	

0.1389043	-0.4178336	2.74704	-0.337104	-0.8260034	2.554893	0.1429658	-0.6927007	2.811497	-0.4040401	-0.9357733	2.457529	0.1825946	-0.5798339	2.757032	-0.3489823	-0.9066763	2.4953	0.05735192	-0.1071211	2.705461	-0.02312569	-0.2149016	2.595832	-0.03182117	-0.2552516	2.639412	-0.05812117	-0.376807	2.760029	-0.09351461	-0.5398954	2.910923	0.1169675	-0.3142373	2.886402	-0.3128128	-0.1725347	2.526847	-0.04680479	-0.5382593	3.053777	-0.1379828	-0.5275084	2.691849	0.1675697	-0.07320347	2.764282	-0.2985943	-0.5107895	2.581258	0.1571919	-0.4128725	2.714763	-0.2945845	-0.846439	2.763186	0.1957708	-0.840955	2.824832	-0.1091454	-0.960783	2.998241	

0.1092714	-0.3053235	2.77137	-0.3584674	-0.6555421	2.568389	0.1076752	-0.652225	2.846742	-0.3583277	-0.7748041	2.49191	0.159571	-0.544802	2.797728	-0.334233	-0.6985134	2.556	0.01006463	0.003300769	2.66477	-0.07067312	-0.1185807	2.603773	-0.07946508	-0.1605687	2.656336	-0.1058251	-0.2874627	2.803908	-0.1410407	-0.4580202	2.99076	0.06964315	-0.218376	2.894416	-0.3081701	-0.1680134	2.52901	-0.07787083	-0.4416048	3.116819	-0.2008343	-0.4628255	2.788091	0.1424664	0.0363902	2.738919	-0.3283992	-0.4049266	2.60738	0.1469443	-0.6205568	2.827926	-0.1671427	-0.7043341	2.878928	0.1200008	-0.9274364	2.964386	-0.1464947	-0.9366731	2.96739	

0.1075741	-0.2211737	2.762145	-0.3543756	-0.5894387	2.572374	0.09100042	-0.592101	2.854623	-0.3806052	-0.6763859	2.466374	0.1462605	-0.4754895	2.8389	-0.3375506	-0.6569118	2.511	-0.001805219	0.08917465	2.657283	-0.1063901	-0.03721463	2.599896	-0.1102536	-0.07904939	2.658232	-0.1214824	-0.2058202	2.823166	-0.1361157	-0.3765025	3.033223	0.06649256	-0.07776143	2.882839	-0.3140807	-0.09724519	2.540609	-0.0641337	-0.3434477	3.140686	-0.20487	-0.4001434	2.848825	0.1455424	0.1190783	2.720234	-0.3563625	-0.3382843	2.625047	0.1116988	-0.5916381	2.872766	-0.1722207	-0.7595254	2.911284	0.1161988	-0.9210653	2.975015	-0.1351543	-1.061337	3.022046	

0.2156195	-0.1615874	3.077906	-0.347592	-0.4717892	2.583069	0.2201693	-0.1570037	3.072121	-0.3761582	-0.5499682	2.466185	0.2317726	-0.1040231	3.003667	-0.3479235	-0.5279065	2.482728	-0.07480844	0.2453768	2.625535	-0.1672544	0.1088342	2.590003	-0.1541891	0.06107749	2.650108	-0.1137594	-0.08435497	2.820404	-0.05847098	-0.2808807	3.037535	0.01382042	0.1272663	2.738281	-0.3716105	0.002339723	2.579561	0.02449954	-0.2297595	3.055873	-0.1400443	-0.3249151	2.941941	0.1434548	0.01531937	2.922521	-0.386252	-0.2301398	2.667661	-0.0040799	-0.5858368	2.885261	-0.2001133	-0.6974428	2.887316	0.1150805	-0.9209309	2.984775	-0.1560371	-0.9446629	2.989682	

0.2092836	-0.1106668	3.021148	-0.3590536	-0.3899429	2.597046	0.2154616	-0.1566488	3.065123	-0.3843746	-0.4690867	2.481008	0.2209459	-0.1165431	3.005833	-0.3386931	-0.437156	2.503733	-0.1389937	0.280586	2.565475	-0.2072928	0.169262	2.580088	-0.1918381	0.1209228	2.635784	-0.1439628	-0.02660405	2.792912	-0.07840851	-0.2263678	2.992506	-0.04007982	0.2148404	2.619006	-0.3584598	0.1069638	2.554151	-0.001015881	-0.1897255	2.973942	-0.1538013	-0.257173	2.933747	0.1104307	0.0544525	2.867122	-0.3899687	-0.1447217	2.674071	0.08578088	-0.5584829	2.901173	-0.1857821	-0.6344044	2.891511	0.1142096	-0.919109	2.987439	-0.1596303	-0.9465448	2.993364	

0.1968943	-0.1010138	3.00232	-0.3659158	-0.3508717	2.588246	0.2093227	-0.1635567	3.037122	-0.3718952	-0.4311891	2.456143	0.2100904	-0.1096611	2.972455	-0.3485295	-0.4037303	2.484	-0.1787892	0.3048314	2.539024	-0.2342883	0.2067605	2.591276	-0.2261132	0.1685608	2.657907	-0.1972103	0.0475278	2.846702	-0.1571577	-0.1165126	3.088765	-0.051214	0.2298566	2.62504	-0.3664485	0.1366542	2.570248	-0.07491639	-0.08747616	3.062427	-0.2354724	-0.1426331	3.037691	0.1066305	0.08356019	2.863931	-0.3947314	-0.1103404	2.682279	0.07862944	-0.5350611	2.90128	-0.1820794	-0.5777747	2.89139	0.114138	-0.918364	2.988779	-0.162903	-0.9448487	2.996242	

0.1715046	-0.1045261	2.968242	-0.3840656	-0.2501287	2.599089	0.1964099	-0.1727021	2.993122	-0.3866613	-0.3141755	2.475715	0.1951259	-0.09089504	2.934222	-0.351216	-0.2933651	2.506	-0.2537715	0.4262184	2.496861	-0.2294426	0.331535	2.586814	-0.2169385	0.2743691	2.643368	-0.177926	0.09930145	2.803199	-0.1242113	-0.1383984	3.006371	-0.06279595	0.3205275	2.650027	-0.3849899	0.2396518	2.596873	-0.04582268	-0.1131242	2.978021	-0.1994118	-0.1601121	2.957307	0.09403493	0.1014193	2.851245	-0.4020211	-0.0169417	2.715128	0.06953595	-0.5348244	2.894753	-0.1899105	-0.5723849	2.891273	0.1204012	-0.9099401	2.990812	-0.1666604	-0.9429209	2.999691	

0.1706825	-0.09773097	2.917496	-0.3838215	-0.2252339	2.595985	0.191415	-0.1874779	2.954118	-0.38176	-0.265605	2.478796	0.1887843	-0.1156985	2.905778	-0.3528496	-0.2375911	2.518111	-0.2555958	0.4638416	2.512169	-0.2467847	0.3703021	2.62837	-0.2303898	0.3010523	2.665302	-0.1834337	0.1034035	2.791996	-0.1282394	-0.1621924	2.920706	-0.06507579	0.3360851	2.659377	-0.3842387	0.2497305	2.599971	-0.04555565	-0.1373399	2.893092	-0.2075373	-0.1827513	2.870939	0.08004589	0.1233921	2.83863	-0.4042817	-0.001456344	2.730633	0.06472392	-0.5365158	2.892992	-0.1958929	-0.5669855	2.891997	0.1234965	-0.9071838	2.992083	-0.1678203	-0.94118	3.000345	

0.140851	-0.1177806	2.834347	-0.3823508	-0.1104139	2.622479	0.1514601	-0.2236415	2.863446	-0.3790923	-0.1674212	2.519144	0.1629291	-0.1331041	2.81684	-0.3456879	-0.1521385	2.542778	-0.2435179	0.5604108	2.575026	-0.2395116	0.4542849	2.686728	-0.2290746	0.3839857	2.715	-0.1963811	0.1684466	2.790117	-0.1511076	-0.1251902	2.880212	-0.05752317	0.4003563	2.71624	-0.3999127	0.3749805	2.672734	-0.06767455	-0.1097152	2.847614	-0.2304827	-0.1373018	2.835416	0.07198567	0.128786	2.83307	-0.4231859	0.1034455	2.769764	0.0546225	-0.540695	2.891286	-0.208557	-0.5551959	2.894948	0.125572	-0.906312	2.993721	-0.1706319	-0.9373888	3.004734	

0.1174822	-0.1036675	2.782066	-0.3877894	-0.07704843	2.636908	0.1332366	-0.2270329	2.792113	-0.3775625	-0.125762	2.535426	0.1521561	-0.09991592	2.786778	-0.3513259	-0.1104625	2.5666	-0.2331561	0.5936507	2.618807	-0.2286916	0.4791331	2.72138	-0.2215387	0.4036132	2.739941	-0.1952565	0.176107	2.795691	-0.1531207	-0.1226147	2.876793	-0.04845772	0.4121577	2.746767	-0.3995252	0.3821591	2.686193	-0.07002799	-0.1082095	2.843099	-0.2322772	-0.1335529	2.832762	0.05925132	0.1449609	2.819067	-0.435208	0.13412	2.786431	0.04302103	-0.5529252	2.897052	-0.2125913	-0.5535337	2.899014	0.1250698	-0.9032897	2.995104	-0.173443	-0.9320744	3.00842	

0.0837941	-0.1001032	2.71654	-0.4185439	-0.08117498	2.70928	0.08497867	-0.2377876	2.682669	-0.386554	-0.1208929	2.591506	0.11168	-0.170216	2.672059	-0.3693098	-0.07762144	2.621909	-0.2116151	0.6234929	2.693979	-0.2137444	0.4911627	2.770687	-0.2082263	0.4161537	2.784457	-0.1921505	0.1821514	2.80876	-0.1580801	-0.1238233	2.866903	-0.02801228	0.4120865	2.792284	-0.3901241	0.3881311	2.782187	-0.0754594	-0.1138367	2.82741	-0.2366749	-0.1318945	2.826905	0.05366347	0.1435589	2.803108	-0.4423577	0.1458722	2.838112	0.0311	-0.5694748	2.91068	-0.2189761	-0.5521737	2.909727	0.1210452	-0.9074807	3.000561	-0.1780374	-0.926084	3.01171	

0.08289348	-0.09955093	2.714739	-0.4181109	-0.08416952	2.711461	0.07259822	-0.2393238	2.672614	-0.3963307	-0.1399413	2.613329	0.09263152	-0.1799399	2.649833	-0.362085	-0.1323925	2.657333	-0.2095443	0.6257847	2.700111	-0.2115941	0.4927186	2.773351	-0.2064824	0.4174474	2.786832	-0.1901895	0.1848331	2.814428	-0.1603695	-0.1245588	2.86356	-0.02739949	0.4118647	2.793675	-0.3891427	0.3881274	2.783651	-0.07709213	-0.1155064	2.82419	-0.2393861	-0.1312592	2.824165	0.05142137	0.1446721	2.79893	-0.4408734	0.14297	2.840285	0.03043247	-0.5715596	2.911532	-0.2207109	-0.5515699	2.912478	0.1205115	-0.9070789	3.001137	-0.1814148	-0.9191611	3.012093	

0.06868037	-0.09602685	2.703736	-0.393111	-0.1416077	2.778339	0.02919802	-0.2477498	2.666669	-0.4029717	-0.2642543	2.722959	0.071141	-0.1769793	2.645563	-0.3348512	-0.1816511	2.777577	-0.1697303	0.6539458	2.756461	-0.1810991	0.5090092	2.802139	-0.1817425	0.4306743	2.809564	-0.1781371	0.1924343	2.826064	-0.1602374	-0.1243937	2.860097	0.000605842	0.4092559	2.824529	-0.366622	0.3927053	2.79516	-0.07670416	-0.1165405	2.822516	-0.2396981	-0.1285685	2.818211	0.05079482	0.1471333	2.795745	-0.4012771	0.1094729	2.842091	0.03097308	-0.5698487	2.908866	-0.2201605	-0.5513166	2.913355	0.1193209	-0.9034291	3.002209	-0.1813743	-0.9189728	3.01253	

0.06719107	-0.1061262	2.706693	-0.388001	-0.1397144	2.784046	0.03815422	-0.2412129	2.688051	-0.3995548	-0.271257	2.734933	0.09459338	-0.1494483	2.701647	-0.3466804	-0.2490074	2.7845	-0.1616916	0.6580911	2.761234	-0.1751968	0.5110264	2.801385	-0.1736859	0.4335737	2.809957	-0.1662793	0.1971225	2.829288	-0.1542941	-0.1228868	2.856996	0.009071875	0.4120781	2.828433	-0.352581	0.3959604	2.796632	-0.07094118	-0.1168215	2.821292	-0.2333534	-0.1249908	2.813541	0.05869789	0.1536637	2.801276	-0.3972366	0.1123477	2.84271	0.03324032	-0.570814	2.909282	-0.2165741	-0.5497021	2.916933	0.1200559	-0.9018386	3.002731	-0.1814061	-0.918884	3.012436	

0.09307953	-0.1200406	2.734758	-0.3811332	-0.1337324	2.790413	0.07060657	-0.2584651	2.735607	-0.3831667	-0.2733172	2.750471	0.1242388	-0.1430541	2.728619	-0.3245237	-0.1634913	2.79316	-0.1439883	0.6661367	2.764865	-0.1627171	0.5165968	2.799632	-0.1606208	0.4391606	2.8097	-0.1531951	0.2019788	2.831853	-0.1431927	-0.1206032	2.857006	0.02245316	0.4138217	2.830004	-0.3341493	0.3993831	2.793857	-0.05910621	-0.1156367	2.822592	-0.2232399	-0.1220114	2.81313	0.07178418	0.1511927	2.807678	-0.3863387	0.1195961	2.842409	0.03734613	-0.5667504	2.908463	-0.2109238	-0.5482358	2.921233	0.1207297	-0.9017347	3.002991	-0.1810125	-0.9182399	3.012709	

0.1327908	-0.1199798	2.767173	-0.3774494	-0.1305843	2.79354	0.1215678	-0.2690586	2.767693	-0.3720804	-0.2756236	2.765228	0.1686445	-0.1544113	2.759462	-0.318687	-0.1622988	2.802046	-0.1318313	0.6705374	2.765001	-0.1511789	0.5203289	2.798839	-0.1485192	0.4430116	2.809971	-0.1394864	0.2061096	2.834746	-0.1269403	-0.1166749	2.860581	0.03358748	0.416495	2.828837	-0.3227625	0.402979	2.792997	-0.04314025	-0.111248	2.827297	-0.207189	-0.1187971	2.816097	0.09464849	0.1489113	2.818443	-0.3751929	0.1235212	2.840374	0.04331084	-0.5648253	2.909272	-0.2057858	-0.5457568	2.926246	0.1222805	-0.9047291	3.005183	-0.1810669	-0.9171122	3.012997	

0.193203	-0.1083458	2.803972	-0.3700572	-0.1295525	2.794778	0.1976202	-0.2657301	2.820646	-0.3658886	-0.2767999	2.774053	0.2350046	-0.14652	2.804916	-0.3232259	-0.1640641	2.801417	-0.1141506	0.6748204	2.764505	-0.1312871	0.5253836	2.79582	-0.1297295	0.4479075	2.808314	-0.1239502	0.2104797	2.836102	-0.1147805	-0.1130341	2.863745	0.05549401	0.4197651	2.826687	-0.3054045	0.4076566	2.79013	-0.03163021	-0.1077193	2.829804	-0.1947605	-0.1152217	2.820115	0.1381841	0.1405346	2.844341	-0.3617836	0.1250916	2.836151	0.0538098	-0.5603222	2.909986	-0.1992155	-0.5431156	2.931129	0.122873	-0.9046757	3.006438	-0.1807026	-0.916726	3.013409	

0.1963045	-0.1107906	2.807148	-0.3574591	-0.1292282	2.805665	0.2117986	-0.2825796	2.82231	-0.356843	-0.2798436	2.793756	0.2299154	-0.1900186	2.77345	-0.3205822	-0.2001727	2.779857	-0.09711178	0.6739223	2.761508	-0.1189066	0.5240942	2.794979	-0.117565	0.446976	2.808216	-0.112661	0.2105336	2.838141	-0.1047531	-0.1118548	2.868201	0.06643299	0.4164318	2.826165	-0.2946117	0.409599	2.792905	-0.02120167	-0.1066917	2.834562	-0.1854279	-0.113968	2.824342	0.1429159	0.1384037	2.847763	-0.350624	0.1262607	2.839027	0.05778094	-0.5597569	2.90965	-0.1931636	-0.5407984	2.933711	0.1234633	-0.9041409	3.006239	-0.180362	-0.9162844	3.013102	

0.1902453	-0.1121433	2.811204	-0.3569686	-0.1285853	2.809604	0.1868592	-0.2731404	2.812184	-0.3674669	-0.2777143	2.797875	0.2116051	-0.1719101	2.79044	-0.2985165	-0.1615116	2.816619	-0.09372018	0.6733571	2.761453	-0.1171962	0.5243129	2.795553	-0.1156599	0.4472951	2.809063	-0.1101655	0.2112445	2.840071	-0.1016321	-0.1104414	2.872037	0.06897863	0.4168954	2.828601	-0.2928056	0.4107326	2.793555	-0.01791839	-0.1052345	2.839481	-0.1825555	-0.1126458	2.827268	0.1417103	0.1381499	2.850948	-0.3489043	0.1270037	2.841164	0.05885237	-0.5560943	2.90943	-0.1929357	-0.5413809	2.933991	0.1238213	-0.9048005	3.006871	-0.1801817	-0.9161875	3.013073	

