0.333622	-0.08684994	3.06436	-0.1731707	-0.1324834	3.007183	0.3388732	-0.228064	3.08017	-0.1632244	-0.2737207	3.015432	0.359959	-0.1391526	3.0438	-0.1116853	-0.1887438	2.999104	0.07877551	0.6811849	2.96782	0.06451937	0.5351055	3.012151	0.06766768	0.4561402	3.027082	0.07701033	0.214337	3.062003	0.08942496	-0.1150063	3.098311	0.2490147	0.4405645	3.060816	-0.1136084	0.425316	3.004339	0.1708964	-0.1100149	3.068601	0.005658201	-0.1170732	3.049207	0.31516	0.1653663	3.102658	-0.1618298	0.1202288	3.04423	0.1772095	-0.5218319	3.230199	-0.04831147	-0.6126279	3.050232	0.1664045	-0.9016455	3.328089	-0.08526918	-0.9550148	3.001475	

0.3335342	-0.08657155	3.064383	-0.1731165	-0.1309224	3.007344	0.3424278	-0.2265565	3.074175	-0.1653882	-0.2729694	3.012146	0.3626576	-0.1397869	3.048379	-0.1090731	-0.1774707	2.995129	0.0786831	0.6812313	2.967916	0.06407935	0.5352075	3.012369	0.06731558	0.4561749	3.027299	0.07682671	0.2142163	3.062232	0.08938885	-0.1154498	3.098666	0.2491821	0.4403533	3.060994	-0.1135868	0.4253248	3.004363	0.1708564	-0.1105347	3.068845	0.005624404	-0.117451	3.049657	0.3152103	0.1653429	3.102674	-0.1616936	0.1214925	3.044246	0.1770298	-0.5218937	3.230931	-0.04839011	-0.6110212	3.050611	0.1664978	-0.9017729	3.328227	-0.08408851	-0.9569758	3.000625	

0.3334564	-0.08670781	3.064479	-0.1730706	-0.1286077	3.007686	0.339779	-0.2271011	3.077447	-0.1655358	-0.2741153	3.023732	0.3601749	-0.1388261	3.044785	-0.1091552	-0.1909539	2.994263	0.07864518	0.6813625	2.967935	0.06398343	0.5353713	3.0127	0.06723407	0.4563217	3.027563	0.07678724	0.2143106	3.062343	0.08937924	-0.1153883	3.098681	0.2493186	0.4401484	3.061139	-0.1135809	0.4253234	3.004374	0.1708499	-0.1105058	3.068858	0.005611775	-0.1173436	3.049657	0.3152063	0.1648652	3.102681	-0.1615737	0.1234905	3.044253	0.176319	-0.5223054	3.232153	-0.04841778	-0.610446	3.051045	0.1671722	-0.903008	3.327879	-0.08378215	-0.9583409	3.000103	

0.3334368	-0.08662225	3.06457	-0.1731226	-0.1281565	3.007816	0.337093	-0.2269277	3.075019	-0.1645721	-0.273111	3.012182	0.3603883	-0.139435	3.044319	-0.1091574	-0.1804463	2.9979	0.078635	0.6813872	2.967931	0.06398637	0.5353571	3.012689	0.06723505	0.4563202	3.02756	0.07679583	0.2143574	3.062363	0.08942116	-0.1150827	3.098812	0.24934	0.4400794	3.061127	-0.113551	0.4253229	3.004453	0.1709045	-0.1102179	3.06909	0.005643852	-0.1170054	3.049702	0.315204	0.1647666	3.102576	-0.1615567	0.1237471	3.044251	0.1764435	-0.5177754	3.230353	-0.04891891	-0.6125272	3.050878	0.165797	-0.904166	3.32915	-0.08364813	-0.9628847	2.998066	

0.3333984	-0.08647975	3.064665	-0.1730981	-0.1271501	3.0082	0.3362392	-0.2263336	3.067022	-0.1646185	-0.2725312	3.013352	0.3599542	-0.1438666	3.044873	-0.1088105	-0.1782481	2.99653	0.07856758	0.6814103	2.968131	0.06403966	0.5353492	3.012757	0.06725695	0.4562922	3.027636	0.07667376	0.2141792	3.062537	0.0887699	-0.1157649	3.099185	0.2492467	0.4400669	3.061013	-0.1135106	0.4253988	3.004558	0.1702997	-0.1109251	3.069314	0.004947104	-0.1176583	3.050222	0.3151167	0.1647285	3.102588	-0.1614476	0.1246036	3.044258	0.1756569	-0.5184556	3.231325	-0.04929841	-0.6150501	3.051633	0.1658987	-0.9044905	3.329231	-0.08328713	-0.9633064	2.998018	

0.3333012	-0.08630078	3.065001	-0.1730433	-0.1262151	3.008374	0.3398781	-0.2262518	3.070059	-0.1654173	-0.2730148	3.012655	0.3601712	-0.1415133	3.048203	-0.109757	-0.1846769	2.996633	0.0783648	0.6816069	2.96821	0.06406899	0.5357237	3.013103	0.06726366	0.4566002	3.027939	0.07664347	0.2143254	3.062722	0.08874607	-0.1157409	3.09925	0.2492484	0.4400093	3.061019	-0.1134622	0.4254679	3.004562	0.1702783	-0.1109245	3.069373	0.004917578	-0.1176006	3.050281	0.3150752	0.1647689	3.102512	-0.1614657	0.1254002	3.044014	0.1755332	-0.5189182	3.231633	-0.04938121	-0.6146036	3.051903	0.1656782	-0.9061174	3.329385	-0.08286101	-0.9613035	2.999203	

0.332882	-0.08619228	3.064953	-0.1731201	-0.1260626	3.008452	0.3356227	-0.2274107	3.076091	-0.1646363	-0.272515	3.013246	0.3628909	-0.1690232	3.0476	-0.1123521	-0.2053921	2.9962	0.07808999	0.6817847	2.968731	0.06409839	0.5360277	3.013383	0.06723052	0.4568667	3.028195	0.07644247	0.2145213	3.062928	0.08824643	-0.1155933	3.099391	0.2492506	0.4397468	3.061019	-0.1134836	0.4255543	3.004864	0.1698459	-0.1108895	3.069418	0.004337404	-0.1173131	3.050523	0.3149374	0.1647488	3.102529	-0.161553	0.125405	3.044141	0.1752116	-0.5191981	3.232159	-0.04929868	-0.6157259	3.052591	0.165702	-0.9059862	3.329566	-0.08277752	-0.9646941	2.997698	

0.3321155	-0.0860735	3.064911	-0.1731669	-0.1258745	3.008521	0.3349295	-0.2269468	3.069871	-0.1650416	-0.2758824	3.029187	0.3554924	-0.1689387	3.047765	-0.1090443	-0.1898769	2.992634	0.07746827	0.6819608	2.969126	0.06403926	0.5360507	3.013421	0.06715982	0.4568865	3.028249	0.07633685	0.2145212	3.063028	0.08812936	-0.1156299	3.099525	0.2490596	0.439476	3.060848	-0.11368	0.4257722	3.004989	0.1697147	-0.1110211	3.069584	0.004223757	-0.1172795	3.050631	0.3145827	0.1648127	3.102153	-0.1618762	0.1254761	3.044326	0.17495	-0.5193333	3.232331	-0.04940299	-0.6158826	3.052895	0.1656125	-0.9059484	3.329595	-0.08273331	-0.9643862	2.997857	

0.3315382	-0.08626926	3.064888	-0.173226	-0.1254906	3.008611	0.3319116	-0.2267939	3.067764	-0.1591261	-0.2787915	3.021503	0.3558798	-0.1332112	3.049	-0.108236	-0.1892112	2.990523	0.07716358	0.6820359	2.969503	0.06397865	0.5361961	3.013472	0.06710008	0.4570184	3.028299	0.07628712	0.2146089	3.063067	0.08810887	-0.1155925	3.099541	0.2488117	0.4394177	3.060492	-0.1140068	0.4260983	3.005353	0.1696966	-0.1110016	3.069525	0.004174802	-0.1171661	3.050732	0.3137669	0.1645775	3.101348	-0.1620414	0.1257617	3.044493	0.1747071	-0.5187822	3.231838	-0.04969921	-0.6170264	3.053417	0.1656147	-0.9058812	3.329618	-0.08277014	-0.9643531	2.99813	

0.3304966	-0.08634023	3.064836	-0.1734166	-0.1255255	3.008853	0.3281431	-0.2265555	3.069894	-0.1661146	-0.2767529	3.021987	0.3564532	-0.1463436	3.048036	-0.11163	-0.2093009	2.995278	0.07682483	0.6822846	2.969557	0.06331034	0.5364587	3.014118	0.06646548	0.4572398	3.028913	0.07577254	0.2147093	3.063558	0.08780234	-0.1156131	3.099828	0.2486964	0.4394028	3.060521	-0.1140172	0.4261273	3.00539	0.1694102	-0.1111031	3.069744	0.003856597	-0.1171023	3.051078	0.3134904	0.1645095	3.101141	-0.1623342	0.1256505	3.044858	0.1743671	-0.5176483	3.231608	-0.05003755	-0.6167576	3.053498	0.1656192	-0.905813	3.330012	-0.08330546	-0.9595206	3.000534	

0.329631	-0.086008	3.064578	-0.1736709	-0.1266264	3.0088	0.3341426	-0.2279238	3.075421	-0.1671519	-0.2712488	3.01665	0.3521793	-0.1557809	3.03975	-0.1090651	-0.1774576	2.994936	0.07641294	0.6823617	2.97005	0.06279347	0.5363698	3.014338	0.0659443	0.457186	3.029118	0.07524188	0.2147536	3.0637	0.08729397	-0.1154425	3.099855	0.2481078	0.439362	3.059771	-0.1141394	0.4262073	3.005449	0.1688763	-0.1108177	3.069743	0.003387226	-0.1170432	3.051114	0.3126344	0.1648604	3.100505	-0.1627595	0.1244753	3.04541	0.1738292	-0.5179651	3.231915	-0.05053868	-0.6118838	3.052513	0.1653761	-0.9059874	3.330021	-0.08346692	-0.9608231	2.999671	

0.3290511	-0.08634302	3.064056	-0.1759647	-0.1257591	3.009353	0.3291663	-0.2265616	3.068325	-0.1621643	-0.2720637	3.018368	0.3553688	-0.1466335	3.04456	-0.1102053	-0.1902405	2.994795	0.07590535	0.6823757	2.970257	0.06258	0.5366468	3.014728	0.06568991	0.4574016	3.029462	0.07484787	0.2148146	3.063944	0.0865972	-0.1156242	3.099959	0.2479711	0.4391598	3.059554	-0.1141953	0.4262523	3.005494	0.1681318	-0.1111735	3.069781	0.002740768	-0.1170789	3.051258	0.311831	0.1644742	3.09999	-0.1634056	0.1252116	3.046154	0.1730717	-0.5189948	3.23229	-0.05228636	-0.6169977	3.053062	0.1647157	-0.9075736	3.3304	-0.08372959	-0.9621298	2.999653	

0.3285295	-0.08650931	3.063664	-0.1761064	-0.1257142	3.009484	0.3258245	-0.2264786	3.06344	-0.1650956	-0.2733246	3.022146	0.3550253	-0.1436559	3.044473	-0.1101724	-0.1917195	2.994604	0.07571752	0.6823853	2.970382	0.06222269	0.536963	3.015426	0.06524538	0.4576726	3.03004	0.07407656	0.2149847	3.06424	0.08505254	-0.1155972	3.099753	0.2477564	0.4389665	3.059348	-0.114493	0.4265909	3.006081	0.1666234	-0.1113238	3.069108	0.001087935	-0.1168814	3.051476	0.3114947	0.1643172	3.099393	-0.1636879	0.1252141	3.046551	0.1728371	-0.5180798	3.232022	-0.05212026	-0.6177514	3.05321	0.1645854	-0.906575	3.33008	-0.08365625	-0.9619247	2.999653	

0.3276534	-0.08660365	3.062878	-0.1778947	-0.1250479	3.010285	0.3276046	-0.2254887	3.053829	-0.1673209	-0.2727166	3.019798	0.3533001	-0.1501572	3.038008	-0.1102328	-0.194725	2.990627	0.07539614	0.6825738	2.970533	0.06139529	0.5370559	3.016112	0.06453259	0.4577482	3.030629	0.07369498	0.2150054	3.06454	0.08500813	-0.1156061	3.099803	0.2476312	0.4387415	3.059171	-0.1147097	0.4266844	3.00626	0.1665877	-0.1113541	3.069156	0.001041344	-0.1168709	3.051517	0.3112727	0.1641828	3.099194	-0.1642289	0.1257775	3.047396	0.1725985	-0.5181357	3.232045	-0.05213252	-0.6177605	3.053195	0.164593	-0.9065786	3.329783	-0.0835723	-0.9619542	2.99955	

0.3272041	-0.08653225	3.062382	-0.1787388	-0.1246108	3.010665	0.3301842	-0.2277228	3.073558	-0.1752337	-0.2653465	3.014371	0.3538959	-0.1764038	3.039733	-0.110653	-0.2015353	2.988263	0.07512528	0.6826871	2.970655	0.06137359	0.5370587	3.016202	0.06449081	0.457767	3.030735	0.07357834	0.2150861	3.064687	0.08483076	-0.1154166	3.099967	0.2472991	0.4388059	3.058751	-0.1149727	0.4267458	3.00666	0.1663885	-0.1110459	3.069272	0.0008924378	-0.1167785	3.051718	0.3111577	0.1642346	3.098814	-0.1645384	0.1261324	3.047972	0.1722704	-0.5172117	3.231503	-0.05209289	-0.6179317	3.053262	0.1642042	-0.90773	3.329833	-0.08353281	-0.9616633	2.999941	

0.3267889	-0.08635224	3.061997	-0.1801904	-0.124031	3.011933	0.331415	-0.2264681	3.06333	-0.1772564	-0.2651317	3.017073	0.3508169	-0.1470629	3.036846	-0.111717	-0.2042131	2.994091	0.07472832	0.6827433	2.970995	0.06120914	0.5369615	3.01634	0.06428327	0.4576581	3.030903	0.07324243	0.2149353	3.064927	0.08442974	-0.1156102	3.100251	0.2471136	0.4387022	3.058435	-0.1152334	0.4270067	3.007037	0.1659858	-0.1113556	3.069466	0.000506217	-0.1168662	3.052093	0.3110838	0.1643774	3.098696	-0.1649678	0.1266486	3.048894	0.1725928	-0.5157656	3.23056	-0.05095545	-0.6012068	3.053876	0.1645617	-0.9058768	3.329514	-0.08359028	-0.9612909	3.000306	

0.3263022	-0.08546149	3.061733	-0.1805723	-0.1239109	3.012569	0.3284122	-0.2266716	3.061333	-0.1756605	-0.2660194	3.02201	0.350597	-0.1480133	3.03496	-0.1101134	-0.2104103	2.991389	0.07442961	0.6828666	2.971084	0.06089403	0.5370407	3.01706	0.06397003	0.45773	3.031532	0.07297381	0.2149743	3.065283	0.08429491	-0.1156061	3.100341	0.2470484	0.438679	3.058206	-0.1155487	0.4271012	3.00766	0.1658635	-0.1114037	3.069509	0.0003603496	-0.1167998	3.052238	0.3108537	0.1652566	3.098153	-0.1650078	0.1267423	3.048959	0.1723631	-0.5161718	3.230734	-0.05097782	-0.6010123	3.053778	0.1646235	-0.9056498	3.329974	-0.08362871	-0.9602942	3.000783	

0.3261315	-0.08531249	3.061501	-0.1816974	-0.1232124	3.01374	0.3332817	-0.2245221	3.052232	-0.1836029	-0.2654764	3.015918	0.3524912	-0.1566177	3.034171	-0.1117287	-0.1987473	2.998411	0.0740544	0.6828338	2.971264	0.060972	0.5371525	3.017124	0.06401534	0.457817	3.031602	0.07295602	0.2150121	3.065365	0.08420656	-0.1156263	3.100462	0.2470611	0.4386779	3.058182	-0.1155792	0.427127	3.007812	0.1658079	-0.1114215	3.06952	0.0002375689	-0.1168242	3.052587	0.3110031	0.1653918	3.09759	-0.1654453	0.1273694	3.049708	0.171971	-0.5164405	3.230892	-0.05150961	-0.6025716	3.05387	0.16472	-0.9046596	3.329722	-0.08346336	-0.9592441	3.0009	

0.3261717	-0.08571967	3.061206	-0.1827861	-0.1231262	3.014538	0.3318937	-0.2254173	3.038475	-0.1861663	-0.2743479	3.027571	0.3528074	-0.1668551	3.023571	-0.1135131	-0.1932919	3.003321	0.07385343	0.6828952	2.971321	0.06060663	0.537196	3.017416	0.06368995	0.4578605	3.031883	0.07275716	0.2150424	3.065586	0.08417321	-0.1156172	3.100572	0.2470127	0.4387061	3.057989	-0.1158358	0.4270949	3.008274	0.1657946	-0.1114194	3.069571	0.0001927244	-0.1168092	3.052748	0.3112102	0.1649449	3.097312	-0.1657571	0.1273482	3.050562	0.1718453	-0.5164655	3.230972	-0.05163283	-0.6125671	3.054899	0.1653252	-0.904358	3.330009	-0.08347142	-0.9597802	3.000968	

0.3261743	-0.08551264	3.060984	-0.1834507	-0.1233238	3.015371	0.3312062	-0.225931	3.048634	-0.1868145	-0.2830555	3.037868	0.3527663	-0.1593465	3.032759	-0.1213471	-0.2336393	3.0052	0.07375099	0.6829134	2.971316	0.06044707	0.537192	3.017349	0.06353003	0.4578586	3.031857	0.07256096	0.2150387	3.065669	0.08394698	-0.1156306	3.100845	0.2469543	0.4388221	3.057509	-0.1158354	0.4270967	3.008279	0.1656076	-0.1114539	3.069765	-3.977878E-05	-0.1168011	3.053072	0.3111169	0.1651296	3.096899	-0.165924	0.1270937	3.051224	0.1720606	-0.5151246	3.230545	-0.05150015	-0.6161564	3.055243	0.1652377	-0.9042599	3.329906	-0.08339527	-0.9619027	3.000263	

0.3266886	-0.08562686	3.060047	-0.1847813	-0.1233809	3.015318	0.341667	-0.2261466	3.046663	-0.1966609	-0.28346	3.033794	0.3583519	-0.131894	3.033476	-0.1192465	-0.2048892	3.005792	0.07348988	0.6830183	2.971227	0.0603711	0.537257	3.01739	0.06344702	0.4579391	3.031902	0.07246898	0.2151601	3.065716	0.08388902	-0.1154641	3.100866	0.2469628	0.43887	3.05713	-0.1159086	0.4271478	3.00839	0.1655432	-0.1110214	3.069574	-0.0001032764	-0.1167383	3.053209	0.3111959	0.1649129	3.09654	-0.1662543	0.1268836	3.051789	0.1716806	-0.5164675	3.2316	-0.05164085	-0.6170579	3.05483	0.1651419	-0.9043719	3.329607	-0.08300237	-0.9616128	3.000395	

0.3270432	-0.08539166	3.058195	-0.1905523	-0.123467	3.015049	0.3431912	-0.2267524	3.034578	-0.2067806	-0.2811723	3.025364	0.3624333	-0.1199024	3.027412	-0.1266202	-0.2319389	3.018125	0.07287349	0.6831507	2.970717	0.06037746	0.5373304	3.017424	0.06344464	0.4580089	3.031947	0.07244282	0.2152161	3.065789	0.08385355	-0.1154348	3.100963	0.2463671	0.4391294	3.055105	-0.1159828	0.4272614	3.008508	0.1655395	-0.1110096	3.069592	-0.0001851697	-0.1167079	3.053439	0.3112183	0.1649695	3.096474	-0.1671381	0.1262028	3.053404	0.1713486	-0.5173712	3.23231	-0.0513	-0.6188737	3.055091	0.1650865	-0.9045866	3.329643	-0.08274654	-0.9617747	3.000154	

0.3385866	-0.08383537	3.048648	-0.2170127	-0.1233803	3.006126	0.378284	-0.2225896	3.038011	-0.2508737	-0.2839286	3.014347	0.3859532	-0.1210177	3.018944	-0.1933655	-0.2021311	2.991072	0.07250015	0.6831666	2.970362	0.06061141	0.5373086	3.016862	0.06362958	0.4580118	3.031571	0.07252695	0.2152446	3.06573	0.08398356	-0.1153508	3.10109	0.246589	0.4390681	3.054389	-0.1157973	0.4279167	3.008727	0.1656954	-0.1109304	3.069636	-5.935485E-05	-0.1166248	3.053673	0.312823	0.1646195	3.096551	-0.1737869	0.1219425	3.05783	0.1710972	-0.5162628	3.231687	-0.05147262	-0.6195359	3.054993	0.1648428	-0.9051026	3.330585	-0.08293173	-0.9619702	3.000114	

0.40553	-0.06590997	3.025594	-0.2846506	-0.1055743	2.984399	0.4459998	-0.2129853	3.012178	-0.34217	-0.2554663	2.955811	0.4541852	-0.1374628	3.001364	-0.2711433	-0.1678039	2.953182	0.07195494	0.6831869	2.96969	0.06107804	0.5373561	3.015923	0.06398162	0.4581003	3.030788	0.07263031	0.2154025	3.065317	0.08393044	-0.1151364	3.100924	0.2470595	0.4388052	3.051917	-0.1158181	0.4282944	3.008698	0.1657037	-0.1106385	3.069281	-0.0001375568	-0.1164795	3.053616	0.3317273	0.1683782	3.094325	-0.219806	0.1439	3.054042	0.1708851	-0.516416	3.231733	-0.05136398	-0.6196857	3.054797	0.1649502	-0.9052882	3.330407	-0.08338265	-0.9619232	3.000066	

0.4140518	-0.0616031	3.022445	-0.2972513	-0.1019161	2.981361	0.468207	-0.2043545	3.009006	-0.3618758	-0.2481786	2.948764	0.4674944	-0.1132483	2.998	-0.2873529	-0.1875991	2.9573	0.07150257	0.6829714	2.968971	0.06152884	0.5372621	3.015195	0.06433637	0.4580652	3.030143	0.07275544	0.2154972	3.064896	0.08387445	-0.1149132	3.100667	0.247389	0.4390397	3.050414	-0.1157632	0.4284284	3.008682	0.1657704	-0.110189	3.068569	-0.0002221002	-0.1163979	3.053575	0.3403419	0.1725033	3.091992	-0.221916	0.1445721	3.051517	0.1709538	-0.5156083	3.231283	-0.05121808	-0.6201503	3.054263	0.1649075	-0.9055068	3.330388	-0.08447473	-0.9630409	2.999243	

0.4636377	-0.04129911	2.996188	-0.3427825	-0.07387553	2.958961	0.5164131	-0.1924181	2.98692	-0.4128892	-0.2294652	2.935476	0.5114772	-0.0976221	2.972563	-0.3358135	-0.1611656	2.92075	0.07024524	0.6817703	2.964471	0.06104409	0.5373648	3.011959	0.06375767	0.4582196	3.027359	0.07196636	0.2157684	3.063266	0.08288388	-0.1145289	3.100034	0.2484722	0.4389133	3.044677	-0.1158367	0.4312218	3.006538	0.165095	-0.1101825	3.067995	-0.001603287	-0.1155577	3.052896	0.3662234	0.1804458	3.077472	-0.2423521	0.1530992	3.034471	0.1705155	-0.5147198	3.230524	-0.0528722	-0.6191515	3.046399	0.1644925	-0.9050186	3.33036	-0.08492024	-0.9632959	2.998503	

0.4638758	-0.04189776	2.995959	-0.3427504	-0.07390229	2.958876	0.5186477	-0.1844052	2.976518	-0.4178745	-0.2291512	2.921453	0.5128348	-0.09118421	2.962812	-0.3358092	-0.1611636	2.920716	0.06937045	0.6809317	2.960431	0.06055984	0.5374354	3.00933	0.06322493	0.4583284	3.025081	0.07132727	0.2159679	3.061967	0.08218011	-0.1142564	3.099661	0.2488242	0.439046	3.04127	-0.1161211	0.4324193	3.004314	0.1646412	-0.1101423	3.067561	-0.002605773	-0.1150378	3.052627	0.3676917	0.1807138	3.076295	-0.2439319	0.1532382	3.033315	0.1693444	-0.5135637	3.229313	-0.05460014	-0.6146599	3.040264	0.1640893	-0.9049835	3.33034	-0.0852434	-0.9633703	2.997967	

0.4632079	-0.04334124	2.994599	-0.3408728	-0.07690874	2.95515	0.5157499	-0.1922648	2.983217	-0.4072312	-0.2322583	2.918191	0.5059347	-0.0993526	2.953799	-0.3224927	-0.1737083	2.9162	0.06733869	0.6776987	2.949635	0.05959147	0.5360966	3.000797	0.06188302	0.457321	3.017527	0.06905385	0.2158048	3.057058	0.07885637	-0.1135745	3.097378	0.2479778	0.4386865	3.032121	-0.1172533	0.4333726	2.998071	0.1620367	-0.1100521	3.065241	-0.006589477	-0.1138186	3.050438	0.3681079	0.1807161	3.071985	-0.2458182	0.1524073	3.029714	0.1690777	-0.5080893	3.223509	-0.05691953	-0.6016444	3.030424	0.1637713	-0.9052117	3.330317	-0.08586236	-0.9621813	2.997227	

0.4518262	-0.05216111	2.991632	-0.337417	-0.08019687	2.951789	0.4933963	-0.2017258	2.990931	-0.3938537	-0.2451676	2.921095	0.4983453	-0.1324458	2.967833	-0.3124336	-0.1695042	2.919819	0.06272855	0.6767554	2.932893	0.05587979	0.5359303	2.989066	0.05773649	0.4572115	3.006515	0.06355761	0.2159574	3.048428	0.07160448	-0.1129461	3.092262	0.2450279	0.4374808	3.020289	-0.1212442	0.4326474	2.986911	0.1544456	-0.1103563	3.058978	-0.0132489	-0.1125195	3.046386	0.3640769	0.1767944	3.062593	-0.2456236	0.1520903	3.027318	0.1677438	-0.5006759	3.217017	-0.0616824	-0.6043988	3.025295	0.1633177	-0.9039942	3.330602	-0.08618179	-0.9621128	2.996882	

0.4452033	-0.05598072	2.990961	-0.3343381	-0.0837103	2.950369	0.4860424	-0.2036032	2.988233	-0.3918928	-0.2439603	2.906637	0.4832381	-0.1084264	2.968571	-0.3101171	-0.1718362	2.925	0.06074641	0.6764595	2.927678	0.05446388	0.5352898	2.984939	0.05609905	0.4567076	3.002626	0.06116667	0.215878	3.045312	0.06794342	-0.1123872	3.090423	0.2426945	0.4374018	3.014746	-0.1235121	0.4326419	2.982649	0.150897	-0.1103351	3.057194	-0.01688023	-0.1114584	3.044544	0.3589044	0.174702	3.057741	-0.245984	0.150636	3.025468	0.1645589	-0.5057597	3.217562	-0.06425725	-0.6019696	3.021394	0.1632919	-0.9034354	3.330546	-0.08652967	-0.9578857	2.997679	

0.4367065	-0.05943692	2.990474	-0.3333023	-0.08427009	2.949502	0.4738107	-0.2076014	2.98074	-0.3913119	-0.2452045	2.913524	0.4755808	-0.1320807	2.959381	-0.3111247	-0.1787465	2.9071	0.05952459	0.6757987	2.923902	0.05231602	0.5339152	2.97955	0.05387673	0.4556784	2.997426	0.05864801	0.2158684	3.040797	0.06505024	-0.1111135	3.087189	0.2403341	0.437727	3.011092	-0.1257459	0.4327099	2.979475	0.1482228	-0.1087322	3.053683	-0.01986638	-0.1105628	3.041613	0.3532786	0.1732302	3.053279	-0.2460635	0.1503162	3.02233	0.1635103	-0.5064224	3.21773	-0.06568855	-0.5978361	3.018069	0.1629848	-0.9013884	3.329634	-0.08685195	-0.95676	2.997373	

0.4204364	-0.0636503	2.988982	-0.3335317	-0.08696178	2.947377	0.4519786	-0.2138032	2.987054	-0.3940711	-0.2567978	2.916768	0.4573116	-0.1427344	2.955833	-0.3143738	-0.1803141	2.917899	0.05302107	0.6733882	2.909846	0.04468713	0.5336041	2.966389	0.04705839	0.4554712	2.985514	0.05397451	0.2159807	3.032499	0.06273189	-0.1106731	3.083295	0.2341168	0.4382097	3.002632	-0.1318105	0.4305467	2.969911	0.1459035	-0.1077123	3.049915	-0.02213009	-0.1107382	3.037572	0.3387238	0.1708773	3.045798	-0.2490842	0.1491512	3.015771	0.1592084	-0.5105689	3.216686	-0.06677525	-0.5988669	3.017909	0.1629498	-0.9012706	3.329556	-0.08673113	-0.9562672	2.996621	

0.414215	-0.06693269	2.987663	-0.3338327	-0.08891974	2.946073	0.4454495	-0.2195049	2.988621	-0.3962953	-0.2558088	2.917904	0.4501924	-0.142617	2.95325	-0.3164517	-0.1880948	2.912693	0.05068111	0.6724197	2.905838	0.04245111	0.5328525	2.963447	0.0447581	0.4546687	2.982547	0.05160267	0.2150925	3.029693	0.06064261	-0.1114611	3.081355	0.2302012	0.4380567	2.996622	-0.1353987	0.4294719	2.963745	0.1432349	-0.1087788	3.047393	-0.02363709	-0.1112777	3.036168	0.3358774	0.1690425	3.042991	-0.2509136	0.1476168	3.011057	0.156263	-0.5113211	3.215164	-0.06769104	-0.5993394	3.017169	0.1622956	-0.9010263	3.329624	-0.08666472	-0.9562984	2.996583	

0.4105324	-0.07166962	2.985309	-0.3345013	-0.09140065	2.94383	0.4439172	-0.2265656	2.993256	-0.3991038	-0.2565203	2.917188	0.4486331	-0.1474166	2.961385	-0.3162286	-0.1800827	2.915145	0.0482486	0.6714831	2.902306	0.04147657	0.5319643	2.960454	0.04362572	0.4539039	2.97948	0.04997635	0.2147451	3.026466	0.05835843	-0.1111366	3.078224	0.2285049	0.438603	2.994204	-0.1375349	0.4295954	2.961124	0.1405271	-0.1079647	3.043794	-0.02544683	-0.1113756	3.033514	0.3322557	0.1644561	3.039864	-0.2528874	0.1463886	3.008481	0.153965	-0.5133235	3.214568	-0.0683995	-0.5983665	3.016527	0.16227	-0.9013043	3.329512	-0.08666908	-0.9561924	2.996541	

0.3988456	-0.07525348	2.978992	-0.3353668	-0.0948981	2.939825	0.4268185	-0.225021	2.97263	-0.3930903	-0.2592426	2.915632	0.4311894	-0.1560455	2.945118	-0.3174229	-0.1933135	2.915444	0.04142118	0.6690532	2.892355	0.03380573	0.5277578	2.949752	0.03606127	0.4501528	2.969462	0.04280966	0.2122782	3.018466	0.05183824	-0.1121012	3.072826	0.2186411	0.4387338	2.982569	-0.1441086	0.4280055	2.951997	0.1343545	-0.1100113	3.03914	-0.03218752	-0.1111942	3.02731	0.3271566	0.1627858	3.034754	-0.2570969	0.1430239	3.002444	0.1511224	-0.5133691	3.211893	-0.07016201	-0.5932887	3.014088	0.1619024	-0.9004245	3.329035	-0.08687419	-0.9553688	2.996161	

0.389452	-0.08152905	2.973698	-0.3347566	-0.09687592	2.936397	0.4109076	-0.2334056	2.975274	-0.3818644	-0.2632256	2.925775	0.4210445	-0.1467339	2.942929	-0.3160893	-0.1832346	2.913555	0.03688424	0.6686521	2.882682	0.03052371	0.52681	2.945153	0.0326786	0.4491206	2.964825	0.03915882	0.2110396	3.013843	0.04794425	-0.1134609	3.068598	0.2168525	0.4377469	2.979447	-0.1485966	0.4256705	2.944355	0.1307375	-0.111427	3.035305	-0.03616436	-0.1124755	3.022788	0.3227823	0.1582756	3.027855	-0.2601591	0.1407708	2.998053	0.149097	-0.514775	3.210734	-0.07283171	-0.5995529	3.015205	0.1614526	-0.8991299	3.328562	-0.08601383	-0.9573916	2.995641	

0.3837	-0.08496827	2.969187	-0.3347566	-0.1023565	2.932009	0.3972735	-0.2339178	2.981283	-0.369617	-0.2651971	2.92078	0.4072123	-0.1274136	2.943833	-0.3130631	-0.2043637	2.908	0.03392601	0.6673359	2.877321	0.02861039	0.5261237	2.941366	0.03064761	0.4484468	2.96105	0.03676336	0.2104274	3.010137	0.0450244	-0.1139289	3.065096	0.2148394	0.4376389	2.975993	-0.1507205	0.425372	2.941677	0.1278031	-0.1117896	3.031771	-0.03895914	-0.1130581	3.019364	0.3185775	0.1555033	3.021983	-0.2639585	0.1351709	2.991926	0.1473134	-0.5157414	3.208941	-0.07315736	-0.6000062	3.015672	0.1609065	-0.8983096	3.327906	-0.08582573	-0.9578417	2.995644	

0.376962	-0.08670454	2.966021	-0.3302441	-0.1053392	2.930105	0.3871807	-0.2390773	2.981912	-0.3608809	-0.2677112	2.923729	0.4005143	-0.1611765	2.922125	-0.3053892	-0.2000339	2.90677	0.03154854	0.6667709	2.873484	0.02516504	0.5251798	2.935986	0.0273214	0.4476751	2.955883	0.03378377	0.2101522	3.005602	0.04245551	-0.113592	3.061387	0.2139041	0.4370517	2.97348	-0.1530169	0.4240093	2.93743	0.1247496	-0.1104541	3.026681	-0.04107107	-0.1134929	3.016737	0.3153715	0.1547574	3.0186	-0.2638915	0.1333697	2.990597	0.1459479	-0.5167555	3.206564	-0.07371236	-0.6002893	3.016089	0.1598231	-0.8976346	3.3273	-0.08595047	-0.9578525	2.995533	

0.3425292	-0.09958342	2.960449	-0.312327	-0.1171995	2.929287	0.3550932	-0.2336375	2.965529	-0.3275161	-0.2770137	2.92855	0.3712731	-0.1700453	2.943111	-0.2810265	-0.1954346	2.910143	0.02883834	0.6651353	2.867821	0.02172809	0.523923	2.931351	0.02396895	0.4463173	2.951393	0.03069619	0.2085306	3.001559	0.03972957	-0.1154606	3.057988	0.2095806	0.4361693	2.968309	-0.156298	0.4219325	2.931919	0.1223557	-0.1123937	3.024387	-0.04404979	-0.1152942	3.012144	0.3011231	0.1468536	3.009165	-0.2577599	0.1251536	2.986451	0.1442905	-0.5189953	3.203969	-0.07589546	-0.6044209	3.020694	0.1592502	-0.8990486	3.326359	-0.08601779	-0.9578993	2.995539	

0.3305955	-0.100215	2.96074	-0.2935632	-0.1306653	2.93484	0.3256388	-0.2404893	2.960319	-0.3018105	-0.2850884	2.945978	0.3486355	-0.1516608	2.937474	-0.2573987	-0.2094649	2.918462	0.02544055	0.6634791	2.864295	0.01990883	0.5215926	2.927315	0.02210637	0.4440695	2.947478	0.02872247	0.2065406	2.998015	0.03764147	-0.1170915	3.054968	0.2066442	0.4351298	2.964213	-0.1581668	0.4209647	2.929517	0.1198573	-0.1145967	3.021372	-0.04566979	-0.1164227	3.009271	0.2917369	0.1474491	3.003653	-0.2435709	0.1138804	2.984808	0.1434362	-0.5191206	3.200639	-0.07867415	-0.605984	3.023666	0.1590676	-0.8990093	3.325619	-0.08660246	-0.9576244	2.995785	

0.3191022	-0.1019303	2.957855	-0.2876259	-0.1328472	2.935814	0.3108935	-0.2459537	2.9647	-0.2937854	-0.286847	2.936313	0.3394834	-0.1718308	2.938923	-0.2458757	-0.2168108	2.9225	0.0239492	0.6624674	2.861661	0.01782328	0.5206292	2.924408	0.02021691	0.4430969	2.944785	0.02737087	0.2055646	2.995919	0.0368732	-0.1180162	3.053562	0.2047527	0.4347243	2.962151	-0.1597396	0.4201318	2.92847	0.1188006	-0.1156418	3.019683	-0.04614563	-0.1172194	3.008188	0.2871293	0.1466459	3.001641	-0.2400533	0.1124617	2.983963	0.1428816	-0.5186957	3.198767	-0.08079632	-0.6038418	3.026214	0.159004	-0.8990237	3.325392	-0.08731784	-0.9563935	2.996874	

0.3035976	-0.1019872	2.957621	-0.2742184	-0.1360248	2.939251	0.2868997	-0.2544493	2.968708	-0.2803732	-0.2838093	2.952322	0.3191021	-0.1615294	2.938421	-0.2374718	-0.2342473	2.926111	0.02156285	0.6608725	2.858557	0.01467508	0.5193452	2.920714	0.01725484	0.4418612	2.941402	0.02497583	0.2044806	2.993428	0.03520516	-0.1188783	3.05212	0.2031128	0.4342021	2.960197	-0.1615231	0.4186027	2.92582	0.1167602	-0.1166304	3.018235	-0.04739832	-0.1179582	3.006826	0.2801326	0.1480487	2.997527	-0.236301	0.1115538	2.983352	0.1425878	-0.5194966	3.198262	-0.08185702	-0.6031941	3.026641	0.1591051	-0.8998578	3.32497	-0.08749275	-0.9557418	2.99751	

0.2865186	-0.09905114	2.958629	-0.2683326	-0.1368242	2.94247	0.2729627	-0.2619776	2.979766	-0.2751103	-0.2890134	2.958073	0.2829274	-0.194102	2.915516	-0.2226479	-0.2000343	2.94625	0.01837525	0.6589271	2.852307	0.01233661	0.5191224	2.917285	0.01498214	0.4415643	2.938137	0.02293691	0.2039785	2.990682	0.03354449	-0.1195879	3.050125	0.199646	0.433764	2.955145	-0.1634858	0.4179863	2.923517	0.114783	-0.1172753	3.016171	-0.04868599	-0.1187186	3.004953	0.2701446	0.152359	2.990495	-0.2326237	0.1116558	2.981808	0.1423282	-0.5195833	3.196638	-0.08292603	-0.602909	3.026977	0.1589888	-0.8999016	3.325037	-0.08864938	-0.9553802	2.99818	

0.2804004	-0.09934404	2.958768	-0.2654932	-0.1381873	2.94348	0.2647667	-0.2619638	2.979484	-0.2727613	-0.2887164	2.96545	0.2635464	-0.1994562	2.916348	-0.2624932	-0.2272319	2.903	0.01600534	0.6574377	2.848643	0.01092754	0.5186169	2.915991	0.01361097	0.4410317	2.93686	0.02169796	0.2033656	2.989481	0.0325203	-0.1202953	3.049096	0.1966779	0.4343087	2.950843	-0.1653994	0.416967	2.921297	0.1138017	-0.117881	3.015316	-0.04969637	-0.1195248	3.003767	0.2673047	0.1524573	2.988108	-0.2313217	0.1106948	2.981066	0.1418662	-0.5196592	3.194859	-0.08426378	-0.6020052	3.026968	0.158899	-0.8995647	3.324786	-0.08912313	-0.9551987	2.998127	

0.2755876	-0.09685212	2.957785	-0.2653893	-0.1401353	2.943714	0.2653448	-0.2577416	2.971231	-0.2740148	-0.298116	2.96807	0.2937446	-0.1586603	2.934209	-0.2312975	-0.2430853	2.941125	0.01212226	0.6554241	2.844796	0.006005189	0.5164151	2.909987	0.008820002	0.4388426	2.931102	0.01733261	0.2012138	2.984468	0.02877579	-0.1223864	3.04511	0.1928452	0.4341977	2.947328	-0.1706509	0.413817	2.914174	0.1098901	-0.1200774	3.011622	-0.05314561	-0.1214724	2.999528	0.2601093	0.1550673	2.982846	-0.2308251	0.1089765	2.978208	0.1413792	-0.5216991	3.1941	-0.08572286	-0.6002104	3.026097	0.1585255	-0.9010673	3.325036	-0.08943031	-0.9543971	2.998324	

0.2706389	-0.09840678	2.954038	-0.2657843	-0.1421906	2.943799	0.2646354	-0.2618387	2.978055	-0.2839271	-0.2967107	2.965744	0.2887691	-0.1874276	2.928824	-0.197387	-0.1919461	2.932445	-0.0008161625	0.6523958	2.829561	-0.00407297	0.5147798	2.8953	-0.001311944	0.4371576	2.916525	0.007106382	0.1993479	2.970281	0.01855621	-0.124548	3.031615	0.1811095	0.4323736	2.931712	-0.1808355	0.4102429	2.900666	0.1003035	-0.1221485	2.99944	-0.06369652	-0.1236763	2.984719	0.2504866	0.1533879	2.973029	-0.2344857	0.1080479	2.968045	0.1373025	-0.524995	3.190277	-0.09064712	-0.5947335	3.021605	0.158224	-0.9011155	3.324976	-0.09112351	-0.9529805	2.998596	

0.2682282	-0.1010861	2.948861	-0.2699763	-0.1499919	2.940786	0.2708653	-0.2601076	2.967338	-0.2887529	-0.3053493	2.959642	0.3021659	-0.1324743	2.925588	-0.2032729	-0.2183334	2.92425	-0.008984244	0.6502327	2.823317	-0.01266318	0.5122114	2.88768	-0.009850558	0.4346778	2.908235	-0.001314242	0.1971193	2.959745	0.01024767	-0.1264619	3.017453	0.1748925	0.4326531	2.925294	-0.1876356	0.4083506	2.889903	0.09253649	-0.1244221	2.985273	-0.07232281	-0.125175	2.970608	0.2452951	0.1504952	2.965832	-0.2418531	0.1008639	2.954391	0.1327642	-0.5276972	3.179135	-0.1027088	-0.5807976	3.009694	0.1576422	-0.9025088	3.323663	-0.09309258	-0.9482546	2.999564	

0.2698254	-0.1063914	2.939704	-0.27821	-0.1545206	2.928003	0.2783478	-0.2595179	2.960668	-0.3012029	-0.3081199	2.953158	0.2979598	-0.1813812	2.904955	-0.2120734	-0.2312378	2.913308	-0.02090789	0.6485564	2.81316	-0.02226045	0.5101608	2.878403	-0.01941913	0.4324295	2.898119	-0.0106878	0.1942052	2.947037	0.001379357	-0.1304524	3.00127	0.1653242	0.4311039	2.916923	-0.1999483	0.4039021	2.874615	0.08451764	-0.1281586	2.97046	-0.08183996	-0.1293081	2.953012	0.2392685	0.1443164	2.957344	-0.2495754	0.09626186	2.94117	0.126862	-0.5373663	3.163692	-0.1052118	-0.5830945	3.005848	0.1566095	-0.9045588	3.322467	-0.09402861	-0.9474682	2.999575	

0.2697823	-0.1074249	2.933002	-0.2880423	-0.1558872	2.916891	0.2801194	-0.2570406	2.940208	-0.3034891	-0.3115614	2.953012	0.308892	-0.1309593	2.911444	-0.2176472	-0.2152883	2.913615	-0.02588212	0.6481825	2.809263	-0.03022196	0.5086841	2.870635	-0.02680648	0.4310583	2.890474	-0.01640295	0.1931485	2.939938	-0.002377844	-0.1311162	2.995186	0.1594922	0.4307125	2.912245	-0.2040626	0.4035027	2.869171	0.08076409	-0.1291679	2.964318	-0.08548651	-0.1296087	2.947016	0.2365748	0.1428689	2.953304	-0.2541471	0.09418422	2.933447	0.1242781	-0.5388337	3.15571	-0.108147	-0.5812771	3.002777	0.1556561	-0.9047117	3.322168	-0.0949569	-0.9465417	2.999586	

0.270871	-0.1099538	2.91782	-0.2997482	-0.1597949	2.892835	0.2791165	-0.2603318	2.922188	-0.313992	-0.3096865	2.905914	0.3056256	-0.1398743	2.8924	-0.2710518	-0.2425936	2.881077	-0.03725509	0.6478648	2.799556	-0.03860514	0.5073804	2.861428	-0.03519522	0.4296127	2.880648	-0.02468824	0.191254	2.928226	-0.01026134	-0.1336479	2.980958	0.1495916	0.4296392	2.903393	-0.2162251	0.3994014	2.856612	0.07332768	-0.1314469	2.9521	-0.09359074	-0.1323178	2.930641	0.2317639	0.1391585	2.944935	-0.2652093	0.09003137	2.915033	0.1208091	-0.5594426	3.145283	-0.1118274	-0.5828279	2.999189	0.1550014	-0.9096484	3.322197	-0.09576011	-0.946915	2.999027	

0.2665602	-0.1107387	2.907027	-0.3035055	-0.1615854	2.886191	0.276958	-0.2597513	2.917665	-0.3144312	-0.3111464	2.891786	0.2826699	-0.1887904	2.85315	-0.2323626	-0.1783814	2.894833	-0.04316002	0.6477717	2.795785	-0.04487938	0.5072586	2.856109	-0.04107452	0.4294664	2.875204	-0.02943283	0.1910435	2.922458	-0.01363361	-0.1339251	2.974823	0.1418075	0.4294163	2.897046	-0.2222097	0.399195	2.851763	0.0700473	-0.1315638	2.946628	-0.09693939	-0.1327471	2.923914	0.2271017	0.1380243	2.9386	-0.2691135	0.08817989	2.910233	0.1196458	-0.5626395	3.141118	-0.1151937	-0.5793906	2.996038	0.15413	-0.9110286	3.321477	-0.09589362	-0.9467459	2.999888	

0.2600141	-0.1129647	2.888806	-0.3143741	-0.1643898	2.858086	0.2665364	-0.2587332	2.891235	-0.3227389	-0.3139447	2.866277	0.2933621	-0.1409462	2.87	-0.2839588	-0.2338645	2.83535	-0.05682737	0.6467108	2.785223	-0.058342	0.5070304	2.844488	-0.0537409	0.4290587	2.863678	-0.03973173	0.1901274	2.911295	-0.02098783	-0.1354346	2.964258	0.1288514	0.4253367	2.882195	-0.2352563	0.3978552	2.833706	0.06193312	-0.1326007	2.934953	-0.1033937	-0.1346155	2.914463	0.217606	0.134895	2.925174	-0.2836966	0.08551382	2.88843	0.1163085	-0.5605404	3.112165	-0.1188952	-0.5820094	2.993405	0.1546973	-0.9103873	3.315787	-0.09715576	-0.9465643	2.999179	

0.2564358	-0.1122586	2.882531	-0.3178323	-0.1640122	2.849499	0.2600567	-0.2659062	2.892668	-0.3245041	-0.309504	2.843094	0.2736026	-0.1878631	2.833924	-0.2807736	-0.1962037	2.842546	-0.06291814	0.6478697	2.777543	-0.06283177	0.5070726	2.839413	-0.05817947	0.4290169	2.858626	-0.04389945	0.1898164	2.906362	-0.02455978	-0.136113	2.959612	0.1236935	0.4249217	2.877534	-0.2409763	0.3959898	2.829507	0.05895022	-0.1327241	2.93149	-0.1074961	-0.1359699	2.908487	0.2125727	0.1352482	2.91996	-0.2864024	0.085486	2.883802	0.1171601	-0.5609491	3.107698	-0.1216949	-0.5835994	2.991936	0.1549599	-0.9096599	3.312305	-0.09801424	-0.9486006	2.998428	

0.2414858	-0.1133508	2.864311	-0.3254534	-0.1657667	2.820445	0.2457244	-0.2662537	2.871248	-0.3262195	-0.3117786	2.817354	0.2511147	-0.1975583	2.810125	-0.2893034	-0.2563291	2.802636	-0.0734657	0.6469406	2.767666	-0.07648466	0.5049719	2.825402	-0.07131048	0.426957	2.844966	-0.05539058	0.1878488	2.893739	-0.0337907	-0.1380046	2.948353	0.1135292	0.4220683	2.86822	-0.2505831	0.3931611	2.816761	0.05074048	-0.1341002	2.921365	-0.1174287	-0.1382792	2.89628	0.200335	0.1343066	2.904979	-0.2954808	0.08228769	2.868811	0.1120231	-0.5282775	3.054477	-0.1256806	-0.5811431	2.987743	0.1527905	-0.8844309	3.28791	-0.09821405	-0.9482468	2.99836	

0.2247759	-0.1140577	2.848605	-0.3290721	-0.1663021	2.807896	0.2272877	-0.2697319	2.856243	-0.3256579	-0.3172082	2.79872	0.2357401	-0.1865414	2.789438	-0.2850013	-0.1668825	2.814	-0.08314916	0.6459355	2.759425	-0.09112287	0.5032939	2.812951	-0.08493783	0.4253814	2.833122	-0.06606035	0.186546	2.883649	-0.04085095	-0.1390068	2.94043	0.101195	0.4213324	2.856604	-0.2600058	0.3911097	2.80644	0.04259092	-0.1341452	2.91266	-0.1233436	-0.1400718	2.889083	0.1879161	0.1338995	2.892687	-0.3038177	0.08218626	2.857087	0.1119086	-0.5311853	3.052391	-0.1305646	-0.580453	2.984437	0.1549286	-0.8888473	3.283261	-0.09987845	-0.9452661	2.998189	

0.21696	-0.1148444	2.8418	-0.3315584	-0.1708079	2.802116	0.215124	-0.2755353	2.846011	-0.3292459	-0.3161216	2.785477	0.2451358	-0.1666766	2.821909	-0.2935275	-0.2399208	2.772687	-0.09053527	0.6448585	2.753281	-0.09565455	0.5019968	2.807936	-0.08949851	0.4241152	2.828195	-0.07053347	0.1853884	2.879065	-0.04479319	-0.1399822	2.936489	0.09679624	0.4204042	2.853127	-0.266822	0.3897687	2.801929	0.03855353	-0.1346104	2.908272	-0.1270465	-0.1415144	2.885608	0.182259	0.1331729	2.887894	-0.309194	0.07831471	2.848821	0.110751	-0.5337747	3.048027	-0.1336695	-0.580363	2.982142	0.1549353	-0.8894618	3.281495	-0.1009258	-0.9448016	2.998409	

0.1996825	-0.1169025	2.830156	-0.3356422	-0.1685948	2.791873	0.2011226	-0.2766322	2.837712	-0.3274693	-0.3239988	2.789926	0.2168647	-0.1864177	2.7815	-0.296768	-0.2428816	2.757334	-0.1006167	0.6431227	2.744051	-0.1025942	0.5008366	2.801718	-0.09674801	0.4228609	2.821911	-0.07865336	0.183831	2.872597	-0.05388502	-0.1419754	2.929828	0.08641916	0.4181644	2.844456	-0.2758415	0.3883468	2.791174	0.02887814	-0.13568	2.902021	-0.1353244	-0.144404	2.878565	0.1712023	0.1316188	2.878518	-0.3163562	0.08073317	2.839188	0.1079927	-0.5327033	3.038847	-0.1381904	-0.5814129	2.97956	0.1540738	-0.8854889	3.276053	-0.1010653	-0.9448507	2.998478	

0.193237	-0.1183244	2.82718	-0.3382224	-0.1697685	2.786431	0.1932493	-0.2828853	2.83653	-0.3309051	-0.3224979	2.77853	0.2105387	-0.2052042	2.782286	-0.2957247	-0.2425345	2.763064	-0.1067924	0.6432093	2.738662	-0.1087587	0.5007301	2.796962	-0.102916	0.4227227	2.817067	-0.08476922	0.1835901	2.867485	-0.0598298	-0.1423689	2.924336	0.0805754	0.4183249	2.84079	-0.2828006	0.3871489	2.787356	0.02344847	-0.1354774	2.896581	-0.1415863	-0.1454169	2.873066	0.165259	0.1306296	2.872891	-0.3196334	0.07951102	2.834471	0.106622	-0.5321615	3.03486	-0.1431375	-0.5786003	2.974417	0.1562964	-0.8840492	3.272634	-0.1011796	-0.944838	2.998696	

0.1883473	-0.1188393	2.822385	-0.3392002	-0.1717036	2.782155	0.1908363	-0.2756329	2.826768	-0.3309609	-0.3230522	2.776423	0.2077159	-0.2252338	2.786556	-0.3017568	-0.2430923	2.754044	-0.113085	0.6420221	2.73527	-0.1120723	0.5000997	2.79423	-0.106283	0.4221185	2.814245	-0.08827481	0.1830678	2.864382	-0.0634842	-0.1427768	2.920823	0.07647114	0.4183369	2.83751	-0.2883475	0.3859517	2.783838	0.01914069	-0.1352883	2.892576	-0.1445559	-0.1463234	2.87	0.1605891	0.1299649	2.869402	-0.3230582	0.07777826	2.830033	0.1067582	-0.53835	3.033486	-0.1456247	-0.5788681	2.97238	0.1593951	-0.8887335	3.272682	-0.1013367	-0.9447355	2.998632	

0.1757894	-0.1227236	2.810745	-0.3463098	-0.1715179	2.777547	0.1760711	-0.2818554	2.817853	-0.3453819	-0.3223213	2.770414	0.1909848	-0.1975063	2.76585	-0.3082789	-0.2539462	2.7547	-0.1271206	0.6412433	2.727763	-0.1249319	0.4995486	2.785092	-0.1189352	0.4214495	2.804944	-0.100262	0.1820272	2.854583	-0.07455169	-0.1443482	2.910316	0.06129733	0.4171762	2.827529	-0.2990493	0.3859061	2.775587	0.008076173	-0.1363464	2.882051	-0.1551914	-0.1483845	2.859623	0.1430197	0.1313372	2.855854	-0.3317648	0.07852642	2.822103	0.1037643	-0.5548252	3.033136	-0.1504714	-0.5779482	2.96896	0.1622678	-0.9011763	3.276383	-0.1017329	-0.943938	2.998508	

0.1704857	-0.1263977	2.806021	-0.3553033	-0.173803	2.773904	0.1778702	-0.28934	2.818049	-0.3543122	-0.3311507	2.781071	0.1853895	-0.2083559	2.762069	-0.3225889	-0.2522629	2.760072	-0.1339827	0.6406937	2.721959	-0.1337512	0.4963296	2.777801	-0.1276213	0.4183857	2.797757	-0.1084896	0.1794188	2.847715	-0.08208486	-0.1463777	2.90389	0.05518952	0.4134126	2.822284	-0.3090221	0.3831115	2.771994	0.001409667	-0.1381556	2.875909	-0.1634193	-0.1506049	2.852909	0.1383538	0.1275978	2.852628	-0.3432163	0.07684402	2.81461	0.1011251	-0.5609774	3.029209	-0.1538192	-0.5760727	2.966408	0.1593346	-0.9059769	3.274267	-0.1022982	-0.9434933	2.997849	

0.1676206	-0.1291177	2.803895	-0.3621039	-0.1737112	2.774493	0.1777978	-0.2892125	2.816849	-0.3628865	-0.3302137	2.780142	0.1835118	-0.189745	2.759063	-0.3297037	-0.2524119	2.757769	-0.1384981	0.6406107	2.71975	-0.136816	0.4958243	2.776284	-0.1305569	0.4178678	2.796271	-0.1110324	0.1788708	2.846321	-0.0841153	-0.1469475	2.90262	0.05175732	0.4136853	2.82084	-0.313793	0.3807845	2.769954	-0.001040414	-0.1382884	2.87412	-0.165089	-0.1515386	2.85204	0.1350393	0.1260265	2.85044	-0.3462465	0.07696056	2.812798	0.09900407	-0.56354	3.026934	-0.1560694	-0.5783406	2.966388	0.1559058	-0.9080784	3.272868	-0.1025004	-0.9441901	2.997584	

0.1646962	-0.1305656	2.801992	-0.3716063	-0.174879	2.774882	0.1782922	-0.2888768	2.812257	-0.3818281	-0.3245819	2.779685	0.1919195	-0.2141611	2.771647	-0.345395	-0.2464029	2.765295	-0.1421995	0.6409103	2.718397	-0.1400028	0.4961239	2.773995	-0.1337919	0.4180784	2.794126	-0.1144133	0.1788158	2.84458	-0.08771334	-0.1473553	2.901376	0.04650591	0.4130492	2.81655	-0.3170856	0.3809539	2.767715	-0.004630259	-0.1387059	2.872663	-0.1685113	-0.1519391	2.851053	0.1308141	0.1234619	2.846471	-0.3495497	0.07539921	2.811956	0.09240864	-0.5633784	3.022289	-0.1576494	-0.5782224	2.966031	0.1535133	-0.905748	3.270113	-0.1025646	-0.9442298	2.997284	

0.1629519	-0.1324708	2.80025	-0.3767934	-0.1737635	2.776643	0.1748094	-0.2883247	2.80935	-0.3872058	-0.3306539	2.792618	0.188637	-0.2100691	2.771832	-0.3522315	-0.2509434	2.764143	-0.1449122	0.641112	2.716793	-0.1414906	0.4960826	2.773278	-0.1352817	0.418084	2.793506	-0.1159178	0.1789573	2.844234	-0.08927588	-0.147024	2.901383	0.04435959	0.4136743	2.814793	-0.3197342	0.3804075	2.766817	-0.006342782	-0.1381664	2.872572	-0.1698831	-0.1518093	2.851162	0.1290492	0.1238529	2.844293	-0.353475	0.07651708	2.812424	0.07667873	-0.5210428	2.982213	-0.1585403	-0.5779372	2.966349	0.1424193	-0.8601971	3.233361	-0.1025967	-0.9441987	2.997296	

0.1622898	-0.1330178	2.800072	-0.3833107	-0.1734964	2.778566	0.1718089	-0.2902299	2.811683	-0.3936497	-0.3239779	2.792581	0.1886436	-0.2131487	2.774408	-0.3576446	-0.2505496	2.770062	-0.1468343	0.6421578	2.715954	-0.1424683	0.4966517	2.77308	-0.1362337	0.4186048	2.793395	-0.1168115	0.1793554	2.844371	-0.09014951	-0.1467489	2.901861	0.04213682	0.4142625	2.81232	-0.3213571	0.381	2.766639	-0.0071795	-0.1376764	2.872777	-0.1708542	-0.1517726	2.852021	0.1280573	0.1240221	2.843042	-0.3579018	0.07665314	2.813357	0.07667309	-0.5210493	2.982213	-0.1598175	-0.5840235	2.970028	0.1405513	-0.8592368	3.235024	-0.1011602	-0.9497427	2.996076	

0.1615028	-0.1332211	2.799651	-0.3903361	-0.1743927	2.781062	0.1719703	-0.2842609	2.805429	-0.401736	-0.3184297	2.792815	0.1889739	-0.1994003	2.776262	-0.35943	-0.2235769	2.79	-0.1483585	0.6429278	2.715373	-0.1437193	0.4975331	2.773573	-0.137402	0.4194283	2.794013	-0.1177792	0.1800475	2.845407	-0.09087951	-0.1461756	2.903693	0.04107696	0.4147651	2.81099	-0.322813	0.3814272	2.76807	-0.007660508	-0.1370693	2.873884	-0.1718328	-0.1513297	2.854782	0.1270566	0.1244327	2.840949	-0.3605255	0.07519633	2.816234	0.07750311	-0.5305178	2.988723	-0.1605043	-0.5818228	2.97008	0.1389372	-0.8660954	3.245263	-0.1007125	-0.9545126	2.994716	

0.1612603	-0.1335438	2.799111	-0.3935843	-0.174036	2.783217	0.1725476	-0.2896959	2.80655	-0.3980328	-0.323943	2.798821	0.1940908	-0.221844	2.7812	-0.3639134	-0.2506515	2.779215	-0.1490295	0.6431305	2.71595	-0.144022	0.4976189	2.774014	-0.1377763	0.4195582	2.794638	-0.1183799	0.1803537	2.846784	-0.09176105	-0.1455407	2.906445	0.04035416	0.4149817	2.810119	-0.3233224	0.3821351	2.770047	-0.008201818	-0.1365424	2.875597	-0.1730343	-0.150628	2.85869	0.1269369	0.1244226	2.84066	-0.3616178	0.0751395	2.819767	0.07806818	-0.535448	2.993528	-0.1601623	-0.5816778	2.972087	0.139243	-0.8692269	3.252283	-0.1008716	-0.9541724	2.995285	

0.1611113	-0.133681	2.798728	-0.3965699	-0.176764	2.785997	0.1753032	-0.2881668	2.810474	-0.4022072	-0.3176114	2.796883	0.1914094	-0.2104614	2.774288	-0.3622767	-0.2469448	2.790555	-0.1494024	0.6434232	2.717204	-0.1441257	0.4977227	2.774334	-0.137901	0.4196916	2.795217	-0.1185028	0.1805483	2.848567	-0.09168543	-0.1453538	2.910586	0.0403496	0.4150656	2.810077	-0.3232516	0.3820089	2.772675	-0.008252439	-0.1364558	2.879117	-0.1727624	-0.1503311	2.863299	0.127163	0.1245171	2.840558	-0.3640681	0.07188624	2.826672	0.07823145	-0.5334918	2.996899	-0.1593442	-0.583289	2.976227	0.1388443	-0.8670275	3.256086	-0.1007581	-0.9540944	2.996082	

0.1617683	-0.1326084	2.79907	-0.3932844	-0.1722672	2.802324	0.1733201	-0.2894939	2.81144	-0.4018496	-0.3057161	2.809325	0.1943894	-0.2156484	2.77765	-0.3524099	-0.2255902	2.809	-0.1466143	0.6453609	2.72512	-0.1398374	0.5000626	2.782746	-0.133432	0.4219413	2.804819	-0.1135534	0.1823322	2.861734	-0.08631039	-0.1445438	2.928063	0.04256757	0.4155564	2.811687	-0.3176383	0.3857548	2.787889	-0.003711733	-0.1367353	2.892931	-0.1665927	-0.148228	2.884701	0.129413	0.1245374	2.84156	-0.3595226	0.07592342	2.845448	0.08753826	-0.5401042	3.043876	-0.1551551	-0.5895554	2.987233	0.1393444	-0.8866209	3.288452	-0.1006327	-0.9542599	2.996711	

0.162413	-0.1311039	2.799773	-0.3902318	-0.1709032	2.810206	0.1763897	-0.2898336	2.820106	-0.3974933	-0.3082693	2.821979	0.198659	-0.2042986	2.781609	-0.3527902	-0.2416787	2.807071	-0.1444066	0.6467898	2.730222	-0.1349553	0.5017971	2.789583	-0.1287286	0.4235483	2.811687	-0.1094166	0.1835954	2.868326	-0.08290713	-0.1436078	2.933814	0.04756733	0.4166586	2.815665	-0.3131106	0.3866695	2.794845	0.0005563305	-0.1354343	2.899589	-0.1641042	-0.1477265	2.889343	0.1322768	0.125215	2.842954	-0.354218	0.07688269	2.85393	0.08574802	-0.5455983	3.055033	-0.151559	-0.5929269	2.993774	0.1357505	-0.8928346	3.29897	-0.1006079	-0.9543045	2.996743	

0.1638986	-0.1294546	2.801394	-0.3850473	-0.1727207	2.819927	0.1742608	-0.2814158	2.819937	-0.3958975	-0.3022567	2.837985	0.1991024	-0.2127316	2.784329	-0.3455844	-0.2208098	2.819417	-0.1409376	0.6484281	2.7356	-0.1307655	0.5024973	2.79447	-0.124526	0.4241568	2.817134	-0.1051515	0.1839292	2.875575	-0.07857403	-0.143632	2.943732	0.05135289	0.4170489	2.819205	-0.3083035	0.3868961	2.801208	0.004736745	-0.136215	2.91006	-0.159799	-0.1471315	2.898542	0.1376591	0.1282135	2.846715	-0.3482045	0.07492401	2.863669	0.08668467	-0.5562214	3.078359	-0.1486168	-0.5924432	2.998198	0.1333852	-0.9096634	3.314387	-0.1015277	-0.9517297	2.999077	

0.165628	-0.1274987	2.803861	-0.3736195	-0.1734067	2.835589	0.1745503	-0.2833752	2.820171	-0.3819782	-0.3104182	2.850116	0.2101044	-0.1803514	2.811	-0.3327531	-0.1861525	2.84375	-0.1367271	0.649389	2.743244	-0.1267984	0.5043663	2.801034	-0.1206038	0.4258291	2.823706	-0.1013741	0.1850451	2.881972	-0.07499136	-0.1431562	2.949554	0.05750061	0.4179785	2.824594	-0.3040628	0.3873573	2.809617	0.008020828	-0.1359846	2.915302	-0.1560159	-0.1464366	2.904911	0.1418112	0.1299549	2.849329	-0.3419574	0.07579222	2.872046	0.08671498	-0.5617046	3.093649	-0.1463842	-0.5926924	3.000517	0.1285055	-0.9193311	3.32457	-0.101926	-0.9514576	2.999338	

0.1673871	-0.126231	2.80671	-0.3682829	-0.1719745	2.840673	0.1761874	-0.2833319	2.824752	-0.3779481	-0.3050781	2.861392	0.1949646	-0.1886921	2.785	-0.3255391	-0.2122747	2.846292	-0.1310148	0.6510928	2.749724	-0.1204202	0.5058558	2.806821	-0.1145916	0.4272535	2.82959	-0.09637842	0.1863163	2.888101	-0.07118751	-0.1420152	2.955942	0.06322709	0.4203639	2.829238	-0.2975534	0.3907509	2.818669	0.01179973	-0.1348666	2.921934	-0.1522999	-0.1453374	2.911008	0.146909	0.1317187	2.853519	-0.3333941	0.07639302	2.880837	0.08458411	-0.5642582	3.108768	-0.1437261	-0.5949404	3.003089	0.1255618	-0.9240772	3.32841	-0.1018835	-0.9514619	2.999347	

0.1709315	-0.1255162	2.812463	-0.3574977	-0.1733151	2.853745	0.177156	-0.2801348	2.830478	-0.3685158	-0.3054428	2.875114	0.2115885	-0.2128229	2.807286	-0.3238515	-0.2405178	2.849895	-0.1245631	0.6514503	2.758472	-0.112771	0.5063797	2.816721	-0.1075324	0.4278636	2.839164	-0.09102173	0.1871798	2.896668	-0.06784584	-0.140854	2.963179	0.0697888	0.4208735	2.835653	-0.292452	0.3913466	2.826135	0.01532671	-0.1341894	2.929524	-0.1492142	-0.1437629	2.917904	0.1533912	0.1353232	2.860195	-0.3281567	0.07648911	2.886721	0.08368922	-0.5674309	3.128989	-0.1418528	-0.5956966	3.004453	0.1219028	-0.9201502	3.331785	-0.1019766	-0.9494097	3.00023	

0.1812017	-0.1223274	2.828173	-0.3341514	-0.1724009	2.879992	0.1827819	-0.2789486	2.846054	-0.3405753	-0.3111481	2.908874	0.220467	-0.2167025	2.82475	-0.2979374	-0.223924	2.884063	-0.1095286	0.6540291	2.775868	-0.1025486	0.5093089	2.830668	-0.09676358	0.430921	2.853847	-0.07871683	0.1906683	2.913539	-0.05377386	-0.1366853	2.982836	0.08255038	0.42473	2.852881	-0.2795363	0.3940425	2.844827	0.02926734	-0.1311571	2.94874	-0.1353916	-0.1385708	2.937979	0.1642416	0.141411	2.875063	-0.3119146	0.07867398	2.905405	0.08978691	-0.5680805	3.172712	-0.136248	-0.5921265	3.009638	0.1201525	-0.9154019	3.334526	-0.1017581	-0.9479371	3.001702	

0.1861268	-0.1240638	2.834496	-0.3274876	-0.1745662	2.88549	0.1833479	-0.2822638	2.85187	-0.3320374	-0.3027394	2.915909	0.2267637	-0.1862729	2.833277	-0.2891399	-0.2421385	2.889357	-0.1021092	0.6551592	2.783858	-0.09280059	0.5111731	2.841049	-0.08791766	0.4325196	2.863744	-0.07240011	0.1915712	2.922022	-0.05026276	-0.1364933	2.989645	0.08881441	0.424149	2.861508	-0.2709275	0.3960651	2.851882	0.0328448	-0.1309236	2.955209	-0.1320521	-0.1384445	2.945116	0.1725633	0.1386418	2.884629	-0.3063001	0.07653402	2.912039	0.08822118	-0.5337113	3.168678	-0.1326198	-0.5922118	3.013284	0.1189117	-0.9100995	3.336347	-0.1017306	-0.9479651	3.001778	

0.2136766	-0.1094246	2.884819	-0.2967352	-0.1539316	2.913675	0.2126817	-0.2818028	2.891745	-0.3000525	-0.3041659	2.932901	0.2418472	-0.1837783	2.856868	-0.2576844	-0.2077215	2.912583	-0.06982095	0.6599758	2.822257	-0.06314854	0.5156716	2.883368	-0.05895257	0.4371666	2.905792	-0.04669392	0.196501	2.962014	-0.03026161	-0.1315036	3.025453	0.121282	0.4303395	2.904791	-0.24282	0.4019226	2.887229	0.05312839	-0.127627	2.991797	-0.1128408	-0.1319709	2.980162	0.1971844	0.144134	2.923582	-0.2770408	0.09677875	2.948505	0.09325229	-0.565466	3.240021	-0.1233238	-0.5974487	3.023936	0.1171756	-0.9046435	3.345116	-0.1004534	-0.9473879	3.003332	

0.2317334	-0.1190249	2.922926	-0.2818921	-0.1531027	2.9303	0.2309478	-0.2746276	2.942346	-0.2866989	-0.2908421	2.960516	0.2592805	-0.2340977	2.928667	-0.2423957	-0.212441	2.925714	-0.04550772	0.6647182	2.854968	-0.04724862	0.5188664	2.904756	-0.04288009	0.4405835	2.928084	-0.02900046	0.2009164	2.988941	-0.009435428	-0.1251385	3.061336	0.1407796	0.4310871	2.934267	-0.2204774	0.4093807	2.913228	0.07230513	-0.1193934	3.026372	-0.09086676	-0.1277212	3.01738	0.2196173	0.1432413	2.964721	-0.2657033	0.09820721	2.96097	0.1049929	-0.5197731	3.232547	-0.1095814	-0.6034033	3.035269	0.1169958	-0.9029282	3.35067	-0.1003931	-0.9475682	3.003215	

0.2564312	-0.102887	2.964006	-0.2689796	-0.1473302	2.951147	0.2587803	-0.2629613	2.96316	-0.2704011	-0.2854911	2.969612	0.2521556	-0.1915612	2.954625	-0.2287208	-0.1931633	2.9473	-0.01366607	0.6715137	2.893752	-0.0141893	0.5254095	2.945885	-0.01059844	0.4468603	2.968667	-0.0009176589	0.2060415	3.025434	0.01082211	-0.1219904	3.088708	0.1703799	0.4390798	2.978972	-0.1959321	0.4191541	2.946792	0.09383779	-0.1166585	3.057114	-0.07245152	-0.1242753	3.04146	0.2445714	0.1471385	3.011022	-0.2404585	0.1016248	2.994189	0.1105452	-0.5191165	3.241338	-0.09721753	-0.6092404	3.041322	0.1182781	-0.9031676	3.352544	-0.09597211	-0.9549773	2.999988	

0.2696623	-0.09430414	2.98153	-0.2505376	-0.1345581	2.975341	0.277997	-0.2622418	2.971111	-0.2622656	-0.2680691	2.975338	0.2354765	-0.1739374	2.956818	-0.2174075	-0.1938048	2.9712	0.01351784	0.6712624	2.922168	0.003889524	0.5286958	2.977575	0.006826219	0.4498376	2.998288	0.01641028	0.2085012	3.051933	0.03021459	-0.1199157	3.114584	0.1876758	0.4384135	3.005235	-0.1702994	0.4214277	2.979679	0.1119185	-0.114181	3.080595	-0.05229826	-0.1226696	3.069619	0.2617058	0.1557025	3.04041	-0.2247627	0.1141361	3.02299	0.1290885	-0.5247021	3.271762	-0.08480192	-0.6158319	3.051105	0.1193974	-0.9026219	3.354425	-0.09626105	-0.9553869	3.000146	

0.2879159	-0.09539171	2.998745	-0.2379913	-0.1248518	2.992956	0.3058794	-0.2570634	2.97199	-0.2473139	-0.2562122	2.9886	0.2587527	-0.1625435	2.980826	-0.2020442	-0.2010326	2.981722	0.03370623	0.6737447	2.950631	0.02437325	0.5313912	3.00002	0.02659829	0.4525344	3.021046	0.03285636	0.211018	3.073712	0.04146209	-0.1177958	3.133327	0.2064071	0.4409214	3.028733	-0.1538874	0.4253601	3.000611	0.1231069	-0.112054	3.09876	-0.04125908	-0.1205907	3.088901	0.2757926	0.1557376	3.057057	-0.2091633	0.121226	3.054015	0.1319114	-0.5224136	3.27391	-0.08339851	-0.6169381	3.053207	0.1212435	-0.9039376	3.35555	-0.09672995	-0.9592962	3.000525	

0.3062201	-0.09157944	3.013969	-0.2234643	-0.1132991	3.014253	0.3134144	-0.2482246	2.991052	-0.2253896	-0.2435916	2.996781	0.2689053	-0.1600279	2.989611	-0.1927323	-0.177249	2.9801	0.04704654	0.6803412	2.970352	0.03551805	0.5363019	3.016614	0.03787149	0.4574412	3.037021	0.04498443	0.2160672	3.088545	0.05465589	-0.1124949	3.147017	0.2209047	0.4425094	3.044742	-0.1385767	0.4278272	3.017747	0.1377563	-0.1072708	3.113239	-0.02971702	-0.1149346	3.101851	0.2907807	0.1565369	3.071357	-0.1968202	0.1325487	3.07784	0.1406285	-0.5143064	3.28074	-0.0766357	-0.5890261	3.063151	0.1239066	-0.900511	3.357346	-0.1068473	-0.9549071	3.01213	

0.3236331	-0.08629958	3.038477	-0.2121102	-0.1116356	3.035441	0.3299224	-0.2438195	3.021721	-0.2112868	-0.2529565	3.038653	0.2817582	-0.1700304	3.018364	-0.17768	-0.1769345	3.0184	0.06751091	0.690717	3.000492	0.05031087	0.5413012	3.035341	0.05173	0.4620299	3.05395	0.05603032	0.2194582	3.100432	0.06227935	-0.110448	3.153544	0.2359109	0.4454223	3.066463	-0.1249862	0.436238	3.033657	0.1448709	-0.1060226	3.12057	-0.0217649	-0.1121178	3.107609	0.3001054	0.162568	3.087227	-0.1854702	0.1361589	3.088695	0.1447308	-0.5152434	3.286932	-0.07965613	-0.5986412	3.074332	0.1257319	-0.8990733	3.359311	-0.1268746	-0.9569998	3.043406	

0.3239269	-0.08498854	3.04043	-0.2093114	-0.1119401	3.040118	0.3308618	-0.2452143	3.033399	-0.2190485	-0.2472305	3.041478	0.2866728	-0.1514716	3.020571	-0.1786208	-0.163206	3.02556	0.06873566	0.6912984	3.004334	0.05208974	0.5421208	3.039665	0.05372306	0.462745	3.05801	0.05854111	0.2198378	3.103557	0.06517725	-0.1105461	3.155208	0.2376878	0.4469419	3.070889	-0.1232119	0.4362782	3.034884	0.147824	-0.1071279	3.123027	-0.01878365	-0.1113145	3.108671	0.3021743	0.1637076	3.091441	-0.1822147	0.1362737	3.09042	0.147319	-0.5144225	3.289653	-0.08028914	-0.6038401	3.07755	0.1265675	-0.8986368	3.359918	-0.1267995	-0.9568806	3.043934	

0.338816	-0.08578552	3.071705	-0.2087262	-0.1127289	3.043242	0.3548182	-0.2489648	3.091062	-0.2195625	-0.2592306	3.068364	0.3060471	-0.1661049	3.055067	-0.1834824	-0.1868019	3.038364	0.07122905	0.6941572	3.010613	0.05624527	0.544072	3.044663	0.05792923	0.4643585	3.062285	0.06292217	0.2205651	3.105916	0.07030378	-0.1108998	3.155249	0.240922	0.4476238	3.080477	-0.1205482	0.4363815	3.037153	0.1523304	-0.108028	3.123825	-0.013122	-0.1110206	3.107782	0.3066741	0.1638632	3.10462	-0.1801632	0.1358069	3.090175	0.149016	-0.51618	3.292007	-0.08056075	-0.6050454	3.077573	0.1283386	-0.9004399	3.360706	-0.1271965	-0.9557638	3.045656	

0.3425111	-0.08816779	3.081165	-0.2100834	-0.1122231	3.043755	0.3673702	-0.2438912	3.107642	-0.2273193	-0.2626891	3.059693	0.3100674	-0.181249	3.0701	-0.1883702	-0.169103	3.031189	0.07338179	0.6962731	3.015285	0.05819706	0.546192	3.047712	0.06007068	0.4662301	3.064752	0.06566262	0.2218325	3.106864	0.07461172	-0.1102385	3.153905	0.2433431	0.4495088	3.086029	-0.1183556	0.4365717	3.039174	0.1561799	-0.1077425	3.123617	-0.008390282	-0.1098956	3.104993	0.3098872	0.1615779	3.111734	-0.1788677	0.1361243	3.089688	0.1501138	-0.5169532	3.293298	-0.08007675	-0.605665	3.077058	0.1289794	-0.8990662	3.361182	-0.1270123	-0.954608	3.045175	

0.3484421	-0.09152791	3.096138	-0.2130883	-0.111581	3.040491	0.3736084	-0.2473287	3.124181	-0.2318703	-0.2573601	3.051915	0.3188816	-0.1451267	3.090055	-0.1979942	-0.2176778	3.017167	0.07504626	0.6973775	3.017586	0.0599036	0.5479596	3.050964	0.06191711	0.467743	3.067167	0.06797556	0.2227806	3.107336	0.07870508	-0.1098071	3.151252	0.24468	0.4495544	3.089162	-0.1163792	0.4374353	3.040592	0.1602634	-0.1076035	3.121675	-0.004586739	-0.1091912	3.101679	0.3129529	0.1581982	3.119524	-0.1782963	0.1360316	3.088216	0.1503712	-0.5171901	3.293428	-0.07831783	-0.6063799	3.075975	0.1292958	-0.8987437	3.361206	-0.1267347	-0.9553858	3.045623	

0.3497641	-0.0908815	3.098215	-0.2148823	-0.1107574	3.03741	0.3728873	-0.2404224	3.117933	-0.2263038	-0.2624539	3.036734	0.3198891	-0.1596437	3.091733	-0.1966011	-0.2160847	3.013547	0.0763921	0.6981206	3.019025	0.0604392	0.5485009	3.051939	0.06272035	0.4683733	3.067938	0.07008772	0.2238287	3.107187	0.08320506	-0.1081067	3.148392	0.2462562	0.4495182	3.09273	-0.115484	0.4375719	3.041	0.1651893	-0.1046046	3.119181	-0.0005516505	-0.108691	3.09846	0.3140624	0.1587551	3.122865	-0.1777074	0.1364052	3.085826	0.1508407	-0.5179055	3.293353	-0.07405957	-0.6009045	3.07288	0.1293786	-0.899084	3.361398	-0.1267897	-0.9554031	3.045655	

0.3511303	-0.0896308	3.101151	-0.2150854	-0.110616	3.027482	0.3819052	-0.245562	3.129102	-0.2235927	-0.2606792	3.028235	0.3263118	-0.1711325	3.087167	-0.1858055	-0.1825871	3.009842	0.07755461	0.6988217	3.021166	0.06207388	0.5499681	3.054966	0.06437566	0.4696411	3.070101	0.07164128	0.2245313	3.10738	0.08487836	-0.1079025	3.146503	0.2468036	0.4482361	3.09641	-0.1140567	0.438129	3.040396	0.1664097	-0.1043881	3.118122	0.001468618	-0.1085852	3.095591	0.3147002	0.1598639	3.126493	-0.176915	0.1358888	3.079214	0.1509246	-0.5180244	3.293193	-0.07431335	-0.6028278	3.071357	0.1294565	-0.8988401	3.361401	-0.1267607	-0.9554021	3.045678	

0.35113	-0.08918921	3.103005	-0.2141864	-0.1093212	3.018315	0.3803411	-0.2463523	3.120969	-0.2193294	-0.2630118	3.020471	0.3193535	-0.1789929	3.081333	-0.1797767	-0.1703887	2.999462	0.08038093	0.6993991	3.023405	0.06260011	0.550101	3.055844	0.06497577	0.4697747	3.070802	0.07238277	0.2245712	3.10744	0.08560548	-0.108186	3.14571	0.2481448	0.4470809	3.10138	-0.1128387	0.4386762	3.039937	0.1669752	-0.1049092	3.117932	0.002456656	-0.1085273	3.093791	0.3155364	0.1601809	3.132523	-0.1769976	0.136833	3.07313	0.1511009	-0.5184032	3.293162	-0.07462561	-0.6069371	3.07036	0.1294221	-0.8987814	3.361496	-0.1265064	-0.9564101	3.048117	

0.3439132	-0.08912487	3.105994	-0.2073798	-0.1081161	3.000848	0.3582672	-0.2535236	3.121061	-0.1981893	-0.2591211	2.995467	0.3091258	-0.1614232	3.085046	-0.1674353	-0.1649612	2.984762	0.08301367	0.700025	3.024642	0.06383646	0.5510932	3.057337	0.06613619	0.4705576	3.072037	0.07313055	0.224726	3.107758	0.08582647	-0.1085605	3.145475	0.2478733	0.4465286	3.105488	-0.1115372	0.4387819	3.038263	0.1671436	-0.1058489	3.118362	0.002902423	-0.1087144	3.092693	0.3151504	0.1611209	3.136137	-0.1753207	0.1368413	3.06568	0.1517052	-0.5181488	3.292896	-0.07487331	-0.607656	3.07005	0.1293991	-0.898516	3.362211	-0.1260862	-0.9553723	3.048172	

0.3413653	-0.08812632	3.106991	-0.2056771	-0.1083545	2.998712	0.3581137	-0.2524805	3.125812	-0.1995926	-0.2582812	3.000117	0.2968058	-0.1687133	3.088077	-0.1671547	-0.1969593	2.978667	0.084856	0.700227	3.026117	0.06419434	0.5517229	3.057828	0.06650546	0.4710806	3.072445	0.07343308	0.224888	3.107811	0.08592407	-0.1087881	3.145192	0.2481719	0.445749	3.108523	-0.1103732	0.4390572	3.037507	0.1671775	-0.106325	3.11849	0.003089632	-0.1087441	3.0917	0.3148153	0.1622984	3.138252	-0.1749097	0.1369025	3.06295	0.1516879	-0.5198827	3.294081	-0.07490727	-0.6079931	3.070203	0.1295684	-0.899107	3.361888	-0.1254312	-0.9547529	3.046818	

0.3397814	-0.08648338	3.108083	-0.2043439	-0.1082924	2.997937	0.3493874	-0.252847	3.124316	-0.194498	-0.2579618	2.99846	0.3004787	-0.1808423	3.080111	-0.1546069	-0.1972304	2.9785	0.0866236	0.7004311	3.02744	0.06469185	0.5522474	3.059021	0.06694715	0.4714998	3.073489	0.0736476	0.2249488	3.108191	0.08578128	-0.1090838	3.145192	0.2484002	0.4452791	3.111005	-0.1095664	0.4393297	3.037524	0.1668011	-0.1072114	3.118958	0.003004835	-0.1087988	3.091589	0.313699	0.1639526	3.139956	-0.1746694	0.1369926	3.062693	0.1519699	-0.5202843	3.294365	-0.07263602	-0.6075206	3.075339	0.1296009	-0.8990892	3.361942	-0.1253607	-0.9547222	3.046455	

0.3365939	-0.08777711	3.112064	-0.2014431	-0.1093328	3.001214	0.3397158	-0.2515301	3.131433	-0.1948318	-0.2611504	3.011872	0.2959152	-0.1802753	3.086333	-0.1548098	-0.1944755	2.999	0.08719464	0.7006018	3.028108	0.06480747	0.552259	3.059362	0.0670754	0.4715065	3.073904	0.07377727	0.2248737	3.108632	0.08556268	-0.1094814	3.145602	0.2485786	0.4446881	3.112018	-0.1091509	0.4394062	3.037535	0.1664409	-0.1080818	3.119828	0.002849576	-0.1088817	3.091801	0.3126822	0.163056	3.141524	-0.1744539	0.1368983	3.06295	0.1521279	-0.5208319	3.294909	-0.07325605	-0.608296	3.075395	0.1295577	-0.8985047	3.362346	-0.1253343	-0.9547285	3.04654	

0.3358609	-0.08796352	3.114686	-0.200229	-0.1104508	3.005504	0.342757	-0.2547189	3.135444	-0.1996999	-0.2551428	3.016006	0.2849849	-0.1581298	3.105667	-0.1553741	-0.1806359	3.011706	0.08745809	0.7007531	3.028421	0.0651843	0.5528638	3.06019	0.067452	0.4720889	3.074787	0.07409865	0.2252368	3.109423	0.08548554	-0.1095288	3.146067	0.2487331	0.4442054	3.112431	-0.1089567	0.4393275	3.037543	0.1663369	-0.1079926	3.120269	0.002756041	-0.1090129	3.092436	0.3118958	0.1629682	3.142495	-0.1739443	0.136565	3.063583	0.1522868	-0.5213397	3.295355	-0.07373841	-0.6087959	3.075435	0.1299293	-0.9001549	3.362531	-0.1250767	-0.9547789	3.046386	

0.3353813	-0.08643092	3.11488	-0.2007949	-0.110899	3.011738	0.3481017	-0.250522	3.097065	-0.1987982	-0.2501799	3.013996	0.290048	-0.164117	3.095625	-0.1707168	-0.1461069	3.012334	0.08778215	0.7009736	3.028723	0.06518429	0.5529611	3.060372	0.06745493	0.4722028	3.075073	0.07411721	0.225326	3.110003	0.08515184	-0.1097345	3.147079	0.2486811	0.4442194	3.112644	-0.1086761	0.4394098	3.037939	0.1660279	-0.1084355	3.121425	0.002329913	-0.1089067	3.093481	0.3116198	0.1644083	3.144524	-0.1729354	0.136133	3.068731	0.1524048	-0.5203246	3.295559	-0.07415789	-0.6091174	3.07502	0.1303444	-0.8994555	3.36264	-0.1251686	-0.9546169	3.045704	

0.3379614	-0.08351815	3.103419	-0.2083217	-0.1059022	3.013189	0.3488647	-0.2181655	3.020748	-0.208965	-0.2066004	2.952506	0.3172242	-0.1736171	3.03425	-0.1860903	-0.169011	2.9597	0.08773643	0.700974	3.028749	0.06524811	0.552938	3.060322	0.06751246	0.472205	3.075076	0.07430404	0.2254637	3.110285	0.08523896	-0.1093477	3.148094	0.2484404	0.444343	3.112401	-0.1083873	0.4397258	3.039138	0.1661847	-0.1079719	3.122087	0.00228066	-0.1085095	3.095097	0.3110253	0.1657051	3.146513	-0.1748476	0.1377635	3.082831	0.1523598	-0.5205263	3.296115	-0.07526091	-0.6084462	3.073652	0.1305041	-0.8992042	3.363141	-0.125846	-0.9538897	3.04582	

0.337734	-0.007656101	2.995838	-0.2231971	-0.03739881	2.945484	0.3235384	-0.03020339	2.850859	-0.2235326	-0.05391655	2.788689	0.2705784	-0.01866173	2.926714	-0.2320229	-0.05234872	2.779	0.0748762	0.6849456	2.979793	0.0628389	0.5422049	3.034653	0.06552082	0.4649537	3.05723	0.07342449	0.2244316	3.106909	0.08408147	-0.1081046	3.149816	0.2435718	0.4394693	3.083102	-0.1095157	0.4384252	3.03532	0.1658341	-0.1069607	3.122638	-0.0003164711	-0.106891	3.098894	0.3153629	0.2067311	3.139345	-0.1872104	0.1754134	3.088481	0.1518982	-0.5193474	3.296542	-0.08336798	-0.5636495	3.009441	0.1321477	-0.8976658	3.364054	-0.1408848	-0.9431222	3.014968	

0.3028575	0.04126988	2.922364	-0.2283486	-0.02470436	2.928963	0.2989967	0.03673552	2.834038	-0.2249985	0.01063243	2.786405	0.2598816	0.01320389	2.898909	-0.2399616	0.01061664	2.7825	0.06595855	0.6685079	2.948119	0.0552961	0.5311575	3.011029	0.05768374	0.4539928	3.03336	0.06668855	0.2184583	3.092577	0.08072817	-0.1078586	3.149422	0.2355817	0.4372581	3.053507	-0.1165231	0.4303337	3.006576	0.1635175	-0.1062793	3.121361	-0.004978106	-0.1070978	3.099351	0.3209907	0.2124895	3.118607	-0.1970135	0.1855444	3.077202	0.1509935	-0.5158589	3.29498	-0.08365023	-0.5644295	3.008521	0.1320787	-0.8971667	3.363988	-0.1375767	-0.9275612	2.950792	

0.3005247	0.0522004	2.88245	-0.258363	-0.0128561	2.883011	0.2782691	0.07228545	2.807377	-0.1856416	0.0107912	2.827421	0.236762	0.04349649	2.864357	-0.25392	0.009722016	2.847714	0.0494602	0.6401181	2.883332	0.03872976	0.5054203	2.957682	0.04159818	0.4304709	2.98486	0.0524698	0.2033847	3.061491	0.07301243	-0.1092973	3.146301	0.2253312	0.4320811	3.014424	-0.1352334	0.4188232	2.964698	0.1565398	-0.1063285	3.117344	-0.01298629	-0.1098113	3.096768	0.3268097	0.2161689	3.084194	-0.2323329	0.1903594	3.042468	0.1493332	-0.4976161	3.284859	-0.08564092	-0.5705056	3.004301	0.1319505	-0.8976735	3.364126	-0.1331474	-0.9328063	2.919524	

0.291024	0.02935529	2.852352	-0.2522319	-0.001105518	2.836925	0.2543851	0.07936112	2.782387	-0.2276732	0.06798664	2.754199	0.2072194	0.05268338	2.836375	-0.2417192	0.06196318	2.7584	0.02820046	0.6036065	2.81615	0.01522381	0.4821705	2.905003	0.0193011	0.4086001	2.936721	0.03223808	0.1838799	3.023072	0.05595177	-0.1188979	3.131796	0.1985392	0.4152519	2.955558	-0.1521619	0.399456	2.908757	0.1400717	-0.1126453	3.101405	-0.03000104	-0.1224363	3.083191	0.3195933	0.2140322	3.034057	-0.2524929	0.1850416	3.0192	0.1473014	-0.4979012	3.283638	-0.08895948	-0.5988648	2.997711	0.1317071	-0.8996103	3.364359	-0.1328478	-0.9340684	2.917935	

0.2116705	0.01688392	2.776807	-0.2315158	-0.01057028	2.725894	0.1928502	0.06901994	2.725245	-0.2156652	0.0395322	2.670903	0.155916	0.02810864	2.784571	-0.2256586	0.0393535	2.659	-0.007545419	0.5182944	2.683838	-0.01829858	0.4186816	2.791877	-0.013006	0.3499271	2.835205	0.003142118	0.1393975	2.955149	0.0262209	-0.1456663	3.105827	0.1621953	0.3667458	2.84826	-0.1883002	0.3369713	2.799454	0.1095723	-0.1356698	3.073088	-0.05783496	-0.1519393	3.05956	0.3014501	0.1912497	2.948221	-0.3201142	0.1411323	2.919125	0.1291387	-0.515852	3.283258	-0.1016259	-0.6278115	2.958451	0.1280053	-0.9032461	3.364035	-0.1350666	-0.9583626	2.901061	

0.1653531	-0.1061663	2.659272	-0.2387034	-0.1776926	2.636778	0.1027675	-0.1137936	2.653428	-0.2317552	-0.1110783	2.542579	0.1214888	-0.1065721	2.655	-0.2516916	-0.1001799	2.5323	-0.04696621	0.3223745	2.529775	-0.05684945	0.2409356	2.620924	-0.05493039	0.1934023	2.693963	-0.04883736	0.04807621	2.902936	-0.04035829	-0.1487476	3.171557	0.1238491	0.2336046	2.705972	-0.2278264	0.1906455	2.65706	0.04438538	-0.1307064	3.146915	-0.1241188	-0.1630887	3.117214	0.2725691	0.07296273	2.813762	-0.378235	0.01387755	2.738154	0.0929215	-0.5822006	3.284921	-0.1192574	-0.6494561	2.884043	0.1248977	-0.9028295	3.363871	-0.1224748	-0.9817767	2.850862	

0.1667577	-0.1384571	2.658382	-0.2869687	-0.2099776	2.605153	0.1046273	-0.06685187	2.564935	-0.2293191	-0.1444843	2.529037	0.1117815	-0.1376121	2.63	-0.241	-0.1126749	2.501	-0.05438049	0.2949599	2.518694	-0.06350359	0.2215044	2.61292	-0.06124553	0.1827296	2.68926	-0.05627665	0.05008354	2.902774	-0.06826466	-0.1089942	3.182777	0.1223387	0.2253173	2.692969	-0.2305043	0.1787281	2.644381	0.01908787	-0.08795007	3.164301	-0.1536703	-0.127413	3.122469	0.2650189	0.05670528	2.797527	-0.3821055	0.0003187215	2.720628	0.09486946	-0.550435	3.260606	-0.1197675	-0.6409701	2.88342	0.1226065	-0.9009769	3.363756	-0.1226825	-0.9822333	2.851314	

0.1497746	-0.2044328	2.637831	-0.2970218	-0.2780026	2.593537	0.09338171	-0.2182372	2.596392	-0.2107922	-0.2651333	2.569328	0.09898264	-0.2035255	2.601875	-0.2653047	-0.2572989	2.562286	-0.05569796	0.2109815	2.466821	-0.06261922	0.1441162	2.562958	-0.0655058	0.1133839	2.644456	-0.07098514	0.02461636	2.882828	-0.07366172	-0.1085224	3.182363	0.1145017	0.1940601	2.635724	-0.234686	0.1253947	2.598523	0.01419751	-0.08435184	3.167547	-0.1630925	-0.1306437	3.116976	0.237695	0.01314451	2.743848	-0.3893431	-0.05241396	2.672895	0.09837603	-0.5985627	3.28292	-0.1219511	-0.6369721	2.861398	0.1206104	-0.9080863	3.362077	-0.1222211	-0.9827117	2.851024	

0.155864	-0.2716708	2.605962	-0.3016244	-0.3402506	2.571273	0.07350896	-0.2767908	2.567363	-0.202196	-0.3400756	2.551281	0.08767064	-0.2733072	2.567833	-0.2438206	-0.2995911	2.4769	-0.08060732	0.1241513	2.451809	-0.108728	0.04857393	2.567909	-0.102574	0.007423989	2.633836	-0.08337156	-0.1176769	2.821389	-0.05696836	-0.2864517	3.061461	0.1044774	0.1110931	2.616304	-0.2398648	0.06736443	2.571211	0.04281615	-0.2267874	3.142896	-0.1555314	-0.3389039	2.901206	0.24499	-0.05880844	2.720586	-0.3912863	-0.1120345	2.644201	0.09434378	-0.6066664	3.285424	-0.1097021	-0.7395672	2.8394	0.1204887	-0.9136869	3.362785	-0.1211483	-0.9830178	2.849463	

0.133053	-0.3150183	2.562067	-0.3041291	-0.3951839	2.551704	0.0654716	-0.3420555	2.530317	-0.1961879	-0.4083016	2.520724	0.1325341	-0.319865	2.548429	-0.2208186	-0.3324032	2.428737	-0.0645458	0.04502095	2.452984	-0.07492616	-0.03142267	2.569899	-0.07246903	-0.06749732	2.630767	-0.06465075	-0.1768365	2.80314	-0.05374895	-0.3240667	3.023029	0.1081299	0.06480301	2.583131	-0.2523027	0.05005756	2.550152	0.02893329	-0.2489757	3.158488	-0.1312463	-0.3844971	2.804256	0.2297691	-0.1146861	2.693208	-0.3743496	-0.1581881	2.614254	0.1005902	-0.6559743	3.310117	-0.12015	-0.772954	2.861833	0.1231612	-0.9663954	3.375552	-0.1198742	-0.9828097	2.850023	

0.1302728	-0.3428587	2.559447	-0.2909645	-0.4238611	2.537541	0.05545007	-0.3705098	2.496792	-0.1909903	-0.4559788	2.499377	0.08714878	-0.3639334	2.52225	-0.2076659	-0.3844154	2.405	-0.06623211	0.02180079	2.444956	-0.07656429	-0.0540643	2.561846	-0.07839511	-0.09086307	2.622834	-0.0874961	-0.2057381	2.794635	-0.1052193	-0.3585851	3.014815	0.1098464	0.0487044	2.573642	-0.2616729	-0.002716652	2.535042	-0.02746006	-0.2948569	3.152665	-0.1805373	-0.4132585	2.798375	0.2266141	-0.1365044	2.680062	-0.3848603	-0.1988825	2.614697	0.1000813	-0.6777499	3.317989	-0.09244552	-0.7929808	2.852794	0.1243149	-0.9888869	3.379709	-0.1193943	-0.9815515	2.849508	

0.1331681	-0.4498336	2.552111	-0.2998535	-0.5059518	2.519215	0.04459443	-0.4636458	2.466701	-0.1931836	-0.5509509	2.467921	0.0573681	-0.4498965	2.481555	-0.2086354	-0.4641495	2.384438	-0.1543866	-0.025596	2.372705	-0.1623695	-0.1002907	2.489665	-0.1566	-0.1384653	2.556213	-0.1382736	-0.2538074	2.745621	-0.1127676	-0.4086756	2.98821	0.126473	0.01504405	2.538205	-0.3466058	-0.03845969	2.466419	-0.04987111	-0.3453518	3.148976	-0.1729941	-0.4616334	2.749035	0.2015409	-0.2171489	2.632047	-0.3605326	-0.2663729	2.578985	0.09168156	-0.6858238	3.317912	-0.1299883	-0.7332036	2.801583	0.1221769	-0.9971913	3.37624	-0.1176326	-0.9784251	2.846308	

0.1472127	-0.4280758	2.532946	-0.3005459	-0.5854424	2.503592	0.02613718	-0.5492728	2.404588	-0.1951416	-0.6445264	2.429427	0.05737364	-0.5377028	2.437333	-0.2075156	-0.5684565	2.354849	-0.1524547	0.1354204	2.407691	-0.1605593	0.05660904	2.524863	-0.15189	-0.007521018	2.588405	-0.1247755	-0.202438	2.768619	-0.08742398	-0.4652857	2.998349	0.1281748	0.171433	2.573235	-0.2866353	-0.1195772	2.489004	-0.04004065	-0.379196	3.14973	-0.1347887	-0.5325577	2.768568	0.1621238	-0.1702937	2.580331	-0.362991	-0.344734	2.551952	0.107092	-0.7330348	3.30597	-0.1285879	-0.7786124	2.752489	0.1148736	-1.03523	3.399356	-0.1132655	-0.9767675	2.843286	

0.118158	-0.5000682	2.443481	-0.3067671	-0.6314677	2.474933	0.02636335	-0.5941323	2.353726	-0.1982276	-0.6940854	2.388668	0.09168224	-0.5651627	2.401273	-0.2133681	-0.6150911	2.316286	-0.05205229	0.1295044	2.368852	-0.06271166	0.05074569	2.485913	-0.05648563	-0.02051423	2.555162	-0.0372698	-0.2369887	2.752376	-0.01107366	-0.5286061	3.004559	0.2258237	0.1656129	2.534021	-0.2934123	-0.1590763	2.46455	0.04033535	-0.4785836	3.114792	-0.06235265	-0.5651298	2.816403	0.1816983	-0.1754884	2.53892	-0.3569472	-0.3886067	2.525711	0.1097247	-0.8061764	3.356549	-0.03145565	-0.7846506	2.713392	0.1133269	-0.9250605	3.352839	-0.1124764	-0.9795751	2.838708	

0.1192698	-0.5020263	2.441731	-0.3106602	-0.6240911	2.469018	0.02619732	-0.6094718	2.339127	-0.2006062	-0.7058392	2.35955	0.05235338	-0.5934132	2.36275	-0.2156969	-0.6266472	2.29988	-0.05465222	0.1268239	2.367219	-0.06524263	0.04813132	2.484275	-0.05808185	-0.02152891	2.55524	-0.03985221	-0.2339535	2.760564	-0.01408721	-0.5045501	3.049081	0.2251942	0.1649619	2.533614	-0.2871383	-0.1481264	2.466024	0.04057525	-0.4459867	3.162415	-0.06781831	-0.552129	2.852838	0.1802264	-0.1762983	2.534532	-0.353773	-0.3797397	2.518785	0.1098214	-0.8380018	3.383058	-0.03232001	-0.7274488	2.758637	0.1120267	-0.9283483	3.354087	-0.1112363	-0.9790018	2.832675	

0.1011861	-0.5373371	2.348639	-0.3103626	-0.6385717	2.411538	0.02041104	-0.6472433	2.265395	-0.2121231	-0.7529495	2.302017	0.06731459	-0.6238256	2.303385	-0.214131	-0.6638523	2.257286	-0.07393677	0.08226119	2.325957	-0.08398858	0.004657762	2.44294	-0.07680643	-0.06056926	2.519385	-0.05024178	-0.2512291	2.744806	-0.02145017	-0.5190983	3.027569	0.2092491	0.1243827	2.494059	-0.2836797	-0.1546133	2.430825	0.03476937	-0.4594397	3.145644	-0.07626043	-0.5643946	2.832441	0.1246432	-0.2088279	2.448699	-0.3385413	-0.3935117	2.469025	0.1046055	-0.8388308	3.379085	-0.04441649	-0.7640204	2.721311	0.1000891	-0.9952136	3.394389	-0.1109949	-0.9829639	2.8305	

0.1224972	-0.5342965	2.366246	-0.3086575	-0.6563497	2.394717	0.01486431	-0.6544788	2.237704	-0.2192223	-0.7661586	2.280189	0.03153902	-0.6395798	2.264	-0.2836558	-0.7143136	2.253625	-0.08210199	0.08480848	2.327526	-0.09193751	0.007140657	2.44452	-0.08258653	-0.05711634	2.519868	-0.05397008	-0.2461711	2.739686	-0.01619305	-0.4980431	3.009317	0.2013219	0.1268565	2.495659	-0.2956661	-0.1780653	2.423259	0.03465501	-0.4035002	3.154618	-0.06327719	-0.5658987	2.7734	0.1532317	-0.2141303	2.462432	-0.3430904	-0.4160825	2.470071	0.09449103	-0.8032668	3.338972	-0.04675151	-0.7748721	2.697073	0.09918681	-0.958729	3.361637	-0.1108156	-0.9862699	2.82968	

0.1083772	-0.5913517	2.291188	-0.3150302	-0.6898697	2.315892	0.01047582	-0.673512	2.174249	-0.2369664	-0.7858019	2.216303	0.04760604	-0.6520689	2.216077	-0.2941137	-0.7244712	2.1796	-0.1160884	0.07326927	2.304857	-0.1249883	-0.004128414	2.42187	-0.1241903	-0.07251248	2.494277	-0.1104054	-0.276289	2.708225	-0.09115086	-0.5503544	2.982872	0.06088164	-0.09524678	2.401495	-0.3101347	-0.2090881	2.403548	-0.04938631	-0.4818115	3.12002	-0.1306996	-0.6048686	2.767889	0.1237816	-0.3684595	2.417798	-0.343874	-0.4565936	2.415118	0.05292487	-0.7985858	3.318357	-0.07156167	-0.7943754	2.661687	0.05758524	-0.9536367	3.340564	-0.1078608	-1.013931	2.821924	

0.0832665	-0.5337567	2.130261	-0.332414	-0.6377525	2.091649	0.002381443	-0.6323532	2.030549	-0.2856649	-0.7408124	1.990979	-0.01100027	-0.5502238	1.989059	-0.2511979	-0.6347755	1.926923	-0.1057726	0.074052	2.296039	-0.1337321	0.04306148	2.372553	-0.1244535	-0.02917867	2.448372	-0.09556365	-0.248583	2.665271	-0.05595908	-0.543899	2.943652	0.03363645	-0.080352	2.340972	-0.3243461	-0.2008393	2.330487	0.02585225	-0.4968746	3.04574	-0.1339875	-0.5890223	2.765546	0.0986049	-0.3208249	2.275021	-0.3696531	-0.4428059	2.257335	0.05531337	-0.8003139	3.31935	-0.02456656	-0.9103035	2.50778	0.1687608	-0.9678746	3.2967	-0.1155024	-0.9902281	2.817494	

0.03015112	-0.3745542	1.904932	-0.362286	-0.3901528	1.922907	-0.06388279	-0.3317538	1.777984	-0.3372386	-0.4699969	1.756227	-0.03134915	-0.4043317	1.833039	-0.3697909	-0.363237	1.75263	-0.09810656	-0.006290771	2.237733	-0.0971853	-0.08042271	2.300303	-0.1016021	-0.1232319	2.374129	-0.114462	-0.2527025	2.585293	-0.1312326	-0.4265158	2.856773	0.01173725	-0.1455764	2.251047	-0.3343265	-0.06072973	2.275925	-0.056623	-0.3857078	2.975764	-0.202537	-0.4558568	2.659566	0.07691772	-0.3856189	2.184981	-0.4098915	-0.2794412	2.155407	0.04451501	-0.7532761	3.255105	-0.1377181	-0.8365742	2.723467	0.1479572	-1.018783	3.388349	-0.1164652	-0.9877595	2.817524	

0.01683262	-0.1261722	1.859446	-0.4355539	-0.09575396	1.873741	-0.09427138	-0.09256174	1.725274	-0.4724168	-0.1187346	1.669588	-0.06749246	-0.1572019	1.755719	-0.4522592	-0.08874419	1.683	-0.2154405	0.2152468	2.217139	-0.1526958	0.09468146	2.290437	-0.1485737	0.05115323	2.358746	-0.1352063	-0.08156034	2.553447	-0.1163429	-0.2608945	2.802963	-0.06979078	0.09683686	2.299918	-0.3472608	0.1091606	2.295376	-0.04137768	-0.2539396	2.764541	-0.1880383	-0.2605273	2.762721	0.05748513	-0.0006410104	2.085922	-0.4459125	-0.07623651	2.13563	0.04641472	-0.6003789	3.130174	-0.1586597	-0.6607109	2.662662	0.08144168	-0.8848398	3.261152	-0.11877	-0.9756442	2.812584	

-0.05592548	-0.04871256	1.926111	-0.4384175	-0.08874278	1.88778	-0.1260139	-0.03779641	1.80762	-0.4133276	0.006034025	1.784017	-0.1083022	-0.05742408	1.800308	-0.3991488	0.0005503148	1.83675	-0.2281094	0.2619583	2.252983	-0.1696691	0.146076	2.337217	-0.1607426	0.1041086	2.404544	-0.132718	-0.02412547	2.596364	-0.09402584	-0.1977305	2.842099	-0.05604881	0.1664878	2.321316	-0.3503198	0.1309242	2.331	-0.01742401	-0.191848	2.794093	-0.1679983	-0.1981272	2.811266	0.07912976	0.03239391	2.135132	-0.4785685	-0.06464786	2.215031	0.05463075	-0.5757789	3.101264	-0.1583285	-0.5992212	2.684678	0.09328516	-0.923754	3.318527	-0.1194399	-0.9744486	2.813964	

-0.05853577	-0.05099149	1.931802	-0.4454971	-0.07960014	1.916444	-0.1361104	-0.0287712	1.833126	-0.4096803	0.01646106	1.801015	-0.08968551	-0.06217016	1.8945	-0.3934968	-0.02186444	1.8106	-0.2286387	0.2641874	2.254844	-0.1685093	0.1488362	2.338715	-0.1599192	0.1057887	2.405355	-0.1325276	-0.02404468	2.59628	-0.09373914	-0.1997481	2.840108	-0.05229521	0.1786803	2.322271	-0.3497638	0.1320964	2.334681	-0.0175216	-0.1925499	2.793238	-0.1669939	-0.2021054	2.807624	0.07585847	0.03298743	2.140077	-0.47962	-0.06531174	2.22463	0.05468344	-0.5761673	3.102033	-0.148442	-0.6161097	2.701497	0.09253521	-0.9236521	3.318508	-0.1197058	-0.974454	2.815803	

-0.08513632	-0.03257462	1.962483	-0.4198239	-0.05433137	1.914883	-0.1620924	-0.02601711	1.885849	-0.3964401	0.01517637	1.83073	-0.114892	-0.06232734	1.95425	-0.3771626	-0.01964619	1.8663	-0.2288819	0.2759302	2.266509	-0.1675405	0.1648688	2.356486	-0.159278	0.1220721	2.422614	-0.1331037	-0.009109281	2.610435	-0.09629358	-0.186308	2.851308	-0.04905027	0.1892503	2.333783	-0.3491309	0.1396251	2.352889	-0.02070524	-0.1723961	2.809219	-0.1691447	-0.1936705	2.815414	0.09074415	0.01977655	2.148183	-0.4733579	-0.06305702	2.246297	0.0548346	-0.5760583	3.102278	-0.1457863	-0.6256799	2.717592	0.09202223	-0.9230797	3.317074	-0.1203086	-0.9738293	2.820694	

