0.0562596	-0.09006458	3.114364	-0.2562286	-0.1545994	2.6904	0.1129672	-0.2498909	3.18067	-0.2375841	-0.3159678	2.681563	0.05806193	-0.1985315	3.096637	-0.2133487	-0.2936488	2.690667	-0.1365762	0.653887	2.838343	-0.1849432	0.5192875	2.857328	-0.1761389	0.4438761	2.866761	-0.1487372	0.2128341	2.885612	-0.1109377	-0.1021534	2.900927	-0.06202204	0.3735008	2.920324	-0.2847067	0.3855869	2.755901	-0.05874622	-0.1034413	2.902128	-0.1602734	-0.09819357	2.823878	0.01207574	0.1347714	3.032206	-0.3026485	0.1038412	2.719092	-0.07687801	-0.5988702	2.828538	-0.2020798	-0.508467	3.052358	0.04900732	-1.000664	2.820053	-0.1871361	-0.9653061	3.187732	

0.05544959	-0.08566613	3.112892	-0.2560214	-0.1566327	2.689563	0.1187377	-0.2410641	3.179327	-0.2387614	-0.3156076	2.677165	0.0618068	-0.1981694	3.096107	-0.2170344	-0.2668635	2.682294	-0.1365517	0.6537052	2.838311	-0.1848825	0.5192785	2.857371	-0.1761042	0.4438724	2.866761	-0.1487383	0.2128384	2.88554	-0.1110256	-0.1020903	2.900778	-0.07623532	0.433534	2.976784	-0.2846995	0.3855754	2.755857	-0.06217495	-0.09868326	2.900724	-0.1586646	-0.1011295	2.824305	0.001159637	0.1722218	3.033002	-0.3026448	0.1040493	2.719191	-0.07832123	-0.5939138	2.828135	-0.2017909	-0.5108137	3.052692	0.04898638	-1.000634	2.819945	-0.1876677	-0.9674307	3.186853	

0.05595224	-0.08688685	3.11393	-0.2537963	-0.1704325	2.684188	0.1235277	-0.2418752	3.190073	-0.2408164	-0.3502239	2.670008	0.06388603	-0.1875318	3.101133	-0.2120885	-0.2246175	2.673636	-0.13684	0.6535746	2.838537	-0.1849502	0.5193714	2.85735	-0.1761587	0.4439574	2.866761	-0.1487709	0.2129297	2.885617	-0.1110079	-0.1019648	2.901076	-0.07518598	0.4300728	2.971031	-0.2845842	0.3855308	2.755955	-0.06216067	-0.09720099	2.90128	-0.1583118	-0.1024281	2.825245	0.001787159	0.1700913	3.03175	-0.3025791	0.1040908	2.719197	-0.07956151	-0.5922734	2.82867	-0.2016972	-0.5125705	3.052659	0.04799743	-1.000996	2.820234	-0.1865854	-0.9682973	3.18593	

0.05722006	-0.09111769	3.116412	-0.2513914	-0.1699584	2.682794	0.1265557	-0.2362238	3.192656	-0.2364857	-0.3629231	2.6586	0.06710158	-0.1942206	3.09447	-0.2052148	-0.2623873	2.671546	-0.1373243	0.6532547	2.839288	-0.1848667	0.5194466	2.857445	-0.176076	0.4440338	2.866873	-0.1486941	0.2130092	2.885788	-0.1109449	-0.1018874	2.901338	-0.07176185	0.4049631	2.936796	-0.2844317	0.3854532	2.756066	-0.06149376	-0.09690805	2.901751	-0.1585042	-0.1025961	2.825536	0.005054086	0.1573293	3.029301	-0.3022638	0.1040706	2.718843	-0.0797538	-0.5919071	2.82945	-0.2016793	-0.5126895	3.052947	0.04764404	-1.001235	2.820209	-0.1863182	-0.9700418	3.185884	

0.05790409	-0.09161776	3.117292	-0.2474922	-0.1714846	2.678716	0.1340264	-0.2260506	3.189413	-0.2242211	-0.3262793	2.651339	0.07734679	-0.1922216	3.094857	-0.198426	-0.253643	2.670584	-0.1375907	0.6534729	2.839184	-0.184809	0.5194882	2.857388	-0.1758684	0.4441841	2.866915	-0.1473285	0.2139444	2.886916	-0.1063813	-0.09886689	2.905747	-0.07165778	0.4148064	2.949419	-0.2843435	0.3854406	2.756104	-0.05671519	-0.09169364	2.906135	-0.1536033	-0.1020393	2.830186	0.005730852	0.1638743	3.037398	-0.3017188	0.1028584	2.718004	-0.07934062	-0.5885536	2.830384	-0.1998506	-0.5161858	3.054994	0.04295018	-1.001189	2.821967	-0.1854709	-0.9705105	3.185239	

0.05923159	-0.09019877	3.119328	-0.2366038	-0.1591248	2.663756	0.1430818	-0.2177948	3.196409	-0.2121303	-0.3379858	2.640432	0.08683029	-0.1903939	3.095778	-0.1760086	-0.252903	2.736823	-0.1377774	0.6534516	2.839265	-0.1847725	0.5197386	2.857709	-0.1755747	0.444541	2.867567	-0.1455769	0.2145554	2.889079	-0.1019976	-0.09844077	2.910059	-0.07250863	0.4206793	2.955929	-0.2841178	0.3852741	2.756212	-0.05314232	-0.08978017	2.910322	-0.1480071	-0.1038255	2.834779	0.005629621	0.1697643	3.04257	-0.3006707	0.1031221	2.716419	-0.07742183	-0.5857815	2.831946	-0.1981284	-0.5177819	3.058015	0.04409482	-1.001024	2.82165	-0.1853934	-0.9706811	3.185127	

0.06503634	-0.07632016	3.142891	-0.2026901	-0.1313481	2.618091	0.2065719	-0.1726724	3.173987	-0.1468447	-0.3064723	2.561383	0.1414187	-0.1457627	3.091222	-0.1421648	-0.2580678	2.580722	-0.1385319	0.6536619	2.838366	-0.1847354	0.5196867	2.857684	-0.175016	0.444607	2.867996	-0.140297	0.2165026	2.893193	-0.08578688	-0.0912709	2.922132	-0.0726073	0.4219971	2.956779	-0.2836637	0.3851252	2.756099	-0.03739399	-0.08068902	2.92344	-0.1321804	-0.09920155	2.845352	0.01163439	0.1886164	3.098476	-0.2909569	0.09250505	2.691278	-0.07507563	-0.6018215	2.831238	-0.1982069	-0.5377073	3.076787	0.04067761	-0.9995222	2.822773	-0.1836234	-0.9716283	3.183941	

0.09183712	-0.04189519	3.139777	-0.1945729	-0.1343181	2.606478	0.2228886	-0.1664024	3.170722	-0.1276433	-0.2981209	2.539747	0.1497204	-0.125017	3.102353	-0.1353012	-0.2037437	2.569727	-0.1393989	0.6534614	2.837533	-0.1846775	0.5195533	2.85739	-0.1746805	0.4448309	2.867745	-0.1380273	0.2219405	2.893181	-0.08330019	-0.07278798	2.919742	-0.07300891	0.4234574	2.957317	-0.2833589	0.3851615	2.755826	-0.0354315	-0.06165801	2.921179	-0.129178	-0.0820352	2.843097	0.01244489	0.1873733	3.088779	-0.2875027	0.09688325	2.684052	-0.07136194	-0.5775352	2.832801	-0.1961417	-0.5182339	3.067545	0.03973094	-0.9972012	2.822431	-0.1821362	-0.9723501	3.182983	

0.148326	-0.05021451	3.142951	-0.1883805	-0.1289189	2.589452	0.250007	-0.1464135	3.172421	-0.1146563	-0.2783203	2.506658	0.1823073	-0.1245625	3.103858	-0.1203504	-0.2102187	2.5345	-0.1403317	0.6535355	2.836295	-0.184609	0.5194278	2.856951	-0.1742259	0.4454627	2.867221	-0.1361909	0.2304092	2.891412	-0.08240077	-0.05240312	2.91374	-0.07390939	0.4262848	2.958895	-0.2825246	0.3850563	2.754847	-0.03571263	-0.04068424	2.917283	-0.1270554	-0.06250834	2.835407	0.01166562	0.1923461	3.087242	-0.284387	0.1012309	2.678262	-0.06914832	-0.5510447	2.834337	-0.1927294	-0.4952973	3.054488	0.05755046	-0.9899933	2.818127	-0.1835791	-0.9733093	3.183617	

0.1239377	-0.01437739	3.137378	-0.1725582	-0.1243949	2.554165	0.2613862	-0.1160295	3.162595	-0.1046419	-0.2573761	2.485677	0.2037186	-0.09587987	3.100353	-0.1046786	-0.1914075	2.512866	-0.1410047	0.65339	2.835875	-0.1846365	0.5193973	2.856815	-0.1741886	0.4454854	2.867081	-0.1360265	0.2299016	2.891182	-0.08200119	-0.06328041	2.913232	-0.07491463	0.4284937	2.959553	-0.2817422	0.3850687	2.75389	-0.03334459	-0.08585354	2.92009	-0.1271168	-0.06242946	2.834852	0.01436003	0.1972632	3.086697	-0.2785347	0.1058155	2.665495	-0.07138512	-0.591377	2.831367	-0.1922965	-0.4922988	3.052556	0.03336505	-0.9838483	2.829206	-0.1834862	-0.9730654	3.183522	

0.1283232	-0.01251591	3.136724	-0.1712796	-0.1230008	2.551391	0.2609204	-0.1068361	3.135768	-0.1064379	-0.2536103	2.468914	0.1466062	-0.0666654	3.133934	-0.09987017	-0.1970827	2.51	-0.1416224	0.6534887	2.835483	-0.1846914	0.5193311	2.856555	-0.1741078	0.4456054	2.866852	-0.1358752	0.2299583	2.890933	-0.08185679	-0.06332365	2.913002	-0.08769727	0.4678845	2.993268	-0.2805967	0.3848728	2.752989	-0.03366339	-0.08374712	2.920485	-0.1257679	-0.05945925	2.833416	0.009947737	0.2237674	3.089774	-0.2757389	0.1079532	2.660308	-0.07066758	-0.587145	2.831546	-0.187368	-0.4948766	3.038802	0.0397557	-0.9955277	2.82609	-0.1500818	-0.7975569	3.071554	

0.1401774	-0.001568986	3.133679	-0.169783	-0.1214532	2.546046	0.2969405	-0.1006724	3.158533	-0.1056037	-0.2547307	2.459265	0.2503922	-0.09091906	3.091	-0.1018708	-0.1921984	2.503909	-0.1420135	0.6535502	2.834826	-0.1847246	0.5193252	2.856339	-0.1740076	0.4457317	2.866606	-0.1356144	0.2297781	2.890483	-0.08127885	-0.06481728	2.91201	-0.07478661	0.431686	2.956154	-0.2799733	0.3844341	2.751493	-0.0328744	-0.08365923	2.919801	-0.1260376	-0.05922123	2.832273	0.0193237	0.2057491	3.084136	-0.2733404	0.1099028	2.654911	-0.0702462	-0.5847819	2.831381	-0.1924635	-0.4843223	3.049125	0.03665932	-0.9824592	2.827682	-0.1822425	-0.9732744	3.182596	

0.1445734	0.00323965	3.130574	-0.1701861	-0.1186565	2.543752	0.3065735	-0.0917854	3.151511	-0.1088055	-0.2609012	2.461892	0.2506336	-0.07433139	3.083417	-0.09800415	-0.2131188	2.4956	-0.1425354	0.6538525	2.833856	-0.1846737	0.519522	2.85586	-0.1736721	0.4462055	2.865934	-0.1349544	0.2296411	2.889014	-0.08026132	-0.0666278	2.908804	-0.06875575	0.4243523	2.959584	-0.2779702	0.3843201	2.749993	-0.03100223	-0.08375756	2.915025	-0.1260526	-0.05882078	2.830045	0.02425385	0.1986115	3.08639	-0.2722879	0.111122	2.652709	-0.06830477	-0.5830996	2.830173	-0.1915895	-0.4818404	3.046579	0.03561676	-0.9785872	2.82807	-0.1822087	-0.9733767	3.182467	

0.145896	0.005914605	3.128687	-0.1704261	-0.1177358	2.543397	0.3063606	-0.08596962	3.149324	-0.1113569	-0.2613977	2.461303	0.2598363	-0.08063379	3.078	-0.1099712	-0.1770836	2.5181	-0.1426121	0.6541282	2.833132	-0.1843295	0.5194479	2.855044	-0.1729245	0.4465568	2.864896	-0.1335813	0.2302528	2.887002	-0.07845993	-0.06539963	2.905817	-0.06941028	0.4303666	2.962496	-0.2762459	0.3840196	2.74842	-0.0289914	-0.08051266	2.911389	-0.1241936	-0.05554245	2.82603	0.02416039	0.20282	3.08426	-0.2715721	0.1117882	2.651455	-0.06684913	-0.5781443	2.829602	-0.1901381	-0.4763513	3.042466	0.03589114	-0.9764345	2.828247	-0.1820871	-0.9734892	3.182326	

0.1469987	0.009025398	3.12603	-0.1703278	-0.1178307	2.543364	0.3075293	-0.08451621	3.137871	-0.1127866	-0.2639136	2.463021	0.1723046	-0.0504438	3.120909	-0.1036761	-0.1985548	2.510734	-0.1422186	0.6543814	2.832294	-0.1834981	0.5193577	2.853211	-0.1718922	0.4467842	2.863061	-0.1327926	0.2300514	2.884889	-0.07828937	-0.06600443	2.903692	-0.0694413	0.4310171	2.96211	-0.2750732	0.3840919	2.746916	-0.02887307	-0.08080329	2.910071	-0.1244033	-0.05485597	2.823138	0.03238678	0.2080844	3.094134	-0.271179	0.1072448	2.649501	-0.0660438	-0.5793753	2.828477	-0.1889987	-0.4760312	3.041058	0.03692016	-0.9741731	2.82704	-0.1822111	-0.9726653	3.181835	

0.1479423	0.01015021	3.123527	-0.1703212	-0.1171102	2.544226	0.3093267	-0.08293567	3.142958	-0.1109569	-0.2666192	2.464936	0.2502774	-0.07079159	3.074091	-0.1019993	-0.2047248	2.518539	-0.1419525	0.6544439	2.831848	-0.1826763	0.5195522	2.85192	-0.1709118	0.446982	2.861761	-0.1318721	0.2291598	2.883243	-0.07760942	-0.06914956	2.901339	-0.05806718	0.4066323	2.944769	-0.2738692	0.3843268	2.74578	-0.02830263	-0.08145674	2.908349	-0.1242382	-0.05907197	2.820761	0.03785566	0.1913081	3.096959	-0.2710827	0.1068457	2.649231	-0.06505426	-0.5801118	2.827618	-0.1886723	-0.4787565	3.040972	0.03835444	-0.9729076	2.825781	-0.182248	-0.972702	3.181769	

0.1459783	0.0082774	3.119097	-0.1699799	-0.1181537	2.547642	0.3081962	-0.08261746	3.131446	-0.1157438	-0.2680944	2.471256	0.2529663	-0.07657579	3.0605	-0.1081655	-0.2080276	2.520455	-0.1373802	0.6546226	2.829481	-0.1805324	0.52014	2.849975	-0.1687335	0.4477511	2.859949	-0.130518	0.2293724	2.881842	-0.07720516	-0.06918725	2.900627	-0.05929951	0.4174198	2.948136	-0.2719888	0.3855597	2.744634	-0.02816824	-0.08000723	2.906819	-0.123498	-0.05961507	2.82023	0.03335834	0.1878265	3.08102	-0.2706203	0.106695	2.649389	-0.06418255	-0.5773335	2.826904	-0.1881023	-0.4778666	3.039955	0.03900594	-0.9725731	2.825673	-0.1832117	-0.9731794	3.182207	

0.1411204	0.005823125	3.112946	-0.1693215	-0.1197442	2.552526	0.2998269	-0.08267856	3.133688	-0.1126516	-0.2667938	2.479626	0.2390545	-0.0776082	3.061429	-0.106663	-0.2050229	2.5387	-0.131793	0.6552037	2.826642	-0.1766882	0.5202508	2.847558	-0.1647685	0.4482083	2.857837	-0.126963	0.2298483	2.880391	-0.07452537	-0.06850086	2.900171	-0.06003721	0.4253814	2.953099	-0.2691402	0.3865446	2.743096	-0.02635388	-0.07802957	2.907091	-0.1194374	-0.05954568	2.818949	0.03156523	0.1920981	3.078966	-0.2692369	0.1070032	2.649549	-0.06319981	-0.5739391	2.826801	-0.1862521	-0.4762016	3.038165	0.04113704	-0.9718546	2.825523	-0.1835895	-0.9741284	3.181985	

0.1333234	0.002615965	3.104794	-0.1679605	-0.1204367	2.552958	0.2534333	-0.08023248	3.077113	-0.1036529	-0.2603108	2.46901	0.1330011	-0.05975756	3.0895	-0.09294248	-0.2105001	2.5255	-0.1182621	0.6529883	2.821818	-0.1694788	0.5210167	2.841811	-0.1580467	0.4488218	2.853353	-0.1218562	0.2293406	2.878604	-0.07066523	-0.06991777	2.901014	-0.06008324	0.4294897	2.953269	-0.2619617	0.3854567	2.738007	-0.0240528	-0.07632112	2.907902	-0.1127208	-0.06573536	2.820323	0.03055626	0.1868148	3.061838	-0.2659844	0.1060428	2.647704	-0.06234785	-0.5709538	2.826618	-0.1795409	-0.4882328	3.028013	0.03597151	-0.9870415	2.825189	-0.146203	-0.7872154	3.059671	

0.1287653	-0.0001143071	3.099028	-0.1634026	-0.1223888	2.550381	0.2502823	-0.07608379	3.061441	-0.08373	-0.2593873	2.460208	0.1192842	-0.0559403	3.08	-0.08838831	-0.1938564	2.508846	-0.1104967	0.6498057	2.816486	-0.1651313	0.5217537	2.836895	-0.1541685	0.4493834	2.849067	-0.1195931	0.2290386	2.876124	-0.07016952	-0.0705797	2.900464	-0.05965958	0.4325717	2.95437	-0.2563378	0.3852623	2.733008	-0.02408543	-0.07635926	2.907745	-0.1118865	-0.06653301	2.819476	0.023713	0.182677	3.051881	-0.2603972	0.1065152	2.64343	-0.06215036	-0.5700058	2.826243	-0.1881413	-0.4797755	3.037424	0.03375371	-0.9883724	2.824676	-0.1836158	-0.9744388	3.181952	

0.1250058	-0.0009388188	3.095565	-0.1594057	-0.122865	2.548873	0.2418609	-0.07326141	3.061105	-0.07553607	-0.2587144	2.468904	0.1400357	-0.06421801	3.0712	-0.08478756	-0.193475	2.505706	-0.1043815	0.6485426	2.814758	-0.1602983	0.5224133	2.832309	-0.1498256	0.4499079	2.845163	-0.1169088	0.228877	2.874115	-0.06946763	-0.0711302	2.900345	-0.05960329	0.4343854	2.950922	-0.2514996	0.3855696	2.730379	-0.02396732	-0.07638942	2.907785	-0.1110458	-0.06714919	2.819076	0.02287529	0.1855475	3.049491	-0.2565575	0.1075048	2.641226	-0.06215366	-0.5690976	2.825713	-0.1882842	-0.4788415	3.037514	0.03271124	-0.9897511	2.82471	-0.1831427	-0.974381	3.181827	

0.1222954	-0.001354362	3.093677	-0.152614	-0.1257137	2.545006	0.2436705	-0.07417203	3.060321	-0.07255549	-0.2604517	2.462815	0.1219977	-0.05871032	3.077534	-0.08163075	-0.1848108	2.510786	-0.09853388	0.6474766	2.812621	-0.1584212	0.5226545	2.831006	-0.1478722	0.4501898	2.843951	-0.114961	0.2290438	2.873321	-0.06821908	-0.071289	2.900546	-0.0588096	0.4347778	2.949135	-0.2488058	0.3857921	2.728513	-0.02322877	-0.07616242	2.908361	-0.1097264	-0.06723768	2.818868	0.02037641	0.187072	3.050618	-0.2523383	0.108471	2.639101	-0.06228155	-0.5679483	2.82561	-0.1877473	-0.4777493	3.037443	0.0321032	-0.9905486	2.824449	-0.1830374	-0.974299	3.181864	

0.118569	-0.001977174	3.090015	-0.1436841	-0.1291963	2.5425	0.2430919	-0.08199265	3.067926	-0.06902388	-0.2674303	2.463577	0.1114715	-0.05676192	3.070118	-0.05851085	-0.2202508	2.514857	-0.089788	0.6454161	2.808764	-0.1530261	0.523005	2.826246	-0.1429493	0.4506887	2.839782	-0.1115354	0.2296133	2.870852	-0.06703526	-0.0710154	2.900228	-0.05496338	0.4353656	2.943656	-0.2440392	0.3860264	2.724548	-0.02269703	-0.07607011	2.908448	-0.1080126	-0.06614269	2.817902	0.023484	0.1901685	3.049099	-0.2451873	0.1091528	2.635793	-0.06225934	-0.5670388	2.825511	-0.1836321	-0.4804338	3.029958	0.03309381	-0.9914451	2.823848	-0.1840549	-0.9736127	3.181685	

0.1150292	-0.00683763	3.087235	-0.1381764	-0.1327543	2.541349	0.251773	-0.09840647	3.086816	-0.06770686	-0.2742369	2.46385	0.1191977	-0.0672344	3.067526	-0.06378908	-0.2169439	2.500462	-0.08524582	0.6437597	2.806841	-0.1488918	0.5233501	2.823086	-0.1389337	0.451216	2.837296	-0.1077732	0.2305093	2.870131	-0.06314564	-0.06957819	2.902472	-0.05017147	0.443287	2.957172	-0.2376687	0.3858155	2.721014	-0.02185308	-0.07511123	2.910155	-0.09966368	-0.0632771	2.820946	0.0266035	0.1937522	3.053516	-0.2397818	0.1094051	2.632929	-0.06205624	-0.5651648	2.825714	-0.1873353	-0.4710049	3.038173	0.03291141	-0.9937658	2.823633	-0.1849593	-0.9740669	3.181818	

0.1104698	-0.0123799	3.084567	-0.1314327	-0.1366695	2.540552	0.2336349	-0.1240911	3.093212	-0.06208201	-0.2840679	2.472557	0.1777288	-0.09790646	3.035305	-0.05828593	-0.2277402	2.509667	-0.07473983	0.6411058	2.802064	-0.1405988	0.5234717	2.816442	-0.1317719	0.4511023	2.831416	-0.1038105	0.2298069	2.866598	-0.06246342	-0.0704577	2.901608	-0.04621629	0.4393965	2.945432	-0.2306452	0.3857821	2.716241	-0.02147852	-0.07538238	2.909847	-0.09939706	-0.06464607	2.819527	0.02781889	0.1933919	3.049337	-0.2326209	0.1095663	2.629604	-0.0618384	-0.5647471	2.825596	-0.187119	-0.4709955	3.03757	0.03330325	-0.9937227	2.823362	-0.1852569	-0.9743634	3.181886	

0.1072625	-0.0157275	3.083885	-0.1288008	-0.1390138	2.540222	0.2372599	-0.1362496	3.111737	-0.06578365	-0.288179	2.471961	0.1854092	-0.1133185	3.041333	-0.06587133	-0.2093882	2.517375	-0.07126731	0.640867	2.800628	-0.1367669	0.5232062	2.813373	-0.1281458	0.4507998	2.828333	-0.1011196	0.2293054	2.863799	-0.06174986	-0.07123464	2.900157	-0.04465804	0.4384097	2.939254	-0.2262072	0.3860885	2.713376	-0.02085869	-0.07565507	2.9089	-0.09920433	-0.06578312	2.817699	0.02819111	0.1947021	3.047098	-0.2294713	0.1099967	2.628404	-0.06187525	-0.5643601	2.825022	-0.1869011	-0.470776	3.036644	0.03364837	-0.9935086	2.823309	-0.1851361	-0.9742021	3.181925	

0.1033956	-0.02181973	3.083295	-0.1270626	-0.1397461	2.541239	0.2245325	-0.1383926	3.108803	-0.07046941	-0.2873236	2.468555	0.172806	-0.1137976	3.043524	-0.05718448	-0.2382075	2.51625	-0.06861237	0.6399379	2.798897	-0.1341563	0.5231833	2.811075	-0.1256683	0.4508149	2.825929	-0.09917313	0.2293486	2.861198	-0.06112671	-0.07143109	2.897994	-0.04395888	0.438543	2.938497	-0.223127	0.3861285	2.711199	-0.02045195	-0.0756924	2.907454	-0.09883183	-0.06598365	2.814888	0.02826236	0.1954022	3.046696	-0.2268201	0.1103007	2.627189	-0.06160497	-0.5638615	2.824363	-0.1865129	-0.4695462	3.034936	0.03352646	-0.9942908	2.823243	-0.1847208	-0.9733332	3.182021	

0.1014246	-0.02587754	3.083006	-0.1254645	-0.1407056	2.542026	0.2084795	-0.1411197	3.094118	-0.06956565	-0.2881623	2.469352	0.1696988	-0.1182057	3.036	-0.06206313	-0.2257359	2.512033	-0.06360382	0.6390353	2.796232	-0.1302896	0.5243532	2.8069	-0.1216319	0.4517256	2.822857	-0.0940264	0.2296063	2.860726	-0.05283051	-0.07266314	2.902338	-0.04169059	0.4397289	2.935653	-0.2200313	0.3868115	2.708393	-0.01422828	-0.07664833	2.910328	-0.08957116	-0.06713063	2.820771	0.02866194	0.1963373	3.043555	-0.224692	0.1109095	2.626406	-0.06063487	-0.5636109	2.824284	-0.1842198	-0.4710932	3.036984	0.03378725	-0.9944624	2.823039	-0.1857546	-0.9735562	3.182405	

0.1000668	-0.02979107	3.082811	-0.1240461	-0.1416644	2.542244	0.2219745	-0.1406307	3.108053	-0.06157773	-0.2901839	2.470896	0.1840532	-0.1383456	3.032429	-0.06755421	-0.2071197	2.513353	-0.05977193	0.6390984	2.794724	-0.1272513	0.5252609	2.804641	-0.1185911	0.4526225	2.820711	-0.09145939	0.2303002	2.859274	-0.05183858	-0.07236651	2.901707	-0.03933573	0.4407611	2.933773	-0.215887	0.3866371	2.70562	-0.01327999	-0.07612203	2.90978	-0.08866401	-0.06702537	2.820094	0.02972035	0.1974507	3.041737	-0.2214222	0.1107421	2.625248	-0.05996273	-0.5625878	2.823077	-0.1837508	-0.470549	3.036065	0.03420798	-0.9947605	2.82281	-0.1854627	-0.9732717	3.182426	

0.09995203	-0.03188342	3.083526	-0.1208037	-0.1409367	2.543002	0.2047839	-0.1368409	3.093568	-0.05689557	-0.2872601	2.46795	0.0806874	-0.08450513	3.079625	-0.0517312	-0.2418198	2.499273	-0.0390064	0.6417688	2.786368	-0.1163276	0.5254673	2.797725	-0.1091636	0.45303	2.814319	-0.08616304	0.2310454	2.854656	-0.05083447	-0.07154611	2.898866	-0.029233	0.4413072	2.927224	-0.2061367	0.389321	2.699913	-0.01195191	-0.07550842	2.905697	-0.08804176	-0.06605575	2.81826	0.03752897	0.1980109	3.035619	-0.2139083	0.1132165	2.622228	-0.05951052	-0.5616783	2.821276	-0.1820904	-0.4699097	3.033352	0.03434477	-0.9944713	2.822421	-0.1852551	-0.9737172	3.182442	

0.1000484	-0.0337538	3.084054	-0.1182067	-0.1419577	2.543998	0.2070791	-0.1346746	3.102399	-0.05466355	-0.2826363	2.463987	0.161662	-0.1106238	3.044615	-0.05024052	-0.2389674	2.491	-0.03459277	0.6404641	2.784419	-0.1126501	0.5260981	2.795763	-0.1055045	0.4535386	2.812395	-0.08298931	0.2311955	2.853023	-0.0495764	-0.07170787	2.897922	-0.02557927	0.4420454	2.925231	-0.2005206	0.3901219	2.696207	-0.01047792	-0.07568979	2.903385	-0.0869518	-0.06616656	2.818187	0.03780181	0.1989868	3.035044	-0.2102312	0.114025	2.620286	-0.06161029	-0.5614421	2.822993	-0.1804786	-0.4706534	3.031788	0.03427529	-0.9945351	2.822341	-0.1840911	-0.9733336	3.18183	

0.1019735	-0.03586076	3.084573	-0.1161509	-0.1414499	2.543836	0.2057755	-0.1263973	3.090113	-0.04734702	-0.2834471	2.464149	0.08225012	-0.08073746	3.082154	-0.0504065	-0.2319471	2.501188	-0.03126502	0.6387007	2.783513	-0.1082502	0.5261214	2.793659	-0.1015963	0.4534719	2.811215	-0.07993465	0.2309104	2.853969	-0.04714904	-0.07245776	2.902521	-0.0212188	0.4421491	2.923111	-0.1946506	0.3893659	2.693178	-0.009337949	-0.07604118	2.905871	-0.08296146	-0.06736031	2.826066	0.03867982	0.1996154	3.034875	-0.2059314	0.1134471	2.618136	-0.05975869	-0.561111	2.82063	-0.1799293	-0.4734513	3.035249	0.03335939	-0.994961	2.823027	-0.1830314	-0.9731922	3.181949	

0.1021678	-0.03563191	3.084703	-0.1141125	-0.1416163	2.542386	0.2062274	-0.1204632	3.073063	-0.04191606	-0.2833666	2.463347	0.1025875	-0.0910452	3.08625	-0.05249872	-0.2079828	2.504727	-0.02705792	0.6383688	2.781605	-0.1038121	0.5266231	2.790887	-0.09976755	0.4537345	2.80905	-0.08351154	0.2308228	2.850994	-0.08153342	-0.07415456	2.892719	-0.01680055	0.4427065	2.920322	-0.1909739	0.3895573	2.691062	-0.04342519	-0.08131824	2.896425	-0.118564	-0.06513122	2.815325	0.04020555	0.2006169	3.033534	-0.2032067	0.113858	2.616605	-0.06247845	-0.5687128	2.81735	-0.1882149	-0.4723164	3.030921	0.03290643	-0.9949447	2.823197	-0.1827471	-0.9729966	3.181838	

0.1025958	-0.03458307	3.08493	-0.1112527	-0.1418529	2.541128	0.2005134	-0.114579	3.065683	-0.03537114	-0.2818881	2.463181	0.0881434	-0.07512518	3.075667	-0.04475699	-0.2113139	2.515286	-0.02227163	0.6366312	2.779521	-0.1004379	0.5267827	2.788689	-0.09793695	0.4537623	2.806905	-0.08573626	0.2303993	2.84856	-0.0840408	-0.07481325	2.891444	-0.01344312	0.4428986	2.918115	-0.1874229	0.3889579	2.688346	-0.04624673	-0.08227199	2.895278	-0.1203724	-0.06547489	2.814101	0.04165086	0.2012373	3.032322	-0.2002138	0.1134049	2.614629	-0.06137275	-0.5694283	2.815499	-0.1881238	-0.4728778	3.029284	0.03267594	-0.9949011	2.82317	-0.1826524	-0.9730964	3.181771	

0.1041757	-0.0342791	3.083598	-0.1072361	-0.1416501	2.538073	0.2075625	-0.1076487	3.059795	-0.02022998	-0.2778033	2.455848	0.09240888	-0.07445243	3.070929	-0.02878862	-0.2182639	2.503286	-0.01634981	0.6348229	2.775695	-0.09501636	0.5260661	2.786084	-0.09435555	0.4530548	2.804537	-0.08611411	0.2298374	2.847687	-0.08531511	-0.07562669	2.891474	-0.008047775	0.4422123	2.915504	-0.1842897	0.3889146	2.686654	-0.04787714	-0.08347303	2.894934	-0.1212162	-0.06595404	2.814415	0.0453052	0.2009825	3.030629	-0.1965989	0.1137756	2.612099	-0.06290602	-0.5704833	2.817329	-0.1842172	-0.4794452	3.02066	0.0326139	-0.9952814	2.823137	-0.1824763	-0.9726261	3.181857	

0.1063378	-0.03377018	3.0813	-0.1053895	-0.1411421	2.536064	0.2055139	-0.10954	3.041893	-0.01176748	-0.2770123	2.45704	0.1204394	-0.07792196	3.052727	-0.03236947	-0.1982719	2.501734	-0.01283153	0.6334382	2.773567	-0.09029587	0.5251183	2.783131	-0.0897064	0.452077	2.800948	-0.08446996	0.2288942	2.844249	-0.08380421	-0.076302	2.888891	-0.003342988	0.4412832	2.912544	-0.181165	0.3887364	2.683528	-0.04592162	-0.08413379	2.891754	-0.1199838	-0.06659362	2.812398	0.04729907	0.1979655	3.024466	-0.1942309	0.1136975	2.609834	-0.05939142	-0.5707335	2.81185	-0.18767	-0.4741463	3.026291	0.03524162	-0.9846376	2.821198	-0.1881955	-0.9596447	3.183346	

0.1080934	-0.03285864	3.077653	-0.101957	-0.1389067	2.534102	0.2134355	-0.1134831	3.035888	-0.0004256323	-0.2677254	2.451601	0.1029268	-0.07471079	3.053765	-0.01219458	-0.2132412	2.496375	-0.007038534	0.6334309	2.768504	-0.08575308	0.52464	2.779031	-0.08626516	0.4517205	2.79707	-0.08433443	0.2286691	2.841326	-0.08516158	-0.07620902	2.887125	0.00118934	0.4408147	2.908438	-0.1779898	0.3884011	2.680828	-0.04667988	-0.08403632	2.89063	-0.121905	-0.06650594	2.809994	0.0492193	0.1974372	3.020723	-0.1904501	0.1138395	2.605891	-0.05695258	-0.5702965	2.808892	-0.1878694	-0.4732965	3.025004	0.03844148	-0.9814187	2.819927	-0.1898603	-0.9559199	3.184284	

0.1085373	-0.03196993	3.073117	-0.1000979	-0.1377053	2.532594	0.2103077	-0.1108465	3.020887	0.004038183	-0.2649195	2.44875	0.105467	-0.08046906	3.048	-0.005665246	-0.219396	2.480154	-0.003671651	0.6318756	2.765453	-0.0815724	0.5231391	2.775054	-0.08291226	0.4505018	2.793319	-0.08383311	0.2280842	2.838611	-0.08614588	-0.07614538	2.885797	0.005358981	0.439322	2.904458	-0.1754822	0.388231	2.677057	-0.04706882	-0.08389333	2.890348	-0.1236148	-0.06668647	2.806921	0.05060023	0.1943998	3.014373	-0.1881065	0.113683	2.603213	-0.05598158	-0.5698169	2.807714	-0.1881016	-0.4723102	3.023561	0.03974766	-0.9794892	2.820575	-0.1893238	-0.9550014	3.184045	

0.1092401	-0.03209914	3.06899	-0.09862503	-0.1372124	2.531162	0.2068463	-0.1101505	3.020719	0.003455397	-0.2650738	2.442931	0.09394734	-0.07522656	3.047	-0.004229753	-0.2183576	2.493286	-0.001031377	0.6317449	2.761548	-0.07887309	0.5225242	2.773081	-0.0801303	0.449799	2.791078	-0.08191819	0.2271696	2.835952	-0.08515344	-0.07690042	2.883864	0.008051331	0.4387109	2.902482	-0.1733586	0.3879273	2.67419	-0.04614953	-0.0840717	2.888994	-0.1224931	-0.06807896	2.804598	0.05220224	0.1941553	3.012961	-0.1865216	0.113503	2.600969	-0.05509043	-0.5697045	2.80617	-0.1876169	-0.4723976	3.022541	0.04037397	-0.9791377	2.820613	-0.1910091	-0.9498671	3.184246	

0.1097272	-0.03249646	3.066001	-0.09746841	-0.1373423	2.529718	0.2157324	-0.1117979	3.02888	0.004828196	-0.2678939	2.454267	0.1028252	-0.08445314	3.041	-0.00936811	-0.216574	2.489686	0.0002508536	0.631797	2.758932	-0.07709706	0.521289	2.771289	-0.0783213	0.44857	2.789222	-0.08054377	0.2260025	2.834031	-0.08422655	-0.07769671	2.882591	0.009822699	0.4374802	2.900689	-0.1717127	0.3874873	2.671817	-0.04533185	-0.08484157	2.887701	-0.1214334	-0.06879413	2.803547	0.05361785	0.1930776	3.01109	-0.185831	0.1131295	2.599595	-0.05469256	-0.5702101	2.805151	-0.1871928	-0.4724928	3.021774	0.04115397	-0.9791219	2.820399	-0.1908468	-0.9495642	3.184273	

0.1103062	-0.0336401	3.060143	-0.09604511	-0.1382023	2.528486	0.2047242	-0.1168118	3.014755	0.002243172	-0.2716649	2.446262	0.1022628	-0.08778527	3.035417	-0.006923935	-0.2177588	2.5015	0.001849558	0.6306742	2.756698	-0.07576806	0.5207719	2.769684	-0.07732027	0.4480872	2.787615	-0.08059723	0.2255093	2.832185	-0.08574697	-0.07819498	2.8804	0.01114879	0.4369648	2.899083	-0.1699213	0.3870338	2.669541	-0.04708226	-0.08592644	2.885086	-0.122567	-0.06875521	2.801945	0.0546565	0.1921977	3.008453	-0.1852826	0.1126999	2.598591	-0.05492701	-0.5711994	2.804299	-0.1876239	-0.4720105	3.02056	0.03758736	-0.9789464	2.822193	-0.1922112	-0.9479659	3.183065	

0.1102035	-0.03551897	3.055334	-0.09499252	-0.1390761	2.527164	0.2040059	-0.1207715	3.010663	0.0006874208	-0.2719273	2.449504	0.1023776	-0.09222513	3.030067	-0.00881327	-0.216787	2.50775	0.003165063	0.6293057	2.753862	-0.07423035	0.5204186	2.767271	-0.07559086	0.4476037	2.784932	-0.07864825	0.2245566	2.828767	-0.08334152	-0.07967842	2.876661	0.0126837	0.4366114	2.896669	-0.1686327	0.3866135	2.667545	-0.04469156	-0.08713989	2.881705	-0.1201612	-0.07036484	2.798048	0.05586684	0.19058	3.003349	-0.1848421	0.1123686	2.597372	-0.06410282	-0.5725504	2.811352	-0.1862917	-0.4721699	3.018138	0.0391004	-0.9789612	2.821208	-0.1921003	-0.9477544	3.182881	

0.1102674	-0.03816016	3.05171	-0.09474915	-0.1397737	2.526356	0.2014182	-0.1300728	3.001875	0.0001681193	-0.2729846	2.453567	0.1067359	-0.09934986	3.0362	-0.01754781	-0.2092597	2.507357	0.003931105	0.628922	2.752877	-0.07341432	0.5205734	2.765901	-0.07476742	0.4476364	2.783659	-0.07794867	0.2242511	2.827771	-0.08262064	-0.08034176	2.876078	0.01349826	0.4367654	2.895298	-0.1678694	0.386315	2.666329	-0.0440864	-0.08774187	2.8809	-0.1192681	-0.07107642	2.797704	0.05629787	0.1904625	3.001216	-0.1847957	0.1122008	2.596615	-0.06538958	-0.5729485	2.81207	-0.1858343	-0.4726389	3.017675	0.03979329	-0.9784354	2.820902	-0.1921577	-0.9476668	3.182756	

0.111642	-0.0411171	3.048573	-0.09482794	-0.140422	2.525323	0.2060812	-0.1276026	3.009374	-0.00189441	-0.2739092	2.452642	0.1021011	-0.09597229	3.030334	-0.01023479	-0.2226916	2.5065	0.004512642	0.6286638	2.751972	-0.07302368	0.5206723	2.765029	-0.07419161	0.4476311	2.782814	-0.0767232	0.2238307	2.826937	-0.07964724	-0.08170402	2.875499	0.01388829	0.4368638	2.894427	-0.1674989	0.3863532	2.665558	-0.04136302	-0.08895162	2.880316	-0.1160515	-0.07251882	2.797197	0.05637093	0.1904723	2.999955	-0.1847691	0.1123814	2.596008	-0.06629571	-0.5738581	2.812554	-0.1848707	-0.4734064	3.017272	0.03587449	-0.9783038	2.823261	-0.1922288	-0.9465486	3.182449	

0.1113188	-0.04178742	3.047332	-0.09513611	-0.14079	2.524107	0.1949427	-0.1285226	2.998378	-0.001156197	-0.2757441	2.451788	0.08917489	-0.09345132	3.029846	-0.007378591	-0.223744	2.511667	0.005338252	0.6287304	2.750162	-0.07262956	0.5204573	2.763869	-0.07408683	0.4472611	2.781429	-0.07822189	0.2226373	2.824252	-0.0857287	-0.08474287	2.87023	0.01900908	0.4051211	2.870532	-0.1674126	0.3865722	2.664534	-0.0441774	-0.09191871	2.876457	-0.1264753	-0.07532151	2.790179	0.05988366	0.1702231	2.996078	-0.1849435	0.1126919	2.59521	-0.06714802	-0.5769361	2.812084	-0.1871075	-0.4743659	3.014674	0.03822605	-0.9774079	2.821755	-0.1913555	-0.9459106	3.181498	

0.1110058	-0.04373318	3.046485	-0.09534771	-0.1409456	2.523667	0.2030698	-0.1301739	3.005376	-0.002018884	-0.2754283	2.452735	0.09564003	-0.09228911	3.034849	-0.01452724	-0.2163294	2.50615	0.00540706	0.6285337	2.749346	-0.07244769	0.5202393	2.763442	-0.07392479	0.4469436	2.780915	-0.0781737	0.2220191	2.823571	-0.0855855	-0.08549912	2.869685	0.01904008	0.4046423	2.87044	-0.1672931	0.3865545	2.664183	-0.04359537	-0.09294708	2.875905	-0.1265018	-0.0758874	2.789679	0.0599965	0.1699603	2.996094	-0.1853586	0.1128802	2.594562	-0.06744957	-0.5778272	2.811965	-0.1871002	-0.4748631	3.014088	0.03914918	-0.9771538	2.821643	-0.191253	-0.945951	3.181559	

0.1106046	-0.04416135	3.046344	-0.09578077	-0.1409164	2.522883	0.1933948	-0.1285681	2.999506	-0.006034139	-0.2739759	2.447754	0.08261345	-0.09107903	3.0386	-0.01301904	-0.2179932	2.509005	0.00568131	0.6283106	2.748681	-0.07217032	0.5199726	2.76328	-0.07349167	0.4465304	2.780581	-0.07710396	0.2210794	2.822554	-0.08267005	-0.08718751	2.86753	0.01923444	0.4040306	2.870569	-0.1672919	0.3866805	2.663887	-0.03992334	-0.09483783	2.873701	-0.1239512	-0.07739671	2.78762	0.06020383	0.16949	2.996259	-0.1857045	0.1131153	2.594305	-0.06772699	-0.5794827	2.811521	-0.1866597	-0.4753128	3.012917	0.03940649	-0.9762717	2.821552	-0.1912347	-0.9458862	3.181531	

0.1102985	-0.04350191	3.046205	-0.0966897	-0.140742	2.521215	0.2025514	-0.1292379	3.015713	-0.006546121	-0.272132	2.445955	0.09577392	-0.09371908	3.033047	-0.01129553	-0.2184174	2.505791	0.00560511	0.6282583	2.74851	-0.07204214	0.5197265	2.763155	-0.07348829	0.4462781	2.780414	-0.07774626	0.2206871	2.822156	-0.08502018	-0.08754659	2.86691	0.01848238	0.4046315	2.870148	-0.167445	0.386799	2.663608	-0.04173741	-0.09518164	2.873288	-0.1265415	-0.07771134	2.786895	0.05989891	0.1702211	2.995761	-0.1864867	0.1135406	2.593161	-0.06783822	-0.5798627	2.81148	-0.1870281	-0.4756693	3.012502	0.04032717	-0.9745864	2.821822	-0.1911807	-0.945686	3.181323	

0.1102528	-0.04366655	3.04642	-0.09700525	-0.140402	2.520269	0.2058404	-0.1274551	3.00588	-0.0080986	-0.2748552	2.447186	0.1040048	-0.09703643	3.026942	-0.01428682	-0.2166522	2.50653	0.005372565	0.6285695	2.748142	-0.07212389	0.5196159	2.762884	-0.07310236	0.4461081	2.779938	-0.0717506	0.2202477	2.820174	-0.05782841	-0.08757322	2.862447	0.01713289	0.4056056	2.869289	-0.1676734	0.3868071	2.663051	-0.01261026	-0.09258959	2.870096	-0.1011166	-0.0801722	2.781348	0.05925703	0.1713948	2.994865	-0.1869691	0.1137517	2.592128	-0.0600104	-0.575449	2.803766	-0.1805877	-0.473209	3.008989	0.04120168	-0.9752691	2.821387	-0.2013938	-0.9338385	3.178836	

0.1094773	-0.04257674	3.046868	-0.09808856	-0.1399338	2.518393	0.2069965	-0.128742	3.002981	-0.008607165	-0.2723496	2.447804	0.0903125	-0.09062623	3.039473	-0.01171018	-0.2189448	2.504142	0.005060462	0.62881	2.748031	-0.07222451	0.5197088	2.762817	-0.07318465	0.4461846	2.77985	-0.07220947	0.2203699	2.82005	-0.0661277	-0.08713118	2.862877	0.01496489	0.4107251	2.874777	-0.1677991	0.3868963	2.662878	-0.02548063	-0.09339585	2.869629	-0.106194	-0.07899591	2.78237	0.05831946	0.1741674	2.996083	-0.1874491	0.1140925	2.591281	-0.05909688	-0.577185	2.800776	-0.1817714	-0.473247	3.00927	0.03983701	-0.9751554	2.820986	-0.202994	-0.9313217	3.178361	

0.1089831	-0.04187215	3.047169	-0.09864353	-0.1395302	2.517285	0.2040231	-0.1228557	3.018304	-0.007486857	-0.2732991	2.451772	0.1152516	-0.1008055	3.029625	-0.0151213	-0.2163317	2.505256	0.004711795	0.6290338	2.747929	-0.07315689	0.5201719	2.762344	-0.07393006	0.4465501	2.779522	-0.07335788	0.220724	2.820246	-0.0706983	-0.08664379	2.865252	0.01283226	0.4132847	2.876552	-0.1680917	0.3870814	2.662411	-0.03006954	-0.09297646	2.87233	-0.1101249	-0.07837147	2.784459	0.05736502	0.1760454	2.996228	-0.1876857	0.1143135	2.591014	-0.05837325	-0.5768006	2.799451	-0.1827656	-0.473965	3.010115	0.0403127	-0.9753817	2.82052	-0.2036884	-0.9306628	3.17903	

0.1084891	-0.04107405	3.047439	-0.09912634	-0.1392099	2.51694	0.2042656	-0.1209306	3.014528	-0.01091224	-0.2780362	2.445068	0.1029845	-0.09512928	3.032179	-0.01268208	-0.2188249	2.506512	0.003683234	0.6300373	2.74807	-0.07375134	0.52056	2.762012	-0.07469103	0.44694	2.779162	-0.07571714	0.2212499	2.820029	-0.07807726	-0.08608378	2.865627	0.01179536	0.4147484	2.877499	-0.1685756	0.3872401	2.662212	-0.03676254	-0.09290954	2.87256	-0.117649	-0.07720315	2.785115	0.05707717	0.1779075	2.997458	-0.1880788	0.1145547	2.590772	-0.05821463	-0.5769674	2.798882	-0.1845418	-0.474043	3.010345	0.04000483	-0.9753193	2.820557	-0.1963226	-0.9379449	3.179811	

0.1081955	-0.04094253	3.047417	-0.09941964	-0.1389714	2.516688	0.2044992	-0.1205809	3.00622	-0.01360092	-0.2768702	2.453593	0.08995509	-0.08975512	3.035077	-0.0131421	-0.2203791	2.516286	0.002287976	0.6303769	2.748711	-0.07448222	0.5210496	2.76196	-0.07557686	0.4474324	2.779124	-0.07778361	0.2218502	2.820337	-0.08193797	-0.08553206	2.86653	0.01065153	0.4161677	2.878689	-0.1690381	0.3873018	2.662042	-0.04099889	-0.09271573	2.873964	-0.121036	-0.07630476	2.78563	0.05647164	0.1790053	2.9978	-0.1883826	0.1146586	2.590717	-0.05803099	-0.5767706	2.798555	-0.1853693	-0.4737968	3.010437	0.04032842	-0.9754654	2.820591	-0.2007711	-0.9353986	3.1795	

0.1072885	-0.04067806	3.047106	-0.1001376	-0.1390047	2.516958	0.2014513	-0.1198169	3.012138	-0.01422083	-0.2805057	2.456128	0.08909561	-0.09398957	3.039714	-0.0142841	-0.2216732	2.509733	0.0001361717	0.6305008	2.749562	-0.07500177	0.5210232	2.762129	-0.07617212	0.4473867	2.779303	-0.07891624	0.2217167	2.820751	-0.08349094	-0.08579183	2.867137	0.009911265	0.4164827	2.879749	-0.1698886	0.3873093	2.662095	-0.04229822	-0.09307135	2.874217	-0.1228147	-0.07640855	2.78669	0.05616128	0.1791427	2.998277	-0.1887979	0.1147067	2.590773	-0.06058963	-0.5771446	2.800811	-0.1859007	-0.4743634	3.011004	0.04022959	-0.9753676	2.820613	-0.1985002	-0.9377913	3.179323	

0.1063562	-0.04079408	3.047694	-0.1007954	-0.1393889	2.519086	0.2048327	-0.121294	3.021643	-0.01553949	-0.2828625	2.467422	0.09357435	-0.09644693	3.037376	-0.01317233	-0.2269823	2.522	-0.002191482	0.63163	2.749828	-0.0767994	0.5217779	2.762813	-0.0778232	0.4480546	2.779998	-0.08040931	0.2222112	2.82172	-0.08448956	-0.08553218	2.868258	0.007891934	0.4178556	2.881565	-0.1707945	0.3873156	2.662412	-0.04330541	-0.09288236	2.874968	-0.1237374	-0.07605063	2.788261	0.05453943	0.180688	3.000136	-0.1892747	0.1147	2.591329	-0.06370899	-0.5770329	2.80512	-0.1862115	-0.4746694	3.011663	0.03938179	-0.9753289	2.820923	-0.2027961	-0.9334908	3.180528	

0.1046198	-0.0416061	3.047972	-0.1014771	-0.139787	2.521896	0.2109788	-0.1219648	3.039889	-0.01249776	-0.2841934	2.473708	0.09115265	-0.09836121	3.034177	-0.0131686	-0.2292107	2.521167	-0.003816181	0.632698	2.751314	-0.07782389	0.5216315	2.763217	-0.0787889	0.447908	2.780418	-0.0813157	0.2220469	2.822322	-0.08513093	-0.08569969	2.868991	0.00691101	0.417896	2.882479	-0.1716912	0.3872484	2.662984	-0.04405806	-0.09306817	2.876065	-0.1242274	-0.07618456	2.78868	0.05277462	0.182104	3.003474	-0.1901093	0.1145761	2.592479	-0.06414993	-0.5771716	2.806093	-0.1864	-0.4748757	3.011953	0.04021041	-0.9758556	2.820651	-0.2051437	-0.9308507	3.180086	

0.103287	-0.04306063	3.04954	-0.101815	-0.1402083	2.526361	0.2082943	-0.1238152	3.039687	-0.01527184	-0.2824744	2.476644	0.082038	-0.09657035	3.042167	-0.02074095	-0.2232709	2.521818	-0.00517262	0.6338792	2.752386	-0.07886342	0.5223283	2.763938	-0.07977873	0.4485238	2.7812	-0.0822622	0.222463	2.823458	-0.08589666	-0.0855763	2.870632	0.005868667	0.418915	2.883787	-0.1723507	0.3873677	2.663739	-0.04486783	-0.09289514	2.877791	-0.1248891	-0.0761044	2.790174	0.05186347	0.1827684	3.004055	-0.1908739	0.1145053	2.594507	-0.06426947	-0.5769329	2.806849	-0.1867992	-0.475121	3.012959	0.04027267	-0.9755968	2.820836	-0.2053512	-0.9305642	3.179984	

0.102149	-0.04373319	3.050132	-0.1019612	-0.1401681	2.530086	0.2072192	-0.1215884	3.041581	-0.01454301	-0.2849731	2.483136	0.08268764	-0.1010638	3.037313	-0.01398711	-0.231238	2.530778	-0.0064529	0.6352518	2.753457	-0.08012786	0.5231734	2.764991	-0.08102877	0.4492887	2.78225	-0.08350945	0.223001	2.824603	-0.08699002	-0.08533901	2.871793	0.004661357	0.4199968	2.885321	-0.1732952	0.3876195	2.664861	-0.04623451	-0.09269439	2.879272	-0.1256861	-0.07584833	2.791022	0.05078603	0.1832704	3.004494	-0.1917164	0.114606	2.596622	-0.06420743	-0.5766809	2.806993	-0.1869453	-0.4752175	3.013391	0.0400799	-0.9752431	2.820852	-0.2059852	-0.929964	3.180096	

0.09917843	-0.04759394	3.051676	-0.102976	-0.14033	2.535105	0.2084361	-0.1229659	3.064395	-0.02670876	-0.2950468	2.495881	0.1620009	-0.1154578	2.988546	-0.01823371	-0.2286784	2.5537	-0.00881095	0.6356278	2.755772	-0.08263857	0.5238368	2.767153	-0.08337437	0.4498299	2.784253	-0.08541101	0.2232042	2.826254	-0.08824671	-0.08547773	2.872948	0.00228603	0.4208146	2.887906	-0.1755704	0.3876087	2.667242	-0.04716325	-0.09291777	2.879829	-0.1272744	-0.07583247	2.792961	0.04868479	0.1835634	3.006028	-0.1936621	0.1144777	2.599741	-0.06436097	-0.5769377	2.807971	-0.1875749	-0.4757078	3.014763	0.04002228	-0.9751412	2.820863	-0.1959188	-0.9373119	3.180437	

0.09734973	-0.04854745	3.051953	-0.1042707	-0.1404053	2.539927	0.2080679	-0.1207817	3.068182	-0.0242264	-0.293417	2.500549	0.1372579	-0.1128155	3.006714	-0.01595896	-0.2320628	2.552625	-0.01160369	0.6355603	2.759654	-0.08553431	0.5239447	2.769341	-0.08581646	0.4498443	2.786546	-0.086747	0.2229296	2.829067	-0.0880568	-0.08626171	2.877066	-0.0004352661	0.4210156	2.890342	-0.178087	0.3874577	2.670278	-0.04721224	-0.09363247	2.882969	-0.1267483	-0.07665186	2.798009	0.04620755	0.1833863	3.007674	-0.1959388	0.1140383	2.604445	-0.06451976	-0.5774596	2.808448	-0.1878272	-0.4776298	3.017956	0.04108609	-0.9758881	2.820221	-0.1945009	-0.9401796	3.180525	

0.09670097	-0.04884999	3.052661	-0.1052591	-0.1392065	2.543758	0.2026409	-0.1144428	3.061402	-0.02125673	-0.2913787	2.5071	0.1562996	-0.1083378	3.000467	-0.01503097	-0.225023	2.552238	-0.01648844	0.6379213	2.763945	-0.08879376	0.5254797	2.77316	-0.08844329	0.4511931	2.789949	-0.08775378	0.2237669	2.831349	-0.08775546	-0.08585992	2.878221	-0.003570606	0.4226551	2.894428	-0.1811618	0.3881797	2.673897	-0.04692424	-0.09334183	2.884043	-0.1264408	-0.07615951	2.799162	0.04359948	0.1845872	3.010774	-0.1982055	0.1145016	2.609394	-0.06639668	-0.5772545	2.81226	-0.187229	-0.4772471	3.019008	0.04123288	-0.9750399	2.820599	-0.1942073	-0.9407792	3.181076	

0.09627437	-0.04925225	3.053583	-0.105708	-0.1376798	2.546134	0.1977299	-0.1056574	3.050407	-0.01652792	-0.2890866	2.518355	0.08764686	-0.09919666	3.038636	-0.01716025	-0.215261	2.553364	-0.01903824	0.6399304	2.765961	-0.09215872	0.5264049	2.777914	-0.09172504	0.4521226	2.794544	-0.09046224	0.2246262	2.835282	-0.08922306	-0.08523764	2.880694	-0.006815455	0.4236383	2.89934	-0.183792	0.389037	2.67751	-0.04826952	-0.09285893	2.886028	-0.127958	-0.07541489	2.802078	0.04054259	0.1853457	3.01519	-0.1998848	0.1154918	2.612072	-0.06377888	-0.5767214	2.810892	-0.1876236	-0.4774228	3.020833	0.04166384	-0.9751443	2.820837	-0.1945762	-0.9408759	3.180875	

0.09527157	-0.04953374	3.054461	-0.1055425	-0.1371349	2.547474	0.2119909	-0.1149623	3.075404	-0.01732165	-0.2879787	2.516293	0.1562956	-0.1018247	2.998875	-0.02670361	-0.2034378	2.538643	-0.02080241	0.6407251	2.767603	-0.09412046	0.5269239	2.779548	-0.09323882	0.452603	2.796212	-0.09085827	0.2250401	2.837218	-0.08773778	-0.08478619	2.883641	-0.008700855	0.424175	2.901015	-0.1852616	0.3891859	2.67878	-0.04691803	-0.09199189	2.888912	-0.1263631	-0.07540006	2.805052	0.03874817	0.1858013	3.016656	-0.2007968	0.1156117	2.61343	-0.06509423	-0.5758319	2.814544	-0.1874704	-0.478027	3.022559	0.04274142	-0.9751369	2.821157	-0.1998144	-0.9357753	3.180119	

0.09492078	-0.04930654	3.054972	-0.1057419	-0.1364189	2.549023	0.1927489	-0.1079645	3.037412	-0.01516964	-0.2837566	2.50767	0.07244727	-0.09036241	3.04575	-0.01264898	-0.2140901	2.5555	-0.02310938	0.6417201	2.770156	-0.09553634	0.5263587	2.781116	-0.09480949	0.4521832	2.797624	-0.09279676	0.2250229	2.838166	-0.09031601	-0.08425502	2.883728	-0.01006737	0.4236283	2.902614	-0.1869722	0.3894211	2.680308	-0.04921314	-0.09157631	2.889478	-0.1292862	-0.07473645	2.804559	0.03732232	0.1852384	3.01818	-0.20217	0.1158325	2.615089	-0.06575999	-0.575526	2.815807	-0.1880479	-0.4774396	3.022497	0.04281536	-0.9751176	2.821155	-0.2018479	-0.9330914	3.179289	

0.09439	-0.04887908	3.055212	-0.1049911	-0.1349495	2.550516	0.1885874	-0.109335	3.036915	-0.008325434	-0.2782416	2.519906	0.0742915	-0.08881696	3.043201	-0.0177699	-0.1977486	2.542143	-0.02565991	0.6408702	2.77292	-0.09773944	0.5267743	2.782472	-0.09709363	0.4526227	2.798929	-0.09510098	0.2254957	2.839226	-0.09236081	-0.08381658	2.884223	-0.01221881	0.4240548	2.903995	-0.1885437	0.389709	2.681914	-0.05112786	-0.09111246	2.889461	-0.1314718	-0.07433128	2.805628	0.03526018	0.185628	3.019415	-0.2041702	0.116121	2.616998	-0.06726134	-0.5752285	2.818164	-0.188314	-0.4772009	3.023739	0.04137804	-0.9737274	2.821526	-0.1954662	-0.9389567	3.17992	

0.09421623	-0.04886554	3.055526	-0.1040254	-0.1336967	2.552598	0.1991834	-0.09340657	3.034016	-0.002055014	-0.2725033	2.523173	0.07904548	-0.08796455	3.042473	-0.02245127	-0.1913718	2.538579	-0.02714452	0.6406063	2.774691	-0.09975923	0.5267552	2.783929	-0.09887504	0.4526436	2.800421	-0.09618822	0.2256167	2.840797	-0.09263622	-0.08359723	2.885792	-0.01420394	0.4240469	2.905473	-0.1899685	0.389961	2.683056	-0.05150952	-0.09079959	2.890496	-0.1315392	-0.07426951	2.807845	0.03329379	0.1856079	3.020809	-0.2060134	0.1164059	2.618264	-0.06777443	-0.5749229	2.819411	-0.1872278	-0.4790935	3.02323	0.04212223	-0.9737779	2.821217	-0.1967165	-0.938624	3.179755	

0.09442871	-0.04878715	3.055818	-0.1017984	-0.1316496	2.555799	0.2121332	-0.1065873	3.077412	0.006201656	-0.2660422	2.533522	0.0887693	-0.05746815	3.04825	-0.01205514	-0.1881673	2.548727	-0.030869	0.641621	2.777581	-0.1017839	0.5263323	2.786859	-0.1006842	0.4523051	2.803127	-0.0973173	0.2254976	2.842841	-0.09297951	-0.08353244	2.886909	-0.01620562	0.4236368	2.908432	-0.1929879	0.3901235	2.686199	-0.05201429	-0.09049623	2.892739	-0.1317168	-0.07431914	2.808195	0.0312887	0.1852026	3.023702	-0.2083124	0.1166113	2.621134	-0.0682319	-0.5745652	2.820899	-0.1877972	-0.4779132	3.02534	0.04035399	-0.9730701	2.821566	-0.1968661	-0.9388678	3.179691	

0.09405728	-0.04802064	3.055969	-0.1009828	-0.1294016	2.558872	0.1930592	-0.1011546	3.041919	0.007025662	-0.2611799	2.523564	0.07766014	-0.08823063	3.03995	-0.005645271	-0.1988534	2.54485	-0.03578024	0.6428298	2.780814	-0.1042505	0.5273184	2.788934	-0.1029595	0.4532804	2.805268	-0.09895623	0.2264464	2.845146	-0.0936972	-0.08260956	2.889262	-0.0186493	0.4246295	2.910525	-0.1959207	0.3908668	2.688888	-0.05295726	-0.08879778	2.896745	-0.1321552	-0.07399907	2.809167	0.02889871	0.1861807	3.0257	-0.2110412	0.1173785	2.623803	-0.06926395	-0.5728372	2.824369	-0.1878837	-0.4777583	3.026122	0.03760038	-0.9710794	2.823015	-0.1964744	-0.939604	3.180114	

0.09404941	-0.04802307	3.055992	-0.09979143	-0.1280068	2.562907	0.2117561	-0.1021936	3.071915	0.007696928	-0.2581242	2.531519	0.1037266	-0.08178487	3.055625	-0.001637721	-0.199629	2.5406	-0.03841572	0.6430367	2.783247	-0.1053127	0.5273829	2.790457	-0.1040228	0.4535139	2.806508	-0.1000802	0.2271578	2.845759	-0.09519238	-0.08089853	2.889029	-0.01970135	0.4246995	2.912058	-0.1978203	0.391451	2.690401	-0.05403461	-0.08792211	2.896845	-0.1341132	-0.0712533	2.808189	0.02852335	0.1842866	3.023397	-0.2126039	0.1179183	2.625773	-0.07036559	-0.5720627	2.826988	-0.1880915	-0.4749883	3.025516	0.03917283	-0.9720464	2.82263	-0.1969272	-0.9394318	3.179993	

0.09341273	-0.04701612	3.056459	-0.09951045	-0.1271143	2.565107	0.2096467	-0.102557	3.075202	0.005002365	-0.2594948	2.534001	0.133183	-0.1039063	3.039167	0.001426539	-0.2056228	2.542053	-0.04085099	0.6444075	2.784396	-0.1073912	0.5278055	2.792465	-0.1059918	0.4540162	2.808251	-0.1016417	0.2278522	2.846746	-0.09616759	-0.08011754	2.889218	-0.02176532	0.4251273	2.914076	-0.1993428	0.3912557	2.691895	-0.055127	-0.08738493	2.89724	-0.1349363	-0.07033037	2.808099	0.02727997	0.1837665	3.023297	-0.2146483	0.1176093	2.628349	-0.07104915	-0.5715767	2.828546	-0.1881788	-0.4741892	3.025352	0.03973661	-0.9717773	2.82245	-0.1982031	-0.9384166	3.180511	

0.09317115	-0.04689516	3.056349	-0.09984901	-0.1262186	2.566769	0.2021364	-0.09738561	3.053753	0.00386394	-0.2573454	2.538586	0.1015231	-0.01769918	3.054	-0.007652049	-0.1958003	2.542641	-0.04502866	0.6430753	2.787471	-0.1108386	0.527757	2.794852	-0.1090154	0.4540731	2.810348	-0.1034355	0.228159	2.847986	-0.09666483	-0.07976606	2.88956	-0.02519379	0.4250856	2.916469	-0.2033418	0.3908749	2.694227	-0.0554892	-0.08718839	2.897364	-0.1355222	-0.06987999	2.80865	0.02487498	0.1829489	3.023702	-0.2172551	0.1173196	2.630165	-0.07140557	-0.5713699	2.830083	-0.1876085	-0.4746872	3.02455	0.03740912	-0.9726536	2.823475	-0.1973251	-0.9394882	3.180895	

0.09235985	-0.04562975	3.05576	-0.1002791	-0.1262292	2.569084	0.2108485	-0.1020285	3.069792	0.003784692	-0.2596398	2.543498	0.08269454	-0.09867909	3.0406	-0.00352958	-0.2005835	2.544116	-0.04663101	0.6433716	2.788531	-0.1117788	0.5278143	2.795438	-0.1100132	0.4541934	2.810947	-0.10452	0.2285065	2.848558	-0.09757328	-0.0791318	2.889908	-0.02612828	0.4251447	2.917058	-0.2047425	0.3908533	2.694818	-0.05643209	-0.08670453	2.897733	-0.136322	-0.06920266	2.808904	0.02406574	0.1826513	3.023401	-0.2181539	0.1173018	2.63104	-0.06412755	-0.5702988	2.819196	-0.1878776	-0.4743057	3.024291	0.03835494	-0.9727907	2.823128	-0.1988167	-0.9351217	3.18089	

0.09133062	-0.04516023	3.054993	-0.1014369	-0.1257414	2.569862	0.2108742	-0.1053202	3.078555	0.003006273	-0.2628997	2.547788	0.07602847	-0.06199522	3.0422	-0.01188191	-0.1899633	2.549368	-0.04701858	0.6435703	2.789034	-0.1131326	0.5280411	2.796014	-0.1112928	0.4544504	2.811528	-0.1055146	0.2288578	2.849096	-0.09806684	-0.07871246	2.89026	-0.02747505	0.4253728	2.917638	-0.2057533	0.3911148	2.695583	-0.05703796	-0.08632928	2.898507	-0.1367468	-0.06876899	2.808923	0.02131796	0.1736962	3.005259	-0.2194391	0.1175474	2.632349	-0.06674829	-0.5701756	2.825217	-0.1879485	-0.4735449	3.024755	0.0362034	-0.9708733	2.824583	-0.1971473	-0.9368461	3.181757	

0.09026971	-0.04520435	3.054707	-0.1030221	-0.1253148	2.57203	0.2111535	-0.1060909	3.063084	-0.001613471	-0.2565152	2.546389	0.09265973	-0.02596249	3.03825	-0.005592751	-0.201921	2.546967	-0.04786268	0.6438522	2.789963	-0.1146777	0.5283415	2.796911	-0.1127003	0.4547483	2.812361	-0.106482	0.2291562	2.849706	-0.09843185	-0.0784514	2.890531	-0.02901391	0.4256747	2.918538	-0.2066813	0.391468	2.69658	-0.05741468	-0.08617212	2.898777	-0.1370607	-0.06845613	2.809136	0.02111787	0.1743672	3.006269	-0.2212964	0.1178909	2.634019	-0.06744093	-0.5700053	2.826277	-0.1879161	-0.4732577	3.0249	0.03616707	-0.9709156	2.824596	-0.1945239	-0.9390379	3.182025	

0.08904236	-0.0459753	3.054069	-0.10389	-0.1246861	2.572539	0.2147732	-0.1093358	3.075082	-0.00337145	-0.2615104	2.547941	0.1571896	-0.09251954	2.973857	-0.008506189	-0.1978256	2.545832	-0.04903216	0.6450724	2.790503	-0.1161268	0.5284902	2.798013	-0.113568	0.4548839	2.813146	-0.1064548	0.2292451	2.849908	-0.09666286	-0.07804395	2.890472	-0.03072141	0.4278331	2.917588	-0.2080087	0.3914223	2.697919	-0.05581493	-0.08571868	2.89886	-0.1351145	-0.06815752	2.808847	0.02051019	0.1767916	3.005355	-0.2229791	0.1179523	2.635126	-0.06854896	-0.5695382	2.827792	-0.1874887	-0.4726247	3.024755	0.03607666	-0.9707915	2.824616	-0.194746	-0.939713	3.181301	

0.08718273	-0.04684754	3.052513	-0.1058496	-0.124447	2.572278	0.2134294	-0.1125147	3.065915	-0.007406301	-0.2562377	2.537889	0.1548519	-0.09472244	2.974459	-0.01948495	-0.1928514	2.54775	-0.05304665	0.6459062	2.792686	-0.1169749	0.5287335	2.798713	-0.1158034	0.4552595	2.814272	-0.116301	0.2301314	2.852406	-0.1250701	-0.07634927	2.894434	-0.03166746	0.42934	2.917007	-0.2091927	0.3918308	2.69891	-0.08150999	-0.08608488	2.902513	-0.1656782	-0.06442856	2.81295	0.02097108	0.1786003	3.004661	-0.2238421	0.1184914	2.635631	-0.06452256	-0.5686509	2.816821	-0.1954242	-0.4728334	3.026421	0.03816378	-0.9717765	2.823349	-0.1947306	-0.9401166	3.180807	

0.08574636	-0.04792777	3.051426	-0.1072171	-0.1238876	2.571904	0.2072856	-0.1125581	3.055817	-0.008600751	-0.2560399	2.547472	0.1462822	-0.0977027	2.989572	-0.0233456	-0.188974	2.549334	-0.05488315	0.6459982	2.795141	-0.1189408	0.5293313	2.801208	-0.1171394	0.4557869	2.816148	-0.1159195	0.2304567	2.852947	-0.1136389	-0.07504599	2.893641	-0.03311481	0.4308756	2.91772	-0.2096344	0.3921099	2.699877	-0.07188939	-0.08389179	2.901953	-0.1522761	-0.06431112	2.811826	0.02001778	0.1803874	3.005561	-0.2248271	0.118903	2.636433	-0.06317933	-0.5665058	2.815234	-0.1923375	-0.4715201	3.02554	0.03786051	-0.9717644	2.823477	-0.1956756	-0.9401455	3.18081	

0.08459927	-0.0484262	3.05106	-0.1086645	-0.1230264	2.571942	0.2135569	-0.1199806	3.073813	-0.00815088	-0.2539826	2.539662	0.1500551	-0.09968719	2.989	-0.01611906	-0.1959442	2.540679	-0.05552274	0.6470879	2.795913	-0.1200373	0.5294743	2.802584	-0.1179175	0.4559409	2.817262	-0.1155577	0.2306129	2.853354	-0.1097306	-0.07485679	2.893344	-0.03396365	0.4316131	2.918133	-0.210575	0.3929639	2.701356	-0.06781792	-0.08348218	2.901369	-0.1487373	-0.0643262	2.811796	0.01944803	0.1812572	3.006022	-0.2255282	0.1199713	2.636913	-0.07104325	-0.5671179	2.82781	-0.1860843	-0.4764692	3.018045	0.03905731	-0.9716672	2.823091	-0.1745029	-0.7796186	3.068656	

0.08387779	-0.04916188	3.050465	-0.1096959	-0.1229728	2.571892	0.2100174	-0.1202815	3.067247	-0.008934447	-0.2535216	2.543851	0.152292	-0.1014609	2.981535	-0.01965757	-0.1898207	2.541906	-0.05701214	0.6476915	2.796608	-0.120559	0.5293711	2.803062	-0.1183189	0.4558744	2.817701	-0.1153185	0.2306316	2.853585	-0.1079108	-0.07488795	2.89334	-0.03438823	0.4318672	2.918164	-0.212731	0.3928041	2.702229	-0.06563225	-0.08325834	2.90125	-0.1473108	-0.06456245	2.81189	0.01841885	0.1806749	3.004287	-0.226518	0.1198723	2.637383	-0.07172674	-0.5668782	2.828827	-0.1883183	-0.4726932	3.023806	0.03859586	-0.9719236	2.823284	-0.1946786	-0.940631	3.181019	

0.08277559	-0.0501629	3.049882	-0.1112614	-0.1227415	2.571192	0.2154748	-0.1272094	3.06516	-0.01206729	-0.254105	2.539638	0.1417881	-0.09954563	2.983733	-0.02436396	-0.1889059	2.537318	-0.05763751	0.6480818	2.797149	-0.1220488	0.5292103	2.804598	-0.1194293	0.4557876	2.818992	-0.1151372	0.230687	2.854049	-0.1061608	-0.07478448	2.89336	-0.03562766	0.4322629	2.918884	-0.2131827	0.3929427	2.703329	-0.06406362	-0.08296818	2.901375	-0.1454509	-0.0646722	2.811803	0.01721481	0.1809488	3.004579	-0.2272215	0.1201918	2.63786	-0.07221334	-0.5664844	2.828714	-0.1899443	-0.4709399	3.025904	0.03926027	-0.9718903	2.823249	-0.1963506	-0.93922	3.180571	

0.08081785	-0.05216106	3.047588	-0.1141426	-0.1221228	2.568989	0.209504	-0.1306355	3.074697	-0.01182611	-0.2508722	2.537456	0.1422425	-0.1025967	2.978286	-0.02599835	-0.1856172	2.539823	-0.05850738	0.6477983	2.798009	-0.1227425	0.5294621	2.805125	-0.1199525	0.4560519	2.819506	-0.1148249	0.2310219	2.854457	-0.10427	-0.07418821	2.893582	-0.03639314	0.4328833	2.919097	-0.2139526	0.39346	2.703925	-0.06207569	-0.08201723	2.90146	-0.1437058	-0.06441014	2.81216	0.01656642	0.1814906	3.004428	-0.2286756	0.1208901	2.637965	-0.07203668	-0.5654191	2.828304	-0.1896266	-0.4707643	3.025771	0.0359644	-0.9699054	2.823724	-0.1955312	-0.9403852	3.181312	

0.0793469	-0.05392956	3.046133	-0.1160513	-0.1213844	2.568667	0.2041574	-0.1363369	3.067268	-0.01470796	-0.2453322	2.534606	0.1438052	-0.1092755	2.982273	-0.02525678	-0.1859978	2.536802	-0.05903031	0.6480791	2.798785	-0.1232787	0.5298519	2.805551	-0.1204988	0.4564377	2.819928	-0.1148893	0.2312653	2.854637	-0.104235	-0.0741154	2.893535	-0.03701433	0.4336143	2.919276	-0.2144455	0.3940577	2.704384	-0.06203506	-0.08183313	2.901277	-0.1436821	-0.0643899	2.81217	0.01612428	0.1821908	3.004332	-0.2301024	0.1215163	2.638832	-0.07243084	-0.5651659	2.82802	-0.1898275	-0.4706912	3.025721	0.03710939	-0.9705563	2.822907	-0.1957602	-0.9400668	3.181445	

0.07818479	-0.05440409	3.045668	-0.1172057	-0.120835	2.568946	0.20134	-0.1349155	3.067812	-0.0132102	-0.2441407	2.535315	0.1310119	-0.103115	2.976	-0.02011846	-0.1904535	2.541228	-0.05990246	0.6483139	2.799706	-0.1233856	0.5298679	2.805752	-0.1206149	0.4564635	2.820134	-0.1148174	0.2313244	2.854765	-0.104091	-0.07408618	2.893494	-0.03732701	0.433323	2.918998	-0.2155971	0.3944399	2.704861	-0.06175788	-0.08180697	2.901259	-0.1436339	-0.06436871	2.81213	0.01592409	0.1818336	3.003715	-0.2312782	0.1219193	2.639463	-0.07313263	-0.5650589	2.827957	-0.1898386	-0.4706156	3.025657	0.03786133	-0.9706302	2.822671	-0.1983884	-0.9386902	3.181772	

0.07768563	-0.05484942	3.044181	-0.1245572	-0.1217304	2.569867	0.2011686	-0.1284516	3.061079	-0.0115789	-0.23284	2.528781	0.1329248	-0.1000241	2.977053	-0.03986105	-0.171764	2.532591	-0.0600764	0.6487558	2.799792	-0.1234806	0.5299892	2.805948	-0.1207134	0.4565883	2.820312	-0.1147349	0.2314636	2.854847	-0.1038819	-0.07395871	2.893324	-0.03752987	0.433238	2.918808	-0.2161412	0.39496	2.70548	-0.06137962	-0.08154205	2.901112	-0.1435492	-0.06433861	2.811954	0.01579989	0.1817065	3.003265	-0.2346128	0.1225438	2.640801	-0.07351057	-0.5647068	2.827526	-0.1900087	-0.4715224	3.023884	0.03817262	-0.9702387	2.822703	-0.1982712	-0.9384424	3.181848	

0.07753973	-0.05539395	3.043856	-0.1282988	-0.1194191	2.570662	0.1628863	-0.1090549	3.027299	-0.01255632	-0.2347082	2.529577	0.1826478	-0.09183434	3.00875	-0.01749923	-0.1941417	2.531846	-0.06029084	0.6489552	2.800155	-0.1235575	0.5300567	2.806106	-0.1207784	0.4566551	2.820472	-0.1145737	0.2315557	2.854995	-0.1034618	-0.0739263	2.893296	-0.03771171	0.4331253	2.918638	-0.2184402	0.3951709	2.705882	-0.0606596	-0.08131899	2.90112	-0.1433524	-0.06442192	2.811915	0.01569148	0.1815805	3.002908	-0.2367277	0.1227333	2.641508	-0.07360651	-0.5644059	2.82743	-0.1902438	-0.471319	3.024114	0.03936535	-0.9710051	2.822063	-0.1987345	-0.9383367	3.181747	

0.07770978	-0.0550065	3.042945	-0.1334154	-0.1175402	2.571935	0.1733336	-0.1030906	3.010708	-0.01258268	-0.2264079	2.521898	0.1846406	-0.09178016	3.007096	-0.02244835	-0.1888988	2.532775	-0.06029767	0.6490438	2.800219	-0.1235601	0.5300061	2.806232	-0.1208737	0.4566359	2.82064	-0.1148945	0.231743	2.855284	-0.1048543	-0.07327253	2.89359	-0.03768024	0.4353357	2.922751	-0.2186906	0.3954797	2.706233	-0.06173	-0.08091348	2.901577	-0.1452202	-0.06349595	2.812023	0.01604708	0.1837281	3.006594	-0.2409424	0.1231587	2.643262	-0.07379793	-0.5639366	2.827361	-0.1907032	-0.4706021	3.024074	0.04069872	-0.9715289	2.821884	-0.1957648	-0.9403079	3.182018	

0.07814015	-0.05516212	3.041749	-0.1377646	-0.1162545	2.573316	0.1733324	-0.1030825	3.010565	-0.01851808	-0.2256145	2.525398	0.1843819	-0.09183365	3.0088	-0.03474421	-0.1823695	2.535334	-0.06090304	0.6496161	2.801015	-0.1236468	0.5300567	2.806607	-0.1204279	0.4567361	2.82097	-0.1049074	0.2327168	2.854944	-0.06340353	-0.07106043	2.886802	-0.03790481	0.4370358	2.925702	-0.2187329	0.3960722	2.706903	-0.01907727	-0.07264982	2.896663	-0.1053233	-0.06740032	2.803345	0.01538807	0.1830212	3.003684	-0.243542	0.1238863	2.644763	-0.06997139	-0.553505	2.827124	-0.1797484	-0.4674525	3.019348	0.04189315	-0.9721985	2.821738	-0.2018034	-0.9370381	3.181583	

0.07831928	-0.055236	3.041722	-0.1400521	-0.1166908	2.575605	0.164116	-0.1092743	3.016994	-0.01746772	-0.2303277	2.530396	0.1823405	-0.09165907	3.003143	-0.06667107	-0.1601032	2.547889	-0.06106053	0.6496748	2.801109	-0.1236947	0.5300579	2.80669	-0.120369	0.4567524	2.821066	-0.1046871	0.2327682	2.855119	-0.06805909	-0.07116083	2.888941	-0.03803224	0.4377051	2.926692	-0.2189339	0.3962069	2.707337	-0.02520653	-0.07411847	2.898694	-0.109287	-0.06642321	2.805798	0.0151774	0.183218	3.003377	-0.2445464	0.1240833	2.64556	-0.07055136	-0.5553254	2.827142	-0.180792	-0.4677874	3.02055	0.04206416	-0.9716845	2.822102	-0.196584	-0.9400489	3.181992	

0.07845368	-0.05505732	3.040911	-0.1417477	-0.1170636	2.577016	0.1603575	-0.1059617	3.010723	-0.01813671	-0.2323737	2.535793	0.1753595	-0.09065533	2.9972	-0.03738132	-0.1844426	2.540909	-0.06150401	0.650161	2.801527	-0.1239959	0.5302853	2.806854	-0.120395	0.4569246	2.821174	-0.104394	0.232997	2.855235	-0.06896003	-0.07098613	2.889357	-0.03854959	0.438765	2.927625	-0.2200291	0.396045	2.707957	-0.02592876	-0.07426777	2.898778	-0.1104929	-0.06574489	2.806733	0.01469295	0.1837411	3.002764	-0.2457672	0.1238381	2.647032	-0.07063223	-0.5554646	2.826985	-0.1811584	-0.4674189	3.021163	0.04258232	-0.9718887	2.821985	-0.1985161	-0.9389452	3.181322	

0.07854642	-0.05501998	3.04031	-0.1430365	-0.1172398	2.57843	0.1639269	-0.1061902	3.006297	-0.01842678	-0.229509	2.530645	0.1768842	-0.08989467	3.000455	-0.05101998	-0.1736576	2.551364	-0.06154457	0.6501989	2.802022	-0.1240553	0.5303071	2.807124	-0.1202885	0.4569766	2.821497	-0.1040748	0.2330858	2.855717	-0.07066143	-0.07099452	2.890852	-0.03858373	0.4392043	2.92854	-0.2201003	0.3963894	2.708586	-0.02823582	-0.07457736	2.900134	-0.1116114	-0.06552595	2.808305	0.01451093	0.183786	3.002583	-0.2466508	0.1242278	2.648147	-0.07082569	-0.5558173	2.826943	-0.1816292	-0.4678006	3.021902	0.04284333	-0.9719062	2.821913	-0.1964047	-0.9407791	3.1812	

0.07658502	-0.05341042	3.040099	-0.1465052	-0.1150461	2.581541	0.1604038	-0.1067887	3.013851	-0.01555374	-0.2208004	2.534621	0.176905	-0.08731258	2.9954	-0.0770488	-0.1481197	2.555438	-0.06183832	0.6504464	2.802252	-0.1245179	0.530213	2.807806	-0.1201827	0.456962	2.821929	-0.1016253	0.2332737	2.856196	-0.06705829	-0.07067669	2.890857	-0.03908765	0.4394745	2.929766	-0.2217245	0.3965384	2.709468	-0.02328232	-0.07253119	2.899497	-0.1086331	-0.06652268	2.808744	0.01390026	0.1837055	3.002792	-0.2483596	0.1243485	2.649538	-0.0702267	-0.5533898	2.826944	-0.1813279	-0.4681249	3.022516	0.04262172	-0.9702216	2.822113	-0.2002197	-0.9380824	3.181684	

0.07496438	-0.05253458	3.03916	-0.1486218	-0.1131581	2.584561	0.1678137	-0.1057819	3.014253	-0.01876127	-0.217065	2.532533	0.1781468	-0.08801732	2.99727	-0.08223385	-0.1434839	2.566667	-0.06193987	0.6504316	2.802619	-0.1247433	0.5303555	2.80829	-0.1200454	0.4571339	2.822214	-0.1002421	0.2338464	2.855962	-0.06540852	-0.06978669	2.889578	-0.0393143	0.439961	2.930667	-0.2217182	0.3966784	2.709571	-0.0222837	-0.07197987	2.898426	-0.1064387	-0.06540481	2.807302	0.01365599	0.1839761	3.002982	-0.249119	0.1245593	2.649978	-0.07012633	-0.5527732	2.826974	-0.1771745	-0.4688488	3.018736	0.04269223	-0.9702868	2.82206	-0.1999109	-0.937317	3.182096	

0.07510567	-0.05272661	3.038824	-0.152772	-0.107934	2.588235	0.1632366	-0.10536	3.012295	-0.01531814	-0.2143631	2.5334	0.1778166	-0.08690609	3.0024	-0.06898006	-0.1559738	2.544533	-0.06202856	0.6503393	2.803097	-0.1256492	0.5304708	2.809286	-0.120723	0.4572992	2.823057	-0.1012835	0.2340531	2.8565	-0.07129071	-0.06943624	2.89045	-0.0402114	0.4403912	2.931986	-0.2217866	0.3968991	2.709891	-0.02905398	-0.07236766	2.89837	-0.1118601	-0.0644981	2.809067	0.01280799	0.1841635	3.003463	-0.2495921	0.1248214	2.650605	-0.07071859	-0.5536631	2.826908	-0.1787465	-0.4693401	3.019263	0.04283653	-0.9703065	2.822	-0.1972799	-0.9392067	3.181767	

0.07317948	-0.05087546	3.038949	-0.1541289	-0.1065001	2.590009	0.1603564	-0.1086316	3.01667	-0.02090811	-0.2125434	2.543309	0.1756929	-0.08735961	3.001225	-0.08538696	-0.1404257	2.571455	-0.06216816	0.6506423	2.803123	-0.1267181	0.53096	2.809778	-0.1210374	0.4577315	2.823376	-0.1005554	0.2348359	2.856641	-0.0678919	-0.06760304	2.890364	-0.04125547	0.441142	2.932661	-0.2219266	0.3969577	2.710142	-0.02550248	-0.06970406	2.898461	-0.1085824	-0.06346557	2.808818	0.01180191	0.1847504	3.00352	-0.2502263	0.1249413	2.651133	-0.07010882	-0.5507214	2.827181	-0.1777965	-0.4681259	3.018593	0.04317914	-0.9707671	2.82189	-0.1956573	-0.9400812	3.181581	

0.07329516	-0.0508639	3.038867	-0.1553191	-0.1043109	2.592662	0.1632665	-0.1001869	3.012669	-0.01849003	-0.2099985	2.5394	0.1739439	-0.08353426	2.997459	-0.08747954	-0.1387083	2.575231	-0.0624775	0.6507151	2.803071	-0.1275636	0.5316302	2.809873	-0.1217598	0.4583622	2.823543	-0.1014177	0.2352515	2.856819	-0.07078774	-0.06769253	2.89099	-0.04006914	0.4331385	2.923816	-0.2221127	0.3972018	2.710415	-0.02707265	-0.07009285	2.899388	-0.1134154	-0.06316602	2.808934	0.01257322	0.1755537	2.991248	-0.2509176	0.1252044	2.651939	-0.0698107	-0.5511275	2.826775	-0.1792523	-0.4682471	3.018833	0.04311153	-0.9705616	2.821831	-0.1933009	-0.9421337	3.182369	

0.07303309	-0.05018935	3.038926	-0.1561592	-0.1028839	2.594186	0.1677646	-0.09474543	3.013752	-0.01815085	-0.2155281	2.546615	0.1733756	-0.08308656	2.9915	-0.04881272	-0.1646472	2.575	-0.06345131	0.6516266	2.802973	-0.1279086	0.5317986	2.809921	-0.1218121	0.4584692	2.823551	-0.1007814	0.235452	2.856559	-0.06800658	-0.06771688	2.889876	-0.03944315	0.4302356	2.921222	-0.2229839	0.3968057	2.71081	-0.0233035	-0.07028196	2.899031	-0.1110759	-0.06314237	2.807044	0.01309404	0.172747	2.988822	-0.2513797	0.1247981	2.652414	-0.06905731	-0.5509629	2.826066	-0.178194	-0.4675304	3.0176	0.04290868	-0.9703323	2.82192	-0.1932167	-0.9422892	3.18239	

0.072977	-0.05027712	3.038666	-0.1565003	-0.1023625	2.594995	0.1682958	-0.101142	3.028042	-0.01846454	-0.2144353	2.551461	0.1761941	-0.0846431	3.000245	-0.09088556	-0.1354076	2.58	-0.0641842	0.6520393	2.803032	-0.1286123	0.532019	2.81023	-0.1220535	0.458677	2.823728	-0.1004728	0.2357083	2.856537	-0.06658226	-0.06723878	2.88952	-0.03956777	0.4305808	2.921811	-0.2247438	0.3967808	2.710885	-0.02214595	-0.06984314	2.898864	-0.1093873	-0.06269319	2.806506	0.01292918	0.1731414	2.989451	-0.2519366	0.1245866	2.653144	-0.06886414	-0.5503988	2.82612	-0.1803134	-0.4651301	3.018969	0.0430693	-0.9704306	2.821702	-0.1930524	-0.9423792	3.18241	

0.07299249	-0.0504051	3.038598	-0.1553548	-0.1057411	2.597593	0.1561951	-0.1024633	3.007318	-0.01883773	-0.2269152	2.559947	0.1786085	-0.08774593	3.0105	-0.08848652	-0.1452135	2.584117	-0.06486987	0.6525688	2.803084	-0.1295082	0.5325334	2.810543	-0.1224665	0.4591127	2.823944	-0.1002637	0.2359704	2.856523	-0.06561954	-0.06703347	2.8893	-0.03974833	0.4309815	2.922714	-0.2247812	0.3968259	2.711001	-0.02143578	-0.06967026	2.898658	-0.1081646	-0.06249614	2.806308	0.01270841	0.1735875	2.990391	-0.2516521	0.124551	2.653826	-0.06888597	-0.5501341	2.826315	-0.1790977	-0.4652765	3.018164	0.04331614	-0.9704453	2.821791	-0.19296	-0.9426197	3.182433	

0.07156269	-0.04996004	3.03873	-0.1552861	-0.1192678	2.598764	0.1510755	-0.1026519	3.007601	-0.02106035	-0.2423787	2.563838	0.1703261	-0.08768418	3.008406	-0.05595523	-0.1918216	2.5766	-0.06630347	0.6533605	2.803689	-0.1296955	0.5327834	2.810695	-0.1229922	0.459447	2.824258	-0.1030082	0.2361035	2.857399	-0.07844515	-0.06886084	2.892477	-0.0395114	0.4312857	2.923399	-0.2248097	0.396975	2.71114	-0.03642153	-0.07398806	2.90203	-0.1190011	-0.06229371	2.809434	0.01291832	0.1739252	2.991088	-0.2500544	0.1244154	2.654984	-0.07039089	-0.5552422	2.826188	-0.1821729	-0.4672073	3.01992	0.04353836	-0.9706546	2.821728	-0.1928846	-0.9426259	3.182445	

0.07159312	-0.05004371	3.038669	-0.1556554	-0.1242137	2.599725	0.1495961	-0.1031277	3.007919	-0.02805817	-0.2420869	2.560838	0.1634101	-0.09048028	3.009666	-0.08580972	-0.1693066	2.587167	-0.06661908	0.653623	2.804077	-0.1299086	0.5330677	2.810841	-0.1232982	0.4597797	2.824505	-0.1034394	0.2363278	2.857742	-0.07865451	-0.06876705	2.892822	-0.03936818	0.4315788	2.923934	-0.2247871	0.3973709	2.711569	-0.03652624	-0.07396407	2.902152	-0.1192792	-0.06205364	2.810117	0.01303901	0.174249	2.991629	-0.2498555	0.1248089	2.655521	-0.07063925	-0.5552011	2.826742	-0.1828212	-0.4658467	3.022186	0.04357925	-0.9706696	2.821705	-0.1944916	-0.9408836	3.183397	

0.07146115	-0.04980326	3.03872	-0.1561496	-0.1260412	2.600132	0.1546698	-0.09927505	3.010019	-0.02954261	-0.2448282	2.561482	0.1758732	-0.08784053	3.00466	-0.04962151	-0.2063149	2.575889	-0.06681488	0.65376	2.804034	-0.1299943	0.5331467	2.810924	-0.1234054	0.4598766	2.824697	-0.1035087	0.2363333	2.858272	-0.07812019	-0.06896438	2.894208	-0.04002199	0.4351771	2.927872	-0.2250322	0.3970709	2.71154	-0.0364709	-0.07388109	2.902765	-0.1177869	-0.06273586	2.812693	0.01233832	0.1778653	2.995605	-0.2497178	0.1244543	2.655822	-0.0705028	-0.555044	2.826667	-0.1827356	-0.466681	3.024094	0.04319184	-0.9696925	2.822195	-0.1929584	-0.9427952	3.182347	

0.071451	-0.04970615	3.03875	-0.156499	-0.1273544	2.600756	0.15021	-0.1007239	3.003719	-0.02960419	-0.2452999	2.566382	0.1717639	-0.08801463	3.004467	-0.09777812	-0.1636182	2.581588	-0.06690874	0.6535569	2.804133	-0.1301515	0.5332628	2.811208	-0.123414	0.4599764	2.825078	-0.1025622	0.2362313	2.859144	-0.0726567	-0.06975388	2.896389	-0.04045364	0.4370365	2.9304	-0.2249961	0.3972569	2.711648	-0.03313714	-0.07454003	2.903834	-0.1099312	-0.06341847	2.816097	0.01188169	0.1797398	2.998145	-0.2498532	0.1246852	2.655882	-0.06363752	-0.5552515	2.81937	-0.1812473	-0.4673572	3.025762	0.04346305	-0.9697639	2.822253	-0.192269	-0.9443196	3.182417	

0.07068646	-0.04875949	3.039515	-0.1573789	-0.1274218	2.601942	0.1536298	-0.09999602	3.006319	-0.02889597	-0.2446669	2.569893	0.1759025	-0.08780341	3.003755	-0.09554975	-0.1654982	2.584219	-0.06694674	0.6534693	2.804364	-0.1301859	0.5332905	2.81125	-0.1234685	0.4599939	2.825216	-0.1026627	0.2360294	2.859667	-0.07298708	-0.07035723	2.897475	-0.04010838	0.4355059	2.928661	-0.2249754	0.3973706	2.711729	-0.03320038	-0.07499652	2.904696	-0.1106487	-0.06411719	2.817295	0.01220752	0.1782318	2.996403	-0.2499701	0.1248196	2.656042	-0.06588387	-0.5557047	2.822161	-0.1804819	-0.4691442	3.025618	0.04389779	-0.9703509	2.8221	-0.1915697	-0.9449097	3.182461	

0.07076642	-0.04886433	3.039822	-0.1582815	-0.1265113	2.602578	0.1580529	-0.09839041	3.01605	-0.02645647	-0.2417659	2.576123	0.1763313	-0.08785367	3.006497	-0.1007832	-0.1581005	2.597223	-0.06665858	0.6532126	2.805155	-0.1302484	0.5333077	2.811454	-0.1235641	0.459992	2.825443	-0.1028387	0.2359263	2.859797	-0.0735706	-0.07061409	2.897338	-0.03992013	0.4345963	2.928007	-0.2251406	0.3972178	2.711832	-0.03338988	-0.07523835	2.904763	-0.1121058	-0.06433947	2.816613	0.01238375	0.1773421	2.995744	-0.2499765	0.1246525	2.65627	-0.06651708	-0.555982	2.823238	-0.1820737	-0.4681044	3.026834	0.04384772	-0.9703033	2.822057	-0.1913387	-0.9451342	3.182484	

0.07126588	-0.04929952	3.039997	-0.1584795	-0.1258942	2.602962	0.1546324	-0.09926355	3.00952	-0.02914061	-0.240151	2.572523	0.1758032	-0.08785725	3.004967	-0.09163572	-0.1641556	2.580485	-0.06640985	0.6526226	2.806075	-0.1299648	0.5331261	2.812435	-0.1233474	0.4598176	2.826463	-0.1028315	0.2357321	2.860568	-0.07381032	-0.07068426	2.897679	-0.03932405	0.4335863	2.928038	-0.2245783	0.3976564	2.712256	-0.03341646	-0.07535955	2.904928	-0.1127045	-0.06427101	2.817227	0.01296613	0.1763548	2.995769	-0.2499258	0.1251725	2.656595	-0.06653693	-0.5560802	2.823328	-0.1822442	-0.4683712	3.027013	0.04381102	-0.9697793	2.821951	-0.1909635	-0.945639	3.182032	

0.07131016	-0.04924499	3.040222	-0.1589978	-0.1230713	2.605299	0.15525	-0.09972099	3.021454	-0.0322241	-0.2287961	2.568058	0.1664741	-0.08374625	3.01525	-0.0957984	-0.1534406	2.591667	-0.06558984	0.6527125	2.806378	-0.1295877	0.5334201	2.812629	-0.1231179	0.4600257	2.826623	-0.1028345	0.2357491	2.860586	-0.07430255	-0.07073526	2.897491	-0.03860469	0.433365	2.927538	-0.2237695	0.3979146	2.712975	-0.03347916	-0.07552963	2.904882	-0.1141599	-0.06393897	2.816656	0.01366971	0.17615	2.995266	-0.2494184	0.1254364	2.6576	-0.06662417	-0.5562653	2.823691	-0.182925	-0.4676189	3.027285	0.04371322	-0.9696593	2.82201	-0.1905455	-0.9456037	3.181918	

0.07296859	-0.03630688	3.047171	-0.1536848	-0.1187662	2.606179	0.1808674	-0.04300502	3.02642	-0.02061019	-0.1676835	2.585417	0.1987391	-0.02977706	3.002333	-0.1101377	-0.1160199	2.604	-0.05906953	0.6525145	2.811049	-0.1236948	0.5349042	2.815381	-0.1180954	0.4613665	2.829435	-0.1001658	0.236525	2.863047	-0.07378371	-0.07027859	2.899292	-0.03250062	0.4333795	2.92845	-0.2194244	0.3995987	2.714248	-0.03208978	-0.07512757	2.907298	-0.1141217	-0.06347819	2.818047	0.01971736	0.1761629	2.996178	-0.2523609	0.1277863	2.659923	-0.06032244	-0.5555135	2.818608	-0.1812985	-0.4674855	3.028603	0.0437963	-0.9703299	2.821644	-0.1906958	-0.9451327	3.182505	

0.07062955	0.0007254848	3.079195	-0.1844976	-0.09616863	2.618849	0.1362514	-0.03344938	3.041631	-0.0855272	-0.1235196	2.609506	0.184425	0.01872564	2.993	-0.0780251	-0.09704956	2.596667	-0.02732365	0.6473117	2.813649	-0.1058249	0.5349873	2.815948	-0.1047622	0.4618832	2.830898	-0.09627596	0.2374955	2.865451	-0.07601731	-0.06805325	2.903915	-0.01328311	0.4318711	2.927097	-0.2066331	0.3991252	2.715702	-0.03246778	-0.07154857	2.911906	-0.1183858	-0.06256155	2.82316	0.03877258	0.1748056	2.994773	-0.2644444	0.1322335	2.658517	-0.03901152	-0.5503702	2.804913	-0.1713493	-0.4703125	3.030755	0.04414022	-0.9703768	2.82074	-0.1908478	-0.9418032	3.181553	

0.06828785	0.00194148	3.086187	-0.1635234	-0.06992719	2.629092	0.1436185	-0.01066116	3.056097	-0.1030638	-0.1462604	2.660814	0.1780911	0.04194541	2.991714	-0.07092047	-0.08769687	2.56525	-0.02041805	0.6454751	2.813919	-0.09682547	0.5331096	2.815293	-0.09675612	0.4599321	2.831121	-0.09296141	0.2358034	2.867789	-0.07944262	-0.07081788	2.910139	-0.004422972	0.4295675	2.925909	-0.197384	0.3979582	2.717168	-0.03424465	-0.07408717	2.917972	-0.1232063	-0.06557632	2.829186	0.04754587	0.1726728	2.993526	-0.2715976	0.1361459	2.65574	-0.03242741	-0.5515545	2.801796	-0.166479	-0.4756034	3.03493	0.04495531	-0.9693485	2.816938	-0.189616	-0.9395925	3.181392	

0.1079655	-0.03238889	3.096185	-0.2015954	-0.04071135	2.603417	0.1405305	0.01729695	3.04943	-0.1195738	-0.1078517	2.62692	0.1080217	0.004249602	3.001875	-0.08553635	-0.06148514	2.561875	0.03735694	0.6234775	2.797897	-0.04622354	0.5161577	2.804706	-0.05857391	0.4445964	2.825249	-0.08662332	0.2280033	2.871096	-0.1065916	-0.0842047	2.929081	0.02078068	0.3809844	2.918559	-0.1581211	0.3892508	2.710216	-0.05929537	-0.08712583	2.93396	-0.1511158	-0.07898348	2.850795	0.04437581	0.1467871	3.041996	-0.2757552	0.1454369	2.643298	-0.01008732	-0.555769	2.786077	-0.161277	-0.4956341	3.048993	0.07544472	-0.9401858	2.782001	-0.1854521	-0.9390832	3.182368	

0.239773	-0.08550209	3.008692	-0.1428559	-0.08165376	2.562886	0.3156768	-0.07462803	2.967445	-0.0571319	-0.1372265	2.584566	0.2823652	-0.08726308	2.919955	-0.01902053	-0.1028689	2.5624	0.1737633	0.5036082	2.750701	0.07752103	0.4210957	2.760073	0.05194808	0.3519221	2.780269	-0.02602878	0.1402247	2.831529	-0.1318241	-0.147816	2.890136	0.1137956	0.2942519	2.89526	-0.0526901	0.3138985	2.668635	-0.08958106	-0.1596414	2.902414	-0.1707672	-0.1322271	2.804509	0.1091047	0.06678299	3.029537	-0.2126632	0.1077284	2.566064	-0.01124104	-0.5948867	2.782699	-0.1455847	-0.5390909	3.016559	0.1268019	-0.9615193	2.752565	-0.1867454	-0.8287345	3.103231	

0.2454338	-0.1349057	2.978902	-0.1049803	-0.119181	2.549099	0.3321602	-0.1401531	2.957258	-0.03144469	-0.1935731	2.599407	0.2987712	-0.1524917	2.909786	0.004191951	-0.1515036	2.552167	0.2335805	0.4581257	2.727375	0.1251949	0.3720292	2.738693	0.09702237	0.3048468	2.767301	0.0109874	0.09940113	2.843739	-0.105795	-0.1797649	2.935887	0.1613288	0.2452894	2.873816	-0.01282458	0.2748368	2.649198	-0.06222305	-0.1882843	2.942711	-0.1467645	-0.1667473	2.855724	0.1318677	0.02806303	3.018909	-0.1745978	0.07422117	2.538055	-0.005460995	-0.6108492	2.77943	-0.1351799	-0.5864068	3.046321	0.1158136	-0.935794	2.754125	-0.1749463	-0.8745341	3.13719	

0.27096	-0.2230409	2.939617	-0.01107445	-0.204731	2.536372	0.3552826	-0.2000999	2.925218	0.09821974	-0.2100782	2.574692	0.3217753	-0.2121601	2.877776	0.1202854	-0.187196	2.561667	0.3037961	0.3619833	2.700296	0.1913027	0.2875156	2.713429	0.1599085	0.2242012	2.742727	0.06382264	0.030801	2.821182	-0.06681396	-0.2317395	2.915991	0.2272315	0.1609842	2.848449	0.04296083	0.2062369	2.625876	-0.02264551	-0.249922	2.902941	-0.1093267	-0.2077234	2.855765	0.182481	-0.04947466	2.998168	-0.09857807	0.01716757	2.504576	0.04407501	-0.7132961	2.751452	-0.1315777	-0.6185426	3.05914	0.1536691	-1.001444	2.755563	-0.1604008	-0.908581	3.147935	

0.2893241	-0.2422159	2.936644	0.02520074	-0.2449832	2.509969	0.2964773	-0.2126648	2.912341	0.1148909	-0.2932703	2.537843	0.2896565	-0.2142314	2.897334	0.1546182	-0.2374943	2.549	0.3688433	0.2460016	2.685831	0.2487626	0.2095697	2.688084	0.2040386	0.1531092	2.70857	0.06718225	-0.019262	2.760554	-0.1189886	-0.2533227	2.819941	0.2845044	0.08324225	2.82302	0.08468764	0.1564135	2.610299	-0.07248283	-0.289993	2.820431	-0.1624486	-0.2100451	2.74627	0.1998974	-0.07408527	3.010249	-0.04505395	-0.04208132	2.481157	0.05404965	-0.7285304	2.744159	-0.1263172	-0.5793713	3.006619	0.164784	-1.016394	2.743816	-0.1681184	-0.8626803	3.109216	

0.3024726	-0.2690848	2.931786	0.02883222	-0.2511026	2.505116	0.3100332	-0.2348015	2.890326	0.1490475	-0.3009527	2.544455	0.3009743	-0.2286572	2.879333	0.1609868	-0.252862	2.539667	0.3778605	0.234652	2.678107	0.2552879	0.2002442	2.685277	0.2098966	0.1435881	2.706156	0.0711987	-0.02956163	2.75921	-0.1172751	-0.2653007	2.81994	0.2910079	0.07394243	2.820204	0.09566822	0.1518261	2.604296	-0.07205385	-0.3021116	2.816082	-0.1591841	-0.2232091	2.750889	0.2154112	-0.09774125	2.999367	-0.04330716	-0.04532078	2.478161	0.06222992	-0.7244636	2.741311	0.07059747	-0.5906097	2.745913	0.1659488	-1.014812	2.742883	-0.09087934	-0.8257436	3.038465	

0.3414099	-0.27413	2.907523	0.03982255	-0.2683736	2.482184	0.347448	-0.2766487	2.873288	0.1684829	-0.3355377	2.536301	0.3252633	-0.262661	2.8579	0.1236592	-0.2768708	2.507077	0.4179144	0.1779958	2.659363	0.2951211	0.1519299	2.666576	0.2466982	0.09545477	2.687611	0.09840281	-0.0767567	2.741211	-0.1039568	-0.3086811	2.80329	0.272022	0.01254493	2.8133	0.1250262	0.1229355	2.589974	-0.06263603	-0.3493459	2.800997	-0.1430563	-0.2596528	2.732936	0.2264675	-0.1409744	3.014131	-0.01560856	-0.07778422	2.464438	0.07819451	-0.7192341	2.734415	0.08032681	-0.6011189	2.741634	0.1678376	-1.013728	2.743085	-0.09946138	-0.8240573	3.033316	

0.3570021	-0.3170561	2.90307	0.08762307	-0.3174642	2.48253	0.372493	-0.3217325	2.855249	0.2035908	-0.3867437	2.552585	0.337256	-0.304895	2.843417	0.229556	-0.3217694	2.522636	0.4419399	0.1332973	2.647567	0.3174292	0.1198487	2.650547	0.2679005	0.0670563	2.674134	0.116404	-0.09556133	2.734132	-0.0883774	-0.3196467	2.801725	0.290796	-0.01967532	2.804795	0.1462326	0.09846696	2.579442	-0.04182206	-0.3663873	2.799608	-0.1317216	-0.2659428	2.731112	0.2508596	-0.1743448	3.005718	0.006664695	-0.1037618	2.462103	0.09570678	-0.7168453	2.730476	0.1197848	-0.5434716	2.738223	0.1757254	-1.01365	2.744034	-0.07217339	-0.7863772	3.006984	

0.411091	-0.4059216	2.83382	0.1881622	-0.4288862	2.486002	0.433882	-0.4423076	2.76692	0.2953829	-0.500111	2.564113	0.4009731	-0.4239212	2.781875	0.3290375	-0.4156709	2.49877	0.5047984	0.07037813	2.603683	0.3823877	0.0441769	2.619518	0.327695	-0.002101683	2.644113	0.1599704	-0.1429138	2.708454	-0.07689572	-0.3276884	2.791678	0.3584616	-0.07567522	2.770111	0.2092423	0.03320069	2.543828	-0.03214317	-0.3737761	2.791428	-0.119551	-0.273294	2.719206	0.3167146	-0.250142	2.955428	0.08120052	-0.184327	2.451748	0.1584579	-0.7088382	2.712163	0.1935056	-0.624484	2.706594	0.19308	-1.010718	2.751964	-0.04512915	-0.8085217	2.985059	

0.4180821	-0.4056909	2.843325	0.1953232	-0.4356302	2.482208	0.4586334	-0.4608328	2.754085	0.3137267	-0.5289351	2.557572	0.4135722	-0.4355312	2.78025	0.3302857	-0.4366185	2.4883	0.5205046	0.02828782	2.613235	0.3883271	0.03933113	2.617179	0.3329194	-0.005775408	2.64147	0.1637786	-0.1439415	2.704895	-0.06732082	-0.3275936	2.778324	0.3643797	-0.08050617	2.767773	0.214792	0.02868872	2.541572	-0.02306673	-0.3745593	2.774992	-0.1097047	-0.2722185	2.708242	0.3227553	-0.2585525	2.950029	0.08773817	-0.1908383	2.450902	0.1563255	-0.7733084	2.717754	0.1938765	-0.6266028	2.705753	0.2158173	-1.069211	2.766328	-0.0326671	-0.8219953	2.986202	

0.4809015	-0.4300272	2.810172	0.2336577	-0.4705196	2.452913	0.5217006	-0.4977713	2.734143	0.3628551	-0.5660774	2.530244	0.4610244	-0.4600811	2.787455	0.3772471	-0.4695377	2.461867	0.5480797	0.005419174	2.601722	0.4224005	4.281126E-05	2.599849	0.3659179	-0.04256917	2.624394	0.1879488	-0.1675581	2.69125	-0.05203986	-0.3403361	2.769351	0.3983258	-0.1196729	2.75044	0.2464875	-0.005293909	2.526509	-0.004467936	-0.3927983	2.755572	-0.09715895	-0.280727	2.706672	0.3736559	-0.3000121	2.92796	0.1332995	-0.2293099	2.434079	0.1696073	-0.7925378	2.720318	0.1933532	-0.6447589	2.702656	0.2335161	-1.087477	2.768563	-0.02572502	-0.8386707	2.98949	

0.5867088	-0.5292877	2.790512	0.304675	-0.5132148	2.40782	0.6147574	-0.5524692	2.688851	0.443115	-0.6261308	2.477177	0.5715253	-0.5333146	2.730072	0.446872	-0.5220197	2.415875	0.5733747	-0.0405302	2.590738	0.4482951	-0.02506567	2.589713	0.3836513	-0.05934973	2.614709	0.194565	-0.1727928	2.680162	-0.05636618	-0.3324602	2.749486	0.4241264	-0.1447009	2.740308	0.2744271	-0.03167204	2.512133	-0.01629584	-0.3806775	2.736411	-0.09555327	-0.275421	2.688026	0.4664944	-0.3790464	2.851109	0.2030056	-0.2847618	2.418971	0.1411756	-0.7476376	2.690502	0.1855345	-0.6542991	2.694088	0.2249979	-1.032481	2.759754	-0.03974614	-0.8456052	2.978041	

0.5626606	-0.489726	2.802642	0.3208707	-0.5252038	2.402114	0.6388786	-0.5733708	2.700613	0.4675359	-0.6456052	2.454931	0.5820983	-0.5423495	2.7545	0.4585013	-0.5784174	2.3863	0.5786732	-0.05241687	2.591687	0.453161	-0.03158528	2.588228	0.3900261	-0.06419614	2.611534	0.2038163	-0.1668067	2.669345	-0.04483338	-0.2845842	2.722237	0.4289748	-0.1511987	2.738823	0.2821844	-0.03324898	2.511465	-0.008835188	-0.3294587	2.712296	-0.07965513	-0.2320291	2.659051	0.4476063	-0.3215548	2.882871	0.210334	-0.2861949	2.418214	0.1649119	-0.6775362	2.661448	0.2098279	-0.5699766	2.677449	0.2276074	-0.9918097	2.743982	-0.0119039	-0.791475	2.94286	

0.8406614	-0.4294415	2.621957	0.5812522	-0.4331638	2.296084	0.8601185	-0.489873	2.564793	0.7626168	-0.5638389	2.306101	0.8855577	-0.3847134	2.559445	0.7457114	-0.4626475	2.257091	0.6349857	0.0417671	2.532105	0.5132937	0.01055045	2.534981	0.4550756	-0.02091889	2.564966	0.2760253	-0.1166123	2.645746	0.03158258	-0.2461048	2.743967	0.546578	-0.1622809	2.755788	0.3451016	0.01351367	2.465368	0.06533613	-0.2831016	2.725585	-0.003032492	-0.202519	2.68912	0.6614027	-0.3236318	2.753657	0.4037552	-0.2343155	2.350206	0.05065702	-0.589644	2.884689	0.251065	-0.6129201	2.649748	0.1197597	-0.9106557	2.967844	-0.0005076286	-0.7881399	2.923466	

0.9161684	-0.29012	2.55739	0.6843623	-0.2859344	2.246452	0.9239219	-0.3256042	2.510525	0.8279821	-0.3667871	2.248744	0.9213932	-0.2459693	2.507	0.7998911	-0.3198416	2.178412	0.6163369	0.1975509	2.500458	0.5116664	0.1296038	2.50559	0.4588062	0.08635359	2.534487	0.2959943	-0.04566972	2.612031	0.07342508	-0.2248906	2.705898	0.5781028	-0.02719971	2.712751	0.3402272	0.08624247	2.426272	0.1117109	-0.2562357	2.6832	0.03313396	-0.1874425	2.655346	0.7271192	-0.1807905	2.686879	0.4682392	-0.1320184	2.307354	0.04574073	-0.5888531	2.909889	0.25375	-0.6040412	2.644097	0.218246	-0.9422024	2.750919	0.009548131	-0.7774705	2.925074	

0.9305818	-0.07340217	2.522276	0.6572375	-0.100473	2.180923	0.9985183	0.01257957	2.442695	0.8258117	-0.1516579	2.158697	0.9623071	-0.01914761	2.4829	0.807674	-0.1046709	2.117308	0.5671875	0.3452698	2.472879	0.4720393	0.2617718	2.476206	0.428237	0.2093233	2.5069	0.2930873	0.04876427	2.589874	0.1080939	-0.1696649	2.69101	0.5653684	0.1239701	2.659971	0.3153321	0.187127	2.400819	0.1481102	-0.1946365	2.661282	0.06512135	-0.1400633	2.647416	0.7227973	0.005446278	2.670166	0.4779173	0.003813423	2.26386	0.03268211	-0.5479006	2.923103	0.2613374	-0.5798159	2.641344	0.2083921	-0.8886742	2.739861	0.01951295	-0.7779291	2.908388	

0.8566636	0.05546525	2.544308	0.7148045	0.0005898617	2.138738	0.9367145	0.08999668	2.440545	0.8824865	0.02517347	2.151074	0.9377844	0.1153515	2.4355	0.8158651	0.04945676	2.072526	0.5157278	0.4124145	2.468143	0.4317874	0.3210278	2.476214	0.3948427	0.2640594	2.50773	0.2829126	0.08227012	2.592584	0.1167402	-0.1581866	2.694517	0.5385597	0.1934281	2.638494	0.3079402	0.1861228	2.383421	0.1579583	-0.1737503	2.673304	0.07318183	-0.1342155	2.645777	0.7125098	0.1166725	2.677743	0.4938164	0.04469552	2.226598	0.03179858	-0.4784988	2.892833	0.2643062	-0.568097	2.644734	0.1867299	-0.8495452	2.758806	0.02272854	-0.7632433	2.914119	

0.8324229	0.1118977	2.544055	0.6705303	0.03624978	2.131012	0.9012664	0.1560438	2.430333	0.8344746	0.06529163	2.142223	0.9094504	0.1843299	2.426	0.7768061	0.08999715	2.074177	0.4853166	0.4407069	2.477221	0.3927768	0.3540242	2.48017	0.3664663	0.2886545	2.512676	0.2728202	0.0956628	2.599542	0.1266787	-0.1540301	2.706551	0.5086397	0.2368836	2.648314	0.2898793	0.2023787	2.378562	0.166326	-0.1663753	2.684458	0.08338708	-0.1357202	2.656191	0.6818442	0.1515112	2.678625	0.4990031	0.09482503	2.224718	0.1074012	-0.4202694	2.953516	0.2635649	-0.5675003	2.647366	0.1903003	-0.8039361	2.79155	0.01488312	-0.7652962	2.908787	

0.8134648	0.1398789	2.526475	0.564577	0.09179664	2.171345	0.8679285	0.2171088	2.429283	0.7266701	0.09453061	2.112581	0.876557	0.2276044	2.429	0.7262608	0.1222301	2.096	0.4383075	0.4646589	2.492761	0.3482201	0.3792175	2.499786	0.3199742	0.3179468	2.531625	0.232661	0.1301149	2.617995	0.1172416	-0.1344627	2.718347	0.4960729	0.247329	2.660785	0.2126498	0.2658122	2.439982	0.1587503	-0.1280297	2.708003	0.07445445	-0.1292944	2.660146	0.675349	0.1680985	2.677751	0.3866501	0.1265104	2.26603	0.01763012	-0.5052437	2.930632	0.2376455	-0.5586118	2.661703	0.2077871	-0.8260095	2.725322	-0.00617203	-0.7647035	2.921112	

0.7329978	0.1769603	2.566654	0.5610993	0.1139922	2.199912	0.7090338	0.1904697	2.137787	0.7084317	0.1504036	2.154264	0.7523828	0.154343	2.176875	0.691188	0.1785468	2.128	0.38478	0.4788754	2.519558	0.2999059	0.3913772	2.529207	0.2752084	0.3291564	2.560474	0.2036612	0.1372556	2.641276	0.09935668	-0.1241469	2.741861	0.4348104	0.2702001	2.689549	0.1733426	0.2711903	2.462195	0.1469493	-0.1234099	2.724049	0.05064476	-0.1202968	2.685275	0.6090814	0.194897	2.732508	0.3084577	0.1402193	2.305002	0.01116485	-0.5076977	2.939264	0.2179314	-0.5664368	2.677293	0.2080195	-0.8166864	2.721945	-0.02173122	-0.7791098	2.935063	

0.5858526	0.2011148	2.363384	0.4941504	0.1086119	2.228241	0.6222423	0.1802502	2.177702	0.6247192	0.1409683	2.198658	0.6517188	0.2360867	2.180715	0.6061055	0.156188	2.181	0.328186	0.4870738	2.557878	0.2403543	0.4032556	2.566444	0.2193149	0.3394674	2.597953	0.1544005	0.1439823	2.683254	0.06557427	-0.1221174	2.787443	0.3742021	0.2800914	2.732696	0.1243683	0.2876562	2.490858	0.1086936	-0.1193466	2.765058	0.02071145	-0.121672	2.736399	0.5343106	0.2136108	2.615638	0.2850482	0.1312156	2.318241	-0.000576549	-0.5266542	2.956336	0.1994804	-0.5710382	2.695847	0.1962501	-0.8365744	2.740503	0.1942871	-0.9511664	2.744738	

0.4577767	0.1788035	2.613109	0.3252333	0.1088588	2.304931	0.5105007	0.1657772	2.273859	0.4952464	0.1389763	2.287971	0.5613407	0.2131975	2.2947	0.4937922	0.1653565	2.265286	0.2116336	0.5114372	2.640004	0.1363168	0.414443	2.658427	0.1199612	0.3465094	2.685839	0.06973788	0.1384954	2.758785	0.001253377	-0.1445296	2.846405	0.2677411	0.2851592	2.826709	0.02472767	0.2929302	2.580777	0.04846018	-0.152429	2.856227	-0.04603713	-0.1328938	2.763154	0.4180071	0.1808545	2.891185	0.140528	0.1301185	2.391207	-0.04279289	-0.5805324	3.014705	0.1298994	-0.57722	2.740057	0.1751446	-0.837752	2.752934	0.1815158	-0.9524125	2.746724	

0.4290894	0.1655862	2.635982	0.311461	0.09145723	2.318124	0.4517788	0.180038	2.51723	0.478763	0.1430933	2.30609	0.5031874	0.2274682	2.537956	0.4669514	0.1490078	2.274273	0.1955511	0.519071	2.651998	0.1216022	0.4198743	2.670667	0.1073179	0.351368	2.697505	0.06235857	0.1418976	2.76892	-0.001069005	-0.1424784	2.855276	0.2515002	0.2874694	2.837703	0.01591609	0.2962288	2.587265	0.04645328	-0.1505692	2.8608	-0.04847009	-0.1309041	2.777994	0.3969438	0.186774	2.914324	0.1265361	0.128537	2.397704	-0.04006911	-0.5809774	3.016507	0.1267036	-0.5807888	2.742608	0.1761465	-0.8370675	2.752144	0.1759411	-0.9563073	2.747423	

0.443736	0.1602236	2.850867	0.2349917	0.0845773	2.386904	0.4101283	0.1292021	2.357504	0.4064668	0.1302557	2.354629	0.4714281	0.1437189	2.373182	0.3867844	0.1237434	2.337143	0.1042207	0.5543168	2.719155	0.04625158	0.4483565	2.736547	0.03686718	0.3786176	2.760854	0.008187113	0.1650958	2.824502	-0.03078478	-0.1254591	2.899776	0.1617843	0.3350092	2.904906	-0.0459406	0.3184385	2.645182	0.01118116	-0.1333346	2.910651	-0.07044502	-0.1154991	2.812957	0.2893768	0.2092159	2.979125	0.03226896	0.1330398	2.459625	-0.05248529	-0.5824282	3.031518	0.08688661	-0.573183	2.765573	0.1563121	-0.8320367	2.754917	0.1586144	-0.9637082	2.755675	

0.3005586	0.1753813	2.744991	0.235353	0.07207222	2.419985	0.3075574	0.1569809	2.61308	0.4037234	0.1207224	2.413816	0.3695894	0.1714218	2.628655	0.3308295	0.1025297	2.379546	0.06013348	0.5755519	2.763056	-0.002316999	0.4694329	2.769704	-0.008876805	0.3999406	2.791439	-0.02694541	0.1860288	2.846256	-0.04814811	-0.1095192	2.90863	0.1194798	0.3448876	2.938134	-0.08893185	0.3325603	2.674433	-0.008874252	-0.1174253	2.927106	-0.08796417	-0.09738324	2.817608	0.2445466	0.219496	3.016483	-0.02037288	0.1390805	2.49478	-0.06157082	-0.5699776	3.042908	0.07110711	-0.5548322	2.770329	0.1458587	-0.806835	2.753949	0.1526131	-0.9636216	2.757323	

0.1997367	0.09001231	2.989718	0.06744666	-0.003099546	2.586079	0.2742594	0.0037187	2.831292	0.2350764	-0.06517614	2.565658	0.2583216	0.06386837	2.843072	0.205011	-0.01717071	2.525334	-0.06685044	0.661267	2.854317	-0.1164025	0.5408852	2.851487	-0.1163072	0.4666921	2.866139	-0.1156217	0.2394552	2.900953	-0.114279	-0.07007501	2.937919	0.005663652	0.4162794	3.020076	-0.1934468	0.3888852	2.74062	-0.07491699	-0.08598411	2.95137	-0.1508266	-0.05239744	2.851021	0.07792144	0.2023982	3.113894	-0.1647077	0.1336471	2.637303	-0.1438756	-0.5345507	3.072882	-0.0110877	-0.5168663	2.815703	0.05349082	-0.8152369	2.81917	0.05835532	-0.9440649	2.80155	

0.1451998	0.05211763	3.022205	0.02697851	-0.04210932	2.634923	0.2223561	-0.03782685	2.881405	0.1620777	-0.1362596	2.623102	0.2081986	0.02434492	2.895667	0.1307608	-0.06849589	2.594313	-0.08528989	0.6705683	2.86328	-0.1304604	0.5487068	2.860936	-0.129096	0.4730195	2.873666	-0.1251697	0.2422348	2.903995	-0.1213883	-0.07034383	2.937169	-0.0394565	0.4426585	3.002422	-0.1987131	0.3929358	2.744399	-0.08373288	-0.0861197	2.952654	-0.1567613	-0.05278975	2.848497	0.05229918	0.2148629	3.106077	-0.1872196	0.124634	2.668893	-0.1565835	-0.5339913	3.074283	-0.01809777	-0.5174444	2.819692	0.08926646	-0.7982169	2.847298	0.05063744	-0.9505811	2.808245	

