0.1077872	0.1379274	2.96644	-0.1060107	0.05892912	2.310268	0.1900031	0.141681	2.911854	0.05087354	0.07300687	2.260677	0.164212	0.1782966	2.857083	-0.02322946	0.09469239	2.3145	-0.2596196	0.6068433	2.633741	-0.3169789	0.4914673	2.635824	-0.3154527	0.4143265	2.661047	-0.3095202	0.1777095	2.727024	-0.3000903	-0.1448644	2.804753	-0.2115811	0.288259	2.697067	-0.3747149	0.3719689	2.52839	-0.2587775	-0.1618032	2.795516	-0.3331597	-0.123922	2.736695	-0.03054901	0.2020831	2.855537	-0.3050727	0.1390174	2.393368	-0.174202	-0.4699977	2.683388	-0.5991096	-0.287383	2.610098	-0.1235637	-0.8699449	2.736473	-0.4568445	-0.6685938	2.654577	

0.01997734	0.1818823	2.934489	-0.1124435	0.06812298	2.298406	0.1528991	0.1606717	2.90029	-0.005515013	0.09009009	2.227075	0.1462586	0.1800216	2.863667	-0.05756512	0.1085366	2.283455	-0.2733834	0.6038786	2.644372	-0.327499	0.4926614	2.643848	-0.3236873	0.4136014	2.664655	-0.3198538	0.168465	2.716834	-0.3128297	-0.1788424	2.752645	-0.2220224	0.2893544	2.704991	-0.3845296	0.3750302	2.534072	-0.2717655	-0.195889	2.739731	-0.344964	-0.1566654	2.686766	-0.1914998	0.2256051	2.940094	-0.3198887	0.1431243	2.395775	-0.1686762	-0.5167173	2.68754	-0.5221106	-0.422438	2.735282	-0.1755829	-0.8775432	2.734094	-0.3068084	-0.845235	2.786107	

0.02258795	0.1762485	2.929195	-0.1215358	0.06788537	2.285298	0.1440056	0.1489903	2.95161	-0.02698182	0.08623057	2.208754	0.1126511	0.1765304	2.908765	-0.08016739	0.1049457	2.26175	-0.2823118	0.6052113	2.648188	-0.3389603	0.4933379	2.648295	-0.330888	0.415427	2.665735	-0.3180855	0.1754954	2.711584	-0.278289	-0.1307106	2.74505	-0.2335099	0.2901281	2.709527	-0.3913324	0.370346	2.539031	-0.2376273	-0.1461667	2.744363	-0.3111034	-0.1115365	2.667959	-0.1943067	0.2229988	2.943754	-0.337791	0.1388372	2.394074	-0.2059164	-0.5908906	2.707751	-0.431777	-0.3738269	2.782923	-0.1138358	-1.018029	2.772126	-0.2365392	-0.8017249	2.77611	

-0.06537826	0.1836515	2.856751	-0.1402382	0.05991176	2.261916	0.06562196	0.1530675	2.949682	-0.03999902	0.07537869	2.166648	0.03921084	0.1529133	2.9157	-0.1118874	0.08982195	2.233333	-0.2909669	0.6063542	2.652417	-0.3487311	0.4937608	2.65415	-0.3405963	0.4170682	2.669286	-0.3217483	0.1799571	2.708423	-0.2850545	-0.1290861	2.739968	-0.3883705	0.2782281	2.481575	-0.3989418	0.3668306	2.543461	-0.2790893	-0.1672152	2.731714	-0.3054854	-0.09297061	2.662133	-0.2699429	0.2350667	2.701461	-0.3495508	0.1344237	2.392044	-0.2060341	-0.5906718	2.707516	-0.445528	-0.3965771	2.82673	-0.1135537	-1.018333	2.772057	-0.2311866	-0.8153028	2.785519	

-0.207834	0.1428359	2.902346	-0.2967795	0.02552582	2.232721	-0.04610866	0.1240664	2.91595	-0.175966	-0.0157612	2.08054	-0.07197931	0.1240429	2.881924	-0.1607056	0.006629436	2.116	-0.3328593	0.6087896	2.668473	-0.378258	0.4937804	2.669225	-0.3742338	0.415011	2.682577	-0.3580543	0.1730927	2.711645	-0.3416238	-0.159527	2.73812	-0.4579029	0.2160862	2.458137	-0.4301414	0.3535965	2.548662	-0.3442585	-0.2074015	2.736548	-0.3182784	-0.1005415	2.662464	-0.3585072	0.193202	2.693022	-0.4087507	0.1201077	2.385041	-0.206949	-0.5927316	2.71285	-0.4588009	-0.3678415	2.735759	-0.1126931	-1.018578	2.772385	-0.2727027	-0.8025169	2.768818	

-0.2431334	0.1312228	2.91102	-0.321051	0.02543399	2.226594	-0.02599458	0.04699293	3.259419	-0.2322884	-0.03610565	2.052586	-0.02362379	0.07967641	3.144334	-0.1870918	-0.009330483	2.110687	-0.3357724	0.6078274	2.67202	-0.3833571	0.4931533	2.671184	-0.3789884	0.4140885	2.684517	-0.3634403	0.1711386	2.714292	-0.3444245	-0.1616317	2.741727	-0.4589	0.1963896	2.441539	-0.4323345	0.3538592	2.550421	-0.3465112	-0.2099843	2.740053	-0.3296216	-0.1066308	2.668342	-0.3659366	0.1810669	2.682222	-0.4194698	0.1224261	2.389854	-0.209186	-0.5945982	2.716729	-0.4871731	-0.3522593	2.743944	-0.1126027	-1.019092	2.772863	-0.2909384	-0.7865357	2.772694	

-0.2703524	0.1270727	2.925865	-0.3634788	0.02719798	2.211999	-0.08867901	0.04193987	3.326315	-0.2849452	-0.04800152	2.01711	-0.04188932	0.06538063	3.22	-0.2544637	0.006076019	2.108882	-0.3372567	0.6076089	2.673961	-0.3902936	0.4938104	2.674287	-0.3852146	0.4141024	2.687726	-0.3685624	0.1694868	2.718282	-0.3471461	-0.1653701	2.747938	-0.4604155	0.1954847	2.441178	-0.4354315	0.3514612	2.552127	-0.3497023	-0.2147304	2.746546	-0.3329865	-0.1101711	2.673359	-0.3752088	0.1783762	2.686692	-0.4429438	0.1240616	2.387998	-0.2104177	-0.5962026	2.718879	-0.4954816	-0.3541156	2.724129	-0.1117274	-1.019861	2.773138	-0.3026416	-0.7916284	2.764424	

-0.3049797	0.1181341	2.936205	-0.4003449	0.04213994	2.173371	-0.2181792	0.05658248	3.105857	-0.3438059	-0.01341083	1.994299	-0.1707655	0.07994292	2.999541	-0.2996123	0.01655013	2.062526	-0.3462845	0.6074646	2.679609	-0.4036215	0.4923759	2.678927	-0.3978825	0.4126152	2.691874	-0.3790627	0.1679557	2.721088	-0.353103	-0.1663716	2.749425	-0.4693198	0.1921722	2.44199	-0.4595008	0.3523202	2.560399	-0.3540809	-0.2167879	2.749751	-0.34324	-0.1104749	2.671975	-0.3956563	0.1532956	2.688893	-0.4903009	0.1364378	2.365538	-0.2135661	-0.5959558	2.722053	-0.491296	-0.4369375	2.860018	-0.1111261	-1.018839	2.773069	-0.2231545	-0.8305678	2.781332	

-0.2503395	0.1104847	3.155934	-0.4064507	0.0416576	2.173413	-0.164504	0.07070926	3.292221	-0.3480735	0.007578447	1.989636	-0.2578832	0.150975	3.208375	-0.307265	0.02250626	2.0735	-0.3514888	0.6060411	2.684971	-0.411079	0.491852	2.683104	-0.4048678	0.4120146	2.695853	-0.3845688	0.1671769	2.724438	-0.3563411	-0.1671443	2.751982	-0.3367007	0.3105129	2.685625	-0.4663123	0.3546034	2.56334	-0.3079115	-0.184031	2.762115	-0.4110695	-0.1493715	2.675725	-0.3099104	0.1778951	2.908479	-0.4970784	0.1428061	2.366636	-0.214641	-0.5966235	2.723573	-0.5057417	-0.4603452	2.880694	-0.1108299	-1.018161	2.773046	-0.2389953	-0.8496354	2.800552	

-0.2306491	0.123437	3.199509	-0.4222338	0.03963275	2.165277	-0.1467953	0.05714913	3.359787	-0.3533394	0.03137329	2.000293	-0.2017398	0.1065871	3.299539	-0.3169957	0.01578742	2.0815	-0.3565182	0.6067883	2.687161	-0.4164472	0.491684	2.685138	-0.4102384	0.4120379	2.697841	-0.3898468	0.1677609	2.726259	-0.3610109	-0.1658216	2.753614	-0.3358386	0.3198222	2.734251	-0.4710431	0.3558775	2.564178	-0.3123326	-0.178665	2.761527	-0.4111462	-0.1494974	2.675828	-0.3182942	0.2258664	2.972985	-0.5038662	0.1487932	2.364599	-0.2166485	-0.5978315	2.724995	-0.5039221	-0.4591622	2.879719	-0.1106011	-1.018448	2.772843	-0.2397725	-0.8467799	2.800445	

-0.2260534	0.1057747	3.199735	-0.4314867	0.03908144	2.156622	-0.1724234	0.08335796	3.350064	-0.3185328	0.004095313	2.065586	-0.1962108	0.1072265	3.320625	-0.3927173	0.0004774491	2.142385	-0.3588852	0.6067461	2.68874	-0.4222875	0.4932969	2.685862	-0.4158819	0.4134822	2.698813	-0.3949127	0.1687257	2.727911	-0.3652606	-0.1653806	2.75617	-0.3322889	0.3021871	2.732211	-0.4753581	0.3574156	2.565346	-0.3159058	-0.1761532	2.763229	-0.4115959	-0.1500113	2.676206	-0.3020746	0.2049649	2.968451	-0.515823	0.1794785	2.376895	-0.219161	-0.5986389	2.725192	-0.5054094	-0.4582266	2.880177	-0.110519	-1.018234	2.772447	-0.2412171	-0.8446665	2.800521	

-0.2668071	0.130642	3.205223	-0.4554158	0.08298248	2.177302	-0.1990608	0.09331061	3.37719	-0.3912061	0.04011282	1.982	-0.2886463	0.1536629	3.264	-0.3416104	0.0659636	2.072722	-0.3699963	0.6062261	2.695719	-0.4316084	0.4923083	2.690006	-0.4257159	0.4119895	2.702667	-0.4064475	0.1655285	2.730855	-0.3792288	-0.171295	2.757751	-0.3352665	0.2903764	2.731601	-0.4935299	0.365443	2.569423	-0.3287342	-0.1812304	2.760488	-0.4202742	-0.1553396	2.67888	-0.3164406	0.2175074	2.975792	-0.5207153	0.1857615	2.384411	-0.2296935	-0.602344	2.721723	-0.5044517	-0.457424	2.879905	-0.1119542	-1.01801	2.770223	-0.242406	-0.8422881	2.791619	

-0.2520566	0.129621	3.213658	-0.4463165	0.07178634	2.176336	-0.1787568	0.09352987	3.44245	-0.3505555	0.02946288	1.995455	-0.1782129	0.09795395	3.432	-0.315109	0.03644906	2.080333	-0.3806395	0.6077022	2.70102	-0.4382651	0.4918638	2.692735	-0.4324541	0.4109867	2.705463	-0.4133951	0.1627739	2.733893	-0.3863219	-0.1765956	2.761299	-0.3366375	0.2873666	2.73399	-0.4951361	0.365612	2.570156	-0.3341749	-0.181938	2.759099	-0.4302219	-0.1707993	2.691031	-0.3286529	0.2182709	2.979292	-0.5217561	0.1882241	2.389252	-0.2412974	-0.6099364	2.719783	-0.5032245	-0.4567222	2.878429	-0.1121455	-1.01822	2.769136	-0.2460758	-0.8432211	2.786307	

-0.2526328	0.1273361	3.216368	-0.4372703	0.06138017	2.183482	-0.1837345	0.0589867	3.360477	-0.318231	0.01326839	2.024611	-0.1909792	0.06751613	3.326	-0.3300766	0.04237911	2.059	-0.3869932	0.6085356	2.706115	-0.4444669	0.4918611	2.696709	-0.437926	0.4109541	2.709086	-0.4167811	0.1627221	2.736514	-0.387547	-0.1765521	2.762841	-0.3377548	0.2847303	2.736804	-0.4958296	0.3653935	2.571098	-0.3374777	-0.1829326	2.758769	-0.4295111	-0.1683824	2.693946	-0.3294177	0.2168069	2.982356	-0.5224107	0.1873101	2.392217	-0.2468399	-0.6150863	2.719899	-0.5024092	-0.4580002	2.87776	-0.1132359	-1.018243	2.768492	-0.2466814	-0.8450396	2.785428	

-0.2475035	0.07959653	3.205705	-0.4010692	0.01264918	2.208844	-0.2212988	-0.005653253	3.370495	-0.2879974	-0.07162993	2.086287	-0.1968627	0.01248871	3.272	-0.2736053	-0.02869543	2.142637	-0.393864	0.608934	2.708335	-0.4530258	0.492399	2.70126	-0.447051	0.4112118	2.713139	-0.4275775	0.1621217	2.738971	-0.4002016	-0.1782349	2.762801	-0.3427606	0.282506	2.742288	-0.5191038	0.3712416	2.580075	-0.3535329	-0.1884499	2.755529	-0.437561	-0.1659484	2.693899	-0.3276805	0.1733418	2.974283	-0.5201355	0.1589753	2.398949	-0.254061	-0.6201828	2.719176	-0.5188484	-0.464871	2.88955	-0.1147804	-1.019022	2.76784	-0.2517282	-0.8456392	2.764553	

-0.2876214	-0.02229116	3.148038	-0.3686565	-0.07678937	2.301059	-0.244734	-0.1265041	3.287543	-0.2723282	-0.2118571	2.232241	-0.2198892	-0.09627753	3.205046	-0.2674288	-0.1383954	2.281875	-0.4047129	0.6082893	2.7154	-0.4656844	0.4925242	2.707622	-0.4605735	0.4090595	2.716885	-0.4486793	0.1501148	2.733355	-0.4359163	-0.2132556	2.734221	-0.3564596	0.2874063	2.736328	-0.5250577	0.3678018	2.588232	-0.3847555	-0.2264943	2.72759	-0.4745826	-0.1938776	2.662261	-0.3399521	0.1494569	2.954042	-0.5119843	0.1211493	2.44238	-0.2565286	-0.6669794	2.724665	-0.5328552	-0.5482741	2.897336	-0.1159254	-1.019123	2.767179	-0.2574259	-0.9272565	2.766628	

-0.2910741	-0.04279244	3.119349	-0.3746424	-0.1071937	2.339891	-0.2762804	-0.1723561	3.256621	-0.2866571	-0.2580086	2.303542	-0.2223526	-0.1483296	3.203125	-0.2795416	-0.1818076	2.317308	-0.4092639	0.6080624	2.718592	-0.471087	0.4927947	2.711356	-0.4637259	0.4075838	2.71965	-0.4453158	0.1410231	2.736234	-0.3982298	-0.2443851	2.746095	-0.3559885	0.2866055	2.735948	-0.5273361	0.3655673	2.590664	-0.3629561	-0.245843	2.73626	-0.4270342	-0.2313716	2.674763	-0.3593551	0.1649086	2.963738	-0.5108849	0.1137193	2.451885	-0.2526319	-0.6805168	2.726593	-0.5349454	-0.5739979	2.913959	-0.1164648	-1.019252	2.766047	-0.2570906	-0.95623	2.782097	

-0.2935811	-0.04572971	3.117929	-0.3816883	-0.1294307	2.382501	-0.2715186	-0.1782203	3.14971	-0.3051388	-0.2968684	2.349597	-0.2682045	-0.1624248	3.136	-0.295241	-0.2247084	2.3612	-0.4124341	0.6074185	2.721605	-0.4734314	0.4926479	2.713728	-0.4655231	0.4061244	2.722255	-0.4430327	0.1345313	2.740101	-0.3972528	-0.247273	2.749551	-0.3593065	0.2864503	2.73625	-0.5305676	0.3629164	2.593286	-0.3599431	-0.2520688	2.741466	-0.4257525	-0.2338998	2.677865	-0.3616713	0.1621951	2.962675	-0.5132959	0.1023986	2.47389	-0.2526075	-0.6800926	2.727082	-0.5368589	-0.5799778	2.916925	-0.116591	-1.019152	2.765798	-0.541891	-0.9227881	2.980167	

-0.2785344	-0.03217116	3.136973	-0.4244681	-0.145776	2.481924	-0.2410616	-0.1243088	3.226881	-0.3853486	-0.3193641	2.473508	-0.2379079	-0.1087744	3.213053	-0.3715814	-0.2221132	2.484667	-0.4166843	0.6076018	2.728289	-0.4798618	0.4945039	2.719904	-0.4691691	0.406405	2.727373	-0.4410962	0.1334112	2.743617	-0.3896477	-0.2473189	2.754496	-0.3632093	0.2858875	2.738243	-0.5425388	0.3577839	2.603122	-0.334428	-0.2591444	2.746768	-0.4244202	-0.2312055	2.682833	-0.3446662	0.1603271	2.963754	-0.5179137	0.08464977	2.524925	-0.2565275	-0.6481456	2.728672	-0.5359653	-0.5767176	2.920053	-0.1165576	-1.019172	2.766016	-0.5728282	-0.9200291	2.949933	

-0.4559805	-0.2453564	2.569156	-0.4566517	-0.1866538	2.535499	-0.4807096	-0.3631968	2.516981	-0.4506727	-0.3543638	2.55235	-0.4295338	-0.2782784	2.556154	-0.4249443	-0.2479091	2.557	-0.4192727	0.6075301	2.736229	-0.4829759	0.4953115	2.724929	-0.4720814	0.4065145	2.732094	-0.4415053	0.132854	2.745599	-0.3899892	-0.2473984	2.755285	-0.3685513	0.2820826	2.737911	-0.5501315	0.3562285	2.610277	-0.3341764	-0.2593089	2.747291	-0.432333	-0.229677	2.683403	-0.4221678	0.02637394	2.621021	-0.5328435	0.08048671	2.541692	-0.255567	-0.6456873	2.730494	-0.5336527	-0.5760636	2.919944	-0.1165036	-1.019291	2.766848	-0.5615243	-0.9164349	2.957084	

-0.4651218	-0.2459964	2.586329	-0.5139717	-0.1753522	2.543223	-0.4999006	-0.3573591	2.52759	-0.4908323	-0.3386469	2.532974	-0.4507477	-0.2717681	2.576154	-0.4552041	-0.245087	2.534346	-0.4198196	0.6058003	2.745995	-0.4833702	0.4965449	2.729198	-0.472333	0.4082704	2.736498	-0.4396591	0.1369579	2.749789	-0.3874377	-0.2337291	2.759098	-0.374486	0.2833608	2.744503	-0.5567993	0.3598951	2.618478	-0.3336298	-0.2388241	2.752219	-0.4295018	-0.2207026	2.686498	-0.4228851	0.02228456	2.643663	-0.5378906	0.08589488	2.548344	-0.2529707	-0.6404975	2.731008	-0.5337021	-0.5742922	2.918901	-0.115752	-1.018849	2.766433	-0.5664539	-0.9120998	2.95377	

-0.4649781	-0.2380402	2.578623	-0.5052117	-0.1744095	2.533222	-0.4774637	-0.356532	2.513117	-0.4638276	-0.3382196	2.527582	-0.4340462	-0.274525	2.552267	-0.4338352	-0.2300321	2.530304	-0.418282	0.6047793	2.755522	-0.4837376	0.4969881	2.732036	-0.4734959	0.4092822	2.739555	-0.4435319	0.1408216	2.753332	-0.4036531	-0.2205619	2.762059	-0.3708225	0.2842337	2.746246	-0.5536068	0.3602962	2.617835	-0.350524	-0.2216856	2.755984	-0.4449359	-0.211987	2.688173	-0.4271943	0.033225	2.622227	-0.5385997	0.08549359	2.549133	-0.2505504	-0.6379663	2.730089	-0.534683	-0.5731543	2.919277	-0.1120395	-1.01522	2.763594	-0.5689477	-0.9087035	2.953479	

-0.4774826	-0.2299005	2.561619	-0.4448933	-0.1776758	2.531261	-0.4551416	-0.3469013	2.505036	-0.4375356	-0.3150508	2.512912	-0.4130247	-0.2460048	2.515	-0.4093837	-0.2194008	2.520308	-0.4150561	0.6037058	2.76152	-0.4778517	0.496355	2.742617	-0.469575	0.4111378	2.747314	-0.441614	0.1503842	2.756891	-0.4035952	-0.1907911	2.756443	-0.3736639	0.2790184	2.751771	-0.5490353	0.3573812	2.627165	-0.3435753	-0.1965541	2.754091	-0.4531811	-0.1773762	2.677382	-0.4425942	0.04219684	2.605021	-0.5380871	0.08352261	2.551497	-0.2549617	-0.6403853	2.728543	-0.5316944	-0.5544214	2.905896	-0.1110743	-1.015138	2.762238	-0.5651417	-0.8882352	2.93949	

-0.4872563	-0.2099622	2.552939	-0.4433237	-0.1769079	2.53047	-0.4364869	-0.2792662	2.50128	-0.4215001	-0.3141563	2.507606	-0.4269314	-0.197932	2.487437	-0.3967186	-0.2085333	2.523693	-0.4121027	0.602326	2.765449	-0.4751391	0.4965887	2.745097	-0.4660702	0.4123486	2.750992	-0.4363254	0.1554512	2.76227	-0.3954996	-0.1867074	2.764749	-0.3731442	0.279542	2.751991	-0.5452264	0.3591421	2.625486	-0.3374116	-0.1883162	2.760361	-0.4404306	-0.1789244	2.690419	-0.4571885	0.06455565	2.578942	-0.5373753	0.08425064	2.552814	-0.2613148	-0.6491534	2.727898	-0.5379819	-0.5636889	2.907568	-0.1101793	-1.015407	2.76124	-0.5664219	-0.8959042	2.940556	

-0.4871509	-0.2098796	2.552639	-0.4362465	-0.1776403	2.529109	-0.435113	-0.2821266	2.50638	-0.3985614	-0.317359	2.516831	-0.4269356	-0.1977382	2.487215	-0.3778579	-0.2396514	2.526778	-0.4092631	0.6024867	2.768134	-0.4753325	0.4966379	2.744784	-0.4660857	0.4123792	2.751051	-0.4355614	0.1554838	2.763059	-0.3892041	-0.1907096	2.771055	-0.3724678	0.2801582	2.751679	-0.5399627	0.3591544	2.622837	-0.329059	-0.1879146	2.768493	-0.4360345	-0.1881426	2.695006	-0.4569182	0.06488711	2.578732	-0.5317323	0.08315965	2.554353	-0.2685939	-0.669214	2.73357	-0.5421442	-0.5748424	2.912625	-0.109944	-1.015618	2.761512	-0.5694463	-0.9045419	2.945316	

-0.489612	-0.2136343	2.55041	-0.421427	-0.1814798	2.525534	-0.4315536	-0.2546091	2.505165	-0.3855856	-0.3588386	2.532428	-0.4323758	-0.1910734	2.48388	-0.3618084	-0.246897	2.529572	-0.407096	0.602654	2.77009	-0.4706743	0.4973336	2.747817	-0.4606811	0.4135395	2.754767	-0.4286644	0.1575121	2.767267	-0.3829494	-0.1896718	2.773986	-0.3712399	0.2816464	2.751855	-0.5337503	0.359792	2.621037	-0.3240249	-0.187288	2.771999	-0.4300315	-0.1867512	2.696237	-0.4588767	0.06494175	2.575838	-0.5266607	0.07949991	2.554614	-0.2681358	-0.6740634	2.734334	-0.5352329	-0.5897054	2.898892	-0.1117119	-1.015456	2.76201	-0.5650867	-0.916404	2.925874	

-0.4861887	-0.2063445	2.50019	-0.4475611	-0.04201994	2.566275	-0.4654405	-0.297765	2.438877	-0.3652485	-0.1963732	2.50371	-0.4661579	-0.2337403	2.417551	-0.3907664	-0.06135732	2.493894	-0.3967195	0.6065711	2.771194	-0.4539441	0.5032594	2.744512	-0.442259	0.4195378	2.752341	-0.4041373	0.1630133	2.766706	-0.349034	-0.1873809	2.775981	-0.3587784	0.2873695	2.710401	-0.4889725	0.3597908	2.630116	-0.28282	-0.184204	2.784288	-0.4021828	-0.1849038	2.688794	-0.4524571	0.07394378	2.529569	-0.6094611	0.1744149	2.667755	-0.2593163	-0.620169	2.721577	-0.5279317	-0.5877723	2.888904	-0.1070582	-1.019898	2.764189	-0.5564317	-0.9120972	2.916579	

-0.3912095	-0.1084268	2.520168	-0.3466674	-0.1788835	2.524778	-0.3383035	-0.2318108	2.505147	-0.2842253	-0.3136406	2.545808	-0.3292921	-0.1309393	2.504637	-0.3101613	-0.190181	2.499218	-0.3958019	0.606174	2.77014	-0.4460719	0.5038497	2.743823	-0.4373344	0.4204995	2.75124	-0.4037602	0.1645085	2.764724	-0.3590894	-0.1798396	2.768721	-0.3933157	0.3683591	2.677342	-0.4884222	0.3582751	2.626766	-0.3008052	-0.176211	2.772751	-0.4086063	-0.1774524	2.683682	-0.4870872	0.1549682	2.499753	-0.454748	0.08110151	2.552191	-0.2568644	-0.6189187	2.721582	-0.5286255	-0.5782137	2.884407	-0.1077395	-1.019592	2.764702	-0.5534163	-0.9012452	2.910235	

-0.3421103	-0.15209	2.507181	-0.3339438	-0.1788073	2.526137	-0.2912225	-0.2706749	2.511759	-0.262704	-0.3329923	2.55158	-0.2932743	-0.1498949	2.527847	-0.2759745	-0.250095	2.503854	-0.390889	0.6094958	2.766905	-0.4363244	0.5070444	2.740215	-0.4337108	0.421954	2.749283	-0.4114611	0.1641568	2.762759	-0.4194599	-0.1939267	2.768754	-0.3813026	0.2986496	2.622923	-0.481073	0.3588672	2.624366	-0.3607466	-0.2054444	2.766169	-0.4660697	-0.1767824	2.691137	-0.4752083	0.08538381	2.44504	-0.4372297	0.08366445	2.545561	-0.2465278	-0.6176552	2.722362	-0.5412463	-0.5922335	2.892136	-0.1057825	-1.021394	2.768621	-0.4533706	-0.8905401	2.976096	

-0.393503	-0.1162976	2.507449	-0.3130704	-0.172967	2.523419	-0.3319844	-0.2018995	2.507605	-0.2251681	-0.3210467	2.549607	-0.3216267	-0.1751393	2.482667	-0.2337431	-0.2617187	2.50575	-0.3747169	0.6135285	2.758882	-0.4215159	0.5130156	2.733989	-0.4199979	0.4267124	2.740972	-0.4084584	0.1637553	2.752679	-0.4021021	-0.1996989	2.745078	-0.3809668	0.3622431	2.626325	-0.4548984	0.3627639	2.618428	-0.3273805	-0.2096816	2.728867	-0.4596843	-0.1827179	2.677637	-0.3885721	0.09077184	2.527065	-0.4191107	0.08722267	2.541589	-0.221697	-0.6161702	2.721319	-0.5278146	-0.5850235	2.90397	-0.1055995	-1.020887	2.769429	-0.5805466	-0.8997583	2.941408	

-0.3184196	-0.133998	2.547357	-0.307447	-0.1711544	2.52224	-0.2827492	-0.2405249	2.502905	-0.225234	-0.3230205	2.544067	-0.2581254	-0.1794447	2.495067	-0.2303021	-0.2125839	2.525267	-0.3673291	0.6150069	2.756644	-0.414753	0.5147023	2.731624	-0.4119054	0.4288655	2.739488	-0.3996515	0.1663312	2.754086	-0.3746543	-0.1901173	2.765832	-0.3800466	0.3627969	2.626037	-0.4509877	0.3626128	2.616037	-0.3077498	-0.2057066	2.746997	-0.4301068	-0.1681647	2.703698	-0.3340045	0.0871683	2.562728	-0.4117253	0.08865377	2.538839	-0.2160037	-0.6166367	2.720553	-0.50224	-0.5462264	2.892664	-0.1052655	-1.020559	2.770214	-0.5746775	-0.8532412	2.946082	

-0.2472308	-0.1702902	2.547277	-0.2952202	-0.1639005	2.521083	-0.2304325	-0.2911913	2.511307	-0.2102488	-0.3159356	2.541001	-0.2243942	-0.2052377	2.525824	-0.2243864	-0.2027308	2.530084	-0.3624194	0.6165376	2.755299	-0.4094558	0.5159627	2.730438	-0.4029026	0.4311509	2.739889	-0.3737801	0.1732935	2.764116	-0.3279097	-0.1772483	2.79318	-0.3796918	0.3727757	2.624479	-0.4427648	0.3656889	2.615441	-0.2617529	-0.1886491	2.77063	-0.3846645	-0.1607514	2.735484	-0.3141731	0.09984105	2.575196	-0.4055935	0.09242393	2.538077	-0.2092636	-0.6175383	2.722239	-0.516241	-0.5817732	2.908302	-0.1046675	-1.019767	2.771074	-0.5805029	-0.891413	2.950872	

-0.2834067	-0.1704954	2.512382	-0.2854008	-0.1605562	2.518919	-0.2452482	-0.2418815	2.49696	-0.1932594	-0.3096623	2.525647	-0.2360194	-0.1687741	2.486187	-0.208946	-0.1950169	2.523091	-0.3552163	0.6140369	2.755195	-0.4098377	0.515043	2.73109	-0.4027727	0.4306327	2.740638	-0.3733726	0.1733414	2.764491	-0.3273551	-0.1764409	2.792089	-0.3808566	0.3722295	2.625036	-0.4321985	0.3664773	2.613222	-0.2619412	-0.1876334	2.770138	-0.382746	-0.1601114	2.733107	-0.3413593	0.1001201	2.548506	-0.3971524	0.09410078	2.535302	-0.1902944	-0.6127746	2.729011	-0.5161777	-0.5805374	2.90846	-0.1022762	-1.018481	2.774691	-0.5688751	-0.8939226	2.928608	

-0.2812681	-0.1827888	2.508679	-0.2796153	-0.1581581	2.516348	-0.2255574	-0.2509795	2.498775	-0.1841746	-0.3255631	2.555277	-0.2252973	-0.1924991	2.481941	-0.1883613	-0.2718694	2.49888	-0.3499868	0.6149451	2.753125	-0.4099731	0.5146679	2.731228	-0.4026764	0.4303793	2.740936	-0.3731142	0.1732242	2.764844	-0.327264	-0.1765005	2.791965	-0.3858503	0.3598862	2.605112	-0.4283684	0.3667143	2.612008	-0.2620368	-0.1878539	2.770159	-0.3823319	-0.1598887	2.73255	-0.3415255	0.087014	2.539418	-0.3923628	0.09533557	2.533192	-0.1870093	-0.6112653	2.729584	-0.51788	-0.5788547	2.9102	-0.1005202	-1.013097	2.776304	-0.5798561	-0.8869185	2.946977	

-0.2803195	-0.1831032	2.508514	-0.2760194	-0.1556228	2.515095	-0.2342916	-0.2505389	2.494529	-0.1904059	-0.3206211	2.537368	-0.2323906	-0.1665125	2.480615	-0.1970515	-0.2115063	2.517062	-0.3466027	0.6160301	2.75148	-0.4065922	0.5143334	2.729892	-0.3990851	0.4302979	2.739645	-0.3708936	0.1735049	2.762658	-0.3276798	-0.1758809	2.783596	-0.3846032	0.35877	2.602	-0.4261534	0.3672468	2.61158	-0.2630427	-0.1881518	2.765779	-0.3819927	-0.1579212	2.719486	-0.3404899	0.08613554	2.538373	-0.3895871	0.09684199	2.531601	-0.1853494	-0.6102353	2.730316	-0.5172771	-0.571804	2.909886	-0.09993243	-1.012863	2.777441	-0.5583757	-0.887261	2.91398	

-0.2651951	-0.2492016	2.50361	-0.2729172	-0.1583026	2.51482	-0.2010151	-0.323412	2.536022	-0.1733152	-0.3109987	2.546127	-0.193963	-0.2318776	2.5064	-0.1955736	-0.2547954	2.491096	-0.3435664	0.6166728	2.751318	-0.3914953	0.5164437	2.724546	-0.3857948	0.4317364	2.736999	-0.3639518	0.1730626	2.764208	-0.3255832	-0.1786482	2.78902	-0.4255272	0.2831017	2.540669	-0.4067648	0.3677809	2.606277	-0.3309535	-0.2022481	2.775997	-0.3031401	-0.1599142	2.740844	-0.3370378	0.01741515	2.519216	-0.3841124	0.09520793	2.529558	-0.1847633	-0.6095334	2.730763	-0.4907482	-0.582998	2.873492	-0.09994164	-1.011355	2.779133	-0.4596674	-0.9004859	2.846863	

-0.3166331	-0.2612467	2.498614	-0.2709787	-0.1579142	2.514766	-0.2400651	-0.272452	2.50772	-0.176495	-0.3109011	2.550229	-0.2411041	-0.245177	2.478778	-0.2035596	-0.2363001	2.4924	-0.3410412	0.6182677	2.750003	-0.3878887	0.5175864	2.724012	-0.3816165	0.4328475	2.736475	-0.3596639	0.1734791	2.763855	-0.3241495	-0.1792303	2.789118	-0.4255712	0.2831493	2.540746	-0.4033146	0.3685415	2.605503	-0.3304911	-0.2019718	2.774947	-0.3014365	-0.1594199	2.737249	-0.3815478	0.007091621	2.514868	-0.3818913	0.09572346	2.5294	-0.1847365	-0.609737	2.73085	-0.4896649	-0.5812547	2.872093	-0.1000792	-1.011714	2.779628	-0.4607263	-0.8988963	2.844384	

-0.3163322	-0.2611721	2.498659	-0.2707717	-0.1577728	2.514517	-0.2403347	-0.2830993	2.510731	-0.1823168	-0.3130417	2.546843	-0.2422368	-0.2423263	2.475714	-0.199927	-0.2536504	2.490473	-0.3388231	0.6188635	2.748745	-0.3858376	0.5184611	2.723317	-0.3796141	0.4336618	2.735891	-0.3582868	0.1739198	2.763619	-0.3240755	-0.1792701	2.789274	-0.4256031	0.2831907	2.540818	-0.3998328	0.369575	2.60495	-0.3312156	-0.2013387	2.774026	-0.3011589	-0.1588572	2.73564	-0.3812121	0.007178498	2.514942	-0.3801604	0.09652089	2.529298	-0.1849917	-0.6096981	2.730587	-0.4648978	-0.5877154	2.877963	-0.099907	-1.012221	2.779653	-0.6678108	-0.8175963	2.778384	

-0.3162187	-0.2617443	2.498771	-0.2705264	-0.1579121	2.513587	-0.2399404	-0.2895067	2.506744	-0.1863161	-0.3115359	2.541343	-0.2423865	-0.243657	2.477861	-0.2151261	-0.2236762	2.489941	-0.3374652	0.6197218	2.748442	-0.384264	0.5192418	2.723231	-0.3783291	0.4343085	2.735534	-0.3576465	0.1742554	2.762342	-0.3257014	-0.179974	2.784958	-0.4260826	0.2825248	2.540886	-0.3987824	0.3696628	2.604769	-0.3347846	-0.2011035	2.767949	-0.3047935	-0.1579531	2.723424	-0.3812214	0.006578504	2.515052	-0.3795151	0.09654811	2.529215	-0.1861872	-0.6090492	2.73043	-0.4621239	-0.5852513	2.874348	-0.0999276	-1.01219	2.77998	-0.6023923	-0.8686202	2.894723	

-0.3173856	-0.2613008	2.499853	-0.2732614	-0.1594713	2.512903	-0.2444302	-0.3310558	2.525531	-0.2038176	-0.3199133	2.532872	-0.2427098	-0.2449421	2.47852	-0.2151216	-0.2447839	2.496917	-0.3364002	0.6203044	2.747761	-0.3834527	0.5191714	2.722949	-0.37729	0.4342571	2.734996	-0.3560437	0.1741856	2.760701	-0.3241687	-0.1803045	2.782232	-0.4265831	0.2831179	2.541844	-0.3973555	0.3694095	2.604588	-0.3349355	-0.2007877	2.76468	-0.3016614	-0.1577597	2.719874	-0.3820427	0.007108606	2.51617	-0.3794377	0.09614997	2.529283	-0.1868092	-0.6089634	2.730581	-0.4603838	-0.5834965	2.87295	-0.09992767	-1.012607	2.780157	-0.6019467	-0.8662226	2.893377	

-0.3184069	-0.2606984	2.500883	-0.2767838	-0.1611493	2.511913	-0.2483163	-0.3327584	2.522909	-0.2106396	-0.3197314	2.53155	-0.2443438	-0.2355597	2.4809	-0.2185666	-0.2643585	2.48775	-0.3315372	0.6213363	2.747847	-0.3831677	0.5191792	2.722986	-0.3771582	0.4342834	2.735009	-0.3562492	0.1742477	2.760547	-0.3264733	-0.1801945	2.781464	-0.4273376	0.283787	2.543123	-0.3967599	0.3691263	2.604733	-0.3403344	-0.1984918	2.763462	-0.3030037	-0.1582203	2.718979	-0.3828693	0.007762052	2.517271	-0.3796877	0.09576628	2.529638	-0.1871132	-0.6090362	2.730869	-0.4800071	-0.5789163	2.866964	-0.1002861	-1.012681	2.780831	-0.5606098	-0.8813915	2.909995	

-0.3212644	-0.263188	2.50092	-0.2809263	-0.1626687	2.511301	-0.2552654	-0.332811	2.523418	-0.2174956	-0.3195953	2.53056	-0.2499505	-0.2421344	2.477914	-0.2256118	-0.2184497	2.518125	-0.3289328	0.6216959	2.748847	-0.3827199	0.5191854	2.723015	-0.3769104	0.4343339	2.735018	-0.3563465	0.1743663	2.760522	-0.327785	-0.1797254	2.781368	-0.4286431	0.2815509	2.543582	-0.3967318	0.3691065	2.604928	-0.3419558	-0.1970458	2.76282	-0.304286	-0.1581561	2.719117	-0.3851446	0.005398401	2.517442	-0.3801112	0.09566268	2.53007	-0.187502	-0.6093166	2.731168	-0.5057192	-0.5531367	2.898438	-0.1011366	-1.010788	2.782357	-0.4627728	-1.010091	3.015934	

-0.3233479	-0.2652248	2.500939	-0.2901089	-0.1653766	2.507818	-0.2645304	-0.3406336	2.528117	-0.2451597	-0.3253334	2.529237	-0.2511542	-0.2448555	2.487455	-0.2393479	-0.2274644	2.531	-0.3300133	0.6226085	2.748062	-0.3827123	0.5191699	2.723061	-0.3769189	0.4343359	2.735061	-0.3566317	0.1744785	2.760368	-0.3287481	-0.1793816	2.781054	-0.4305685	0.2795254	2.543953	-0.3966594	0.36907	2.605377	-0.3433254	-0.1959919	2.76162	-0.3050002	-0.1580909	2.719213	-0.3871083	0.003382363	2.517543	-0.3817291	0.09557977	2.530314	-0.1893409	-0.6083545	2.732092	-0.5093798	-0.550567	2.903655	-0.1012727	-1.01057	2.782478	-0.4479102	-0.9663054	3.004371	

-0.3235344	-0.266146	2.50211	-0.2993648	-0.1672928	2.505638	-0.2960778	-0.3297977	2.506549	-0.2630778	-0.3307839	2.521355	-0.2768992	-0.2494747	2.476187	-0.2527578	-0.2290864	2.516286	-0.3313317	0.6232461	2.747621	-0.3825833	0.5191523	2.723097	-0.3768863	0.4343437	2.735084	-0.3570651	0.1745716	2.760125	-0.3308533	-0.1791817	2.780384	-0.4309311	0.2785691	2.545233	-0.3975283	0.3692693	2.606882	-0.3441523	-0.1955145	2.761602	-0.3089406	-0.1583927	2.717365	-0.3872828	0.002459995	2.518746	-0.3838113	0.09591646	2.530909	-0.1920522	-0.6080908	2.732908	-0.5109908	-0.5505887	2.907243	-0.1016875	-1.011073	2.782877	-0.4544146	-0.9663573	3.01586	

-0.3243861	-0.267839	2.505012	-0.3161399	-0.1713289	2.508203	-0.3127121	-0.3371117	2.513742	-0.2892132	-0.3325031	2.524127	-0.284297	-0.2561011	2.494083	-0.273241	-0.2413755	2.517833	-0.3332889	0.6237911	2.747954	-0.3825906	0.5188527	2.723818	-0.3773682	0.4341711	2.735725	-0.3623689	0.1750073	2.76118	-0.3496158	-0.1767404	2.782288	-0.4320683	0.2767995	2.548447	-0.3986977	0.3690652	2.609307	-0.3570504	-0.1917566	2.761869	-0.3331768	-0.1574324	2.721843	-0.3881447	0.0007538262	2.521711	-0.3872547	0.09572763	2.532883	-0.1946817	-0.6093243	2.733539	-0.4966768	-0.4588916	2.899518	-0.1019344	-1.011442	2.78317	-0.472767	-0.8797822	3.00234	

-0.3251002	-0.2690326	2.507317	-0.3202255	-0.1716121	2.51055	-0.321254	-0.3310655	2.515177	-0.2954728	-0.3328187	2.533019	-0.2873327	-0.2558654	2.5007	-0.2797687	-0.2311003	2.517615	-0.3343623	0.6244079	2.74908	-0.382707	0.5184572	2.724866	-0.377999	0.4339526	2.736705	-0.3653861	0.1754038	2.76233	-0.3533839	-0.1757725	2.783429	-0.4329715	0.2755535	2.550968	-0.4003326	0.369146	2.612501	-0.3616604	-0.1892393	2.762852	-0.3358053	-0.1574564	2.722968	-0.3888681	-0.0004493921	2.524061	-0.3903058	0.09564482	2.536646	-0.1959558	-0.6099174	2.734239	-0.5177303	-0.5619694	2.911273	-0.102044	-1.01147	2.783586	-0.4673335	-0.988987	3.034489	

-0.3266486	-0.2695011	2.510235	-0.322718	-0.1712087	2.515261	-0.31757	-0.3259314	2.524764	-0.2886172	-0.3350387	2.543292	-0.2913938	-0.2575825	2.503546	-0.2742474	-0.2312452	2.528728	-0.3358409	0.6251034	2.749484	-0.3836456	0.5183906	2.726977	-0.3791332	0.4339707	2.738442	-0.3662846	0.1754795	2.762999	-0.3533943	-0.1757981	2.783516	-0.4347498	0.2750311	2.554171	-0.4025613	0.3696777	2.61541	-0.3616837	-0.1892492	2.762943	-0.3357583	-0.1575074	2.723017	-0.3904383	-0.0009266578	2.527034	-0.3928395	0.09611034	2.539819	-0.1973598	-0.6104397	2.735225	-0.5181013	-0.5631306	2.912188	-0.1020235	-1.011799	2.784008	-0.5756736	-0.8724347	2.966463	

-0.3277023	-0.2702725	2.511961	-0.323321	-0.1717109	2.518103	-0.3197143	-0.3107718	2.527781	-0.2878696	-0.3342641	2.545015	-0.2913342	-0.2601561	2.50575	-0.2684024	-0.2415544	2.534	-0.3372284	0.6253958	2.750344	-0.3844419	0.5181703	2.728373	-0.3802712	0.4338821	2.739905	-0.3679879	0.1757503	2.764441	-0.3542502	-0.1754728	2.784769	-0.4359732	0.2745245	2.556001	-0.4035648	0.3697947	2.616405	-0.3623868	-0.1890138	2.763694	-0.3365209	-0.157044	2.724774	-0.3915444	-0.001560509	2.528782	-0.3934701	0.09576767	2.542292	-0.1985503	-0.6108213	2.735948	-0.4969155	-0.4583853	2.907416	-0.1025025	-1.012057	2.784775	-0.5755305	-0.8307065	2.962228	

-0.3285775	-0.2704757	2.512675	-0.3223708	-0.1716545	2.520792	-0.3073663	-0.3157341	2.525793	-0.2826767	-0.3323412	2.5423	-0.2852155	-0.2556662	2.499153	-0.2659776	-0.2188665	2.5314	-0.3385095	0.625585	2.751206	-0.385136	0.5181042	2.728982	-0.3808419	0.4338678	2.740418	-0.368071	0.1757789	2.764651	-0.3530047	-0.1755014	2.785231	-0.4369203	0.2743093	2.556771	-0.4047276	0.3695319	2.617692	-0.3618712	-0.1890152	2.76378	-0.3339362	-0.1570667	2.725848	-0.3924276	-0.001765268	2.52951	-0.393664	0.0955938	2.543292	-0.1991942	-0.6115353	2.736476	-0.5196187	-0.5617003	2.916274	-0.1024416	-1.012266	2.785011	-0.5813755	-0.871462	2.962761	

-0.3295097	-0.2705909	2.513656	-0.3206371	-0.1714971	2.522686	-0.3041902	-0.3021713	2.527811	-0.2805081	-0.3327405	2.542164	-0.2860787	-0.2571247	2.499264	-0.263914	-0.2189211	2.520227	-0.3404636	0.6256658	2.752265	-0.3860039	0.5182723	2.729915	-0.3819151	0.4339327	2.741466	-0.3693825	0.1753717	2.765938	-0.3538348	-0.1769953	2.787059	-0.437965	0.2743647	2.557818	-0.4056663	0.3694283	2.618606	-0.3626912	-0.1904195	2.764443	-0.3347323	-0.1585974	2.72927	-0.393395	-0.001792638	2.530506	-0.3937887	0.09538417	2.544375	-0.1998158	-0.612588	2.737338	-0.4969406	-0.4591542	2.901596	-0.1026616	-1.012536	2.785529	-0.5757096	-0.829092	2.960574	

-0.3304668	-0.2706187	2.514096	-0.316819	-0.1709072	2.525077	-0.3004635	-0.3157532	2.525811	-0.2735164	-0.3327192	2.541891	-0.2863745	-0.2568385	2.499341	-0.2536352	-0.2347278	2.534857	-0.3420983	0.6255762	2.753472	-0.3868798	0.5183294	2.730338	-0.3827237	0.4339024	2.741985	-0.3698197	0.1750349	2.766759	-0.3529964	-0.1784244	2.789157	-0.4389745	0.2743326	2.558291	-0.4063268	0.369076	2.618978	-0.3625846	-0.1914306	2.764869	-0.3325449	-0.160337	2.734071	-0.3943593	-0.001820227	2.530956	-0.3937069	0.09499746	2.545027	-0.2004268	-0.6132555	2.738342	-0.5214988	-0.5642819	2.924757	-0.1026589	-1.012549	2.785636	-0.5622663	-0.8823246	2.926101	

-0.3315522	-0.2707628	2.514497	-0.3145362	-0.1701069	2.525434	-0.2970279	-0.3088571	2.525825	-0.2701354	-0.326198	2.542099	-0.2858515	-0.2563511	2.497098	-0.2549897	-0.2196577	2.522824	-0.3435489	0.6257378	2.753987	-0.3879842	0.5185357	2.730738	-0.3837838	0.4342267	2.742496	-0.3705295	0.1756864	2.7676	-0.3527903	-0.1770704	2.790696	-0.4401751	0.2744608	2.558721	-0.4072922	0.3693551	2.619666	-0.3624828	-0.1907355	2.765576	-0.3323747	-0.1583648	2.735982	-0.3954941	-0.001828862	2.531365	-0.3938172	0.0952659	2.545207	-0.2005934	-0.6138399	2.738728	-0.49668	-0.4661036	2.907492	-0.1027013	-1.012611	2.785752	-0.5529923	-0.7802927	2.928864	

-0.3319088	-0.2708501	2.514948	-0.3132905	-0.1698801	2.525229	-0.2717632	-0.3372582	2.548609	-0.257941	-0.328544	2.550153	-0.2617646	-0.2617591	2.508857	-0.2454696	-0.2279648	2.5636	-0.3445752	0.6259769	2.754687	-0.3883067	0.5185015	2.731178	-0.3839276	0.4342197	2.742761	-0.3703694	0.175706	2.767675	-0.3502075	-0.176963	2.789933	-0.4405413	0.2743741	2.559189	-0.4075409	0.3693046	2.619817	-0.3607816	-0.190946	2.764905	-0.3288237	-0.1577663	2.734638	-0.3958514	-0.00191555	2.531823	-0.3935719	0.0951847	2.545581	-0.200569	-0.614072	2.738802	-0.5135857	-0.5693257	2.917981	-0.1033853	-1.011379	2.785434	-0.564339	-0.8837649	2.926442	

-0.3323309	-0.270821	2.515349	-0.312783	-0.1695645	2.525106	-0.2774784	-0.3413151	2.552915	-0.2633105	-0.3281985	2.549063	-0.2605885	-0.2617743	2.506923	-0.2555414	-0.2207687	2.529067	-0.3459985	0.6258972	2.755169	-0.3887104	0.5185749	2.731585	-0.3841732	0.434313	2.743076	-0.3702708	0.175829	2.767829	-0.3490255	-0.176537	2.789976	-0.440979	0.2744042	2.55961	-0.4085006	0.369318	2.620354	-0.359646	-0.1905345	2.764704	-0.3277677	-0.1573624	2.734711	-0.3962756	-0.001885492	2.532231	-0.3936625	0.09531818	2.54571	-0.2006662	-0.6143388	2.739049	-0.5157732	-0.5679905	2.919513	-0.1034065	-1.011354	2.785557	-0.4544249	-0.9813365	3.02424	

-0.3326664	-0.2708011	2.51547	-0.3127288	-0.1693797	2.524839	-0.2811568	-0.3408458	2.549501	-0.2619079	-0.3269815	2.54819	-0.2602909	-0.2608132	2.510091	-0.2480285	-0.2281764	2.59	-0.3463615	0.6258917	2.755408	-0.3890341	0.5186281	2.731717	-0.3844208	0.4343387	2.743149	-0.3703112	0.1758	2.767789	-0.3487571	-0.1769077	2.789348	-0.4413282	0.2744263	2.559746	-0.409202	0.3693599	2.620752	-0.359243	-0.1910191	2.763693	-0.327634	-0.1576581	2.734192	-0.3966134	-0.00186446	2.532357	-0.3937744	0.09544517	2.545817	-0.2010076	-0.6141011	2.738935	-0.4961939	-0.4539329	2.909546	-0.1033881	-1.011313	2.785497	-0.4686462	-0.8758518	2.997396	

-0.3328369	-0.270785	2.515722	-0.3128025	-0.1691542	2.524622	-0.2841773	-0.343194	2.552109	-0.2698377	-0.3276505	2.544927	-0.261732	-0.2580316	2.513813	-0.2512717	-0.2352326	2.551333	-0.347072	0.6261632	2.755688	-0.3891959	0.5186732	2.731979	-0.3845417	0.4344423	2.743374	-0.3702257	0.1761212	2.76793	-0.3481403	-0.1758802	2.789331	-0.4415048	0.2744446	2.560013	-0.409488	0.3695449	2.621009	-0.3589553	-0.1887415	2.763846	-0.3267669	-0.157296	2.733927	-0.3967845	-0.001847331	2.532615	-0.3938255	0.09567067	2.545915	-0.2010818	-0.6137208	2.739011	-0.5200244	-0.5644954	2.921777	-0.1042248	-1.009683	2.785946	-0.4540083	-0.9792793	3.02364	

-0.3330179	-0.2706716	2.515793	-0.3143961	-0.1694297	2.523457	-0.2877948	-0.3439448	2.546754	-0.2694655	-0.3210899	2.540164	-0.2643598	-0.2591791	2.513729	-0.2552146	-0.2294852	2.591167	-0.3475572	0.6263054	2.755795	-0.3893822	0.5188137	2.732063	-0.3848237	0.4346993	2.743464	-0.3706705	0.1768258	2.767918	-0.3490348	-0.1743714	2.789118	-0.4416977	0.2745607	2.560096	-0.4096639	0.3696641	2.621203	-0.359662	-0.1875774	2.763635	-0.3278958	-0.1555905	2.733565	-0.3969671	-0.001732529	2.53269	-0.3938569	0.09581828	2.545991	-0.2010997	-0.6137737	2.739046	-0.5200844	-0.5644735	2.921651	-0.1045464	-1.008439	2.785937	-0.4541469	-0.9803988	3.023747	

-0.3331628	-0.270695	2.515851	-0.3152052	-0.1695814	2.522969	-0.3080539	-0.3244735	2.522172	-0.2750977	-0.3194571	2.536533	-0.2900541	-0.2575879	2.492462	-0.2621729	-0.225495	2.529875	-0.3481535	0.6265061	2.75601	-0.3895154	0.5188102	2.732127	-0.3849557	0.4347306	2.743491	-0.3707798	0.1770014	2.767748	-0.3491286	-0.1738751	2.788344	-0.4418457	0.2745394	2.560163	-0.4097494	0.3697083	2.621231	-0.359753	-0.1872447	2.763445	-0.3280168	-0.1549842	2.731544	-0.3971127	-0.001755183	2.532752	-0.3939067	0.09587258	2.545964	-0.2011884	-0.6137515	2.738994	-0.5199378	-0.5640299	2.921695	-0.1045571	-1.009254	2.786179	-0.4540717	-0.9811221	3.023819	

-0.3332563	-0.2707367	2.515899	-0.3161556	-0.1697666	2.522655	-0.3080116	-0.3244296	2.521842	-0.2755392	-0.3191772	2.533012	-0.2910523	-0.2560342	2.4935	-0.2635581	-0.2251312	2.527041	-0.3486567	0.6267524	2.755987	-0.3895969	0.5187871	2.73218	-0.3850732	0.4347273	2.743535	-0.3709491	0.1770631	2.767717	-0.3494991	-0.1737563	2.788184	-0.4419397	0.2745	2.560218	-0.4097471	0.3696907	2.621186	-0.3601269	-0.1872341	2.763499	-0.3284875	-0.154733	2.731011	-0.3972064	-0.001796125	2.532803	-0.3942198	0.0958682	2.545773	-0.2012519	-0.6137744	2.738954	-0.4984486	-0.4626498	2.905669	-0.1044755	-1.009531	2.786313	-0.5492833	-0.7794625	2.928935	

-0.27755	-0.1639087	2.536191	-0.3170186	-0.1697495	2.522097	-0.2947067	-0.2382126	2.509766	-0.2781147	-0.3203059	2.531689	-0.2654243	-0.2357672	2.51975	-0.2649291	-0.2294974	2.526399	-0.3490392	0.6268739	2.755977	-0.3897585	0.5187845	2.732243	-0.3852026	0.4347513	2.743545	-0.3709953	0.1771918	2.767474	-0.3492764	-0.1734469	2.787161	-0.442114	0.2744807	2.560282	-0.4098361	0.3697606	2.621216	-0.3601534	-0.186935	2.762839	-0.3279475	-0.1545223	2.729568	-0.336555	0.06522769	2.551569	-0.3947764	0.0959619	2.545576	-0.201308	-0.6138763	2.738902	-0.5173998	-0.5658155	2.919495	-0.104348	-1.010084	2.786267	-0.4551204	-0.9840357	3.02214	

-0.2775604	-0.1639067	2.536274	-0.3176102	-0.1697843	2.521735	-0.2923518	-0.2366186	2.510978	-0.2786265	-0.3200094	2.531791	-0.2625279	-0.2362626	2.525	-0.2670731	-0.2224899	2.524712	-0.3501409	0.6272303	2.755477	-0.3900067	0.5188537	2.732171	-0.3855072	0.4348516	2.743486	-0.3713075	0.1773388	2.76746	-0.349718	-0.1733216	2.787331	-0.4423705	0.2745312	2.560209	-0.4098311	0.3697675	2.621175	-0.3607285	-0.1868915	2.762721	-0.3284284	-0.1542962	2.73014	-0.3365659	0.06523035	2.551655	-0.3951735	0.09597732	2.545398	-0.2015205	-0.6138025	2.738965	-0.4646466	-0.6009814	2.893127	-0.1041784	-1.010288	2.78639	-0.4187567	-0.9036273	2.982363	

-0.2776068	-0.1638898	2.536278	-0.3177311	-0.1695823	2.521623	-0.2895433	-0.2369235	2.511563	-0.2788823	-0.3203119	2.534211	-0.2625799	-0.2363086	2.5255	-0.2617503	-0.2353939	2.53425	-0.3506883	0.6273499	2.754896	-0.3904865	0.5190035	2.731851	-0.3859589	0.4350738	2.743093	-0.371538	0.1777965	2.766741	-0.3496012	-0.1726344	2.78623	-0.4428597	0.2746551	2.559889	-0.4109415	0.3697519	2.621237	-0.3603971	-0.1861909	2.761471	-0.3285025	-0.1537094	2.729201	-0.3366131	0.06524787	2.551661	-0.3958645	0.09601924	2.545272	-0.201499	-0.6136707	2.739014	-0.5166869	-0.5629271	2.925518	-0.1039752	-1.010725	2.786342	-0.4556511	-0.9834343	3.022209	

-0.2776163	-0.1639581	2.536371	-0.3176669	-0.1701749	2.521845	-0.2878622	-0.2376413	2.514771	-0.2791368	-0.3205926	2.536381	-0.2627416	-0.2329845	2.527	-0.2637625	-0.2303021	2.52674	-0.3516201	0.6275002	2.754461	-0.3906391	0.5189607	2.73182	-0.3861474	0.4350874	2.743099	-0.3718615	0.1780612	2.766909	-0.350402	-0.1717103	2.787117	-0.4430229	0.2745975	2.559855	-0.4123057	0.3690912	2.621298	-0.3606319	-0.1855993	2.76226	-0.3301304	-0.1523951	2.730227	-0.336623	0.06517965	2.551758	-0.3960408	0.09534812	2.545655	-0.2013952	-0.6137284	2.738957	-0.5170976	-0.5636721	2.926012	-0.1040366	-1.011244	2.786497	-0.4641298	-0.9783663	3.017989	

-0.2776426	-0.1639541	2.536444	-0.3177725	-0.170237	2.521811	-0.2899572	-0.2384057	2.517678	-0.2793213	-0.3208103	2.538133	-0.2630783	-0.2334736	2.527061	-0.2603295	-0.2339165	2.537136	-0.3517535	0.6275098	2.754441	-0.3908288	0.5190092	2.731784	-0.3864137	0.4352147	2.74308	-0.3723046	0.1785017	2.766965	-0.3511943	-0.1708154	2.787449	-0.4432174	0.2746336	2.559819	-0.4128656	0.3689605	2.621551	-0.3611802	-0.1846681	2.762269	-0.3311774	-0.1516015	2.730951	-0.3366498	0.06518403	2.551833	-0.3961212	0.09529173	2.545675	-0.2013276	-0.6137715	2.738995	-0.5173944	-0.5647298	2.926116	-0.1038648	-1.010961	2.786613	-0.4642562	-0.9774725	3.018045	

-0.2777213	-0.1639729	2.53653	-0.3177018	-0.1704778	2.522174	-0.2934843	-0.2401043	2.516469	-0.2796609	-0.3198518	2.534528	-0.2641298	-0.2368051	2.523193	-0.2625033	-0.2309582	2.531191	-0.3522119	0.6276756	2.754284	-0.3911214	0.519026	2.731741	-0.3866638	0.4352994	2.742998	-0.3724133	0.1788269	2.766685	-0.35096	-0.1700535	2.786704	-0.4435177	0.2746363	2.559774	-0.4135095	0.3686172	2.621799	-0.3609202	-0.1837684	2.76082	-0.3309392	-0.1510139	2.730666	-0.3367291	0.06516549	2.551921	-0.39621	0.09501544	2.545754	-0.20129	-0.6139016	2.739039	-0.5195171	-0.5591069	2.928058	-0.1038614	-1.011009	2.78666	-0.4646581	-0.9816775	3.020577	

-0.2777454	-0.1640368	2.5368	-0.3177226	-0.170476	2.522473	-0.292043	-0.2396646	2.517917	-0.2776709	-0.3198634	2.534602	-0.2640523	-0.2367925	2.523546	-0.2645625	-0.2228765	2.527834	-0.3524559	0.6276209	2.754328	-0.3912418	0.5190106	2.731818	-0.3867261	0.4353167	2.74305	-0.3723451	0.1789313	2.766714	-0.3504031	-0.1697357	2.786706	-0.4436438	0.2746112	2.559853	-0.4140499	0.3685688	2.621988	-0.3603587	-0.1833404	2.76109	-0.330271	-0.1507974	2.730407	-0.3367535	0.06510126	2.552193	-0.3962685	0.09501522	2.545839	-0.2012723	-0.6140655	2.739083	-0.5192786	-0.5602096	2.927577	-0.1038402	-1.011293	2.786603	-0.4651403	-0.9832878	3.020884	

-0.2777245	-0.1640312	2.536846	-0.3177282	-0.1705769	2.522528	-0.2933241	-0.23868	2.514643	-0.2722282	-0.3206559	2.53681	-0.265793	-0.232468	2.52086	-0.2601672	-0.2372868	2.53575	-0.3527609	0.6278226	2.753843	-0.3912779	0.519033	2.731804	-0.3867906	0.4354003	2.742994	-0.3724285	0.179367	2.766374	-0.3505376	-0.1688258	2.78588	-0.4436804	0.2746281	2.559839	-0.4143451	0.3684319	2.622121	-0.3603884	-0.1825951	2.760867	-0.3305386	-0.1497652	2.728658	-0.3367327	0.0651072	2.55224	-0.3963549	0.09488721	2.545985	-0.2012852	-0.6142675	2.739127	-0.519066	-0.5566579	2.927933	-0.1038621	-1.012114	2.786509	-0.4644526	-0.9826587	3.023477	

-0.2722825	-0.1825123	2.537663	-0.3179994	-0.1705306	2.522887	-0.2872082	-0.2560717	2.514277	-0.2811854	-0.3202994	2.532042	-0.2631616	-0.2417165	2.524267	-0.2617035	-0.2420625	2.529454	-0.3527623	0.6278117	2.754014	-0.3914861	0.5190454	2.731894	-0.3869253	0.4354768	2.743041	-0.3723749	0.1797323	2.766301	-0.3499112	-0.1678002	2.785517	-0.4438936	0.2746304	2.55993	-0.4141744	0.3686041	2.622089	-0.3603388	-0.18175	2.760907	-0.3289067	-0.1484811	2.727695	-0.3312644	0.04652765	2.553083	-0.3963452	0.09502666	2.546052	-0.2013957	-0.614419	2.739167	-0.5179233	-0.5530428	2.926561	-0.1039235	-1.012194	2.786576	-0.4647703	-0.9799819	3.023005	

-0.2713544	-0.1852636	2.537316	-0.318129	-0.1704566	2.522967	-0.2921115	-0.2608775	2.512919	-0.2754907	-0.3191395	2.532751	-0.2636566	-0.2446262	2.524402	-0.260198	-0.235945	2.536182	-0.352771	0.6277412	2.754179	-0.3916076	0.5190545	2.731859	-0.387098	0.4355524	2.74302	-0.3726799	0.1800843	2.766364	-0.3506032	-0.1670479	2.785941	-0.4440182	0.2746323	2.559895	-0.414123	0.3687835	2.622185	-0.3612017	-0.1808869	2.761167	-0.3295188	-0.1478588	2.728408	-0.3303323	0.04376224	2.55274	-0.3962107	0.09516932	2.546332	-0.2018685	-0.6145493	2.739223	-0.464837	-0.6000467	2.893973	-0.1039254	-1.012457	2.786669	-0.421267	-0.9073868	2.98326	

-0.2706665	-0.1868906	2.537477	-0.3181963	-0.1702041	2.522981	-0.2873726	-0.263116	2.515229	-0.2715866	-0.3207856	2.535351	-0.2652449	-0.2386689	2.522227	-0.260011	-0.2370214	2.540704	-0.3529016	0.627723	2.754213	-0.3916687	0.5190611	2.731911	-0.3872157	0.4356059	2.743076	-0.3729857	0.1803263	2.76639	-0.3514091	-0.1666154	2.785929	-0.4440814	0.2746336	2.559947	-0.4140681	0.369029	2.622287	-0.3619069	-0.1805271	2.761202	-0.3304302	-0.147424	2.728418	-0.329641	0.04212663	2.552905	-0.3962338	0.09543817	2.546297	-0.2020346	-0.6145319	2.739136	-0.4969655	-0.4658896	2.907708	-0.1037829	-1.012606	2.786619	-0.4693294	-0.8948557	3.004671	

-0.2759261	-0.1666705	2.534145	-0.3184885	-0.1700974	2.523049	-0.2878267	-0.2426152	2.517267	-0.2723596	-0.3208134	2.538064	-0.2651281	-0.2261267	2.527667	-0.2680605	-0.2189194	2.523588	-0.3529215	0.6275738	2.754493	-0.3915813	0.5194213	2.732016	-0.3871143	0.4360153	2.743114	-0.3727353	0.180836	2.766175	-0.350991	-0.1662304	2.785354	-0.4439991	0.2749731	2.56005	-0.4140066	0.369234	2.622244	-0.3616919	-0.1800333	2.761172	-0.329626	-0.1472747	2.726844	-0.3349285	0.06245775	2.549547	-0.3962993	0.09561102	2.546361	-0.2022883	-0.6144751	2.739037	-0.5135142	-0.5453293	2.926981	-0.1036353	-1.01298	2.786729	-0.465836	-0.9729689	3.025675	

-0.277908	-0.1650327	2.534175	-0.3183764	-0.1696423	2.523248	-0.2765619	-0.267688	2.506593	-0.2611232	-0.3185066	2.527405	-0.267123	-0.2135831	2.515934	-0.2599551	-0.2271202	2.532085	-0.3478272	0.6279218	2.758857	-0.3892614	0.5204199	2.733188	-0.3859112	0.4367998	2.744247	-0.3734994	0.1814123	2.767947	-0.3590105	-0.1663929	2.791197	-0.4416978	0.275944	2.561222	-0.413925	0.3696404	2.622367	-0.366402	-0.1788787	2.768479	-0.3429311	-0.1492847	2.732173	-0.3369205	0.06410415	2.549575	-0.3966406	0.09592973	2.546771	-0.202542	-0.6139833	2.739114	-0.5108479	-0.546457	2.926989	-0.1033398	-1.012659	2.786446	-0.4649605	-0.9739783	3.030334	

-0.2881641	-0.1814511	2.530553	-0.3163141	-0.1669817	2.524952	-0.2533008	-0.278757	2.502931	-0.2226721	-0.3029364	2.521234	-0.2576407	-0.1976464	2.5138	-0.2451233	-0.2102821	2.538857	-0.3214281	0.6243109	2.771402	-0.3824594	0.5209097	2.736989	-0.3765635	0.438348	2.749028	-0.3548109	0.1869252	2.77568	-0.31665	-0.1526326	2.8023	-0.4349058	0.2764109	2.56503	-0.4101431	0.3716738	2.622141	-0.32816	-0.1601873	2.788116	-0.2919108	-0.1396361	2.735153	-0.3472345	0.04760018	2.545957	-0.3982165	0.09757234	2.54722	-0.2023766	-0.6135992	2.739163	-0.4911968	-0.556443	2.923115	-0.1016244	-1.013721	2.785495	-0.4633884	-0.9860635	3.02701	

-0.2862194	-0.1847849	2.531589	-0.3106506	-0.1524299	2.529554	-0.228857	-0.2337372	2.509637	-0.1969736	-0.2599115	2.518572	-0.2570057	-0.1756114	2.51525	-0.2489491	-0.1737773	2.5385	-0.297285	0.6357691	2.776461	-0.3700144	0.5202547	2.74316	-0.3701611	0.4381047	2.753511	-0.3570876	0.1867477	2.778158	-0.3650038	-0.1571396	2.807287	-0.4224688	0.2757425	2.571211	-0.4003634	0.3730976	2.62192	-0.3652521	-0.1684957	2.789556	-0.3514461	-0.1401426	2.743434	-0.3452788	0.04424727	2.546996	-0.404458	0.09919021	2.545694	-0.1984295	-0.6103069	2.739976	-0.4090056	-0.5960016	2.941782	-0.09925038	-1.008218	2.782822	-0.4631115	-0.9970173	3.021392	

-0.2679974	-0.01950835	2.806404	-0.2802228	-0.1446655	2.538109	-0.2541264	-0.08967716	2.813024	-0.171729	-0.1973042	2.512011	-0.2555874	-0.0736036	2.787	-0.2271991	-0.2053238	2.5788	-0.2448732	0.6270285	2.798259	-0.3361791	0.5099217	2.754751	-0.344679	0.4296252	2.76496	-0.3556952	0.183244	2.784162	-0.3680645	-0.1590106	2.810307	-0.3886543	0.2654099	2.582805	-0.3916625	0.3730128	2.624264	-0.3656541	-0.170617	2.793586	-0.3609906	-0.1429255	2.746384	-0.3192529	0.02850915	2.555291	-0.4091266	0.1008793	2.543139	-0.1750022	-0.5915231	2.736863	-0.4090196	-0.6015114	2.943744	-0.0860614	-0.9904419	2.764493	-0.4625151	-0.9979927	3.015643	

-0.2050235	-0.0264436	2.811926	-0.317553	-0.1077015	2.508841	-0.2304286	0.04153143	2.806035	-0.2140155	-0.1801415	2.522995	-0.2311624	0.04120201	2.784	-0.1987406	-0.1481555	2.52625	-0.1865485	0.5737595	2.800846	-0.2728475	0.481422	2.756985	-0.2853445	0.4006855	2.770317	-0.3250062	0.1554447	2.79862	-0.3700356	-0.1751214	2.821345	-0.3253768	0.2369103	2.585021	-0.3565845	0.3541887	2.622077	-0.3421427	-0.2008018	2.824981	-0.381091	-0.1571868	2.7484	-0.2552156	-0.002263209	2.557612	-0.3944173	0.08887918	2.524508	-0.1732423	-0.5947163	2.736048	-0.400719	-0.6142914	2.953436	-0.007148224	-0.9526014	2.75482	-0.4581284	-0.9936296	3.013049	

-0.1586082	-0.08173501	3.007697	-0.2590889	-0.1587845	2.499098	-0.09405472	-0.1576375	3.002549	-0.1528254	-0.212147	2.540198	-0.1842541	-0.1155515	3.016833	-0.2031907	-0.1555006	2.5185	-0.09081119	0.5059618	2.797611	-0.1846084	0.4337546	2.74361	-0.2055458	0.3563701	2.757217	-0.2685329	0.1190395	2.7875	-0.3589788	-0.1945505	2.818217	-0.2372141	0.1892214	2.571611	-0.2863091	0.3145403	2.612258	-0.3171133	-0.2165422	2.811732	-0.3833709	-0.1704327	2.745769	-0.2113522	0.06179597	2.793797	-0.3405469	0.05831332	2.498194	-0.1666616	-0.6006417	2.730621	-0.3457887	-0.6250389	2.955157	-0.009095687	-0.9493949	2.751784	-0.4416053	-0.9860755	3.010345	

-0.0856339	-0.1308405	2.9881	-0.2128354	-0.1930941	2.487397	-0.03599476	-0.1863499	2.980213	-0.1185102	-0.2494382	2.519987	-0.1072599	-0.1577188	2.993	-0.1730624	-0.1780478	2.51925	-0.007135049	0.4677652	2.771563	-0.09895442	0.3895626	2.730191	-0.126361	0.3071083	2.736933	-0.2094344	0.05440753	2.746469	-0.3217807	-0.2903695	2.747429	-0.1516341	0.1450087	2.558153	-0.2104093	0.2783799	2.59688	-0.2797088	-0.3178693	2.734778	-0.3543431	-0.2542404	2.678631	-0.143815	0.02802556	2.786047	-0.2759372	0.02206974	2.490557	-0.09164204	-0.7415975	2.725495	-0.3758061	-0.6760414	2.935538	0.07074258	-1.024044	2.760261	-0.4409772	-0.9918926	2.984313	

0.05019676	-0.2234507	2.944792	-0.02239291	-0.2829033	2.497149	0.08692938	-0.3010182	2.941648	0.06571541	-0.3115593	2.54445	0.02667831	-0.2541802	2.9468	0.0787925	-0.2906538	2.53	0.173075	0.3592113	2.735739	0.07784136	0.3001022	2.699168	0.04175523	0.2298223	2.709086	-0.06846972	0.0145387	2.728137	-0.2184324	-0.2790146	2.742023	0.02501032	0.05552291	2.527043	-0.06881411	0.1992547	2.56006	-0.182982	-0.2871727	2.711059	-0.2473826	-0.2625408	2.69129	-0.005619614	-0.04357797	2.759922	-0.1205482	-0.06240974	2.461645	-0.05031196	-0.656638	2.712178	-0.3263622	-0.6184228	2.927069	0.05844903	-0.9848075	2.753806	-0.4264243	-0.9932864	2.999673	

0.09785096	-0.257818	2.934795	0.0153027	-0.3267043	2.490257	0.1537371	-0.294474	2.93217	0.09987983	-0.3595526	2.523793	0.085327	-0.2878491	2.9199	0.06914323	-0.3103891	2.4855	0.2277131	0.3330919	2.722064	0.1334225	0.2683469	2.687474	0.09190518	0.2029472	2.697442	-0.04451493	0.005997241	2.71989	-0.2149055	-0.2760965	2.738183	0.08054188	0.02376236	2.515308	-0.02126696	0.1793863	2.558161	-0.1798699	-0.2848621	2.708791	-0.2434823	-0.2589537	2.685407	0.05324317	-0.07779913	2.747549	-0.06408172	-0.08460052	2.462248	-0.04225847	-0.6631569	2.711269	-0.292551	-0.611062	2.927155	0.05841568	-0.9812735	2.75511	-0.4509904	-0.8964809	2.946831	

0.1842686	-0.3262884	2.907103	0.09670363	-0.3916897	2.494891	0.2249483	-0.4051809	2.919865	0.172256	-0.4493078	2.557792	0.1804979	-0.3788643	2.878077	0.1946384	-0.3894995	2.527125	0.3059734	0.2853021	2.703266	0.2091675	0.2121717	2.673738	0.1627961	0.1502222	2.686072	0.02069312	-0.03933617	2.712377	-0.1775737	-0.2952394	2.736213	0.156218	-0.03239428	2.501489	0.04566332	0.1330206	2.548395	-0.1334952	-0.3109079	2.715621	-0.2151007	-0.2718459	2.676932	0.1349389	-0.1345585	2.733282	0.01291297	-0.1346264	2.463787	0.005942144	-0.7177861	2.711858	-0.2729119	-0.6193799	2.925841	0.07257131	-1.030899	2.768216	-0.4615097	-0.8866308	2.939697	

0.2622709	-0.403039	2.869351	0.1937903	-0.4365033	2.512473	0.2794765	-0.4994107	2.866748	0.2490673	-0.5436549	2.593654	0.2466014	-0.4458406	2.860182	0.3031431	-0.4667993	2.529625	0.3812461	0.2309496	2.685366	0.2733971	0.1547247	2.66387	0.2198638	0.09702332	2.680407	0.05569679	-0.07932518	2.719327	-0.1711747	-0.3115935	2.752244	0.2203847	-0.08980491	2.491523	0.1197123	0.08232954	2.540526	-0.130997	-0.327692	2.735818	-0.2065578	-0.2861976	2.687794	0.1984891	-0.1914382	2.723417	0.09185681	-0.1888048	2.470525	0.01819052	-0.7175201	2.713745	-0.3356203	-0.6080943	2.891804	0.08252606	-1.029997	2.775613	-0.4532306	-0.9070113	2.944776	

0.2528253	-0.3739325	2.881942	0.2009083	-0.4447021	2.510682	0.316755	-0.466803	2.883746	0.30247	-0.5388774	2.543754	0.2716478	-0.4660896	2.854429	0.3171844	-0.4991908	2.523	0.3960016	0.2197849	2.684033	0.2844868	0.1457365	2.663792	0.2274728	0.09226829	2.68014	0.05782211	-0.07803497	2.718848	-0.1707851	-0.3024723	2.753887	0.2314653	-0.09877793	2.491436	0.127972	0.08017782	2.541262	-0.1311639	-0.3244682	2.736932	-0.2049635	-0.2684515	2.689464	0.1522869	-0.197679	2.713708	0.1085833	-0.1921669	2.473516	0.04042035	-0.7159702	2.719641	-0.3307126	-0.5982752	2.882378	0.09723727	-1.028642	2.786295	-0.4509607	-0.8948271	2.941028	

0.3049457	-0.6088877	2.475927	0.2176163	-0.4547153	2.499347	0.3413722	-0.7146631	2.458702	0.3252258	-0.5894564	2.526768	0.2958991	-0.7121797	2.429829	0.3351063	-0.5620164	2.5072	0.4556502	0.1517021	2.689872	0.3302223	0.1031475	2.659804	0.2744089	0.05199173	2.670924	0.1030263	-0.1042546	2.693671	-0.1311092	-0.3168281	2.712678	0.2447165	-0.0733775	2.516921	0.1685883	0.04927312	2.542377	-0.09145448	-0.3406896	2.691776	-0.1668473	-0.28343	2.652064	0.2326614	-0.3478035	2.519619	0.1628735	-0.2239372	2.479514	0.07750468	-0.679868	2.709467	-0.3258765	-0.5107551	2.86693	0.07626587	-0.9984279	2.773852	-0.4166247	-0.7748625	2.909445	

0.3285347	-0.5939276	2.521726	0.266457	-0.4613654	2.482985	0.3873666	-0.6787326	2.588812	0.3544331	-0.610901	2.510522	0.3223427	-0.6184356	2.50525	0.3251416	-0.4823477	2.496833	0.4886121	0.1129148	2.680957	0.3817907	0.05761285	2.655761	0.3220511	0.01281975	2.666063	0.1310464	-0.119752	2.687949	-0.1230449	-0.3137612	2.70822	0.2983313	-0.07639582	2.516686	0.20185	0.02402939	2.540565	-0.08113264	-0.3408069	2.691929	-0.1591218	-0.2753053	2.640116	0.270358	-0.3507948	2.491795	0.2227312	-0.249273	2.485803	0.08786356	-0.6791955	2.712944	-0.3251052	-0.4907493	2.860824	0.07578509	-0.9976528	2.774867	-0.433901	-0.8292109	2.915102	

0.4755813	-0.554516	2.480521	0.4255449	-0.4876447	2.462855	0.5290088	-0.5798966	2.482315	0.5234782	-0.61758	2.475687	0.457551	-0.5632247	2.454875	0.5024675	-0.5468638	2.451	0.5177128	0.1166419	2.664345	0.4308864	0.04631842	2.639899	0.364434	0.004293032	2.652668	0.1642438	-0.1250417	2.678939	-0.1071834	-0.3074033	2.702989	0.3561006	-0.1149074	2.504707	0.2608001	0.01514354	2.528486	-0.07153844	-0.3368559	2.691959	-0.1386968	-0.2679882	2.629795	0.3594716	-0.3517811	2.468918	0.3096576	-0.2408034	2.463366	0.1638097	-0.6344657	2.711518	-0.3147088	-0.4918508	2.837422	0.06970095	-0.936434	2.761497	-0.4355003	-0.8306417	2.913754	

0.5255122	-0.4268245	2.443508	0.5440119	-0.4156501	2.44655	0.6028945	-0.4368871	2.458107	0.6737093	-0.5199897	2.453298	0.5250722	-0.4391117	2.417647	0.6778855	-0.4842575	2.431571	0.5514917	0.1332694	2.649544	0.4382151	0.1078635	2.618273	0.3745026	0.06441028	2.628386	0.1785403	-0.06844702	2.648332	-0.08964819	-0.2494317	2.663808	0.3791584	-0.05486667	2.487039	0.2731183	0.0521346	2.516167	-0.05337767	-0.2734307	2.653284	-0.1232051	-0.2177659	2.592703	0.3872733	-0.279849	2.465053	0.3761237	-0.2003218	2.450018	0.1530818	-0.6142254	2.708155	-0.3012261	-0.4631659	2.814303	0.1000554	-0.9613575	2.771005	-0.4327741	-0.8058608	2.906331	

0.6389043	-0.3675529	2.431702	0.6092644	-0.3213276	2.424843	0.7122841	-0.3576523	2.445584	0.739681	-0.391197	2.412036	0.6438527	-0.367745	2.405467	0.6780491	-0.3354464	2.428667	0.5292778	0.2274984	2.624808	0.4255165	0.1766933	2.596677	0.3647283	0.1296738	2.614402	0.1777369	-0.01430756	2.657221	-0.07801569	-0.2105329	2.703267	0.3749814	0.01457149	2.465522	0.2758702	0.1036076	2.495087	-0.04014602	-0.2319913	2.680932	-0.1135487	-0.1827002	2.643919	0.4857814	-0.2380235	2.439413	0.4094087	-0.135069	2.43341	0.1496707	-0.6137604	2.703483	-0.3004692	-0.449938	2.806623	0.1033648	-0.9916412	2.77173	-0.4349813	-0.8337366	2.919191	

0.7045529	-0.3120657	2.439293	0.6203099	-0.2930535	2.424012	0.8079772	-0.3417618	2.452852	0.7703469	-0.3524727	2.429542	0.7456626	-0.3532555	2.42775	0.764722	-0.322544	2.408833	0.5246698	0.2400125	2.622648	0.4226129	0.1850439	2.593261	0.3625057	0.1366809	2.611076	0.1770844	-0.01051079	2.65422	-0.0773619	-0.209275	2.700374	0.3762363	0.02002777	2.464159	0.2709382	0.116401	2.496052	-0.03905025	-0.2310206	2.679751	-0.1137631	-0.181033	2.638141	0.488026	-0.2321264	2.436743	0.4096064	-0.1191465	2.433051	0.1385426	-0.6301455	2.698903	-0.2997766	-0.4491758	2.811312	0.1019911	-0.9948648	2.772274	-0.4355136	-0.8368552	2.920077	

0.6646858	-0.1563431	2.626071	0.6521907	-0.2147553	2.420307	0.7881513	-0.1429589	2.641745	0.8009201	-0.2403634	2.420237	0.7262089	-0.1556423	2.616423	0.7358232	-0.2071155	2.4105	0.4897873	0.3041018	2.605017	0.3912719	0.2424784	2.57508	0.3360975	0.1902665	2.596567	0.1683824	0.02245845	2.651351	-0.07144148	-0.1984472	2.706208	0.3602829	0.07049285	2.44592	0.2545591	0.146397	2.488718	-0.02771041	-0.2148397	2.690019	-0.1114752	-0.1745244	2.641399	0.5260878	-0.1469075	2.406107	0.4220211	-0.06828117	2.419639	0.1324653	-0.6320038	2.69648	-0.2989273	-0.4547965	2.820784	0.1009269	-0.9952545	2.772814	-0.4347917	-0.8391516	2.921106	

0.6250249	-0.1216777	2.648264	0.6324207	-0.1826568	2.410256	0.7757826	-0.1394134	2.651637	0.7858942	-0.2086548	2.415999	0.7139187	-0.1521182	2.6263	0.7883772	-0.1877991	2.407	0.4745061	0.3290199	2.600733	0.3844768	0.256487	2.572867	0.3306847	0.2007188	2.594069	0.1640486	0.0303404	2.647291	-0.07102273	-0.1974794	2.704738	0.357473	0.08349404	2.445884	0.2494297	0.1531233	2.48766	-0.02723856	-0.2141827	2.688747	-0.1114547	-0.1735742	2.639704	0.4821088	-0.1452778	2.431635	0.4211121	-0.05745745	2.415487	0.1257822	-0.635163	2.694844	-0.3009512	-0.4550863	2.823577	0.09830368	-0.9942226	2.772113	-0.4359328	-0.8407947	2.92101	

0.6171143	-0.03081826	2.61497	0.6459582	-0.08233064	2.402682	0.8446875	0.02554027	2.76063	0.7968634	-0.09286813	2.405684	0.8107824	-0.06080106	2.727556	0.7972285	-0.07080144	2.4018	0.4205438	0.4111547	2.582299	0.3394555	0.3304368	2.559319	0.2903174	0.2697254	2.58124	0.1391538	0.08335216	2.636703	-0.06922226	-0.1838336	2.70207	0.3340099	0.1571223	2.443902	0.2136203	0.2298795	2.473393	-0.02278623	-0.1993873	2.683393	-0.1125375	-0.1619172	2.63906	0.468816	-0.05943961	2.402403	0.3948646	0.02551199	2.40616	0.1134067	-0.6308844	2.692555	-0.3111717	-0.4477246	2.826562	0.09441395	-0.9814645	2.768988	-0.4299538	-0.8430196	2.923041	

0.6561378	0.03023235	2.694559	0.6174507	-0.06428693	2.386884	0.8067746	0.009319418	2.744197	0.762819	-0.0880572	2.40251	0.7711908	-0.02921091	2.7124	0.6428119	-0.03342784	2.393833	0.4179124	0.4135106	2.582629	0.3313357	0.3376352	2.557489	0.2844083	0.2744983	2.580243	0.1376577	0.08382506	2.63695	-0.06894664	-0.1835691	2.702543	0.3394988	0.1758163	2.46635	0.1958722	0.2253112	2.474588	-0.022829	-0.2004351	2.684948	-0.1117656	-0.1601323	2.639264	0.4974444	0.02433815	2.487556	0.3846706	0.02929468	2.402134	0.1016924	-0.6368853	2.692395	-0.3160825	-0.4489815	2.829539	0.08762703	-0.9681768	2.765267	-0.4219296	-0.8653129	2.93435	

0.6191613	0.07903083	2.67454	0.5986822	-0.01582455	2.393076	0.7729167	0.06446807	2.731497	0.7485617	-0.007964091	2.397038	0.7384245	0.02220806	2.690211	0.7475738	0.01825334	2.3966	0.3400792	0.4654504	2.581819	0.2625451	0.3820432	2.559314	0.220472	0.316469	2.583218	0.09117758	0.1150748	2.644619	-0.07891448	-0.1692337	2.710325	0.2786348	0.2291108	2.473197	0.1428286	0.2556406	2.475361	-0.03325202	-0.1899423	2.693573	-0.1218143	-0.1425146	2.645781	0.4453194	0.0749968	2.479015	0.3380429	0.06737511	2.396698	0.07273018	-0.6295195	2.689325	-0.3287448	-0.4480539	2.833463	0.08451409	-0.9698157	2.763874	-0.3971159	-0.8706919	2.944717	

0.6267126	0.06721026	2.750867	0.5108011	0.01755987	2.392936	0.7557344	0.07357269	2.722891	0.6697445	0.02044351	2.407965	0.6780771	0.05319419	2.684572	0.6134248	0.03083627	2.386167	0.2365052	0.5013599	2.597289	0.1604345	0.4193088	2.576971	0.1211482	0.3476407	2.602267	0.0008184015	0.1275625	2.667766	-0.1630581	-0.1727799	2.743862	0.1619962	0.0354718	2.631908	0.05202218	0.2798693	2.489061	-0.1311815	-0.1986631	2.718924	-0.1901112	-0.1417596	2.687409	0.3613855	0.1335508	2.772142	0.2468683	0.09240252	2.40449	0.03320551	-0.6208439	2.693782	-0.3820217	-0.4399	2.85475	0.07067012	-0.9585212	2.76057	-0.4053352	-0.8739964	2.943654	

0.4783633	0.09624945	2.792597	0.4340836	0.03221122	2.400094	0.6057603	0.05490762	2.715141	0.6515508	0.03562405	2.418248	0.5419233	0.05433359	2.705353	0.5911645	0.03076747	2.381834	0.1524237	0.5225954	2.6181	0.07788192	0.4367397	2.600405	0.04956486	0.3660653	2.625594	-0.03525323	0.1480163	2.689754	-0.1573038	-0.1553413	2.759509	0.1684279	0.2862027	2.748743	-0.01933402	0.2945898	2.498762	-0.1248409	-0.1538144	2.781358	-0.1860572	-0.139631	2.680747	0.3006614	0.1848645	2.846242	0.1670683	0.09784217	2.414153	0.02798583	-0.6193109	2.698351	-0.4011147	-0.4335417	2.865145	0.07029956	-0.9589796	2.760512	-0.4217272	-0.8713524	2.939744	

0.4318731	0.05940961	2.762769	0.2969361	0.02232266	2.401159	0.467404	0.05145302	2.724203	0.4314113	0.008276121	2.408554	0.4485315	0.05238041	2.707667	0.4297248	0.01694321	2.387	0.04876782	0.5498103	2.634583	-0.02026384	0.4549115	2.621813	-0.04375118	0.3820921	2.647128	-0.1151506	0.1584653	2.712727	-0.2118062	-0.1467172	2.789215	0.09191648	0.2711349	2.797653	-0.1120078	0.3052712	2.518175	-0.1790211	-0.1548236	2.800335	-0.2384672	-0.1343275	2.696857	0.2766662	0.1602086	2.859518	0.06329665	0.1004281	2.424914	-0.003100368	-0.6043723	2.721179	-0.4714479	-0.4171313	2.895557	0.07001118	-0.9604671	2.761562	-0.4475399	-0.8590876	2.94855	

0.3292758	0.07221204	2.773534	0.2255898	0.03017819	2.434367	0.4117353	0.02838473	2.716619	0.355455	0.01481022	2.43811	0.3931509	0.02943577	2.700042	0.3253304	0.032732	2.440083	-0.05849874	0.5805558	2.649874	-0.1212106	0.473829	2.639225	-0.1369997	0.3976074	2.663966	-0.1845305	0.1635837	2.727876	-0.239752	-0.1536186	2.799073	-0.01321262	0.2668272	2.770313	-0.1994662	0.3179461	2.53557	-0.1961997	-0.1595709	2.814139	-0.2812509	-0.1442056	2.701654	0.1653529	0.1272326	2.89318	-0.04192563	0.09969474	2.439485	-0.02617379	-0.6006203	2.734318	-0.5345203	-0.3698518	2.911091	0.06860115	-0.9658089	2.7645	-0.4689249	-0.8103216	2.94864	

0.1683352	0.07230981	2.857428	0.08243192	0.0148544	2.44038	0.2162975	0.04148748	2.80286	0.2392302	-0.008787115	2.455681	0.2151508	0.04126753	2.788	0.1819104	0.02152279	2.44875	-0.1278948	0.5942404	2.656423	-0.1833174	0.4865106	2.650782	-0.1953416	0.4098139	2.675831	-0.2291132	0.1738588	2.740151	-0.2722617	-0.1481078	2.813433	-0.07297157	0.2883936	2.772171	-0.2507904	0.32589	2.54714	-0.2422342	-0.1439684	2.830252	-0.2979784	-0.1452628	2.71431	0.001161054	0.1696512	2.936166	-0.1177443	0.09043016	2.45377	-0.05964912	-0.5853713	2.740238	-0.4749567	-0.4287145	2.929673	0.04937483	-0.9603975	2.76923	-0.444887	-0.8721629	2.969076	

0.0796294	0.04633943	2.897984	0.004725384	-0.006553239	2.467764	0.1379434	0.01338112	2.826214	0.1625968	-0.04244254	2.487364	0.1269953	0.01332656	2.813667	0.1443451	-0.02561243	2.458545	-0.1788807	0.6034744	2.672785	-0.2408372	0.4926841	2.662346	-0.2491617	0.4156885	2.686748	-0.2682298	0.1786541	2.748595	-0.2942581	-0.1448893	2.819712	-0.1259655	0.3005712	2.787704	-0.2966473	0.330656	2.558294	-0.2577094	-0.1417378	2.833267	-0.3224368	-0.1432601	2.72505	-0.07639668	0.1628146	2.975202	-0.1812325	0.08165845	2.477635	-0.08404662	-0.584585	2.745001	-0.4846587	-0.4277705	2.931349	0.04288647	-0.958726	2.768058	-0.4484535	-0.871068	2.968634	

-0.1610795	-0.09611818	2.996966	-0.1989954	-0.1285423	2.562335	-0.1093079	-0.1818589	2.993858	-0.07025018	-0.2518717	2.583419	-0.1024213	-0.1735539	2.969667	-0.08542644	-0.1930554	2.57725	-0.3238222	0.6036843	2.714279	-0.3646311	0.4946779	2.706974	-0.3624278	0.414511	2.721539	-0.3542699	0.1684908	2.755112	-0.3416449	-0.1674236	2.789111	-0.2494604	0.3026936	2.832454	-0.376873	0.3416582	2.603396	-0.3026345	-0.1754918	2.784253	-0.3700495	-0.154329	2.713451	-0.1989573	0.165004	3.020044	-0.3534938	0.06455455	2.544443	-0.158616	-0.6026165	2.750838	-0.3689207	-0.4629389	2.892047	0.05815299	-0.9803897	2.763644	-0.4207225	-0.8961949	2.974054	

-0.3400408	-0.1448607	2.554592	-0.3386267	-0.183988	2.574846	-0.3236749	-0.2440552	2.571709	-0.2812739	-0.3338012	2.584983	-0.37876	-0.1755873	2.554545	-0.2847843	-0.232276	2.648903	-0.3349091	0.6058151	2.717429	-0.3713708	0.4966407	2.710813	-0.3701047	0.4167677	2.726815	-0.3653155	0.1718448	2.766088	-0.3583418	-0.1620771	2.81114	-0.256188	0.3046631	2.836304	-0.3797458	0.3412341	2.603842	-0.3280161	-0.1586965	2.810731	-0.3812281	-0.1576895	2.733268	-0.3494112	0.1266503	2.625685	-0.4018054	0.06164243	2.569095	-0.1619701	-0.5992643	2.750234	-0.4298736	-0.4792865	2.885296	-0.001513989	-0.9706853	2.762072	-0.4403835	-0.9151217	2.969377	

-0.3207863	-0.1363093	2.545551	-0.2887589	-0.1984386	2.540399	-0.2838776	-0.2358305	2.530641	-0.281859	-0.3332819	2.564677	-0.3438654	-0.1802977	2.534	-0.2509148	-0.2330513	2.61728	-0.317848	0.6143793	2.716622	-0.3618018	0.5044729	2.706868	-0.3636975	0.4231888	2.723772	-0.3645719	0.1753074	2.764405	-0.3626411	-0.1590335	2.808342	-0.246644	0.3124657	2.832366	-0.3743522	0.3478793	2.596154	-0.3291299	-0.1608068	2.796403	-0.3923838	-0.1474202	2.737608	-0.3320695	0.1349577	2.6177	-0.3618325	0.06949562	2.53931	-0.1195113	-0.5763416	2.731401	-0.4512264	-0.6185367	2.896309	0.07574991	-0.9775402	2.751107	-0.4251727	-0.9396641	2.950732	

