0.1143449	-0.0306358	2.384784	-0.1199552	0.05272247	3.214872	-0.008793758	-0.1371149	2.27827	-0.2432273	-0.03977845	3.322257	-0.008682951	-0.07908352	2.333545	-0.1609456	0.05812425	3.222273	-0.002130506	0.6352087	2.702626	0.06902269	0.5262434	2.741454	0.07439033	0.45378	2.756944	0.09045899	0.2317197	2.794367	0.1119601	-0.07090116	2.834875	0.168381	0.3962932	2.64428	-0.03653391	0.3927629	2.847593	0.1572703	-0.06934839	2.752606	0.06383117	-0.07063819	2.844524	0.2242787	0.1535047	2.511978	-0.06923671	0.2345251	3.049139	0.2363303	-0.5216936	2.858938	0.01551533	-0.4889568	3.036911	0.2955702	-0.9447381	2.982864	-0.04404423	-0.9489866	3.219547	

0.1164228	-0.03454599	2.386822	-0.1377258	0.03883991	3.214703	0.01238316	-0.1596311	2.299128	-0.2208859	-0.05983265	3.295395	0.006198314	-0.08930183	2.351786	-0.1573459	0.03877395	3.2167	-0.00220036	0.635349	2.70372	0.06871726	0.5262256	2.741865	0.0740864	0.4534488	2.757585	0.09014412	0.2284947	2.796234	0.1125285	-0.08304033	2.840479	0.1683778	0.3964131	2.644807	-0.03689817	0.3936068	2.84812	0.1579391	-0.08206162	2.756929	0.06426956	-0.08198237	2.850701	0.224567	0.1531277	2.513422	-0.07517175	0.2296171	3.044492	0.2439249	-0.563394	2.872829	0.005894535	-0.5636346	3.078949	0.2960937	-0.9442956	2.982961	-0.0452472	-0.9490917	3.218347	

0.1352775	-0.1011935	2.434751	-0.1058542	0.001227177	3.187461	0.05312669	-0.2321852	2.389752	-0.1500022	-0.1473767	3.295792	0.04190896	-0.1508915	2.4224	-0.1322888	-0.04965448	3.210273	-0.002972465	0.6361312	2.706043	0.06768556	0.5258556	2.743292	0.07308028	0.4512326	2.759763	0.09136064	0.2117039	2.802891	0.1224059	-0.1316312	2.856116	0.1684496	0.3964249	2.647075	-0.0393871	0.3963775	2.849668	0.1694282	-0.1326451	2.773554	0.07190377	-0.1252693	2.862868	0.232498	0.1420444	2.535356	-0.07719902	0.2289282	3.047751	0.2445319	-0.562915	2.87446	-0.005929698	-0.5792919	3.089191	0.2961624	-0.9447654	2.983849	-0.04845286	-0.9504373	3.218201	

0.1490346	-0.1073033	2.458112	-0.08510665	0.01940142	3.119764	0.06709962	-0.2537093	2.42054	-0.0911872	-0.1153363	3.243369	0.05793111	-0.1713931	2.452833	-0.1135915	-0.05435354	3.203889	-0.004353462	0.635999	2.706552	0.06612465	0.5245674	2.743992	0.07194602	0.4477741	2.761502	0.09323092	0.2021686	2.808592	0.126087	-0.1380389	2.86338	0.1683783	0.3959326	2.648695	-0.04320953	0.3997955	2.853185	0.1728424	-0.1392331	2.780155	0.07613599	-0.1325855	2.870126	0.2361882	0.1333802	2.546731	-0.05759671	0.1692175	2.892481	0.2450786	-0.5625899	2.875727	-0.01146174	-0.5754958	3.087052	0.2968842	-0.9442444	2.984209	-0.04917151	-0.9512121	3.217543	

0.1582942	-0.1266106	2.481824	-0.02807577	0.3474513	2.886468	0.08183248	-0.2803996	2.46525	-0.08450133	0.2665519	2.823113	0.0725026	-0.1887632	2.4834	-0.08687939	0.2865668	2.816334	-0.005294734	0.6359078	2.707103	0.06458378	0.5236926	2.744345	0.07107486	0.4465652	2.762213	0.09331602	0.2018497	2.80953	0.126694	-0.1373955	2.864191	0.1681777	0.3952057	2.650257	-0.04593848	0.4006266	2.85499	0.1734768	-0.1385722	2.780863	0.07666335	-0.1320061	2.870254	0.2389671	0.1258921	2.562001	0.005127799	0.5041597	2.658979	0.2454288	-0.5623261	2.876526	-0.02352178	-0.5456232	3.072069	0.2975617	-0.9435998	2.984349	-0.05110089	-0.9497556	3.216499	

0.1824624	-0.1483124	2.544611	-0.004928513	0.4986507	2.889987	0.1180311	-0.309077	2.553764	-0.07730712	0.4324371	2.84709	0.1127026	-0.2200102	2.519371	-0.07640306	0.4537917	2.853246	-0.006181107	0.6358044	2.705591	0.06346089	0.5225132	2.744133	0.07073362	0.4453763	2.762445	0.09434809	0.2014212	2.81025	0.1321368	-0.1343844	2.865666	0.1685876	0.393737	2.651583	-0.05017363	0.3958188	2.854604	0.1807133	-0.1337805	2.783349	0.08041257	-0.1305606	2.870628	0.2438145	0.1123163	2.594017	0.004865127	0.5886664	2.626871	0.2465729	-0.5623811	2.877574	-0.02552527	-0.5485061	3.0731	0.297557	-0.943406	2.984762	-0.05327801	-0.9497969	3.215722	

0.2006016	-0.14503	2.576511	0.002909681	0.4948353	2.889283	0.163127	-0.31033	2.615663	-0.07681324	0.4141704	2.828513	0.1419086	-0.2408602	2.567087	-0.0664155	0.4399368	2.828167	-0.006569533	0.6355844	2.705204	0.06284735	0.5219204	2.744423	0.07053627	0.4438329	2.763124	0.09685382	0.1969905	2.81225	0.1383002	-0.1421751	2.869196	0.169503	0.3925087	2.653679	-0.05136943	0.3953788	2.855029	0.1874316	-0.1418988	2.787901	0.08583491	-0.1383116	2.872682	0.2495168	0.1084742	2.610889	0.009946141	0.5865338	2.624575	0.2466551	-0.559517	2.87692	-0.0305479	-0.5551681	3.074232	0.2976929	-0.9434503	2.984888	-0.05537129	-0.9499536	3.214734	

0.2173688	-0.1436091	2.597428	0.0315685	0.4682277	2.877948	0.1953921	-0.3145893	2.646274	0.01541935	0.3545171	2.89606	0.1584377	-0.1909395	2.6779	0.02535682	0.3806308	2.89577	-0.006500642	0.6349085	2.703753	0.06220561	0.5203716	2.743903	0.06815735	0.4430923	2.762428	0.06795565	0.2133844	2.807996	0.06213589	-0.08724307	2.857323	0.1712763	0.3915105	2.655933	-0.05217731	0.394529	2.854698	0.1131626	-0.08648835	2.77543	0.009471969	-0.08562513	2.861449	0.2534398	0.1045021	2.624068	0.02901824	0.5684549	2.614182	0.2474574	-0.5593055	2.876956	-0.0328698	-0.5576237	3.073679	0.2976676	-0.9433672	2.984626	-0.05707677	-0.9504033	3.214766	

0.222681	-0.1467956	2.602758	-0.01505939	0.5072086	2.894786	0.2016287	-0.3177959	2.657599	-0.07718977	0.4005992	2.841996	0.1586203	-0.1972818	2.679884	-0.05401111	0.4725958	2.854667	-0.00623904	0.6340339	2.702452	0.06129423	0.5172992	2.743936	0.06616309	0.4414312	2.762203	0.06703203	0.2134243	2.807292	0.06216941	-0.087277	2.856444	0.1725572	0.3907042	2.656678	-0.05272626	0.3951729	2.85499	0.1131915	-0.08674129	2.774838	0.009564664	-0.08556031	2.86075	0.2546294	0.1019016	2.626742	-0.002842839	0.5953565	2.625537	0.2480059	-0.5593702	2.876937	-0.03418828	-0.5595645	3.073677	0.2977174	-0.9431111	2.984311	-0.05785432	-0.95067	3.213867	

0.2283358	-0.1478691	2.607238	-0.0225738	0.5112233	2.905715	0.2148461	-0.3165677	2.646449	-0.06885227	0.405204	2.819947	0.1881778	-0.1901071	2.626375	-0.06371974	0.4318956	2.824667	-0.0055048	0.6336625	2.700768	0.06138578	0.5167938	2.74367	0.06575073	0.4408451	2.761914	0.06635372	0.2116557	2.807031	0.06325771	-0.09974353	2.857152	0.1741824	0.389874	2.657016	-0.05299318	0.3974218	2.856107	0.1146214	-0.09748749	2.774022	0.01021683	-0.09967497	2.863518	0.256685	0.09758765	2.628225	-0.003443006	0.6182576	2.631119	0.2488205	-0.5595972	2.87682	-0.03475955	-0.5600862	3.073153	0.2979234	-0.9429563	2.984106	-0.05861366	-0.9508358	3.213216	

0.2388391	-0.1548056	2.614267	0.002563569	0.4572841	2.867321	0.2394678	-0.3232706	2.654308	-0.08607182	0.3583556	2.877286	0.2017251	-0.2030448	2.636222	-0.08176959	0.3685792	2.865	-0.00230635	0.6333266	2.700215	0.06303968	0.5164347	2.743436	0.06619847	0.4406068	2.761859	0.06690125	0.2104101	2.80781	0.06497671	-0.1049694	2.86109	0.1780782	0.3888176	2.65809	-0.04960328	0.3988434	2.856132	0.1155851	-0.1031168	2.778027	0.01262027	-0.1042147	2.867422	0.2621695	0.08846933	2.634724	0.01665598	0.5757977	2.596616	0.2502458	-0.5601361	2.876772	-0.03505275	-0.5602479	3.07259	0.2990723	-0.9423753	2.984164	-0.05910948	-0.9506904	3.213003	

0.2423312	-0.155623	2.613792	0.02955274	0.5002038	2.903269	0.2328109	-0.323085	2.654009	-0.0681999	0.3984942	2.859896	0.2022585	-0.19874	2.64575	-0.04408974	0.4252327	2.851383	0.004300555	0.634459	2.699378	0.06902649	0.5172784	2.744546	0.06992903	0.4409155	2.762466	0.06970286	0.2091703	2.80761	0.06875496	-0.1090629	2.858797	0.1845941	0.387876	2.659091	-0.04769764	0.3980703	2.860426	0.1188004	-0.1055063	2.77517	0.01715093	-0.1103955	2.865803	0.2644219	0.0869282	2.635105	0.03251377	0.5997148	2.6249	0.2507737	-0.5600898	2.876298	-0.03486202	-0.5602725	3.072411	0.2992092	-0.9423654	2.984165	-0.0591044	-0.9507637	3.212912	

0.2435736	-0.1563357	2.613569	0.03165797	0.4997473	2.9038	0.2323857	-0.3240076	2.648389	-0.0536675	0.4073609	2.8349	0.2000495	-0.1878875	2.631	-0.05345121	0.4134668	2.823667	0.01020282	0.6352182	2.699866	0.07213537	0.5174229	2.745058	0.07204524	0.4409203	2.763187	0.07074156	0.2083985	2.808884	0.068619	-0.1108791	2.861312	0.18925	0.3873734	2.659029	-0.04680863	0.3970099	2.861473	0.1187003	-0.1071287	2.777078	0.0169236	-0.1121143	2.868921	0.2654785	0.08593046	2.635052	0.03324207	0.5976512	2.624675	0.2513413	-0.5601602	2.876129	-0.03293883	-0.5649614	3.074341	0.2991942	-0.9422236	2.984072	-0.06075471	-0.9509031	3.213391	

0.2438762	-0.1571931	2.613135	0.01131283	0.503326	2.898781	0.2312992	-0.3285094	2.651307	-0.07027039	0.3661872	2.87692	0.1976408	-0.2172662	2.614444	-0.02663506	0.4688208	2.8555	0.01499582	0.6355051	2.700426	0.07466947	0.5165862	2.745869	0.07413511	0.4403239	2.763674	0.07214801	0.2079401	2.808551	0.06983948	-0.1109264	2.859448	0.191984	0.3876233	2.659434	-0.04092149	0.4024551	2.863324	0.1204107	-0.1073558	2.774542	0.01768952	-0.1119548	2.867631	0.2660182	0.08578072	2.634799	0.02082897	0.6023486	2.619929	0.2525585	-0.56049	2.875915	-0.03239358	-0.5656564	3.074592	0.2996415	-0.9419841	2.984121	-0.06073975	-0.9511552	3.213387	

0.2425038	-0.1563801	2.611818	0.02640009	0.4999164	2.895472	0.2190505	-0.3223655	2.645517	-0.04608468	0.4129833	2.846884	0.1908517	-0.2076709	2.614	-0.03431007	0.4437714	2.8445	0.01974079	0.6363239	2.701107	0.08028059	0.51785	2.746106	0.07870074	0.4414799	2.763747	0.07420984	0.2084537	2.808097	0.0702121	-0.1105324	2.858495	0.1953038	0.3880267	2.659275	-0.03110966	0.4097271	2.864667	0.1207966	-0.1072126	2.773602	0.01802397	-0.1111969	2.866644	0.2668697	0.08564781	2.633868	0.03572453	0.6048134	2.618407	0.2534691	-0.5605977	2.87548	-0.03157337	-0.5650861	3.074271	0.2998098	-0.9406968	2.984211	-0.06078006	-0.9511996	3.213379	

0.2383104	-0.1544242	2.608815	0.02459019	0.5015376	2.896044	0.2092925	-0.3225244	2.642435	-0.04629587	0.3717266	2.858906	0.1799461	-0.1920101	2.6115	-0.007338364	0.4064632	2.862114	0.02608224	0.6372438	2.701643	0.08594602	0.5181866	2.745606	0.08357647	0.4418767	2.763088	0.07690032	0.2086842	2.8069	0.07078695	-0.1101664	2.856388	0.1996103	0.3880817	2.657977	-0.02772139	0.4081991	2.86451	0.1215948	-0.1071971	2.770734	0.01837407	-0.1105265	2.865165	0.2660336	0.08482913	2.630458	0.03505196	0.6049147	2.618431	0.2540033	-0.5606794	2.874907	-0.03108908	-0.5646273	3.074042	0.3001819	-0.9403028	2.984253	-0.06031493	-0.9511119	3.212617	

0.2256175	-0.1519565	2.603571	0.07168812	0.4997531	2.901337	0.1873724	-0.3227526	2.63748	0.05428209	0.3690058	2.958697	0.1632678	-0.204264	2.594647	0.09275924	0.4038159	2.961903	0.03271784	0.6373866	2.702323	0.09147682	0.5182378	2.745905	0.08821022	0.4422098	2.763075	0.0791509	0.2093904	2.806053	0.07077362	-0.1085422	2.854068	0.2040738	0.388193	2.657043	-0.01890562	0.4106771	2.863486	0.1219113	-0.1055282	2.76712	0.01807499	-0.1088844	2.863839	0.2641426	0.08281551	2.626283	0.07157949	0.6041326	2.6239	0.2544884	-0.5605538	2.874076	-0.02944154	-0.5645382	3.074443	0.3002851	-0.9403244	2.984257	-0.05965247	-0.9514114	3.212972	

0.220127	-0.1506791	2.600484	0.0459186	0.5020019	2.899564	0.1788302	-0.3197221	2.632212	-0.02247616	0.4135029	2.823864	0.1563304	-0.2032052	2.592534	-0.0252532	0.4117045	2.814766	0.03579924	0.6370668	2.702845	0.09616294	0.5194995	2.746081	0.09299973	0.4434464	2.762944	0.08368938	0.2104096	2.804707	0.07352924	-0.1077332	2.851122	0.2069988	0.3884962	2.656505	-0.01672198	0.4069258	2.863081	0.1254741	-0.1043395	2.763686	0.01991286	-0.1083742	2.861617	0.2625093	0.08399986	2.622487	0.05477951	0.6068333	2.622477	0.2549588	-0.5607404	2.872972	-0.02688844	-0.5657647	3.075353	0.3002758	-0.9407434	2.984101	-0.05983448	-0.9517462	3.213199	

0.2149786	-0.1498996	2.597935	0.03420661	0.5030123	2.897099	0.1670162	-0.3148226	2.626649	-0.02261416	0.4187393	2.84127	0.1460833	-0.2279259	2.589273	-0.02243378	0.4167947	2.823141	0.03794696	0.636865	2.702955	0.09892698	0.5196942	2.745707	0.09558539	0.4437429	2.762552	0.0855659	0.2109222	2.804146	0.07414145	-0.1070198	2.850351	0.208351	0.3884452	2.655874	-0.01426955	0.4059789	2.862392	0.126096	-0.1036816	2.762597	0.02047445	-0.1076045	2.861192	0.2604558	0.08187508	2.619181	0.04670245	0.6071556	2.620011	0.2554082	-0.5607433	2.872149	-0.02469199	-0.5643889	3.075112	0.3002531	-0.9407483	2.983865	-0.05980366	-0.952156	3.212482	

0.2076889	-0.1496371	2.594373	0.03249387	0.5028195	2.896922	0.1547454	-0.3178861	2.62675	-0.03023787	0.3904831	2.824868	0.1395451	-0.2396349	2.575357	-0.02208348	0.4124103	2.815331	0.04072888	0.6367362	2.70327	0.1008392	0.5197174	2.745836	0.09748965	0.4439107	2.762615	0.08733108	0.2115093	2.803903	0.07524103	-0.1058073	2.849587	0.2097924	0.3885309	2.655335	-0.01290014	0.4059452	2.862991	0.1269608	-0.1025366	2.761819	0.02173938	-0.1063483	2.860564	0.2590312	0.08277388	2.616052	0.04575315	0.6068529	2.619982	0.255207	-0.5604505	2.871072	-0.02033243	-0.5663054	3.076056	0.3001351	-0.9408655	2.983614	-0.05742425	-0.9488571	3.210447	

0.1832904	-0.1437114	2.583254	0.01261216	0.4979933	2.887943	0.1175803	-0.3169239	2.612478	-0.02237215	0.3730435	2.809871	0.1202627	-0.2471087	2.558542	-0.01322612	0.413491	2.813273	0.04306743	0.6362628	2.702847	0.1029884	0.5191907	2.744653	0.0993694	0.4436234	2.761747	0.0885298	0.2117324	2.803636	0.07570622	-0.1050377	2.849741	0.2107889	0.3882141	2.654207	-0.009692665	0.4073415	2.863236	0.1272159	-0.1017655	2.761777	0.02246735	-0.1055176	2.861067	0.2530378	0.08456688	2.606267	0.03168902	0.6020645	2.611532	0.2540526	-0.5604164	2.869478	-0.009449046	-0.5746433	3.080283	0.3000901	-0.9409524	2.983554	-0.05580029	-0.9482494	3.210279	

0.1795693	-0.139996	2.580557	0.02410241	0.5054631	2.895696	0.1114331	-0.3162388	2.617623	-0.02256351	0.4151098	2.834838	0.1168495	-0.235818	2.553212	-0.009536387	0.4381625	2.833	0.04530397	0.6357318	2.702294	0.1042306	0.5190504	2.744286	0.1006517	0.4436063	2.761404	0.08984581	0.2121329	2.803349	0.07665999	-0.1039644	2.849508	0.211797	0.3882907	2.653329	-0.00849566	0.4059804	2.862603	0.1280232	-0.100437	2.761327	0.02352408	-0.1046689	2.861096	0.2497507	0.08782624	2.60178	0.04053442	0.6078535	2.618759	0.2527441	-0.5599682	2.867689	-0.004933214	-0.576176	3.082064	0.2998433	-0.9413081	2.983453	-0.05589284	-0.948997	3.210683	

0.1752749	-0.1380993	2.579556	0.07936519	0.4973586	2.897787	0.09204922	-0.3116052	2.622179	0.06047493	0.3867542	2.92584	0.09449617	-0.2372575	2.557273	0.07310555	0.4100019	2.923985	0.04557498	0.6359944	2.702654	0.1047189	0.5193152	2.743807	0.1011402	0.4439624	2.761013	0.09035862	0.2128856	2.803185	0.07695168	-0.1021283	2.849809	0.2116725	0.3884	2.651906	-0.005784604	0.4108621	2.862367	0.1276534	-0.09827325	2.760896	0.02454716	-0.1027623	2.862372	0.2440627	0.08642885	2.596199	0.0814139	0.6029994	2.621774	0.2524292	-0.559809	2.867413	0.001419852	-0.5784897	3.083467	0.298703	-0.941787	2.98299	-0.05307288	-0.9471582	3.209327	

0.1639111	-0.1374248	2.579423	0.05736778	0.4898912	2.887005	0.07268851	-0.3028121	2.622411	-0.02255382	0.4227035	2.833817	0.082172	-0.2380578	2.556192	-0.01468707	0.4354321	2.816	0.04495632	0.6362749	2.703389	0.1048512	0.5208574	2.742288	0.1017224	0.4453357	2.759862	0.09260555	0.2143116	2.802754	0.08314261	-0.1003894	2.850995	0.2097742	0.3887702	2.649764	-0.005909608	0.4105951	2.861897	0.1314436	-0.09666633	2.76145	0.03333549	-0.1012706	2.864416	0.2403915	0.084957	2.594308	0.06527004	0.5978187	2.612296	0.2521853	-0.5602593	2.867536	0.008760227	-0.5821585	3.086054	0.2985757	-0.9419408	2.982948	-0.05209808	-0.9468311	3.209952	

0.1545771	-0.1349931	2.580212	0.04378127	0.4898829	2.884011	0.0484281	-0.2881494	2.62015	-0.03018597	0.3820768	2.819836	0.07291423	-0.2013067	2.564394	-0.006937446	0.4531474	2.83	0.03898712	0.6378689	2.707347	0.1039582	0.5219968	2.74159	0.1013411	0.4462503	2.759362	0.0931252	0.2149652	2.802569	0.08508441	-0.09974727	2.851082	0.2066991	0.389906	2.647901	-0.005858777	0.4118139	2.861876	0.1325749	-0.09599555	2.761464	0.03599585	-0.1008033	2.864591	0.2380532	0.08524842	2.592772	0.05605149	0.5992416	2.610367	0.251361	-0.560735	2.867694	0.01548197	-0.5713667	3.084998	0.2984235	-0.9420153	2.982912	-0.04949874	-0.9463791	3.211818	

0.1433288	-0.1347963	2.582559	0.04182006	0.4925222	2.87714	0.03585691	-0.280993	2.620988	-0.03019303	0.3821742	2.820498	0.05097372	-0.2110315	2.568652	-0.02015	0.4177329	2.807857	0.03470423	0.6381215	2.709986	0.1020044	0.5231282	2.739922	0.1000797	0.4472265	2.758117	0.09308011	0.2153856	2.802242	0.08546601	-0.09950259	2.851088	0.1949486	0.3927301	2.646441	-0.004038242	0.4164999	2.8567	0.1326576	-0.09574783	2.761363	0.0368273	-0.1005792	2.86481	0.2365901	0.08689326	2.592044	0.05539322	0.6029006	2.604457	0.2509087	-0.5611117	2.867798	0.01788792	-0.5687552	3.08418	0.2978497	-0.9423921	2.982863	-0.04833071	-0.946693	3.213259	

0.1395292	-0.1323974	2.583937	0.08277275	0.4843927	2.870937	0.03138698	-0.2814887	2.630248	-0.02237378	0.4039097	2.810811	0.06465757	-0.1775352	2.565638	-0.002300441	0.4552037	2.8238	0.03237588	0.6386468	2.711053	0.1000502	0.52463	2.739133	0.09836228	0.448704	2.757455	0.09223762	0.2164677	2.802097	0.08501475	-0.09886097	2.851351	0.1948023	0.3928184	2.646329	0.002433927	0.4262162	2.852465	0.1314161	-0.09458156	2.761479	0.03672906	-0.100216	2.865165	0.2353764	0.0875702	2.590961	0.09021975	0.6013587	2.601182	0.250133	-0.5618885	2.868235	0.01958006	-0.5667859	3.083667	0.2974187	-0.9429699	2.982818	-0.04732322	-0.9458373	3.21437	

0.1212081	-0.1259874	2.588373	-0.007486878	0.4982232	2.862905	-0.002892151	-0.2642659	2.62908	-0.03784822	0.3581708	2.813837	0.02004231	-0.1972986	2.573926	-0.02231728	0.4144292	2.804	0.02495099	0.6388453	2.714485	0.09581755	0.526023	2.738332	0.09517733	0.449926	2.75673	0.09147993	0.2170378	2.80178	0.08515234	-0.0987387	2.85126	0.1922464	0.3928501	2.645058	0.002263408	0.4281569	2.851565	0.1313618	-0.09359679	2.761225	0.03722646	-0.1005854	2.865091	0.2331628	0.09135134	2.5906	0.0198786	0.6156927	2.595243	0.2482619	-0.5633807	2.868774	0.01920416	-0.5666865	3.08448	0.2977148	-0.9432919	2.982593	-0.04736402	-0.9451786	3.214479	

0.1158236	-0.1217536	2.589343	0.04201389	0.4339386	2.930924	-0.01571351	-0.2536949	2.628246	-0.003598481	0.2797257	2.938653	0.03126292	-0.1624363	2.574084	0.01176333	0.3364238	2.928768	0.02017039	0.6389368	2.716096	0.09240354	0.5266167	2.738347	0.09228028	0.4505027	2.756649	0.09034156	0.2173903	2.801642	0.08514626	-0.09872989	2.85122	0.1902275	0.3929228	2.644206	0.001694935	0.4291385	2.851331	0.1308585	-0.092278	2.759938	0.03748201	-0.1016812	2.865887	0.2308922	0.09362407	2.590384	0.06970222	0.5679141	2.671143	0.2472568	-0.5645875	2.869111	0.01668834	-0.5791165	3.090297	0.2980323	-0.9433694	2.982584	-0.04752442	-0.9451675	3.214678	

0.09543251	-0.1198989	2.592915	0.04038193	0.4344785	2.9297	-0.04170787	-0.246598	2.638169	-0.007215069	0.2807763	2.936567	-0.01470205	-0.1841123	2.581119	0.0102199	0.3368718	2.927875	0.01222709	0.6368923	2.719624	0.08784479	0.5272781	2.737772	0.08845934	0.4511406	2.7561	0.08881199	0.2178089	2.801317	0.08516277	-0.09870998	2.851171	0.1871477	0.3933176	2.642866	-0.0001674198	0.4304436	2.850629	0.1306836	-0.0914872	2.759494	0.03774823	-0.1023112	2.866058	0.2294249	0.0947047	2.590261	0.06824823	0.5684654	2.670383	0.2455686	-0.5647912	2.869043	0.01220799	-0.5695065	3.085342	0.2978595	-0.9434546	2.982578	-0.04755947	-0.9452156	3.214823	

0.08979528	-0.1176377	2.592928	0.03816929	0.4349536	2.928172	-0.05092183	-0.2301743	2.623888	-0.01035461	0.2817236	2.935555	0.07963236	-0.1829767	2.677666	0.006641631	0.3379376	2.92641	0.006988088	0.6354955	2.723112	0.08388034	0.5277146	2.736841	0.08510069	0.4515548	2.755271	0.08740607	0.218079	2.800873	0.08524089	-0.09871201	2.851103	0.184043	0.3937327	2.641887	-0.002585687	0.43157	2.84956	0.1306893	-0.09139047	2.759277	0.03801091	-0.1025185	2.866143	0.2269678	0.09527291	2.589235	0.06618001	0.5689182	2.669308	0.2436489	-0.5656865	2.86898	0.01126518	-0.5761696	3.088507	0.2978533	-0.9434668	2.982495	-0.0475689	-0.9452017	3.214829	

0.07576624	-0.1077847	2.591809	0.02598125	0.4379276	2.92543	-0.07770703	-0.2091125	2.578198	-0.02584674	0.2857619	2.933544	-0.05846513	-0.2155683	2.5644	-0.01037968	0.3424299	2.923668	-0.0009336603	0.6342156	2.72331	0.07707059	0.5275729	2.735248	0.07964095	0.4516096	2.753904	0.08552932	0.2184281	2.800195	0.08580002	-0.0984468	2.850891	0.17644	0.39353	2.639194	-0.007996275	0.4322849	2.847752	0.1309646	-0.09068067	2.758724	0.03910865	-0.1027302	2.866295	0.2202598	0.09976895	2.585341	0.05359039	0.5718175	2.667004	0.2401855	-0.5662123	2.868918	0.00564363	-0.5759383	3.088907	0.297903	-0.9434572	2.982583	-0.04782678	-0.9447642	3.215091	

0.05134694	-0.1062748	2.592614	0.02491993	0.4378455	2.9245	-0.1012198	-0.1910713	2.574392	-0.02695808	0.2858367	2.932128	-0.05257142	-0.1893183	2.559895	-0.0114857	0.3425038	2.922253	-0.005787763	0.6334327	2.724315	0.07164543	0.5284818	2.734349	0.07482722	0.4525012	2.753061	0.08307882	0.2192025	2.799632	0.08603402	-0.09818699	2.850791	0.1713856	0.3935947	2.637226	-0.01302533	0.4337107	2.846591	0.130992	-0.09011515	2.758366	0.03954345	-0.1026962	2.866429	0.2165916	0.1008126	2.582498	0.05280766	0.5716183	2.666575	0.2377255	-0.5666498	2.86888	0.002862654	-0.5789272	3.089687	0.2973364	-0.9438149	2.98308	-0.04839852	-0.9438025	3.214132	

0.04745475	-0.1043558	2.591555	0.02399033	0.4377419	2.923886	-0.106214	-0.1769723	2.566479	-0.02811773	0.2857622	2.929322	-0.06324851	-0.180122	2.546428	-0.01263975	0.3424285	2.919448	-0.009390858	0.6327567	2.725178	0.06890681	0.5289134	2.73392	0.07226264	0.4529798	2.752668	0.08141224	0.2198004	2.799375	0.08622295	-0.09784015	2.850794	0.1685504	0.3936875	2.63624	-0.01561387	0.4343994	2.846029	0.1309922	-0.08965503	2.758019	0.03997051	-0.1023865	2.866913	0.2108615	0.09766848	2.580125	0.05200231	0.5713825	2.666373	0.2361915	-0.5677031	2.86885	0.001880225	-0.5796157	3.089685	0.2971926	-0.9437724	2.98334	-0.05039573	-0.9463376	3.215474	

0.04982588	-0.08080769	2.582888	0.02123613	0.4366466	2.923159	-0.1097835	-0.1456741	2.55657	-0.03113687	0.2848853	2.928164	-0.07358767	-0.1474047	2.535333	-0.01564455	0.3415554	2.918292	-0.0141631	0.6308082	2.725925	0.06472903	0.5283133	2.733517	0.06772995	0.4525656	2.752603	0.07599635	0.2201437	2.800472	0.0830464	-0.09665985	2.853398	0.1641394	0.3937014	2.634716	-0.01957368	0.4340622	2.845505	0.1270396	-0.08862436	2.761101	0.0372388	-0.1013511	2.869329	0.2083845	0.1004881	2.577052	0.04936863	0.5701597	2.6661	0.2335153	-0.5677012	2.868372	0.0003097376	-0.5798471	3.089681	0.2969859	-0.9438955	2.983599	-0.05233277	-0.9478313	3.216322	

0.04994176	-0.07451326	2.579302	-0.06231092	0.5018277	2.855035	-0.1097948	-0.1293335	2.559406	-0.05327342	0.3503399	2.812827	-0.07498358	-0.1316463	2.529666	-0.09677131	0.4122912	2.801522	-0.02001147	0.6299849	2.726458	0.06111211	0.5292599	2.733769	0.06374022	0.4536055	2.753122	0.07107718	0.2215088	2.801881	0.07876347	-0.09504363	2.856243	0.1612491	0.3942589	2.63385	-0.02314657	0.4351749	2.845664	0.1218636	-0.08659891	2.764529	0.03372047	-0.1003445	2.871746	0.206041	0.1023414	2.574623	-0.03144735	0.6214563	2.592561	0.230371	-0.5674506	2.868464	-0.001136554	-0.5809373	3.090445	0.2968603	-0.9439298	2.984073	-0.05226022	-0.947702	3.216107	

0.02182266	-0.06772365	2.576333	-0.03017422	0.5014265	2.854985	-0.1407302	-0.1152551	2.560233	-0.05304111	0.3603435	2.800818	-0.07162152	-0.1173819	2.54021	-0.01849969	0.4437349	2.80775	-0.02299634	0.6294117	2.726231	0.05862642	0.52905	2.73304	0.06132138	0.4534964	2.752641	0.06889496	0.2216975	2.802031	0.07720446	-0.09446594	2.857288	0.1571933	0.3944689	2.632514	-0.02559034	0.4350663	2.844881	0.1204638	-0.08624963	2.765323	0.03201696	-0.0996499	2.873101	0.2049186	0.1050117	2.570866	-0.004333545	0.6197834	2.592134	0.2273031	-0.5668935	2.868046	-0.001949974	-0.58198	3.090629	0.2968523	-0.9438675	2.984193	-0.05199535	-0.9472458	3.215516	

0.018597	-0.06619409	2.574704	-0.02975995	0.5015417	2.855036	-0.1509452	-0.1067268	2.559182	-0.05055319	0.3595399	2.804484	-0.07077935	-0.1092293	2.5387	-0.0194978	0.44314	2.808683	-0.02643774	0.6278208	2.726572	0.05666662	0.529102	2.732927	0.0592211	0.4536275	2.752619	0.06647681	0.2221155	2.802296	0.07492407	-0.09363188	2.858098	0.1544651	0.3944722	2.631737	-0.02752246	0.4351858	2.84473	0.1180846	-0.08547712	2.766162	0.02989442	-0.09889665	2.873891	0.2036394	0.1058112	2.569019	-0.004354903	0.6195476	2.592645	0.2258975	-0.5666931	2.868157	-0.002485332	-0.5823275	3.090975	0.2967405	-0.9440987	2.984602	-0.05239454	-0.9464065	3.214904	

0.01563472	-0.06393751	2.574087	-0.04735155	0.4969927	2.850615	-0.1490945	-0.1007514	2.574624	-0.04677812	0.3586786	2.793815	-0.08391964	-0.1070962	2.5461	-0.02164037	0.4436509	2.809731	-0.03076705	0.6272954	2.727698	0.0525815	0.5298748	2.733355	0.05537749	0.4543586	2.753016	0.0634741	0.2227259	2.802576	0.07330481	-0.09319955	2.858326	0.1511631	0.3947958	2.631089	-0.03157896	0.4360365	2.845112	0.1167083	-0.08506461	2.766041	0.02796919	-0.09851905	2.874558	0.2021876	0.1096765	2.564719	-0.01977658	0.6157219	2.589353	0.2243798	-0.5666935	2.867913	-0.002901231	-0.5828023	3.091273	0.2967026	-0.9440728	2.984594	-0.05226707	-0.9455892	3.214703	

0.01374773	-0.06229649	2.573938	-0.06345482	0.5014393	2.853686	-0.1536958	-0.1057805	2.569767	-0.05050197	0.3733034	2.802138	-0.07450984	-0.1032579	2.54448	-0.02032729	0.4430267	2.808699	-0.03511211	0.6252977	2.729475	0.05036383	0.5296533	2.733168	0.05330196	0.4541698	2.752918	0.06186076	0.2226361	2.802695	0.07240564	-0.0931727	2.858681	0.1478684	0.3951705	2.630092	-0.03377531	0.435858	2.844902	0.1159073	-0.08515981	2.766362	0.02699531	-0.09840611	2.874953	0.1995564	0.1109344	2.561818	-0.03425016	0.6204361	2.593276	0.2236619	-0.5668117	2.868005	-0.006956491	-0.5922102	3.096019	0.2966919	-0.9441224	2.984669	-0.05260828	-0.9460472	3.213992	

0.01335949	-0.0622055	2.574166	-0.0635576	0.5013362	2.85351	-0.1553654	-0.1231523	2.582636	-0.05298037	0.3560829	2.797479	-0.06492898	-0.1120289	2.554412	-0.03310323	0.4283059	2.8047	-0.03867444	0.6242417	2.730528	0.04722227	0.5295692	2.732993	0.05024702	0.4541275	2.753048	0.05896689	0.2227311	2.803729	0.06964853	-0.09281167	2.861324	0.1444967	0.3953127	2.630369	-0.03689981	0.4358131	2.844702	0.1122966	-0.08485005	2.770276	0.02505695	-0.09810628	2.876558	0.1974268	0.1112581	2.560651	-0.0348272	0.6200979	2.593504	0.2222734	-0.5665345	2.868459	-0.007142202	-0.5904847	3.095919	0.2965978	-0.9445199	2.985398	-0.05232336	-0.9457638	3.213469	

0.02908058	-0.05802528	2.57485	-0.06416395	0.5005604	2.85433	-0.1344168	-0.1323816	2.589332	-0.05646303	0.3649755	2.806806	-0.06828073	-0.1159947	2.559269	-0.02228235	0.438522	2.801697	-0.04103131	0.6238472	2.73113	0.04356783	0.5289488	2.733917	0.04690041	0.4536103	2.754009	0.05657591	0.2225028	2.804746	0.06848305	-0.09274741	2.862311	0.1419846	0.3957403	2.630106	-0.04052889	0.4352297	2.845603	0.111077	-0.08466528	2.771219	0.02402764	-0.09819391	2.877525	0.1963573	0.1117178	2.559973	-0.03589077	0.6190475	2.594698	0.2219055	-0.5666571	2.868906	-0.007179924	-0.5900376	3.096059	0.2961226	-0.9447047	2.98572	-0.05369984	-0.9456111	3.215038	

0.03190639	-0.0575861	2.575443	-0.06440615	0.5002642	2.854986	-0.1300914	-0.1400698	2.600386	-0.05469663	0.3603196	2.806607	-0.05764979	-0.1287803	2.569263	-0.02733816	0.4204935	2.793167	-0.04232918	0.6240678	2.731308	0.04196039	0.5289178	2.734743	0.04545924	0.4536054	2.754702	0.05565353	0.2225678	2.805099	0.06821398	-0.0926486	2.862371	0.1402671	0.3955998	2.629937	-0.04212877	0.435216	2.846418	0.1105892	-0.08452467	2.771419	0.02392154	-0.09814341	2.877504	0.1960984	0.1119425	2.560005	-0.03635925	0.6185455	2.595756	0.2215194	-0.566594	2.869627	-0.007257952	-0.5891569	3.095978	0.295697	-0.9447524	2.98578	-0.05388756	-0.9455379	3.214919	

0.04063649	-0.1240353	2.600735	-0.06461939	0.5002501	2.855071	-0.05578744	-0.2598577	2.657602	-0.05810379	0.3586747	2.797806	0.04512107	-0.1914984	2.69575	-0.02325317	0.4563144	2.813111	-0.04374681	0.6247655	2.731646	0.04086771	0.5291226	2.734981	0.04478601	0.4536882	2.754865	0.05562958	0.2225273	2.805119	0.06932431	-0.09320407	2.862391	0.13844	0.3958166	2.630555	-0.04322067	0.4354313	2.84665	0.1112267	-0.08451358	2.771378	0.02582685	-0.09976791	2.877598	0.1704997	0.09823293	2.574672	-0.03671584	0.6182966	2.596203	0.2217426	-0.5661511	2.870672	-0.008409874	-0.5871714	3.097192	0.2959979	-0.944586	2.986275	-0.05418944	-0.9451454	3.214954	

0.04624144	-0.1312523	2.602405	0.003596435	0.4384203	2.928004	-0.02563148	-0.2782091	2.666044	-0.01781955	0.2888575	2.932924	0.06575918	-0.2110503	2.685818	0.01682853	0.3869027	2.948182	-0.04492528	0.625093	2.732403	0.03999567	0.5294607	2.735809	0.04406757	0.4539219	2.755567	0.0554001	0.2225187	2.805461	0.06943632	-0.09332594	2.862523	0.1369776	0.3956606	2.631375	-0.04408995	0.4357788	2.847473	0.1112349	-0.08453553	2.771421	0.02609994	-0.1000155	2.87783	0.1649733	0.09769114	2.577765	0.03307018	0.5710341	2.676423	0.2222337	-0.5679935	2.873077	-0.01022715	-0.5881943	3.098538	0.2963639	-0.9444947	2.986705	-0.05655339	-0.9445276	3.21643	

0.05634613	-0.1442386	2.607108	-0.06092245	0.495868	2.851983	0.01648656	-0.3071155	2.679829	-0.07651673	0.3352871	2.815817	0.09748369	-0.2260585	2.689105	-0.09580003	0.3871882	2.816736	-0.04530736	0.6253167	2.732969	0.03956943	0.5296465	2.736061	0.04352621	0.454072	2.75585	0.05461392	0.2224788	2.805805	0.06851328	-0.09363637	2.862853	0.1363671	0.3954664	2.631572	-0.04451572	0.4359699	2.847723	0.11005	-0.08519752	2.77165	0.0253224	-0.1000052	2.87823	0.1598424	0.09692523	2.582843	-0.03314584	0.611752	2.593003	0.2227835	-0.5690707	2.874482	-0.01213489	-0.583637	3.096939	0.296505	-0.9443095	2.986683	-0.05655218	-0.9445591	3.216235	

0.07040524	-0.1438797	2.608894	-0.05973838	0.4993798	2.855737	0.04466829	-0.3176038	2.668944	-0.06464371	0.3530497	2.803807	0.116912	-0.2235355	2.684588	-0.06576283	0.3637964	2.797667	-0.04536027	0.6255344	2.733132	0.03931705	0.5298611	2.736875	0.04315673	0.4542391	2.75673	0.05395784	0.2224446	2.806882	0.06759515	-0.09394697	2.864102	0.1357415	0.3951108	2.632024	-0.04476678	0.4361904	2.848533	0.1087461	-0.08649681	2.77302	0.02455882	-0.09945107	2.879581	0.1586462	0.09658809	2.586373	-0.03264282	0.6161417	2.597436	0.2226028	-0.5695648	2.875309	-0.01369472	-0.5813873	3.097059	0.2966528	-0.9446566	2.987054	-0.05645866	-0.9442869	3.215702	

0.08710007	-0.1405141	2.612111	-0.0642499	0.5080624	2.862883	0.06955492	-0.312564	2.652352	-0.06877758	0.358408	2.815803	0.03906205	-0.1888174	2.701334	-0.09858334	0.429847	2.80766	-0.04526608	0.6262437	2.73314	0.03911547	0.530211	2.737221	0.04256409	0.4546123	2.75717	0.0509995	0.2227756	2.807777	0.05881402	-0.09412051	2.865603	0.1352052	0.3946915	2.632401	-0.0449683	0.4365448	2.848878	0.09929429	-0.08849543	2.774583	0.01643512	-0.09771175	2.880885	0.1582162	0.09614712	2.591134	-0.03708765	0.6255161	2.605233	0.2222563	-0.5693729	2.875624	-0.01373966	-0.5811236	3.096938	0.2966551	-0.9445812	2.987028	-0.0565176	-0.9443004	3.215577	

0.1222666	-0.137907	2.614	-0.008849381	0.440298	2.923949	0.1085268	-0.2824387	2.633751	-0.03875749	0.2920125	2.946162	0.07068457	-0.1674858	2.6265	-0.06871821	0.3638357	2.937972	-0.04511352	0.626891	2.733506	0.03905134	0.5309062	2.737598	0.04230971	0.4551522	2.75739	0.05028277	0.2231055	2.807604	0.05754922	-0.09404128	2.86449	0.1347511	0.3946039	2.632953	-0.04503239	0.4372451	2.849255	0.09772559	-0.08827946	2.773341	0.0155293	-0.09767068	2.879837	0.1605235	0.09613786	2.594712	0.01894779	0.5717319	2.672939	0.2217518	-0.5692383	2.875934	-0.01473229	-0.5815223	3.097009	0.2971584	-0.9444866	2.987395	-0.05748768	-0.9451313	3.215843	

0.1275581	-0.1375397	2.614755	-0.006890929	0.4402091	2.924638	0.13153	-0.3117524	2.649806	-0.03680528	0.2920024	2.94683	0.09691765	-0.1949691	2.601158	-0.06831897	0.3638337	2.938109	-0.04471016	0.6280089	2.733155	0.03905483	0.530948	2.737619	0.0422371	0.4551998	2.75738	0.04955634	0.2231365	2.807176	0.05598311	-0.09409484	2.862975	0.1344955	0.3942049	2.633783	-0.04502889	0.4372881	2.849276	0.09670532	-0.08834726	2.771865	0.01343421	-0.0976202	2.878219	0.1653804	0.09609482	2.598887	0.02099951	0.5715701	2.673674	0.2214203	-0.5695127	2.876451	-0.01516354	-0.5816537	3.09686	0.2973518	-0.9445338	2.987456	-0.05782495	-0.9449503	3.215794	

0.1409852	-0.1384206	2.615559	-0.004235354	0.4400538	2.925994	0.145527	-0.3121045	2.663804	-0.03415851	0.2919201	2.948165	0.1016338	-0.2079202	2.645334	-0.06643079	0.3637902	2.938973	-0.0439168	0.6285694	2.733301	0.03937972	0.5309829	2.738121	0.04222758	0.455181	2.757783	0.04833271	0.2227947	2.807875	0.05207946	-0.0951395	2.864223	0.1346658	0.3938391	2.63442	-0.04470563	0.4373263	2.849774	0.09158005	-0.09038351	2.774558	0.01070424	-0.0978679	2.878399	0.1728229	0.09650384	2.602023	0.02382737	0.5714018	2.675081	0.2208491	-0.5700302	2.876705	-0.01904679	-0.5721626	3.093546	0.2974261	-0.9445421	2.987493	-0.05885445	-0.9453461	3.216325	

0.1474895	-0.1404545	2.616557	-0.004076383	0.4399616	2.926037	0.1517205	-0.3051853	2.667079	-0.03399937	0.2918968	2.948189	0.1028969	-0.1819896	2.6387	-0.06628047	0.3637772	2.939015	-0.04320346	0.6290666	2.733551	0.03996743	0.5311438	2.738635	0.04217355	0.4552735	2.758181	0.04419285	0.2228435	2.809228	0.03633268	-0.09506999	2.867296	0.1350476	0.3934879	2.635381	-0.04411986	0.4374902	2.850286	0.07672087	-0.09287241	2.777279	-0.00533675	-0.09485374	2.881531	0.1770906	0.09664133	2.604181	0.02388022	0.57121	2.675067	0.2206193	-0.5704232	2.877113	-0.0205448	-0.564331	3.09035	0.297606	-0.944399	2.987719	-0.05910658	-0.9452875	3.21625	

0.1535867	-0.1422593	2.617162	-0.003154426	0.4401066	2.926227	0.1533171	-0.3056346	2.664869	-0.03308004	0.2921062	2.948361	0.1130942	-0.1946452	2.646693	-0.06533755	0.3638882	2.939291	-0.04152402	0.6301593	2.733678	0.0406272	0.5313993	2.738831	0.04219543	0.4553399	2.758228	0.04220197	0.2228258	2.808773	0.03216172	-0.09550078	2.865263	0.1359499	0.3933633	2.636261	-0.04346149	0.4377477	2.850481	0.07364889	-0.0937019	2.775524	-0.01053978	-0.09472306	2.879099	0.181919	0.09704549	2.605773	0.02476867	0.5713097	2.675185	0.2204558	-0.5705686	2.877074	-0.02102425	-0.5653183	3.090537	0.297812	-0.944382	2.988174	-0.05925284	-0.946138	3.21552	

0.1576302	-0.1425957	2.616357	-0.001438059	0.4394379	2.925951	0.15235	-0.3097759	2.666623	-0.03136926	0.2915007	2.948068	0.115374	-0.2139905	2.657143	-0.06334288	0.3634724	2.939383	-0.0393408	0.631296	2.732692	0.04132648	0.5316275	2.739007	0.04227751	0.4554089	2.758264	0.04144765	0.2227616	2.808346	0.03095149	-0.09587009	2.863754	0.1375865	0.3933318	2.637158	-0.04276395	0.4379778	2.850656	0.07280012	-0.09424407	2.773551	-0.01202914	-0.09494741	2.877912	0.1848707	0.0971759	2.606478	0.02634302	0.5704015	2.674714	0.2202796	-0.5706462	2.876893	-0.02037652	-0.567643	3.09077	0.2978022	-0.9444195	2.988181	-0.05935536	-0.946007	3.21563	

0.1597079	-0.1436595	2.615476	0.008798018	0.4373673	2.929075	0.1500008	-0.3130102	2.655089	-0.02116953	0.2894992	2.951173	0.1176091	-0.1980111	2.640125	-0.05121307	0.3613361	2.942979	-0.03713411	0.6319467	2.732806	0.04259672	0.5316507	2.739536	0.04311575	0.4554417	2.758581	0.04209868	0.2227039	2.808128	0.03500024	-0.0959013	2.861943	0.1389896	0.3934393	2.63782	-0.04149777	0.4380041	2.851184	0.07739832	-0.09418991	2.771158	-0.00839531	-0.09505147	2.876569	0.1876203	0.09745115	2.606622	0.03720316	0.5682943	2.677801	0.2201673	-0.5706462	2.876755	-0.02047899	-0.5682256	3.090649	0.2978315	-0.9446636	2.988049	-0.05890175	-0.9458959	3.215138	

0.1614654	-0.1472227	2.612702	0.01177958	0.4378577	2.930072	0.1485685	-0.3190469	2.642266	-0.0181981	0.290046	2.952155	0.1161755	-0.1966292	2.628	-0.04825561	0.3618808	2.94396	-0.03303114	0.6344796	2.732324	0.04468227	0.5319947	2.74053	0.04459308	0.455718	2.759131	0.04304059	0.2227718	2.807643	0.03757864	-0.09584302	2.859342	0.1409312	0.3931001	2.637665	-0.03941782	0.4383513	2.852178	0.08012754	-0.09365453	2.768257	-0.005958487	-0.09543334	2.874231	0.1894991	0.09694114	2.606657	0.03929438	0.5681377	2.67823	0.2201649	-0.5705152	2.876391	-0.01935719	-0.5702181	3.091278	0.2977073	-0.9449353	2.988074	-0.05883724	-0.9459256	3.215055	

0.1599715	-0.1512188	2.608569	0.01186793	0.4395699	2.927409	0.1418008	-0.3250969	2.637736	-0.01810966	0.2918021	2.949479	0.1104508	-0.203263	2.606555	-0.04822627	0.3636215	2.941283	-0.0279711	0.6365158	2.731973	0.04992474	0.5332277	2.739803	0.04880717	0.456723	2.758576	0.04530381	0.2230847	2.806976	0.03895127	-0.09588656	2.859069	0.143631	0.3934129	2.63797	-0.03418972	0.4395842	2.851454	0.08162722	-0.09365029	2.767904	-0.004728631	-0.09552599	2.874044	0.1902881	0.09683175	2.606216	0.0393488	0.5700624	2.675499	0.2209449	-0.570923	2.876408	-0.01702104	-0.5724844	3.092381	0.2976426	-0.9449102	2.988087	-0.05877741	-0.9465341	3.215082	

0.1550619	-0.1512644	2.602324	-0.01591684	0.5139441	2.868461	0.1157441	-0.3256758	2.633497	-0.03652254	0.3783627	2.811298	0.1100188	-0.2640197	2.58127	-0.01472874	0.4421706	2.82225	-0.0219982	0.6388174	2.73137	0.0537676	0.5345111	2.739381	0.05279134	0.4579632	2.758543	0.04974827	0.2239133	2.80771	0.045587	-0.09547496	2.862233	0.1463248	0.3933668	2.637757	-0.03035798	0.4408658	2.851034	0.0865341	-0.09340573	2.770432	0.003735268	-0.09494678	2.877967	0.1907864	0.0968168	2.603791	0.006334006	0.6287199	2.60919	0.2212897	-0.5709823	2.87642	-0.01681488	-0.5724196	3.092335	0.2976366	-0.9449056	2.988034	-0.05939694	-0.9474984	3.215116	

0.1495018	-0.1522157	2.59805	-0.01443461	0.5129858	2.865933	0.09962829	-0.3258383	2.63251	-0.03202868	0.3751217	2.811052	0.1771355	-0.2272229	2.6777	-0.01416287	0.4401239	2.819742	-0.01797167	0.6405692	2.731905	0.05862218	0.5358503	2.739043	0.05625062	0.4590829	2.75857	0.05045339	0.2243538	2.808039	0.04469131	-0.09505036	2.863392	0.1479677	0.3932948	2.637632	-0.02551777	0.4422029	2.8507	0.08547991	-0.09330743	2.771606	0.002924567	-0.09418737	2.879168	0.1909599	0.09692641	2.601018	0.008364337	0.6280206	2.607068	0.2221676	-0.5709376	2.876176	-0.01524724	-0.5741798	3.093039	0.2974778	-0.9450591	2.98806	-0.05843242	-0.9463426	3.214449	

0.1446008	-0.1522504	2.595717	-0.013486	0.512276	2.865112	0.09402867	-0.3254727	2.631659	-0.04558178	0.365993	2.814809	0.169967	-0.22685	2.675103	-0.01251827	0.4427046	2.829225	-0.01458974	0.6410151	2.733031	0.06138807	0.5363011	2.739335	0.05992959	0.4595938	2.758931	0.05648213	0.2247439	2.808466	0.05289595	-0.09525421	2.864105	0.1502459	0.3933825	2.637926	-0.02276012	0.4426535	2.850992	0.09249034	-0.09324175	2.773105	0.01218415	-0.09472653	2.878944	0.1911415	0.09704074	2.599824	0.009599027	0.6273618	2.606536	0.2226351	-0.5710545	2.876216	-0.01512685	-0.5741357	3.093204	0.2975153	-0.9451241	2.988077	-0.05843681	-0.9459918	3.214718	

0.1382513	-0.1532341	2.59323	-0.01229691	0.5116854	2.864458	0.08345748	-0.3256366	2.633363	-0.03195295	0.3742552	2.804555	0.1630265	-0.227794	2.6754	-0.007210047	0.4474619	2.820261	-0.01187716	0.6419134	2.733543	0.06398232	0.5366343	2.739551	0.062644	0.4600343	2.75907	0.05902253	0.2253827	2.808316	0.05473724	-0.09448797	2.863735	0.1520554	0.3933971	2.638132	-0.02017351	0.4429865	2.851209	0.09523898	-0.0918909	2.771716	0.01334114	-0.09435629	2.879205	0.1911647	0.09714369	2.598536	0.01100772	0.6267829	2.606147	0.2241151	-0.5714126	2.876272	-0.01360966	-0.5751538	3.093655	0.2971624	-0.9449047	2.987927	-0.05862195	-0.9465709	3.215303	

0.1280686	-0.153268	2.591313	-0.01105761	0.5113525	2.863532	0.06892621	-0.3223333	2.633045	-0.03258479	0.3773549	2.803805	0.1490088	-0.2296728	2.676727	-0.003117102	0.4438487	2.8158	-0.008041174	0.6429382	2.734557	0.06606356	0.5370734	2.739303	0.06454955	0.4604908	2.758702	0.06029524	0.2258244	2.807629	0.05528237	-0.09404342	2.862702	0.1539311	0.3934091	2.638304	-0.01809855	0.4434245	2.850962	0.09549285	-0.09158912	2.771163	0.01411304	-0.09383991	2.877717	0.1906459	0.09716401	2.597367	0.01237302	0.6264406	2.605461	0.2258031	-0.5713633	2.875964	-0.01262203	-0.5763277	3.093645	0.2972953	-0.9447663	2.987833	-0.05840499	-0.946722	3.215156	

0.1178983	-0.1510906	2.592937	-0.004959097	0.5129606	2.864675	0.04917672	-0.3177491	2.63683	-0.04569811	0.3591842	2.821819	0.1341758	-0.2401037	2.681875	-0.0146668	0.4245889	2.814125	0.001718023	0.6486813	2.731566	0.06962729	0.5376576	2.739564	0.06881877	0.4611717	2.759248	0.06668948	0.226752	2.809187	0.06448081	-0.0927976	2.866138	0.1559481	0.3933696	2.638447	-0.01454503	0.4440081	2.851225	0.1025233	-0.09040584	2.773599	0.02516721	-0.09268542	2.882464	0.1894289	0.09703584	2.59639	0.01796895	0.6272675	2.606469	0.2265566	-0.5711364	2.875523	-0.01263219	-0.575829	3.093443	0.2971759	-0.9446912	2.987581	-0.05933736	-0.9479616	3.215909	

0.1141265	-0.1509177	2.594023	-0.001277442	0.5146172	2.86423	0.05443993	-0.3139149	2.635834	-0.02426641	0.3820646	2.805556	0.1289254	-0.2409257	2.679286	-0.003094059	0.4518408	2.82225	0.005286748	0.6501477	2.73094	0.07254363	0.5388224	2.738761	0.07149144	0.4621899	2.758973	0.06883539	0.2274491	2.81018	0.06632558	-0.09235243	2.869339	0.1573068	0.3932217	2.638223	-0.01163758	0.4451691	2.850425	0.103899	-0.09010778	2.778128	0.02728993	-0.09213488	2.884681	0.1886657	0.09685608	2.596051	0.02146439	0.6284436	2.60602	0.2284937	-0.5714312	2.875341	-0.01162756	-0.5709215	3.090143	0.2969237	-0.9446241	2.987501	-0.0584558	-0.9470374	3.215141	

0.1126028	-0.1504075	2.594937	-0.005878909	0.5306611	2.879325	0.05148947	-0.3140983	2.644586	-0.02622763	0.3961533	2.810299	0.1419456	-0.2213036	2.674143	-0.0299483	0.3944187	2.798	0.007255234	0.6512262	2.730597	0.07404905	0.5391629	2.738691	0.07289746	0.462472	2.758852	0.06975091	0.2275275	2.809947	0.06664516	-0.09247522	2.868944	0.1585765	0.3932216	2.638045	-0.01013675	0.4455085	2.850356	0.1048566	-0.09028439	2.777243	0.02728749	-0.09221169	2.884528	0.188008	0.09684622	2.595793	0.01827766	0.648816	2.623162	0.2291709	-0.5712115	2.87501	-0.01137583	-0.5693588	3.089338	0.2964691	-0.9448938	2.987396	-0.05857741	-0.9472395	3.215158	

0.1117926	-0.1504405	2.596327	-0.006362242	0.5239591	2.871969	0.05315831	-0.3137532	2.65137	-0.02392148	0.3915914	2.810604	0.13253	-0.2379949	2.680636	0.006262708	0.4629934	2.823429	0.008341043	0.6516477	2.730559	0.07577761	0.5395586	2.738996	0.07462568	0.4628251	2.758955	0.07139222	0.2277156	2.809444	0.06811805	-0.09258649	2.867265	0.1592039	0.3932214	2.638161	-0.00841317	0.4459035	2.850662	0.1070217	-0.09039953	2.774504	0.02804623	-0.09230226	2.883679	0.1878205	0.09695201	2.595821	0.01794751	0.6404173	2.615331	0.2296489	-0.5711553	2.874772	-0.01086711	-0.5713813	3.090729	0.2964903	-0.9445545	2.987323	-0.05898343	-0.9479067	3.215433	

0.1114377	-0.1499843	2.597811	-0.006474764	0.5230561	2.870941	0.0553816	-0.3157869	2.654068	-0.03793488	0.3822069	2.820812	0.1384191	-0.2319713	2.676903	-0.01083937	0.4388182	2.821167	0.01068932	0.6534992	2.730489	0.07679424	0.5398065	2.73919	0.07533112	0.4629906	2.759073	0.07146008	0.2277219	2.809445	0.06753784	-0.09279323	2.866999	0.15979	0.3930853	2.638264	-0.00739958	0.4461508	2.850856	0.1063587	-0.09073574	2.774122	0.0274374	-0.09240904	2.883502	0.1876952	0.09691511	2.59597	0.01796453	0.6392566	2.614398	0.2298973	-0.5710059	2.874766	-0.01066087	-0.5719937	3.091083	0.2966097	-0.9446198	2.987386	-0.05869333	-0.948128	3.215016	

0.1126603	-0.149477	2.6004	-0.006394891	0.5225787	2.870728	0.0664881	-0.3120584	2.66326	-0.02493884	0.3934417	2.80914	0.1487295	-0.2254936	2.675615	0.004181231	0.4569028	2.822	0.01165759	0.6534216	2.731223	0.077793	0.5399488	2.73965	0.07638565	0.46308	2.759387	0.07258202	0.2276067	2.809295	0.06866904	-0.0933148	2.866013	0.1605545	0.3929406	2.638626	-0.006403675	0.4462929	2.851315	0.1076936	-0.09114681	2.773171	0.02824225	-0.09299669	2.882541	0.187624	0.09682825	2.596653	0.01815509	0.6386311	2.614313	0.2302803	-0.5709751	2.874578	-0.01034684	-0.5736098	3.091948	0.2966478	-0.9445402	2.987351	-0.05855845	-0.9476764	3.21486	

0.1178732	-0.147476	2.603282	0.08407115	0.4935489	2.864274	0.07748035	-0.3110811	2.66463	0.0007571044	0.4434929	2.817774	0.06241388	-0.1943801	2.688143	0.003235444	0.4430766	2.80301	0.0122784	0.6533805	2.731245	0.07845561	0.5402917	2.739736	0.0771125	0.4634168	2.759341	0.07346898	0.2278996	2.808737	0.0696279	-0.09314086	2.864322	0.160839	0.3928871	2.638665	-0.005743118	0.4466347	2.851402	0.1085524	-0.09072804	2.770941	0.02916691	-0.09302414	2.881335	0.1879147	0.09688811	2.597259	0.08507121	0.6058376	2.605526	0.2304956	-0.5709539	2.874449	-0.01006594	-0.5743301	3.09192	0.2965102	-0.9444506	2.98715	-0.05805789	-0.9474521	3.21471	

0.1243637	-0.1457147	2.606852	0.08276712	0.4922355	2.86281	0.0954538	-0.3028069	2.656205	0.0007639786	0.46302	2.843765	0.08328568	-0.2088394	2.631429	0.02614539	0.5104825	2.851696	0.01282345	0.6536645	2.731605	0.07896749	0.5405567	2.739804	0.07769561	0.4637103	2.759231	0.0743552	0.228331	2.807768	0.07073765	-0.09248947	2.861176	0.1614278	0.3929243	2.638936	-0.005232864	0.4468989	2.85147	0.110137	-0.08974676	2.767699	0.02974593	-0.09270157	2.878318	0.1893278	0.09702756	2.599268	0.08409311	0.604865	2.60437	0.2305079	-0.5710868	2.874584	-0.009837851	-0.574987	3.091897	0.2964109	-0.9449133	2.987087	-0.05830442	-0.9471833	3.214957	

0.1396096	-0.1408982	2.60671	0.08166771	0.4913277	2.861843	0.1151594	-0.3104331	2.645378	0.0007644256	0.4614279	2.84538	0.09687176	-0.1984821	2.626333	0.02421797	0.5014945	2.844795	0.0133388	0.6537033	2.731786	0.07915664	0.5406713	2.739845	0.07776527	0.4637976	2.75924	0.07407381	0.2284919	2.80768	0.06817132	-0.09204385	2.860851	0.1616936	0.3929086	2.639105	-0.005044438	0.4470129	2.85151	0.1076284	-0.08957113	2.767335	0.02706641	-0.09198917	2.878047	0.1927563	0.09733459	2.601704	0.08323618	0.6041617	2.603655	0.2305753	-0.5712806	2.874592	-0.009469048	-0.5756556	3.091875	0.2964274	-0.94491	2.98713	-0.05845887	-0.9475024	3.214993	

0.1444591	-0.1426569	2.606674	-0.01171653	0.5279291	2.872952	0.1186439	-0.3115112	2.641657	-0.0380266	0.3908884	2.827816	0.1051818	-0.2220931	2.6424	-0.03399421	0.4007373	2.8155	0.0141411	0.6540145	2.731604	0.07949056	0.5408694	2.740079	0.07778693	0.4639176	2.759296	0.07201886	0.2290502	2.80704	0.05719269	-0.09074048	2.857515	0.1620429	0.3930489	2.639282	-0.00471146	0.4472105	2.851744	0.09955426	-0.08932814	2.765357	0.0128885	-0.08938235	2.873056	0.1956192	0.09786683	2.602699	0.01385787	0.6406463	2.615961	0.2307469	-0.5714886	2.874598	-0.009202945	-0.5772142	3.092191	0.2965205	-0.9449324	2.986975	-0.05833356	-0.9473202	3.215171	

0.1478528	-0.1447968	2.605529	-0.01010574	0.5298017	2.874993	0.1260387	-0.3164423	2.639836	-0.03388818	0.3955894	2.806313	0.1071725	-0.2101408	2.62875	-0.02611549	0.4178421	2.801	0.01501616	0.6549981	2.731874	0.07985661	0.5413607	2.740608	0.07821691	0.4643712	2.759671	0.07277093	0.2293479	2.807092	0.06206802	-0.09075814	2.857502	0.1627823	0.3936605	2.639829	-0.004346232	0.4477012	2.852273	0.1030389	-0.08908213	2.766291	0.0198852	-0.08989994	2.871855	0.1977347	0.09878841	2.60337	0.01522066	0.6427862	2.618244	0.2308018	-0.571558	2.874604	-0.01000269	-0.5757174	3.092108	0.296518	-0.9447369	2.986948	-0.05800872	-0.9467995	3.214716	

0.1498209	-0.1446944	2.604527	-0.009609392	0.5302167	2.875226	0.1273665	-0.3157345	2.638622	-0.02237987	0.4001421	2.811312	0.1072269	-0.2162909	2.639019	-0.0197128	0.403376	2.789667	0.0157764	0.6561872	2.732105	0.08006214	0.5415866	2.740592	0.07826761	0.4645765	2.759698	0.07221176	0.2296923	2.807385	0.05982333	-0.09022741	2.859475	0.1681525	0.3983199	2.641755	-0.004141437	0.4479262	2.852257	0.1008735	-0.0886401	2.769258	0.01732147	-0.08928253	2.87327	0.199027	0.1031783	2.604198	0.01565361	0.6432284	2.618641	0.2308611	-0.5717301	2.87474	-0.009685335	-0.5765147	3.092599	0.2965229	-0.9447607	2.98694	-0.05794318	-0.9474422	3.214792	

0.1511591	-0.1458317	2.602832	-0.009743725	0.530579	2.875395	0.1257136	-0.320354	2.644605	-0.02462064	0.411315	2.816234	0.09019664	-0.2007299	2.683429	-0.02750273	0.4063124	2.800076	0.0162803	0.656313	2.732458	0.08024507	0.5418513	2.740737	0.07821134	0.4648991	2.759976	0.07017381	0.230436	2.808985	0.05304365	-0.08917025	2.86525	0.1682228	0.3981607	2.641834	-0.00395907	0.4481901	2.852402	0.09354492	-0.08841011	2.77642	0.01107333	-0.0875644	2.87796	0.2000124	0.1032897	2.60395	0.01555889	0.6434398	2.618908	0.2309035	-0.57176	2.874742	-0.00961074	-0.5832183	3.095193	0.2966651	-0.9446326	2.987042	-0.05787072	-0.9470437	3.214669	

0.1512278	-0.1471459	2.600571	-0.008931725	0.5267274	2.87212	0.1149505	-0.3183792	2.630506	-0.03003744	0.3955204	2.805816	0.09102193	-0.208744	2.676714	-0.005805541	0.4096595	2.782857	0.01703413	0.6565976	2.733562	0.08085757	0.5421573	2.741187	0.07852434	0.4651671	2.760271	0.07015703	0.2305167	2.809006	0.05309755	-0.08909187	2.864922	0.1682506	0.3981043	2.641884	-0.003348177	0.4484957	2.852852	0.09388196	-0.08825038	2.775714	0.01099808	-0.08752979	2.877819	0.2004827	0.103454	2.603579	0.01640141	0.6393604	2.615706	0.2309156	-0.5718001	2.874743	-0.00904446	-0.5857546	3.095729	0.2967589	-0.9445627	2.987119	-0.0577015	-0.9469241	3.214411	

0.150458	-0.1476182	2.599665	0.08625109	0.5101098	2.878594	0.1093955	-0.3181238	2.62566	0.008441194	0.4412009	2.803785	0.1231039	-0.2191854	2.679182	0.0164706	0.4344921	2.774569	0.01853034	0.6565859	2.734414	0.08124169	0.542418	2.741815	0.07902228	0.4654498	2.760726	0.07153992	0.2307956	2.80885	0.06098066	-0.0889459	2.861611	0.1699455	0.3991264	2.642497	-0.002964866	0.4487564	2.85348	0.1024525	-0.08684232	2.772567	0.01814518	-0.08857341	2.87432	0.2008829	0.1045109	2.603605	0.09177658	0.6213259	2.620712	0.230928	-0.5717985	2.874746	-0.008434996	-0.5874949	3.096078	0.2966038	-0.9444539	2.987083	-0.0569155	-0.9465316	3.214008	

0.1495296	-0.1479709	2.598919	0.03124821	0.4472255	2.942478	0.1088212	-0.3162497	2.626647	0.03007486	0.3385182	2.945599	0.09348096	-0.194776	2.599167	0.03800419	0.332385	2.916302	0.01943498	0.65666	2.735349	0.08175045	0.5427157	2.742384	0.0797336	0.4655259	2.760997	0.07484721	0.2291007	2.807272	0.07222872	-0.09762744	2.853354	0.1698458	0.398744	2.643002	-0.02815267	0.3672763	2.836618	0.1214885	-0.09390081	2.761633	0.02364177	-0.09874928	2.867727	0.2009856	0.1042013	2.603458	0.05602461	0.5741672	2.692646	0.2309404	-0.5717893	2.874756	-0.008094951	-0.5869072	3.096035	0.2966938	-0.9444951	2.987157	-0.05711276	-0.9467441	3.213801	

0.1483754	-0.1473191	2.598232	0.03124947	0.4472263	2.94256	0.1109392	-0.3141103	2.624851	0.03007616	0.3385253	2.945677	0.09310006	-0.1924766	2.59914	0.03800419	0.3323851	2.916302	0.01975277	0.6568462	2.735647	0.08207031	0.5432895	2.74239	0.08005166	0.4658356	2.760953	0.07519616	0.2288757	2.807072	0.07218326	-0.09827206	2.853499	0.1699865	0.3986072	2.643363	-0.02832642	0.3674945	2.836787	0.1214826	-0.09416915	2.762083	0.0230473	-0.1003164	2.867536	0.2010326	0.1040809	2.603469	0.056026	0.574169	2.692732	0.2310553	-0.5717614	2.874764	-0.007824619	-0.5851347	3.095192	0.2966869	-0.9444549	2.987213	-0.05713314	-0.9475141	3.213763	

0.1471425	-0.1471698	2.597693	0.03105695	0.4448928	2.942554	0.1087395	-0.3135755	2.624642	0.0298843	0.3362011	2.945665	0.08653269	-0.2250843	2.605	0.03796024	0.3318508	2.916315	0.02054666	0.6572772	2.736184	0.08243494	0.5434218	2.742403	0.08015168	0.4658521	2.760964	0.07452182	0.2283777	2.807001	0.06459236	-0.1004729	2.854934	0.170028	0.3984387	2.643359	-0.0283394	0.367479	2.836872	0.1139415	-0.09623679	2.764807	0.01384612	-0.1026142	2.868197	0.2010579	0.1039144	2.603396	0.0558327	0.5718252	2.692733	0.231096	-0.5717601	2.874688	-0.007499983	-0.5836883	3.094184	0.296589	-0.9443452	2.987042	-0.05727768	-0.947066	3.213542	

0.1458208	-0.1479899	2.597554	0.03694678	0.4790527	2.932551	0.107539	-0.3150941	2.627587	0.03575278	0.3702368	2.935684	0.09036747	-0.2341087	2.585182	0.0436549	0.3639492	2.906394	0.02116881	0.6572173	2.736893	0.08286166	0.543663	2.742613	0.08065126	0.4660093	2.761	0.07535309	0.228174	2.806298	0.06653299	-0.1005632	2.853071	0.1701055	0.3984113	2.643361	-0.0286206	0.3680843	2.836861	0.1167387	-0.09521815	2.76211	0.01507157	-0.1033374	2.867026	0.2009274	0.1038678	2.603324	0.06175422	0.6061687	2.682674	0.2311171	-0.5717711	2.874703	-0.007459649	-0.583733	3.094181	0.296522	-0.9442532	2.9869	-0.05709383	-0.9466886	3.213357	

0.1445933	-0.1484697	2.598103	0.03677146	0.4799813	2.933161	0.09435096	-0.3171664	2.640943	0.03557812	0.3711644	2.936291	0.09137101	-0.2423003	2.584781	0.04348105	0.3648724	2.906997	0.0222287	0.6578715	2.736836	0.08324077	0.5437209	2.742783	0.08097272	0.4660413	2.761267	0.07534913	0.2280676	2.807124	0.06542609	-0.0999615	2.85754	0.1701378	0.3982916	2.643467	-0.02874488	0.3683129	2.836862	0.1161936	-0.09532195	2.766121	0.01308251	-0.1018142	2.872553	0.2009424	0.1037481	2.603389	0.06157794	0.607102	2.683286	0.2312785	-0.5718912	2.874716	-0.007387351	-0.5837849	3.094174	0.296561	-0.9442889	2.986898	-0.0570689	-0.9476016	3.213379	

0.1437176	-0.1478634	2.598513	-0.01241946	0.509551	2.904468	0.1043523	-0.3153326	2.634979	-0.03016929	0.4050609	2.818835	0.08159131	-0.2224938	2.610429	-0.02224793	0.4016376	2.795	0.02274444	0.6576584	2.738059	0.08332374	0.5438036	2.743067	0.08107155	0.4660737	2.7614	0.07550879	0.2279823	2.807003	0.06630007	-0.1000139	2.856349	0.1702531	0.3981642	2.643767	-0.02924444	0.36871	2.837079	0.1172791	-0.09511916	2.764936	0.01374009	-0.1021265	2.871306	0.2010732	0.1036843	2.603785	0.006995411	0.5950824	2.638679	0.2314058	-0.5718827	2.87473	-0.006844412	-0.5829466	3.093841	0.2965575	-0.9442987	2.986902	-0.05715219	-0.9483306	3.21364	

0.1424804	-0.146727	2.600979	0.08193339	0.4789362	2.89358	0.1039553	-0.3096347	2.640251	0.07063366	0.3776858	2.913711	0.08653197	-0.1985578	2.605137	0.07807091	0.3744538	2.889849	0.02358495	0.6592953	2.738507	0.08368806	0.5440949	2.743207	0.08151776	0.4663125	2.761449	0.07609466	0.2280157	2.806718	0.06760699	-0.09989242	2.855433	0.1705121	0.3979844	2.644079	-0.02935838	0.3692254	2.837054	0.1188489	-0.09455981	2.763931	0.0148051	-0.1023937	2.870435	0.2012915	0.1035425	2.604428	0.07117505	0.5651801	2.627704	0.2314515	-0.5719099	2.874743	-0.006868833	-0.5824603	3.093845	0.2966834	-0.9441865	2.986892	-0.05917546	-0.9502181	3.21506	

0.1421798	-0.1462175	2.602906	0.0461836	0.442353	2.954129	0.1028569	-0.3030487	2.643217	0.03501926	0.3412764	2.974217	0.08606417	-0.1860185	2.618	0.04262896	0.3382471	2.950324	0.02427977	0.6602957	2.738811	0.08406234	0.5443525	2.743146	0.08264515	0.4666303	2.760934	0.08169409	0.2278641	2.802667	0.08515071	-0.1004401	2.84264	0.1708503	0.398006	2.644361	-0.02940327	0.3696836	2.836835	0.1387893	-0.0912106	2.748477	0.02992941	-0.1063699	2.859839	0.2013088	0.1035265	2.60473	0.0710265	0.5692019	2.704452	0.2315361	-0.5718291	2.874756	-0.006832073	-0.582462	3.093855	0.2967285	-0.9441097	2.986887	-0.05927388	-0.9502568	3.215086	

0.1428026	-0.1459971	2.605664	-0.01219483	0.5120241	2.907109	0.1060565	-0.303572	2.647804	-0.0301694	0.4050625	2.818846	0.08777766	-0.1886926	2.6206	-0.02485444	0.4049515	2.800333	0.02467886	0.6609941	2.739305	0.08423885	0.5446278	2.743459	0.08288836	0.4668405	2.761235	0.08182464	0.2279327	2.803187	0.08356157	-0.1001165	2.846309	0.1711275	0.3981327	2.644604	-0.02962234	0.3701665	2.837042	0.1355169	-0.09141354	2.754354	0.02931265	-0.1058832	2.862134	0.2014886	0.1036446	2.605812	0.007237993	0.5987975	2.641822	0.2316968	-0.5719202	2.874898	-0.006797942	-0.5824185	3.093951	0.2970954	-0.9439998	2.986869	-0.05935559	-0.9506789	3.215579	

0.1435437	-0.1465423	2.608143	-0.01211705	0.5145797	2.909854	0.1065852	-0.3097149	2.654349	-0.02239797	0.4043463	2.81385	0.09943668	-0.1817158	2.601059	-0.02423668	0.4067577	2.799739	0.02497897	0.6612752	2.739159	0.08430517	0.5446368	2.743509	0.0829767	0.466843	2.761292	0.08180467	0.227925	2.803355	0.08205441	-0.09973399	2.847987	0.1712074	0.3981384	2.644752	-0.02971299	0.3702464	2.83704	0.1340869	-0.0914446	2.755319	0.02779152	-0.1050204	2.86466	0.2017206	0.1036907	2.606533	0.007268778	0.6008313	2.644479	0.2320236	-0.5718212	2.8749	-0.006609537	-0.5820718	3.093948	0.2971135	-0.9441073	2.986864	-0.059423	-0.9507832	3.21569	

0.1441818	-0.1473599	2.611284	0.03120989	0.4542436	2.940341	0.1118935	-0.3102243	2.656338	0.02698274	0.3529045	2.955828	0.09948966	-0.2072636	2.607133	0.02567079	0.3578802	2.940936	0.02499485	0.6618901	2.738994	0.08442833	0.5447022	2.743467	0.08320773	0.4668968	2.761277	0.08213479	0.2279117	2.803659	0.08236443	-0.09965491	2.849722	0.1712565	0.3981186	2.644879	-0.02979421	0.3704265	2.836894	0.1340767	-0.09151755	2.757799	0.02831208	-0.1048927	2.865711	0.2018087	0.1036138	2.607514	0.05596491	0.5811193	2.69077	0.2320366	-0.5718579	2.874986	-0.007819688	-0.5723342	3.09036	0.2976714	-0.9441866	2.986626	-0.05943679	-0.9510822	3.215837	

0.1448678	-0.1469121	2.611725	0.07584735	0.4839215	2.892942	0.1200454	-0.3090678	2.647748	0.07145429	0.3824457	2.908458	0.1023199	-0.2238545	2.609062	0.0699283	0.387256	2.893587	0.02489223	0.6613899	2.739281	0.08446218	0.5447751	2.743293	0.08328588	0.4669348	2.761181	0.08219784	0.227899	2.803767	0.08224618	-0.09965561	2.850898	0.1711809	0.3980282	2.644903	-0.03008158	0.37068	2.836475	0.1336989	-0.09175372	2.759145	0.02843748	-0.1047323	2.866632	0.2019834	0.1035875	2.607913	0.06594159	0.5681224	2.626648	0.232159	-0.5718217	2.875098	-0.007590713	-0.5733477	3.091261	0.2977344	-0.9441341	2.986634	-0.05975157	-0.9513918	3.216555	

0.1461077	-0.1473605	2.612191	0.07580239	0.4816242	2.891488	0.1171963	-0.3143973	2.653892	0.07140925	0.3801568	2.906999	0.09754318	-0.2150775	2.645	0.06991608	0.3866385	2.893191	0.024703	0.6608764	2.739334	0.08431866	0.5447236	2.743263	0.08320814	0.4668776	2.761152	0.08210313	0.2277972	2.803789	0.08193672	-0.09976697	2.851	0.170426	0.3975521	2.644682	-0.03069157	0.3706937	2.836302	0.1334105	-0.09194307	2.759167	0.02812849	-0.1047771	2.866759	0.2019196	0.1031986	2.608462	0.0659266	0.5668579	2.625558	0.2322022	-0.5717977	2.875177	-0.007523349	-0.5751835	3.092651	0.2976772	-0.9438839	2.986791	-0.05923861	-0.9515181	3.216225	

0.1467002	-0.1473912	2.612021	0.07534596	0.4817472	2.891277	0.1170668	-0.3166777	2.651048	0.07095442	0.3802792	2.906785	0.1029531	-0.1835339	2.608727	0.06979029	0.3866517	2.893118	0.02411203	0.6610176	2.738908	0.08398719	0.5449698	2.742734	0.0831172	0.4669758	2.760987	0.08215716	0.2277729	2.804235	0.08237477	-0.1000623	2.854938	0.1695458	0.3970844	2.644484	-0.03154118	0.3711933	2.835448	0.1329073	-0.09232478	2.766549	0.02899614	-0.1050088	2.868341	0.2016052	0.1028413	2.608396	0.06594671	0.5677531	2.625611	0.2322402	-0.5717956	2.875249	-0.007031114	-0.5760281	3.093119	0.2973137	-0.9437512	2.986785	-0.05714432	-0.949631	3.215595	

0.1468533	-0.1476032	2.611921	0.07533427	0.4818967	2.891296	0.1154281	-0.3178705	2.651666	0.07094269	0.3804277	2.906801	0.1011645	-0.1902884	2.613962	0.06979211	0.3867119	2.893137	0.02372479	0.6612515	2.73845	0.08374402	0.5450788	2.742577	0.08310302	0.4670243	2.7609	0.0828899	0.2277469	2.804232	0.08564446	-0.1001227	2.854795	0.168928	0.3970463	2.64457	-0.03212832	0.3714412	2.83516	0.1359394	-0.09187238	2.766227	0.03291879	-0.1056845	2.867944	0.2013953	0.1028966	2.608551	0.06590556	0.5680649	2.625734	0.2323298	-0.5718257	2.875519	-0.006731124	-0.5768276	3.093811	0.2972873	-0.9438788	2.987098	-0.05730942	-0.9498609	3.21575	

0.1450466	-0.1490372	2.610743	0.07545224	0.4815609	2.890916	0.1117283	-0.3185753	2.643592	0.0710601	0.3800918	2.906419	0.08678234	-0.1954587	2.61225	0.06980324	0.3865089	2.892935	0.02138691	0.659785	2.738526	0.08311981	0.5451092	2.742364	0.0825907	0.4670258	2.76083	0.08200206	0.227616	2.80494	0.08278144	-0.1002602	2.857294	0.1670979	0.3965409	2.643926	-0.03315062	0.3715668	2.834844	0.1316519	-0.09269822	2.769803	0.03138987	-0.1053912	2.869228	0.1992933	0.1024033	2.607969	0.06561899	0.567779	2.625437	0.2323599	-0.5722358	2.876167	-0.007556551	-0.5761135	3.094124	0.2973761	-0.9439562	2.987185	-0.05726014	-0.9500481	3.215606	

0.1407858	-0.1508888	2.609504	-0.0171182	0.5103065	2.901597	0.09885552	-0.3219422	2.649821	-0.03780979	0.3963727	2.811877	0.1708394	-0.2325859	2.694334	-0.02530739	0.3998182	2.793	0.01959332	0.6587592	2.738583	0.08174828	0.5450645	2.742085	0.08069534	0.4670239	2.761117	0.07574324	0.2279058	2.80997	0.06495292	-0.09802645	2.873961	0.1659586	0.3964578	2.643528	-0.03492754	0.3716115	2.834492	0.1168332	-0.09348357	2.783034	0.01130279	-0.09948976	2.888723	0.1972861	0.1022985	2.607154	0.002215983	0.5978997	2.636981	0.2321439	-0.571934	2.876234	-0.007538906	-0.5769361	3.094996	0.2973543	-0.9441217	2.987161	-0.05719237	-0.9501107	3.2149	

0.1381271	-0.1506194	2.60886	-0.01720957	0.5102953	2.901561	0.09487791	-0.3197501	2.654553	-0.03401602	0.3893786	2.816886	0.06930196	-0.1999565	2.6852	-0.02109595	0.4018353	2.792452	0.01834429	0.6586356	2.738316	0.08073796	0.5449622	2.741888	0.07967027	0.4669073	2.761178	0.07481401	0.227702	2.810653	0.0649045	-0.09813455	2.874038	0.164627	0.3965448	2.643493	-0.03615458	0.3715641	2.834259	0.1161371	-0.09365367	2.783459	0.01167537	-0.09983934	2.888568	0.1951552	0.1023548	2.606964	0.001836898	0.5978246	2.636961	0.231945	-0.5717521	2.876455	-0.007438191	-0.5780118	3.096204	0.2973495	-0.9440432	2.987235	-0.05733258	-0.9489355	3.215318	

0.136066	-0.1497779	2.608413	0.016594	0.4470282	2.940056	0.08978101	-0.3216278	2.654836	0.007729909	0.3341769	2.95898	0.1633616	-0.2336924	2.692909	0.02237637	0.3479041	2.934246	0.01110782	0.6554937	2.741716	0.07879133	0.5448397	2.741256	0.07827335	0.4667845	2.760625	0.074607	0.2275743	2.81018	0.06805966	-0.09890319	2.869332	0.1632543	0.3962476	2.643466	-0.03830637	0.3715111	2.833581	0.1189714	-0.09372716	2.778061	0.01537514	-0.1013747	2.884041	0.1934375	0.1020301	2.606771	0.04124035	0.5737141	2.690863	0.2319033	-0.5722038	2.876959	-0.007595051	-0.5780928	3.096507	0.2973855	-0.9441172	2.987219	-0.05739646	-0.9489605	3.215334	

0.133854	-0.1508384	2.608914	0.01661008	0.4470524	2.940061	0.08993554	-0.3219417	2.654749	0.007745908	0.3342006	2.958983	0.1635893	-0.2321861	2.691944	0.02237642	0.3479042	2.934246	0.01144477	0.6562529	2.740038	0.07774748	0.5449162	2.74089	0.0774244	0.46683	2.760309	0.07441769	0.227544	2.809947	0.06878138	-0.09909141	2.868131	0.1622656	0.3960378	2.64345	-0.0394447	0.3716348	2.833194	0.1195291	-0.09372409	2.776918	0.01628069	-0.1017879	2.882719	0.1911231	0.1016845	2.606685	0.0412566	0.5737393	2.690871	0.2319083	-0.5724268	2.87731	-0.007700084	-0.5781885	3.097077	0.2974413	-0.9440872	2.987285	-0.05716074	-0.9485363	3.215364	

0.1310938	-0.1498861	2.609339	0.01129204	0.4485014	2.953928	0.09251424	-0.3179261	2.641502	0.004949958	0.3356999	2.972881	0.1271422	-0.2534434	2.607291	0.01711897	0.3493811	2.948107	0.01065592	0.6560261	2.739902	0.07628126	0.5445572	2.740521	0.07585016	0.4664725	2.759989	0.07305256	0.2272102	2.809657	0.06790396	-0.09933265	2.867597	0.16013	0.3957207	2.643022	-0.04097516	0.3713126	2.832817	0.1184291	-0.09403989	2.776325	0.01561161	-0.1019617	2.882222	0.1886345	0.1013101	2.60654	0.03590826	0.575175	2.704745	0.2312342	-0.5717831	2.877528	-0.007612421	-0.5784113	3.097302	0.297035	-0.9441572	2.987417	-0.05727989	-0.9487744	3.215541	

0.1257874	-0.1509683	2.609776	0.009795756	0.4522058	2.953876	0.08658294	-0.3178346	2.641846	0.002219119	0.3386817	2.973654	0.1247176	-0.2480189	2.610021	0.0156351	0.3530544	2.948054	0.009798813	0.6569036	2.739432	0.07525802	0.5446013	2.740274	0.07461635	0.4664906	2.759793	0.07145666	0.2270896	2.809541	0.06610122	-0.09961417	2.867288	0.1577824	0.3956756	2.642672	-0.04204326	0.371387	2.832564	0.1159583	-0.09455391	2.776602	0.01424128	-0.1020736	2.881399	0.1854221	0.1011614	2.606391	0.03440402	0.5788986	2.70469	0.2307752	-0.5715528	2.877902	-0.007643095	-0.5783339	3.097334	0.2969685	-0.9438789	2.987195	-0.05712451	-0.9497156	3.215275	

0.1232213	-0.1512224	2.610433	0.009067398	0.4538093	2.953484	0.08232627	-0.3177433	2.643677	0.0003578071	0.3408565	2.972564	0.1157277	-0.2600758	2.6075	0.01498105	0.3545675	2.947557	0.008178166	0.6582779	2.737723	0.07309349	0.5446551	2.739967	0.07252072	0.4665395	2.759525	0.06988373	0.2270931	2.809268	0.06522913	-0.09962077	2.866826	0.1558482	0.3957943	2.642028	-0.04425106	0.3714768	2.832254	0.1148489	-0.09459685	2.776168	0.01363748	-0.1020411	2.880897	0.1828875	0.1012106	2.605834	0.03367189	0.5805114	2.704297	0.2307022	-0.5715322	2.878092	-0.007771366	-0.5785418	3.097536	0.296661	-0.9437131	2.987161	-0.05734566	-0.9498193	3.215455	

0.1199407	-0.1540509	2.61108	0.008763165	0.4530059	2.953264	0.07701758	-0.3241926	2.648327	-7.218138E-05	0.3401401	2.97218	0.1310607	-0.2286582	2.61515	0.01559962	0.3530227	2.94612	0.006537291	0.6586609	2.737032	0.07162911	0.544691	2.739771	0.07134604	0.4665411	2.759486	0.0694541	0.2270241	2.809442	0.06527161	-0.09972503	2.867053	0.153313	0.3956198	2.641449	-0.04573536	0.3715356	2.832058	0.114582	-0.09470877	2.777115	0.0139134	-0.1022159	2.880849	0.1810318	0.1010866	2.605435	0.03336617	0.5797053	2.704082	0.2306469	-0.5715399	2.878129	-0.00852095	-0.5777184	3.097302	0.2967288	-0.9437202	2.987151	-0.05750984	-0.9498687	3.215344	

0.1180757	-0.1543366	2.611006	0.008913357	0.4501483	2.951925	0.07875643	-0.325108	2.645929	7.740059E-05	0.3372903	2.970836	0.1183897	-0.2576727	2.607222	0.01651862	0.350882	2.944315	0.00281973	0.6588159	2.738082	0.07004947	0.5451865	2.739232	0.06998792	0.4669923	2.758904	0.06877009	0.2273319	2.808723	0.0653981	-0.09944555	2.865613	0.1515214	0.3958388	2.641077	-0.04733138	0.372053	2.831517	0.1146831	-0.09435607	2.775779	0.01414221	-0.101979	2.879063	0.1798982	0.1013584	2.605176	0.03351752	0.5768365	2.702749	0.2303254	-0.5712281	2.878208	-0.009679482	-0.583667	3.099592	0.2967918	-0.943727	2.987143	-0.05763507	-0.9500616	3.215228	

0.1170573	-0.1546161	2.610963	0.006200602	0.4514194	2.945096	0.0774473	-0.3243481	2.645361	-0.002625666	0.3385513	2.964007	0.1246944	-0.2449978	2.609384	0.01381694	0.3518338	2.940199	-0.00221548	0.655064	2.740919	0.06770334	0.5452235	2.739564	0.06784216	0.4670726	2.759384	0.06737638	0.2274878	2.809475	0.06494554	-0.09922589	2.866522	0.1498383	0.3956902	2.641147	-0.04968298	0.3721091	2.83185	0.1137967	-0.09365727	2.777348	0.01401263	-0.1020165	2.879449	0.178126	0.1012396	2.604614	0.0307913	0.5781255	2.695918	0.2297732	-0.5708864	2.87807	-0.0114657	-0.5791694	3.097811	0.296727	-0.943892	2.987245	-0.05787689	-0.9504378	3.214851	

0.1162151	-0.1546394	2.61067	0.005540551	0.4518242	2.942627	0.08171152	-0.3278294	2.6576	-0.003283404	0.3389507	2.961537	0.1044829	-0.269442	2.59475	0.01228253	0.3524112	2.937541	-0.006272968	0.6537732	2.742713	0.06650778	0.5452455	2.739757	0.06611481	0.4670395	2.759676	0.06378958	0.227154	2.810105	0.05888162	-0.1001566	2.867594	0.1488085	0.3959214	2.640911	-0.05088031	0.3721412	2.832043	0.1055921	-0.09504132	2.779331	0.0101009	-0.1025826	2.879675	0.1774949	0.1014829	2.604744	0.03012811	0.578537	2.69345	0.2296178	-0.5707856	2.87813	-0.01184577	-0.5780813	3.097535	0.2965584	-0.9437549	2.987352	-0.05789605	-0.9504483	3.214657	

0.1151396	-0.1551267	2.610041	0.00507303	0.4530618	2.941412	0.07561454	-0.3275088	2.648091	-0.003749277	0.3401807	2.960321	0.07579946	-0.2469326	2.592777	0.01156735	0.3535929	2.936186	-0.008332278	0.653999	2.743256	0.06446385	0.5452695	2.739968	0.06453823	0.4670577	2.759951	0.06338391	0.2271623	2.81039	0.05929379	-0.1001297	2.868062	0.1477254	0.3962335	2.640997	-0.05292299	0.3721764	2.832253	0.1061448	-0.09470558	2.779871	0.01049942	-0.1028134	2.880066	0.1761272	0.1018128	2.604052	0.0296583	0.5797834	2.692235	0.2289598	-0.5702659	2.87824	-0.01236127	-0.5753812	3.096196	0.2965384	-0.9435292	2.987318	-0.05724364	-0.9492465	3.214501	

0.1142091	-0.1557085	2.609176	0.005108885	0.4531803	2.941177	0.07749738	-0.3295089	2.654029	-0.003713586	0.3402968	2.960085	0.1175305	-0.2206185	2.691714	0.01208271	0.353458	2.93649	-0.00990012	0.6544398	2.743422	0.06274982	0.5455643	2.740125	0.06279708	0.4673917	2.760303	0.06184312	0.2276104	2.811316	0.05845612	-0.09947448	2.869712	0.1466517	0.3962772	2.640785	-0.05463616	0.372479	2.83241	0.1052584	-0.09416663	2.781585	0.009855426	-0.1021221	2.881435	0.1752151	0.1018883	2.603562	0.02969444	0.5799037	2.692002	0.2283897	-0.570156	2.878322	-0.0130065	-0.5747159	3.095903	0.2967218	-0.9437943	2.987638	-0.05770743	-0.9493897	3.214839	

0.114051	-0.1557614	2.608774	0.005418545	0.4536459	2.939516	0.07746992	-0.3292854	2.652214	-0.003405117	0.3407574	2.958422	0.05251315	-0.1981186	2.693667	0.01202491	0.3539902	2.934775	-0.01150864	0.6549442	2.743403	0.06009856	0.5458694	2.741219	0.06077684	0.4676384	2.761213	0.06136674	0.22771	2.811718	0.05893781	-0.09941241	2.869932	0.1453563	0.396317	2.640902	-0.05728193	0.3727935	2.833503	0.1058906	-0.09379514	2.782122	0.01036413	-0.1022817	2.88141	0.1745348	0.1020188	2.603233	0.03000602	0.5803748	2.690341	0.2282593	-0.5701345	2.878256	-0.01338668	-0.574083	3.09568	0.2966479	-0.9433386	2.987348	-0.05789142	-0.9488154	3.214933	

0.1137259	-0.1557525	2.60861	0.005108697	0.4538904	2.939572	0.07719955	-0.3292077	2.654694	-0.003713855	0.3409998	2.958477	0.0524845	-0.1958281	2.692167	0.01199337	0.354046	2.935121	-0.01296313	0.6552536	2.744328	0.05805425	0.545864	2.742398	0.05875083	0.4677133	2.762469	0.05980512	0.2280091	2.813077	0.05854749	-0.09894428	2.871037	0.1443474	0.396383	2.641276	-0.05932039	0.3727954	2.83468	0.1054775	-0.09326591	2.782897	0.01004639	-0.1019346	2.882771	0.1737679	0.1021374	2.603189	0.02969457	0.5806212	2.6904	0.2280315	-0.5699975	2.878315	-0.01370233	-0.5742122	3.095888	0.2968013	-0.9432122	2.987444	-0.05771939	-0.947559	3.214412	

0.1080453	-0.1815129	2.612969	0.004894383	0.4542694	2.939441	0.07933627	-0.3472074	2.674079	-0.003927412	0.3413759	2.958345	0.1487905	-0.2317943	2.689333	0.01186412	0.3543015	2.935058	-0.01369697	0.6555387	2.744551	0.05715003	0.5460711	2.742728	0.05799164	0.4679056	2.762886	0.05947775	0.2281797	2.813762	0.0592717	-0.0986943	2.8725	0.1433513	0.3967264	2.641313	-0.06022289	0.373005	2.835009	0.1058927	-0.09268096	2.785062	0.01102079	-0.1019425	2.883673	0.1728888	0.102497	2.603108	0.02947918	0.5810031	2.690271	0.227882	-0.5698071	2.878367	-0.01411564	-0.579986	3.098704	0.2967809	-0.9431922	2.987433	-0.05809661	-0.947892	3.214768	

0.1080303	-0.1821391	2.613628	-0.004334006	0.4483867	2.948023	0.08004074	-0.3408951	2.679283	-0.01312209	0.3355189	2.96692	0.1493208	-0.2332488	2.690474	0.001622564	0.3492396	2.942147	-0.01485499	0.6555016	2.744744	0.05623156	0.5462492	2.743013	0.05700326	0.4681146	2.763352	0.05840892	0.2285005	2.81491	0.05861009	-0.09819434	2.874603	0.1427176	0.3969702	2.641575	-0.06113928	0.3731849	2.835293	0.1048013	-0.09215083	2.787954	0.01074243	-0.1015484	2.884929	0.1725476	0.1027879	2.603101	0.0202007	0.5750791	2.698869	0.227844	-0.5697487	2.878398	-0.01376447	-0.5810758	3.099201	0.2968207	-0.9431404	2.987492	-0.0583066	-0.9476979	3.21502	

0.1099865	-0.182248	2.61838	-0.004513269	0.4495413	2.946975	0.07933059	-0.3416574	2.681322	-0.01330073	0.3366675	2.965871	0.1323707	-0.2256904	2.693524	0.001740034	0.35042	2.941048	-0.01493237	0.6555709	2.744614	0.05551247	0.546198	2.743502	0.05648544	0.4680715	2.763754	0.05835039	0.2284796	2.81508	0.05914892	-0.0982376	2.874686	0.142106	0.3969767	2.641795	-0.06185614	0.373136	2.835781	0.1051602	-0.09210423	2.787961	0.01153822	-0.1017317	2.885044	0.172009	0.1028049	2.603263	0.02002063	0.5762417	2.69782	0.2277899	-0.5697668	2.878425	-0.01419506	-0.5858075	3.101295	0.2969905	-0.9432518	2.987452	-0.05810601	-0.9478797	3.214926	

0.1101955	-0.1820689	2.619786	-0.003280016	0.4508331	2.94716	0.07418399	-0.3402961	2.677235	-0.01207197	0.3379533	2.966055	0.05118713	-0.2137949	2.702	0.004823512	0.3515686	2.9408	-0.01507499	0.6556215	2.744653	0.05524258	0.5463025	2.743798	0.05599118	0.4681791	2.764159	0.05701458	0.228534	2.815836	0.05676249	-0.09835506	2.875618	0.1416636	0.3970765	2.641776	-0.06212561	0.3732412	2.836076	0.1015085	-0.09252615	2.789565	0.01022557	-0.1016581	2.885389	0.1717956	0.1029277	2.603229	0.02126048	0.5775402	2.698005	0.2275824	-0.5694029	2.878484	-0.01372533	-0.584716	3.100767	0.2970451	-0.9430124	2.987551	-0.05781784	-0.9470648	3.214773	

0.1100343	-0.182146	2.619775	-0.005741935	0.4484214	2.947372	0.07358044	-0.3340675	2.679956	-0.01452494	0.3355488	2.966264	0.1523844	-0.2339241	2.695	0.001099399	0.3494846	2.941325	-0.01867867	0.6543826	2.746995	0.05481454	0.5461676	2.743899	0.05561467	0.4680653	2.76435	0.05683757	0.2284704	2.816336	0.05722311	-0.09829873	2.876853	0.1413607	0.3970732	2.641922	-0.06255229	0.3731073	2.836176	0.1020698	-0.09255026	2.791149	0.01060861	-0.101536	2.886184	0.1714886	0.1029124	2.603516	0.01878553	0.5751171	2.698223	0.2274804	-0.5692834	2.87852	-0.01412034	-0.5827577	3.100209	0.2970846	-0.9430425	2.987532	-0.05707535	-0.9467118	3.214044	

0.1137497	-0.1457919	2.614642	-0.005547168	0.448293	2.947416	0.08189554	-0.3232407	2.66769	-0.0143309	0.3354193	2.966306	0.1011906	-0.2118618	2.674034	0.002180595	0.3496192	2.941184	-0.01897166	0.6543629	2.747616	0.05491142	0.5462135	2.744092	0.05573545	0.4681025	2.76454	0.05717313	0.2284856	2.816541	0.05835147	-0.09834149	2.876902	0.1410666	0.3971563	2.642585	-0.06245577	0.3731534	2.836367	0.103938	-0.09260748	2.790699	0.01130712	-0.1015549	2.886473	0.1710499	0.1030008	2.603887	0.01898139	0.5749887	2.69827	0.227549	-0.5692822	2.878659	-0.01393939	-0.5825026	3.100195	0.2971147	-0.9431261	2.987593	-0.05789916	-0.9476645	3.215035	

0.1137161	-0.1457974	2.614563	-0.006387058	0.4477116	2.950577	0.08487553	-0.3222799	2.667549	-0.01516773	0.3348405	2.969465	0.05402401	-0.1940992	2.6956	0.000390115	0.3488213	2.944198	-0.01734085	0.6555496	2.74738	0.05498658	0.5463709	2.744141	0.05580268	0.4682603	2.764684	0.057315	0.2286973	2.817287	0.05872165	-0.09816499	2.878925	0.1410229	0.397264	2.642782	-0.06238087	0.373311	2.836416	0.1045524	-0.092354	2.79328	0.01145977	-0.1014317	2.887913	0.1709892	0.1031158	2.603938	0.01813675	0.5744004	2.701435	0.2275603	-0.5691997	2.878792	-0.01388236	-0.579881	3.099699	0.2968903	-0.9427248	2.987523	-0.05817001	-0.9485127	3.215123	

0.1136969	-0.14579	2.614569	-0.005143367	0.4467268	2.949259	0.08321724	-0.3215334	2.664968	-0.0139286	0.3338564	2.968145	0.05338446	-0.1947442	2.697508	0.002648966	0.3486627	2.94247	-0.01651916	0.6558451	2.747305	0.05541958	0.5465783	2.74442	0.05623283	0.4684433	2.764954	0.05785693	0.2288201	2.817491	0.05958254	-0.09810345	2.878841	0.1410648	0.3972654	2.642938	-0.06194879	0.3735188	2.836695	0.105866	-0.0923228	2.792309	0.01223381	-0.1013171	2.888412	0.1709021	0.1030975	2.604163	0.01938729	0.5734134	2.70012	0.2274122	-0.5690144	2.879194	-0.01367597	-0.5760136	3.098686	0.2971601	-0.9428135	2.987474	-0.05799841	-0.9482465	3.215175	

0.1135417	-0.1455628	2.614579	-0.0108097	0.5003067	2.959621	0.07772242	-0.3216241	2.664048	-0.01957436	0.3872551	2.978544	0.05258295	-0.2045552	2.697333	-0.004799749	0.4007408	2.953783	-0.01325487	0.6567765	2.746079	0.05606224	0.5468485	2.745382	0.05690922	0.4686907	2.765884	0.05874369	0.2290002	2.818266	0.0608407	-0.09798332	2.879212	0.1411695	0.3972364	2.643101	-0.06130722	0.3737909	2.837658	0.106641	-0.0922388	2.79257	0.01388502	-0.1011552	2.888887	0.1707356	0.1030383	2.60434	0.01368875	0.6272388	2.710404	0.2274189	-0.5690699	2.879483	-0.01376508	-0.5758128	3.098782	0.2971814	-0.9430034	2.987438	-0.05899625	-0.9493462	3.215609	

0.1130945	-0.1451907	2.614592	-0.006624867	0.4464091	2.955788	0.07853188	-0.3149998	2.660577	-0.0154047	0.3335403	2.97467	0.1522402	-0.2214784	2.69215	-0.0006493796	0.3472721	2.949877	-0.01280831	0.6567885	2.746742	0.05626993	0.5466771	2.746	0.0570954	0.4684938	2.766752	0.05886692	0.2287347	2.820026	0.06079484	-0.09825384	2.882099	0.1412453	0.3972841	2.643491	-0.06110009	0.373621	2.838274	0.1066298	-0.09292963	2.796261	0.01372741	-0.1010839	2.891105	0.1704985	0.1030521	2.604739	0.01789732	0.5730854	2.706656	0.2274178	-0.5690196	2.87955	-0.01374195	-0.5755318	3.098733	0.2973984	-0.9429979	2.987403	-0.05883944	-0.9496173	3.215236	

0.1129775	-0.145104	2.6146	-0.01723294	0.497946	2.891808	0.0751693	-0.3142866	2.654211	-0.05082589	0.3769908	2.820291	0.0525837	-0.1953205	2.69725	-0.02801263	0.3940767	2.795625	-0.01357314	0.6566303	2.747492	0.05636631	0.5467355	2.746046	0.05719774	0.4685461	2.766808	0.05903379	0.2287675	2.820087	0.06112663	-0.0982583	2.882075	0.1412012	0.3973192	2.643591	-0.06100423	0.3736789	2.838319	0.107209	-0.09280284	2.795858	0.01395421	-0.1011625	2.891291	0.1703718	0.1031028	2.605025	-0.006053875	0.5838091	2.626419	0.2272813	-0.568875	2.879837	-0.01325086	-0.5772299	3.099774	0.2973947	-0.9430107	2.987448	-0.05797539	-0.9431916	3.214013	

0.112386	-0.1451657	2.614611	-0.01920976	0.4931839	2.887072	0.06189137	-0.3148151	2.654784	-0.06126872	0.3674368	2.825965	0.1463156	-0.2237701	2.692652	-0.03196897	0.3884317	2.796852	-0.0135162	0.6566948	2.747491	0.05631205	0.5467415	2.74608	0.05695517	0.4685711	2.766912	0.05759518	0.228925	2.820522	0.05666746	-0.09772243	2.882977	0.1410019	0.3973343	2.643729	-0.06105873	0.3736845	2.838353	0.1037088	-0.09298241	2.795739	0.007910176	-0.09960188	2.893647	0.1699355	0.1031313	2.60519	-0.007679561	0.5799358	2.62201	0.2272864	-0.5687762	2.879899	-0.01330672	-0.5771248	3.099792	0.2973669	-0.9432513	2.987548	-0.05807266	-0.9434954	3.214711	

0.1096123	-0.1456047	2.614629	0.03147099	0.4923084	2.898679	0.04650676	-0.3144678	2.651888	-0.03791831	0.3975105	2.819949	0.1410123	-0.226197	2.690648	-0.02976668	0.3979471	2.801026	-0.01379444	0.6565371	2.747532	0.05623266	0.5467278	2.746119	0.05693256	0.4685569	2.766947	0.05785925	0.2288217	2.820587	0.05907383	-0.09828619	2.882843	0.1407469	0.3972962	2.643724	-0.06113826	0.3736703	2.83839	0.1052608	-0.09294755	2.795902	0.01161571	-0.1011682	2.89291	0.169562	0.1031046	2.605346	0.02810894	0.5781443	2.633187	0.2273578	-0.5689711	2.879978	-0.01313299	-0.5802746	3.100842	0.2973878	-0.9433941	2.987515	-0.05828216	-0.9448882	3.215224	

0.1065818	-0.1465545	2.615138	-0.005292115	0.4416676	2.949847	0.03560191	-0.3131834	2.655778	-0.006248809	0.3339173	2.961306	0.1399753	-0.2293319	2.692841	0.001521382	0.3356091	2.943305	-0.01398347	0.6565676	2.747397	0.0559339	0.5467017	2.746028	0.05683308	0.4685276	2.766899	0.05826582	0.2286773	2.820423	0.06231165	-0.09893081	2.881944	0.1399905	0.3972327	2.643955	-0.06143671	0.3736436	2.838299	0.1087619	-0.0931313	2.794299	0.01454026	-0.1021793	2.892588	0.1695108	0.1031113	2.6056	0.01922844	0.5682833	2.70083	0.2275452	-0.5691334	2.880058	-0.0135198	-0.5749134	3.099281	0.2971076	-0.9435115	2.987468	-0.05842707	-0.9459234	3.215299	

0.06791142	-0.102545	2.595178	-0.01302911	0.4898998	2.945276	-0.07530477	-0.1860383	2.594382	-0.01395765	0.3819882	2.956769	0.04145032	-0.1507801	2.577313	-0.006151037	0.3834535	2.938794	-0.04927668	0.6371072	2.744824	0.03192797	0.5364721	2.743835	0.04105837	0.4612415	2.764455	0.05689607	0.2270826	2.818524	0.07219248	-0.09819108	2.875519	0.1299357	0.3945097	2.641088	-0.08538036	0.3634332	2.836068	0.1242708	-0.08785901	2.780732	0.02036301	-0.1039449	2.89052	0.1662986	0.1031673	2.583925	0.007969663	0.6095582	2.692686	0.2123469	-0.5697879	2.873944	-0.05894702	-0.5532916	3.094211	0.2969843	-0.9445733	2.987374	-0.07112426	-0.9460368	3.215512	

-0.003959271	-0.09437547	2.607881	-0.07109892	0.3983492	2.955984	-0.1024575	-0.1518997	2.683056	-0.07181595	0.290793	2.967408	-0.05183494	-0.1467715	2.62375	-0.06373607	0.2926901	2.949391	-0.1165309	0.5981067	2.755355	-0.02366105	0.5054349	2.748927	-0.01111361	0.4300172	2.771088	0.03270228	0.2041041	2.82615	0.07570704	-0.1075621	2.884838	0.08428494	0.3772467	2.641685	-0.08509314	0.3523841	2.846242	0.1238299	-0.09659555	2.792362	0.02749288	-0.1165522	2.900644	0.1364393	0.09109235	2.568782	-0.04660548	0.5261441	2.70772	0.1504053	-0.5931758	2.85559	-0.07745562	-0.5968238	3.113604	0.2872715	-0.9489447	2.983401	-0.1327031	-0.9559562	3.233265	

-0.01694018	-0.1155633	2.613628	-0.1319795	0.2944306	2.827776	-0.1373307	-0.1468582	2.64545	-0.118553	0.1944377	2.801169	-0.03328462	-0.1563712	2.603667	-0.09381463	0.237523	2.729385	-0.1924799	0.5427029	2.771121	-0.08571436	0.463719	2.758841	-0.06584373	0.3883605	2.784989	-0.0051193	0.1575249	2.853693	0.07739457	-0.1567197	2.935053	0.03659894	0.3471599	2.651584	-0.1467272	0.3015472	2.864574	0.1129019	-0.1432694	2.863353	0.03988726	-0.1660561	2.929843	0.09298302	0.0631725	2.573978	-0.1539137	0.5224207	2.657182	0.1378951	-0.6009384	2.854529	-0.07896002	-0.5919232	3.113002	0.2853486	-0.9507516	2.981837	-0.1800033	-0.9457037	3.221637	

-0.0455671	-0.129646	2.624468	-0.1423732	0.1846309	3.028405	-0.1800918	-0.1615924	2.660908	-0.1940177	0.08320731	3.029173	-0.06580459	-0.1841481	2.623333	-0.1689735	0.1268813	2.957377	-0.2440425	0.4976826	2.784487	-0.137703	0.4204748	2.776532	-0.1099307	0.3477377	2.800353	-0.02006961	0.1330937	2.859967	0.08366707	-0.1669056	2.934535	-0.006074532	0.307475	2.669272	-0.1985604	0.2584397	2.882176	0.1219068	-0.1493213	2.860173	0.04379023	-0.1831108	2.932579	0.07490077	0.04277154	2.58101	-0.1582437	0.457319	2.933856	0.1267914	-0.6048544	2.854088	-0.08188756	-0.5905297	3.113161	0.2812096	-0.9523189	2.979736	-0.1790938	-0.946955	3.222334	

-0.1289418	-0.212145	2.664019	-0.1834511	0.1852835	2.888747	-0.2465008	-0.1935907	2.694712	-0.1754933	0.04614512	2.851563	-0.168336	-0.2397108	2.666048	-0.1693877	0.1121323	2.798666	-0.3326427	0.3948229	2.814057	-0.2123351	0.3362909	2.79818	-0.1776373	0.2672043	2.826612	-0.07139333	0.05600109	2.902045	0.07314132	-0.2309601	2.992279	-0.06445257	0.245219	2.694791	-0.2729664	0.1745093	2.903676	0.115319	-0.2092569	2.924098	0.02911506	-0.2467241	2.983653	-0.01012392	-0.04002293	2.625493	-0.2261015	0.404671	2.712733	0.1125094	-0.6545904	2.854365	-0.09986338	-0.623969	3.135556	0.2790928	-0.9530604	2.979164	-0.1822223	-0.9553211	3.222801	

-0.1549418	-0.267793	2.683823	-0.2581263	0.06989013	2.938077	-0.2809205	-0.2701138	2.722807	-0.197069	-0.02857346	2.881058	-0.211353	-0.2989578	2.69305	-0.197693	0.0004392256	2.852	-0.4134367	0.2890407	2.841472	-0.2823171	0.257605	2.821674	-0.2383259	0.192058	2.85063	-0.1035992	-0.008049641	2.927594	0.07968845	-0.2796063	3.019792	-0.1242157	0.1852328	2.712427	-0.2281489	0.04250564	2.917517	0.1096272	-0.2537096	2.942524	0.04791688	-0.2971044	3.019836	-0.05733613	-0.0870568	2.633252	-0.2650442	0.3066312	2.779783	0.1012539	-0.6974683	2.861006	-0.1342069	-0.6584449	3.158742	0.2775408	-0.9546913	2.978711	-0.1838453	-0.9546111	3.222561	

-0.1756773	-0.3137819	2.700784	-0.369038	-0.0346686	2.982193	-0.2744893	-0.370341	2.750897	-0.3394366	-0.140221	3.031293	-0.1821615	-0.3554528	2.708769	-0.3394557	-0.1107007	3.002305	-0.4746254	0.1814432	2.879315	-0.3374098	0.1843026	2.849016	-0.2864192	0.1273745	2.875273	-0.1291383	-0.04467398	2.943467	0.08003777	-0.2798942	3.020571	-0.1738508	0.1302323	2.741733	-0.2831033	-0.03055027	2.944772	0.1103929	-0.2526841	2.944432	0.04821221	-0.2993068	3.020534	-0.1015931	-0.1204135	2.65665	-0.4573085	0.1706065	2.80694	0.08627898	-0.6966376	2.87262	-0.1440803	-0.671548	3.154391	0.2791042	-0.9690974	2.980922	-0.2204534	-0.9919366	3.228636	

-0.2919115	-0.4247417	2.747289	-0.1028069	-0.4499877	3.029921	-0.3844683	-0.4859115	2.805759	-0.06573849	-0.4127415	3.032559	-0.3496624	-0.4769541	2.782572	-0.08542623	-0.3913045	3.013715	-0.5800305	0.06182031	2.939641	-0.4402707	0.06984464	2.903542	-0.3850604	0.021423	2.925884	-0.2157428	-0.1259145	2.983094	0.01495808	-0.3254531	3.049217	-0.2601133	0.04416195	2.790487	-0.3857213	-0.1445988	2.999197	0.0455192	-0.2859674	2.99884	-0.01596881	-0.3567505	3.022981	-0.2055854	-0.2343005	2.715064	-0.3163672	-0.4182644	3.054394	0.05760342	-0.7278328	2.904885	-0.2457434	-0.6869686	3.164935	0.2778214	-0.9756733	2.983877	-0.220917	-0.9786751	3.211362	

-0.5032926	-0.5692821	2.834591	-0.2053903	-0.6226758	3.104984	-0.6039856	-0.6212114	2.858485	-0.2093281	-0.7308275	3.158033	-0.5210414	-0.59698	2.828231	-0.2155114	-0.6406687	3.1367	-0.6987298	-0.0646954	3.007027	-0.558494	-0.03649534	2.950045	-0.5007878	-0.07934907	2.972421	-0.3235492	-0.2093608	3.029853	-0.08177648	-0.3850422	3.096486	-0.3942259	-0.04043742	2.839024	-0.5036727	-0.2505619	3.045659	-0.05323406	-0.3361392	3.051139	-0.108293	-0.4244289	3.065397	-0.3674871	-0.3277932	2.773357	-0.3869343	-0.510971	3.087777	-0.07993665	-0.7751111	2.945741	-0.351727	-0.7501578	3.194184	0.275818	-0.9751447	2.986001	-0.2331404	-1.064757	3.240575	

-0.5385436	-0.5886645	2.831011	-0.2333013	-0.517791	3.077214	-0.6825892	-0.6233781	2.846402	-0.1966603	-0.534781	3.133863	-0.5816917	-0.6479515	2.8527	-0.1878345	-0.4782027	3.064846	-0.7123642	-0.065846	3.005644	-0.5702296	-0.0469566	2.95329	-0.5086999	-0.08546339	2.974623	-0.3248097	-0.2091183	3.030239	-0.07932133	-0.3754109	3.096087	-0.403629	-0.05289514	2.843407	-0.4627034	-0.1896387	2.825031	-0.04248976	-0.3138414	3.050994	-0.1093466	-0.4216976	3.064988	-0.4036614	-0.3417379	2.781325	-0.3954349	-0.43199	2.952616	-0.03979138	-0.7551644	2.954833	-0.3725859	-0.732957	3.191891	0.2697414	-0.9783838	2.987	-0.2682503	-1.050578	3.247852	

-0.5909393	-0.5766583	2.82272	-0.2241598	-0.2265801	2.996816	-0.7112333	-0.6678327	2.850408	-0.2201224	-0.2257125	2.874007	-0.6531542	-0.6544173	2.850182	-0.2364364	-0.2725353	2.861134	-0.7505096	-0.06894817	3.011876	-0.6068804	-0.06063134	2.964172	-0.5454397	-0.09954143	2.985002	-0.3522942	-0.2168507	3.036829	-0.09115564	-0.3771112	3.097697	-0.434778	-0.06713174	2.861691	-0.490736	-0.1834601	2.826416	-0.05024434	-0.3167926	3.049552	-0.1334231	-0.4256919	3.072017	-0.4691954	-0.3525911	2.795533	-0.3711891	-0.3840446	2.982022	-0.07209732	-0.7582743	2.960467	-0.2769497	-0.7820047	3.159755	0.2655665	-0.9808862	2.988147	-0.2214351	-0.9769889	3.208103	

-0.6804405	-0.5756792	2.8272	-0.6615741	-0.571214	2.825539	-0.8170341	-0.6398997	2.837734	-0.8033217	-0.6463271	2.839911	-0.781738	-0.6555205	2.842334	-0.7630367	-0.6560981	2.8445	-0.7533522	-0.05449408	3.005195	-0.6097091	-0.05647325	2.961308	-0.5481077	-0.09459689	2.982176	-0.356351	-0.2089321	3.034437	-0.09665145	-0.3622636	3.095447	-0.4439727	-0.06624294	2.86638	-0.5422804	-0.1454048	2.844358	-0.0503772	-0.3035261	3.041432	-0.1428927	-0.409702	3.074344	-0.516687	-0.343059	2.794852	-0.5482472	-0.3576275	2.792485	-0.01884686	-0.7579695	2.974298	-0.2802589	-0.7782729	3.155541	0.2631733	-0.9825727	2.988753	-0.2218079	-0.9728835	3.206868	

-0.6849091	-0.5391461	2.813801	-0.729708	-0.5943033	2.838081	-0.8370724	-0.6259511	2.839223	-0.8489064	-0.6316522	2.851877	-0.7790366	-0.6234727	2.832	-0.7562658	-0.6155702	2.832846	-0.7599458	-0.04456258	3.003505	-0.6167132	-0.05330075	2.962142	-0.5542121	-0.09112735	2.982877	-0.3614583	-0.2047338	3.035119	-0.0996015	-0.357892	3.095697	-0.4504368	-0.06463273	2.866661	-0.5426016	-0.1454199	2.844278	-0.05154332	-0.2999558	3.040432	-0.1467721	-0.4057703	3.075596	-0.5239803	-0.3023154	2.792583	-0.5704473	-0.4101481	2.786434	-0.02151456	-0.7567421	2.975268	-0.2824099	-0.7778141	3.155605	0.2625067	-0.9829903	2.988995	-0.2252012	-0.9708707	3.205436	

-0.7296529	-0.5302889	2.810354	-0.7691576	-0.5455997	2.808755	-0.8800445	-0.597523	2.831524	-0.8965258	-0.5883251	2.830844	-0.821136	-0.603324	2.82475	-0.8370589	-0.5878236	2.803111	-0.7696055	-0.03023219	2.998032	-0.626765	-0.04096665	2.960672	-0.5633416	-0.07816205	2.980997	-0.3682607	-0.1904062	3.032224	-0.1026715	-0.3413282	3.090857	-0.4554701	-0.05412498	2.871279	-0.5471091	-0.1391236	2.842366	-0.05310123	-0.2841876	3.031207	-0.1503486	-0.38919	3.074163	-0.5669861	-0.3169126	2.797047	-0.5775577	-0.407941	2.786421	-0.1005834	-0.7261912	2.975271	-0.3656748	-0.7560238	3.15063	0.2558713	-1.022009	2.987917	-0.2537981	-1.062487	3.237489	

-0.834222	-0.3613403	2.791246	-0.9078317	-0.4115146	2.812476	-0.9854174	-0.4256722	2.803283	-1.016625	-0.4177401	2.80812	-0.8988698	-0.4172777	2.788778	-0.9230418	-0.4272652	2.7989	-0.8196717	0.1049327	3.008328	-0.6750264	0.09254193	2.957353	-0.6113148	0.05148017	2.976071	-0.4154553	-0.07357398	3.022777	-0.1479482	-0.2431569	3.075349	-0.4787295	0.04260145	2.877854	-0.6279024	-0.0531551	2.836267	-0.09786371	-0.1962661	3.01637	-0.1943157	-0.2839578	3.057598	-0.6448326	-0.1855338	2.789342	-0.6607869	-0.2653797	2.806265	-0.09672937	-0.6423416	2.970461	-0.3838533	-0.6676457	3.128791	0.2108897	-0.9883548	2.984719	-0.2245436	-0.9657958	3.205266	

-0.916258	-0.3177322	2.800711	-0.9355424	-0.3276709	2.805329	-1.052311	-0.3404115	2.801437	-1.086336	-0.3039477	2.817412	-0.9710348	-0.3580584	2.789072	-1.010746	-0.355872	2.791546	-0.8351402	0.1683364	3.01641	-0.690924	0.1488029	2.963097	-0.6293459	0.1060727	2.98109	-0.4399315	-0.02424133	3.025676	-0.1810878	-0.2011638	3.075522	-0.570216	0.05244618	2.82867	-0.6259038	0.0426979	2.838228	-0.1193342	-0.1738085	3.015082	-0.2321105	-0.2299483	3.059582	-0.6906803	-0.1414386	2.782511	-0.7025779	-0.1656253	2.77073	-0.08299569	-0.6188275	2.962337	-0.3580938	-0.6423416	3.121609	0.2114897	-0.9756672	2.980803	-0.2242563	-0.9577658	3.205507	

-0.9255688	-0.2000107	2.785282	-0.9956332	-0.2297187	2.806673	-1.071119	-0.2476963	2.788359	-1.108908	-0.2089019	2.801292	-0.9821985	-0.2466762	2.780111	-1.040503	-0.2528785	2.777188	-0.819298	0.3060034	2.999929	-0.6958366	0.233524	2.972758	-0.6355553	0.1847276	2.989474	-0.4500826	0.0356991	3.030273	-0.1922164	-0.1764763	3.075214	-0.4948627	0.1697668	2.885537	-0.6168707	0.1606901	2.853836	-0.1402911	-0.1413189	3.017036	-0.2415573	-0.202263	3.056913	-0.69317	-0.0294623	2.792429	-0.7389485	-0.1015434	2.798918	-0.05620396	-0.5802251	2.952518	-0.3524526	-0.616645	3.129124	0.2163445	-0.9534647	2.976756	-0.2275514	-0.9747177	3.207952	

-0.9872987	-0.06290644	2.792997	-1.044469	-0.08388789	2.807408	-1.123126	-0.08737755	2.81088	-1.167281	-0.05289736	2.797336	-1.044148	-0.1026851	2.769	-1.091524	-0.09121927	2.788333	-0.8004282	0.4302041	3.0214	-0.6803079	0.3478791	2.98239	-0.6243032	0.2869082	2.996754	-0.4518925	0.1005077	3.030536	-0.2080698	-0.1609442	3.069038	-0.514767	0.2449375	2.879509	-0.6720877	0.2007551	2.849652	-0.1519356	-0.1194744	3.003881	-0.2592236	-0.1951701	3.056247	-0.7340236	0.06557819	2.795548	-0.7717425	0.001110191	2.788167	-0.04446042	-0.5529957	2.926726	-0.3315246	-0.610993	3.151876	0.205957	-0.9401533	2.96186	-0.2298115	-0.9529956	3.206594	

-0.977407	-0.04822351	2.795296	-1.050993	-0.05574821	2.807843	-1.139133	-0.04878828	2.794046	-1.192881	-0.02300185	2.806368	-1.04623	-0.06796549	2.788722	-1.100663	-0.06412255	2.774375	-0.7929001	0.4413983	3.021706	-0.679396	0.3503855	2.982388	-0.6237823	0.2892043	2.996708	-0.4523506	0.1024634	3.030373	-0.2157953	-0.1532882	3.066861	-0.5151752	0.2462015	2.879186	-0.6713855	0.2030341	2.849864	-0.1559641	-0.1116604	3.000735	-0.2709777	-0.1894975	3.055795	-0.7257786	0.09032035	2.785367	-0.7731011	0.008027666	2.785115	-0.02374726	-0.5393355	2.935405	-0.3255098	-0.6075078	3.153556	0.2172514	-0.9324886	2.969631	-0.228945	-0.9533926	3.207401	

-0.9252889	0.01574259	2.800981	-1.056542	-0.02438577	2.835827	-1.101709	-0.01007985	2.822008	-1.169192	-0.03015659	2.839743	-1.031403	-0.03414676	2.819333	-1.073334	-0.03458862	2.808728	-0.7505016	0.5056401	2.99961	-0.6394311	0.4188946	2.984344	-0.5896134	0.3535339	2.999197	-0.4361395	0.1535656	3.034449	-0.2229895	-0.1291117	3.07033	-0.4946084	0.310157	2.875549	-0.6544115	0.2057912	2.818269	-0.1629958	-0.0806542	3.012866	-0.2775627	-0.1722032	3.053023	-0.6977718	0.1125827	2.788655	-0.7768686	0.01201453	2.804322	-0.01008681	-0.5219072	2.949694	-0.3073	-0.5891434	3.162034	0.2206713	-0.9214439	2.981503	-0.2259881	-0.9507473	3.20865	

-0.7427709	-0.07002147	2.794684	-0.8538494	-0.1624973	2.834347	-0.881093	-0.1737313	2.829431	-0.9511023	-0.2276963	2.884678	-0.74763	-0.09581211	2.7805	-0.8802963	-0.1909481	2.839667	-0.6981612	0.5359671	2.975142	-0.5936274	0.4520739	2.97661	-0.5504853	0.3797054	2.993404	-0.4234259	0.158105	3.03398	-0.2229459	-0.1301121	3.071638	-0.4708973	0.329771	2.86626	-0.561776	0.2338243	2.814857	-0.1636211	-0.08353291	3.016284	-0.277322	-0.1725066	3.053114	-0.5903193	0.07706808	2.780884	-0.6332937	-0.022357	2.798367	-0.009739958	-0.5587401	2.961541	-0.2690983	-0.5859829	3.17443	0.2129867	-0.9456876	3.001544	-0.2246775	-0.9511004	3.212182	

-0.6995179	-0.1740385	2.827073	-0.7335228	-0.2139451	2.837537	-0.8022766	-0.2932471	2.855773	-0.8095508	-0.3042792	2.867991	-0.7461892	-0.2467584	2.83275	-0.7501038	-0.2536834	2.833143	-0.6933311	0.5368026	2.975473	-0.5876656	0.4509331	2.972092	-0.5421494	0.3772679	2.989128	-0.3961051	0.1480366	3.031153	-0.1904265	-0.1666278	3.082233	-0.4619478	0.3299231	2.862682	-0.5558182	0.2326761	2.810338	-0.132306	-0.1189884	3.010404	-0.2436798	-0.2101553	3.077922	-0.5222282	0.04853986	2.785277	-0.6043445	-0.05667144	2.787023	-0.006352996	-0.5680052	2.964036	-0.268012	-0.6250839	3.191684	0.2019345	-0.9431259	3.004886	-0.221821	-0.9498653	3.217509	

-0.1838069	-0.2091009	2.813765	-0.6167386	-0.2124105	3.040047	-0.1506104	-0.3422758	2.873573	-0.7057484	-0.318879	3.074227	-0.1201336	-0.224593	2.890775	-0.6469727	-0.2682973	3.039206	-0.5773247	0.5293693	2.909779	-0.4760064	0.4498248	2.918375	-0.4381953	0.3772072	2.943965	-0.3216435	0.1550285	3.011239	-0.1712574	-0.1534313	3.088195	-0.3476851	0.3364775	2.81336	-0.4957628	0.2284787	2.990994	-0.1300586	-0.1196545	3.011454	-0.1980495	-0.1687268	3.090075	-0.2135038	0.07476378	2.766651	-0.4803349	-0.06329812	2.984356	0.06123632	-0.5762542	3.027693	-0.2424326	-0.590386	3.182096	0.1979747	-0.9331856	3.096457	-0.2205864	-0.9501693	3.218594	

-0.1013047	-0.1817942	2.788497	-0.5872009	-0.1628179	3.051838	-0.05262972	-0.3205402	2.861601	-0.6763204	-0.2694649	3.085996	-0.04163342	-0.197142	2.8645	-0.6176758	-0.2191029	3.050925	-0.5137771	0.5433792	2.886252	-0.4132597	0.4641378	2.895062	-0.3853793	0.3902865	2.922031	-0.308378	0.1604953	3.000697	-0.1745035	-0.1500152	3.085013	-0.282982	0.3407741	2.793949	-0.4658808	0.2785833	3.00273	-0.1363338	-0.127427	3.006673	-0.2071848	-0.1558502	3.083855	-0.130114	0.08876776	2.755212	-0.4506573	-0.01348434	2.996142	0.07281579	-0.5727664	3.031611	-0.2352918	-0.58672	3.180247	0.1980736	-0.9328626	3.097721	-0.2183272	-0.9525346	3.221103	

-0.0323334	-0.1515667	2.771927	-0.5168394	-0.09858835	3.048053	-0.01953682	-0.306973	2.823259	-0.6062042	-0.2054665	3.082173	0.03065703	-0.1947746	2.848052	-0.5478516	-0.1553822	3.047019	-0.3857266	0.5854597	2.844607	-0.3100911	0.4809781	2.867907	-0.2931776	0.4070359	2.895759	-0.2406516	0.1806517	2.969715	-0.1702389	-0.1341998	3.066406	-0.1821293	0.3547908	2.774544	-0.3947607	0.3435189	2.998888	-0.1317883	-0.1259852	2.99645	-0.2060596	-0.1327095	3.060404	-0.04497844	0.09326325	2.754572	-0.3799772	0.05103935	2.992352	0.1100325	-0.5543581	3.028108	-0.1986415	-0.5760754	3.166045	0.2075312	-0.9342721	3.10717	-0.2133102	-0.9536725	3.223183	

