0.2840905	-0.1136388	2.940588	-0.2434554	-0.1232152	3.007336	0.2681796	-0.2263024	2.943686	-0.2415329	-0.2381149	3.018772	0.2161131	-0.1400274	2.929529	-0.189171	-0.1576324	2.961941	-0.03648657	0.6232811	2.820926	0.009649605	0.5008442	2.883346	0.01049605	0.4243236	2.901676	0.01303345	0.1900244	2.947062	0.01643131	-0.1289937	2.997581	0.1859206	0.4211214	2.895085	-0.1723111	0.4085701	2.938122	0.0978469	-0.1245256	2.950559	-0.06538831	-0.1301719	2.968159	0.2662847	0.1382109	2.953115	-0.2134614	0.1263835	2.998101	0.1412861	-0.519	3.076291	-0.09228923	-0.5462927	3.072338	0.1682829	-0.9032702	3.170582	-0.04535331	-0.9443362	3.301474	

0.3016937	-0.126771	2.921898	-0.2375034	-0.1236927	3.009471	0.2835956	-0.2408731	2.9314	-0.2226777	-0.2419288	3.037847	0.2405209	-0.1596858	2.926	-0.1925502	-0.1613306	2.996083	-0.01702772	0.6131462	2.809792	0.03216196	0.4969684	2.872069	0.03034643	0.4215671	2.891798	0.0259147	0.1899365	2.940753	0.0226327	-0.127025	2.994553	0.203325	0.4115375	2.882984	-0.1588061	0.4084207	2.933796	0.1038764	-0.1237491	2.946959	-0.05892813	-0.1269531	2.965939	0.2825041	0.1255486	2.934032	-0.2027647	0.1256954	2.99796	0.1428595	-0.5139452	3.074828	-0.1080822	-0.5211769	2.994037	0.1682957	-0.9031044	3.170765	-0.05488236	-0.9339601	3.288563	

0.3083173	-0.1323052	2.912066	-0.2315022	-0.1246391	3.012264	0.2948639	-0.2459854	2.916888	-0.2117814	-0.2343586	3.036807	0.2652749	-0.1669085	2.890809	-0.1816806	-0.1383495	2.981286	-0.005565392	0.6089308	2.803428	0.04169241	0.4934161	2.865898	0.03952287	0.4185112	2.886188	0.03307362	0.1886396	2.937164	0.02612296	-0.1262696	2.993498	0.214618	0.4072043	2.873163	-0.1382566	0.4108663	2.923208	0.1073791	-0.1239657	2.946218	-0.05543242	-0.1251909	2.964798	0.2914645	0.1213503	2.924404	-0.1905338	0.1245647	2.996885	0.1458923	-0.5103815	3.07387	-0.1119376	-0.5244974	2.98359	0.1685769	-0.9043382	3.171248	-0.09361158	-0.9359924	3.260176	

0.3220187	-0.1343886	2.89436	-0.2238926	-0.1217125	3.013357	0.3059585	-0.2457498	2.897713	-0.2157878	-0.2175083	3.034269	0.2828189	-0.1781175	2.875608	-0.1865271	-0.1509506	2.983556	0.01007098	0.6060753	2.788606	0.05298626	0.4911752	2.858317	0.04977009	0.4169263	2.879328	0.04025171	0.188904	2.932436	0.02943604	-0.123959	2.991461	0.2253331	0.405811	2.86612	-0.1290256	0.4110433	2.919083	0.1104121	-0.1224284	2.94397	-0.05200416	-0.1221579	2.963266	0.2986301	0.1188964	2.917808	-0.1796566	0.1270736	2.995391	0.1531022	-0.4989051	3.068587	-0.1258781	-0.5147839	2.941014	0.1688384	-0.9042196	3.171216	-0.1039991	-0.9265021	3.246736	

0.3451137	-0.1292301	2.863935	-0.2069083	-0.1071484	3.010809	0.3421459	-0.2352195	2.855987	-0.2117173	-0.1801131	3.03524	0.3066053	-0.1628451	2.84779	-0.1777403	-0.1194455	2.975154	0.03104896	0.6005605	2.77191	0.07315987	0.4899018	2.842085	0.06817081	0.4163412	2.864255	0.05330246	0.1904384	2.920992	0.03543384	-0.1197232	2.985177	0.2466038	0.4071532	2.851301	-0.1063415	0.4123909	2.900257	0.1160264	-0.1189291	2.938428	-0.04595376	-0.1173827	2.956508	0.3258146	0.1234686	2.892118	-0.1564445	0.1379269	2.98066	0.1545724	-0.4972339	3.066391	-0.1396256	-0.4979459	2.907959	0.1691258	-0.9048837	3.170725	-0.1433244	-0.912042	3.162272	

0.3513809	-0.1270465	2.858027	-0.1946556	-0.1053512	3.001512	0.3486378	-0.2345921	2.846547	-0.2020961	-0.1582631	3.015707	0.3182082	-0.1719874	2.834454	-0.1779381	-0.1199498	2.969909	0.03937607	0.5982785	2.764647	0.0795499	0.4893646	2.835984	0.07460719	0.4160825	2.857921	0.05950517	0.191323	2.914226	0.03994799	-0.1163426	2.97892	0.2523502	0.4061692	2.845705	-0.1006268	0.4141396	2.894642	0.1203032	-0.1165361	2.932615	-0.04133696	-0.1130598	2.949993	0.3314988	0.1247589	2.888349	-0.1505937	0.1408297	2.974567	0.155728	-0.494774	3.064079	-0.1416304	-0.499094	2.904342	0.1693402	-0.9045215	3.170565	-0.1703721	-0.9318616	3.122996	

0.3616852	-0.1211824	2.850181	-0.1869414	-0.1013114	2.990903	0.3496296	-0.2408691	2.848347	-0.1913909	-0.1395525	2.99901	0.3246477	-0.168942	2.827458	-0.1766513	-0.1133395	2.958584	0.0473459	0.5957068	2.756359	0.09505509	0.4858242	2.821507	0.08813043	0.4133359	2.844971	0.06770089	0.190695	2.905408	0.04268151	-0.1148067	2.974527	0.2590503	0.405075	2.83847	-0.09388417	0.4138651	2.886245	0.122926	-0.1152823	2.928772	-0.03859888	-0.1113224	2.945255	0.3447492	0.1299888	2.878936	-0.1441856	0.1444309	2.965921	0.1560971	-0.4950078	3.063726	-0.1476974	-0.5096372	2.893871	0.1693172	-0.9044722	3.170339	-0.2063238	-0.9546953	3.068064	

0.3695053	-0.118632	2.843894	-0.1802428	-0.09914932	2.979395	0.3613205	-0.2395884	2.840815	-0.1879916	-0.1281399	2.988646	0.3321125	-0.1483709	2.830389	-0.1686613	-0.1057789	2.937333	0.05414865	0.5921843	2.748448	0.09920413	0.4840318	2.817355	0.09250384	0.4115439	2.840389	0.07214706	0.1892797	2.899958	0.04555542	-0.1147052	2.969345	0.2652215	0.402572	2.832006	-0.08590196	0.4128387	2.876374	0.125664	-0.1155054	2.924415	-0.03567247	-0.1108979	2.939363	0.3518401	0.1312645	2.876222	-0.1393183	0.1465531	2.958472	0.1562337	-0.4946949	3.06321	-0.1501032	-0.5180207	2.888353	0.1694098	-0.9047757	3.169786	-0.2230222	-0.958773	3.019073	

0.4160803	-0.1317755	2.837302	-0.196668	-0.1050262	2.963264	0.4110942	-0.2456085	2.828439	-0.2154639	-0.2031377	3.006364	0.3766752	-0.1733577	2.8254	-0.1868507	-0.1658752	2.940923	0.07595558	0.5668802	2.686375	0.109097	0.4643329	2.768532	0.1019852	0.3937901	2.793979	0.07854586	0.179859	2.867981	0.0479615	-0.1155671	2.95268	0.2772048	0.3902224	2.796689	-0.07697355	0.3997397	2.819584	0.1278763	-0.1163398	2.913476	-0.0332876	-0.111773	2.916176	0.3757365	0.1159083	2.861964	-0.1379526	0.1289288	2.90541	0.1566544	-0.4878986	3.053907	-0.1541897	-0.5491218	2.86918	0.168572	-0.9071884	3.167654	-0.2529995	-0.9279531	2.784354	

0.4164657	-0.1329943	2.837629	-0.1993523	-0.1082521	2.94699	0.4135411	-0.2473702	2.842244	-0.2146626	-0.2163492	2.989521	0.3801961	-0.1938968	2.834714	-0.1824531	-0.1611276	2.9165	0.07527056	0.5658176	2.682646	0.1083899	0.4637648	2.765491	0.1013236	0.3930664	2.791337	0.078067	0.1773226	2.862936	0.04757904	-0.119035	2.946775	0.2756823	0.3889548	2.790862	-0.07776267	0.4001458	2.817355	0.1276502	-0.1231563	2.906666	-0.03371566	-0.1127682	2.911638	0.3766111	0.1150872	2.858994	-0.1386954	0.1294003	2.903874	0.1559385	-0.4891225	3.052065	-0.1550002	-0.5550905	2.862779	0.168115	-0.9091668	3.166276	-0.2456991	-0.9255071	2.774561	

0.4175735	-0.1372138	2.838685	-0.2041439	-0.1114797	2.945326	0.4168889	-0.2560722	2.864743	-0.2228398	-0.2180797	2.985345	0.3773689	-0.1601284	2.839091	-0.181549	-0.1522641	2.8983	0.0725223	0.5646601	2.6715	0.1070779	0.4620003	2.756651	0.09989505	0.3911128	2.783267	0.07663503	0.1741577	2.854416	0.04574284	-0.1223511	2.939344	0.273253	0.3872161	2.783367	-0.08100583	0.4011219	2.809094	0.1262104	-0.127634	2.900532	-0.03588888	-0.1143709	2.903492	0.3762733	0.11124	2.855538	-0.1423905	0.1254182	2.898211	0.1549449	-0.4883881	3.048756	-0.1537835	-0.5758829	2.840661	0.1679091	-0.909982	3.165849	-0.2364398	-0.9379996	2.75757	

0.4115298	-0.140391	2.853518	-0.2256195	-0.1265129	2.899493	0.401378	-0.2539034	2.896446	-0.2176473	-0.2476511	2.947449	0.3725585	-0.2207063	2.87925	-0.2095266	-0.2142036	2.9045	0.04856234	0.5469627	2.631249	0.0770599	0.4465189	2.71942	0.07252357	0.3758496	2.747684	0.05750116	0.1594557	2.822798	0.03510925	-0.1352869	2.912465	0.2499948	0.3790721	2.747517	-0.107864	0.3876383	2.764506	0.1147131	-0.141711	2.874788	-0.04527986	-0.1253806	2.876377	0.358985	0.1051254	2.839644	-0.1662832	0.1116385	2.852406	0.1511147	-0.4921109	3.040286	-0.1357264	-0.6048602	2.802845	0.1675093	-0.9143384	3.163873	-0.1871954	-0.9749253	2.763038	

0.3983181	-0.1419796	2.861428	-0.2281375	-0.1274359	2.892241	0.3912054	-0.25507	2.90624	-0.2301075	-0.2520649	2.951921	0.3608226	-0.2035119	2.871056	-0.2016221	-0.1909383	2.8665	0.04626002	0.5455368	2.628996	0.07539754	0.4455448	2.718062	0.07060428	0.3746266	2.745707	0.05508746	0.1573361	2.818518	0.03297232	-0.1387871	2.904357	0.2472571	0.37941	2.745767	-0.1105583	0.3862859	2.761636	0.1127912	-0.1436825	2.86894	-0.04761861	-0.1307666	2.86552	0.3530477	0.103882	2.835432	-0.1685864	0.1118685	2.848099	0.1480779	-0.4960959	3.034672	-0.1330448	-0.6098366	2.802088	0.1670546	-0.9119745	3.162862	-0.1784356	-0.9782612	2.770249	

0.3911996	-0.1421674	2.865304	-0.228282	-0.139104	2.869322	0.3749425	-0.2540565	2.910444	-0.2272212	-0.2515472	2.914737	0.3410823	-0.1970184	2.877333	-0.1883992	-0.167362	2.819714	0.03563708	0.5413773	2.621246	0.06316608	0.4405341	2.711259	0.05928843	0.3692016	2.737796	0.04673006	0.1505924	2.807474	0.02909546	-0.1476092	2.888977	0.2371287	0.3788312	2.73954	-0.1196891	0.380191	2.746678	0.1095157	-0.1502008	2.856823	-0.05201363	-0.1415254	2.847161	0.3413684	0.1020073	2.832086	-0.1773021	0.1042815	2.832488	0.1332934	-0.5455729	3.039337	-0.1269292	-0.6144559	2.803026	0.1657775	-0.908435	3.161345	-0.1608394	-0.9807069	2.789138	

0.3769445	-0.1460701	2.865701	-0.2344173	-0.1449976	2.855426	0.3424613	-0.2548276	2.908504	-0.2334776	-0.2525588	2.892986	0.3256358	-0.191066	2.860889	-0.2029026	-0.1937581	2.821714	0.02240482	0.5379999	2.610814	0.05061827	0.4360682	2.702533	0.04760466	0.3643737	2.728058	0.03788125	0.1446981	2.794838	0.02440006	-0.1547495	2.872889	0.2290332	0.3785757	2.736801	-0.1318239	0.3738428	2.735051	0.1047971	-0.156314	2.841712	-0.05655465	-0.1493023	2.830441	0.3262609	0.09761844	2.829052	-0.1841697	0.0987284	2.817773	0.1333645	-0.5471174	3.038138	-0.1189918	-0.6278437	2.804899	0.1654397	-0.9086076	3.160574	-0.155754	-0.9903002	2.784325	

0.3652355	-0.1499476	2.861589	-0.2401493	-0.1589154	2.825633	0.3266735	-0.2471441	2.88067	-0.2397535	-0.2587277	2.87347	0.3017287	-0.1661209	2.8523	-0.1972948	-0.1646813	2.774	0.01046682	0.5367491	2.604363	0.03779987	0.4352665	2.695717	0.03602127	0.363053	2.720435	0.0296322	0.1419046	2.784831	0.02012737	-0.1596393	2.859219	0.2183961	0.3786427	2.733115	-0.1454571	0.3692743	2.723117	0.1001984	-0.1604768	2.828773	-0.06042626	-0.154772	2.816023	0.3111493	0.09422693	2.828832	-0.1976855	0.08850895	2.79741	0.1319294	-0.5488242	3.026146	-0.1183874	-0.6316268	2.804207	0.1652138	-0.9161381	3.15691	-0.1550127	-0.9912841	2.779844	

0.3354815	-0.1555659	2.85053	-0.2457291	-0.1611387	2.817404	0.300739	-0.2436386	2.857541	-0.2555875	-0.2756378	2.874849	0.2783486	-0.1878813	2.842177	-0.2098341	-0.2034211	2.783555	-0.003134807	0.5382956	2.594696	0.02322378	0.4341505	2.686553	0.02246532	0.3617432	2.710298	0.01946087	0.1400316	2.771961	0.01464694	-0.1620205	2.843198	0.2064234	0.3803043	2.729074	-0.1574092	0.3668179	2.710486	0.09457217	-0.1620747	2.811746	-0.06565639	-0.1577682	2.801036	0.2951566	0.09323721	2.826523	-0.2051712	0.08590296	2.782876	0.129847	-0.5472187	3.008077	-0.1203154	-0.6321132	2.801824	0.1649351	-0.9167886	3.156129	-0.1548298	-0.9917962	2.77951	

0.317279	-0.1550388	2.841645	-0.254478	-0.1697736	2.800458	0.2742094	-0.2420543	2.841989	-0.255209	-0.2850396	2.846447	0.2442163	-0.201472	2.83825	-0.216162	-0.2185527	2.7628	-0.01744962	0.5407771	2.585346	0.01195854	0.437128	2.675009	0.01180046	0.3645073	2.6981	0.01100172	0.1421389	2.757928	0.009606803	-0.1606625	2.827381	0.1926421	0.3849611	2.721187	-0.1697049	0.3651057	2.698474	0.08975992	-0.1596517	2.797609	-0.07081625	-0.1576021	2.78346	0.2779982	0.09526893	2.823177	-0.2157624	0.07836475	2.767352	0.1287579	-0.5165201	2.957214	-0.1297549	-0.6286718	2.794356	0.1655618	-0.9247624	3.150694	-0.1552779	-0.9921589	2.778262	

0.293563	-0.1517686	2.827201	-0.2669694	-0.1746538	2.779813	0.2586968	-0.2406547	2.834018	-0.2628747	-0.2845465	2.817829	0.2343353	-0.1613581	2.813809	-0.2336926	-0.2416521	2.7655	-0.03288421	0.5425828	2.578035	-0.002587843	0.4402698	2.667796	-0.001370611	0.3670745	2.690227	0.001440887	0.1431705	2.748097	0.003947588	-0.1614985	2.814322	0.1697781	0.3868597	2.705186	-0.1850079	0.3617532	2.684052	0.08505844	-0.159382	2.786671	-0.07735128	-0.1596271	2.768228	0.2645576	0.1012593	2.815078	-0.226084	0.07464148	2.752429	0.1233473	-0.5523987	2.967218	-0.1365982	-0.6245645	2.783319	0.166016	-0.9285063	3.147219	-0.1562131	-0.9929357	2.776596	

0.2687384	-0.1497324	2.815516	-0.2749462	-0.1813379	2.760829	0.2378068	-0.2314842	2.806251	-0.2720017	-0.2985799	2.801192	0.2104851	-0.1426857	2.804846	-0.2301531	-0.219294	2.713667	-0.04734163	0.5442736	2.569339	-0.01850329	0.4424217	2.655773	-0.01622118	0.3689647	2.677856	-0.009710458	0.144146	2.734934	-0.002009771	-0.1617154	2.800963	0.1597304	0.3911973	2.69729	-0.1981544	0.3594358	2.673945	0.07925011	-0.1583501	2.773489	-0.08324808	-0.1609508	2.754859	0.2510545	0.105012	2.804699	-0.2362938	0.06975845	2.740096	0.121764	-0.5549829	2.962555	-0.139983	-0.6239088	2.777399	0.1661894	-0.9303024	3.144984	-0.1564083	-0.9929466	2.776142	

0.2502049	-0.145353	2.80198	-0.2823955	-0.1843927	2.734676	0.218618	-0.2363659	2.794968	-0.2774984	-0.2942722	2.769815	0.1904681	-0.1566211	2.774333	-0.2431359	-0.23895	2.711166	-0.06338315	0.5447825	2.559521	-0.028068	0.4433311	2.64729	-0.02587834	0.3697267	2.668722	-0.01931061	0.1443252	2.723678	-0.01060407	-0.1625814	2.786944	0.1492489	0.392693	2.6883	-0.2093712	0.3566315	2.664601	0.07113267	-0.1581821	2.758766	-0.09209302	-0.1627199	2.741529	0.2365332	0.1097896	2.789798	-0.248514	0.06883311	2.724632	0.1182572	-0.5559645	2.947636	-0.1438012	-0.6199743	2.768239	0.165558	-0.930432	3.143833	-0.1542016	-0.9919726	2.770664	

0.2377889	-0.1391426	2.790931	-0.2882103	-0.1880297	2.721828	0.2086397	-0.2315982	2.779125	-0.2875349	-0.3029685	2.758085	0.1808887	-0.1619972	2.758926	-0.2381909	-0.2270402	2.681769	-0.07759899	0.5445891	2.550212	-0.04291475	0.4423709	2.634861	-0.03955979	0.3686577	2.656406	-0.02961181	0.1429254	2.711718	-0.0168833	-0.164396	2.775437	0.1370431	0.3903126	2.679567	-0.2232389	0.3552582	2.654255	0.06458581	-0.1592466	2.747367	-0.09793144	-0.1652052	2.729939	0.2242949	0.1158625	2.776478	-0.2608186	0.06620649	2.713709	0.118027	-0.563505	2.937781	-0.1459989	-0.6187989	2.763451	0.1651316	-0.9305913	3.143028	-0.1539908	-0.992056	2.769808	

0.2301409	-0.1429063	2.779251	-0.2948903	-0.1909355	2.706039	0.2056188	-0.2339651	2.764488	-0.2848442	-0.2988876	2.734227	0.1721256	-0.152657	2.745955	-0.2434888	-0.2206018	2.669611	-0.08749476	0.544306	2.543604	-0.05685924	0.440242	2.623218	-0.05282345	0.36657	2.644174	-0.0406224	0.1409017	2.697658	-0.02444692	-0.1664507	2.758733	0.1248838	0.3895029	2.668847	-0.236965	0.3493478	2.642597	0.05693853	-0.1604707	2.730983	-0.1052001	-0.1680134	2.712925	0.2134633	0.1121068	2.766574	-0.2760408	0.06449426	2.70281	0.1149361	-0.5673115	2.919733	-0.1502732	-0.6130869	2.758606	0.1647772	-0.9311214	3.139617	-0.1552002	-0.9896455	2.768448	

0.2239204	-0.1430383	2.762739	-0.3075849	-0.1968911	2.685042	0.1933707	-0.2375175	2.75188	-0.2960459	-0.2904869	2.717854	0.1657173	-0.1562815	2.738	-0.2555747	-0.2160275	2.64325	-0.1179143	0.5407164	2.522573	-0.08311662	0.4381648	2.604582	-0.07732242	0.3646299	2.625122	-0.05993663	0.1393115	2.677446	-0.03724043	-0.167679	2.737118	0.1000148	0.3872574	2.648237	-0.2685446	0.3443642	2.62073	0.04370626	-0.1595865	2.707531	-0.1172869	-0.1711389	2.692967	0.1963488	0.1107276	2.746516	-0.3241397	0.05858021	2.676256	0.1130013	-0.5594838	2.855502	-0.1622735	-0.6087667	2.751791	0.1643311	-0.9329125	3.13334	-0.1566629	-0.9903464	2.76839	

0.2185203	-0.1423966	2.748569	-0.3504608	-0.1590001	2.673751	0.1708529	-0.2382295	2.723887	-0.3276477	-0.267143	2.72185	0.1566576	-0.1466139	2.722143	-0.2790118	-0.1905115	2.659333	-0.1390097	0.5407884	2.500853	-0.1088765	0.4354675	2.579009	-0.101866	0.3621436	2.600632	-0.08027288	0.1374375	2.656265	-0.05126419	-0.1687808	2.720625	0.08443443	0.3846392	2.633352	-0.2739567	0.3432149	2.616246	0.03035937	-0.1592401	2.691154	-0.1315241	-0.1737376	2.676524	0.1898184	0.111958	2.743644	-0.3664719	0.09576275	2.658592	0.1217872	-0.5536911	2.804706	-0.1709393	-0.6039149	2.74393	0.1687632	-0.9173282	3.103728	-0.1574319	-0.9903126	2.768885	

0.2040454	-0.1294823	2.73856	-0.3539254	-0.1507382	2.673933	0.1688198	-0.2237037	2.721227	-0.3338135	-0.2542931	2.715615	0.1543678	-0.1432835	2.7156	-0.3088382	-0.1397746	2.685929	-0.1447487	0.5403256	2.495648	-0.1112185	0.4354811	2.575378	-0.1045617	0.3621879	2.59663	-0.08411218	0.1375982	2.651028	-0.05655127	-0.1683881	2.713608	0.07270423	0.3849944	2.62372	-0.2914819	0.3392124	2.599427	0.02477851	-0.1578576	2.683783	-0.1364239	-0.1742843	2.669807	0.1848831	0.1256022	2.738898	-0.3739273	0.102785	2.654956	0.1282775	-0.5451671	2.775421	-0.1752133	-0.6046063	2.740729	0.1738903	-0.90593	3.080774	-0.1582897	-0.9903524	2.768517	

0.2007445	-0.1198086	2.737271	-0.3666187	-0.1418872	2.675561	0.1630303	-0.2159719	2.711598	-0.3341245	-0.2399436	2.720091	0.1464954	-0.1306691	2.715273	-0.3017065	-0.1593455	2.678	-0.1529144	0.5396557	2.487595	-0.1163706	0.4346808	2.568523	-0.1094775	0.3616153	2.59015	-0.0882173	0.1376407	2.645667	-0.05943222	-0.167696	2.709678	0.06631019	0.3857742	2.616929	-0.2975321	0.3385729	2.591966	0.02203861	-0.1565779	2.680279	-0.1393784	-0.1742506	2.665417	0.1835388	0.1346578	2.735464	-0.3873861	0.1102123	2.651376	0.1329427	-0.5398538	2.752366	-0.1792548	-0.6040831	2.736462	0.1819706	-0.9021618	3.058172	-0.160265	-0.9906005	2.769237	

0.1860782	-0.05043689	2.747928	-0.361746	-0.1186589	2.685382	0.1561367	-0.1543278	2.726669	-0.322578	-0.1781435	2.706185	0.1133436	-0.09334601	2.655563	-0.3056315	-0.1245191	2.679067	-0.1692675	0.534269	2.464722	-0.1302907	0.4306047	2.545587	-0.1221803	0.358535	2.569649	-0.09743447	0.1370734	2.631685	-0.06464964	-0.1660418	2.702446	0.04633265	0.3888927	2.590602	-0.3130199	0.3340677	2.576444	0.01642857	-0.1531026	2.671177	-0.1440935	-0.174107	2.659787	0.1763863	0.2011249	2.723226	-0.4266039	0.1215846	2.643607	0.1284671	-0.5148621	2.683644	-0.1817729	-0.5971891	2.732328	0.1940334	-0.8851343	2.980384	-0.1606418	-0.9905501	2.76893	

0.1860261	-0.04789235	2.748097	-0.3612462	-0.114297	2.694559	0.1410845	-0.1394113	2.707852	-0.3093799	-0.1754945	2.709202	0.1140669	-0.08977097	2.650397	-0.3143466	-0.09759467	2.696	-0.1720195	0.5322196	2.460676	-0.1310403	0.4307012	2.540327	-0.1232059	0.3586067	2.56428	-0.09911044	0.1372487	2.626516	-0.06652173	-0.1653578	2.698743	0.04493699	0.3896875	2.587395	-0.3147409	0.3331794	2.57324	0.0145997	-0.1515233	2.666619	-0.1458899	-0.1742585	2.656952	0.1766498	0.202465	2.723218	-0.4262762	0.1223243	2.643474	0.128237	-0.5214971	2.68144	-0.1817883	-0.597229	2.732314	0.1969155	-0.9011348	2.968667	-0.1607605	-0.9907488	2.768702	

0.1874227	-0.04414319	2.757545	-0.3789026	-0.1076631	2.719265	0.142862	-0.1241016	2.721174	-0.3105287	-0.1702309	2.709914	0.1294319	-0.09051269	2.684556	-0.3079366	-0.1024561	2.692201	-0.1733993	0.5303159	2.457868	-0.1307338	0.4296547	2.533249	-0.1231442	0.357696	2.557702	-0.09959199	0.1368333	2.621514	-0.06730051	-0.1650246	2.695873	0.04422211	0.3903312	2.584039	-0.3152251	0.3323065	2.57	0.01408745	-0.1509505	2.663141	-0.1468254	-0.1742289	2.65478	0.1768842	0.2035782	2.723835	-0.4260239	0.1239787	2.643845	0.1246337	-0.5302765	2.67802	-0.1817062	-0.5976467	2.732099	0.1948691	-0.9171355	2.957702	-0.1607272	-0.9899516	2.768057	

0.1992149	-0.03253314	2.779776	-0.3770669	-0.1076847	2.719278	0.1643686	-0.09596562	2.770422	-0.3019603	-0.1577775	2.723599	0.1505642	-0.04816342	2.7358	-0.2924445	-0.1008164	2.699143	-0.1721815	0.5285757	2.45212	-0.128271	0.4279989	2.527777	-0.1206075	0.3559346	2.551872	-0.0968592	0.1348788	2.614741	-0.06438546	-0.1667601	2.688479	0.04639868	0.3902667	2.576439	-0.3132589	0.3310652	2.566901	0.01813415	-0.1530983	2.652668	-0.1449511	-0.1756336	2.650116	0.1794986	0.2096768	2.725016	-0.4232893	0.1254052	2.647251	0.1102454	-0.5858222	2.697068	-0.1793545	-0.5997306	2.732098	0.1855366	-0.9556001	2.8836	-0.1608699	-0.9901452	2.7682	

0.2062345	-0.02915004	2.7884	-0.3704157	-0.1053171	2.723491	0.1766278	-0.07601335	2.783418	-0.2965766	-0.1525822	2.719683	0.1567881	-0.04519334	2.738682	-0.2903418	-0.1001964	2.700182	-0.1697958	0.5264608	2.44932	-0.1257955	0.426257	2.524875	-0.1181938	0.3541829	2.54902	-0.09463439	0.1331655	2.612095	-0.06239164	-0.1682527	2.686212	0.05065027	0.3912029	2.573313	-0.3095369	0.3299833	2.565133	0.02051503	-0.1551775	2.649409	-0.1434626	-0.1766161	2.64887	0.193201	0.2129499	2.731567	-0.419666	0.1265342	2.649738	0.1092626	-0.5905435	2.699611	-0.1773907	-0.6008581	2.732512	0.1798123	-0.9626849	2.866627	-0.160874	-0.9891679	2.767591	

0.2079038	-0.02367131	2.790904	-0.3516087	-0.1074803	2.734139	0.1891514	-0.06620913	2.799413	-0.2809593	-0.1548164	2.736856	0.1683554	-0.03335125	2.732	-0.273175	-0.1030169	2.703364	-0.15948	0.5233095	2.447985	-0.1150012	0.4250511	2.521496	-0.1077776	0.3528675	2.545459	-0.08526925	0.1315759	2.60803	-0.05419048	-0.170066	2.681549	0.06695942	0.3917897	2.56469	-0.2927958	0.3277333	2.566044	0.02952597	-0.1576477	2.643403	-0.1363919	-0.1778251	2.645732	0.2144845	0.2179282	2.73115	-0.3934044	0.1277152	2.665889	0.1097365	-0.594443	2.701731	-0.1734066	-0.6020632	2.73183	0.1800967	-0.963758	2.86491	-0.1605387	-0.9885154	2.767144	

0.2325019	-0.01725909	2.797661	-0.3394179	-0.101007	2.741521	0.1957828	-0.06585191	2.784409	-0.2686935	-0.1467548	2.726362	0.179023	-0.03017096	2.7384	-0.2673351	-0.09390458	2.7124	-0.148802	0.5242896	2.445898	-0.1015826	0.426289	2.519542	-0.09562948	0.353837	2.543772	-0.07666337	0.131881	2.607044	-0.04944525	-0.1702897	2.681257	0.07602196	0.3922758	2.562238	-0.2806473	0.3294972	2.568312	0.03375465	-0.1579224	2.642839	-0.1312237	-0.1779864	2.645914	0.2260302	0.221457	2.72911	-0.3852727	0.1317131	2.668394	0.110878	-0.5943367	2.701603	-0.1691245	-0.6032409	2.73133	0.180597	-0.9647599	2.864766	-0.1598893	-0.9877429	2.767914	

0.2420513	-0.01447101	2.800763	-0.3280326	-0.09135854	2.750475	0.2068062	-0.06315184	2.778403	-0.2738898	-0.1324922	2.740861	0.1935719	-0.02553009	2.737643	-0.259534	-0.08858482	2.715545	-0.1373882	0.526032	2.445185	-0.08348028	0.4292302	2.518438	-0.07892901	0.3569469	2.542877	-0.06430341	0.1352555	2.606762	-0.04257835	-0.167064	2.681673	0.08656475	0.3945291	2.560719	-0.2686771	0.3371709	2.569525	0.04018205	-0.1551385	2.642553	-0.1240517	-0.1743563	2.647226	0.2430928	0.2236543	2.730144	-0.3704642	0.1410616	2.674842	0.118881	-0.5847943	2.698325	-0.1588876	-0.6124675	2.732729	0.1827814	-0.9655742	2.864161	-0.1592156	-0.9872103	2.767934	

0.255541	-0.009966115	2.792056	-0.3190691	-0.0842029	2.756095	0.2130373	-0.05769742	2.760398	-0.2688947	-0.1261636	2.766865	0.201996	-0.01643602	2.730583	-0.2496298	-0.08526694	2.7219	-0.1246972	0.5286537	2.445754	-0.07287109	0.4333365	2.518998	-0.06837605	0.3609497	2.543579	-0.05430236	0.1389461	2.607935	-0.03443775	-0.1638175	2.683532	0.09838966	0.3954348	2.559859	-0.2587184	0.3434738	2.570989	0.04740848	-0.1521501	2.64413	-0.1152594	-0.1709759	2.649442	0.2612002	0.2287741	2.723212	-0.3587439	0.1481723	2.679089	0.1262392	-0.5787913	2.697776	-0.1538891	-0.6142357	2.733145	0.1832836	-0.9654691	2.864139	-0.1589229	-0.9867816	2.768154	

0.257296	-0.01173989	2.786917	-0.3065488	-0.07562579	2.764979	0.2334738	-0.0580675	2.77839	-0.2567641	-0.1106582	2.758705	0.2139381	-0.02242904	2.727385	-0.2442431	-0.06750428	2.7283	-0.1120152	0.5307209	2.446522	-0.0639511	0.4349563	2.519261	-0.05951289	0.3625789	2.543989	-0.04570245	0.1406425	2.608819	-0.02649525	-0.1619231	2.685173	0.1103722	0.3951817	2.558455	-0.2474825	0.3469775	2.572698	0.05561987	-0.1505551	2.646552	-0.1077801	-0.1688535	2.65038	0.2777793	0.2279474	2.723099	-0.346898	0.1570901	2.689081	0.1306788	-0.5758395	2.699479	-0.1506485	-0.6120781	2.732303	0.1838525	-0.9655266	2.864118	-0.1576451	-0.9859763	2.7678	

0.2767313	-0.01184369	2.781386	-0.2914294	-0.06386606	2.779733	0.2403036	-0.05787682	2.769387	-0.2544671	-0.103693	2.774874	0.2221748	-0.03037645	2.728111	-0.2378332	-0.06132932	2.738273	-0.09999864	0.5336128	2.448821	-0.04795459	0.4393578	2.520578	-0.04451321	0.3666412	2.545507	-0.03357618	0.1437891	2.610881	-0.01782822	-0.1597273	2.687851	0.1220369	0.3951725	2.557741	-0.2361333	0.3514752	2.576558	0.06403287	-0.1486425	2.64913	-0.09917083	-0.1664467	2.653143	0.2921033	0.2292748	2.720948	-0.3386799	0.162859	2.692425	0.1360654	-0.5711592	2.704094	-0.14613	-0.6114525	2.732829	0.1842642	-0.9652573	2.864891	-0.156426	-0.9856901	2.767847	

0.334109	-0.01907993	2.746397	-0.2545714	-0.03371107	2.834738	0.2608894	-0.06492183	2.746124	-0.2144441	-0.0584921	2.798395	0.2544986	-0.01202562	2.7183	-0.2073661	-0.04142518	2.772	-0.03906927	0.5406688	2.455122	0.004124065	0.4433995	2.527427	0.006264621	0.3713594	2.553376	0.009423817	0.1500268	2.621154	0.01496174	-0.1519077	2.700982	0.1822535	0.3889405	2.551051	-0.1727228	0.3803391	2.594082	0.0965188	-0.1444597	2.659037	-0.06653809	-0.154901	2.669883	0.3587288	0.2212985	2.687745	-0.2562501	0.1966398	2.746526	0.1619066	-0.5656797	2.773271	-0.1237332	-0.6189843	2.737688	0.1866611	-0.9608855	2.871746	-0.1523119	-0.9855313	2.765525	

0.3172456	-0.02006461	2.733268	-0.2613047	-0.04280705	2.834667	0.273508	-0.07660534	2.759865	-0.2112127	-0.0432458	2.806396	0.2522904	-0.02636287	2.7104	-0.2102812	-0.03921662	2.794	-0.0377848	0.5404235	2.455109	0.005368873	0.443319	2.527571	0.007493657	0.3712852	2.553563	0.01185391	0.1500559	2.621789	0.01905032	-0.1514983	2.702708	0.183887	0.3882105	2.550279	-0.1721893	0.3803679	2.594698	0.1005559	-0.1444435	2.660323	-0.06274399	-0.1542116	2.671912	0.3617063	0.2199953	2.684872	-0.2442053	0.191697	2.759522	0.1630078	-0.5651733	2.784322	-0.1188994	-0.6189547	2.739643	0.1895201	-0.9574926	2.877825	-0.151192	-0.9869639	2.765258	

0.3347404	-0.02516595	2.727926	-0.2149623	-0.03957748	2.849379	0.274618	-0.08499976	2.745696	-0.2092103	-0.03585547	2.831398	0.2441602	-0.02786927	2.67	-0.1997069	-0.02398572	2.807	-0.0295818	0.5392001	2.455122	0.02387459	0.4436616	2.52865	0.02389044	0.3711845	2.555135	0.02481467	0.1490191	2.624943	0.02755096	-0.1533993	2.707553	0.191394	0.3836338	2.547267	-0.1606595	0.3780677	2.600336	0.1084483	-0.1476016	2.664885	-0.05389955	-0.1548872	2.676979	0.3682445	0.2142049	2.672493	-0.2290827	0.1934191	2.770715	0.1678997	-0.5586596	2.803765	-0.1166692	-0.6202627	2.74112	0.1943544	-0.9547322	2.885365	-0.1505241	-0.9883938	2.765058	

0.3374444	-0.02757504	2.726779	-0.2212461	-0.04679361	2.85159	0.2721534	-0.1026143	2.746361	-0.2504043	-0.1208517	2.869864	0.2420471	-0.04906644	2.651857	-0.240724	-0.1085885	2.845491	-0.02009308	0.536576	2.457303	0.02914456	0.4418399	2.528895	0.02954342	0.3692727	2.555814	0.0312213	0.1468659	2.627198	0.03447244	-0.1559877	2.712646	0.2003455	0.3779445	2.543538	-0.1473928	0.3756393	2.606481	0.1149175	-0.151328	2.669465	-0.04670595	-0.1563351	2.682587	0.3763658	0.2075225	2.661543	-0.2093439	0.1908367	2.786952	0.1708793	-0.5604293	2.811192	-0.1153813	-0.6216928	2.742552	0.1950604	-0.9526821	2.886245	-0.1504452	-0.9889352	2.765168	

0.3462189	-0.06448349	2.699362	-0.16942	-0.02936174	2.89105	0.2831548	-0.1495916	2.751145	-0.2050423	-0.1012999	2.903545	0.2432095	-0.1039642	2.6366	-0.195583	-0.08913251	2.879151	0.005615365	0.5369074	2.459227	0.0614786	0.4404935	2.527713	0.0580593	0.3686966	2.55682	0.04995215	0.1481152	2.633352	0.04473314	-0.1526934	2.724695	0.2248529	0.3721797	2.533297	-0.09949216	0.3892467	2.617572	0.1228153	-0.1505908	2.677677	-0.03415585	-0.1498666	2.699201	0.3907507	0.1682777	2.631071	-0.1484888	0.2033839	2.814982	0.1732561	-0.560132	2.811882	-0.1120058	-0.6159036	2.740865	0.1960505	-0.9499272	2.887545	-0.151478	-0.9880089	2.767767	

0.3464277	-0.06409995	2.698123	-0.1671648	-0.02713807	2.898062	0.2803971	-0.1532636	2.753678	-0.2034916	-0.09962931	2.912021	0.242144	-0.1102234	2.635539	-0.1938176	-0.08735706	2.884546	0.01166776	0.536954	2.459498	0.06315129	0.4398603	2.527284	0.06028779	0.3681208	2.556618	0.05345593	0.1480364	2.634554	0.04820618	-0.1515391	2.728897	0.2278903	0.3722079	2.532348	-0.09889384	0.3886025	2.618132	0.1268763	-0.1504056	2.68176	-0.03154873	-0.1481384	2.703101	0.3915691	0.168598	2.630506	-0.1482102	0.2032835	2.816234	0.1748396	-0.5594727	2.812335	-0.1101874	-0.6124798	2.74061	0.1964153	-0.9495937	2.887738	-0.151927	-0.9872275	2.775696	

0.3465248	-0.06371816	2.696672	-0.1664573	-0.01211095	2.928108	0.2839062	-0.1556343	2.751342	-0.2019868	-0.08391692	2.940576	0.2425093	-0.1072246	2.635618	-0.1925531	-0.07183452	2.916179	0.01453546	0.5370281	2.460574	0.06873216	0.4406739	2.530866	0.066004	0.3689169	2.56016	0.05842073	0.1487969	2.638018	0.05038604	-0.1509773	2.731602	0.2319008	0.3716678	2.532094	-0.09708606	0.3880007	2.618404	0.1290884	-0.150532	2.684289	-0.02953255	-0.147014	2.705841	0.3934918	0.1687078	2.629829	-0.145032	0.2043006	2.818671	0.1759449	-0.5582825	2.813073	-0.1090932	-0.6076821	2.740408	0.1972177	-0.9463829	2.8887	-0.1535128	-0.9849557	2.7872	

0.3464129	-0.06390886	2.696424	-0.1675529	-0.01415681	2.928208	0.2829578	-0.1600573	2.74934	-0.2032037	-0.08663104	2.942878	0.2424893	-0.1101196	2.636342	-0.193457	-0.07414679	2.914333	0.01769714	0.5370262	2.460916	0.06977393	0.4401789	2.530931	0.06720867	0.3684911	2.560323	0.05999119	0.1486787	2.638666	0.05196274	-0.1505128	2.733174	0.2345951	0.3708686	2.531475	-0.09691858	0.3881764	2.61848	0.1303991	-0.1506467	2.68521	-0.02771045	-0.1458521	2.708206	0.3945755	0.1680547	2.629391	-0.142304	0.2041186	2.823169	0.1769928	-0.557404	2.813617	-0.1090824	-0.6061938	2.740665	0.1976589	-0.9443182	2.888456	-0.1520652	-0.9815142	2.799151	

0.3465205	-0.06478873	2.696585	-0.1679404	-0.01433981	2.928794	0.2783118	-0.1613387	2.751842	-0.2034307	-0.08641741	2.94309	0.2429044	-0.1055228	2.636736	-0.1937134	-0.07418852	2.914905	0.02020272	0.5371337	2.462314	0.0709887	0.4396956	2.531665	0.06859969	0.3679901	2.561185	0.06174357	0.1481733	2.640057	0.05362177	-0.1509745	2.735328	0.2356307	0.3703602	2.531768	-0.09379538	0.3865047	2.620432	0.1321019	-0.1515137	2.686963	-0.02617726	-0.14599	2.71068	0.3967278	0.1666799	2.629763	-0.1407613	0.2044017	2.825335	0.1783712	-0.5582113	2.815499	-0.1086418	-0.6006261	2.743907	0.1979101	-0.9431059	2.889303	-0.1537062	-0.9749759	2.817715	

0.3495	-0.06518389	2.698067	-0.1692368	-0.01210062	2.932257	0.2867228	-0.1626424	2.742337	-0.2043028	-0.08504541	2.946482	0.2500075	-0.08877482	2.655938	-0.1951689	-0.0715739	2.920291	0.02138569	0.5379488	2.464433	0.07285535	0.4406166	2.534755	0.070208	0.3686015	2.563822	0.06258528	0.1481025	2.641686	0.05364762	-0.1516092	2.736202	0.2365836	0.3701028	2.53267	-0.09229623	0.3857148	2.621886	0.1322043	-0.1523271	2.687856	-0.02623348	-0.1465024	2.711482	0.3964588	0.1664733	2.630378	-0.1407254	0.2043781	2.825317	0.1786659	-0.5583807	2.815746	-0.1110209	-0.5988628	2.759091	0.1980768	-0.9426647	2.88977	-0.1582187	-0.9778808	2.853869	

0.353058	-0.07030894	2.704803	-0.1714303	-0.01277371	2.930046	0.300472	-0.1663371	2.746175	-0.2067562	-0.0842519	2.942463	0.2613091	-0.03400359	2.6886	-0.1962207	-0.07277238	2.916403	0.02191335	0.5403398	2.470669	0.07327008	0.442187	2.54015	0.07051132	0.3698933	2.568229	0.0624939	0.1486726	2.643748	0.05322176	-0.1515921	2.736561	0.2373084	0.3714159	2.538214	-0.09369521	0.3847422	2.624834	0.131681	-0.1521482	2.688334	-0.0265914	-0.1466437	2.711725	0.3879986	0.1635492	2.638342	-0.1423142	0.2031323	2.822649	0.1791576	-0.55953	2.816139	-0.1097777	-0.59887	2.77919	0.1979967	-0.9427059	2.890041	-0.1502239	-0.9722261	2.880627	

0.3550595	-0.07609495	2.708332	-0.1760668	-0.02066189	2.901618	0.3034006	-0.1742194	2.757077	-0.2113316	-0.09204485	2.914024	0.2604688	-0.03399582	2.687777	-0.201847	-0.07992177	2.889633	0.02136275	0.5427002	2.474047	0.07213009	0.4434038	2.542825	0.06945977	0.3709922	2.570561	0.06159405	0.1493648	2.645054	0.05216383	-0.1513746	2.736768	0.2358611	0.3725726	2.541862	-0.09525876	0.386129	2.624746	0.130457	-0.151692	2.68856	-0.02750234	-0.1466726	2.711873	0.3749309	0.1597567	2.64393	-0.1459397	0.20269	2.809434	0.1795183	-0.5611945	2.816519	-0.1083535	-0.5964316	2.788692	0.1981262	-0.9427341	2.890117	-0.1452998	-0.9671296	2.889419	

0.356157	-0.08025084	2.713183	-0.1777788	-0.02355551	2.901863	0.2990344	-0.1753316	2.744996	-0.2130026	-0.09486702	2.914259	0.2603041	-0.03405809	2.692024	-0.2035103	-0.08273099	2.889867	0.02017334	0.5460654	2.477609	0.06900618	0.447356	2.549167	0.06657098	0.3742764	2.575944	0.05927853	0.1508978	2.647868	0.05001131	-0.1514073	2.737191	0.2327996	0.375283	2.548559	-0.1017801	0.3871326	2.628817	0.1279971	-0.1511272	2.689221	-0.02946565	-0.1473038	2.712047	0.3603994	0.1570818	2.652389	-0.1504979	0.1966343	2.803281	0.1791237	-0.5633417	2.81687	-0.1082935	-0.5997632	2.802124	0.1981392	-0.9427452	2.890107	-0.1450547	-0.9656637	2.890552	

0.3518911	-0.08040706	2.719544	-0.1828347	-0.02989888	2.894717	0.2946934	-0.1789472	2.752333	-0.2180076	-0.1011334	2.907103	0.2799872	-0.1059612	2.725	-0.20849	-0.08896744	2.882712	0.01806678	0.5495896	2.480305	0.06524213	0.4496907	2.552263	0.06282476	0.376355	2.578649	0.05547046	0.1521212	2.649302	0.04499343	-0.1516677	2.736259	0.2295908	0.3777559	2.553654	-0.1073796	0.3880178	2.631011	0.123046	-0.1503683	2.688655	-0.03458332	-0.1487388	2.710583	0.3488344	0.1561135	2.657416	-0.156373	0.1890354	2.794292	0.1778976	-0.5631867	2.815141	-0.1082421	-0.6029252	2.810587	0.1978935	-0.943479	2.890029	-0.1446055	-0.9617883	2.893963	

0.3172007	-0.09333427	2.745434	-0.2120492	-0.1262348	2.8733	0.2745286	-0.2131593	2.771499	-0.247088	-0.1970786	2.885684	0.2530603	-0.1499292	2.7432	-0.2374308	-0.1844663	2.861327	0.005295658	0.561211	2.490029	0.04745886	0.4562351	2.562799	0.0447281	0.3821199	2.587504	0.03564796	0.1554825	2.653178	0.02030249	-0.1525637	2.731691	0.2147996	0.3813284	2.57013	-0.1307162	0.3876178	2.63652	0.1002762	-0.1503796	2.685648	-0.06024787	-0.1506612	2.704268	0.2964024	0.1438714	2.687909	-0.18484	0.09875283	2.785651	0.1725523	-0.5617701	2.809364	-0.1128902	-0.6018189	2.822185	0.1973815	-0.9439294	2.889721	-0.1452843	-0.9595923	2.895156	

0.3050925	-0.1214083	2.750362	-0.2279429	-0.1189904	2.83762	0.2574386	-0.2675152	2.800921	-0.2083413	-0.1464302	2.719378	0.2402608	-0.1917164	2.766182	-0.2187353	-0.125235	2.7545	-0.001804267	0.5668648	2.494844	0.03101931	0.4596817	2.570917	0.02921775	0.3848917	2.59447	0.02337353	0.1562076	2.656635	0.01326367	-0.1539477	2.731498	0.2055979	0.3794907	2.580714	-0.1403769	0.3884114	2.635907	0.0928719	-0.1512429	2.685473	-0.06675301	-0.152503	2.704078	0.273275	0.1171132	2.701476	-0.1922528	0.1088608	2.758532	0.1667836	-0.5615371	2.806224	-0.1181077	-0.6010824	2.825576	0.1964888	-0.9459883	2.889242	-0.1451647	-0.9595405	2.895507	

0.2906484	-0.127315	2.748901	-0.2356385	-0.1248658	2.815754	0.2816757	-0.2767794	2.799877	-0.2351343	-0.201755	2.833024	0.239414	-0.2032623	2.757941	-0.2423858	-0.1489483	2.805286	-0.007537642	0.5708722	2.499178	0.02564392	0.4605582	2.574168	0.02346008	0.3856195	2.597485	0.01653241	0.1562613	2.65861	0.005867503	-0.1553872	2.731273	0.1991434	0.3781416	2.587275	-0.1496236	0.3862585	2.637261	0.08537987	-0.1524058	2.685388	-0.07381932	-0.1541766	2.703728	0.2676237	0.1126932	2.700808	-0.1941087	0.1073823	2.750458	0.1609194	-0.5604995	2.803524	-0.1214353	-0.5997968	2.826202	0.196462	-0.946283	2.8891	-0.1451951	-0.9593153	2.895839	

0.2845182	-0.1367704	2.745321	-0.2419023	-0.1306778	2.793911	0.274984	-0.287866	2.783756	-0.2520644	-0.2497931	2.834833	0.2310262	-0.1985931	2.748059	-0.2575607	-0.1806583	2.803143	-0.01219805	0.5732516	2.503734	0.0171634	0.4611372	2.57843	0.01556206	0.3860489	2.601045	0.01037866	0.1562039	2.66021	0.001967184	-0.1561093	2.730761	0.1931294	0.3788592	2.594401	-0.1580138	0.3851002	2.638787	0.08170871	-0.1527049	2.685183	-0.07788635	-0.1553468	2.702887	0.2569856	0.1034251	2.699199	-0.2004283	0.1060929	2.742593	0.1576726	-0.5618548	2.802758	-0.1250234	-0.5973099	2.826137	0.1960673	-0.9466358	2.888931	-0.145176	-0.9591424	2.895927	

0.2773353	-0.1446488	2.740794	-0.2439245	-0.1395171	2.76191	0.2673453	-0.3017196	2.777131	-0.2583719	-0.2616105	2.824896	0.2235122	-0.2065392	2.740833	-0.2730525	-0.2008152	2.785059	-0.01803838	0.5760514	2.506218	0.008559309	0.4625483	2.582566	0.007388336	0.3871635	2.604457	0.003540998	0.1564409	2.661525	-0.003163158	-0.1570498	2.72948	0.1874257	0.3782788	2.598684	-0.1671592	0.3844929	2.640553	0.07680064	-0.1533352	2.68448	-0.08311374	-0.1565855	2.700995	0.249528	0.09621221	2.696755	-0.2077074	0.1033178	2.73297	0.1532414	-0.5684383	2.803453	-0.1276966	-0.5948588	2.825028	0.1950412	-0.9496977	2.888048	-0.1456529	-0.9585043	2.895851	

0.2727922	-0.1495273	2.734684	-0.2568285	-0.1458925	2.753216	0.2571538	-0.3097208	2.761154	-0.2732295	-0.2654885	2.807601	0.2144196	-0.2002004	2.723417	-0.2916471	-0.2090673	2.7681	-0.02545751	0.5799078	2.510083	7.177472E-06	0.4646098	2.585693	-0.001404155	0.3888954	2.607182	-0.005887547	0.1570432	2.662778	-0.01293454	-0.1583815	2.72801	0.1799629	0.3782898	2.602357	-0.1730531	0.3843031	2.640689	0.06735568	-0.1546563	2.683568	-0.09289433	-0.1578669	2.698991	0.244624	0.09269818	2.695756	-0.2169645	0.09705817	2.727107	0.1498753	-0.5692797	2.802163	-0.130915	-0.5933996	2.824764	0.1938276	-0.950002	2.888269	-0.1459915	-0.9582776	2.895981	

0.2605295	-0.1546662	2.717585	-0.2682828	-0.1620781	2.743695	0.2534358	-0.3123164	2.736627	-0.2814939	-0.2648538	2.780642	0.2118276	-0.2300904	2.716923	-0.3124944	-0.212036	2.745471	-0.03313237	0.5824161	2.515846	-0.005914859	0.4659148	2.589456	-0.007082941	0.3899023	2.610117	-0.01099114	0.1572499	2.663563	-0.01791493	-0.1592842	2.726029	0.1746982	0.3777467	2.606456	-0.1816405	0.3820626	2.641617	0.06239414	-0.1555134	2.681916	-0.09774885	-0.1587813	2.696694	0.2394488	0.09116354	2.692304	-0.236499	0.08315875	2.723028	0.146346	-0.5715892	2.800535	-0.1338392	-0.5916925	2.824063	0.1932345	-0.9501824	2.888181	-0.1463274	-0.957746	2.896127	

0.2515448	-0.1565847	2.698899	-0.2894643	-0.1687579	2.722142	0.242646	-0.311728	2.708153	-0.2930821	-0.2867145	2.766201	0.2081348	-0.2625521	2.699333	-0.3291299	-0.215683	2.726333	-0.03976095	0.5851499	2.52041	-0.01293891	0.4674929	2.593567	-0.0137611	0.3911024	2.613458	-0.01655238	0.1573897	2.664716	-0.02215036	-0.1603874	2.724699	0.1679361	0.3778588	2.609999	-0.1919785	0.3816571	2.643981	0.05832642	-0.1564896	2.680491	-0.1020268	-0.1599759	2.695478	0.2339076	0.09163751	2.687733	-0.2477334	0.0771172	2.721123	0.1418455	-0.5749159	2.799244	-0.1392392	-0.5885531	2.820351	0.1913861	-0.951983	2.887568	-0.1467613	-0.9577247	2.896234	

0.2443261	-0.1565947	2.678651	-0.2983374	-0.1762774	2.710635	0.2342912	-0.3166638	2.680525	-0.3056325	-0.2904021	2.719362	0.1927214	-0.2528766	2.679222	-0.3398487	-0.2233667	2.695734	-0.04775163	0.5875256	2.525422	-0.0216584	0.4681924	2.598928	-0.02194742	0.3915551	2.617836	-0.02307488	0.1570919	2.666305	-0.02665747	-0.1616422	2.723205	0.1615537	0.3777329	2.613615	-0.2000511	0.3800111	2.646759	0.05418444	-0.1573149	2.679512	-0.106824	-0.1616758	2.693413	0.2291394	0.09313577	2.683643	-0.2599588	0.0707533	2.718066	0.1384064	-0.5755052	2.797452	-0.1419974	-0.587066	2.818747	0.1907514	-0.9539086	2.887148	-0.1469333	-0.957682	2.896297	

0.2199615	-0.1454329	2.601363	-0.3338659	-0.1696112	2.636435	0.2101094	-0.305804	2.5818	-0.3352943	-0.2938949	2.608119	0.1751573	-0.2534602	2.577222	-0.3466733	-0.2206056	2.579353	-0.07013754	0.5942097	2.537729	-0.04197885	0.4708751	2.607097	-0.04165187	0.3939448	2.624194	-0.041047	0.1584766	2.667271	-0.04256751	-0.1618615	2.716541	0.1399381	0.3777567	2.620161	-0.2220929	0.3786296	2.649339	0.03986716	-0.1576355	2.674547	-0.1239369	-0.161724	2.684936	0.2119919	0.1001573	2.661932	-0.2847665	0.07116532	2.694983	0.1278215	-0.5894666	2.788426	-0.1490884	-0.5826635	2.808415	0.187079	-0.9602326	2.884166	-0.1475802	-0.9584619	2.895859	

0.2161981	-0.1413921	2.594068	-0.3351939	-0.1689626	2.62974	0.2003282	-0.2965409	2.556907	-0.3442208	-0.2971075	2.594902	0.1617953	-0.2052599	2.571235	-0.349102	-0.2138994	2.564363	-0.07670043	0.596789	2.540724	-0.04940689	0.4721578	2.611253	-0.04887289	0.395061	2.627469	-0.04749424	0.1590548	2.667898	-0.04791243	-0.162069	2.713602	0.1336079	0.3793052	2.622072	-0.2281414	0.3776668	2.651193	0.03440222	-0.1577034	2.671874	-0.1289451	-0.162054	2.681829	0.2065728	0.104058	2.655547	-0.2902608	0.0722056	2.690935	0.1254586	-0.5931841	2.785377	-0.1527236	-0.583113	2.803697	0.1857828	-0.9632764	2.882387	-0.1479217	-0.9585575	2.895629	

0.1938211	-0.1272756	2.562938	-0.3436938	-0.164251	2.597499	0.1781048	-0.2790818	2.522323	-0.3589834	-0.2917235	2.558376	0.1449313	-0.1943855	2.534067	-0.3837889	-0.2165633	2.558222	-0.08926521	0.6032829	2.546466	-0.06012113	0.4770249	2.617254	-0.05940212	0.3993363	2.631985	-0.05765752	0.1617608	2.668175	-0.05819391	-0.161274	2.707598	0.123741	0.3824431	2.623577	-0.239336	0.3776583	2.653711	0.0243022	-0.1571837	2.666375	-0.1390948	-0.1609894	2.675375	0.1935236	0.1135619	2.644097	-0.3012601	0.07216192	2.67934	0.1176875	-0.6028674	2.773758	-0.1593496	-0.5810508	2.788269	0.1839325	-0.9627032	2.879654	-0.1481124	-0.9596463	2.895577	

0.1895966	-0.1253382	2.559824	-0.345204	-0.1666685	2.590698	0.1649937	-0.2720635	2.514893	-0.3560008	-0.2961488	2.552585	0.1354786	-0.2012216	2.51795	-0.3782779	-0.230118	2.538808	-0.09636406	0.6061361	2.549136	-0.06920622	0.4784156	2.62064	-0.06862076	0.4007943	2.634632	-0.06696338	0.1632042	2.668147	-0.06636243	-0.1602028	2.703726	0.1160428	0.3842332	2.624295	-0.2470363	0.3776494	2.656386	0.01600803	-0.1560589	2.662097	-0.1469168	-0.1599943	2.671922	0.1906643	0.1153451	2.641557	-0.3051696	0.07014661	2.672621	0.1132714	-0.6052574	2.765947	-0.1610903	-0.5806227	2.784488	0.1831106	-0.9643092	2.878423	-0.1488281	-0.9606111	2.893951	

0.1815247	-0.1195449	2.557764	-0.3449227	-0.1674856	2.584642	0.151046	-0.2654052	2.507938	-0.3530879	-0.2969307	2.55041	0.121435	-0.184804	2.5202	-0.3814917	-0.2392889	2.532466	-0.103538	0.6095183	2.553265	-0.0747871	0.4795281	2.622109	-0.0743591	0.4018502	2.635682	-0.0731119	0.1639968	2.667665	-0.07250472	-0.1599727	2.700798	0.1098396	0.3860097	2.624687	-0.2517842	0.3780322	2.657629	0.009625695	-0.155599	2.658058	-0.1527352	-0.1599711	2.669985	0.183899	0.1213172	2.638867	-0.3078677	0.0690724	2.668945	0.1102615	-0.6071982	2.759861	-0.1628225	-0.5804788	2.781551	0.1819451	-0.9645282	2.877205	-0.1491252	-0.9615186	2.892845	

0.1496452	-0.1086096	2.566473	-0.3367961	-0.1688947	2.584527	0.1108152	-0.2686601	2.531799	-0.3287348	-0.2973099	2.545738	0.08111351	-0.1838385	2.540895	-0.3548906	-0.2361543	2.527737	-0.1122297	0.6140831	2.555787	-0.08722438	0.4791105	2.624507	-0.08730575	0.401648	2.637045	-0.08789882	0.1643903	2.665463	-0.08986184	-0.1588182	2.692598	0.0931994	0.3871372	2.627353	-0.2695976	0.3782293	2.664059	-0.007077059	-0.1547814	2.647781	-0.1703216	-0.1585167	2.663862	0.1486155	0.1348533	2.637508	-0.3127893	0.06925372	2.668766	0.1042704	-0.6086677	2.75511	-0.166207	-0.5816441	2.777553	0.1809178	-0.9638443	2.873522	-0.1494839	-0.9628091	2.892601	

0.1429118	-0.1077491	2.5706	-0.332164	-0.1666696	2.586291	0.1084933	-0.2693643	2.546644	-0.317586	-0.3008707	2.552144	0.07418741	-0.1827852	2.548875	-0.3515983	-0.2144987	2.554333	-0.1187433	0.6165818	2.556952	-0.09248693	0.4793781	2.625935	-0.09263464	0.4020536	2.638076	-0.09317141	0.1651619	2.665319	-0.09447039	-0.1576966	2.691273	0.08587962	0.3894393	2.629679	-0.2747591	0.3803644	2.665431	-0.01149287	-0.1536624	2.64646	-0.1748976	-0.1574377	2.662609	0.143641	0.1364152	2.638069	-0.3162537	0.07186959	2.671082	0.100326	-0.6078262	2.752193	-0.1681303	-0.5822824	2.776162	0.1801864	-0.9615622	2.871021	-0.1498761	-0.964087	2.892059	

0.1338616	-0.1115082	2.589918	-0.3195529	-0.1489186	2.639884	0.1150107	-0.278227	2.574464	-0.2916499	-0.3075801	2.629377	0.07676762	-0.2184076	2.57725	-0.3452694	-0.194674	2.6282	-0.124423	0.6177762	2.561408	-0.1119206	0.478119	2.632772	-0.1097608	0.4011124	2.644054	-0.103783	0.1649647	2.668989	-0.09830888	-0.1574144	2.692847	0.06730326	0.3897465	2.639505	-0.2851205	0.3799034	2.666651	-0.01550314	-0.1528086	2.648685	-0.1785537	-0.1576732	2.663661	0.1281553	0.1335356	2.65294	-0.3250882	0.09892345	2.686052	0.09755124	-0.6077155	2.754716	-0.1715576	-0.5826557	2.779458	0.1799916	-0.9614628	2.871074	-0.1535578	-0.9671859	2.895105	

0.1347577	-0.1184053	2.600532	-0.3319832	-0.1491055	2.652784	0.1297606	-0.2806462	2.588786	-0.3093319	-0.316298	2.640752	0.08562677	-0.200015	2.597952	-0.3614114	-0.2124403	2.637308	-0.1281603	0.6174976	2.564999	-0.1184076	0.4762237	2.635752	-0.116263	0.3993132	2.647382	-0.1096812	0.1635979	2.673109	-0.1019214	-0.1579985	2.697417	0.0604527	0.3888019	2.644083	-0.2965127	0.3771247	2.667354	-0.01961897	-0.1529989	2.655863	-0.1815989	-0.1585269	2.666278	0.1226254	0.1267511	2.661645	-0.3320186	0.09939363	2.694071	0.09566268	-0.6075546	2.755697	-0.1779135	-0.5792078	2.788711	0.179874	-0.9613252	2.87127	-0.1536601	-0.9671696	2.895224	

0.1364619	-0.1205703	2.608999	-0.3375906	-0.1515725	2.661096	0.1389016	-0.2824193	2.60181	-0.3194773	-0.3173949	2.651114	0.08981904	-0.2152984	2.609375	-0.3718926	-0.2183553	2.639	-0.1305542	0.6172702	2.567516	-0.1232591	0.4747466	2.637316	-0.1209454	0.3978987	2.649291	-0.1137872	0.162371	2.676049	-0.1048348	-0.1589238	2.701953	0.05745098	0.3879431	2.647242	-0.2998791	0.3762066	2.667041	-0.02232746	-0.1537882	2.660708	-0.1844873	-0.1595872	2.67017	0.1208703	0.1251713	2.664623	-0.3358124	0.09691788	2.699948	0.09479991	-0.6074739	2.755421	-0.1821941	-0.5768024	2.796189	0.1793565	-0.9611428	2.871328	-0.1545217	-0.9641513	2.895246	

0.1391936	-0.1236459	2.616841	-0.3425233	-0.154807	2.669456	0.1508905	-0.2848333	2.613003	-0.3330374	-0.3263482	2.672987	0.09448151	-0.2155583	2.615118	-0.3630659	-0.275355	2.650714	-0.131576	0.6172915	2.569066	-0.1263969	0.4739658	2.637651	-0.1238599	0.3972027	2.649968	-0.1161684	0.1618884	2.677738	-0.1064782	-0.1590988	2.705487	0.05517522	0.3876489	2.650424	-0.3031326	0.3750119	2.666811	-0.02406661	-0.1534898	2.664852	-0.1859853	-0.160206	2.673046	0.1199066	0.1221625	2.66918	-0.3381067	0.09488474	2.704278	0.09268315	-0.6061949	2.752109	-0.186019	-0.5755578	2.804977	0.1788748	-0.960868	2.870602	-0.1552178	-0.9626763	2.895612	

0.1448224	-0.131692	2.628772	-0.3492241	-0.1638217	2.680754	0.1591732	-0.28583	2.625134	-0.3486916	-0.3354884	2.696026	0.09866773	-0.2174855	2.621435	-0.3913763	-0.2349697	2.680062	-0.1321903	0.6168573	2.57136	-0.127862	0.473644	2.63817	-0.1252778	0.3969261	2.650707	-0.1174256	0.1617685	2.679259	-0.1072032	-0.1588756	2.708425	0.05368242	0.3871752	2.653676	-0.3057923	0.37469	2.666204	-0.02485711	-0.1527091	2.66907	-0.1866072	-0.1604156	2.674882	0.1202783	0.1140902	2.677271	-0.3431236	0.08991044	2.70783	0.09063609	-0.6052855	2.748618	-0.1889094	-0.5759088	2.812713	0.1783348	-0.9610469	2.870523	-0.1555175	-0.9626071	2.895956	

0.149361	-0.1342812	2.633974	-0.3563661	-0.1743604	2.692858	0.1651015	-0.2854775	2.6352	-0.3608717	-0.3406484	2.717218	0.1061381	-0.2267688	2.6299	-0.4008465	-0.2449061	2.692369	-0.1326074	0.6168511	2.573078	-0.1283797	0.4734892	2.638709	-0.1258496	0.3967911	2.651511	-0.1180552	0.161779	2.681187	-0.1074587	-0.1584438	2.712295	0.05263407	0.3875328	2.658145	-0.3072682	0.3745922	2.665857	-0.02494067	-0.1521647	2.674315	-0.186966	-0.1601839	2.677384	0.1221265	0.1111297	2.682482	-0.3462728	0.08758643	2.710731	0.08999213	-0.6047544	2.746948	-0.1893742	-0.5755234	2.814553	0.1782733	-0.9609783	2.870583	-0.1556447	-0.9625718	2.896025	

0.1553019	-0.1347587	2.644078	-0.3609928	-0.1780544	2.700968	0.1711264	-0.2862053	2.642617	-0.3749182	-0.3376779	2.742132	0.1145777	-0.2316788	2.643625	-0.4102236	-0.2465245	2.709059	-0.132529	0.6173247	2.575272	-0.1290043	0.4736169	2.639546	-0.1264245	0.3969431	2.65259	-0.1183131	0.1620256	2.683099	-0.1068671	-0.158066	2.715302	0.05201614	0.3877991	2.6612	-0.3079931	0.3745652	2.665892	-0.0242038	-0.1514114	2.677704	-0.1865584	-0.1602061	2.679847	0.1243955	0.1107052	2.688869	-0.347268	0.08465408	2.712432	0.08995499	-0.6047389	2.747108	-0.1893637	-0.5751373	2.815257	0.1784051	-0.9631888	2.871719	-0.1559362	-0.9622913	2.896137	

0.1651201	-0.1346416	2.664175	-0.3710664	-0.1770734	2.716588	0.1814574	-0.286988	2.67033	-0.3912774	-0.3173985	2.774221	0.1176502	-0.2182833	2.651313	-0.4220268	-0.2229598	2.7158	-0.1318255	0.618337	2.576389	-0.1291803	0.4738781	2.639629	-0.1265352	0.3972385	2.652834	-0.1180041	0.1626029	2.6843	-0.1051612	-0.1570604	2.718632	0.05225554	0.387901	2.662899	-0.3081993	0.3751218	2.665703	-0.02242904	-0.1504518	2.680827	-0.1850325	-0.1592766	2.683221	0.1288267	0.1111618	2.699934	-0.3497563	0.07706171	2.716029	0.09079969	-0.6061536	2.752645	-0.1891494	-0.575202	2.81549	0.1785062	-0.9645262	2.872406	-0.1560359	-0.9622509	2.896191	

0.1777259	-0.1384956	2.690992	-0.3730051	-0.1734318	2.72065	0.1919321	-0.2823344	2.705664	-0.3905777	-0.3116358	2.773024	0.1434234	-0.1939875	2.677546	-0.4198849	-0.2205274	2.716308	-0.1302372	0.6197658	2.577477	-0.1290106	0.4748004	2.640378	-0.1261664	0.3983573	2.654111	-0.1166983	0.164271	2.687626	-0.1023377	-0.1549037	2.724799	0.05303327	0.3885947	2.66381	-0.3074498	0.3775279	2.666241	-0.01947076	-0.1481042	2.687377	-0.1824505	-0.1574413	2.688904	0.1342877	0.1072864	2.709199	-0.3498233	0.07737891	2.71935	0.09414821	-0.6060374	2.761624	-0.1879325	-0.574509	2.817317	0.1783597	-0.9645835	2.872485	-0.1562214	-0.9618685	2.896498	

0.17816	-0.1429569	2.691782	-0.3203573	-0.1544114	2.705015	0.1831809	-0.2926595	2.707773	-0.2988003	-0.3189728	2.712993	0.1315051	-0.2149939	2.679278	-0.3555939	-0.2273757	2.703143	-0.123151	0.6200961	2.583852	-0.1246937	0.4757642	2.644508	-0.1218998	0.3993458	2.659114	-0.1130048	0.1652417	2.694778	-0.1003254	-0.1539668	2.733824	0.05631427	0.3877043	2.665616	-0.3026423	0.3814089	2.674007	-0.01787891	-0.1477853	2.693472	-0.1800549	-0.1557844	2.701404	0.1370799	0.1031919	2.711946	-0.3358023	0.09481216	2.72447	0.0968378	-0.6137768	2.767671	-0.1836349	-0.5731663	2.829843	0.1781368	-0.9646565	2.872277	-0.1560033	-0.9617209	2.896989	

0.1688948	-0.1365203	2.669206	-0.325205	-0.1559284	2.709367	0.1617942	-0.2859674	2.647585	-0.3209269	-0.3206162	2.723505	0.1176224	-0.2373381	2.641	-0.3628991	-0.2292886	2.697659	-0.1176909	0.6204284	2.587567	-0.1205641	0.4761388	2.649377	-0.1178622	0.3997943	2.664553	-0.1094108	0.165914	2.701481	-0.09762194	-0.1529031	2.741619	0.0606353	0.3877473	2.670002	-0.2995013	0.3828635	2.67692	-0.01521194	-0.1468524	2.702214	-0.1774895	-0.1547657	2.707881	0.1382894	0.1095982	2.710373	-0.3342749	0.09507792	2.726958	0.09714955	-0.613734	2.767223	-0.1819309	-0.5730726	2.835021	0.1779374	-0.9647267	2.872567	-0.1559165	-0.9613945	2.897185	

0.1655513	-0.1314614	2.659593	-0.3271759	-0.1575375	2.710695	0.1511886	-0.2791702	2.634465	-0.3169595	-0.3257294	2.731156	0.1115986	-0.2036164	2.626792	-0.3660585	-0.2589419	2.706857	-0.1136679	0.6213508	2.589225	-0.1186978	0.4766745	2.650887	-0.1160247	0.4003011	2.666261	-0.1076426	0.1663163	2.703662	-0.09596418	-0.1526385	2.744302	0.06490383	0.3883142	2.675111	-0.2976107	0.3829003	2.677499	-0.01320221	-0.146538	2.705977	-0.1761967	-0.15458	2.709599	0.1394378	0.1140444	2.708922	-0.333141	0.09539903	2.72849	0.09796613	-0.6126584	2.766155	-0.1804119	-0.5731331	2.835888	0.1779393	-0.964707	2.872599	-0.1556326	-0.9602938	2.897827	

0.1639202	-0.1260466	2.654953	-0.3286864	-0.1600211	2.713577	0.1471223	-0.2782227	2.63403	-0.3202746	-0.3284328	2.733491	0.10542	-0.2081071	2.625211	-0.3650238	-0.2531402	2.70416	-0.1110511	0.6216908	2.590157	-0.11792	0.4770012	2.6517	-0.1152055	0.4006514	2.667237	-0.1066888	0.1667316	2.705086	-0.09482472	-0.1521193	2.746286	0.06841934	0.3890541	2.679378	-0.2952193	0.3839605	2.678037	-0.01182059	-0.1461539	2.708802	-0.175312	-0.1540219	2.710813	0.1407327	0.1190214	2.708505	-0.3323116	0.09594435	2.729156	0.0990125	-0.6122447	2.766034	-0.1783504	-0.573085	2.836681	0.1782509	-0.9653206	2.872503	-0.1559315	-0.9607981	2.898996	

0.1633789	-0.1218238	2.650659	-0.3300083	-0.1619872	2.714785	0.1449058	-0.2840234	2.626911	-0.3315211	-0.3231997	2.737885	0.1051782	-0.190209	2.62728	-0.373878	-0.2286235	2.709895	-0.1080024	0.6224753	2.590674	-0.1158085	0.477818	2.65225	-0.1129832	0.4014454	2.667998	-0.1040175	0.1674543	2.706475	-0.09138958	-0.1515095	2.748595	0.07154393	0.3899676	2.681799	-0.2934822	0.384553	2.677635	-0.008233602	-0.1456353	2.711972	-0.1720967	-0.1533528	2.712261	0.1424319	0.1224611	2.709345	-0.330181	0.0925217	2.729643	0.100109	-0.6114539	2.765922	-0.1767181	-0.5733269	2.837238	0.1783546	-0.9654494	2.872578	-0.1558039	-0.960611	2.899011	

0.1667792	-0.1244925	2.644799	-0.3301454	-0.1629566	2.714804	0.1557635	-0.2919784	2.628082	-0.3334418	-0.3269628	2.744246	0.1181777	-0.2209661	2.6224	-0.3720141	-0.2404069	2.709696	-0.1049297	0.6232633	2.591562	-0.1131954	0.4786356	2.652722	-0.1101556	0.4022284	2.668592	-0.1004722	0.168104	2.707364	-0.08677543	-0.1510805	2.749771	0.07492041	0.3901227	2.683469	-0.2913593	0.3852903	2.677279	-0.003803282	-0.1451225	2.713827	-0.1673367	-0.1530072	2.712651	0.1463371	0.1243852	2.710578	-0.3273732	0.08900828	2.728842	0.101585	-0.6105118	2.766181	-0.1749711	-0.5732495	2.837331	0.1784	-0.9660311	2.872942	-0.1556888	-0.9600467	2.899252	

0.1802797	-0.1273798	2.647873	-0.3293111	-0.1627755	2.713902	0.1920407	-0.292272	2.631195	-0.3180755	-0.3290274	2.728752	0.1444483	-0.1936351	2.658231	-0.3592116	-0.2385746	2.693435	-0.09941898	0.6244622	2.591465	-0.1089559	0.4796417	2.652605	-0.1056631	0.4032057	2.668593	-0.09517798	0.1689836	2.707634	-0.08038161	-0.1503287	2.750293	0.08008254	0.3909898	2.684923	-0.2871651	0.3848611	2.676329	0.002121001	-0.1441155	2.714555	-0.1606761	-0.1525461	2.712835	0.1549222	0.1214781	2.710973	-0.3238617	0.08960667	2.727809	0.1045237	-0.6080127	2.765957	-0.172659	-0.5722702	2.836536	0.1790236	-0.9649271	2.873073	-0.1554857	-0.9599035	2.899249	

0.2123191	-0.1396986	2.667604	-0.322719	-0.1593243	2.706283	0.2323871	-0.3115152	2.681173	-0.2996937	-0.3256088	2.709594	0.1897136	-0.2302957	2.639048	-0.3578836	-0.2083393	2.679867	-0.09184287	0.6249053	2.592146	-0.09973721	0.4808945	2.653322	-0.0969965	0.4043542	2.66894	-0.08806332	0.169857	2.706901	-0.07493287	-0.1497136	2.748256	0.08551779	0.3913539	2.682613	-0.2783877	0.3865146	2.675362	0.007204343	-0.143474	2.712393	-0.1550055	-0.1519657	2.710852	0.1709074	0.1097934	2.710087	-0.3172346	0.09165593	2.726032	0.1072952	-0.6055784	2.764117	-0.1697416	-0.5727248	2.834196	0.1792336	-0.9653862	2.872942	-0.1551634	-0.9595055	2.89843	

0.2337838	-0.146044	2.68224	-0.3194147	-0.1576928	2.702838	0.2640612	-0.3030784	2.704541	-0.297942	-0.3247279	2.699171	0.2107297	-0.2207759	2.669096	-0.3359554	-0.2639354	2.665813	-0.08209939	0.6255554	2.591777	-0.09140186	0.4809754	2.652129	-0.08865801	0.4043944	2.667242	-0.07969598	0.1697559	2.70347	-0.06649683	-0.1500593	2.741877	0.09413002	0.3914391	2.680754	-0.2681682	0.388003	2.673881	0.01585521	-0.1436082	2.70548	-0.1470077	-0.1524892	2.70491	0.1830183	0.1023394	2.714014	-0.3101641	0.0929438	2.72492	0.1110559	-0.6003005	2.762454	-0.1665879	-0.5749891	2.830992	0.1793171	-0.9654135	2.87289	-0.1549546	-0.9596081	2.898347	

0.2387495	-0.1466477	2.6872	-0.3171968	-0.1564974	2.700347	0.270065	-0.3014264	2.706432	-0.3062742	-0.3249878	2.701439	0.2167588	-0.2167137	2.67008	-0.3396114	-0.2473369	2.666056	-0.07739268	0.6255885	2.591042	-0.08518394	0.4818941	2.651514	-0.08288907	0.4051774	2.666321	-0.07521258	0.1701721	2.701718	-0.06350397	-0.1500466	2.739181	0.09893169	0.3910089	2.67932	-0.2643713	0.3884377	2.672837	0.01852027	-0.1434843	2.70307	-0.143768	-0.1525972	2.701899	0.1877021	0.100174	2.715751	-0.3067212	0.09335234	2.722728	0.1139283	-0.5971586	2.761602	-0.1638953	-0.5767223	2.82911	0.1803521	-0.965424	2.873308	-0.1548244	-0.9600902	2.898432	

0.243986	-0.1470217	2.690682	-0.3147891	-0.1583311	2.698523	0.281723	-0.3028868	2.712283	-0.3057601	-0.3272236	2.708802	0.2302467	-0.2321924	2.67645	-0.3410425	-0.2400621	2.672852	-0.07251191	0.6263424	2.589579	-0.08009733	0.4821188	2.650531	-0.0777868	0.4053595	2.665083	-0.07021658	0.1701975	2.69964	-0.05901734	-0.15028	2.735952	0.1037735	0.3905606	2.678342	-0.2596561	0.3875217	2.670717	0.02325607	-0.1435052	2.699065	-0.1396396	-0.1530045	2.699359	0.1944556	0.0971676	2.719573	-0.3017969	0.09168196	2.718611	0.1168613	-0.5940446	2.758385	-0.1621813	-0.5777735	2.827531	0.1813197	-0.9644078	2.872708	-0.1544206	-0.9599262	2.898107	

0.2473991	-0.1482161	2.692954	-0.3129898	-0.1598243	2.697372	0.2816903	-0.3028339	2.711839	-0.3057499	-0.3258471	2.704813	0.2318759	-0.2389882	2.664539	-0.3359635	-0.2373658	2.673256	-0.06873509	0.6264437	2.588713	-0.0768313	0.4817918	2.649479	-0.0745172	0.4050572	2.663794	-0.06697267	0.1699575	2.697551	-0.05595028	-0.1504555	2.732605	0.1078733	0.3899197	2.677724	-0.2554407	0.3872403	2.668774	0.02624444	-0.1435806	2.696101	-0.1366093	-0.1532818	2.695642	0.197361	0.09608689	2.720492	-0.2976784	0.09091107	2.714899	0.1191617	-0.5912513	2.753273	-0.1602461	-0.5787397	2.825798	0.1819147	-0.9643053	2.872373	-0.1542945	-0.9599307	2.897917	

0.2490587	-0.1483943	2.692649	-0.3114049	-0.162664	2.693908	0.2768558	-0.3104057	2.713322	-0.3082866	-0.3328735	2.709852	0.2277305	-0.2309526	2.67265	-0.3476147	-0.2196007	2.676385	-0.06438539	0.6279017	2.587715	-0.07021931	0.4823223	2.645216	-0.06803326	0.4053995	2.659288	-0.06096201	0.1697027	2.692276	-0.05077308	-0.1515781	2.726307	0.1139583	0.3903292	2.67579	-0.2483938	0.3843208	2.662479	0.03150192	-0.1444514	2.689526	-0.1316677	-0.1546082	2.68965	0.200318	0.09637503	2.719201	-0.2906186	0.08647604	2.708913	0.1210124	-0.588075	2.74524	-0.1573437	-0.5803123	2.823675	0.1824231	-0.9643811	2.8721	-0.1535689	-0.9593056	2.897545	

0.2460141	-0.14639	2.674891	-0.283727	-0.1652494	2.66087	0.2584654	-0.3087281	2.696004	-0.2774853	-0.3337907	2.663562	0.2008801	-0.2354418	2.657334	-0.3161991	-0.238682	2.639773	-0.0620371	0.6308657	2.584161	-0.06286724	0.4846286	2.633504	-0.05991958	0.4074745	2.646991	-0.05045766	0.1709236	2.678128	-0.03689273	-0.1518496	2.709622	0.1228825	0.3955282	2.658846	-0.2420226	0.3823157	2.654407	0.04494025	-0.143838	2.671166	-0.1176947	-0.1556991	2.674528	0.2072278	0.1004968	2.698428	-0.2752677	0.0843482	2.688305	0.1281537	-0.5846314	2.756986	-0.1512923	-0.580398	2.811767	0.1846196	-0.960041	2.876164	-0.1528777	-0.9589629	2.897511	

0.2453843	-0.1450979	2.665737	-0.2819948	-0.166241	2.658899	0.2629977	-0.3118576	2.677855	-0.2695472	-0.333878	2.654465	0.1975873	-0.2152953	2.642429	-0.3041048	-0.2769933	2.637	-0.06108993	0.6317735	2.582366	-0.06085921	0.4847339	2.628985	-0.05780329	0.407398	2.642645	-0.04811653	0.1703421	2.674316	-0.03442954	-0.1529879	2.706537	0.1246556	0.3955667	2.653527	-0.2401409	0.3794426	2.650763	0.04715302	-0.1447001	2.668139	-0.115054	-0.1571008	2.671438	0.2084585	0.101991	2.69285	-0.2720979	0.08349556	2.684495	0.1309413	-0.5838435	2.760788	-0.1493108	-0.5816264	2.807789	0.1856769	-0.9590164	2.877189	-0.1521337	-0.9583057	2.896479	

0.2438695	-0.1423077	2.643137	-0.2738342	-0.1686341	2.649807	0.2546118	-0.3072732	2.656145	-0.2556506	-0.3373958	2.636333	0.1907115	-0.2120084	2.621148	-0.2985695	-0.2359959	2.623455	-0.06273406	0.632138	2.576024	-0.05932362	0.4842908	2.624916	-0.05616717	0.4068663	2.63859	-0.0462372	0.1695481	2.670356	-0.03234722	-0.1540947	2.702811	0.1255791	0.3962536	2.646666	-0.2387494	0.3771887	2.648061	0.04931082	-0.1456475	2.663372	-0.1131073	-0.1583025	2.668628	0.2093744	0.1041573	2.682575	-0.2678904	0.08280241	2.67936	0.1327486	-0.5824134	2.762919	-0.1476987	-0.5815879	2.804081	0.1862186	-0.9580624	2.878314	-0.1514423	-0.9581977	2.895762	

0.2424365	-0.1377575	2.633764	-0.2708021	-0.1718391	2.644175	0.2460842	-0.3050321	2.641166	-0.2506354	-0.3357492	2.627164	0.188859	-0.2090601	2.612801	-0.2904696	-0.2547177	2.613	-0.06362877	0.6327363	2.572422	-0.05876417	0.4842193	2.622141	-0.0555464	0.4067216	2.635768	-0.04545241	0.1691734	2.667402	-0.03138198	-0.1547893	2.699705	0.1262996	0.3965739	2.642946	-0.2382091	0.3748271	2.644969	0.05009688	-0.1461035	2.659826	-0.1120113	-0.1591995	2.665987	0.2094147	0.1087595	2.675032	-0.2647211	0.08190431	2.674178	0.1339494	-0.5814261	2.763752	-0.146481	-0.5813205	2.80129	0.1865105	-0.9576823	2.878985	-0.1506916	-0.9578173	2.895132	

0.2385174	-0.1275606	2.604474	-0.2656287	-0.1752654	2.635336	0.2402602	-0.289518	2.604068	-0.2448893	-0.3425287	2.624001	0.1854135	-0.2035221	2.592	-0.2832996	-0.2674809	2.60964	-0.0671771	0.6331262	2.564299	-0.06013414	0.4829966	2.611802	-0.05636956	0.4056051	2.626601	-0.04499577	0.1683419	2.661252	-0.02990193	-0.1553177	2.696409	0.1263771	0.3980513	2.631852	-0.2379332	0.3702676	2.636246	0.05167789	-0.1464345	2.65487	-0.1106977	-0.1598361	2.664021	0.2106426	0.1176121	2.659428	-0.2600962	0.07892445	2.667857	0.1362292	-0.5795546	2.763688	-0.1444137	-0.5820262	2.798518	0.1866314	-0.9560508	2.879866	-0.1505259	-0.957482	2.894746	

0.2385042	-0.1241719	2.600476	-0.2645883	-0.175878	2.632174	0.2401615	-0.286474	2.591453	-0.2438985	-0.3413597	2.620268	0.1851989	-0.1955588	2.595474	-0.2787058	-0.2885661	2.603048	-0.06948581	0.6323559	2.55867	-0.06125583	0.4820077	2.605102	-0.05712727	0.4047107	2.620522	-0.04475677	0.167729	2.657092	-0.02874583	-0.1556058	2.694453	0.1258733	0.3987623	2.626489	-0.2375861	0.3678387	2.630156	0.05262473	-0.1465052	2.653157	-0.1093735	-0.1603768	2.661982	0.2105896	0.120987	2.655419	-0.2575032	0.07729654	2.663652	0.1376478	-0.5783121	2.764028	-0.1430447	-0.5818966	2.795558	0.1867828	-0.9556188	2.880274	-0.1503499	-0.9573492	2.89465	

0.2386196	-0.1229362	2.591153	-0.2640401	-0.1771909	2.629469	0.2422598	-0.2868094	2.584605	-0.2480184	-0.3433077	2.620876	0.1878986	-0.1829057	2.588	-0.2764471	-0.300134	2.596692	-0.07274004	0.6298087	2.54545	-0.06317709	0.4795485	2.594021	-0.05845528	0.4025198	2.610981	-0.04457649	0.1663002	2.651718	-0.02747319	-0.156236	2.692962	0.1244754	0.3979108	2.610171	-0.2380159	0.3641687	2.619504	0.05363538	-0.1468037	2.652075	-0.1078524	-0.1614077	2.660117	0.2113566	0.1220862	2.647212	-0.2551154	0.07377714	2.659184	0.1393887	-0.5763417	2.764353	-0.1422268	-0.5818396	2.794869	0.1872632	-0.9555343	2.881399	-0.1499868	-0.9570614	2.89399	

0.2386237	-0.1236254	2.588094	-0.263258	-0.1807251	2.627041	0.244147	-0.2856363	2.585547	-0.2473125	-0.3504342	2.625415	0.1952265	-0.207369	2.5866	-0.2841404	-0.2784955	2.596583	-0.07475276	0.6282215	2.538019	-0.06426745	0.4790079	2.588811	-0.05922379	0.4019728	2.606298	-0.0443753	0.1658087	2.648836	-0.02624619	-0.1565495	2.692233	0.1239288	0.39766	2.606135	-0.2385985	0.3626776	2.615449	0.05474344	-0.146926	2.651365	-0.1065311	-0.1619182	2.659425	0.2119506	0.121807	2.642159	-0.2542972	0.07137391	2.657058	0.1406139	-0.5739815	2.765067	-0.1411406	-0.5815477	2.794223	0.187129	-0.9548036	2.88196	-0.1498077	-0.95691	2.893528	

0.2387101	-0.1253827	2.585484	-0.2647347	-0.1822973	2.624547	0.249152	-0.2930149	2.588291	-0.2533277	-0.3533722	2.627166	0.1966733	-0.2252503	2.5965	-0.2875188	-0.2868532	2.5825	-0.07955185	0.6218793	2.517635	-0.06463545	0.4750613	2.572345	-0.05940664	0.3985723	2.592748	-0.04392289	0.1639025	2.64279	-0.0254873	-0.1570006	2.691972	0.1212799	0.3939677	2.588052	-0.2410291	0.3593269	2.603874	0.05566883	-0.1473063	2.650915	-0.1059113	-0.1624277	2.659353	0.2124774	0.1208161	2.635161	-0.2549011	0.06860501	2.652478	0.1421079	-0.5724736	2.767698	-0.1398044	-0.58195	2.794307	0.1873224	-0.9536593	2.882915	-0.1501372	-0.9567993	2.894246	

0.2396149	-0.1291256	2.584525	-0.270542	-0.1902575	2.613861	0.2485886	-0.2849461	2.600597	-0.2692451	-0.3567504	2.614745	0.2034324	-0.2074735	2.586778	-0.3145148	-0.2605147	2.595	-0.08918845	0.6000415	2.45741	-0.07142414	0.4569145	2.519529	-0.06468917	0.3823278	2.546477	-0.0440105	0.1578661	2.628093	-0.0229829	-0.157472	2.694278	0.1155585	0.3880487	2.547227	-0.2422635	0.3445559	2.561097	0.05810091	-0.1473204	2.653021	-0.1033385	-0.1633971	2.662015	0.213314	0.118677	2.622201	-0.2563798	0.0588785	2.644906	0.1435803	-0.5704024	2.769583	-0.1374375	-0.5820712	2.795786	0.187427	-0.9528224	2.883002	-0.1492661	-0.9568311	2.894128	

0.2408043	-0.1326547	2.583153	-0.2721406	-0.1944162	2.60961	0.2487563	-0.2845396	2.599212	-0.2693465	-0.3565828	2.606544	0.2005752	-0.1935677	2.600417	-0.3180037	-0.2318487	2.577454	-0.09055093	0.5963392	2.450388	-0.07204115	0.4553334	2.516416	-0.06507292	0.3809946	2.544362	-0.04393139	0.1546328	2.624052	-0.0190107	-0.1598607	2.700467	0.1143252	0.38487	2.537462	-0.2431394	0.3419802	2.556593	0.06176943	-0.1487232	2.658733	-0.09915876	-0.1668152	2.668818	0.2143949	0.1158349	2.613625	-0.2587596	0.05486344	2.639911	0.1442854	-0.568363	2.77084	-0.1340817	-0.5852494	2.799424	0.1876542	-0.9525263	2.883238	-0.1486025	-0.9569961	2.893489	

0.2411618	-0.1353865	2.583507	-0.274276	-0.1997155	2.605739	0.2529638	-0.2904876	2.610301	-0.2719429	-0.3558096	2.596626	0.2008513	-0.1938084	2.604	-0.2998148	-0.274786	2.567474	-0.09360894	0.5816517	2.426471	-0.07336834	0.4469452	2.5027	-0.06601663	0.3741811	2.534489	-0.04404875	0.1499845	2.619216	-0.01696146	-0.1615798	2.706007	0.1127651	0.3802941	2.52381	-0.2435598	0.335817	2.546246	0.06376147	-0.150107	2.664502	-0.09715109	-0.1687634	2.674114	0.2158441	0.1137552	2.605762	-0.2602471	0.0497634	2.633136	0.1452342	-0.5676	2.771999	-0.1318537	-0.5867534	2.801822	0.1882094	-0.952931	2.8838	-0.1482396	-0.9568142	2.893292	

0.2440003	-0.1654529	2.586729	-0.2753116	-0.2477099	2.588393	0.2529931	-0.3015735	2.619038	-0.2562866	-0.3982033	2.605387	0.2128072	-0.2577479	2.5942	-0.3001726	-0.3251487	2.57538	-0.09579668	0.5148431	2.355471	-0.07160391	0.3934775	2.449416	-0.06315862	0.3235448	2.491434	-0.03837761	0.1164041	2.610063	-0.001743573	-0.1819496	2.753882	0.1058613	0.3368597	2.465314	-0.2408618	0.2861403	2.488697	0.07935674	-0.168779	2.715991	-0.0827935	-0.1902719	2.718398	0.2240533	0.08344544	2.57731	-0.2772451	0.002541156	2.594222	0.1551199	-0.5765409	2.786119	-0.1258278	-0.5891986	2.808988	0.1881771	-0.9530517	2.883896	-0.1481574	-0.9568676	2.893295	

0.2484853	-0.1812643	2.587629	-0.2720448	-0.282641	2.577949	0.2541406	-0.324593	2.6314	-0.2516849	-0.4345582	2.611195	0.2114996	-0.2624342	2.590289	-0.2949066	-0.3603669	2.57816	-0.09334143	0.4509366	2.313021	-0.07162092	0.3552161	2.4026	-0.06209796	0.2878972	2.454192	-0.03445964	0.09190751	2.602625	0.004283148	-0.1930612	2.774343	0.108112	0.3012723	2.446218	-0.2366173	0.2466305	2.464449	0.0848228	-0.1782808	2.739636	-0.07634272	-0.202745	2.736135	0.2266148	0.06657036	2.569825	-0.2746771	-0.03265441	2.578891	0.1579642	-0.5798643	2.793851	-0.1217692	-0.5935665	2.816364	0.1883754	-0.9536014	2.884073	-0.1460624	-0.9593462	2.892289	

0.2506496	-0.1961485	2.586537	-0.2671789	-0.3040769	2.577951	0.2516932	-0.3388104	2.632379	-0.2540478	-0.4429795	2.605648	0.2075254	-0.2682525	2.599334	-0.2907566	-0.3788496	2.563278	-0.09156478	0.4160468	2.299159	-0.06554401	0.3269045	2.390748	-0.05725771	0.264538	2.446103	-0.03043476	0.06822752	2.599974	0.006217116	-0.2030332	2.787283	0.1080919	0.278907	2.438017	-0.2328837	0.2333796	2.457433	0.08646968	-0.1869969	2.751085	-0.07419518	-0.213669	2.750241	0.2297249	0.05160059	2.567143	-0.2734311	-0.05454483	2.572114	0.1589489	-0.5806911	2.797238	-0.1204041	-0.5948331	2.818708	0.1885362	-0.9537096	2.883894	-0.1443147	-0.9620337	2.891553	

0.2527695	-0.2130024	2.585661	-0.2621054	-0.3278759	2.5814	0.2559618	-0.3647282	2.660452	-0.2430461	-0.4814061	2.617979	0.2018055	-0.2688819	2.645715	-0.2820207	-0.4159532	2.567	-0.09127298	0.3663113	2.279498	-0.04771644	0.2798873	2.368294	-0.04082905	0.2179234	2.427742	-0.02188375	0.03658243	2.597282	0.008182428	-0.2205885	2.804441	0.1094776	0.2477652	2.430416	-0.224793	0.197133	2.445673	0.08874962	-0.2030488	2.771966	-0.07254985	-0.2325461	2.764147	0.2317458	0.03479515	2.567023	-0.2693146	-0.07922807	2.567003	0.1592276	-0.5808872	2.800694	-0.1193918	-0.6165003	2.826161	0.1885735	-0.9536861	2.883958	-0.1441284	-0.9648386	2.891038	

0.2471335	-0.228048	2.591084	-0.2541192	-0.3578078	2.581344	0.2463018	-0.3696777	2.645001	-0.2336209	-0.5151819	2.628136	0.1985966	-0.2610388	2.670636	-0.282593	-0.4540118	2.577429	-0.08304654	0.3131821	2.268162	-0.02715868	0.2719788	2.365236	-0.02419501	0.2102146	2.426691	-0.00992499	0.02221872	2.601015	0.01136087	-0.2401986	2.823407	0.1090953	0.2100789	2.425397	-0.2211834	0.1562092	2.444221	0.09217566	-0.2204894	2.799479	-0.06959829	-0.2541576	2.776058	0.2345382	0.0199493	2.570206	-0.2681951	-0.1099702	2.563833	0.162533	-0.5970728	2.807951	-0.1205871	-0.6247867	2.827851	0.1886534	-0.9538847	2.884065	-0.1433697	-0.9671924	2.889177	

0.2472652	-0.2436928	2.592732	-0.2498811	-0.3985578	2.582974	0.2403067	-0.3824245	2.637673	-0.2280387	-0.5490748	2.624105	0.1987924	-0.2623224	2.673286	-0.2749532	-0.489143	2.57585	-0.07308835	0.2615895	2.259702	-0.03420254	0.1786291	2.349622	-0.02927326	0.1245765	2.418815	-0.01414742	-0.04029552	2.61684	0.006386217	-0.2631148	2.871289	0.1117169	0.1755628	2.426395	-0.2158558	0.1286269	2.439761	0.09336539	-0.2305906	2.867105	-0.07950506	-0.2848873	2.799173	0.2403123	0.004736464	2.573927	-0.2645605	-0.1508432	2.566532	0.1651421	-0.609893	2.80704	-0.1236353	-0.6599436	2.833737	0.1888841	-0.954105	2.884184	-0.1429429	-0.9708819	2.888695	

0.2454636	-0.2553913	2.601326	-0.2405742	-0.4316292	2.583863	0.2331655	-0.3929056	2.638811	-0.2182912	-0.5812609	2.625076	0.1991464	-0.2745577	2.67825	-0.271288	-0.5191587	2.580369	-0.06348156	0.2079973	2.258036	0.001592005	0.1917163	2.354554	-0.0003250353	0.1409969	2.428394	0.001612149	-0.007261942	2.644973	-0.002338881	-0.208367	2.925015	0.1223671	0.1795655	2.412533	-0.2099974	0.08990636	2.435031	0.08276074	-0.1732339	2.915311	-0.08742533	-0.2382927	2.86136	0.2472313	-0.00788961	2.575396	-0.2641433	-0.1716592	2.566707	0.1607704	-0.5847848	2.809137	-0.115976	-0.6235911	2.825062	0.1889199	-0.9542021	2.884249	-0.14155	-0.9722428	2.888444	

0.2471163	-0.2662266	2.609059	-0.2336108	-0.4746982	2.59299	0.228039	-0.4349139	2.6481	-0.212366	-0.6436712	2.613173	0.1990886	-0.3138048	2.694833	-0.2595933	-0.5701704	2.565909	-0.0479125	0.1496322	2.28368	0.01639315	0.1999597	2.36235	0.0115031	0.148871	2.437253	0.002070984	-0.004253494	2.652421	-0.01293832	-0.2084773	2.93756	0.1566519	0.2204015	2.42451	-0.1837472	0.1207275	2.454624	0.06884156	-0.1650791	2.955421	-0.09750701	-0.2425502	2.861775	0.2586654	-0.02385917	2.559754	-0.244332	-0.1946028	2.550518	0.1631884	-0.5919611	2.811935	-0.1090977	-0.6376006	2.825504	0.1890927	-0.954038	2.88404	-0.1411254	-0.9724116	2.887414	

0.2452359	-0.3323187	2.621105	-0.2300293	-0.4883157	2.597522	0.2269728	-0.4704513	2.679022	-0.2209108	-0.6562649	2.609787	0.1963028	-0.3697175	2.7085	-0.2549253	-0.5837837	2.566143	-0.03562819	0.1585135	2.378829	0.04883508	0.2229781	2.483148	0.04174173	0.1514717	2.532842	0.01998313	-0.06663327	2.672285	-0.009594491	-0.3618097	2.848145	0.1501434	0.2142956	2.485092	-0.1883931	0.1166481	2.516431	0.06711049	-0.3062935	2.945724	-0.08627567	-0.4082471	2.677558	0.2762767	-0.07160667	2.578583	-0.2404116	-0.2140665	2.563441	0.1835665	-0.6583852	2.798895	-0.1228101	-0.7281665	2.842006	0.1891699	-0.9540421	2.883904	-0.1450149	-1.057856	2.910316	

0.2529648	-0.4236607	2.644431	-0.2066488	-0.6044294	2.626583	0.2303268	-0.5669015	2.692604	-0.1930853	-0.7778091	2.653864	0.1871201	-0.4583493	2.713742	-0.2352352	-0.701085	2.607687	-0.1469711	0.05448868	2.353458	-0.05976546	0.1214699	2.457921	-0.05316822	0.05645855	2.508609	-0.03286249	-0.1414557	2.650986	-0.005350405	-0.4071985	2.831487	0.04183957	0.113032	2.459936	-0.1912335	-0.05473621	2.426618	0.06047358	-0.3203087	2.946898	-0.06548389	-0.47572	2.641006	0.2517855	-0.1306744	2.553598	-0.2278059	-0.3478347	2.574414	0.1717788	-0.6753684	2.805155	-0.159011	-0.8105031	2.827082	0.2011788	-1.004279	2.875221	-0.1383758	-0.9734798	2.887624	

0.255909	-0.4369797	2.644408	-0.2076858	-0.6340359	2.631044	0.2360493	-0.5955921	2.68857	-0.1903156	-0.7954487	2.648553	0.1913371	-0.4720322	2.712471	-0.2287032	-0.736273	2.6174	-0.1526826	0.02144902	2.353457	-0.06533875	0.08923472	2.457947	-0.05880576	0.02609899	2.508725	-0.03859616	-0.1663884	2.651324	-0.01120098	-0.4275992	2.831693	0.03628089	0.08087503	2.459962	-0.1896386	-0.09475733	2.437148	0.04544233	-0.3545515	2.950106	-0.06935127	-0.4950652	2.640505	0.2286642	-0.1672077	2.57285	-0.2262657	-0.3834535	2.591646	0.1682651	-0.7221999	2.839164	-0.1630252	-0.8094227	2.825941	0.1969161	-1.052093	2.904415	-0.1367228	-0.9727976	2.887216	

0.2652505	-0.5561147	2.653983	-0.2065859	-0.6576067	2.639053	0.2367835	-0.6855362	2.675969	-0.1845409	-0.8249112	2.65034	0.2119768	-0.602538	2.649539	-0.20851	-0.8160261	2.644	-0.09907845	-0.06347141	2.357465	-0.01304138	0.006376045	2.461912	-0.009174268	-0.05625333	2.509727	0.002625433	-0.2464005	2.643412	0.01859837	-0.5028082	2.811707	0.08844787	-0.001782168	2.463868	-0.1455904	-0.1259797	2.441276	0.08660364	-0.4391857	2.936545	-0.05011733	-0.5537639	2.614384	0.2391279	-0.2724908	2.584232	-0.1963048	-0.4186861	2.584872	0.171772	-0.7446342	2.828036	-0.1626516	-0.7664344	2.868321	0.1883621	-0.957248	2.881676	-0.1731593	-1.077677	2.991358	

0.2722079	-0.6046861	2.655699	-0.1525716	-0.6500301	2.610682	0.2379757	-0.7734172	2.674194	-0.1548632	-0.8230858	2.652063	0.2102772	-0.6866091	2.637333	-0.1972808	-0.773536	2.6282	-0.0739009	-0.1057171	2.398458	0.01145735	-0.03491912	2.502922	0.01029394	-0.1004754	2.54293	0.006709869	-0.2993681	2.653131	0.001819954	-0.5675511	2.789967	0.1444922	-0.08803043	2.47159	-0.06982709	-0.09447561	2.452123	0.08834349	-0.5360801	2.893123	-0.08153515	-0.5814452	2.614659	0.2636234	-0.3630694	2.610457	-0.1445878	-0.4014473	2.556954	0.1734699	-0.8144898	2.821182	-0.1449565	-0.7675553	2.72754	0.1879319	-0.9650818	2.875534	-0.1255473	-0.9954134	2.855073	

0.2727858	-0.6796989	2.661547	-0.1524218	-0.6626912	2.644881	0.2300728	-0.828678	2.686797	-0.1554613	-0.8371001	2.662998	0.2082243	-0.7369164	2.652529	-0.1873494	-0.76148	2.624625	-0.05377027	-0.1066411	2.476615	0.03100413	-0.03595543	2.581043	0.02734972	-0.1087284	2.609049	0.01479994	-0.3253774	2.67895	0.0008084479	-0.6277821	2.771546	0.1790489	-0.1651991	2.469503	-0.0877386	-0.05309182	2.616205	0.07594788	-0.6169006	2.867114	-0.07575669	-0.6155429	2.606013	0.2746261	-0.435419	2.629541	-0.1492507	-0.3870252	2.614706	0.1732093	-0.8132737	2.814879	-0.1554589	-0.8528667	2.724208	0.1873176	-0.9672238	2.873057	-0.1175421	-0.9892229	2.838771	

0.2733417	-0.6804392	2.662062	-0.1835884	-0.7142794	2.645817	0.2303064	-0.8470952	2.685939	-0.1505685	-0.8773317	2.657491	0.2129325	-0.7540205	2.635187	-0.197284	-0.8154304	2.642955	-0.07373922	-0.1225592	2.443246	-0.004286136	-0.06257626	2.532693	0.0002842002	-0.1286075	2.565696	0.01450049	-0.3270779	2.667242	0.02792444	-0.603505	2.764804	0.1785013	-0.165588	2.469616	-0.08802436	-0.05322034	2.616528	0.0990462	-0.595651	2.732434	-0.03397362	-0.5867544	2.722832	0.2726333	-0.436219	2.629802	-0.1731741	-0.3823206	2.602436	0.1750961	-0.8180414	2.806376	-0.1551528	-0.8527559	2.720964	0.1857355	-0.9696968	2.867915	-0.1174844	-0.9906726	2.837583	

0.2765509	-0.6872403	2.664383	-0.1870245	-0.7240642	2.645197	0.2408376	-0.8521159	2.667628	-0.1587137	-0.8900374	2.657405	0.231041	-0.7349945	2.6856	-0.2150971	-0.7981849	2.6536	-0.08047718	-0.1333955	2.483061	-0.006114828	-0.06999981	2.562634	-0.0005978448	-0.1368383	2.589072	0.01520358	-0.3354794	2.669796	0.03366311	-0.6151332	2.76363	0.1504511	-0.1579971	2.514483	-0.0923458	-0.06235021	2.651758	0.1036055	-0.6211069	2.718214	-0.03025809	-0.598498	2.732055	0.2685221	-0.4426722	2.63519	-0.174236	-0.3912389	2.607988	0.1766328	-0.8640662	2.799734	-0.1592881	-0.8851005	2.704481	0.1839863	-0.977432	2.859416	-0.1242664	-0.9862454	2.8013	

0.2786666	-0.7021885	2.666282	-0.185928	-0.7052009	2.644827	0.2467898	-0.8619692	2.669137	-0.1712794	-0.8689167	2.653284	0.2175604	-0.7855002	2.659125	-0.2175941	-0.7756383	2.6365	-0.05191276	-0.1222878	2.539651	0.02184423	-0.06026817	2.623496	0.0236303	-0.1301097	2.644401	0.02378422	-0.339574	2.686895	0.03434971	-0.6188518	2.761832	0.1788078	-0.1462066	2.567202	-0.06464335	-0.05215835	2.71046	0.1033343	-0.6229961	2.716993	-0.03044191	-0.6011301	2.731703	0.2759396	-0.4565939	2.643007	-0.1617365	-0.370759	2.624686	0.17544	-0.86329	2.79899	-0.158538	-0.888935	2.701769	0.1842931	-0.9793472	2.854552	-0.1243455	-0.986284	2.801404	

0.2442609	-0.6609082	2.650996	-0.1837534	-0.7075233	2.644271	0.2520244	-0.820677	2.661788	-0.1702533	-0.8781347	2.656434	0.2248779	-0.8067371	2.642455	-0.2153418	-0.7845626	2.641991	-0.05059927	-0.1234597	2.537938	0.02313035	-0.06141124	2.621784	0.02533726	-0.130969	2.642734	0.0303549	-0.340345	2.688319	0.04452188	-0.620424	2.757437	0.1061684	-0.1068542	2.559513	-0.06336217	-0.05329783	2.708749	0.1085105	-0.6205155	2.723614	-0.009204408	-0.6094919	2.705606	0.2156928	-0.4185055	2.618132	-0.1561653	-0.373382	2.623941	0.1767286	-0.8665015	2.799351	-0.1425285	-0.8451746	2.675351	0.1838228	-0.9803843	2.85142	-0.1276614	-0.9863586	2.798491	

0.2395517	-0.6608311	2.651151	-0.1836315	-0.7084913	2.643922	0.246337	-0.8218284	2.66479	-0.1733333	-0.876388	2.659199	0.2329023	-0.7018839	2.686875	-0.2064073	-0.7977594	2.6307	-0.0491003	-0.1242502	2.53267	0.02460171	-0.06217527	2.616516	0.02670667	-0.1313915	2.638592	0.03126384	-0.3404058	2.688178	0.04468706	-0.6205519	2.757258	0.1061392	-0.1065034	2.557576	-0.0618987	-0.05405889	2.703482	0.1084868	-0.6199125	2.722725	-0.01146805	-0.6102498	2.710648	0.2146185	-0.4180813	2.617923	-0.1553288	-0.3746061	2.621777	0.1703992	-0.8062004	2.78993	-0.09511729	-0.816532	2.811451	0.1835097	-0.9805775	2.851112	-0.1280177	-0.9863719	2.798401	

0.2750635	-0.7166167	2.675813	-0.182541	-0.7054169	2.64149	0.2390687	-0.8841653	2.703059	-0.1674116	-0.8663903	2.670425	0.2179437	-0.7992123	2.678571	-0.2106663	-0.7769777	2.64	-0.02533657	-0.124757	2.495397	0.0478683	-0.06260612	2.579225	0.04717049	-0.1310146	2.611698	0.04564484	-0.339173	2.685498	0.05736388	-0.6188591	2.76801	0.1523189	-0.1633881	2.516427	-0.03872769	-0.05448325	2.666207	0.1157645	-0.6187231	2.736357	0.002596429	-0.6046069	2.725098	0.2670926	-0.4525209	2.63062	-0.149612	-0.3733826	2.607898	0.1802463	-0.757233	2.760797	-0.1011198	-0.8149362	2.809345	0.1829299	-0.9805534	2.851464	-0.1317134	-0.9900634	2.800692	

0.2597689	-0.7121964	2.679267	-0.1844906	-0.6621419	2.645675	0.2327083	-0.8481196	2.705778	-0.1761809	-0.8224151	2.667199	0.2257788	-0.7414658	2.70175	-0.2185211	-0.7205101	2.6403	-0.04376711	-0.07714552	2.543643	0.02980607	-0.01613309	2.627415	0.03213589	-0.08525319	2.650588	0.03917738	-0.2957374	2.709941	0.05002328	-0.5861757	2.777419	0.1043315	-0.09310632	2.522414	-0.05670264	-0.008153194	2.714379	0.09458018	-0.5725996	2.767594	0.001418117	-0.5809928	2.721325	0.2359162	-0.38552	2.614091	-0.1474752	-0.3285367	2.626912	0.1809524	-0.7550806	2.762142	-0.1043344	-0.806251	2.805998	0.1816647	-0.9793448	2.852384	-0.131693	-1.003868	2.837717	

0.2757935	-0.652547	2.687016	-0.1638372	-0.6175539	2.666834	0.249609	-0.8099182	2.693675	-0.1810779	-0.7789817	2.66394	0.2238824	-0.727367	2.7005	-0.2075129	-0.6635135	2.615583	-0.04502976	-0.07513455	2.540318	0.02857507	-0.01416276	2.624089	0.03122399	-0.08307628	2.648145	0.03888577	-0.292207	2.709358	0.05040025	-0.5722947	2.782103	0.1072637	-0.09256915	2.514305	-0.05793231	-0.006188379	2.711053	0.09566715	-0.5679055	2.761051	0.002717215	-0.5483617	2.746251	0.2376734	-0.3816672	2.615454	-0.1348681	-0.3347325	2.64939	0.1859242	-0.7504135	2.762383	-0.1184099	-0.8224002	2.796355	0.1805687	-0.9758539	2.856107	-0.1314956	-1.000013	2.841071	

0.275305	-0.6530956	2.687258	-0.1840597	-0.6593515	2.646142	0.2364615	-0.8074526	2.699257	-0.170866	-0.8624436	2.710981	0.2167786	-0.7237917	2.696167	-0.1972931	-0.7740478	2.6568	-0.05173817	-0.06967319	2.490908	0.02207267	-0.008764147	2.574683	0.02617982	-0.07499543	2.611267	0.0370012	-0.280323	2.698119	0.04956327	-0.5490997	2.788261	0.1227715	-0.07945568	2.513252	-0.06444955	-0.0008020181	2.661641	0.1034653	-0.5522189	2.744034	-0.007936091	-0.5216011	2.769554	0.2473562	-0.3693827	2.618582	-0.1519388	-0.3277333	2.607634	0.1867386	-0.7468669	2.764164	-0.1193106	-0.8222842	2.796003	0.1798438	-0.9748873	2.857656	-0.1295985	-0.9896424	2.85603	

0.2713399	-0.6310284	2.683111	-0.1569125	-0.5675765	2.671135	0.2292238	-0.7835022	2.717469	-0.1801467	-0.7314422	2.66875	0.2155536	-0.6890879	2.693818	-0.1938836	-0.6170839	2.611063	-0.03630395	-0.02153076	2.530024	0.03711723	0.0382545	2.613735	0.03951615	-0.02699289	2.641335	0.04664984	-0.2253422	2.714385	0.05612718	-0.4935166	2.801708	0.1208946	0.003021975	2.547827	-0.04942227	0.04607504	2.700702	0.1103854	-0.5106596	2.726624	5.447873E-05	-0.4661077	2.805449	0.2328362	-0.3049374	2.619739	-0.1273178	-0.28374	2.648469	0.1854429	-0.7346079	2.777431	-0.1107783	-0.7417495	2.790249	0.1805137	-0.9734226	2.860936	-0.13104	-0.9810832	2.869241	

0.254187	-0.6584107	2.68507	-0.1760615	-0.6093158	2.651966	0.1985069	-0.7522348	2.784369	-0.1632043	-0.7468983	2.715034	0.1790402	-0.7027653	2.7565	-0.1972027	-0.6466298	2.639429	-0.1057301	-0.0127765	2.404929	-0.03054234	0.0468974	2.488733	-0.008862897	0.005489506	2.550514	0.05703799	-0.1203282	2.726289	0.1459334	-0.289993	2.95122	0.2120567	-0.05426231	2.436343	-0.1169595	0.05469053	2.575652	0.215195	-0.2934737	2.899583	0.07307529	-0.2793346	2.929789	0.2639584	-0.3370416	2.596877	-0.1640706	-0.2816314	2.585715	0.1626036	-0.6722606	2.800258	-0.1205225	-0.8192802	2.86227	0.1843541	-0.999947	2.873916	-0.1330737	-0.9786479	2.873133	

0.2575222	-0.6102715	2.700058	-0.1215054	-0.586246	2.681305	0.2155927	-0.7451192	2.808452	-0.1216843	-0.6494209	2.729059	0.1778574	-0.6646612	2.768	-0.1578608	-0.6023833	2.661667	-0.06624915	0.008836513	2.368483	0.01470475	-0.03773176	2.422842	0.01995504	-0.08336101	2.483361	0.03581261	-0.2216095	2.655305	0.05709892	-0.4076266	2.875102	0.2282653	-0.1627163	2.315076	-0.1396249	-0.05680449	2.473569	0.1287	-0.4061175	2.836796	-0.01594737	-0.3988187	2.840639	0.2633707	-0.3432708	2.578464	-0.173538	-0.3652852	2.592241	0.1921714	-0.7837042	2.818391	-0.1390517	-0.7585122	2.853117	0.1833519	-0.9652067	2.869759	-0.1548336	-1.090717	2.907517	

0.2636293	-0.4470607	2.673442	-0.1435855	-0.4862424	2.625616	0.2240051	-0.583249	2.720346	-0.1133265	-0.6199883	2.701228	0.1930413	-0.4817931	2.725708	-0.1457817	-0.562817	2.632556	-0.0603506	0.04358327	2.36693	0.01964586	-0.01362427	2.417365	0.02228679	-0.0208158	2.492443	0.02381909	-0.07365946	2.715234	0.02577541	-0.1447167	3.003267	0.2421922	0.04054222	2.408938	-0.1339829	-0.03246797	2.465158	0.108564	-0.1282064	2.969829	-0.05764913	-0.1576893	2.963266	0.2781177	-0.2071893	2.618813	-0.1729522	-0.2491648	2.566754	0.1621401	-0.6050687	2.80791	-0.1009093	-0.6141439	2.82397	0.1842474	-0.9639807	2.872858	-0.1419938	-0.9671917	2.888218	

0.2648053	-0.4233209	2.668056	-0.1408707	-0.4333179	2.61626	0.2352071	-0.5596158	2.711712	-0.1009433	-0.5968174	2.692109	0.1904409	-0.4673696	2.720355	-0.1244672	-0.5346602	2.62144	-0.03307663	0.07821158	2.38076	0.04670879	-0.001384934	2.438553	0.04592817	-0.01527906	2.511646	0.04773193	-0.06164727	2.727708	0.05347621	-0.1216489	3.007983	0.2405142	0.05187433	2.422992	-0.11257	0.03135612	2.454077	0.128543	-0.1144883	2.971152	-0.02150065	-0.1233762	2.972549	0.2776803	-0.1793043	2.629301	-0.1691117	-0.1969375	2.553894	0.163008	-0.6042641	2.807975	-0.1007585	-0.6148768	2.824494	0.1850408	-0.9642296	2.873987	-0.140848	-0.9596913	2.890256	

0.2662794	-0.3492783	2.654352	-0.1180769	-0.3444841	2.596815	0.2422925	-0.4766669	2.689679	-0.07639292	-0.5086021	2.661907	0.1952273	-0.3939788	2.718257	-0.1167777	-0.4513878	2.614	0.09627571	0.2579529	2.357401	0.06924956	0.1557646	2.444191	0.06824449	0.1171821	2.513823	0.06486462	-0.0005674289	2.713268	0.05998201	-0.1598081	2.969958	0.2448184	0.1600927	2.457667	-0.08361901	0.1352881	2.448165	0.1415478	-0.1553508	2.936515	-0.02307455	-0.160316	2.929998	0.2811646	-0.1041373	2.619583	-0.1460834	-0.1010204	2.559183	0.1786425	-0.5356048	2.802664	-0.1009112	-0.5665388	2.824141	0.1868891	-0.9642916	2.877059	-0.1404705	-0.9590191	2.890665	

0.2633421	-0.3327184	2.650986	-0.1151061	-0.3312064	2.594259	0.2352658	-0.4405616	2.68411	-0.05907243	-0.4885647	2.661013	0.2070339	-0.3333589	2.713971	-0.09646486	-0.4347106	2.598214	0.122545	0.3149874	2.320852	0.08534411	0.2290985	2.410623	0.08249737	0.1787519	2.479485	0.07256654	0.02231069	2.680369	0.0607678	-0.1812744	2.933417	0.2499769	0.1769901	2.47206	-0.07952406	0.1463361	2.453042	0.1466841	-0.1794886	2.896789	-0.02627959	-0.1788898	2.896214	0.2821652	-0.08755303	2.617342	-0.1464012	-0.0879756	2.557195	0.1816286	-0.5610013	2.798774	-0.09849105	-0.5653083	2.823212	0.1876413	-0.9637374	2.878154	-0.1402234	-0.9588687	2.890721	

0.2692368	-0.2821121	2.631141	-0.0998544	-0.2572089	2.580546	0.2403539	-0.3957294	2.676574	-0.04083249	-0.4238653	2.634098	0.1977794	-0.3238024	2.697592	-0.07993902	-0.3768399	2.578933	0.117528	0.4093947	2.365164	0.07515445	0.3180466	2.452089	0.07332196	0.2591102	2.51129	0.06740923	0.07876404	2.679478	0.0593442	-0.1682808	2.900414	0.2551819	0.2486963	2.502429	-0.0750508	0.2320773	2.469502	0.1448833	-0.1670894	2.869982	-0.02757205	-0.1654208	2.856922	0.2851297	-0.03353739	2.617649	-0.1382888	-0.01247323	2.55531	0.1844722	-0.587431	2.796628	-0.09046178	-0.5958336	2.81764	0.1888181	-0.9641071	2.880167	-0.1410739	-0.9600732	2.892559	

0.2717126	-0.2289695	2.624075	-0.09884992	-0.2412206	2.577643	0.2425605	-0.3541088	2.64351	-0.0293237	-0.4102281	2.627272	0.2250955	-0.2774704	2.638572	-0.07117111	-0.3482323	2.573882	0.1176715	0.4459409	2.380233	0.06936768	0.3443733	2.483448	0.07077508	0.2724362	2.523226	0.06847597	0.07953757	2.668044	0.07009062	-0.1926326	2.811723	0.2520415	0.2758794	2.506681	-0.07732028	0.2599141	2.473788	0.1549149	-0.1873851	2.77991	-0.01657519	-0.1928572	2.770214	0.2881102	0.01964669	2.609823	-0.1365892	0.004022715	2.555302	0.1841012	-0.5855212	2.795368	-0.09005871	-0.5968127	2.81711	0.1889076	-0.9639788	2.880419	-0.1418599	-0.9621125	2.894664	

0.2839343	-0.1507495	2.61175	-0.08525318	-0.1543984	2.567009	0.2577865	-0.2853989	2.615957	-0.02236941	-0.3175003	2.582583	0.2311599	-0.2097138	2.608813	-0.05239006	-0.2887064	2.558611	0.09643322	0.5559054	2.434324	0.06972769	0.4366103	2.537188	0.06988344	0.3649737	2.568501	0.07006781	0.1454406	2.653155	0.07000516	-0.1533775	2.756277	0.242712	0.3699894	2.549037	-0.09171836	0.3526574	2.519979	0.1537416	-0.1467003	2.726431	-0.01561335	-0.155972	2.712736	0.2937847	0.09980511	2.619559	-0.1374088	0.09086312	2.570907	0.1830963	-0.5844381	2.792009	-0.08984031	-0.5982813	2.816218	0.189709	-0.9628211	2.880616	-0.1420838	-0.9622499	2.895134	

0.2848685	-0.1357453	2.610961	-0.08628308	-0.1402502	2.566087	0.2590087	-0.2626694	2.597804	-0.01772974	-0.3022716	2.576545	0.2304049	-0.2047344	2.605433	-0.04747912	-0.2667859	2.546333	0.09215103	0.5727059	2.452914	0.06744698	0.4501178	2.548805	0.0679981	0.3760342	2.576654	0.06909447	0.1509494	2.654486	0.06940479	-0.1503124	2.752777	0.2419553	0.3810738	2.558467	-0.0953844	0.3625958	2.527968	0.1528779	-0.1435194	2.723092	-0.01594006	-0.1530818	2.709034	0.294325	0.1149244	2.621705	-0.1409191	0.1046797	2.577431	0.1811402	-0.583376	2.78902	-0.08997851	-0.5983471	2.815523	0.1902337	-0.9623809	2.880737	-0.1416695	-0.9625303	2.89536	

0.2936171	-0.1127894	2.601434	-0.08190563	-0.1186985	2.559351	0.2743621	-0.2334119	2.586452	0.0006703364	-0.2726541	2.552053	0.230258	-0.1949368	2.580333	-0.0451306	-0.2315221	2.53375	0.07733522	0.615873	2.502303	0.05816857	0.4905768	2.589766	0.05890502	0.4148949	2.611104	0.06357085	0.1725146	2.662205	0.06589703	-0.1404058	2.739026	0.2341319	0.4131885	2.599748	-0.1100615	0.400609	2.568684	0.1482114	-0.1329682	2.708538	-0.01828554	-0.1440258	2.696037	0.2972371	0.1373562	2.632564	-0.1543296	0.135232	2.597389	0.178609	-0.5788701	2.786315	-0.09039283	-0.5992011	2.815055	0.1912151	-0.9617828	2.881175	-0.1409723	-0.9622189	2.895354	

0.2943603	-0.1082641	2.599047	-0.08802285	-0.09529974	2.553759	0.2668632	-0.2175255	2.576069	-0.006306404	-0.2504467	2.539526	0.2340378	-0.1754016	2.581786	-0.07811639	-0.1624033	2.5299	0.07478214	0.6212289	2.512045	0.05705879	0.492391	2.593943	0.0580081	0.4163235	2.614035	0.06167957	0.1774587	2.664897	0.064215	-0.1370137	2.733599	0.2345167	0.4149607	2.607577	-0.1122292	0.4038836	2.575725	0.1462022	-0.1299605	2.703286	-0.01955505	-0.1403434	2.690446	0.2971487	0.141387	2.635924	-0.158281	0.1426937	2.60409	0.1786159	-0.577661	2.786105	-0.09081331	-0.5989724	2.814482	0.1919825	-0.9601008	2.881638	-0.1410986	-0.961673	2.895349	

0.29404	-0.1007395	2.584471	-0.08906917	-0.09081836	2.546236	0.2714984	-0.1993741	2.550086	-0.0008115228	-0.2325036	2.524524	0.2394704	-0.139822	2.558375	-0.0625046	-0.1781786	2.496948	0.05081951	0.6477356	2.570541	0.04201867	0.5037474	2.631031	0.04553299	0.4251843	2.641925	0.05440743	0.1840414	2.674336	0.06080642	-0.1357127	2.728345	0.2210681	0.4222089	2.662282	-0.1416546	0.401417	2.627275	0.1415583	-0.1275712	2.696692	-0.02185038	-0.1399324	2.686357	0.2920969	0.1456493	2.643427	-0.1914235	0.1533687	2.63627	0.1772866	-0.5709518	2.78788	-0.09376789	-0.5989314	2.81083	0.1926171	-0.9587581	2.882757	-0.140423	-0.96088	2.894738	

0.2937468	-0.09354775	2.574247	-0.1011576	-0.09445943	2.53625	0.2678221	-0.1955564	2.544124	-0.02833961	-0.2232311	2.515884	0.2390617	-0.1272163	2.54645	-0.09174746	-0.1674735	2.485231	0.03955731	0.652096	2.591521	0.02934829	0.5058356	2.647078	0.03280736	0.4274852	2.658402	0.04542508	0.1864918	2.683448	0.05781327	-0.1365089	2.724365	0.2167857	0.4205413	2.669562	-0.1483458	0.3958232	2.634724	0.1382471	-0.1276073	2.692016	-0.02442201	-0.1414546	2.683042	0.2839877	0.1488759	2.649508	-0.2040013	0.1499021	2.645675	0.1758123	-0.5655381	2.79492	-0.09582933	-0.5994393	2.809887	0.1938868	-0.9563296	2.885056	-0.1402006	-0.9607015	2.894781	

0.2904045	-0.08882593	2.569871	-0.1674491	-0.06273612	2.526895	0.2679672	-0.196253	2.538574	-0.09266483	-0.2138079	2.491307	0.2583061	-0.1295331	2.500513	-0.1597401	-0.134053	2.485268	0.02600124	0.6563899	2.61271	0.01704132	0.507858	2.656455	0.02161095	0.4292215	2.666676	0.03560761	0.1879652	2.689134	0.05222517	-0.137526	2.720679	0.2060357	0.4166497	2.679506	-0.1606457	0.3937541	2.651247	0.1325801	-0.1274423	2.686921	-0.0299196	-0.1436533	2.680583	0.274114	0.1501132	2.655806	-0.2287614	0.1504364	2.655469	0.1731228	-0.5646814	2.800306	-0.09813587	-0.600283	2.809983	0.1940812	-0.9552401	2.885425	-0.1399606	-0.9597843	2.894586	

0.2776976	-0.08622974	2.570988	-0.215891	-0.084163	2.521686	0.2663278	-0.1948733	2.538416	-0.1809175	-0.241088	2.490102	0.2231412	-0.1303596	2.553211	-0.2195942	-0.1779685	2.467286	0.002441035	0.6626378	2.636545	-0.006560731	0.5111504	2.674172	-0.001941114	0.4323478	2.68319	0.01227911	0.190786	2.701473	0.03296965	-0.1374853	2.720392	0.1816117	0.4164392	2.696274	-0.1782539	0.3942649	2.660712	0.1121204	-0.1280166	2.687594	-0.0471203	-0.143191	2.679657	0.253097	0.1489961	2.665697	-0.2476407	0.1506084	2.653756	0.171856	-0.5646621	2.801442	-0.1064271	-0.5969086	2.807638	0.193687	-0.953361	2.885834	-0.1400254	-0.959228	2.894455	

0.264254	-0.08794729	2.578548	-0.2377427	-0.1032142	2.521661	0.2572785	-0.1926079	2.547449	-0.2232407	-0.2633931	2.500597	0.2148166	-0.1356939	2.555704	-0.2703046	-0.1774907	2.482955	-0.004920827	0.662982	2.642654	-0.01518308	0.5107169	2.678218	-0.01140918	0.4319438	2.687377	-3.81991E-05	0.1905301	2.705877	0.01511884	-0.1381654	2.722571	0.1698405	0.4152353	2.703013	-0.1910838	0.3945437	2.66355	0.09431941	-0.1295101	2.69137	-0.06466864	-0.1430948	2.680342	0.2383523	0.1468116	2.674128	-0.2580817	0.1448288	2.653134	0.1680962	-0.5670432	2.804341	-0.1154778	-0.593624	2.806262	0.1937449	-0.9526929	2.886029	-0.1408051	-0.9586481	2.894576	

0.2555721	-0.09175172	2.584314	-0.2450034	-0.1143551	2.522655	0.2366695	-0.2018043	2.56055	-0.2388177	-0.2650094	2.505403	0.2045394	-0.1672624	2.560545	-0.2827007	-0.1895409	2.490037	-0.009655942	0.6635351	2.6449	-0.02628629	0.5107987	2.681681	-0.02214801	0.4320734	2.690694	-0.009517264	0.1907976	2.70866	0.0076514	-0.1379692	2.723955	0.1611333	0.415941	2.707491	-0.1979495	0.3943631	2.665303	0.08702005	-0.129915	2.693314	-0.07206564	-0.1423075	2.68117	0.2300459	0.1431464	2.679589	-0.2638998	0.1393367	2.653774	0.1622387	-0.5701311	2.808216	-0.1223757	-0.592422	2.806328	0.1944787	-0.9541172	2.887068	-0.1415638	-0.9578162	2.894688	

