0.3092327	0.3424703	3.113993	-0.1371352	0.2591515	2.450501	0.3509496	0.2702378	3.138457	-0.1533771	0.139348	2.425349	0.3311	0.2918526	3.094455	-0.1791374	0.1928814	2.404706	0.1563662	1.063915	2.710559	0.07040212	0.9595179	2.720633	0.06502594	0.8806708	2.745519	0.04839851	0.6370898	2.810935	0.02555902	0.3027961	2.88869	0.1481776	0.7367755	2.817493	-0.04922597	0.8380269	2.619395	0.07021014	0.2755438	2.887217	-0.01985199	0.3215577	2.808924	0.2131833	0.5453697	3.018759	-0.106934	0.5483356	2.533371	0.1298845	-0.1566568	2.963106	-0.008869173	-0.203574	2.734568	0.1260886	-0.6025536	3.003863	-0.02800115	-0.6272258	2.845536	

0.3356608	0.3628702	3.175021	-0.1700728	0.2770146	2.427834	0.4012564	0.2770582	3.24429	-0.2099419	0.1451555	2.397983	0.3669975	0.2992174	3.146714	-0.2391338	0.2135004	2.371286	0.1584096	1.061083	2.712071	0.07228888	0.9578775	2.722121	0.06584908	0.8795224	2.745584	0.04664067	0.6342449	2.803547	0.00981961	0.296057	2.848891	0.1509834	0.7387558	2.823242	-0.04817341	0.8377542	2.620974	0.05338077	0.2702515	2.840477	-0.03413343	0.3136675	2.775286	0.2298876	0.5388075	3.05645	-0.1099565	0.5875915	2.540775	0.1286231	-0.2470558	2.984554	-0.006100856	-0.1451008	2.71127	0.1305131	-0.61762	3.006504	-0.02834153	-0.6267245	2.844984	

0.3313212	0.3648736	3.162599	-0.1743575	0.3067388	2.430462	0.4115527	0.2891655	3.255747	-0.2404412	0.1455233	2.383676	0.3853119	0.3095447	3.170444	-0.263435	0.22505	2.356572	0.1632115	1.053836	2.714193	0.0747689	0.9558723	2.723698	0.06876013	0.8775058	2.746759	0.05086462	0.6331173	2.804371	0.0320269	0.2981235	2.866754	0.1671814	0.7708783	2.860272	-0.04252919	0.8342079	2.624012	0.08273254	0.2821271	2.882153	-0.01668067	0.3097484	2.779475	0.2329618	0.5635521	3.083737	-0.127176	0.6126015	2.54484	0.1457977	-0.1507695	2.955232	-0.004664938	-0.1999504	2.707174	0.07167481	-0.5451986	3.000076	-0.02899667	-0.6261635	2.845476	

0.3516557	0.3841133	3.204263	-0.2061001	0.3218552	2.417357	0.4144664	0.3192185	3.244201	-0.2844995	0.1686194	2.355032	0.4017266	0.3205672	3.21325	-0.1993862	0.2065804	2.413467	0.170461	1.049528	2.715717	0.07783417	0.9542418	2.72485	0.0716048	0.8761815	2.747647	0.05298356	0.6330565	2.805109	0.03262316	0.2996095	2.868869	0.1808153	0.7808349	2.900172	-0.03891821	0.8322996	2.626039	0.08124378	0.2842313	2.883353	-0.01516074	0.3096513	2.780192	0.2397678	0.5610633	3.100228	-0.1370261	0.6031938	2.537741	0.145728	-0.1508338	2.955124	-0.005916896	-0.1994129	2.70598	0.0717428	-0.547591	3.003358	-0.01807469	-0.6300488	2.838304	

0.3522591	0.3830559	3.206176	-0.2086947	0.3234341	2.416636	0.3969147	0.3443409	3.358686	-0.2943536	0.1711285	2.365999	0.4107517	0.3271174	3.2084	-0.2077391	0.2216379	2.409304	0.1727577	1.047549	2.715668	0.08055832	0.9528832	2.725607	0.0741746	0.875047	2.748305	0.05497354	0.6329382	2.805857	0.03324373	0.3007388	2.870757	0.1813276	0.7805786	2.900709	-0.03581703	0.8304641	2.627913	0.08085741	0.285452	2.88437	-0.01421907	0.3097141	2.780994	0.243917	0.5649586	3.105188	-0.1390936	0.6022311	2.536549	0.1454546	-0.1510365	2.955031	-0.007685856	-0.1999442	2.704919	0.07178457	-0.5480894	3.004222	-0.01375953	-0.6311412	2.833854	

0.3527817	0.3819689	3.207852	-0.2129944	0.3260256	2.419948	0.3795455	0.2943641	3.313355	-0.3099056	0.1699925	2.381864	0.4009086	0.3282279	3.206011	-0.2162918	0.2133849	2.424	0.17427	1.046111	2.715987	0.08280353	0.951728	2.726103	0.07645045	0.8740315	2.748784	0.05720082	0.6327148	2.806576	0.03449275	0.3015558	2.872358	0.1819523	0.7802682	2.899825	-0.03435396	0.8298542	2.628772	0.08147585	0.286133	2.885033	-0.01303922	0.3099051	2.782139	0.246952	0.5668147	3.108128	-0.1401197	0.6028105	2.537128	0.1448254	-0.1515222	2.954701	-0.009292347	-0.1994109	2.704499	0.06202261	-0.5391467	3.007013	-0.01232276	-0.6304924	2.833025	

0.3519995	0.3791029	3.206612	-0.2163209	0.3269527	2.428528	0.3657058	0.2861308	3.278392	-0.3086461	0.1616171	2.407922	0.3958995	0.3057622	3.21925	-0.2096954	0.2177912	2.437833	0.1754242	1.045802	2.716136	0.08423097	0.9511993	2.726381	0.07783059	0.8735849	2.748998	0.05836356	0.6327083	2.806784	0.03489849	0.302025	2.872797	0.1823307	0.7782977	2.892732	-0.03295572	0.8295475	2.629836	0.08184087	0.2864052	2.885159	-0.01283063	0.310217	2.782399	0.2477787	0.5669262	3.108809	-0.1418787	0.6028095	2.539228	0.1443348	-0.1513803	2.954662	-0.01110847	-0.1981394	2.704527	0.06128313	-0.5378924	3.007084	-0.01131593	-0.6301319	2.832461	

0.3330261	0.3425381	3.175609	-0.2155107	0.294338	2.475104	0.3257458	0.2482435	3.243694	-0.2870853	0.1406866	2.48869	0.3543583	0.2663406	3.195333	-0.1931747	0.2076881	2.4823	0.1765827	1.0464	2.715804	0.08522733	0.9514852	2.726563	0.07880175	0.8738183	2.749104	0.0592406	0.6329588	2.806805	0.03513134	0.3022161	2.872844	0.1831738	0.7768112	2.886528	-0.032825	0.829723	2.629847	0.08242966	0.2864841	2.884472	-0.01272708	0.3106484	2.783181	0.2427258	0.5531132	3.10474	-0.1478682	0.5848916	2.55178	0.1426779	-0.1518567	2.954656	-0.01300403	-0.1976592	2.705823	0.06421771	-0.5406476	3.00776	-0.0101416	-0.6299744	2.831974	

0.3209943	0.3278219	3.161471	-0.230784	0.2400968	2.502483	0.3098414	0.2329852	3.217029	-0.2707198	0.1299121	2.528365	0.3489648	0.2691947	3.1568	-0.1786223	0.1957447	2.512059	0.1777156	1.047455	2.714973	0.08605026	0.9515773	2.726456	0.07961564	0.8738028	2.748931	0.0599897	0.632749	2.806536	0.03536278	0.3019057	2.872677	0.1836013	0.7794344	2.88143	-0.03276782	0.8297163	2.629844	0.0834617	0.286001	2.882562	-0.01274869	0.3098297	2.783748	0.237	0.5465466	3.097432	-0.1531723	0.5626775	2.557368	0.1408789	-0.1535715	2.954232	-0.01402634	-0.197482	2.707006	0.06976007	-0.5440317	3.006973	-0.00170349	-0.625866	2.82827	

0.29176	0.3079892	3.131261	-0.1885817	0.2817008	2.521987	0.2973585	0.2156005	3.177357	-0.246604	0.1228712	2.564571	0.323585	0.2575264	3.123	-0.1626632	0.1919368	2.539429	0.1779121	1.047622	2.714838	0.08653183	0.9519104	2.726562	0.08015981	0.8741588	2.748924	0.06081459	0.6333752	2.806209	0.03610967	0.3028746	2.872052	0.182687	0.7876132	2.87508	-0.03260148	0.8297811	2.63	0.08573934	0.2923486	2.878031	-0.01245476	0.3092994	2.784076	0.2321018	0.542692	3.084853	-0.1500427	0.5526852	2.565755	0.1401525	-0.1543234	2.954267	-0.01495137	-0.1992841	2.710976	0.06895351	-0.5423197	3.00668	-0.001672184	-0.6258802	2.828448	

0.2698586	0.2934619	3.108274	-0.1803405	0.2725914	2.538121	0.2795146	0.2128831	3.150071	-0.228357	0.1119536	2.586706	0.2990095	0.2420247	3.093375	-0.1437471	0.1855041	2.576917	0.1789518	1.048091	2.71405	0.08731975	0.9518785	2.726179	0.08110224	0.8741434	2.748319	0.06219497	0.6335649	2.804866	0.03752083	0.3034419	2.8699	0.1829937	0.7845935	2.871565	-0.03249096	0.8298471	2.62999	0.0870382	0.2936948	2.876749	-0.01140482	0.3077956	2.781184	0.2265182	0.5358271	3.070698	-0.1469756	0.5469391	2.571439	0.1392376	-0.156587	2.95346	-0.01412588	-0.1985973	2.718356	0.06884739	-0.5423305	3.006599	-0.0008061142	-0.625851	2.82803	

0.2275257	0.262125	3.052011	-0.1531488	0.2707849	2.580595	0.2390748	0.1692429	3.098955	-0.1989027	0.1000001	2.630354	0.257375	0.191712	3.051625	-0.08881447	0.1913472	2.649491	0.1793492	1.048337	2.712794	0.0875277	0.9517124	2.725736	0.08150708	0.87384	2.747582	0.06340449	0.6327714	2.803104	0.03983187	0.3017679	2.866716	0.1782267	0.7725888	2.851072	-0.03248065	0.8298286	2.629976	0.09061018	0.2931378	2.871372	-0.01023398	0.3040956	2.779649	0.2047699	0.51143	3.027033	-0.1374025	0.5276383	2.58907	0.1395771	-0.1602286	2.951568	-0.01366805	-0.2011471	2.723746	0.07046957	-0.5423858	3.006031	-0.001750882	-0.6228229	2.830678	

0.214936	0.2424513	3.006228	-0.1463133	0.2690493	2.583646	0.2300542	0.1630084	3.035705	-0.191934	0.09224228	2.647321	0.2159155	0.2353887	2.976536	-0.08883152	0.1618042	2.640231	0.1792513	1.047017	2.711366	0.0872948	0.9498102	2.723992	0.08178317	0.8716962	2.745525	0.06558938	0.6298685	2.800089	0.04539511	0.2976782	2.862453	0.17509	0.7758988	2.842995	-0.03312158	0.8282033	2.62934	0.09661304	0.2900837	2.866312	-0.005974845	0.2982944	2.776958	0.1975065	0.4957018	2.99827	-0.1350676	0.5278975	2.590765	0.1412874	-0.1646833	2.949423	-0.01312919	-0.2048531	2.731031	0.07440987	-0.5445684	3.00173	-0.001020428	-0.6164294	2.83478	

0.2205565	0.2186269	3.01457	-0.1426153	0.2503936	2.580575	0.2270021	0.1635881	2.995454	-0.1850072	0.08480625	2.642025	0.1733214	0.2221538	2.878278	-0.07186262	0.1575581	2.630583	0.178531	1.045929	2.709173	0.08640824	0.9465523	2.721072	0.08142682	0.8682129	2.742448	0.06669741	0.6258569	2.796793	0.04802174	0.293032	2.859222	0.1734268	0.7693242	2.839634	-0.0342264	0.8246889	2.626812	0.09906258	0.286121	2.863542	-0.003690428	0.2925434	2.77371	0.1941956	0.4622273	2.972331	-0.1325454	0.5211655	2.590241	0.1452636	-0.1680288	2.947266	-0.01263925	-0.2068639	2.730833	0.07309413	-0.543987	3.00138	-0.001305755	-0.6158991	2.835358	

0.2181105	0.243896	3.005496	-0.1419755	0.2477439	2.577117	0.2282039	0.1703177	2.993368	-0.1859357	0.08322775	2.622557	0.1957178	0.2235763	2.929471	-0.07636984	0.1464272	2.626227	0.1768169	1.043955	2.707587	0.0852065	0.9456232	2.719099	0.08078904	0.8673435	2.740704	0.06721884	0.6251045	2.795502	0.0501288	0.2921711	2.858159	0.1641232	0.7847899	2.825429	-0.03489979	0.8232176	2.625093	0.1012611	0.285674	2.86212	-0.001866334	0.2911282	2.773159	0.1915084	0.4836751	2.959982	-0.131607	0.517982	2.588394	0.1471569	-0.1680534	2.946389	-0.01245345	-0.206947	2.729931	0.07450015	-0.5435916	3.001423	-0.001232834	-0.6145652	2.836948	

0.2232585	0.2127913	2.979078	-0.1408374	0.2414261	2.567573	0.2091815	0.1393802	2.918715	-0.1885207	0.08341879	2.61639	0.2034148	0.1684729	2.913	-0.07629131	0.1513677	2.624229	0.1755342	1.042989	2.705909	0.08378416	0.9454634	2.717166	0.07981168	0.867048	2.7387	0.06743211	0.6244632	2.793214	0.05198377	0.2909558	2.855276	0.1615435	0.7846577	2.819411	-0.03550068	0.8228917	2.623622	0.1032469	0.2847058	2.859209	-0.0004086255	0.2895717	2.770579	0.1910927	0.4881435	2.957366	-0.1308131	0.5173258	2.582778	0.1480884	-0.1682914	2.946185	-0.01218092	-0.2075442	2.729721	0.07099999	-0.5422013	2.99982	-0.000967978	-0.6145371	2.83738	

0.2234406	0.212928	2.978723	-0.1374689	0.2405291	2.553638	0.2267139	0.1674902	2.991706	-0.1805564	0.09742739	2.585258	0.2111468	0.184355	2.9464	-0.06712928	0.1709554	2.624511	0.1742698	1.043947	2.704691	0.08062803	0.9466704	2.713855	0.07759299	0.8679523	2.735563	0.06727886	0.6248008	2.790556	0.05392928	0.29085	2.852571	0.1613754	0.7847025	2.819369	-0.0367006	0.8230182	2.621132	0.1046693	0.2850229	2.856437	0.001920086	0.2888707	2.768056	0.1910429	0.4892575	2.955156	-0.1289196	0.5228543	2.575512	0.1483979	-0.1680484	2.945563	-0.01194176	-0.2086512	2.730824	0.06817479	-0.5410345	2.998266	-0.001556074	-0.6139572	2.838294	

0.2252474	0.2587442	2.9977	-0.1250983	0.2673896	2.517519	0.2323029	0.1747126	3.012105	-0.1580406	0.1105713	2.54974	0.1858612	0.2337109	2.894572	-0.09016223	0.2146295	2.6124	0.1662529	1.051888	2.699341	0.07368491	0.9550729	2.707123	0.07241149	0.8749971	2.728996	0.06642818	0.6287078	2.784812	0.05713446	0.2923726	2.84709	0.1608221	0.7845924	2.818393	-0.03929457	0.8282918	2.613227	0.1072888	0.2870396	2.849554	0.00539604	0.2897723	2.763882	0.1908734	0.4921003	2.952957	-0.1285071	0.522695	2.560738	0.1452961	-0.1697314	2.944366	-0.01352246	-0.2078983	2.738109	0.06701964	-0.5376914	3.000379	-0.001562881	-0.6132556	2.840731	

0.2241097	0.2631218	2.99648	-0.1234142	0.2660277	2.512622	0.234027	0.1831578	3.009392	-0.1430537	0.1165055	2.542581	0.1745786	0.2455359	2.865909	-0.0831924	0.2134885	2.603867	0.1609659	1.058163	2.695406	0.06886101	0.9614437	2.703562	0.06858927	0.8807886	2.725273	0.06575739	0.6325542	2.781084	0.06004987	0.294245	2.843549	0.1607316	0.7846981	2.818458	-0.04100386	0.8323796	2.60818	0.1092955	0.2896106	2.845324	0.009171631	0.2908721	2.760911	0.1921242	0.495216	2.952964	-0.1194614	0.5141658	2.546721	0.1426656	-0.1700137	2.94315	-0.01580688	-0.2097016	2.753174	0.04652524	-0.5052134	3.003354	-0.001474974	-0.61335	2.842168	

0.2334563	0.2789316	3.008388	-0.09770398	0.2936054	2.477141	0.2438843	0.1926942	3.029848	-0.09653053	0.1379496	2.516066	0.1874164	0.288429	2.955833	-0.06184932	0.2276113	2.4964	0.1438839	1.069545	2.687345	0.05160321	0.9719695	2.695117	0.05548656	0.8904478	2.716901	0.0626639	0.6398414	2.77305	0.06857035	0.3006832	2.833562	0.1506679	0.7888473	2.814893	-0.04797382	0.8389428	2.598555	0.1138869	0.2935982	2.836972	0.02230515	0.2999114	2.74934	0.1921676	0.5042134	2.951593	-0.1211783	0.5404988	2.521005	0.136042	-0.1725095	2.93927	-0.02702182	-0.2131804	2.771471	0.04708752	-0.5117608	3.009296	-0.00276054	-0.6107281	2.845403	

0.2320304	0.2872377	3.008933	-0.09322655	0.2930604	2.474679	0.248831	0.1953107	3.041855	-0.06482136	0.1412479	2.502805	0.2284424	0.2651663	3.0489	-0.06158834	0.1697815	2.526	0.1296059	1.072305	2.68519	0.04188545	0.973367	2.692327	0.04654663	0.8915942	2.714056	0.05856565	0.6398686	2.770744	0.06861792	0.2991259	2.832881	0.1392203	0.7898821	2.812099	-0.05291098	0.8403753	2.595537	0.1130409	0.2930986	2.835716	0.02349044	0.295649	2.749034	0.193675	0.5114589	2.951727	-0.121417	0.5424986	2.52066	0.1284077	-0.1802927	2.940218	-0.03185073	-0.2269269	2.801636	0.06183642	-0.5629588	2.999809	-0.00428007	-0.6072456	2.847741	

0.222793	0.3417858	2.991825	-0.07952881	0.2944148	2.470855	0.2585765	0.1955335	3.04544	-0.02947883	0.1417304	2.503221	0.1912923	0.3104354	2.9855	-0.0147683	0.2046241	2.452412	0.1153251	1.071257	2.681706	0.03069584	0.9697937	2.687757	0.03493309	0.8877631	2.709172	0.04720896	0.6349473	2.76475	0.06174657	0.2910312	2.828059	0.127775	0.785956	2.807701	-0.06227611	0.8354253	2.589914	0.1016023	0.2856057	2.82533	0.01913255	0.2871408	2.74801	0.1844284	0.5724579	2.956792	-0.1213423	0.5424633	2.520643	0.1351029	-0.1772701	2.934929	-0.06107767	-0.210252	2.791091	0.1314591	-0.5936067	3.005629	-0.006143453	-0.6053718	2.849111	

0.2274276	0.3189557	2.996638	-0.06234	0.287294	2.477325	0.2688614	0.1875286	3.051295	-0.004738665	0.1352021	2.50449	0.2330022	0.2534562	3.039	-0.01131797	0.1959692	2.450215	0.1035173	1.067256	2.676796	0.02078492	0.9622338	2.684547	0.02507369	0.8801789	2.705266	0.03757885	0.6268172	2.758282	0.05334669	0.2799324	2.818195	0.1178436	0.7782356	2.804605	-0.06733757	0.8244915	2.587085	0.09277344	0.2791668	2.813881	0.01200484	0.2719705	2.740859	0.1850222	0.549507	2.962241	-0.1210467	0.5318007	2.520055	0.1496469	-0.1805695	2.928673	-0.07641924	-0.2250739	2.791028	0.1406124	-0.5940382	3.005683	-0.009207175	-0.6036752	2.851485	

0.2250757	0.3298702	2.993799	-0.05714496	0.2815264	2.480534	0.2677075	0.1853361	3.038149	0.001810509	0.1302215	2.509881	0.1914719	0.2997635	2.969	-0.006364451	0.18874	2.455467	0.09674428	1.065433	2.673538	0.01399825	0.9568306	2.682462	0.01866801	0.8749204	2.702785	0.03242054	0.6218975	2.754626	0.0501107	0.2749329	2.813452	0.1110895	0.772788	2.802571	-0.07079258	0.8207062	2.585554	0.0895533	0.275134	2.809002	0.009111897	0.2665808	2.736609	0.1798499	0.5601242	2.958676	-0.1214998	0.5246588	2.520563	0.1389307	-0.2567992	2.946564	-0.07972518	-0.2249785	2.788893	0.1423723	-0.5999526	3.005802	-0.01273201	-0.5997565	2.854933	

0.2168574	0.3301711	2.981761	-0.0508191	0.2621464	2.48623	0.2614715	0.1931063	3.007691	0.0006967776	0.1233525	2.530785	0.1990825	0.2842752	2.948417	-0.006342832	0.1838702	2.4743	0.08807562	1.061415	2.669064	0.009205509	0.954223	2.679411	0.01381962	0.872239	2.699354	0.02759512	0.6189924	2.749932	0.04586047	0.2715772	2.807299	0.1063289	0.7701561	2.799553	-0.07555599	0.816778	2.582996	0.08644451	0.2730781	2.803671	0.003740963	0.261898	2.729593	0.1766101	0.563867	2.955446	-0.1170029	0.4927452	2.521984	0.1770452	-0.1853753	2.906326	-0.08317301	-0.2239907	2.785282	0.1443168	-0.5931278	3.006461	-0.01371201	-0.5998839	2.856036	

0.2123956	0.3294085	2.972642	-0.05192163	0.2573186	2.492584	0.252986	0.1990593	2.990709	-0.008946999	0.1186757	2.548484	0.2308661	0.2306755	2.944769	-0.09221704	0.1929043	2.580833	0.0846665	1.060037	2.666691	0.005070417	0.9515785	2.676185	0.01006867	0.8696759	2.696127	0.02499415	0.6166571	2.746719	0.04469202	0.2693787	2.804219	0.1022132	0.76749	2.796341	-0.07728975	0.8149618	2.581995	0.08540021	0.2714888	2.799575	0.002508698	0.2592292	2.727296	0.1738828	0.5650882	2.952553	-0.1168975	0.4893853	2.523678	0.1771363	-0.1855319	2.906046	-0.08420824	-0.2238289	2.783848	0.146168	-0.5935223	3.006753	-0.02158145	-0.5950648	2.860146	

0.2078806	0.3299158	2.965393	-0.05643125	0.2532069	2.502476	0.2477807	0.2076289	2.979067	-0.02273577	0.1167256	2.557716	0.1975613	0.2936116	2.926584	-0.1008464	0.1827124	2.587667	0.08194447	1.059198	2.664729	0.001912551	0.9512987	2.67456	0.00713756	0.8693089	2.694467	0.02277278	0.6160483	2.744967	0.04341015	0.2684325	2.802438	0.09906946	0.7671931	2.794724	-0.07845692	0.8138562	2.581404	0.08398803	0.2709934	2.797262	0.001394138	0.2579365	2.725939	0.1708116	0.5671068	2.950496	-0.1183492	0.4871947	2.525695	0.1763674	-0.179108	2.899586	-0.08397383	-0.2064063	2.778973	0.1468436	-0.593484	3.007165	-0.02247025	-0.5943273	2.86149	

0.1966839	0.3160224	2.940649	-0.08806858	0.2679505	2.516698	0.2049464	0.2071892	2.824224	-0.09496082	0.09843511	2.587027	0.1815386	0.2607157	2.80275	-0.1266328	0.2020025	2.507359	0.07756326	1.060282	2.661625	-0.001504772	0.95152	2.672145	0.004474063	0.8694177	2.692134	0.02184762	0.6158823	2.742724	0.04459515	0.267758	2.79944	0.09566679	0.7673963	2.792318	-0.08033722	0.8132615	2.580454	0.08648958	0.2710705	2.792118	0.001734284	0.2568899	2.724374	0.1675701	0.569076	2.947774	-0.1297279	0.5185017	2.535383	0.1692299	-0.1717871	2.893511	-0.08202386	-0.2090625	2.780198	0.1786565	-0.6019999	3.009278	-0.02291772	-0.5933321	2.861799	

0.209603	0.3189611	2.993062	-0.1902415	0.232065	2.489178	0.2314205	0.2086941	3.05416	-0.2269417	0.08133113	2.506847	0.2112888	0.2604727	2.991375	-0.2535423	0.1385299	2.4633	0.07234535	1.065916	2.65948	-0.002982658	0.9530809	2.671749	0.002851774	0.8706713	2.691652	0.01982577	0.6162652	2.741959	0.04180931	0.2667043	2.798342	0.09419559	0.7689422	2.791925	-0.08128602	0.8136824	2.581127	0.08390959	0.2680458	2.791017	-0.001964725	0.2574499	2.72312	0.1659781	0.5720415	2.947193	-0.1601063	0.5368333	2.545146	0.1020072	-0.2017767	2.930051	-0.07609724	-0.2139326	2.78493	0.1149592	-0.5822784	3.015777	-0.02311895	-0.5933946	2.861667	

0.2146174	0.3196973	3.010928	-0.194172	0.2632533	2.486865	0.2411278	0.207816	3.103727	-0.2398128	0.1045407	2.474772	0.2159847	0.2629284	3.0146	-0.2587839	0.1746233	2.451286	0.07007499	1.06796	2.658995	-0.004416506	0.9551954	2.671854	0.001267283	0.8724231	2.691478	0.01771813	0.6171392	2.740945	0.03860026	0.2661974	2.795879	0.0927671	0.7710431	2.792031	-0.08184645	0.8147261	2.581404	0.08144029	0.2659544	2.788621	-0.006076058	0.2586903	2.720526	0.1646196	0.5751044	2.947279	-0.1601489	0.5829214	2.550333	0.1017976	-0.2012021	2.930336	-0.03579365	-0.2506488	2.846077	0.1059925	-0.5806076	3.015	-0.01974501	-0.5988752	2.859134	

0.2203484	0.3806649	3.054065	-0.2021591	0.3176132	2.470694	0.256156	0.2467784	3.166786	-0.2804438	0.1289049	2.423051	0.2588511	0.2866361	3.082834	-0.1863709	0.1783661	2.4625	0.06850644	1.069867	2.659423	-0.006106817	0.9587362	2.671872	-0.0004166481	0.8757866	2.691189	0.01630222	0.6198542	2.739881	0.03781158	0.2682821	2.794259	0.09107993	0.7745755	2.79206	-0.08303171	0.8175978	2.582703	0.0814119	0.2664203	2.788348	-0.008092806	0.2632874	2.716902	0.1631202	0.5793681	2.947311	-0.09910706	0.583985	2.634265	0.09924841	-0.1997967	2.933007	-0.03438225	-0.2492075	2.846888	0.09067759	-0.5672662	3.014327	-0.01849913	-0.5976856	2.858749	

0.2225231	0.3869638	3.063256	-0.204885	0.3254599	2.46361	0.2640712	0.2587469	3.178178	-0.2869081	0.1428677	2.407731	0.2728243	0.2899329	3.097455	-0.1922518	0.194794	2.447	0.06810092	1.071011	2.659816	-0.006599739	0.9605082	2.672258	-0.0008681075	0.8774871	2.691415	0.01607448	0.6212886	2.739696	0.03802755	0.2695453	2.793744	0.09058705	0.7763445	2.79245	-0.0839318	0.8191754	2.583043	0.08171041	0.2669184	2.788414	-0.007885803	0.2653635	2.715753	0.1627731	0.5814149	2.947726	-0.09907919	0.5858494	2.633198	0.09916671	-0.1878903	2.936414	-0.0334191	-0.2487467	2.847055	0.07373638	-0.5561098	3.01286	-0.01646733	-0.6026993	2.857687	

0.2405357	0.392837	3.107304	-0.2004052	0.3283695	2.459657	0.2846323	0.2645073	3.21704	-0.2558004	0.1192912	2.423723	0.2941054	0.3168524	3.135546	-0.1697313	0.1785686	2.439167	0.06847308	1.072675	2.661574	-0.006933013	0.9620782	2.673847	-0.001247181	0.8786935	2.692834	0.01569272	0.6216298	2.740692	0.03768188	0.2690652	2.794741	0.0902525	0.7779153	2.794043	-0.08416227	0.8203608	2.58445	0.08148611	0.2664962	2.789127	-0.008236166	0.2645275	2.717679	0.162586	0.5831448	2.949354	-0.1010945	0.5875444	2.633346	0.09713076	-0.1758468	2.940131	-0.03100898	-0.2491616	2.850866	0.06866848	-0.556814	3.009082	-0.01381742	-0.6066491	2.856403	

0.239335	0.392343	3.105987	-0.1943706	0.3276473	2.46139	0.2773539	0.2641462	3.198799	-0.2304527	0.1167848	2.432621	0.2883542	0.3036991	3.128201	-0.1538431	0.1726139	2.446539	0.06904904	1.073277	2.663787	-0.0071722	0.9629754	2.675313	-0.001606094	0.8793086	2.693723	0.01513145	0.6217719	2.740682	0.0357866	0.2683956	2.792929	0.09001224	0.7788141	2.79551	-0.08452126	0.8208681	2.585312	0.07992415	0.2654558	2.787148	-0.01003978	0.2640989	2.716361	0.1624508	0.5841253	2.95082	-0.1008402	0.5886244	2.633784	0.09652892	-0.174123	2.941817	-0.02975289	-0.2491029	2.852754	0.07011852	-0.5567711	3.009976	-0.01178712	-0.6083835	2.855257	

0.2367135	0.3896873	3.101403	-0.1892549	0.2871644	2.451315	0.2684803	0.2534829	3.196906	-0.2191787	0.1076089	2.459841	0.2830609	0.2801281	3.1285	-0.1436295	0.175005	2.466231	0.06963846	1.073838	2.665896	-0.006968151	0.9634861	2.677514	-0.00156551	0.8799106	2.695309	0.01492522	0.6223541	2.740969	0.03537317	0.2696193	2.792102	0.0902137	0.7793282	2.79771	-0.08468506	0.8218029	2.586102	0.07943873	0.2665568	2.786266	-0.01024199	0.2651831	2.715777	0.1627495	0.5847124	2.953012	-0.1571922	0.5895947	2.54086	0.08920614	-0.1873621	2.943975	-0.05649951	-0.2125576	2.781668	0.06967206	-0.55704	3.009526	-0.01143003	-0.6088954	2.855066	

0.2294392	0.3820696	3.084958	-0.1685251	0.2804774	2.469183	0.2592844	0.2401124	3.164912	-0.2003319	0.1192209	2.475589	0.2683958	0.2920393	3.0955	-0.133654	0.170081	2.481286	0.06975863	1.074207	2.666466	-0.006714534	0.9640476	2.678048	-0.001212701	0.8805956	2.695992	0.01556405	0.6232343	2.741793	0.03702348	0.2707108	2.793283	0.0904659	0.7798895	2.798245	-0.08447044	0.822294	2.58635	0.08045939	0.2674573	2.786997	-0.007633966	0.2663915	2.717727	0.1630566	0.5853251	2.953559	-0.1574575	0.594375	2.542066	0.08933613	-0.1891131	2.944697	-0.05631778	-0.2128032	2.782054	0.06689043	-0.5566519	3.006989	-0.01142732	-0.6088892	2.855072	

0.2256945	0.3216116	3.059496	-0.1453002	0.2713754	2.498791	0.2330928	0.220211	3.110326	-0.1858	0.09244249	2.514176	0.2408804	0.272615	3.06225	-0.1065668	0.1922951	2.604	0.07076276	1.074504	2.667542	-0.005858017	0.9648964	2.679035	-0.0002528561	0.8815185	2.697079	0.016753	0.6242183	2.742858	0.03893987	0.2716525	2.794391	0.09131888	0.7807388	2.799232	-0.08412644	0.8230884	2.586924	0.08212656	0.2684743	2.787902	-0.005457628	0.267154	2.719119	0.1639785	0.5862272	2.954557	-0.1281417	0.589114	2.536174	0.09012872	-0.1893159	2.943576	-0.02980942	-0.2413365	2.836326	0.0666127	-0.5532894	3.010331	-0.01126791	-0.60834	2.855344	

0.003909113	0.4075397	2.739195	-0.141918	0.2733212	2.502962	0.04120845	0.344429	2.622775	-0.1822951	0.08719546	2.539958	0.000696602	0.3723633	2.59125	-0.1017613	0.1946065	2.608101	0.07095199	1.074759	2.667976	-0.004789864	0.9654425	2.680247	0.0008917865	0.8820751	2.698183	0.01812028	0.6247594	2.743485	0.04116664	0.2721258	2.794438	0.09238292	0.7812861	2.800443	-0.08352549	0.8243343	2.587511	0.08397324	0.2687868	2.787531	-0.002774718	0.2677597	2.719701	0.1650905	0.5868072	2.955767	-0.125784	0.5906073	2.5368	0.09200094	-0.1905243	2.943211	-0.03078504	-0.2465932	2.836953	0.0760074	-0.5673672	3.006703	-0.01124687	-0.608369	2.85535	

0.004356468	0.4054602	2.743429	-0.1359188	0.2739798	2.511247	0.06221623	0.3241471	2.632388	-0.183823	0.08136974	2.569531	0.05030578	0.3298107	2.615216	-0.08527745	0.2104282	2.61393	0.07164825	1.075111	2.669069	-0.004118421	0.9658005	2.681042	0.001612386	0.8824008	2.698889	0.01899634	0.6249708	2.743852	0.04259015	0.2720916	2.794378	0.09305175	0.781645	2.801238	-0.08291383	0.8250174	2.588241	0.08537078	0.26875	2.787011	-0.001253017	0.2676831	2.720106	0.1657862	0.5871851	2.956556	-0.1221282	0.5909648	2.539831	0.0930644	-0.191909	2.941059	-0.03126812	-0.2495558	2.838277	0.06722672	-0.5614084	3.012119	-0.01072556	-0.6080415	2.855151	

0.004470252	0.4067745	2.7462	-0.130004	0.2741836	2.527335	-0.001572404	0.3213673	2.760478	-0.1787549	0.08181159	2.590184	-0.01312248	0.3271291	2.743289	-0.07305028	0.1797361	2.623436	0.07272176	1.075363	2.670791	-0.00296959	0.9661151	2.682783	0.002749112	0.882676	2.700298	0.02009996	0.6251273	2.744386	0.04407428	0.2720446	2.794051	0.094196	0.7819626	2.802977	-0.08244338	0.8252954	2.588731	0.08687968	0.2684445	2.786198	0.0002401685	0.2678387	2.720201	0.1669522	0.5875236	2.95828	-0.1197584	0.5910112	2.543643	0.09378958	-0.1906094	2.937475	-0.03083335	-0.2493718	2.837833	0.05578633	-0.5388898	3.026938	-0.01073682	-0.607944	2.855533	

0.002237733	0.4208986	2.73868	-0.129074	0.2750795	2.529969	-0.01930285	0.3530436	2.605669	-0.180903	0.08319011	2.590736	-0.05191664	0.3695969	2.5918	-0.06352916	0.1638731	2.622109	0.07322401	1.075485	2.671243	-0.002267608	0.96636	2.683461	0.003493414	0.8828881	2.700882	0.02100058	0.6252294	2.74462	0.0453646	0.2718923	2.793733	0.09489539	0.7822083	2.803654	-0.08188482	0.8257174	2.588924	0.08792809	0.268302	2.785369	0.001886797	0.2676325	2.720415	0.1676661	0.5877808	2.958951	-0.1186861	0.5912423	2.546273	0.09467362	-0.1915083	2.936906	-0.02945235	-0.248459	2.836266	0.05559224	-0.534085	3.027782	-0.01039565	-0.6078113	2.855359	

0.003341998	0.4219646	2.73981	-0.1282301	0.2753129	2.532228	0.04132573	0.3138613	2.610223	-0.1756803	0.08281476	2.593673	0.03628837	0.3230894	2.594	-0.0643962	0.1629086	2.624439	0.07370723	1.075878	2.672454	-0.00117645	0.9668517	2.684138	0.004665948	0.883297	2.701422	0.02255632	0.6253861	2.744661	0.04778192	0.2714767	2.792791	0.0959828	0.7827002	2.804331	-0.08113873	0.8264039	2.589427	0.09046669	0.2688391	2.783441	0.0044091	0.2662402	2.720252	0.1687676	0.5882844	2.959622	-0.118122	0.5908902	2.546854	0.09648916	-0.1867562	2.931237	-0.02773868	-0.2472229	2.8338	0.05629059	-0.5312847	3.028233	-0.01039492	-0.607812	2.85536	

-0.05640311	0.3191339	2.589249	-0.1270078	0.2578257	2.529906	-0.2019294	0.1005388	2.54428	-0.1707651	0.09008732	2.578074	-0.1725892	0.2265469	2.510827	-0.110449	0.1682329	2.582833	0.07431082	1.076742	2.6735	4.248395E-05	0.9673895	2.685112	0.005996891	0.8837727	2.70211	0.02451765	0.6257271	2.744449	0.05124925	0.271493	2.790611	0.09719748	0.7832389	2.805304	-0.08087195	0.8265129	2.589498	0.09374701	0.2683711	2.780656	0.007669601	0.2666749	2.71874	0.1809962	0.4817761	2.727676	-0.1309136	0.5113324	2.549955	0.09809795	-0.1803295	2.919559	-0.04156337	-0.220261	2.789475	0.0537801	-0.5308467	3.027667	-0.01027902	-0.6082417	2.855376	

-0.1245051	0.2914048	2.579375	-0.1142668	0.2796375	2.519328	-0.1901359	0.1051442	2.550076	-0.1567661	0.09678774	2.567966	-0.1671127	0.2562538	2.500628	-0.1073173	0.1717456	2.564667	0.07452147	1.077361	2.674398	0.0007355589	0.9679756	2.685768	0.006719952	0.884241	2.702514	0.02547796	0.6259612	2.744174	0.05278538	0.2712912	2.788991	0.09788802	0.7838253	2.80596	-0.07942223	0.8271927	2.589299	0.0948418	0.2680544	2.778036	0.009568948	0.2665549	2.71787	-0.005075295	0.5395952	2.705926	-0.1306748	0.5121992	2.549851	0.110941	-0.1690524	2.925901	-0.01588785	-0.2373343	2.822832	0.05978327	-0.5367615	3.022474	-0.009960685	-0.6080593	2.854991	

-0.1156837	0.279	2.564615	-0.1089099	0.2820014	2.502118	-0.1682805	0.10147	2.524085	-0.134505	0.1018161	2.546556	-0.1562271	0.2526507	2.480318	-0.07910293	0.1838168	2.538111	0.07545328	1.078483	2.675338	0.002474192	0.9694306	2.686143	0.009277102	0.8858394	2.702664	0.03152405	0.6278775	2.742963	0.06470803	0.2731245	2.785245	0.09962117	0.7852783	2.806337	-0.07654008	0.8279667	2.588596	0.1042708	0.2694072	2.774151	0.02348346	0.2688512	2.714643	0.001474617	0.5425164	2.696963	-0.1274574	0.513873	2.538654	0.1181201	-0.1861045	2.932142	-0.01585416	-0.2373962	2.822825	0.06243308	-0.5467615	3.008175	-0.009762296	-0.6081154	2.855027	

-0.1102457	0.280775	2.55427	-0.1056017	0.2838592	2.495778	-0.1605894	0.1039545	2.506247	-0.1337484	0.09550179	2.527973	-0.1635229	0.1972353	2.47136	-0.07302053	0.1749519	2.537857	0.07575135	1.079923	2.676512	0.003380846	0.9709466	2.686784	0.01071513	0.8873288	2.702952	0.03517338	0.6294623	2.741769	0.07175425	0.2745289	2.78136	0.1005245	0.7867932	2.80698	-0.07479684	0.8293015	2.588136	0.1115777	0.2710398	2.770266	0.02988801	0.2699672	2.710842	0.005433342	0.5458108	2.69028	-0.1242944	0.5159829	2.529953	0.1256396	-0.168611	2.920429	-0.0154867	-0.2447909	2.82585	0.06373686	-0.5489091	3.004743	-0.008600552	-0.6090144	2.854021	

-0.09869406	0.2841708	2.541943	-0.0987161	0.2877094	2.489297	-0.1462976	0.1092344	2.477632	-0.1243696	0.1002957	2.502575	-0.1583763	0.1878079	2.449765	-0.06637853	0.1761087	2.525666	0.07613758	1.08156	2.678223	0.004555139	0.9724547	2.687737	0.0124533	0.888834	2.703548	0.03878056	0.6309748	2.741116	0.0774866	0.2759492	2.779085	0.1016946	0.7883008	2.807934	-0.0734728	0.8308023	2.587787	0.1173178	0.2729465	2.767451	0.03543315	0.2708875	2.709073	0.008917387	0.5490751	2.68521	-0.1198926	0.5270749	2.523956	0.1276854	-0.1723621	2.924385	-0.01585423	-0.2587057	2.835238	0.06375407	-0.5491733	3.004539	-0.008595805	-0.6086071	2.853983	

-0.07625784	0.2841166	2.528589	-0.06465869	0.2794245	2.454318	-0.09801662	0.1094696	2.432069	-0.09011716	0.1007219	2.440164	-0.107508	0.2588883	2.427176	-0.03357036	0.1917179	2.452	0.07630148	1.082512	2.679492	0.00550064	0.973119	2.688003	0.01432134	0.889684	2.703751	0.04414366	0.6320999	2.740953	0.08793377	0.2773788	2.779122	0.1026371	0.7889643	2.808201	-0.07156225	0.831131	2.58668	0.1255256	0.2748377	2.768469	0.04817276	0.2716759	2.707937	0.03245462	0.5488088	2.671495	-0.1115859	0.5302891	2.51616	0.129344	-0.1750178	2.925884	-0.01572584	-0.2633491	2.836772	0.08855379	-0.5697921	3.008908	-0.008756838	-0.6097574	2.854473	

-0.02074717	0.3001894	2.568145	-0.06326061	0.2820678	2.453273	-0.08855112	0.1063633	2.429799	-0.07920931	0.1059947	2.438911	-0.09157272	0.2036557	2.406174	-0.02363764	0.2135439	2.436474	0.07664105	1.083123	2.680166	0.006263352	0.9739814	2.688225	0.01637784	0.8910143	2.704036	0.05206531	0.6349611	2.741616	0.1063634	0.2830726	2.781574	0.1033974	0.7898258	2.808423	-0.07063238	0.8319973	2.585554	0.1440788	0.2817613	2.772038	0.06556508	0.2760729	2.709491	0.1831371	0.4877009	2.728555	-0.1075645	0.5334764	2.51333	0.1303879	-0.1781988	2.92819	-0.01400144	-0.2590878	2.83588	0.09303102	-0.5745652	3.005591	-0.007811582	-0.6056554	2.852309	

-0.08686565	0.3340028	2.673598	-0.06145659	0.2864031	2.451679	-0.1273575	0.2662889	2.665914	-0.07107512	0.1098618	2.450317	-0.1335502	0.28666	2.6586	-0.02175711	0.1798084	2.444083	0.07651529	1.08402	2.680961	0.00709962	0.9748293	2.688735	0.0179594	0.8920019	2.704544	0.05505027	0.6359887	2.741995	0.1089912	0.2837549	2.78174	0.1042308	0.7906733	2.808934	-0.06994575	0.832909	2.585073	0.1468555	0.2829676	2.772095	0.06801628	0.2762772	2.709775	0.1837132	0.4885224	2.72886	-0.1051583	0.5357447	2.511262	0.1291639	-0.1726726	2.920537	-0.01287631	-0.2586705	2.836237	0.09751801	-0.573253	3.007608	-0.007617437	-0.6052596	2.852617	

0.2671905	0.3691615	2.990659	-0.05375347	0.292769	2.453617	0.3376265	0.2418508	3.068869	-0.0479445	0.1172229	2.466713	0.2707016	0.278523	3.059857	-0.001429631	0.2132408	2.440687	0.0769629	1.084426	2.681365	0.007747643	0.9752809	2.689086	0.01887606	0.8924327	2.704981	0.05596239	0.6362089	2.742692	0.109328	0.2837536	2.782893	0.1048767	0.7911248	2.809286	-0.06950682	0.8332098	2.585008	0.147356	0.2834376	2.773462	0.06821752	0.2758554	2.71087	0.1841844	0.4889579	2.729068	-0.1036927	0.5361829	2.510646	0.1305431	-0.1778143	2.927946	-0.01284282	-0.2591442	2.837063	0.0977232	-0.5729735	3.009715	-0.006926612	-0.6058346	2.852168	

0.2669913	0.3687317	2.99118	-0.05128763	0.2942722	2.454688	0.3320502	0.2448512	3.071538	-0.04566922	0.1171867	2.477902	0.2833755	0.2196344	3.0135	-0.001451623	0.2144472	2.440158	0.07738135	1.084539	2.681967	0.008563336	0.9752108	2.689699	0.01995538	0.8923432	2.705692	0.05709933	0.6361299	2.743655	0.1099153	0.283782	2.784206	0.1056897	0.7910559	2.809898	-0.06894907	0.8334575	2.584717	0.1479978	0.2838019	2.77516	0.06872179	0.2756085	2.711859	0.1848148	0.4888844	2.72949	-0.102934	0.5360557	2.510284	0.1264456	-0.1748673	2.91624	-0.0127705	-0.2595104	2.837478	0.09686263	-0.5727006	3.009752	-0.006695237	-0.6062465	2.852002	

0.2661309	0.3688015	2.991658	-0.05004166	0.2938803	2.457407	0.3506725	0.24117	3.060862	-0.0407304	0.1179153	2.487186	0.2717571	0.2229581	3.0098	-0.002701207	0.2040945	2.446833	0.07930493	1.085434	2.682243	0.009177386	0.9753925	2.689898	0.0207151	0.8925384	2.705998	0.05785146	0.6363574	2.744404	0.1102439	0.284172	2.786016	0.1063019	0.7912377	2.810097	-0.06841874	0.8340869	2.584932	0.148406	0.2843857	2.777257	0.06894228	0.2757925	2.713345	0.185327	0.4890582	2.729605	-0.102464	0.5359035	2.510666	0.1286426	-0.1785239	2.922328	-0.0128475	-0.2597333	2.837603	0.1016423	-0.5827765	3.009839	-0.007156777	-0.6064299	2.852636	

0.2668439	0.3677965	2.994846	-0.06877149	0.2871749	2.524376	0.2633002	0.2199027	3.03591	-0.07775263	0.1112826	2.582926	0.2510441	0.235548	3.0055	0.01665541	0.1870458	2.603539	0.08331232	1.083816	2.684753	0.01187127	0.9750543	2.693196	0.02241537	0.8920862	2.709019	0.05673445	0.6355112	2.74779	0.1001762	0.2818434	2.792918	0.1089861	0.7909066	2.813388	-0.06772999	0.8348165	2.588543	0.1377989	0.2803199	2.783844	0.05943506	0.2750945	2.7206	0.1877922	0.4887511	2.732586	-0.1037741	0.5304457	2.534816	0.1236521	-0.1831075	2.931674	-0.01572711	-0.2627808	2.840389	0.06422696	-0.5557265	3.002526	-0.008560482	-0.6097684	2.855199	

0.26693	0.3675393	2.995862	-0.06901641	0.2871045	2.524746	0.2504095	0.2195547	3.030915	-0.07907441	0.1122074	2.584925	0.2459613	0.223565	3.010334	0.01740956	0.1891246	2.60286	0.08488987	1.082793	2.686421	0.01273804	0.9750041	2.694175	0.02290902	0.8920063	2.709863	0.05613117	0.6353645	2.748544	0.09742403	0.2817341	2.793309	0.1098498	0.7908584	2.814365	-0.06743954	0.8356366	2.590541	0.1356471	0.2801743	2.78437	0.05615553	0.2750468	2.720767	0.1886045	0.48871	2.733488	-0.1040103	0.5279568	2.53934	0.1230453	-0.1619518	2.930695	-0.01633159	-0.2604558	2.84042	0.06588139	-0.5509353	3.003693	-0.009226273	-0.6089301	2.855873	

0.2669258	0.3676716	2.997778	-0.07083101	0.2874161	2.527011	0.2458884	0.2149531	3.043586	-0.07464192	0.116043	2.592993	0.2414671	0.2189901	3.023	0.01346514	0.2113625	2.603304	0.08634348	1.082456	2.688045	0.01370535	0.975459	2.696038	0.0234801	0.8922976	2.711429	0.05554843	0.6353649	2.749461	0.09557614	0.2815368	2.793412	0.1108132	0.7913166	2.816226	-0.06719419	0.8361536	2.5918	0.1339629	0.279889	2.784441	0.05425087	0.2749554	2.72088	0.1895315	0.4891774	2.735283	-0.1044246	0.5264225	2.543256	0.1223528	-0.1570769	2.931756	-0.01704562	-0.2463424	2.833823	0.06663363	-0.5518763	3.004851	-0.009231678	-0.608595	2.856011	

0.2661177	0.3680466	3.001405	-0.07413013	0.2895355	2.533629	0.3058097	0.2694488	3.044323	-0.06965357	0.1203291	2.593483	0.3010999	0.2732232	3.023784	0.01129067	0.2073796	2.606009	0.08706349	1.082493	2.691027	0.01399755	0.975907	2.699466	0.02354551	0.8927596	2.7147	0.05442959	0.6358854	2.752026	0.0939942	0.2822632	2.794499	0.1111022	0.7917711	2.819651	-0.06742659	0.8361689	2.594782	0.1324059	0.2809854	2.785333	0.05266985	0.2753164	2.722176	0.1898051	0.4896481	2.738651	-0.1051848	0.5250705	2.549481	0.1208711	-0.1550249	2.936249	-0.01705967	-0.2455151	2.834155	0.06590785	-0.551327	3.006696	-0.009092147	-0.60745	2.855943	

0.2642571	0.3696949	3.005684	-0.06714379	0.2874499	2.536122	0.2352071	0.2627594	3.049906	-0.04782897	0.1198905	2.593674	0.2274964	0.2575493	3.021333	-0.03353053	0.2007003	2.6024	0.08639108	1.083275	2.695604	0.01321917	0.9774376	2.703425	0.02267817	0.8941988	2.719431	0.05256319	0.6368785	2.759123	0.09167025	0.2825944	2.803538	0.1103232	0.793308	2.823609	-0.06684806	0.8374227	2.59951	0.1306526	0.2850841	2.794307	0.04956913	0.271699	2.732471	0.1890239	0.4911918	2.742586	-0.104336	0.5239881	2.551521	0.1180351	-0.1432867	2.945833	-0.0159232	-0.2557938	2.858369	0.07117644	-0.5700211	2.998748	-0.008810961	-0.6064157	2.855595	

0.2177597	0.3181278	2.989741	-0.05875247	0.2897053	2.534476	0.2402789	0.2427273	3.060913	-0.03063272	0.1190768	2.592055	0.2227931	0.2434012	3.0172	-0.09867392	0.2123752	2.6325	0.08526966	1.083804	2.698008	0.01276036	0.9776168	2.707074	0.0217736	0.8942355	2.723084	0.04975242	0.6365147	2.762766	0.0858761	0.2818274	2.806938	0.1098632	0.7934947	2.827254	-0.06718866	0.8377928	2.601705	0.1254129	0.2853088	2.79729	0.04374063	0.270001	2.735699	0.1883916	0.4920287	2.746342	-0.103138	0.5221459	2.552724	0.1168916	-0.1203437	2.951141	-0.01376238	-0.2581952	2.861764	0.07207455	-0.5732542	2.997011	-0.008460848	-0.606637	2.855163	

0.2180236	0.3179175	2.990927	-0.0326465	0.2806872	2.531346	0.2354405	0.2378824	3.052583	0.002592348	0.1265672	2.58032	0.2260135	0.3188114	2.997875	0.04074958	0.2375929	2.618666	0.08447067	1.083216	2.700983	0.01263831	0.9782084	2.709899	0.02108446	0.8949313	2.726252	0.04648066	0.6377335	2.767115	0.07794827	0.2844051	2.812923	0.1097395	0.7940913	2.830077	-0.06723042	0.838175	2.603781	0.1174619	0.2878284	2.804071	0.03622235	0.2725971	2.74054	0.1881043	0.4932322	2.749282	-0.1002878	0.5229206	2.55415	0.1111889	-0.1338688	2.965078	-0.005641722	-0.2611359	2.883245	0.07196566	-0.573287	2.996978	-0.007011147	-0.606477	2.848547	

0.2188997	0.3181297	2.993339	-0.03009125	0.2805903	2.530648	0.2331374	0.2466873	3.040412	0.004458424	0.1250374	2.578187	0.2285234	0.3117937	3.007	0.04168078	0.239477	2.619265	0.08378449	1.082666	2.702758	0.01210776	0.978039	2.713242	0.02007073	0.8946804	2.729531	0.0439471	0.637222	2.770019	0.07399582	0.2835426	2.814991	0.1092083	0.7939293	2.833417	-0.06736767	0.8382989	2.60454	0.1132773	0.2876972	2.805929	0.03251645	0.2710549	2.742743	0.187424	0.4936411	2.752727	-0.09888738	0.5235679	2.554132	0.1091889	-0.1367712	2.964098	-0.01159895	-0.2653178	2.877526	0.07351921	-0.5762593	2.997305	-0.00796486	-0.6107516	2.854254	

0.2193591	0.3195303	2.993206	-0.02698861	0.2802612	2.53006	0.2367239	0.2493738	3.064265	0.0113415	0.1279523	2.58313	0.2298636	0.3160446	3.020875	0.04620078	0.2474593	2.6155	0.08339031	1.08264	2.703602	0.01179833	0.9783279	2.713399	0.01961353	0.8949113	2.729793	0.0428272	0.6371389	2.770662	0.07220669	0.2826845	2.816189	0.1088996	0.7942182	2.833574	-0.06752024	0.8384224	2.604631	0.1112393	0.286998	2.807273	0.03102908	0.2701159	2.74373	0.1869727	0.4944624	2.752996	-0.0979248	0.5241297	2.554396	0.1071358	-0.1731455	2.968432	-0.01411193	-0.2552786	2.864695	0.06969048	-0.5653621	3.007601	-0.008405797	-0.6060882	2.855242	

0.2196129	0.3204618	2.992867	-0.02624317	0.2801366	2.53033	0.2370245	0.2605683	3.073407	0.004906818	0.1296674	2.587264	0.2191143	0.3126546	3.020667	-0.07507411	0.2092979	2.618135	0.08333758	1.082653	2.703617	0.01158424	0.978503	2.713515	0.01928052	0.895034	2.729987	0.04199959	0.636976	2.771104	0.07092734	0.2819301	2.816929	0.108686	0.7943933	2.833691	-0.06770284	0.8386222	2.60492	0.109833	0.2862021	2.807974	0.02992613	0.2694444	2.74445	0.1866221	0.4951495	2.753219	-0.09764836	0.5248476	2.554549	0.09939729	-0.1893524	2.952884	-0.01716529	-0.2562382	2.861444	0.06890573	-0.5650488	3.007926	-0.00875495	-0.6059385	2.855452	

0.2196782	0.3211154	2.992048	-0.02811439	0.2781921	2.53233	0.2281092	0.2642341	3.066909	-0.007052121	0.1243915	2.590351	0.2268467	0.2669545	3.05	0.04318488	0.241743	2.617667	0.08316519	1.082617	2.703523	0.01124315	0.9786549	2.713281	0.01896769	0.8951147	2.729807	0.04178522	0.6369155	2.770978	0.07091138	0.2817613	2.816808	0.108346	0.7945446	2.833457	-0.06778666	0.8387	2.604971	0.1098578	0.2859752	2.807907	0.02986447	0.2693111	2.744235	0.1861505	0.4957935	2.753088	-0.097399	0.5253865	2.554908	0.1009052	-0.1854799	2.954234	-0.02142759	-0.2566169	2.849992	0.07773747	-0.5741522	3.003969	-0.009282006	-0.6059931	2.85567	

0.1893248	0.3121335	2.924742	-0.03481279	0.2839051	2.533089	0.2184796	0.2539958	3.014896	-0.01974015	0.1228076	2.589362	0.2172453	0.2567442	2.997983	0.04300141	0.2420088	2.617439	0.0829526	1.082648	2.703427	0.01110432	0.9787952	2.712883	0.01880754	0.8951825	2.729494	0.0415853	0.6368284	2.770744	0.07078703	0.2815073	2.816615	0.1082078	0.7946839	2.83306	-0.06789625	0.8387501	2.60502	0.1098122	0.2857633	2.807647	0.02964718	0.269	2.744083	0.1859388	0.4962074	2.752748	-0.09739393	0.5257201	2.554963	0.1021648	-0.1823379	2.955632	-0.02124446	-0.2570739	2.850791	0.07992625	-0.5770038	3.00453	-0.01042744	-0.6054922	2.856301	

0.1891865	0.3120498	2.924742	-0.03909215	0.2844986	2.532828	0.2169454	0.2510554	3.014196	-0.03053378	0.1155399	2.587123	0.21673	0.2557568	2.997746	0.0413084	0.1965834	2.622046	0.08241077	1.082532	2.703179	0.01069556	0.9787803	2.712473	0.01839385	0.8951042	2.729096	0.04120285	0.6365551	2.770288	0.07066486	0.2809821	2.816007	0.1078004	0.7946682	2.832651	-0.06797375	0.8389429	2.604951	0.1096899	0.2851144	2.807102	0.02952746	0.2686029	2.743377	0.1854586	0.49647	2.752396	-0.09739994	0.5261977	2.554945	0.1029401	-0.1556641	2.94372	-0.04131407	-0.2137879	2.791438	0.07929663	-0.5783285	3.003308	-0.01109296	-0.6048529	2.856753	

0.1891284	0.3120307	2.924651	-0.05398981	0.2814578	2.529219	0.216351	0.249727	3.013487	-0.07115765	0.1010532	2.50713	0.2161954	0.2546396	2.997284	-0.0001290759	0.1920443	2.611769	0.08202435	1.082344	2.702377	0.0104209	0.978885	2.711838	0.01819537	0.8950908	2.728505	0.04126616	0.636165	2.769577	0.07169432	0.2796519	2.814735	0.1075269	0.7947714	2.832017	-0.06817342	0.839089	2.604709	0.111099	0.2827137	2.804769	0.03020737	0.2680503	2.742817	0.1851166	0.4968323	2.751816	-0.09746672	0.5266388	2.554434	0.09512881	-0.1672403	2.934851	-0.01949799	-0.2629586	2.848013	0.07049331	-0.5671585	3.009172	-0.01163954	-0.607747	2.857718	

0.1886667	0.311361	2.924122	-0.08004321	0.2581756	2.505058	0.2151275	0.247082	3.012177	-0.1144739	0.08775625	2.50273	0.2145719	0.2512321	2.995804	-0.03063184	0.2170697	2.600228	0.08053642	1.081449	2.699931	0.009686779	0.978245	2.710679	0.0175855	0.8943558	2.727282	0.04115424	0.6350836	2.767995	0.07272235	0.278095	2.812432	0.1067957	0.7941301	2.830858	-0.06832267	0.8391029	2.604257	0.1122064	0.2811641	2.800387	0.03112291	0.2666511	2.741931	0.1843902	0.4961911	2.750657	-0.0991846	0.5272998	2.549828	0.09518786	-0.1849502	2.937845	-0.0199362	-0.2582839	2.843897	0.06764664	-0.5646439	3.009952	-0.01223634	-0.6039867	2.857482	

0.1880984	0.310959	2.923705	-0.08047059	0.2807178	2.503602	0.2141416	0.2457899	3.011446	-0.1218748	0.09547185	2.502921	0.2133541	0.2493778	2.99487	-0.04410451	0.2040613	2.600773	0.07911903	1.08096	2.698069	0.008892004	0.9779274	2.709824	0.0167412	0.8938938	2.726184	0.04027452	0.6340821	2.765933	0.07209028	0.2763472	2.808747	0.1060037	0.7938113	2.830003	-0.06852126	0.8388594	2.603451	0.1112588	0.279438	2.795012	0.03077105	0.2651683	2.739944	0.1836031	0.4958715	2.749801	-0.1001335	0.5273708	2.547172	0.09522079	-0.1868947	2.937479	-0.02316682	-0.2571831	2.840288	0.07749397	-0.5750518	3.005717	-0.01238006	-0.6036818	2.857885	

0.1860602	0.3105277	2.921582	-0.08313721	0.2974997	2.498531	0.2118284	0.2445713	3.009049	-0.1266153	0.1008226	2.470502	0.2106245	0.2473636	2.99213	-0.06576419	0.1926478	2.592667	0.07842515	1.081127	2.69609	0.006467885	0.9777381	2.706939	0.01439947	0.8934991	2.723125	0.03830233	0.6331087	2.762351	0.07074839	0.274803	2.804661	0.1035883	0.7936167	2.827124	-0.06912527	0.8386794	2.602256	0.1098019	0.2779241	2.790327	0.02964862	0.2637395	2.736856	0.1812027	0.4956697	2.746923	-0.1034039	0.5365018	2.540804	0.1038886	-0.183917	2.948005	-0.02294277	-0.2571518	2.840423	0.06326728	-0.5569056	3.007333	-0.01241475	-0.6036311	2.857952	

0.1850561	0.3102918	2.920421	-0.08559741	0.2908585	2.493912	0.2107494	0.2439413	3.00781	-0.1241259	0.09529326	2.464912	0.2095504	0.2467361	2.990891	-0.07734544	0.1760216	2.502875	0.07709505	1.080939	2.693923	0.005358196	0.9776421	2.705475	0.01355187	0.893428	2.721927	0.0380707	0.6331181	2.761818	0.0708412	0.2748844	2.804565	0.1024826	0.7935178	2.825662	-0.06996504	0.8381253	2.600719	0.1098044	0.2776437	2.790072	0.03008413	0.2645558	2.736854	0.1801042	0.4955671	2.745462	-0.1049944	0.5369941	2.538564	0.1053085	-0.1836231	2.949545	-0.0443593	-0.2119043	2.80316	0.06410246	-0.5571324	3.007701	-0.01237579	-0.603554	2.858023	

0.1839266	0.309688	2.918969	-0.08640708	0.2889698	2.491837	0.2095604	0.2429657	3.006288	-0.1223349	0.09562005	2.474081	0.2083667	0.2457648	2.989368	-0.05248795	0.2249613	2.5825	0.07601735	1.080818	2.692525	0.00418319	0.9771558	2.703814	0.01255205	0.8929829	2.720423	0.03761359	0.6328392	2.760831	0.07087414	0.2748422	2.804229	0.101312	0.7930289	2.824002	-0.07080919	0.8376381	2.599605	0.1096887	0.2769118	2.789192	0.03018205	0.2648207	2.736718	0.1789413	0.495076	2.743803	-0.1062086	0.5379202	2.536469	0.1056161	-0.1848415	2.951137	-0.02626486	-0.2534116	2.830447	0.06690257	-0.5647995	2.998105	-0.01234894	-0.6035645	2.85801	

0.183178	0.3085791	2.917356	-0.08823109	0.2939999	2.490642	0.2087867	0.2415254	3.004611	-0.1176621	0.09605221	2.47831	0.2075962	0.2443308	2.98769	-0.05231402	0.2254501	2.580718	0.07486261	1.0803	2.69184	0.003433866	0.9761463	2.70207	0.01187417	0.8918903	2.71845	0.03731853	0.6315343	2.758165	0.07146631	0.2734749	2.800869	0.1005661	0.7920174	2.822258	-0.07140014	0.8374161	2.598393	0.1104786	0.2760506	2.786927	0.03035799	0.262931	2.732508	0.1782006	0.4940647	2.742059	-0.1080457	0.5344536	2.53367	0.102093	-0.1909525	2.947455	-0.02647423	-0.2529506	2.829994	0.06696884	-0.5667656	2.997341	-0.01165587	-0.6038276	2.857402	

0.1818306	0.308695	2.916168	-0.09232398	0.2827649	2.48802	0.2074935	0.2414672	3.003487	-0.1188244	0.09384299	2.496892	0.2065132	0.2444645	2.986793	-0.05939688	0.2183758	2.5745	0.07293775	1.079762	2.690707	0.002046732	0.9763637	2.700764	0.0107907	0.8919557	2.717415	0.03694603	0.6313512	2.757768	0.07152422	0.2731516	2.800872	0.09918366	0.7922319	2.820956	-0.07243922	0.8366844	2.596752	0.1105013	0.2758611	2.786886	0.03046576	0.2624231	2.732647	0.1768268	0.4942744	2.740757	-0.1122664	0.5275258	2.531254	0.1016123	-0.1864213	2.94635	-0.02564213	-0.2472257	2.827402	0.05229269	-0.5323604	3.026804	-0.01144011	-0.6038868	2.857058	

0.180939	0.3087713	2.915385	-0.09773883	0.2780501	2.483734	0.2153201	0.2672271	3.005908	-0.1254688	0.1030266	2.53126	0.2048071	0.2967946	2.973	-0.06377548	0.2209886	2.58475	0.07140547	1.079569	2.689237	0.001140421	0.9765052	2.699914	0.009946506	0.8920199	2.716651	0.03637626	0.6312213	2.757317	0.07133394	0.2729398	2.800811	0.0982804	0.7923715	2.820108	-0.07330458	0.8364553	2.595679	0.1103043	0.2756923	2.786856	0.03029028	0.2621802	2.732598	0.1758413	0.4947398	2.73998	-0.1184975	0.5288785	2.527419	0.09469404	-0.1909412	2.941892	-0.02456655	-0.2476586	2.829264	0.05652648	-0.5425447	3.019183	-0.01088167	-0.6045074	2.85623	

0.1799489	0.3081956	2.914682	-0.1070668	0.2534126	2.480652	0.2063278	0.315595	2.995888	-0.119524	0.115571	2.530973	0.2006774	0.3261327	2.9728	-0.07013819	0.2265798	2.5796	0.07029941	1.078873	2.689116	0.0001620168	0.9759819	2.699179	0.008882224	0.8914918	2.715757	0.03514831	0.6306907	2.755974	0.07022984	0.2725066	2.799213	0.09730528	0.7918476	2.819373	-0.07380014	0.8362051	2.595283	0.1095619	0.2756569	2.785602	0.02879805	0.2612669	2.730753	0.1748725	0.4942166	2.739245	-0.1209999	0.5291641	2.525746	0.09045108	-0.1852509	2.933732	-0.024591	-0.2477513	2.829792	0.05893874	-0.5469117	3.017496	-0.01041517	-0.6046083	2.855955	

0.1791631	0.3078718	2.914465	-0.1095712	0.2606104	2.480185	0.2066033	0.3160163	2.999887	-0.1219524	0.1165751	2.527972	0.2009143	0.3265014	2.9763	-0.07030211	0.2192939	2.5855	0.06925461	1.078627	2.688563	-0.0006119958	0.9756935	2.69894	0.008016039	0.8911849	2.715402	0.03403869	0.6303166	2.755254	0.06896603	0.2720677	2.798108	0.09653363	0.7915592	2.819134	-0.07453237	0.8360884	2.594895	0.108327	0.2751418	2.784186	0.02757441	0.2609358	2.730014	0.1741058	0.493929	2.739005	-0.1234208	0.5291774	2.526151	0.0907717	-0.1858481	2.935185	-0.02343266	-0.2464646	2.834199	0.06054411	-0.5479358	3.017953	-0.01056037	-0.6034985	2.856508	

0.1780429	0.3080124	2.913559	-0.1128566	0.2536162	2.483056	0.2036879	0.2449195	3.002447	-0.1260446	0.1159245	2.532304	0.198012	0.2557557	2.978826	-0.077533	0.2196675	2.589916	0.06798312	1.077671	2.688554	-0.001751285	0.97588	2.697989	0.006758199	0.891344	2.714335	0.03250033	0.6303445	2.75392	0.06722718	0.2718742	2.796638	0.09539809	0.7917438	2.818185	-0.07585068	0.8359571	2.594459	0.1069156	0.2750909	2.782507	0.02552964	0.2606193	2.728828	0.1729776	0.4941098	2.738058	-0.1252377	0.5289791	2.52657	0.09783272	-0.1793688	2.946113	-0.02317522	-0.2461417	2.835011	0.05432058	-0.5397414	3.024682	-0.01085834	-0.6026753	2.856919	

0.1773258	0.3082246	2.913244	-0.1173745	0.2999669	2.49087	0.1970657	0.3057587	2.979894	-0.1271622	0.1158086	2.536265	0.196208	0.3085016	2.967	-0.07920076	0.2225766	2.595843	0.06752175	1.077789	2.688229	-0.002476855	0.9761209	2.697651	0.005860901	0.891536	2.71387	0.0309934	0.6302857	2.753005	0.06473037	0.2712425	2.795033	0.09467471	0.7919837	2.817849	-0.07664376	0.8358716	2.594176	0.1045793	0.2741213	2.78105	0.02294489	0.2603739	2.727142	0.1724254	0.4937249	2.737593	-0.12554	0.6098295	2.536444	0.1004982	-0.1764798	2.94984	-0.02290009	-0.2559057	2.851498	0.05808204	-0.5478486	3.021738	-0.009836625	-0.6028915	2.856054	

-0.04127003	0.325496	2.575784	-0.1183911	0.2673402	2.489827	-0.1632283	0.137582	2.520014	-0.1210347	0.1200713	2.532096	-0.1228386	0.1224577	2.519308	-0.1025788	0.1986957	2.49275	0.0672324	1.077621	2.688169	-0.002792867	0.9761376	2.697211	0.005392856	0.8915394	2.713322	0.02997632	0.6302307	2.752149	0.06284412	0.2711136	2.793867	0.09435987	0.7919996	2.817409	-0.07705177	0.8357697	2.593994	0.102896	0.2740391	2.779664	0.02090151	0.2602109	2.726238	0.1721126	0.4937394	2.737154	-0.1324871	0.5279531	2.53372	0.100766	-0.1743033	2.950645	-0.02206032	-0.2528749	2.848073	0.05864928	-0.5373845	3.026439	-0.01024901	-0.6031489	2.856199	

-0.1204974	0.2964432	2.562863	-0.1321907	0.2958581	2.509852	-0.1749064	0.1403134	2.537546	-0.1405162	0.1238973	2.552251	-0.1160228	0.1885156	2.558875	-0.1178028	0.2093671	2.520823	0.06685819	1.077021	2.687544	-0.002963029	0.9761565	2.696527	0.005026688	0.8916158	2.712702	0.02872018	0.6305836	2.75164	0.05929264	0.2722968	2.793924	0.09419063	0.792017	2.816727	-0.07729581	0.835461	2.59361	0.09917897	0.2737097	2.77966	0.01710416	0.2632909	2.726433	-0.0017866	0.5520307	2.706733	-0.1284267	0.6074235	2.544733	0.1012806	-0.1732861	2.951459	-0.02173213	-0.2524495	2.848529	0.06384446	-0.5515767	3.022757	-0.01002252	-0.6035349	2.855935	

-0.1243473	0.3260028	2.580285	-0.1537603	0.2906707	2.546456	-0.1949604	0.1475464	2.55808	-0.1911832	0.1235859	2.588447	-0.120382	0.2248446	2.595429	-0.1317407	0.1886731	2.567929	0.06757245	1.076824	2.686408	-0.002865305	0.9755425	2.695404	0.004711168	0.8911272	2.711604	0.026656	0.6303796	2.750207	0.05303707	0.2729442	2.791913	0.09428897	0.7914015	2.815603	-0.07778423	0.8354442	2.593248	0.09228011	0.2721333	2.777225	0.01142008	0.2658919	2.724726	-0.006583847	0.5494466	2.714257	-0.1305953	0.602708	2.549027	0.1016215	-0.1720831	2.951178	-0.02188192	-0.2500042	2.847016	0.0811587	-0.5749541	3.004117	-0.009380515	-0.6037692	2.855652	

-0.1262096	0.3068719	2.582726	-0.1471971	0.2872859	2.54538	-0.1852935	0.1383594	2.567278	-0.1807572	0.1246689	2.581151	-0.1185524	0.1972255	2.584455	-0.1241038	0.1856654	2.56972	0.07017639	1.077233	2.684118	-0.002427127	0.974756	2.693312	0.004868057	0.8905432	2.709837	0.02641035	0.6302523	2.749356	0.05290595	0.2730215	2.791754	0.09472747	0.7906117	2.813512	-0.07829736	0.8351666	2.592606	0.09226316	0.2720695	2.777141	0.01113148	0.2662637	2.724437	-0.006771288	0.5478684	2.7132	-0.1310197	0.6005294	2.550798	0.1059522	-0.1507108	2.942185	-0.02096566	-0.2489569	2.846146	0.0447722	-0.5308351	3.027689	-0.009399296	-0.6038947	2.855758	

-0.1254803	0.3043305	2.581918	-0.1399051	0.286577	2.543123	-0.1741779	0.1329923	2.564061	-0.157691	0.1069395	2.597565	-0.1051599	0.1977738	2.572381	-0.1025137	0.2007769	2.584091	0.0757285	1.075154	2.681876	-0.001033513	0.9745526	2.691103	0.005859066	0.8903682	2.708256	0.02664104	0.6301903	2.749122	0.05318028	0.272931	2.7923	0.09611872	0.7904036	2.811305	-0.07828292	0.8350128	2.592457	0.09293274	0.2714796	2.778346	0.01127603	0.2663859	2.724685	-0.005644638	0.5469522	2.711454	-0.1305311	0.6008165	2.551243	0.09830342	-0.1565515	2.930126	-0.02322251	-0.2453697	2.837606	0.09184296	-0.5917531	2.988452	-0.00923693	-0.6043682	2.855532	

-0.06102803	0.3300393	2.588577	-0.130775	0.2839695	2.537093	-0.153019	0.1334587	2.559625	-0.1371537	0.119391	2.573718	-0.09813841	0.16421	2.554381	-0.08721051	0.1883319	2.565435	0.08493198	1.071391	2.67871	0.001772806	0.9739821	2.689153	0.008352578	0.8897769	2.706776	0.02841555	0.6295989	2.748971	0.05563857	0.2718948	2.794368	0.09891865	0.7898292	2.809354	-0.07795226	0.8349932	2.592032	0.09632159	0.2715752	2.781323	0.01334253	0.264283	2.726233	0.1774919	0.4883921	2.728438	-0.1247934	0.5989617	2.549663	0.09449018	-0.1797175	2.936904	-0.02267667	-0.2452482	2.838583	0.06610914	-0.5521258	3.015913	-0.009654457	-0.6042339	2.855725	

-0.0535945	0.3207291	2.593261	-0.1176669	0.2871968	2.52651	-0.1390306	0.1403669	2.558843	-0.1118241	0.124695	2.573723	-0.09043839	0.1581476	2.54265	-0.07354488	0.2122067	2.551	0.09607	1.066925	2.675883	0.01075273	0.972562	2.682942	0.01559366	0.8884405	2.702087	0.0314366	0.6286665	2.748001	0.05644792	0.2711705	2.795749	0.1078779	0.7883964	2.803141	-0.07557944	0.8345668	2.58953	0.09745844	0.2713433	2.783097	0.01388415	0.2631018	2.72727	0.1865445	0.4863953	2.72211	-0.1258918	0.6026189	2.548263	0.09472461	-0.1827271	2.938159	-0.02268879	-0.2447247	2.838553	0.06588851	-0.5517638	3.015913	-0.01005127	-0.6039839	2.856142	

-0.05027998	0.319599	2.59274	-0.1173468	0.2891995	2.526333	-0.1271971	0.1728521	2.534729	-0.1032612	0.1201614	2.594742	0.03310701	0.1940633	2.620116	-0.02265085	0.2283764	2.6	0.1064636	1.063573	2.673136	0.01564453	0.9713894	2.681281	0.02031086	0.8874019	2.700728	0.03503745	0.6280307	2.748105	0.05851864	0.2710759	2.798519	0.1127573	0.7872211	2.801476	-0.07226365	0.8356283	2.587548	0.1004226	0.2721906	2.787563	0.01517629	0.262445	2.728685	0.1915246	0.4847316	2.72034	-0.1268676	0.6052051	2.544889	0.09372661	-0.184101	2.936923	-0.02318339	-0.2439483	2.837031	0.06497965	-0.5515262	3.015337	-0.01006872	-0.604162	2.856106	

-0.04108061	0.3198426	2.592619	-0.1182848	0.2898669	2.526314	-0.1232522	0.1712568	2.527334	-0.1160603	0.1191494	2.591033	0.0341269	0.196332	2.627251	-0.02674248	0.212749	2.607085	0.1259852	1.056592	2.668012	0.02984056	0.9692478	2.676164	0.03172918	0.8859274	2.696845	0.03947061	0.6279219	2.7475	0.05854256	0.2718723	2.800296	0.1269172	0.7850695	2.796352	-0.06285586	0.8357622	2.581498	0.1008647	0.2716369	2.791097	0.01482284	0.2644411	2.729516	0.2057217	0.4821082	2.715115	-0.1246969	0.6065013	2.541713	0.09084547	-0.1858819	2.935048	-0.02299537	-0.2440853	2.837602	0.06407154	-0.5517569	3.014856	-0.01002163	-0.6043936	2.855658	

-0.03429056	0.3206994	2.591953	-0.1217273	0.2900501	2.527334	-0.1283598	0.1721625	2.531701	-0.1342216	0.1175703	2.59344	0.03350126	0.1962465	2.632406	-0.03233282	0.2020544	2.609848	0.1353823	1.054897	2.665019	0.0405162	0.9677104	2.6723	0.0403765	0.8846429	2.693535	0.04205154	0.6275321	2.746487	0.05628926	0.2722926	2.801494	0.1375654	0.7835246	2.792482	-0.05655284	0.8352719	2.579003	0.09897111	0.270831	2.793461	0.01133306	0.2662969	2.729389	0.2164195	0.4801267	2.711152	-0.1238822	0.6072166	2.539409	0.1012401	-0.1709373	2.942981	-0.02253735	-0.2453787	2.840082	0.06398568	-0.5518927	3.014803	-0.009109834	-0.6058206	2.854442	

-0.04161134	0.3919786	2.577691	-0.1527356	0.2934923	2.537131	-0.1519238	0.2240133	2.534482	-0.1885557	0.1257805	2.58751	0.008379715	0.2379441	2.623576	-0.09232148	0.2128798	2.6252	0.1638547	1.043551	2.656754	0.06747004	0.9603429	2.661545	0.06098069	0.8789458	2.685499	0.04696788	0.6260074	2.745042	0.0487426	0.2733846	2.806331	0.1644503	0.7761415	2.781708	-0.04346171	0.8340399	2.572476	0.09322271	0.269773	2.799732	0.001912068	0.2695644	2.732244	0.2432381	0.4723687	2.700283	-0.1229439	0.6093413	2.536461	0.0999762	-0.1644775	2.938703	-0.02141438	-0.2451074	2.845179	0.06392231	-0.5519019	3.014847	-0.008461474	-0.6074069	2.853503	

-0.0171673	0.4210712	2.587161	-0.2004903	0.303164	2.551438	-0.1483392	0.2966851	2.59906	-0.2499465	0.1338822	2.623927	0.019685	0.2729804	2.637577	-0.155603	0.2442448	2.657429	0.2084648	1.026039	2.646105	0.1068597	0.947026	2.655114	0.09683979	0.866823	2.680291	0.06512148	0.6194713	2.745163	0.04602554	0.2730707	2.812574	0.2037326	0.7628236	2.775229	-0.0287713	0.8297613	2.565961	0.09262929	0.2682104	2.804809	-0.003074324	0.2706684	2.739515	0.2823676	0.4587338	2.693681	-0.1218623	0.6097099	2.53576	0.09934555	-0.1643061	2.937709	-0.02122775	-0.2443246	2.844813	0.0634428	-0.5522621	3.01424	-0.008405465	-0.6078152	2.853533	

0.03186131	0.3362184	2.618225	-0.2409131	0.3071536	2.561216	-0.08591091	0.2046348	2.64221	-0.303684	0.152111	2.624689	0.04892476	0.2291875	2.707572	-0.1877329	0.2880796	2.6208	0.2692592	0.9822145	2.630484	0.1593089	0.9063351	2.640976	0.1414864	0.8290803	2.669536	0.08009009	0.5991234	2.745661	0.01651018	0.2639973	2.834266	0.2560374	0.7221665	2.76099	0.01005245	0.7987017	2.55145	0.06890094	0.2571785	2.821732	-0.03646221	0.2639224	2.765237	0.3344112	0.4179588	2.679276	-0.1212866	0.5989929	2.535208	0.06584918	-0.1891532	2.889156	-0.0159477	-0.2376726	2.838215	0.06515081	-0.5525268	3.013427	-0.00765691	-0.6089838	2.85354	

0.05305218	0.3219576	2.618493	-0.2423866	0.2987817	2.562549	-0.07145439	0.1902672	2.64396	-0.3232922	0.1507987	2.628044	0.04555577	0.2189066	2.719154	-0.1959434	0.2734808	2.654167	0.3015302	0.9379518	2.626981	0.1854775	0.8745186	2.639372	0.1607876	0.8026173	2.668651	0.09140542	0.5735337	2.746456	0.008234069	0.2553194	2.837728	0.2821277	0.690406	2.759307	0.02505816	0.7803457	2.550195	0.0571048	0.2441303	2.824502	-0.04188257	0.2583982	2.769058	0.3603885	0.386145	2.677468	-0.1163271	0.5876226	2.533313	0.07668193	-0.1964566	2.889109	-0.0006039083	-0.2360297	2.81269	0.06589955	-0.5504586	3.0117	-0.005250315	-0.6096786	2.852135	

0.05092293	0.255127	2.611567	-0.1768792	0.1905729	2.558618	-0.09021244	0.1288098	2.65807	-0.2730814	0.04733442	2.62464	0.0561222	0.1404534	2.675895	-0.1341038	0.1479373	2.665344	0.3469009	0.842437	2.607385	0.2284253	0.7790979	2.626015	0.2028151	0.7065939	2.659567	0.1239199	0.4826801	2.750629	0.015969	0.1757058	2.862037	0.261691	0.6776563	2.759241	0.06139718	0.6830515	2.540332	0.05958972	0.1735718	2.85619	-0.02814792	0.1728167	2.786039	0.3399654	0.3739009	2.677464	-0.09771173	0.4084549	2.535545	0.1843691	-0.2221872	2.874114	0.06974291	-0.2364032	2.748698	0.1005569	-0.5752071	2.999086	-0.005170336	-0.6094096	2.851912	

0.2329627	0.1628572	2.960943	-0.07906827	0.1017649	2.545974	0.2440082	0.05111223	2.903431	-0.1355463	-0.05674503	2.610763	0.2516082	0.1188882	2.93547	-0.01877716	0.031723	2.640079	0.3487216	0.8152719	2.604093	0.2330161	0.7492589	2.62008	0.2110737	0.6737805	2.6496	0.1461067	0.4399469	2.725486	0.05466838	0.1286337	2.819297	0.2650492	0.6599767	2.760408	0.06563936	0.6483757	2.538869	0.09417765	0.1248983	2.81931	0.0135285	0.1286389	2.73744	0.2366754	0.3840403	2.899043	-0.0347869	0.3963598	2.514082	0.2157164	-0.27266	2.826513	0.1048082	-0.2774294	2.747177	0.1154353	-0.5774667	3.000721	-0.003544533	-0.6114748	2.85037	

0.3708887	0.165441	2.887668	0.1989265	0.119578	2.438453	0.4283482	0.04588437	2.923041	0.2954491	-0.01563606	2.463572	0.3667625	0.1240683	2.924154	0.2666711	0.07545352	2.432833	0.3458593	0.8333653	2.559617	0.2368766	0.7573586	2.571882	0.2222304	0.680766	2.59944	0.1764821	0.4440263	2.674377	0.1133355	0.1194041	2.76423	0.3025335	0.6648452	2.730565	0.09379368	0.64787	2.4935	0.1536973	0.1129606	2.762563	0.06957605	0.122323	2.684134	0.3058487	0.3865137	2.86642	0.06644105	0.3451709	2.449696	0.3857296	-0.2211271	2.810111	0.1575743	-0.2771291	2.730943	0.2504355	-0.6138023	3.004166	-0.002922336	-0.6104752	2.850539	

0.4231619	0.2082196	2.842603	0.2419907	0.2510036	2.317184	0.4936349	0.06844074	2.875747	0.354782	0.1839815	2.315681	0.4316874	0.146506	2.876919	0.3100745	0.2485383	2.291606	0.3978719	0.8766757	2.518106	0.2901886	0.8007101	2.525817	0.279331	0.7267187	2.560135	0.2450169	0.4979819	2.653657	0.1971273	0.1841006	2.768529	0.3566332	0.7080273	2.684416	0.1541397	0.6970663	2.444232	0.2276894	0.1815345	2.768031	0.160726	0.1812494	2.687517	0.3585995	0.4295644	2.82101	0.06603424	0.434684	2.37326	0.4952097	-0.138524	2.743878	0.1704511	-0.23256	2.717837	0.3657627	-0.4890034	2.904324	-3.875498E-05	-0.6051477	2.850231	

0.4288457	0.1445111	2.791184	0.1531325	0.2859053	2.29903	0.4721741	0.122645	2.730737	0.2466175	0.2083038	2.277928	0.4790091	0.137262	2.749448	0.2547119	0.2587213	2.2605	0.4509609	0.9049957	2.487777	0.3390261	0.8307891	2.503886	0.3284185	0.7560376	2.53946	0.2946489	0.5248401	2.636881	0.2472574	0.2074574	2.757071	0.4052976	0.7379935	2.662565	0.1942905	0.7206504	2.420505	0.2785046	0.2082867	2.76217	0.2086785	0.2005105	2.670679	0.4068945	0.4592931	2.799341	0.03093818	0.4788747	2.363342	0.5022025	-0.1436061	2.748434	0.1883096	-0.214649	2.695242	0.4783926	-0.5291275	2.864911	0.005897051	-0.6085482	2.847707	

0.4544232	0.1287585	2.740347	0.0542312	0.3019909	2.323083	0.4915176	0.03093484	2.685781	0.1003598	0.1793334	2.296995	0.5118685	0.06132186	2.6966	0.1176814	0.2263136	2.289375	0.507521	0.8874573	2.472788	0.4084221	0.8238558	2.484088	0.3959857	0.7491341	2.518768	0.3563423	0.5180271	2.613575	0.3006438	0.2007168	2.730349	0.4312831	0.7222995	2.611659	0.2353331	0.7174963	2.418664	0.3431413	0.1929081	2.719934	0.2414872	0.202178	2.661735	0.432622	0.4435519	2.74849	0.02024387	0.5311494	2.380741	0.5128048	-0.1775328	2.767169	0.2551134	-0.2191491	2.623713	0.5494021	-0.5786045	2.848971	0.1164345	-0.6297215	2.778112	

0.4817926	0.1350454	2.7447	0.003478448	0.3003356	2.339649	0.5493151	-0.01945224	2.719334	0.02821584	0.1671332	2.332525	0.5091709	0.07711574	2.7095	0.0579083	0.2101897	2.3352	0.5357763	0.8650833	2.466288	0.4282727	0.8057033	2.4813	0.412257	0.7336146	2.517068	0.3640021	0.5091543	2.614151	0.3018958	0.1973906	2.732065	0.4589744	0.7286094	2.615939	0.2494224	0.7080756	2.419704	0.347784	0.1880505	2.720995	0.24247	0.199625	2.66363	0.4601136	0.4498509	2.752818	0.01879113	0.5328058	2.382608	0.5349614	-0.2078885	2.768861	0.2767087	-0.220143	2.604933	0.5829772	-0.6161326	2.852697	0.04654619	-0.4803171	2.826443	

0.5465565	0.06614537	2.75389	-0.05662086	0.2922685	2.391468	0.537389	-0.03995128	2.721428	-0.09395799	0.1615667	2.392418	0.537808	-0.03425286	2.71425	-0.03628569	0.2044976	2.41	0.5982065	0.7929952	2.460489	0.4933786	0.732805	2.482421	0.4728649	0.6648791	2.51527	0.408249	0.4548408	2.604497	0.3143041	0.1740135	2.718288	0.5245715	0.6588339	2.625353	0.3140696	0.6526447	2.424538	0.3633972	0.1621083	2.699462	0.2555847	0.1788742	2.654573	0.5251898	0.3806112	2.762082	0.02678451	0.5191997	2.396582	0.5565886	-0.3458098	2.806585	0.3316882	-0.2589212	2.583729	0.6314027	-0.7081013	2.862095	0.2118056	-0.5232858	2.752924	

0.6165075	-0.006313599	2.76158	-0.08452801	0.2444526	2.442304	0.5457125	-0.07125844	2.707664	-0.1510514	0.1412771	2.458511	0.5321413	-0.06678686	2.6765	-0.08710321	0.1566742	2.445937	0.6554515	0.7010794	2.465954	0.5460186	0.6371887	2.488642	0.5264814	0.567508	2.52089	0.46459	0.352527	2.608147	0.3780621	0.05796427	2.71463	0.5954205	0.5854387	2.633226	0.3673641	0.5591737	2.430755	0.4243508	0.05749888	2.696532	0.3204486	0.0566996	2.651701	0.5954773	0.3077906	2.769831	0.06875442	0.4459873	2.431364	0.5722794	-0.4577245	2.821865	0.4860956	-0.3053178	2.482929	0.6206586	-0.7902821	2.869336	0.3997567	-0.636044	2.688822	

0.6534161	-0.1596412	2.749569	-0.06202832	0.1723592	2.487302	0.6076456	-0.2256085	2.739062	-0.1444496	0.06856715	2.5158	0.6040733	-0.2280087	2.723	-0.07331438	0.08070192	2.505417	0.6949707	0.5732034	2.484565	0.5976201	0.5119596	2.504695	0.5804378	0.4408917	2.535002	0.5254808	0.2222463	2.616211	0.4481134	-0.07663519	2.714331	0.6330131	0.4293307	2.621912	0.4113976	0.4406581	2.442877	0.49342	-0.08141442	2.687048	0.3894533	-0.06957404	2.660908	0.6326619	0.1532419	2.757915	0.1189138	0.350104	2.457428	0.5075572	-0.516261	2.821033	0.539306	-0.4814876	2.508122	0.5244233	-0.9067224	2.654305	0.4999441	-0.8592402	2.660425	

0.6774659	-0.2301867	2.761036	-0.03438883	0.103259	2.510786	0.6432986	-0.3071606	2.733479	-0.1242656	0.001622261	2.537715	0.6389377	-0.3087944	2.715	-0.06636079	0.004820803	2.517462	0.7246948	0.5006469	2.492724	0.622142	0.4393064	2.51662	0.6032977	0.3650077	2.545018	0.5431737	0.1368457	2.62037	0.4586701	-0.1745915	2.710423	0.6574388	0.3569239	2.633749	0.4374026	0.358375	2.452856	0.5090579	-0.1792984	2.688054	0.3946142	-0.1646931	2.652269	0.656877	0.08184752	2.769367	0.1422924	0.2776376	2.473183	0.5547798	-0.6110051	2.838165	0.5740191	-0.5690363	2.523293	0.5392122	-0.9709781	2.655954	0.5476598	-0.9650894	2.644216	

0.7040365	-0.3040953	2.764809	-0.01154913	0.01057	2.536183	0.7037244	-0.4140298	2.660696	-0.1014612	-0.07895716	2.573823	0.7050191	-0.4029386	2.6546	-0.02483238	-0.06436042	2.545706	0.7555736	0.4336603	2.504568	0.6491875	0.3641661	2.520611	0.6239043	0.2905615	2.55123	0.5440404	0.06487153	2.633187	0.4326525	-0.2427279	2.731943	0.6843758	0.2820367	2.637667	0.4696594	0.2758436	2.456834	0.4789524	-0.2459724	2.720334	0.373563	-0.232331	2.6631	0.6835825	0.007563931	2.773181	0.1762728	0.1931434	2.486923	0.7673615	-0.5356067	2.684451	0.5948234	-0.5831476	2.554671	0.7106689	-0.8563067	2.501277	0.5450246	-0.9650537	2.650842	

0.7818055	-0.4442897	2.792033	0.2078377	-0.3253241	2.531164	0.8090044	-0.5319877	2.647533	0.1085222	-0.4234485	2.517858	0.8220435	-0.4952401	2.694127	0.1878175	-0.3712592	2.519	0.8072987	0.3054765	2.501741	0.7077579	0.2264024	2.526491	0.6792424	0.1558934	2.561395	0.5892614	-0.05967506	2.656121	0.4639525	-0.3526188	2.771872	0.7630256	0.1409776	2.664851	0.5281969	0.1399271	2.452914	0.5036061	-0.3493339	2.774871	0.4108559	-0.3457304	2.688865	0.7616495	-0.1327933	2.800527	0.3334441	-0.04574312	2.477013	0.8502717	-0.5472716	2.64532	0.6955865	-0.619368	2.535655	0.7666626	-0.8694401	2.479483	0.5536932	-0.9700425	2.657055	

0.9255867	-0.05391293	2.268752	0.844872	-0.0429266	2.262009	1.006588	-0.03327151	2.176279	0.9896032	-0.05990982	2.216644	0.9898425	-0.07143301	2.205857	0.9202734	0.005517555	2.216348	0.8191162	0.4305808	2.467347	0.7103555	0.3744646	2.492757	0.690295	0.300565	2.529959	0.6260017	0.07397906	2.631761	0.535413	-0.234638	2.757119	0.8001984	0.1596154	2.611752	0.5528247	0.280915	2.411416	0.573685	-0.23652	2.756746	0.4815691	-0.2259507	2.677554	0.8276352	-0.07123499	2.575393	0.6314892	0.0103402	2.337304	0.8159294	-0.5599257	2.647715	0.6403964	-0.5922337	2.532389	0.7463199	-0.9950513	2.77795	0.5513532	-0.9658816	2.657913	

0.9257802	0.07751463	2.287177	0.8535792	0.08744374	2.255147	0.9688014	0.1251269	2.148606	0.9943018	0.1004146	2.174152	0.9764303	0.08577168	2.177091	0.9041112	0.1482298	2.211231	0.7938306	0.5265282	2.450209	0.6919041	0.4586808	2.471014	0.6727311	0.3799719	2.511494	0.6111812	0.1383378	2.623219	0.5258867	-0.1971707	2.761109	0.7803369	0.2621093	2.592136	0.5292934	0.3484432	2.411337	0.5665531	-0.1990832	2.740393	0.4676716	-0.1816961	2.704865	0.8193852	0.03228208	2.587875	0.5992917	0.1038954	2.325669	0.8079456	-0.5295123	2.686157	0.5732222	-0.5550537	2.51779	0.6823584	-0.813486	2.82246	0.5555235	-1.000669	2.628448	

0.8759639	0.1690919	2.293219	0.8471936	0.1777329	2.243384	0.9660173	0.2329982	2.158702	0.9656371	0.1875616	2.194639	0.8930692	0.1509877	2.195	0.8904033	0.2447027	2.213676	0.7676419	0.5843206	2.448044	0.6678365	0.5080167	2.470945	0.6526554	0.4288601	2.510368	0.6039773	0.1820073	2.619284	0.5332065	-0.1466785	2.753439	0.7723198	0.3262514	2.592039	0.5139852	0.3954284	2.403515	0.5733014	-0.1486185	2.731844	0.4762597	-0.1456208	2.696219	0.7928725	0.09369507	2.59542	0.5770466	0.1469929	2.304214	0.7822004	-0.5013359	2.705816	0.5577327	-0.5324829	2.527873	0.6762316	-0.8185734	2.825685	0.5434981	-0.9783734	2.638405	

0.8361757	0.1999739	2.298399	0.789903	0.1758686	2.23445	0.9302328	0.2632324	2.173474	0.9376127	0.2209275	2.188492	0.8929905	0.18012	2.191735	0.8432403	0.2383016	2.217346	0.7618376	0.5920847	2.451074	0.6671162	0.5094494	2.471293	0.6521723	0.4301311	2.510602	0.6039249	0.1841737	2.619192	0.5339819	-0.1456699	2.753081	0.7717478	0.3302864	2.592587	0.5152802	0.3884273	2.404973	0.5746908	-0.1472198	2.731654	0.4771619	-0.1431308	2.695074	0.7908731	0.09811377	2.60114	0.5687892	0.1557537	2.302321	0.7828056	-0.5001062	2.710163	0.5528783	-0.5312604	2.526589	0.7262147	-0.9357035	2.844862	0.5398717	-0.977734	2.635196	

0.8474851	0.1982495	2.319636	0.7357318	0.1428258	2.24966	0.8958444	0.2368312	2.251599	0.8796996	0.1760685	2.230513	0.8045953	0.149267	2.203679	0.8404381	0.2184198	2.293	0.7101318	0.6096728	2.485846	0.6110662	0.5103906	2.512384	0.6116617	0.4330455	2.541144	0.6054107	0.1869272	2.618933	0.6050032	-0.1291487	2.710122	0.7496092	0.3553407	2.637107	0.4763303	0.3861659	2.421572	0.6436321	-0.1244492	2.711782	0.5485374	-0.1300586	2.628798	0.8017608	0.1277124	2.631302	0.4777616	0.1503559	2.3163	0.746512	-0.5182554	2.733074	0.5440789	-0.5425097	2.529287	0.684652	-0.9482411	2.880818	0.5247217	-0.987251	2.642983	

0.8625137	0.1234806	2.376353	0.7315131	0.05539428	2.261444	0.8125353	0.07323971	2.24965	0.8649604	0.08562178	2.279487	0.7801617	0.07382032	2.24675	0.8592551	0.1190025	2.299154	0.7002392	0.6018122	2.496558	0.6019629	0.4991615	2.520252	0.6009403	0.4218092	2.546377	0.594023	0.1809589	2.615927	0.5681541	-0.1492235	2.686722	0.7220081	0.3851828	2.638923	0.4658369	0.3725547	2.440984	0.6129591	-0.1491975	2.693958	0.5064901	-0.1440453	2.59954	0.7901834	0.1652484	2.657753	0.4498998	0.113406	2.339876	0.7545511	-0.525589	2.7334	0.5594053	-0.5547404	2.534312	0.695011	-0.9578894	2.875685	0.5199391	-0.9532948	2.657136	

0.856091	0.05781769	2.466413	0.6420598	0.005167344	2.272786	0.839812	-0.01002561	2.286688	0.7944978	-0.03678165	2.253147	0.8681489	0.0305693	2.41575	0.7022151	0.02440642	2.273	0.6958837	0.59973	2.500808	0.5973921	0.4932483	2.523405	0.5988669	0.4163998	2.547197	0.5995334	0.1729585	2.608618	0.6169935	-0.1651129	2.6596	0.7225651	0.3448781	2.649799	0.4634053	0.3701265	2.444627	0.6582094	-0.1636722	2.666448	0.5572938	-0.1616271	2.573349	0.7923662	0.1302504	2.68666	0.4455357	0.1055329	2.348647	0.7573453	-0.5535418	2.708304	0.5764592	-0.5814416	2.527054	0.6930363	-0.9813307	2.860346	0.5203744	-0.9556141	2.658186	

0.8733914	-0.02106448	2.499956	0.608806	-0.05483821	2.296971	0.8895003	-0.0424179	2.352628	0.7865975	-0.1197043	2.281369	0.8861977	-0.06684276	2.386667	0.6963053	-0.05362957	2.280934	0.6914191	0.5975108	2.504541	0.5946664	0.4911658	2.525892	0.5974526	0.4138534	2.549333	0.6019005	0.1703619	2.610345	0.6211405	-0.16687	2.672093	0.7219716	0.3453948	2.650178	0.4611916	0.3676813	2.448336	0.6589577	-0.1637572	2.674475	0.5664974	-0.1658808	2.591891	0.7916495	0.1014245	2.688118	0.4317172	0.09463435	2.367555	0.7596236	-0.5553193	2.706701	0.5771824	-0.5814368	2.526503	0.6925744	-0.9814499	2.861913	0.520277	-0.9575492	2.658113	

0.8622428	-0.07463259	2.550848	0.5894918	-0.1118874	2.320445	0.8928921	-0.1466168	2.447425	0.7045262	-0.2140643	2.300045	0.8717141	-0.1421608	2.521579	0.6775082	-0.1403253	2.307667	0.68884	0.5985603	2.507643	0.5922287	0.4908788	2.527912	0.5958986	0.4129038	2.551267	0.6027925	0.1685993	2.612501	0.6219113	-0.1695637	2.679469	0.7207544	0.345839	2.649634	0.4594374	0.3661105	2.45034	0.657934	-0.1654951	2.677919	0.569465	-0.1690677	2.6036	0.7911395	0.09874211	2.696487	0.433128	0.07626395	2.378843	0.761391	-0.5567595	2.707526	0.5772945	-0.582761	2.526069	0.6926754	-0.9814301	2.865701	0.520396	-0.9579307	2.657646	

0.8087928	-0.1466276	2.710762	0.4990307	-0.2206397	2.383106	0.8425466	-0.2981362	2.753103	0.5322922	-0.3745721	2.42974	0.8474175	-0.2470532	2.713625	0.5843176	-0.2562152	2.448667	0.6825047	0.6105589	2.513272	0.5869048	0.4979521	2.531348	0.5939621	0.4176988	2.553619	0.6091647	0.1737821	2.613791	0.6446046	-0.1588384	2.680904	0.7171544	0.3562344	2.64649	0.456149	0.3674686	2.452662	0.6873434	-0.1458216	2.683524	0.584518	-0.1650288	2.60126	0.7677181	0.130792	2.712605	0.4227427	0.0544157	2.421423	0.7550242	-0.5457016	2.715301	0.5752781	-0.5807423	2.526732	0.6785038	-0.9701906	2.871063	0.5201811	-0.9582012	2.658068	

0.8075365	-0.1427959	2.702313	0.3782857	-0.1622458	2.445902	0.7692007	-0.2276861	2.680787	0.3421016	-0.3442549	2.493138	0.7678448	-0.2199835	2.676	0.4145783	-0.2199102	2.482714	0.6761342	0.6313201	2.518342	0.5850795	0.5113186	2.533657	0.5928206	0.4290631	2.554621	0.610865	0.1795081	2.610842	0.6433487	-0.1570775	2.672905	0.7128417	0.369133	2.632059	0.4539883	0.3731857	2.454691	0.6832312	-0.1485094	2.668864	0.5843138	-0.1608434	2.595667	0.7655348	0.1359674	2.704599	0.3860517	0.07849041	2.457234	0.755833	-0.5429922	2.719737	0.5720372	-0.5786013	2.529899	0.680318	-0.9693285	2.871351	0.519912	-0.9578043	2.658048	

0.4968844	-0.027045	2.583771	0.285446	-0.1633235	2.506596	0.3956824	-0.1464714	2.598223	0.2094974	-0.2645856	2.573932	0.4568145	-0.1140564	2.470643	0.2811267	-0.2081191	2.487118	0.6758397	0.6435224	2.520551	0.5865895	0.52619	2.53479	0.5943491	0.4435219	2.555599	0.6136756	0.1900477	2.609837	0.6432897	-0.153611	2.671459	0.7022259	0.3700997	2.607006	0.4535692	0.3839052	2.455476	0.6835362	-0.146071	2.667046	0.5838121	-0.1562842	2.595288	0.7543803	0.1360733	2.677368	0.3421019	0.1172797	2.478812	0.7506564	-0.5400988	2.724171	0.5666893	-0.5715725	2.53832	0.6772952	-0.9648368	2.880638	0.5190854	-0.9573067	2.659475	

0.4521095	-0.01241862	2.56398	0.2468477	-0.1562377	2.524734	0.3910758	-0.1301181	2.600034	0.1651863	-0.2237113	2.605728	0.454328	-0.116048	2.466406	0.2361116	-0.1867708	2.50915	0.6761163	0.6516336	2.522676	0.5882848	0.5363273	2.535219	0.5957688	0.4522093	2.555841	0.614965	0.1948549	2.609136	0.6431214	-0.1527571	2.670476	0.6840253	0.3309107	2.588262	0.455124	0.3938457	2.455886	0.683324	-0.1451074	2.664333	0.5836795	-0.1555803	2.595339	0.7366831	0.09698157	2.659198	0.3203371	0.1093048	2.489275	0.7477273	-0.53785	2.72804	0.5643138	-0.5709467	2.544312	0.6715329	-0.9613733	2.88635	0.5190663	-0.9568157	2.660007	

0.4876059	0.1020082	2.612468	0.2090747	-0.0982466	2.534059	0.3857119	-0.06591501	2.609553	0.1477191	-0.1973624	2.615853	0.4119178	0.02571485	2.500273	0.2140611	-0.155983	2.531045	0.6758441	0.6584619	2.525256	0.5890944	0.54422	2.536151	0.5972086	0.4631591	2.55687	0.6198089	0.2167672	2.609446	0.6499907	-0.1175592	2.668197	0.6930633	0.4892358	2.654497	0.4559925	0.4041507	2.457843	0.6837121	-0.1111955	2.662045	0.5974868	-0.1195774	2.594842	0.7458086	0.2541741	2.725718	0.3153506	0.1222008	2.493188	0.7400678	-0.5110241	2.726302	0.5626547	-0.5650311	2.548194	0.6689619	-0.9366933	2.881763	0.5185161	-0.9567848	2.660444	

0.4875428	0.1064659	2.614892	0.1574198	-0.1063956	2.590737	0.3860747	0.04007104	2.54368	0.1041428	-0.1731684	2.642249	0.3718759	0.1273035	2.602889	0.1619969	-0.1430297	2.596625	0.675646	0.6742122	2.533478	0.5910457	0.5574678	2.541022	0.5990812	0.4759358	2.560884	0.6211225	0.2258073	2.610854	0.6500307	-0.1136832	2.667685	0.6937993	0.4931425	2.656842	0.4570304	0.4171773	2.461041	0.6833472	-0.1084889	2.660794	0.5978728	-0.1146302	2.595388	0.7465456	0.2580602	2.728071	0.2833476	0.1578465	2.513761	0.7336711	-0.5071955	2.732183	0.5562877	-0.5603978	2.556926	0.6651239	-0.9352982	2.882532	0.5174591	-0.9554309	2.661085	

0.4766347	0.1132931	2.648659	0.1596165	-0.1074006	2.587771	0.280982	0.02375086	2.552828	0.1090652	-0.1817802	2.629869	0.3630446	0.1267156	2.564875	0.1671958	-0.1466392	2.581445	0.675091	0.6789044	2.538499	0.5918902	0.5625879	2.546484	0.5998452	0.4809525	2.565729	0.6216372	0.2302155	2.613899	0.6498592	-0.1111126	2.668549	0.6945954	0.4970263	2.662472	0.4574759	0.4223363	2.46583	0.6829886	-0.107003	2.661181	0.5979009	-0.111162	2.596834	0.747347	0.2619311	2.733707	0.2864888	0.1592011	2.512871	0.7294662	-0.5026475	2.737687	0.5491644	-0.558302	2.564939	0.6569589	-0.9306103	2.8869	0.5161231	-0.9516627	2.663067	

0.484084	0.1168281	2.625247	0.1889658	-0.09213934	2.539937	0.380419	-0.04179968	2.600009	0.1201904	-0.1963284	2.615043	0.3715374	0.1052046	2.596462	0.166724	-0.1814998	2.589273	0.6728433	0.6825829	2.54383	0.5916941	0.564633	2.550112	0.5997362	0.4830887	2.569292	0.6217743	0.2325063	2.617112	0.6499325	-0.109265	2.670748	0.6944034	0.4986576	2.666411	0.4579261	0.4236034	2.468935	0.6826883	-0.10592	2.663057	0.5983281	-0.1086984	2.599308	0.7471632	0.2635604	2.737645	0.2922498	0.1555602	2.511639	0.7253674	-0.4984508	2.742315	0.5468186	-0.5580165	2.568926	0.6564871	-0.9290322	2.886154	0.516349	-0.9503541	2.66389	

0.4782829	0.1141715	2.650897	0.3197835	-0.1320094	2.471414	0.4131809	-0.05468428	2.550618	0.2800489	-0.2900208	2.516159	0.4009846	0.05916987	2.530846	0.3434543	-0.1843838	2.468682	0.6607823	0.6827046	2.58005	0.5836894	0.562984	2.58046	0.5916358	0.4814539	2.597279	0.6135862	0.2309047	2.638462	0.6413826	-0.1112071	2.684619	0.6863147	0.4961547	2.697714	0.452989	0.4220444	2.492926	0.6744469	-0.1084378	2.677882	0.5894648	-0.110441	2.6123	0.7391778	0.2611443	2.768901	0.3511675	0.1184329	2.495289	0.7071078	-0.500563	2.761433	0.5480634	-0.5589561	2.569151	0.6616325	-0.9440725	2.874717	0.5161456	-0.9504095	2.664022	

0.4763027	0.1110845	2.657565	0.3604315	-0.1418858	2.458625	0.4300917	-0.06111791	2.540538	0.3580507	-0.2991626	2.471516	0.419132	0.07876106	2.5233	0.4073932	-0.2055897	2.466438	0.6588766	0.6774677	2.587464	0.5820325	0.5605034	2.586124	0.589264	0.4792391	2.602236	0.6087747	0.2291852	2.641783	0.6301061	-0.1127994	2.685273	0.6847363	0.4936626	2.703152	0.4509731	0.4198155	2.500039	0.6632355	-0.1093512	2.675945	0.5777003	-0.1129118	2.615514	0.7376173	0.2586814	2.774328	0.3521527	0.1146571	2.495833	0.708024	-0.4896594	2.786266	0.5535733	-0.5607272	2.565994	0.6748178	-0.9374849	2.887682	0.515507	-0.9503257	2.663999	

0.8351324	-0.04321283	2.863283	0.5122932	-0.09969482	2.41834	0.9002404	-0.212709	2.866947	0.6242926	-0.2147924	2.415202	0.8149515	-0.1047826	2.861	0.5640535	-0.1424019	2.373143	0.6457709	0.6667549	2.626287	0.5698675	0.5456716	2.621578	0.578679	0.4690858	2.629335	0.6028638	0.2284281	2.650188	0.6268162	-0.10818	2.68395	0.6726922	0.4788049	2.738371	0.4407849	0.4079321	2.529919	0.6573039	-0.09222985	2.680006	0.5745783	-0.1133862	2.610264	0.7257009	0.2439996	2.809466	0.3750242	0.1150256	2.499294	0.5496479	-0.5850693	2.886017	0.5752037	-0.5696107	2.556448	0.6628233	-0.9884182	2.887406	0.5185677	-0.9535037	2.663343	

0.8479347	-0.02608224	2.814296	0.5403678	-0.07842825	2.415016	0.922959	-0.176371	2.774229	0.6627548	-0.1726907	2.408713	0.89194	-0.149252	2.751	0.6236663	-0.1248649	2.364125	0.6412914	0.6680813	2.632318	0.5673222	0.5477599	2.626334	0.5738528	0.4711381	2.636066	0.5888599	0.2322842	2.659436	0.6014017	-0.09617654	2.683287	0.670145	0.480881	2.743157	0.4399366	0.4080054	2.532287	0.6245532	-0.07897169	2.689585	0.5582346	-0.1078113	2.600844	0.7231794	0.246071	2.814249	0.3831714	0.1154721	2.495563	0.5474448	-0.5820466	2.8852	0.5775313	-0.5705303	2.559816	0.6629764	-0.9892058	2.886253	0.5193729	-0.954438	2.664074	

0.8450795	0.01213416	2.775211	0.549484	-0.08115379	2.412999	0.9007773	-0.09113535	2.678775	0.674058	-0.1965043	2.412692	0.8560049	-0.03965267	2.775727	0.6358975	-0.1126905	2.382195	0.6218269	0.6763512	2.667364	0.5505343	0.5585958	2.655375	0.5549256	0.4808643	2.66475	0.5672225	0.2407716	2.681924	0.5826874	-0.08870704	2.694897	0.6534086	0.4916928	2.772233	0.4356053	0.4110424	2.55062	0.6050956	-0.07400551	2.701842	0.5441236	-0.1008498	2.608452	0.7066054	0.2568668	2.843303	0.4325083	0.1133006	2.484484	0.5420756	-0.5812593	2.89215	0.5757442	-0.5711211	2.5653	0.6630551	-0.9895675	2.886681	0.5194378	-0.9546089	2.664182	

0.7954957	-0.04461905	2.848556	0.4884744	-0.1973634	2.480858	0.8424216	-0.1946291	2.811508	0.5508772	-0.3506802	2.526443	0.797991	-0.1234385	2.846667	0.5746669	-0.2103548	2.546518	0.6219784	0.6768419	2.674397	0.5509958	0.55946	2.659153	0.5569412	0.4814342	2.670802	0.5780622	0.2396258	2.700209	0.6131904	-0.09376102	2.737251	0.6538699	0.4925564	2.776009	0.4359256	0.4115422	2.555333	0.6467991	-0.07530221	2.740497	0.5616977	-0.1095102	2.654408	0.7070692	0.2577333	2.847078	0.3989933	0.09330001	2.524427	0.5410889	-0.5891708	2.902724	0.5765797	-0.57372	2.574021	0.6641271	-0.9932529	2.888901	0.5197948	-0.9548138	2.664549	

0.7838836	-0.04685981	2.865858	0.4351813	-0.1546818	2.496618	0.8183458	-0.2267233	2.857966	0.4676895	-0.2888241	2.519302	0.7936115	-0.1696795	2.880524	0.4826567	-0.1868622	2.514647	0.6221054	0.6773097	2.677648	0.5515203	0.5598736	2.661967	0.5580701	0.4814576	2.673583	0.5793312	0.2391022	2.701311	0.6134118	-0.0945923	2.735219	0.6543937	0.4929707	2.778821	0.4358519	0.412211	2.55854	0.6470829	-0.07731015	2.735446	0.5618045	-0.1096655	2.654048	0.7075933	0.2581515	2.84989	0.3959683	0.09404939	2.526934	0.5404198	-0.588183	2.904262	0.5782052	-0.5741026	2.5818	0.6635651	-0.9860639	2.892613	0.5201392	-0.9543151	2.665239	

0.7844928	-0.04643336	2.867189	0.3653193	-0.1364089	2.539721	0.7584198	-0.2056577	2.938745	0.3606223	-0.2993452	2.575877	0.7502561	-0.1698446	2.9095	0.3863095	-0.2416518	2.535545	0.6240071	0.6773184	2.681574	0.5534626	0.5610402	2.664906	0.5585448	0.4819936	2.674919	0.5752431	0.239323	2.700021	0.5688224	-0.09478892	2.70715	0.6563304	0.4941366	2.78176	0.4361774	0.4132608	2.560518	0.6026345	-0.07822619	2.704188	0.5194397	-0.1086093	2.631011	0.7095211	0.2593172	2.852832	0.3554204	0.1021933	2.550626	0.5391464	-0.5825455	2.90021	0.5868694	-0.5754424	2.602921	0.6643212	-0.9806228	2.896	0.5212489	-0.9564711	2.670898	

