0.4569895	-0.1419472	2.783494	-0.0176184	-0.1348852	3.006367	0.4406115	-0.2838351	2.806746	0.01841496	-0.281666	2.963861	0.4827146	-0.181964	2.769376	-0.0349674	-0.1582284	2.975438	0.1721069	0.6501532	2.761875	0.2179328	0.52154	2.809522	0.2183242	0.4423099	2.834372	0.2186631	0.199401	2.898949	0.2182075	-0.1316152	2.97458	0.3694468	0.4093331	2.772098	0.04890756	0.427373	2.92885	0.2883772	-0.1340945	2.905318	0.142243	-0.1256188	2.964287	0.4549878	0.1206782	2.790328	0.005881912	0.1265114	3.011539	0.3604759	-0.5466721	3.054611	0.04944611	-0.6024169	3.023507	0.3416737	-0.9136005	3.154367	-0.0630266	-0.9916186	3.0233	

0.4571141	-0.1420098	2.783111	-0.01154502	-0.1356992	2.999453	0.4379081	-0.2839854	2.799347	0.01299685	-0.2977769	2.962687	0.4756642	-0.212814	2.763423	-0.03325384	-0.180968	2.984615	0.1719548	0.650081	2.761876	0.2174852	0.5210778	2.809751	0.2178955	0.4418525	2.834582	0.2182896	0.1989593	2.899109	0.2179013	-0.1320367	2.974678	0.3693338	0.409463	2.771971	0.04875213	0.426578	2.929393	0.2880899	-0.1342877	2.905318	0.1419199	-0.1263857	2.96454	0.4550693	0.1205492	2.790328	0.005925075	0.1262181	3.011539	0.3579747	-0.5224875	3.043296	0.04944367	-0.6027271	3.023506	0.3417079	-0.9136463	3.154277	-0.06305336	-0.9916679	3.023299	

0.4570416	-0.1423839	2.781992	-0.01162078	-0.1359144	2.999264	0.4386609	-0.2834044	2.790799	0.01379657	-0.2829826	2.960727	0.4630502	-0.2203388	2.745727	-0.02866065	-0.1853607	2.9695	0.1714745	0.6499826	2.76207	0.2170924	0.5206307	2.809941	0.2175169	0.4414223	2.834757	0.2179541	0.1985798	2.899237	0.2176216	-0.132351	2.974751	0.3691672	0.4097246	2.771977	0.04788423	0.4260584	2.930254	0.2878301	-0.1344359	2.905239	0.1415934	-0.126962	2.964855	0.4547495	0.1201283	2.789511	0.005695138	0.1259638	3.011367	0.357889	-0.5219203	3.042766	0.04949253	-0.60307	3.023502	0.3417071	-0.9136634	3.154277	-0.06310485	-0.9917226	3.023297	

0.4571897	-0.1423817	2.779642	-0.01119037	-0.1360645	2.998693	0.4406939	-0.2818371	2.784595	0.01432843	-0.281175	2.958864	0.4680684	-0.2301602	2.744616	-0.0332162	-0.1858111	2.977843	0.1710009	0.6496379	2.76254	0.2164053	0.5205026	2.810137	0.2169262	0.4412353	2.834906	0.217562	0.1982231	2.899277	0.2173897	-0.1330891	2.974633	0.3690129	0.4097894	2.771994	0.04752826	0.426011	2.930754	0.2875405	-0.1351541	2.904887	0.1414168	-0.1276998	2.964921	0.4544396	0.120114	2.788941	0.005413475	0.1258194	3.011226	0.3593078	-0.5360162	3.048186	0.0496905	-0.6025234	3.023513	0.3417049	-0.9139313	3.154443	-0.06523372	-0.9937865	3.022325	

0.4563044	-0.1434508	2.775625	-0.01043597	-0.1373554	2.997449	0.4351666	-0.28115	2.768623	0.008930439	-0.2815053	2.9622	0.4820505	-0.2070692	2.755136	-0.03923737	-0.1808765	2.970654	0.1680319	0.6492038	2.763378	0.2153283	0.5201386	2.810065	0.2158806	0.4408157	2.834796	0.2166121	0.1976253	2.89904	0.2165593	-0.1339435	2.974199	0.3680013	0.4096553	2.771744	0.0464781	0.4259515	2.931382	0.2865303	-0.136118	2.904125	0.140771	-0.1283952	2.964722	0.4529259	0.1191097	2.787032	0.003698933	0.1247267	3.010037	0.3553905	-0.5271309	3.040832	0.04941866	-0.6029657	3.023523	0.3417721	-0.9140241	3.154555	-0.06532051	-0.9938411	3.022526	

0.4544534	-0.144126	2.771287	-0.01229652	-0.1369638	2.995937	0.4367722	-0.2803819	2.763939	-0.01975882	-0.2394525	2.995059	0.4672956	-0.2221651	2.733	-0.050888	-0.1586996	2.97075	0.1653611	0.6490867	2.763562	0.2141862	0.5200509	2.809376	0.2147365	0.4405861	2.834157	0.2154145	0.1969256	2.898504	0.2152006	-0.1354539	2.973767	0.3662869	0.4097918	2.771103	0.04469251	0.4252088	2.931688	0.2851915	-0.1373388	2.903464	0.1394339	-0.1301318	2.964484	0.4509214	0.1184144	2.785023	0.001544752	0.1251158	3.009113	0.3576351	-0.551002	3.052245	0.04891373	-0.6035857	3.023546	0.3420872	-0.913915	3.154559	-0.06546205	-0.9937025	3.022468	

0.4526344	-0.1467034	2.768777	-0.01879056	-0.1383214	2.993986	0.4346312	-0.2883932	2.765456	-0.02385995	-0.2392727	2.992821	0.4723657	-0.2308696	2.736818	-0.04990739	-0.1685661	2.970793	0.1631646	0.6491286	2.763135	0.2113834	0.5205673	2.808017	0.212073	0.440809	2.83294	0.2130903	0.1963551	2.897627	0.2131069	-0.1370368	2.973202	0.3641624	0.4093793	2.770108	0.04297003	0.4246253	2.9312	0.2831537	-0.1388034	2.902885	0.137372	-0.1317272	2.963866	0.4483638	0.1159505	2.782626	-0.00112908	0.1236587	3.008296	0.3506964	-0.5290729	3.038427	0.04632517	-0.6050309	3.022616	0.3412412	-0.915413	3.154556	-0.0595113	-0.9861704	3.025525	

0.4486049	-0.1475844	2.761961	-0.02860391	-0.1391709	2.989058	0.4304484	-0.2866887	2.751795	-0.02373014	-0.2461616	2.97683	0.458226	-0.2337216	2.719235	-0.06725141	-0.1637436	2.963929	0.1498281	0.6479052	2.761762	0.2031562	0.5203863	2.80554	0.2039194	0.4404256	2.830315	0.2053352	0.1953289	2.894603	0.2061598	-0.1387987	2.969742	0.3562347	0.4099002	2.767029	0.03732849	0.4263492	2.928329	0.276217	-0.1408904	2.899359	0.1305927	-0.1330673	2.960377	0.4416572	0.1152669	2.777916	-0.009550262	0.1229949	3.003817	0.3479794	-0.5345448	3.039386	0.04048058	-0.6050097	3.019469	0.3409485	-0.9158642	3.154364	-0.05907361	-0.9860204	3.026799	

0.436505	-0.151122	2.755384	-0.03898568	-0.1426345	2.98242	0.4228523	-0.3014269	2.751631	-0.02353719	-0.2604421	2.953578	0.4530176	-0.2401787	2.71755	-0.07385113	-0.1785431	2.9534	0.1418004	0.6478594	2.759257	0.1936603	0.5191438	2.801258	0.1946643	0.4393981	2.825735	0.1968182	0.1949034	2.889121	0.1986109	-0.1383926	2.962979	0.3464032	0.4088646	2.762237	0.02524744	0.4242985	2.926763	0.2684708	-0.1402274	2.892513	0.1234242	-0.132874	2.953645	0.4326237	0.1121088	2.772901	-0.01951622	0.1197895	2.999186	0.3441168	-0.5468321	3.042248	0.03059739	-0.601081	3.01036	0.3408926	-0.9158198	3.15438	-0.06071476	-0.9857835	3.027269	

0.4272225	-0.152336	2.75305	-0.06959046	-0.1422739	2.980566	0.41493	-0.3171339	2.749053	-0.05191406	-0.2351781	2.951795	0.4503682	-0.2208098	2.728571	-0.09161036	-0.1543013	2.961643	0.1319328	0.6463766	2.756795	0.1820079	0.5184179	2.796803	0.1829028	0.4384007	2.820924	0.1848328	0.1930331	2.883208	0.1865353	-0.1414968	2.955545	0.3348588	0.4074184	2.757601	0.01389793	0.4209552	2.920991	0.2572007	-0.1410091	2.885381	0.1105965	-0.1384505	2.945683	0.4220705	0.1111078	2.76722	-0.03108655	0.1182417	2.995741	0.3372823	-0.5519117	3.040998	0.0203052	-0.5982491	3.002115	0.3416264	-0.9123821	3.154433	-0.0631843	-0.984328	3.026355	

0.4225654	-0.1556253	2.750764	-0.06929582	-0.1419578	2.980413	0.4063071	-0.3155093	2.748828	-0.05808319	-0.2352642	2.947327	0.4319115	-0.2356553	2.712909	-0.09937777	-0.1348529	2.956334	0.1262808	0.6458502	2.756124	0.1771993	0.5183464	2.794735	0.1778094	0.4383454	2.818748	0.1789049	0.1930341	2.880719	0.1795278	-0.1413769	2.952681	0.3291594	0.4079424	2.756008	0.007936754	0.4193858	2.919738	0.2501329	-0.1402641	2.882451	0.1040053	-0.1388242	2.942932	0.4155875	0.1079214	2.764929	-0.03706576	0.1195948	2.99302	0.3169008	-0.5111144	3.008074	0.01084222	-0.593179	2.992868	0.342042	-0.9072905	3.154484	-0.05534142	-0.9769647	3.033887	

0.4151955	-0.1565073	2.749023	-0.07107159	-0.1435901	2.978939	0.4020028	-0.3169394	2.763408	-0.06622317	-0.2353735	2.948785	0.43011	-0.241248	2.723765	-0.1073242	-0.1421198	2.951667	0.1205526	0.6459402	2.753975	0.1701493	0.5179095	2.792314	0.1705185	0.4379113	2.816072	0.170922	0.1926082	2.877243	0.1706584	-0.1417782	2.948069	0.3225852	0.4062138	2.752554	0.002411266	0.4195988	2.916872	0.2413405	-0.1405944	2.876654	0.09531219	-0.1392072	2.939418	0.4078019	0.1071664	2.762699	-0.04597481	0.1188683	2.989226	0.3172014	-0.5304836	3.015541	0.003454888	-0.5883983	2.985171	0.3424792	-0.9046435	3.154058	-0.05552892	-0.97089	3.03159	

0.4078987	-0.1580982	2.746365	-0.07809161	-0.1465131	2.974343	0.3945276	-0.3170162	2.763916	-0.07667295	-0.2338675	2.942271	0.4244703	-0.2446555	2.731231	-0.1155385	-0.1343817	2.94575	0.1143752	0.6446271	2.751432	0.1630703	0.5168598	2.789264	0.1634004	0.436945	2.812949	0.1637489	0.191896	2.873931	0.1635094	-0.1421402	2.944579	0.3168232	0.4059523	2.749153	-0.005331444	0.4162071	2.913822	0.234001	-0.1408418	2.872391	0.08858325	-0.1396254	2.936682	0.4025711	0.1057702	2.760929	-0.05238924	0.116021	2.985777	0.3118917	-0.524284	3.008474	-0.001357139	-0.5863038	2.978582	0.3425189	-0.903011	3.15343	-0.05664683	-0.9691476	3.029692	

0.3990975	-0.158145	2.744737	-0.08947863	-0.1495867	2.971044	0.3825742	-0.3182044	2.768425	-0.07143953	-0.3138665	2.923568	0.4147931	-0.2403609	2.730445	-0.1098196	-0.209177	2.923111	0.1083468	0.645339	2.749516	0.1571611	0.5164538	2.78612	0.1573091	0.4365753	2.809821	0.1571213	0.1916353	2.870867	0.1561607	-0.1422456	2.941639	0.3107599	0.4058792	2.747043	-0.01079543	0.4163969	2.911729	0.2273875	-0.1411756	2.869653	0.08070692	-0.1394558	2.933574	0.3935347	0.1059161	2.757707	-0.05951202	0.1126699	2.983643	0.3092546	-0.5336522	3.010881	-0.01046535	-0.5816495	2.969587	0.3423259	-0.9033168	3.153171	-0.05863641	-0.9640915	3.026886	

0.3909393	-0.1585645	2.742158	-0.1049956	-0.148455	2.947409	0.3680471	-0.3084458	2.757638	-0.07898683	-0.2880445	2.905579	0.4023277	-0.242118	2.729187	-0.1242407	-0.1876042	2.9179	0.1035325	0.6455234	2.74744	0.1508764	0.5161971	2.784134	0.1505221	0.4364003	2.807411	0.1486868	0.1917476	2.867003	0.1452017	-0.1416509	2.935392	0.304515	0.4047489	2.744949	-0.01617308	0.4171107	2.909685	0.2173281	-0.1407916	2.863403	0.06914172	-0.1386455	2.927368	0.3870156	0.1057119	2.755444	-0.0681223	0.112308	2.980624	0.2999595	-0.5240026	3.000137	-0.01563958	-0.5804417	2.961723	0.3423123	-0.9028607	3.152913	-0.06021792	-0.9607661	3.023336	

0.3805841	-0.1618283	2.738624	-0.1038155	-0.1482117	2.946138	0.3602538	-0.3099042	2.761442	-0.1039049	-0.2414472	2.932221	0.3896018	-0.2421354	2.717105	-0.1373246	-0.181893	2.929167	0.09833429	0.644991	2.745674	0.1447774	0.5156832	2.782186	0.1444081	0.4359101	2.805104	0.1425947	0.1913081	2.863646	0.1393185	-0.1420783	2.930725	0.2981241	0.4042005	2.742131	-0.02596412	0.4138373	2.906017	0.2111974	-0.1412804	2.858237	0.06366964	-0.1389997	2.923189	0.3780476	0.1025081	2.751972	-0.0764655	0.1141312	2.974254	0.2942467	-0.5188817	2.991894	-0.01962226	-0.5788745	2.955475	0.3416278	-0.9016204	3.151731	-0.06158803	-0.9576318	3.020506	

0.3624006	-0.1623488	2.732532	-0.1096463	-0.1474824	2.939325	0.339681	-0.3087125	2.747702	-0.109591	-0.2494506	2.911189	0.3703831	-0.2381653	2.714667	-0.1543778	-0.1599969	2.918357	0.09005304	0.6457584	2.745373	0.1391823	0.5167146	2.780982	0.1377927	0.4369875	2.803252	0.1323864	0.192452	2.85936	0.1231912	-0.1410832	2.922148	0.291268	0.4054984	2.738736	-0.03418046	0.4144472	2.902595	0.1954059	-0.1407485	2.849612	0.04765467	-0.1375556	2.914671	0.3619528	0.1020116	2.746079	-0.08925477	0.1155253	2.967034	0.2876844	-0.5351446	2.994502	-0.03060821	-0.5758174	2.939583	0.3397651	-0.9026918	3.150123	-0.06253918	-0.9578589	3.018075	

0.3379395	-0.1615208	2.720814	-0.1410893	-0.1406161	2.928347	0.315296	-0.2998057	2.731719	-0.1043515	-0.2518339	2.871252	0.350419	-0.2346882	2.703479	-0.1472794	-0.2206262	2.8992	0.08678812	0.6466027	2.74422	0.1327249	0.5189494	2.779378	0.1302932	0.4392393	2.800993	0.1217839	0.194576	2.855085	0.1090065	-0.1394761	2.915526	0.2859305	0.4050863	2.736273	-0.0398359	0.4159782	2.898627	0.1815294	-0.1399118	2.842855	0.03351359	-0.1352048	2.908168	0.3497694	0.1024266	2.741988	-0.1016023	0.1197816	2.960586	0.2832751	-0.5444919	2.995306	-0.03804182	-0.5725529	2.931213	0.3371204	-0.9039036	3.146797	-0.06274991	-0.9576893	3.015133	

0.330529	-0.1560789	2.719286	-0.139784	-0.1403642	2.923116	0.302358	-0.3062106	2.738639	-0.1366081	-0.2372382	2.918015	0.3382319	-0.238058	2.693615	-0.1621199	-0.2122606	2.904429	0.08469503	0.6473927	2.743304	0.1299013	0.5197372	2.779193	0.127053	0.4399916	2.800475	0.117342	0.1951954	2.85356	0.1030626	-0.139048	2.912689	0.2825553	0.4057927	2.73553	-0.043646	0.4169961	2.897278	0.1759685	-0.1401181	2.840217	0.02730928	-0.1341107	2.90511	0.3439351	0.1076235	2.740389	-0.1069944	0.1205598	2.957986	0.2800083	-0.5503344	2.997107	-0.04165199	-0.5719424	2.928499	0.3351124	-0.9048471	3.14593	-0.06405964	-0.9579726	3.013709	

0.3238032	-0.1509478	2.716806	-0.1410968	-0.1391335	2.920712	0.2919578	-0.2979995	2.72278	-0.1180977	-0.2663623	2.886575	0.330498	-0.2288025	2.70225	-0.1734031	-0.1869673	2.891933	0.08291662	0.6475475	2.742862	0.128053	0.5202301	2.77869	0.1247684	0.4405071	2.799718	0.1137609	0.1957685	2.852075	0.09774443	-0.1383509	2.910375	0.2798941	0.4063104	2.735045	-0.04667303	0.4187753	2.895215	0.1713186	-0.1401091	2.838796	0.02136247	-0.1326219	2.901731	0.3369905	0.1124798	2.738579	-0.1122973	0.1220457	2.954856	0.2783712	-0.552066	2.996925	-0.04450234	-0.570202	2.926778	0.3342844	-0.9046912	3.145167	-0.06540328	-0.9576347	3.012626	

0.3085685	-0.1442296	2.710087	-0.1421124	-0.137418	2.919517	0.2695939	-0.2896884	2.702826	-0.1257488	-0.2776408	2.880566	0.317325	-0.2075772	2.692546	-0.1811302	-0.1831181	2.885773	0.08230809	0.6478565	2.742747	0.1276261	0.5203705	2.778677	0.1239948	0.4406742	2.79958	0.1114649	0.1959944	2.851355	0.09252328	-0.138037	2.908629	0.2789837	0.4062378	2.73509	-0.04798824	0.4199501	2.893073	0.1667722	-0.1404455	2.837911	0.01556097	-0.1316064	2.899045	0.3337178	0.1177462	2.738361	-0.1183113	0.1240359	2.952014	0.2770638	-0.5539168	2.997197	-0.04628673	-0.5694018	2.92534	0.3326084	-0.9064417	3.145073	-0.06545318	-0.9579872	3.011676	

0.303148	-0.1334337	2.707126	-0.146839	-0.1385404	2.918853	0.2503594	-0.2920493	2.702945	-0.1553067	-0.225928	2.901332	0.2941926	-0.2311649	2.681815	-0.1931681	-0.1687261	2.891143	0.08219296	0.6478593	2.742864	0.1276617	0.5203865	2.778585	0.1239152	0.4406799	2.79943	0.1104003	0.1959231	2.850876	0.0890304	-0.1382817	2.907893	0.2786136	0.4060745	2.735303	-0.04847819	0.4200574	2.892433	0.1637898	-0.1413673	2.837684	0.01154429	-0.1311261	2.897778	0.3307396	0.127546	2.739942	-0.1203463	0.1221801	2.95084	0.276233	-0.5558163	2.998251	-0.04744851	-0.5690824	2.924459	0.3315296	-0.9082382	3.1446	-0.06602531	-0.9579458	3.011221	

0.3010856	-0.128355	2.70664	-0.1476568	-0.138901	2.919047	0.2497929	-0.287475	2.696752	-0.1478137	-0.2268598	2.896416	0.3066632	-0.2011717	2.68816	-0.1879146	-0.1739975	2.892982	0.08223426	0.6478968	2.742953	0.1276732	0.520453	2.778897	0.1238113	0.4407325	2.799628	0.1099019	0.1960131	2.850987	0.08803906	-0.1380798	2.907854	0.2782966	0.4057266	2.735756	-0.04857766	0.4201305	2.892406	0.1629111	-0.1413866	2.837799	0.01050496	-0.130721	2.897614	0.330187	0.1319271	2.739928	-0.1208979	0.1212954	2.950593	0.2760046	-0.556943	2.999266	-0.04820336	-0.5687952	2.92386	0.3311237	-0.908765	3.144847	-0.06625436	-0.9577324	3.010911	

0.2995612	-0.1247412	2.706612	-0.1490089	-0.1385223	2.919949	0.2501715	-0.2853318	2.693919	-0.15316	-0.2295905	2.911977	0.2981181	-0.2149031	2.68328	-0.1834841	-0.1949321	2.894818	0.08291219	0.6481645	2.743453	0.1276883	0.5206572	2.779542	0.1236946	0.4409334	2.800149	0.1095644	0.1962784	2.851386	0.08764491	-0.1376656	2.908226	0.2790765	0.4062473	2.737708	-0.04827732	0.4207029	2.892829	0.1625764	-0.1411559	2.838144	0.01009599	-0.1301342	2.898051	0.3301063	0.1348407	2.740389	-0.1209247	0.1210848	2.950492	0.2762639	-0.5574678	3.00088	-0.04848697	-0.5688492	2.923877	0.3307274	-0.9087624	3.144654	-0.06669183	-0.9576764	3.01081	

0.3051755	-0.121442	2.71165	-0.1414236	-0.1372291	2.924543	0.2681892	-0.2862888	2.708647	-0.133706	-0.2274112	2.917363	0.292024	-0.2448023	2.681734	-0.1745379	-0.163663	2.901846	0.08777082	0.6477875	2.746928	0.1334251	0.5208565	2.784451	0.128902	0.4411747	2.804871	0.1141768	0.196714	2.856142	0.09284739	-0.1367732	2.913992	0.2830635	0.4065834	2.742337	-0.04437684	0.4208972	2.898174	0.1673069	-0.1404536	2.843386	0.01584417	-0.1291621	2.90458	0.3354167	0.1376448	2.745623	-0.1156952	0.1219568	2.95718	0.2817363	-0.5207529	2.99702	-0.04672251	-0.5691041	2.925682	0.3308668	-0.9086709	3.145005	-0.06658219	-0.9578705	3.010574	

0.3113649	-0.1210045	2.716873	-0.1368743	-0.1330765	2.92734	0.2781644	-0.2931845	2.718339	-0.1200243	-0.2238313	2.913768	0.3169231	-0.2181199	2.69225	-0.1594471	-0.1948333	2.904091	0.09354101	0.6453504	2.750124	0.1382998	0.518959	2.788722	0.1338043	0.4394931	2.809249	0.1194291	0.1957141	2.860945	0.09915592	-0.136718	2.919617	0.289254	0.4059604	2.746385	-0.03895476	0.4221825	2.90332	0.1734378	-0.1406205	2.849413	0.02220482	-0.1289717	2.909864	0.3392466	0.1379641	2.748705	-0.1095831	0.1251883	2.962837	0.2982267	-0.5567229	3.029447	-0.04346145	-0.5740475	2.930344	0.3309596	-0.9085902	3.145093	-0.06682527	-0.958361	3.010491	

0.3825921	-0.1433248	2.761843	-0.08382386	-0.1424404	2.979742	0.3623329	-0.3021807	2.767653	-0.07705592	-0.2312861	2.966589	0.3872834	-0.2464178	2.734609	-0.1157313	-0.1404393	2.959333	0.1103809	0.6431545	2.756214	0.167254	0.5186713	2.804068	0.1679728	0.4393129	2.827575	0.1681522	0.19609	2.887551	0.1608641	-0.135427	2.953397	0.314972	0.4074537	2.761906	0.003025759	0.4246454	2.930882	0.2314301	-0.1355717	2.884608	0.08598997	-0.1316211	2.942299	0.3904364	0.1175394	2.778857	-0.05593393	0.1167532	2.997984	0.3238221	-0.5100694	3.023664	-0.002340549	-0.5837786	2.965099	0.335117	-0.9065645	3.149042	-0.06659456	-0.9598097	3.011936	

0.4043641	-0.1491913	2.772745	-0.05462619	-0.1443352	2.992896	0.4014192	-0.2985044	2.785153	-0.04309407	-0.2323474	2.970088	0.4290396	-0.2364502	2.756938	-0.07620198	-0.1793533	2.972714	0.1173285	0.6428499	2.758502	0.1724514	0.5160778	2.807575	0.1724924	0.437245	2.830608	0.1716032	0.1951781	2.88973	0.16734	-0.135115	2.957	0.3243454	0.4074129	2.767677	0.005645267	0.4245698	2.933559	0.2376696	-0.134684	2.888003	0.09257993	-0.1319167	2.946176	0.4037316	0.1119177	2.785388	-0.04714063	0.1164784	3.002272	0.3403832	-0.556133	3.054759	0.001649634	-0.5841097	2.969908	0.3362296	-0.9071335	3.151081	-0.05826676	-0.9613634	3.020453	

0.4155815	-0.1461227	2.779168	-0.0545756	-0.1447545	2.994155	0.4195099	-0.2997583	2.804387	-0.03359251	-0.2356851	2.978781	0.4407077	-0.2418811	2.765312	-0.06998342	-0.1728372	2.981072	0.1232942	0.6410426	2.762994	0.1771839	0.5143982	2.810254	0.1774838	0.4356714	2.833122	0.1776662	0.1940429	2.891777	0.1772057	-0.1354806	2.959023	0.3291703	0.4072177	2.771296	0.009667436	0.424367	2.935059	0.2481533	-0.134187	2.889885	0.1016309	-0.1330802	2.948371	0.4114539	0.1150763	2.789222	-0.03966232	0.1159153	3.007009	0.3408611	-0.5561279	3.055184	0.007487814	-0.5837408	2.975886	0.339326	-0.9039873	3.152711	-0.05708976	-0.9601963	3.021011	

0.4261013	-0.1448793	2.787518	-0.04920051	-0.1453812	3.00239	0.4354517	-0.2932065	2.808123	-0.03544899	-0.2338438	2.988803	0.4700357	-0.2314311	2.7838	-0.0576837	-0.208115	2.988125	0.1266091	0.640348	2.764334	0.1826017	0.5137785	2.812026	0.1829486	0.4351121	2.835011	0.1832829	0.1937648	2.894012	0.1830995	-0.135279	2.961955	0.3372332	0.4071593	2.775885	0.01579468	0.4253269	2.935647	0.2535788	-0.1340296	2.892362	0.1077895	-0.1328589	2.951811	0.4215983	0.1164524	2.795546	-0.03342821	0.1153824	3.011941	0.342246	-0.5528354	3.055053	0.01108889	-0.5843815	2.980062	0.3417238	-0.9018174	3.154211	-0.0569927	-0.9606836	3.022468	

0.4417547	-0.1479447	2.79561	-0.04146246	-0.1443253	3.00998	0.4514677	-0.2919765	2.824489	-0.02936671	-0.2351343	2.992577	0.4915384	-0.227754	2.792333	-0.05766106	-0.1712972	2.9971	0.1313961	0.6393518	2.765846	0.1863487	0.5132895	2.813587	0.1870019	0.4346302	2.836849	0.1883381	0.19338	2.89678	0.1896634	-0.1354155	2.966342	0.341174	0.406984	2.778341	0.01882635	0.4224586	2.939256	0.2606615	-0.1339048	2.897194	0.1136593	-0.1332442	2.955767	0.4323499	0.1133063	2.800748	-0.02554818	0.1165878	3.017866	0.3437863	-0.5512279	3.055397	0.01520807	-0.5856893	2.984345	0.3412523	-0.904336	3.155177	-0.05418792	-0.9582881	3.025883	

0.4566429	-0.1477518	2.802433	-0.03209746	-0.1432455	3.017282	0.4653313	-0.2863818	2.826731	-0.02266857	-0.2313062	3.013912	0.5017794	-0.1934589	2.795218	-0.04923547	-0.1712362	3.009421	0.1340894	0.6385831	2.766874	0.1899543	0.512816	2.814663	0.1907452	0.4341971	2.838187	0.1925025	0.1931181	2.898942	0.1943377	-0.135379	2.96975	0.3460473	0.4075052	2.78084	0.02336415	0.4219866	2.939691	0.2652824	-0.1337461	2.900205	0.1182488	-0.1333549	2.959584	0.4388617	0.113006	2.803461	-0.02014423	0.1179517	3.021234	0.3447867	-0.5253938	3.044805	0.01960022	-0.588545	2.989704	0.3413192	-0.9055569	3.155368	-0.04994814	-0.9612838	3.033099	

0.483497	-0.1477885	2.817041	-0.02736477	-0.1411167	3.029153	0.4858063	-0.2783144	2.833678	-0.02003998	-0.2428509	3.037575	0.5267826	-0.2072908	2.807765	-0.04302102	-0.1577336	3.025818	0.1376766	0.6377291	2.768924	0.1961886	0.5121495	2.817915	0.1968762	0.4336542	2.841736	0.1982829	0.192983	2.903334	0.1995592	-0.1349422	2.975237	0.3507777	0.4081672	2.783109	0.02917141	0.4226364	2.945668	0.2701058	-0.1334779	2.905364	0.1237257	-0.132769	2.965389	0.4549354	0.1118586	2.813412	-0.01256302	0.1197697	3.02538	0.3456024	-0.5205326	3.043652	0.02655864	-0.5858417	2.997201	0.3414904	-0.9075655	3.155181	-0.04988746	-0.9611227	3.033109	

0.4878015	-0.1457249	2.818851	-0.02557915	-0.1404889	3.033369	0.4955821	-0.2878932	2.845501	-0.01349121	-0.2266713	3.036153	0.5332606	-0.1966531	2.812357	-0.04359864	-0.1549568	3.03075	0.1407976	0.636597	2.771514	0.2002859	0.5119722	2.818925	0.2008621	0.433498	2.842973	0.2019516	0.1929003	2.90522	0.2028284	-0.134929	2.977976	0.354155	0.4084043	2.784377	0.03354776	0.4210474	2.945942	0.2736403	-0.1335733	2.908206	0.1266537	-0.1326644	2.968024	0.459004	0.1140948	2.815395	-0.007619041	0.1203211	3.028713	0.3470024	-0.5188545	3.043942	0.03097395	-0.5852288	3.001742	0.3415474	-0.9079046	3.15512	-0.04908492	-0.9609638	3.033681	

0.4971485	-0.146218	2.823493	-0.01767386	-0.1387265	3.054201	0.5000599	-0.2789733	2.834221	-0.01035335	-0.24258	3.051576	0.541584	-0.2161753	2.816	-0.01585937	-0.2386463	3.037	0.1433486	0.6347833	2.774179	0.2030905	0.5115825	2.821157	0.2036224	0.4331634	2.845161	0.2045115	0.1927402	2.907225	0.2050094	-0.1348791	2.979651	0.3581437	0.4088212	2.786598	0.03621675	0.4205236	2.947031	0.2761031	-0.1335057	2.909891	0.1285143	-0.1326362	2.969687	0.4637234	0.1130508	2.81811	-0.003455998	0.1205707	3.0313	0.3481358	-0.5180405	3.044125	0.03415508	-0.5857791	3.004758	0.3417485	-0.908963	3.155307	-0.04889553	-0.9603114	3.033396	

0.5022251	-0.1462551	2.825244	-0.01848595	-0.1386743	3.053546	0.5076941	-0.2800846	2.848228	-0.004205357	-0.2348806	3.031578	0.5445887	-0.197684	2.81915	-0.02914084	-0.1947887	3.029	0.145447	0.6337987	2.77549	0.2059346	0.5112755	2.823992	0.206503	0.4329204	2.847993	0.2074624	0.1927064	2.910018	0.2079732	-0.1346246	2.982321	0.3612454	0.4090711	2.787928	0.03916642	0.4197775	2.948417	0.2788741	-0.1333255	2.912484	0.1315824	-0.1323179	2.972432	0.4679646	0.1131074	2.820404	-0.0008313832	0.12087	3.032687	0.3491492	-0.5176461	3.044561	0.0387186	-0.5905743	3.011156	0.3423152	-0.9111208	3.154699	-0.05540546	-0.9645533	3.030974	

0.50506	-0.1451472	2.825623	-0.0159926	-0.1391157	3.052282	0.5137888	-0.278127	2.843434	0.0008003218	-0.2385038	3.035244	0.5448906	-0.1927025	2.815857	-0.02729338	-0.1993148	3.027661	0.1470622	0.6335151	2.777041	0.2081089	0.5111184	2.82427	0.2087234	0.4327979	2.848385	0.2098366	0.1927	2.91077	0.2105853	-0.1344465	2.983608	0.3636634	0.4095733	2.788794	0.04208754	0.4191147	2.949419	0.2812226	-0.1329677	2.913668	0.1344031	-0.1323444	2.973836	0.471123	0.1144491	2.821239	0.001350666	0.1208321	3.033185	0.3503559	-0.5173571	3.045301	0.03991111	-0.5904773	3.012375	0.3418094	-0.9135913	3.156028	-0.05342526	-0.9634774	3.031464	

0.5069996	-0.1447173	2.825059	-0.01581131	-0.1391117	3.051687	0.5142061	-0.2769752	2.832621	-0.009365858	-0.2232508	3.029249	0.5487449	-0.1909717	2.8155	-0.0419098	-0.1207205	3.033875	0.1486523	0.6328667	2.778463	0.2103764	0.5112033	2.825376	0.2111055	0.4328852	2.849494	0.2125476	0.1927973	2.911872	0.2137061	-0.134338	2.984646	0.3666392	0.4101322	2.790037	0.04455252	0.4189389	2.950569	0.2843417	-0.1329266	2.914251	0.1374849	-0.1321654	2.97537	0.4733556	0.1151261	2.821744	0.004105418	0.1209149	3.033624	0.3510025	-0.5163753	3.045563	0.04325215	-0.5931706	3.016166	0.341898	-0.9137125	3.155744	-0.05028351	-0.9619125	3.033661	

0.506583	-0.1429581	2.822916	-0.01521372	-0.1400879	3.051389	0.5082048	-0.2856739	2.838609	-0.01394981	-0.2217494	3.021361	0.535164	-0.2053842	2.801367	-0.04370537	-0.155808	3.024429	0.150997	0.6320598	2.779714	0.2135356	0.5110747	2.827504	0.2141779	0.4327608	2.851454	0.2153411	0.1926904	2.913353	0.2161188	-0.1344253	2.985558	0.369921	0.4109568	2.790993	0.04728908	0.418785	2.952568	0.286408	-0.1329984	2.915042	0.1401654	-0.1322671	2.976397	0.4747814	0.1173246	2.820796	0.007025972	0.1199905	3.034473	0.3528941	-0.5163864	3.046233	0.04489501	-0.5925338	3.017288	0.3419166	-0.9139407	3.155788	-0.04823619	-0.9622647	3.035376	

0.5048059	-0.1432488	2.821165	-0.01324501	-0.1411109	3.047256	0.5020602	-0.283868	2.821951	0.01721811	-0.2594264	2.988567	0.5335822	-0.2059071	2.801308	-0.03593458	-0.199089	2.993667	0.1518971	0.6314678	2.780763	0.214507	0.5114427	2.828064	0.2152248	0.4330817	2.852013	0.216635	0.1928581	2.913902	0.2177932	-0.1345041	2.986066	0.3717684	0.4112626	2.791517	0.04867972	0.4189699	2.953226	0.2878265	-0.1330656	2.915479	0.1420444	-0.1323557	2.976975	0.4755296	0.117513	2.820063	0.008848527	0.1195833	3.034968	0.3536419	-0.5164531	3.046323	0.04553996	-0.592591	3.017576	0.34185	-0.9146322	3.156399	-0.04710121	-0.9618149	3.036879	

0.5000984	-0.1416272	2.815839	-0.0144173	-0.140597	3.04488	0.4964764	-0.2775467	2.806664	-0.0197864	-0.222465	2.998682	0.5271304	-0.1696745	2.792167	-0.04720493	-0.1363252	3.003091	0.1522619	0.6314617	2.781192	0.2151147	0.5116175	2.828194	0.2159606	0.4332288	2.852156	0.2178376	0.1928823	2.914078	0.2197885	-0.1347466	2.986259	0.3726281	0.411791	2.791545	0.04962517	0.4184417	2.953397	0.2898919	-0.1332609	2.915499	0.1439154	-0.1326381	2.977334	0.4757679	0.1199206	2.817999	0.01001619	0.1201791	3.034982	0.3545421	-0.5167307	3.046691	0.04662666	-0.5905766	3.017624	0.3419852	-0.9145453	3.15606	-0.0466346	-0.9613797	3.03669	

0.4937536	-0.1397166	2.810743	-0.01568123	-0.1410412	3.042676	0.4858449	-0.2817531	2.800587	0.01716952	-0.2545962	2.980069	0.5105777	-0.2125383	2.776966	-0.04538358	-0.1984054	2.977588	0.1526183	0.6312604	2.781452	0.2162233	0.5114048	2.828657	0.2170867	0.4330182	2.852563	0.2189835	0.1926887	2.914311	0.2209022	-0.1348972	2.986257	0.373504	0.4122784	2.791568	0.05037509	0.4180978	2.954118	0.2907453	-0.1333614	2.915407	0.1452851	-0.1328431	2.977446	0.47613	0.1225332	2.814428	0.01026246	0.1198422	3.035419	0.3552225	-0.5170022	3.046969	0.04697494	-0.5906174	3.017468	0.3414864	-0.9154602	3.155512	-0.05420827	-0.9637029	3.032795	

0.4804951	-0.1354236	2.799181	-0.01718209	-0.1414012	3.036096	0.4671025	-0.2804105	2.783683	0.01711517	-0.2497175	2.970571	0.4894522	-0.2196593	2.760813	-0.05243345	-0.1989951	2.969263	0.1525824	0.6312725	2.781464	0.21638	0.511472	2.828573	0.217317	0.4330764	2.852457	0.2195265	0.1926878	2.914119	0.2220344	-0.1350528	2.985898	0.3738102	0.4125035	2.790839	0.05065651	0.4180222	2.95454	0.2917459	-0.1333921	2.914758	0.1465932	-0.1331357	2.977363	0.4730345	0.1275243	2.80753	0.01012838	0.1197544	3.035515	0.3557987	-0.5165441	3.046085	0.04742368	-0.5938883	3.017537	0.3414823	-0.9152276	3.155262	-0.05273445	-0.9613099	3.032449	

0.4729044	-0.1351086	2.791849	-0.01819948	-0.141529	3.030342	0.4512913	-0.2819491	2.783635	0.01710941	-0.2496335	2.96957	0.4830416	-0.2196233	2.748	-0.05278509	-0.200423	2.964842	0.1523743	0.6311045	2.781765	0.2162663	0.5114995	2.828506	0.2172396	0.4330795	2.852367	0.2195325	0.1925894	2.913849	0.2222987	-0.1354591	2.985093	0.3736383	0.412508	2.790321	0.05069671	0.4170226	2.955107	0.2919556	-0.1337405	2.913595	0.1468765	-0.133577	2.976827	0.4711088	0.1279795	2.804492	0.01006503	0.1197136	3.035497	0.3558525	-0.5165405	3.046047	0.04774807	-0.5938184	3.017556	0.3416151	-0.9150653	3.15626	-0.05205685	-0.9602391	3.032271	

0.4603728	-0.1334117	2.778922	-0.02095647	-0.1421677	3.020909	0.4346757	-0.2801805	2.77166	-0.03416259	-0.2214103	2.97849	0.4772765	-0.1827065	2.755647	-0.06144929	-0.1283634	2.981267	0.1512903	0.6304879	2.781796	0.215371	0.5118166	2.827702	0.2163684	0.4332934	2.851434	0.2186541	0.1924671	2.912414	0.2212707	-0.1361691	2.982718	0.3714829	0.411244	2.78574	0.04956473	0.4153551	2.95497	0.2906274	-0.1345685	2.910207	0.1461071	-0.1341466	2.975293	0.4665466	0.1295166	2.798067	0.007933239	0.1190258	3.032802	0.3558445	-0.5149633	3.044068	0.04768518	-0.5916605	3.016308	0.3417367	-0.9148392	3.155908	-0.05094363	-0.9595659	3.032433	

0.4561726	-0.1311258	2.775882	-0.02232054	-0.1418644	3.017217	0.4236519	-0.2796298	2.768632	-0.02560503	-0.2284444	2.979194	0.4655254	-0.1972467	2.746116	-0.06245685	-0.1435091	2.975894	0.1498573	0.6303894	2.780488	0.2137345	0.5119759	2.82589	0.2148795	0.433347	2.849676	0.2175557	0.1922552	2.910848	0.2205477	-0.1365895	2.98147	0.369899	0.4112648	2.783489	0.04777207	0.4135123	2.954846	0.2898699	-0.1348885	2.908945	0.145436	-0.1346433	2.974119	0.4627291	0.1316963	2.793166	0.006006882	0.1192425	3.02973	0.3556656	-0.5140084	3.042869	0.04773733	-0.5922265	3.016254	0.3417487	-0.9148056	3.155921	-0.04816822	-0.9576097	3.033171	

0.4520273	-0.1311406	2.772516	-0.02498502	-0.1430994	3.012958	0.4203321	-0.2802537	2.765384	-0.02181355	-0.2331473	2.974962	0.46306	-0.1856237	2.746947	-0.06279503	-0.1340941	2.97772	0.1468748	0.6294472	2.77938	0.2117534	0.5118263	2.824486	0.21286	0.4331709	2.848295	0.2154323	0.19201	2.909581	0.218223	-0.136861	2.980448	0.3669283	0.4107663	2.780114	0.04621876	0.4129167	2.954015	0.2870688	-0.1353303	2.907596	0.1435833	-0.1347652	2.973411	0.4592242	0.1315362	2.789052	0.004270204	0.1177504	3.026983	0.3552992	-0.5138124	3.042139	0.0471734	-0.5936828	3.016519	0.3417232	-0.9148457	3.155936	-0.04733698	-0.9562784	3.032845	

0.4464057	-0.1319553	2.768491	-0.02654051	-0.1452174	3.011022	0.4176337	-0.278945	2.7591	-0.0218182	-0.2331502	2.975039	0.4578662	-0.195788	2.74372	-0.06453392	-0.1543042	2.972714	0.1436475	0.6285133	2.777999	0.208071	0.5119023	2.821058	0.2093444	0.4331765	2.845254	0.21239	0.1918427	2.907595	0.2156329	-0.1371476	2.97961	0.363842	0.4112246	2.77727	0.04373348	0.4127363	2.95273	0.2843262	-0.1356856	2.906853	0.1412157	-0.13497	2.972525	0.4549375	0.1305612	2.785599	0.002684646	0.1155059	3.024377	0.3549543	-0.5140269	3.041843	0.04666532	-0.5941993	3.016433	0.3418217	-0.9145411	3.155813	-0.04732667	-0.9558298	3.032472	

0.4387053	-0.1340805	2.761788	-0.02932144	-0.1453585	3.003066	0.4082841	-0.2794674	2.754308	-0.02181003	-0.2415033	2.977266	0.4380279	-0.2200523	2.726526	-0.06718515	-0.137875	2.975693	0.1345104	0.6255547	2.774122	0.2010907	0.5107543	2.816437	0.20272	0.4321181	2.840931	0.206854	0.1910378	2.904214	0.2115108	-0.1376104	2.977531	0.3568937	0.4106444	2.770866	0.03879165	0.4147396	2.947313	0.2802728	-0.1361704	2.904757	0.1371496	-0.1353853	2.970505	0.4477365	0.1283116	2.780111	-0.002608235	0.11553	3.01957	0.3533498	-0.5131392	3.039189	0.04606487	-0.5946138	3.016109	0.3421347	-0.913687	3.155893	-0.04728224	-0.9556647	3.032403	

0.4352824	-0.1338667	2.758644	-0.0368556	-0.1444566	2.990325	0.4073282	-0.2788076	2.747808	-0.02232441	-0.2381088	2.969742	0.4386864	-0.2214551	2.719111	-0.06373219	-0.1805315	2.962643	0.1282941	0.62468	2.770489	0.1962079	0.5103199	2.810869	0.1981085	0.431599	2.835781	0.2030684	0.1903075	2.90031	0.2088137	-0.1384622	2.975224	0.3523799	0.4104697	2.766543	0.03173562	0.4096432	2.941695	0.2779974	-0.1368782	2.902716	0.1340732	-0.1363581	2.967945	0.4421867	0.1284714	2.775973	-0.006329034	0.1155809	3.016507	0.3515233	-0.5124251	3.037396	0.04489942	-0.5947635	3.01542	0.3421528	-0.9136342	3.15591	-0.04723091	-0.9556229	3.032437	

0.4278926	-0.1373416	2.752842	-0.04449043	-0.1493967	2.991343	0.4075567	-0.2864901	2.749388	-0.01548579	-0.2980717	2.965549	0.4390332	-0.2249355	2.71875	-0.07185262	-0.1963788	2.958375	0.1127332	0.6217805	2.762377	0.1805471	0.5078304	2.802038	0.1833027	0.4290256	2.827074	0.1908027	0.1874928	2.8921	0.1998051	-0.1414943	2.968049	0.3367924	0.4098464	2.757108	0.01645588	0.4028748	2.93139	0.2701758	-0.1389922	2.897033	0.1240407	-0.1403246	2.959131	0.4297856	0.1249674	2.766533	-0.0193739	0.1113784	3.009498	0.3438527	-0.5595985	3.054703	0.0421539	-0.5958036	3.014555	0.3418457	-0.9134681	3.155952	-0.04720518	-0.9556191	3.032595	

0.4229329	-0.140808	2.749735	-0.05161665	-0.1515472	2.991641	0.4074923	-0.2939779	2.749048	-0.03166199	-0.2970629	2.955545	0.4448667	-0.2079533	2.729429	-0.08707884	-0.2051431	2.959188	0.09958902	0.6196617	2.757334	0.1699242	0.5064741	2.793948	0.1729027	0.4275506	2.819234	0.1812301	0.1856513	2.885048	0.1916205	-0.1438011	2.962153	0.3255637	0.409021	2.751006	0.005205318	0.3989756	2.925152	0.2619832	-0.1407231	2.891988	0.1161372	-0.1430974	2.952461	0.4201403	0.1213606	2.762175	-0.03284777	0.1097176	3.004349	0.3243134	-0.5150276	3.021628	0.03585918	-0.5932674	3.012079	0.3422426	-0.9089029	3.156092	-0.04741675	-0.9563874	3.032932	

0.3965693	-0.144494	2.738209	-0.1109399	-0.1573396	2.987632	0.3990297	-0.2922346	2.729116	-0.1055178	-0.245108	2.978487	0.4221502	-0.2446187	2.698143	-0.1465579	-0.1568888	2.95975	0.05905469	0.6223266	2.736473	0.1225642	0.5064989	2.774625	0.124825	0.4275045	2.799133	0.1312121	0.1852824	2.862622	0.1393353	-0.1448537	2.936705	0.2785736	0.4057648	2.731368	-0.04381158	0.3975738	2.905577	0.210892	-0.141828	2.865035	0.06404316	-0.1439443	2.92859	0.379371	0.1168775	2.74277	-0.08447556	0.1027807	2.986205	0.3099617	-0.5168785	3.009731	-0.01121689	-0.5733114	2.972873	0.3418269	-0.9085438	3.154854	-0.05490629	-0.9581466	3.028084	

0.3855648	-0.1458279	2.733529	-0.1173408	-0.1576006	2.984669	0.3847247	-0.2978714	2.72122	-0.1263305	-0.2443227	2.971469	0.4078528	-0.2465362	2.70095	-0.1635763	-0.1498098	2.955251	0.05409231	0.6231227	2.734772	0.1193366	0.50697	2.773054	0.121546	0.4278889	2.797512	0.1277742	0.1853923	2.860843	0.1356598	-0.1451455	2.934685	0.275561	0.4051397	2.730383	-0.04921213	0.3980809	2.903592	0.2071998	-0.1423324	2.863072	0.060471	-0.1440163	2.926517	0.3741006	0.1159731	2.74112	-0.09103072	0.1025251	2.98325	0.2964379	-0.553654	3.018492	-0.01505487	-0.5739775	2.968996	0.3407489	-0.9076527	3.152455	-0.05774754	-0.9556486	3.023932	

0.376022	-0.1491163	2.729574	-0.1234935	-0.1560171	2.98077	0.3744706	-0.2992316	2.727728	-0.137858	-0.2449875	2.971383	0.4016163	-0.2353913	2.696882	-0.1761792	-0.156138	2.952588	0.04989299	0.624078	2.733422	0.1141261	0.5068228	2.772935	0.1161673	0.4278466	2.797031	0.1217463	0.1856962	2.859174	0.1284456	-0.1442687	2.931048	0.2725187	0.405173	2.730152	-0.05517426	0.4021539	2.902101	0.2004979	-0.1420147	2.859572	0.0529024	-0.1425611	2.922719	0.3679748	0.1128896	2.739901	-0.09925919	0.1043988	2.980384	0.2945963	-0.556365	3.019274	-0.0187149	-0.5743956	2.965984	0.3387606	-0.9069722	3.150625	-0.0605848	-0.9544693	3.022274	

0.3656097	-0.1501727	2.726471	-0.1314174	-0.1580075	2.975539	0.3593097	-0.2974321	2.720768	-0.1456449	-0.2443533	2.963715	0.3840465	-0.2448978	2.691148	-0.1805071	-0.1651217	2.941222	0.04600669	0.6241515	2.732251	0.1090821	0.5067264	2.772238	0.1107431	0.42771	2.795931	0.1151208	0.1854043	2.856707	0.1201801	-0.1448837	2.926482	0.2673316	0.4045596	2.728648	-0.06177793	0.4014782	2.89975	0.192775	-0.1427883	2.855582	0.04432687	-0.1429957	2.917548	0.3607722	0.1119656	2.737587	-0.1070256	0.1025066	2.977133	0.2895498	-0.5527188	3.013886	-0.02446425	-0.5729668	2.960017	0.3366604	-0.9078231	3.149261	-0.06105006	-0.9552724	3.020601	

0.3448071	-0.1495293	2.71725	-0.1480388	-0.1570816	2.965119	0.3293667	-0.2960578	2.709173	-0.1616011	-0.2438004	2.95721	0.360222	-0.2435537	2.683455	-0.2004523	-0.1415803	2.9395	0.04014894	0.62806	2.729174	0.101725	0.5089608	2.769268	0.1026483	0.4299204	2.792526	0.1048237	0.1874338	2.852015	0.1070071	-0.1433297	2.920263	0.2594967	0.4069492	2.728187	-0.06967533	0.4035517	2.893566	0.1798832	-0.1415273	2.849165	0.03125811	-0.1412019	2.911539	0.3460263	0.112687	2.735624	-0.1198449	0.1032203	2.970478	0.2868886	-0.5546877	3.012824	-0.03119728	-0.5719165	2.954854	0.3337266	-0.9111935	3.148464	-0.06146431	-0.9554628	3.020288	

0.3367246	-0.1465139	2.713699	-0.1532058	-0.1543799	2.959095	0.3196552	-0.2894844	2.705263	-0.1604727	-0.2509655	2.958538	0.3449426	-0.2342282	2.674056	-0.2060456	-0.1404809	2.929	0.0355541	0.6301457	2.729139	0.09881303	0.509926	2.768137	0.09924204	0.4308646	2.7912	0.09982505	0.1882525	2.850119	0.09964676	-0.1427897	2.917683	0.2556569	0.4078105	2.727438	-0.07565532	0.4035634	2.892287	0.1724029	-0.1409898	2.846488	0.02421517	-0.1406768	2.909066	0.3379131	0.1156245	2.734935	-0.1271323	0.1061713	2.965465	0.2827207	-0.557066	3.011254	-0.03554842	-0.5697243	2.951683	0.3322406	-0.910708	3.147334	-0.06207902	-0.9563665	3.019527	

0.3272673	-0.1455243	2.710667	-0.1582309	-0.1539864	2.951923	0.3055334	-0.2898395	2.711187	-0.1746078	-0.2402547	2.928353	0.3339495	-0.2285248	2.676826	-0.2079669	-0.1375645	2.919445	0.03259937	0.6316588	2.728361	0.09524383	0.5111545	2.766645	0.09524235	0.4320199	2.789574	0.09456982	0.1891407	2.848169	0.09280919	-0.1423222	2.915466	0.2512567	0.4088443	2.726863	-0.07995861	0.4048226	2.888872	0.1660021	-0.1410617	2.844461	0.01708227	-0.1396477	2.906648	0.3303182	0.1165293	2.733794	-0.132654	0.1066515	2.960697	0.2804406	-0.5586542	3.010437	-0.03908235	-0.5664169	2.947367	0.3313231	-0.911589	3.146891	-0.06259952	-0.956071	3.018195	

0.3133703	-0.1411721	2.707767	-0.1678259	-0.1522152	2.939307	0.2751217	-0.2844958	2.703954	-0.1851961	-0.2395485	2.91653	0.317563	-0.2047549	2.681	-0.2199576	-0.1307075	2.909813	0.02942433	0.6354707	2.727634	0.09211093	0.5120664	2.766669	0.09155063	0.4329169	2.789408	0.08901855	0.1899726	2.847329	0.0844112	-0.1416127	2.913494	0.2486566	0.409169	2.727448	-0.08373082	0.4066665	2.887425	0.1580357	-0.1413416	2.843017	0.008386648	-0.1379093	2.904103	0.3201959	0.1207011	2.732969	-0.1404538	0.1082119	2.954632	0.2778857	-0.5610183	3.010264	-0.0423227	-0.5660142	2.945215	0.3297602	-0.9121723	3.146082	-0.0627836	-0.955868	3.01798	

0.3033772	-0.1398301	2.705064	-0.1721488	-0.1515525	2.932817	0.2663433	-0.2834693	2.697557	-0.1815675	-0.2468833	2.911799	0.3098553	-0.2063927	2.680643	-0.2204065	-0.1569809	2.892846	0.02828026	0.6379468	2.727253	0.09079681	0.5130948	2.766678	0.08993784	0.4338677	2.789278	0.08632648	0.1906682	2.846727	0.08000632	-0.1414479	2.912127	0.24632	0.408701	2.72788	-0.0862366	0.4080302	2.886589	0.1537149	-0.1417612	2.841882	0.004027301	-0.1371777	2.902516	0.3179058	0.1215797	2.732757	-0.1439687	0.1086662	2.951772	0.2759166	-0.5618928	3.009755	-0.04384688	-0.5662913	2.944131	0.3295708	-0.9120296	3.145976	-0.06312044	-0.9560357	3.017124	

0.2917542	-0.1219534	2.705401	-0.1761045	-0.1481861	2.919354	0.2504923	-0.2780953	2.695244	-0.1910019	-0.2420572	2.893951	0.2845341	-0.2241458	2.679056	-0.2245886	-0.1285968	2.8898	0.03057132	0.6461235	2.72909	0.09011726	0.5161433	2.768218	0.08885209	0.436646	2.790321	0.08396681	0.1932436	2.846603	0.07504153	-0.1384667	2.910054	0.2449033	0.4102685	2.730213	-0.0882539	0.4128671	2.885731	0.1499063	-0.1394888	2.840454	-0.002000426	-0.1335405	2.899731	0.3061555	0.1393515	2.736095	-0.1493507	0.1118735	2.946781	0.2743202	-0.5624991	3.009758	-0.04444585	-0.5667683	2.944563	0.3288859	-0.9121088	3.145557	-0.06311013	-0.9560366	3.017075	

0.288316	-0.1190308	2.705909	-0.1762256	-0.1473935	2.915366	0.2457465	-0.2784044	2.698167	-0.1829792	-0.2405638	2.888251	0.2958882	-0.2029619	2.6986	-0.2114823	-0.1855821	2.862889	0.03270776	0.649528	2.730105	0.08994037	0.5178324	2.770056	0.08836538	0.4382881	2.791695	0.08266516	0.1949663	2.846954	0.07246599	-0.1361535	2.909082	0.2446852	0.4128722	2.7333	-0.08816849	0.418786	2.885775	0.1476814	-0.1374607	2.839452	-0.004789835	-0.1310555	2.898853	0.3049924	0.1420946	2.737546	-0.15013	0.1125823	2.945368	0.2738084	-0.5624095	3.0093	-0.04484874	-0.5667162	2.945549	0.3285026	-0.9122316	3.144984	-0.06315371	-0.956019	3.017016	

0.2870841	-0.1187128	2.706815	-0.175632	-0.1469811	2.912209	0.2435902	-0.2786789	2.7008	-0.1816336	-0.2422278	2.889599	0.2954107	-0.2056269	2.702125	-0.2225098	-0.1237067	2.886667	0.03623701	0.6534976	2.731572	0.09101539	0.5195897	2.772046	0.08897568	0.439891	2.793313	0.08237389	0.1961069	2.84771	0.07154251	-0.1352962	2.909352	0.2441726	0.4138117	2.737177	-0.08741697	0.4205884	2.88579	0.1466321	-0.1365525	2.839823	-0.005549073	-0.1302879	2.899044	0.3049761	0.1423735	2.737969	-0.1501845	0.112868	2.944945	0.2732917	-0.5627967	3.009584	-0.04496465	-0.5666804	2.946225	0.3284383	-0.9122725	3.145055	-0.06286429	-0.9564938	3.017071	

0.296878	-0.1153731	2.720724	-0.1661897	-0.1445977	2.913826	0.2696522	-0.2753375	2.716957	-0.1628264	-0.2437898	2.900709	0.3077382	-0.2255159	2.7034	-0.1919342	-0.1680993	2.878	0.06721818	0.6649113	2.746338	0.1064428	0.5210141	2.791679	0.1032526	0.4417854	2.81083	0.09329624	0.1987215	2.859145	0.07984594	-0.1325397	2.915255	0.2627765	0.4178594	2.759558	-0.07577791	0.4251418	2.89572	0.1560296	-0.1333444	2.847446	0.001606539	-0.1280242	2.903489	0.3215199	0.1464936	2.759558	-0.1413315	0.1149965	2.950396	0.2746028	-0.5620703	3.011931	-0.03783399	-0.5686178	2.958257	0.3284246	-0.91113	3.145291	-0.06285417	-0.9561432	3.017296	

0.3046599	-0.1169078	2.727854	-0.1584434	-0.1423981	2.920655	0.2831728	-0.2795358	2.736177	-0.1550272	-0.2438713	2.91103	0.3348955	-0.1937488	2.729527	-0.1921706	-0.1431131	2.908158	0.07259614	0.6648605	2.750186	0.1122982	0.5225275	2.798497	0.1095151	0.4433397	2.817838	0.1005544	0.2003952	2.866141	0.08770129	-0.1309147	2.920786	0.2673287	0.4188943	2.765158	-0.06995767	0.4252605	2.901117	0.1640435	-0.131388	2.853928	0.009017433	-0.1267991	2.908027	0.3263269	0.1434101	2.764836	-0.1345657	0.1174474	2.955549	0.2775349	-0.5615038	3.015409	-0.0342054	-0.5685264	2.962442	0.3287629	-0.9102963	3.145753	-0.06281291	-0.9561164	3.017406	

0.3143334	-0.1189257	2.734842	-0.1485232	-0.1417525	2.927742	0.2962579	-0.2823278	2.743624	-0.1408676	-0.2437114	2.920756	0.3423419	-0.2016229	2.733	-0.1863312	-0.1406697	2.909417	0.07871602	0.6652831	2.753019	0.1173482	0.5228977	2.802482	0.114809	0.4438595	2.822111	0.1066025	0.2014549	2.871215	0.09484912	-0.1290164	2.926659	0.2734628	0.418566	2.770349	-0.06286079	0.428797	2.905398	0.1704773	-0.1298737	2.859976	0.01669617	-0.1245951	2.91364	0.3321697	0.1416705	2.770539	-0.1282519	0.1185356	2.959878	0.280564	-0.5603895	3.020086	-0.03041439	-0.5701588	2.966664	0.3292349	-0.9089438	3.145898	-0.06315438	-0.9566191	3.017647	

0.3548437	-0.13282	2.763839	-0.1134003	-0.147423	2.963237	0.338992	-0.2889075	2.772217	-0.09017157	-0.2615512	2.957338	0.3704161	-0.2341404	2.737583	-0.1516948	-0.1896551	2.936273	0.1075145	0.6635399	2.767827	0.1361225	0.5203001	2.815156	0.1347819	0.4416421	2.835615	0.1303711	0.2006054	2.887215	0.124291	-0.1276272	2.945963	0.2979377	0.4148351	2.788611	-0.0370203	0.4318764	2.925984	0.1986662	-0.1266003	2.878502	0.04666676	-0.125251	2.933742	0.3606522	0.1350747	2.790567	-0.09540135	0.1134337	2.987914	0.2947411	-0.5553624	3.031748	-0.01896073	-0.5748498	2.975371	0.3315077	-0.9066948	3.1471	-0.06307034	-0.9571945	3.018957	

0.359999	-0.1316345	2.766515	-0.1119354	-0.1453602	2.967872	0.3499775	-0.2888083	2.784237	-0.1048924	-0.2441468	2.96096	0.3870222	-0.2200621	2.745526	-0.1523524	-0.1487149	2.958385	0.1135524	0.6626092	2.771039	0.1448487	0.5195105	2.819613	0.1432196	0.4410223	2.840197	0.1378068	0.2004253	2.892028	0.1301639	-0.1274114	2.950787	0.3017928	0.4137277	2.791432	-0.0306094	0.4325083	2.928488	0.2045258	-0.1263726	2.883389	0.05234503	-0.1250403	2.938462	0.3656285	0.1358566	2.795721	-0.090662	0.115307	2.990621	0.3062391	-0.5107778	3.021987	-0.01420061	-0.575334	2.979255	0.3334529	-0.9055162	3.147844	-0.06307422	-0.9585987	3.020197	

0.3698171	-0.1366013	2.773527	-0.1038111	-0.1464104	2.976393	0.3671778	-0.2833058	2.784803	-0.09927675	-0.2458645	2.972678	0.3988144	-0.2253948	2.754619	-0.1405193	-0.1625312	2.964072	0.1204302	0.6630503	2.774295	0.151559	0.5192969	2.824239	0.1502832	0.4409172	2.845029	0.1458877	0.2006623	2.897457	0.1394501	-0.1267199	2.956946	0.307914	0.4151135	2.796201	-0.02389551	0.43139	2.931641	0.2141479	-0.1250831	2.890297	0.06107291	-0.1249147	2.943926	0.377518	0.124828	2.803051	-0.08153529	0.114236	2.999106	0.3086671	-0.5161615	3.026289	-0.01038548	-0.5776471	2.981524	0.3353065	-0.9045582	3.149327	-0.06303574	-0.9586592	3.020251	

0.3810525	-0.1349681	2.780467	-0.09746527	-0.149408	2.993209	0.3779505	-0.2824634	2.789286	-0.09221307	-0.2449719	2.990102	0.4083859	-0.2061147	2.761903	-0.1323116	-0.1557757	2.982	0.1280259	0.6630232	2.776721	0.1606435	0.5200609	2.830141	0.1595223	0.4416204	2.851003	0.1555073	0.201151	2.903612	0.1494403	-0.1265923	2.963297	0.3143013	0.4152538	2.799707	-0.01657397	0.4319941	2.937112	0.2224655	-0.1244273	2.895802	0.07258612	-0.1254296	2.951164	0.3825673	0.12679	2.807019	-0.07328314	0.1113001	3.008306	0.3113505	-0.5121241	3.026052	-0.006746973	-0.5804331	2.984421	0.3370547	-0.9037137	3.150897	-0.06382971	-0.9599121	3.020122	

0.4280166	-0.1403872	2.80644	-0.05471435	-0.1468604	3.029769	0.4156402	-0.2843195	2.81301	-0.05511344	-0.2413398	3.018678	0.4458559	-0.2014705	2.787382	-0.09953085	-0.1653699	3.012375	0.1511128	0.6592197	2.785447	0.1820217	0.5164849	2.841693	0.1827949	0.4381135	2.863397	0.1849126	0.1979743	2.91871	0.1881174	-0.1290618	2.982444	0.3362448	0.4143505	2.810444	0.01075464	0.4326072	2.952091	0.2600187	-0.1267454	2.915332	0.1111099	-0.1279301	2.969835	0.4150121	0.121196	2.824681	-0.03381895	0.1141312	3.040861	0.3470818	-0.5387464	3.052731	0.0101994	-0.5827075	2.992869	0.3385288	-0.9090145	3.15424	-0.06069177	-0.9609419	3.022783	

0.4288901	-0.136969	2.808137	-0.05292666	-0.1471076	3.033939	0.4212627	-0.2855683	2.815769	-0.03828255	-0.2411256	3.026455	0.4555164	-0.2044841	2.78905	-0.0814008	-0.1807637	3.020045	0.1585001	0.6589481	2.788077	0.1855172	0.5157809	2.843083	0.1862738	0.4375666	2.864905	0.1881411	0.1978821	2.920483	0.190606	-0.1286422	2.98435	0.3406197	0.4138195	2.813212	0.01531262	0.4330748	2.955436	0.2624508	-0.1262065	2.917177	0.1136533	-0.1276416	2.971847	0.4207573	0.1248407	2.827239	-0.03198969	0.1138569	3.043259	0.346638	-0.5285872	3.050091	0.0163939	-0.5857886	2.998358	0.3398911	-0.9109174	3.155142	-0.05685539	-0.9614041	3.02535	

0.4470436	-0.1314196	2.823535	-0.0245009	-0.1356124	3.08525	0.4541427	-0.280612	2.839987	-0.01813068	-0.242141	3.068056	0.4898185	-0.1902642	2.821467	-0.06746404	-0.1155696	3.071545	0.1716774	0.6596221	2.79274	0.1953329	0.5177169	2.848508	0.1966117	0.4395573	2.871032	0.1998754	0.1999877	2.928823	0.2037033	-0.1264769	2.995807	0.3548103	0.4148289	2.81853	0.0272295	0.4340464	2.960794	0.2748966	-0.1242357	2.928598	0.1271473	-0.125347	2.983398	0.4381813	0.1305082	2.836075	-0.01695498	0.1223647	3.054158	0.3499244	-0.5266072	3.053416	0.04219774	-0.6042868	3.02693	0.3406256	-0.9105654	3.155297	-0.0560675	-0.960547	3.026891	

0.4540482	-0.1334705	2.828821	0.00136063	-0.133608	3.091216	0.4645298	-0.2801031	2.851219	-0.01190842	-0.238765	3.092558	0.4971462	-0.2119451	2.8225	-0.04912377	-0.1457155	3.0816	0.1837961	0.6617926	2.794818	0.2052885	0.5186965	2.852153	0.2067254	0.4406267	2.874922	0.2103113	0.2013285	2.933349	0.2143213	-0.124758	3.000991	0.3644863	0.4156654	2.823258	0.03319126	0.4337662	2.962614	0.2861315	-0.1219287	2.934386	0.1369042	-0.1242267	2.988023	0.4480827	0.1286198	2.841252	-0.007544555	0.1243607	3.059848	0.3542672	-0.5242178	3.057328	0.06033912	-0.576097	3.038888	0.3414557	-0.9113136	3.156119	-0.05061885	-0.9590096	3.031541	

0.4673252	-0.1282888	2.838845	0.00313032	-0.1328877	3.092355	0.4633163	-0.2692848	2.840126	-0.00341783	-0.2394278	3.101058	0.4909725	-0.209008	2.81425	-0.03804503	-0.151185	3.083471	0.1920538	0.6616969	2.793729	0.2118354	0.5182191	2.853007	0.2131997	0.440393	2.876322	0.2168452	0.2018623	2.936491	0.2214227	-0.1229064	3.007105	0.3725035	0.415551	2.826322	0.04272844	0.4367359	2.963234	0.2933239	-0.1198621	2.939795	0.1437319	-0.1226718	2.99487	0.4572184	0.1336905	2.847975	-0.001635172	0.1255896	3.062905	0.3560701	-0.5225669	3.059695	0.06440228	-0.5728624	3.041685	0.3419435	-0.911989	3.156706	-0.05066641	-0.9597322	3.031743	

0.4700536	-0.1263321	2.840677	0.004070642	-0.1320785	3.092969	0.4555183	-0.2716409	2.837353	-0.002930616	-0.2388842	3.108097	0.5078742	-0.1848796	2.831231	-0.03666051	-0.145076	3.074625	0.1972006	0.6613276	2.79352	0.2166433	0.5181111	2.853471	0.217701	0.440307	2.877187	0.2205208	0.2018316	2.938441	0.2241599	-0.1229252	3.01039	0.3771501	0.4148041	2.827683	0.04678006	0.4366679	2.962344	0.2963603	-0.1205989	2.943753	0.1461589	-0.122088	2.997588	0.4609353	0.1357374	2.849421	0.001473089	0.1265202	3.063766	0.3603188	-0.5244517	3.066316	0.06930943	-0.5869547	3.049237	0.3422464	-0.9121315	3.156502	-0.05055298	-0.9602183	3.032448	

0.4713799	-0.1240233	2.842075	0.004388215	-0.1323507	3.093649	0.4557349	-0.2746808	2.854429	-0.0008312059	-0.2403624	3.11196	0.4901251	-0.21652	2.807182	-0.03656243	-0.1482554	3.084412	0.2028996	0.6608036	2.793691	0.2205041	0.5177532	2.85488	0.221488	0.440081	2.878873	0.2239719	0.2020139	2.94096	0.22695	-0.1221972	3.013908	0.3813698	0.4152064	2.829798	0.04820265	0.4366351	2.962981	0.2991492	-0.1197887	2.947294	0.1488274	-0.1214456	3.001001	0.4639801	0.1381654	2.851595	0.003836579	0.1262678	3.064311	0.3617441	-0.5253333	3.069474	0.06962316	-0.5859606	3.050174	0.3427162	-0.9121779	3.156486	-0.05174499	-0.9625634	3.033068	

0.4730624	-0.1273946	2.844888	0.002984146	-0.1337273	3.091081	0.4658884	-0.2785496	2.858355	-0.01188749	-0.2299871	3.088561	0.5063914	-0.1946876	2.831	-0.04644175	-0.1563794	3.05825	0.2124255	0.6593696	2.792568	0.2274127	0.5185289	2.855458	0.2278794	0.440883	2.880131	0.2291431	0.2029399	2.944183	0.2309522	-0.1209715	3.020292	0.386836	0.4153445	2.830732	0.05400858	0.4394357	2.961946	0.3041467	-0.1189478	2.954517	0.151847	-0.1199093	3.006595	0.4665738	0.1348811	2.854467	0.004729535	0.1254725	3.064949	0.3638037	-0.5250249	3.073107	0.06968071	-0.5781256	3.051271	0.3434305	-0.9121696	3.156706	-0.05152477	-0.962213	3.034392	

0.4743548	-0.1295079	2.848478	0.001584217	-0.1347539	3.085464	0.463856	-0.280295	2.867525	-0.01604345	-0.2280931	3.077311	0.5034481	-0.1985685	2.83172	-0.05270105	-0.1508667	3.051154	0.2172354	0.6591056	2.791504	0.2305048	0.518734	2.855219	0.2308539	0.4411562	2.880316	0.2318073	0.2034289	2.945649	0.2331917	-0.1201261	3.023682	0.3902743	0.4146841	2.831764	0.05732527	0.4409434	2.960907	0.3067887	-0.1182382	2.958319	0.1536165	-0.1189549	3.009546	0.4683559	0.1328382	2.856593	0.004985339	0.1253396	3.06505	0.3652832	-0.5253635	3.076686	0.06938902	-0.5752384	3.051676	0.3437364	-0.9121656	3.156677	-0.05875221	-0.9685633	3.034703	

0.4747942	-0.1310768	2.850543	-0.02194585	-0.134629	3.057456	0.4668944	-0.2820082	2.864791	-0.01587635	-0.2221769	3.039763	0.5094873	-0.1895238	2.846923	-0.05953962	-0.1661825	3.023067	0.2243065	0.6596487	2.789861	0.2331659	0.5194597	2.855046	0.2332758	0.4419085	2.88065	0.2337842	0.2044094	2.947628	0.2343659	-0.1185337	3.029	0.3933812	0.414356	2.83247	0.05937136	0.4422679	2.959305	0.3077554	-0.1166448	2.96519	0.1548728	-0.1174083	3.013501	0.4696158	0.1312691	2.857903	0.00436963	0.1262843	3.063854	0.3661417	-0.5259299	3.079377	0.06037827	-0.6117011	3.062984	0.3439618	-0.9122783	3.156497	-0.05411382	-0.9638401	3.038715	

0.4738716	-0.1315148	2.852671	-0.03003859	-0.131558	3.02769	0.4588475	-0.2819859	2.858249	-0.04281808	-0.2148966	3.004563	0.48381	-0.2207869	2.830762	-0.07024968	-0.1575055	2.983667	0.2312154	0.6608455	2.788089	0.2347481	0.5201932	2.854569	0.2346612	0.4426306	2.880437	0.2345451	0.2050711	2.948005	0.2344746	-0.1178991	3.029726	0.3975604	0.4145094	2.834933	0.06186417	0.4451687	2.951505	0.3082038	-0.1160176	2.966274	0.1547174	-0.1167321	3.013954	0.4691866	0.1308609	2.861087	-0.002222109	0.1290128	3.053228	0.3646455	-0.5230213	3.0806	0.06801105	-0.5664019	3.060886	0.3484666	-0.9068592	3.157183	-0.04892019	-0.9605939	3.041729	

0.4697641	-0.1304902	2.855736	-0.04630352	-0.1249514	2.986735	0.4424025	-0.2749388	2.863509	-0.062374	-0.211621	2.957006	0.4908803	-0.1734932	2.854167	-0.09208869	-0.1333016	2.9394	0.2335664	0.6628059	2.786558	0.2353722	0.5215853	2.853411	0.2349856	0.4438073	2.879726	0.2341295	0.2059973	2.94813	0.2317585	-0.1165564	3.031192	0.3984084	0.4148809	2.835807	0.05748176	0.4448348	2.93678	0.3062524	-0.1149778	2.968914	0.1507035	-0.1148341	3.014244	0.4674069	0.1319425	2.86504	-0.02316262	0.1437399	3.01531	0.362294	-0.5178093	3.081775	0.06588625	-0.5659197	3.060456	0.348816	-0.9058064	3.157063	-0.04443248	-0.9592729	3.044021	

0.4666307	-0.1278751	2.857778	-0.04675381	-0.1209107	2.981354	0.4355938	-0.2747864	2.864171	-0.06077183	-0.2188388	2.949759	0.4720606	-0.2069898	2.839429	-0.09588463	-0.1263606	2.9475	0.2343406	0.6634716	2.785229	0.2351058	0.5227087	2.850919	0.234552	0.4448551	2.877977	0.2330559	0.2069383	2.947816	0.2286198	-0.1152893	3.032482	0.3984086	0.4146776	2.836275	0.05564187	0.445755	2.931463	0.3035319	-0.1136836	2.97158	0.1470726	-0.1135698	3.014213	0.4655135	0.1345831	2.868492	-0.02391431	0.1443637	3.013263	0.3608777	-0.5159213	3.082725	0.06429829	-0.5658599	3.060165	0.3496565	-0.9043057	3.158094	-0.04428135	-0.959515	3.043033	

0.4621763	-0.1270889	2.86034	-0.0601967	-0.1107622	2.958174	0.4382784	-0.2748985	2.881772	-0.05167675	-0.2189435	2.940226	0.4804717	-0.1924841	2.86045	-0.1001532	-0.141949	2.92745	0.2335257	0.6643723	2.783658	0.2312095	0.5240425	2.845883	0.2305985	0.4462947	2.873706	0.2284098	0.2084963	2.945828	0.2228844	-0.1139759	3.03253	0.3974807	0.4145187	2.8369	0.04886106	0.4455664	2.922984	0.2985908	-0.1128562	2.972795	0.1407772	-0.111835	3.012759	0.4609358	0.1353114	2.871019	-0.03037497	0.1484247	2.998961	0.3568617	-0.5139136	3.084338	0.05962805	-0.566739	3.057835	0.3500556	-0.9025138	3.159382	-0.04190424	-0.9556636	3.041209	

0.4583704	-0.1270665	2.863138	-0.05993419	-0.1086662	2.957401	0.4390506	-0.2768856	2.883319	-0.04752897	-0.2178134	2.934143	0.4727863	-0.2178298	2.85325	-0.1041647	-0.1214607	2.920808	0.2305865	0.6658995	2.780208	0.2266966	0.5241975	2.840274	0.2259633	0.4466484	2.868802	0.2231633	0.2092136	2.943192	0.2169099	-0.1132217	3.032133	0.3949669	0.4148752	2.836826	0.03936571	0.4432406	2.915217	0.2929878	-0.1122342	2.974025	0.1344896	-0.1110196	3.010529	0.4569488	0.1353236	2.873194	-0.03339612	0.1516886	2.989573	0.3541974	-0.5137828	3.084728	0.05062376	-0.5698799	3.052884	0.34959	-0.9032085	3.159765	-0.04061364	-0.9538573	3.040768	

0.4511766	-0.1255614	2.867489	-0.06141461	-0.1092561	2.948591	0.4323865	-0.2751833	2.884576	-0.05532185	-0.2255321	2.921156	0.480226	-0.1869304	2.863111	-0.1087179	-0.1405755	2.906286	0.221191	0.6668986	2.775841	0.2141043	0.5246102	2.833292	0.2133414	0.4471015	2.862021	0.2104555	0.2096156	2.937701	0.2054191	-0.1133903	3.028369	0.3855602	0.4149885	2.835035	0.02658348	0.4400834	2.900524	0.283359	-0.112096	2.972325	0.1217227	-0.1116581	3.004391	0.4474688	0.1367434	2.874572	-0.04282616	0.1521747	2.97488	0.3479416	-0.5175996	3.085967	0.04291149	-0.5721263	3.047832	0.3493836	-0.9019022	3.160177	-0.03758659	-0.9526499	3.040846	

0.4478863	-0.1285965	2.869918	-0.07018244	-0.1072057	2.934959	0.437882	-0.2763345	2.889072	-0.0649507	-0.2306602	2.912775	0.4809357	-0.1738689	2.863909	-0.1167514	-0.1376299	2.904955	0.2152298	0.6682096	2.772421	0.2069951	0.5259366	2.830106	0.2061756	0.4482105	2.858829	0.2029963	0.2100022	2.934682	0.1976155	-0.1142128	3.025487	0.3760543	0.4140773	2.833171	0.02040396	0.4397206	2.89445	0.2757773	-0.1128338	2.971	0.1139991	-0.1125688	2.999954	0.4404092	0.1335603	2.87605	-0.04944346	0.1538457	2.965162	0.343114	-0.5170521	3.085385	0.03783813	-0.5748802	3.043921	0.349207	-0.9017974	3.160184	-0.035705	-0.9552528	3.040396	

0.4107182	-0.123308	2.856903	-0.149484	-0.1233089	2.876714	0.4022461	-0.2582438	2.863686	-0.1309223	-0.2438128	2.859309	0.442319	-0.1581623	2.845733	-0.1925392	-0.1601662	2.851684	0.1190435	0.6762384	2.753949	0.1119799	0.526112	2.797936	0.1116133	0.4474837	2.823851	0.1100573	0.2063599	2.891607	0.1074764	-0.1222705	2.971466	0.2898441	0.418193	2.819189	-0.07295045	0.429604	2.848743	0.1889573	-0.1206392	2.924978	0.02311718	-0.1206196	2.938184	0.3704628	0.1357374	2.866694	-0.1330084	0.1384525	2.898222	0.2882398	-0.5332808	3.060655	-0.01757102	-0.5722067	3.004086	0.3468165	-0.9028217	3.15929	-0.03959373	-0.9522632	3.035582	

0.3740381	-0.1264816	2.834954	-0.1839541	-0.1346428	2.859601	0.3583656	-0.2486611	2.834929	-0.1776911	-0.2502138	2.826514	0.4046306	-0.1654678	2.820786	-0.2362863	-0.1626612	2.820783	0.08082671	0.6780323	2.750625	0.07692818	0.526978	2.791425	0.07736392	0.447753	2.815289	0.07746708	0.2047908	2.876668	0.07555325	-0.1267077	2.946497	0.254812	0.4207248	2.812702	-0.1088543	0.4216573	2.838598	0.1571421	-0.1240854	2.900267	-0.008092064	-0.1259017	2.912927	0.3380032	0.133091	2.855458	-0.1661187	0.1269728	2.879111	0.2646394	-0.5597537	3.045259	-0.02426422	-0.5693261	3.001818	0.3389577	-0.906894	3.155443	-0.04197545	-0.9485513	3.03366	

0.367872	-0.1263074	2.831349	-0.1931971	-0.1379668	2.85465	0.3475811	-0.2551339	2.835433	-0.1962955	-0.2533062	2.823577	0.3891151	-0.164979	2.811474	-0.2449174	-0.163323	2.8052	0.07071088	0.6777024	2.751687	0.0691428	0.5274317	2.791687	0.06977961	0.4480259	2.814853	0.07077051	0.2045346	2.874325	0.07052137	-0.1275605	2.942274	0.2472633	0.420826	2.810684	-0.1143024	0.421083	2.837422	0.1523639	-0.1250665	2.896665	-0.0132512	-0.1265842	2.908036	0.3306861	0.1330188	2.85301	-0.1712945	0.1232103	2.876014	0.2606164	-0.5620092	3.037787	-0.03015842	-0.5691273	3.000581	0.3364631	-0.9083303	3.15302	-0.04259831	-0.9471743	3.033247	

0.3529964	-0.1243602	2.823659	-0.2033054	-0.1429547	2.847466	0.3284411	-0.2549996	2.822109	-0.2117804	-0.2578639	2.816247	0.3712209	-0.1706593	2.798091	-0.2579331	-0.1749955	2.799167	0.05690812	0.6781721	2.749853	0.05884282	0.5277541	2.790994	0.05961194	0.4482041	2.813294	0.06114796	0.2042513	2.870141	0.06195945	-0.1284909	2.934599	0.2361448	0.4200825	2.809225	-0.1278967	0.4179641	2.834094	0.1441455	-0.1255436	2.889347	-0.02191028	-0.1279535	2.90003	0.315239	0.1348504	2.845027	-0.1821088	0.1180958	2.871449	0.2491972	-0.56447	3.024747	-0.03523045	-0.5678717	2.999178	0.3327539	-0.9151248	3.151226	-0.04472138	-0.9444615	3.031646	

0.3368266	-0.1236269	2.816536	-0.2179444	-0.1424446	2.83866	0.3111714	-0.2545871	2.809166	-0.2225593	-0.2581438	2.806038	0.3539233	-0.1692166	2.79392	-0.2715387	-0.1772887	2.79455	0.04317378	0.6789064	2.750481	0.0470986	0.5279486	2.78965	0.04750812	0.4482285	2.811212	0.04829204	0.2037024	2.865738	0.04879361	-0.1298579	2.927275	0.2226878	0.4197833	2.806349	-0.1429251	0.415078	2.832472	0.1308835	-0.1266731	2.882074	-0.03461869	-0.1295031	2.892668	0.3023894	0.1359593	2.84115	-0.1935933	0.1182021	2.865172	0.2229935	-0.5558886	2.995805	-0.04196441	-0.5624834	2.995417	0.32792	-0.9200741	3.147	-0.04641481	-0.94249	3.029549	

0.2694692	-0.1101756	2.787962	-0.2655603	-0.1579532	2.813149	0.2528149	-0.258662	2.783978	-0.2508871	-0.2624871	2.796178	0.2936547	-0.1777875	2.758616	-0.3048896	-0.1719139	2.776857	-0.01062271	0.6778116	2.752078	-0.005949501	0.5256798	2.784304	-0.004217968	0.4456947	2.80338	0.002934794	0.200499	2.851214	0.01166485	-0.1338772	2.905081	0.1767034	0.4188216	2.802009	-0.1858879	0.4082136	2.822049	0.09455538	-0.1283766	2.861969	-0.07166667	-0.1357995	2.868236	0.2483971	0.1498799	2.827791	-0.2387596	0.1012751	2.853344	0.1952548	-0.5822866	2.95118	-0.05812128	-0.5554398	2.988827	0.3239667	-0.9172408	3.136428	-0.04835067	-0.9420295	3.028703	

0.2275562	-0.1062303	2.772439	-0.2770447	-0.1598346	2.809713	0.1931422	-0.2536329	2.749252	-0.27109	-0.2623351	2.779967	0.2389896	-0.1850167	2.744333	-0.3237879	-0.1852378	2.76632	-0.02969956	0.6736066	2.75211	-0.02721381	0.5217842	2.784315	-0.02563662	0.4420293	2.802243	-0.02183102	0.197228	2.845849	-0.01763752	-0.1365729	2.892419	0.1536814	0.4136993	2.79923	-0.2098845	0.4031923	2.817436	0.065776	-0.1293436	2.85073	-0.1005648	-0.1400924	2.854255	0.2174534	0.1536334	2.820042	-0.255012	0.1000932	2.847547	0.1593219	-0.5642133	2.86332	-0.07129159	-0.5569774	2.984548	0.31779	-0.921245	3.083996	-0.04857254	-0.9423526	3.028758	

0.2132736	-0.1093615	2.767531	-0.29376	-0.1628551	2.805122	0.1770051	-0.2558603	2.732754	-0.2799446	-0.2777382	2.786272	0.2206829	-0.1802463	2.744238	-0.3396235	-0.1958071	2.766808	-0.04824928	0.6676202	2.750348	-0.04139319	0.5168421	2.782195	-0.04114527	0.437161	2.799622	-0.0404237	0.1929691	2.841764	-0.03943527	-0.1397476	2.886916	0.1410504	0.4112435	2.797597	-0.2265185	0.399343	2.817403	0.04178527	-0.1321273	2.844869	-0.1197001	-0.1434763	2.849158	0.2052	0.150008	2.819054	-0.2688525	0.09653701	2.845333	0.1209441	-0.5143944	2.806865	-0.0797709	-0.5619651	2.983674	0.2818643	-0.8679787	3.032173	-0.04958531	-0.9422631	3.028839	

0.2045469	-0.1076331	2.760706	-0.3183051	-0.1695946	2.820875	0.1721315	-0.2610651	2.734835	-0.3107857	-0.2809673	2.804685	0.229077	-0.1565048	2.756583	-0.3598613	-0.1985588	2.781538	-0.0781026	0.6653492	2.744212	-0.06712507	0.513883	2.776687	-0.06594929	0.434327	2.792027	-0.06320382	0.1902458	2.827661	-0.06083792	-0.1429337	2.86223	0.1157395	0.4104066	2.784713	-0.244012	0.3968024	2.818521	0.01987782	-0.1365342	2.813791	-0.1398878	-0.1455182	2.830079	0.191598	0.1519434	2.809489	-0.2883368	0.09017843	2.84909	0.07639454	-0.5952434	2.802666	-0.09605749	-0.5818641	2.967664	0.1496687	-0.980324	3.003756	-0.05106068	-0.9447114	3.026272	

0.2032431	-0.1115765	2.75857	-0.3196022	-0.1699101	2.822978	0.1758503	-0.2634924	2.739783	-0.3108289	-0.2814977	2.811824	0.2248429	-0.17393	2.741728	-0.3651877	-0.1955029	2.799143	-0.08067513	0.6648374	2.743316	-0.0695299	0.5133166	2.775246	-0.06836198	0.4337466	2.790365	-0.06521891	0.1896721	2.825516	-0.06173413	-0.1433833	2.860369	0.1125988	0.4101821	2.781715	-0.246022	0.3959717	2.818274	0.01936701	-0.1367553	2.812265	-0.1411345	-0.146153	2.828162	0.1887166	0.1481284	2.805675	-0.2898234	0.08995914	2.849824	0.07474679	-0.5916559	2.800317	-0.09615797	-0.582823	2.965963	0.1451003	-0.9769782	3.00244	-0.05369321	-0.9475615	3.022861	

0.2065962	-0.1219715	2.756034	-0.3216047	-0.1721956	2.830759	0.1940893	-0.2658907	2.751489	-0.3099417	-0.2822571	2.818561	0.2452141	-0.1667371	2.754333	-0.3596556	-0.1935049	2.805667	-0.08224311	0.6644104	2.741325	-0.07084998	0.5129192	2.773977	-0.06963467	0.4333615	2.788961	-0.06616935	0.1893375	2.823772	-0.06198081	-0.1436255	2.858595	0.1101073	0.4105929	2.776675	-0.2478396	0.3949198	2.81808	0.01926373	-0.1368347	2.809938	-0.1414521	-0.1464647	2.827022	0.1875746	0.1382759	2.795713	-0.2924958	0.08793241	2.853261	0.07630559	-0.5915598	2.79651	-0.09664879	-0.5829971	2.964313	0.153828	-0.9746309	3.003	-0.0542198	-0.9494772	3.02173	

0.2144731	-0.1246118	2.75229	-0.3120747	-0.177025	2.851065	0.2249874	-0.2706718	2.749019	-0.3040352	-0.292825	2.849578	0.260713	-0.1729264	2.73745	-0.3497793	-0.2005797	2.825546	-0.0819265	0.6629677	2.737354	-0.06703559	0.5112932	2.768372	-0.06618782	0.4318838	2.783897	-0.06355575	0.1882521	2.820174	-0.06017352	-0.1442641	2.856835	0.111585	0.4099882	2.77015	-0.2471148	0.3935704	2.817609	0.02131091	-0.1369243	2.807786	-0.1398846	-0.1475652	2.825693	0.1918159	0.1355245	2.789956	-0.2914309	0.08399987	2.857141	0.1055261	-0.5308021	2.754003	-0.09626097	-0.581825	2.963777	0.2396723	-0.9060674	2.962292	-0.05457431	-0.94891	3.02147	

0.2587372	-0.1360803	2.715339	-0.2665222	-0.1811019	2.87448	0.24558	-0.2716348	2.70446	-0.2662388	-0.2831011	2.874604	0.2816313	-0.215885	2.703063	-0.3063428	-0.19469	2.8381	-0.04363873	0.6607689	2.700289	-0.01464457	0.5128647	2.743276	-0.01292288	0.4336617	2.760571	-0.007627151	0.1906717	2.802459	-0.0003865293	-0.1408905	2.847734	0.1568706	0.4167422	2.73339	-0.1939177	0.400298	2.811558	0.07929985	-0.1319467	2.790375	-0.08002631	-0.145886	2.825343	0.243787	0.1247412	2.751611	-0.2388204	0.07876125	2.870795	0.1659513	-0.5708226	2.818312	-0.06124602	-0.5551125	2.953896	0.3035394	-0.9294039	3.007709	-0.05439177	-0.949162	3.021471	

0.2839046	-0.1021872	2.694487	-0.2030422	-0.1770357	2.875977	0.2580131	-0.2497445	2.679281	-0.2098769	-0.2653076	2.866492	0.3047034	-0.168011	2.671679	-0.2478475	-0.1669241	2.842607	-0.002547574	0.6557567	2.669027	0.03505767	0.515429	2.727624	0.03762856	0.4364922	2.747538	0.04531089	0.1942907	2.797289	0.05557244	-0.1361546	2.853053	0.2011758	0.420561	2.705958	-0.1423248	0.4067848	2.811601	0.1340363	-0.1282752	2.790429	-0.0244017	-0.1402259	2.835934	0.2924681	0.1592354	2.730032	-0.1827623	0.08389496	2.878661	0.2143494	-0.5755748	2.87688	-0.03149596	-0.569461	2.958114	0.3013319	-0.9304461	3.022869	-0.05262402	-0.9485866	3.021856	

0.2966461	-0.1066265	2.683758	-0.1718158	-0.1635804	2.874119	0.2634649	-0.2410773	2.660463	-0.1716085	-0.2578891	2.854507	0.3099619	-0.1596233	2.648864	-0.2065764	-0.1617898	2.834819	0.01533679	0.6451876	2.654721	0.06237528	0.5070977	2.715445	0.0611885	0.4296345	2.739384	0.06023727	0.1907504	2.797764	0.06558984	-0.1372238	2.861932	0.2205545	0.4162894	2.695568	-0.1179549	0.4071324	2.811622	0.1430063	-0.1308866	2.796786	-0.01328684	-0.1394266	2.847988	0.3285993	0.15265	2.723274	-0.1505282	0.09747818	2.883573	0.2301451	-0.5768068	2.890747	-0.02431721	-0.5727744	2.956953	0.3061763	-0.932965	3.030771	-0.04780154	-0.9506819	3.021734	

0.3143319	-0.1025874	2.669372	-0.1271949	-0.1540535	2.856727	0.2679419	-0.2329383	2.648574	-0.149407	-0.2379826	2.819387	0.3164383	-0.1606276	2.635769	-0.1656003	-0.1641832	2.795555	0.03780384	0.6277186	2.637323	0.08536445	0.4981489	2.707448	0.08601293	0.4212244	2.733592	0.08827534	0.185111	2.801513	0.09504938	-0.1369863	2.883435	0.2507986	0.4106954	2.681707	-0.08631928	0.4070608	2.811646	0.1715969	-0.134262	2.816224	0.0158316	-0.1357495	2.870988	0.3535667	0.1547931	2.716856	-0.1190315	0.1063645	2.897501	0.2497067	-0.5688539	2.904368	-0.01593256	-0.574874	2.955406	0.3064919	-0.9310756	3.035095	-0.04234333	-0.9528779	3.022991	

0.3234298	-0.07818591	2.658297	-0.08103418	-0.1284073	2.797487	0.2469312	-0.1736561	2.624184	-0.1244341	-0.2096851	2.75125	0.2907443	-0.1470964	2.613767	-0.1218838	-0.1087963	2.77575	0.07213119	0.608613	2.625003	0.13022	0.4892442	2.698768	0.1324831	0.4127924	2.727298	0.139277	0.1782882	2.803136	0.1458965	-0.1409581	2.894036	0.2888469	0.4039144	2.677181	-0.0527802	0.400939	2.810082	0.2216395	-0.1378279	2.828114	0.06630712	-0.1402182	2.880335	0.4081191	0.1670366	2.71419	-0.07156043	0.1181369	2.89823	0.3060702	-0.5515227	2.933504	0.004613989	-0.5806744	2.952707	0.3100437	-0.9263951	3.038712	-0.03964163	-0.9542716	3.022615	

0.3255573	-0.07679284	2.655793	-0.07955857	-0.1245524	2.786346	0.2518626	-0.1863045	2.684827	-0.1232864	-0.2003272	2.720738	0.3300861	-0.1476289	2.721737	-0.1192166	-0.08933094	2.747889	0.07446194	0.6093357	2.624217	0.1314249	0.4889646	2.698041	0.1336196	0.4125876	2.726516	0.140165	0.1782938	2.802126	0.1470087	-0.1406846	2.892324	0.2915592	0.4043862	2.676561	-0.0499668	0.4006619	2.808515	0.2228109	-0.1375425	2.82665	0.06729726	-0.1399603	2.878341	0.4100026	0.1679785	2.714587	-0.07117759	0.1192956	2.894325	0.3081838	-0.5178332	2.922132	0.008218163	-0.5815307	2.951773	0.3142806	-0.9228191	3.043248	-0.03818959	-0.9547591	3.022415	

0.3271677	-0.0727034	2.65613	-0.07890806	-0.1192679	2.77317	0.2357671	-0.1573087	2.627441	-0.1167116	-0.1919428	2.715667	0.2907814	-0.1384981	2.636	-0.1184925	-0.0968945	2.729619	0.07830549	0.6098481	2.622598	0.1328247	0.4887727	2.697763	0.1347831	0.4124601	2.726145	0.1407631	0.1783122	2.801492	0.1473372	-0.1405099	2.89099	0.2943341	0.4043952	2.676087	-0.04531022	0.4018812	2.805675	0.2233165	-0.137475	2.825412	0.06741693	-0.1396699	2.876878	0.4138968	0.1711493	2.715693	-0.07069244	0.1202645	2.891406	0.3156958	-0.5356702	2.935191	0.009550254	-0.5814944	2.951003	0.3179038	-0.9187212	3.04585	-0.03749184	-0.9547392	3.022054	

0.3278301	-0.07022355	2.654404	-0.07835914	-0.1029969	2.736898	0.2346623	-0.1460036	2.620512	-0.1219817	-0.1724515	2.659446	0.3236303	-0.1469344	2.710765	-0.115598	-0.0828028	2.691	0.08115183	0.6099901	2.620811	0.1339077	0.4882644	2.69639	0.1359969	0.4119967	2.724357	0.1422813	0.178098	2.797986	0.1495912	-0.1402153	2.884299	0.2970075	0.4044655	2.674766	-0.04259503	0.4027586	2.801322	0.2262183	-0.1371658	2.819238	0.06890994	-0.1393887	2.869603	0.4159855	0.1723534	2.717762	-0.07004131	0.1232196	2.880915	0.3168738	-0.5203085	2.929862	0.0108079	-0.5804899	2.946044	0.3188042	-0.9183131	3.047057	-0.03658024	-0.9540716	3.021322	

0.3275322	-0.06877043	2.650765	-0.08136076	-0.09434666	2.68191	0.2456983	-0.1447177	2.615051	-0.1058136	-0.1534543	2.585221	0.33476	-0.1388152	2.707029	-0.1241494	-0.1057079	2.605833	0.08566963	0.6089079	2.60962	0.1363695	0.486991	2.686793	0.1382994	0.4107786	2.714055	0.1437434	0.1770379	2.785618	0.1499599	-0.1412839	2.870101	0.2998538	0.4043755	2.667924	-0.04019511	0.3996252	2.784404	0.2272594	-0.1378853	2.806918	0.06845137	-0.1407954	2.853475	0.4166743	0.1726953	2.717554	-0.0751059	0.1256205	2.836155	0.3018397	-0.5457359	2.911904	0.01049483	-0.5762991	2.917233	0.3174335	-0.9187746	3.046316	-0.03610083	-0.9538554	3.018598	

0.3265586	-0.06890988	2.639672	-0.09227169	-0.09200318	2.65771	0.2370217	-0.1475977	2.6106	-0.1337489	-0.1133998	2.542557	0.3302639	-0.1412213	2.694269	-0.1303461	-0.06728554	2.568214	0.08290545	0.5972824	2.587733	0.129783	0.4763761	2.66858	0.1305012	0.3999555	2.695253	0.1318418	0.1654627	2.764981	0.1321555	-0.1542029	2.847048	0.2983407	0.3952464	2.649728	-0.04581167	0.3925551	2.755483	0.211382	-0.1517882	2.787541	0.04909416	-0.1521623	2.826513	0.4175291	0.1707002	2.711392	-0.08392278	0.1246653	2.816776	0.2477199	-0.5677795	2.829948	-0.01117131	-0.5746499	2.87385	0.3067166	-0.9279981	3.031729	-0.03784032	-0.9533445	3.016528	

0.2953908	-0.09467738	2.607923	-0.1143474	-0.08492003	2.629872	0.2118156	-0.2068462	2.67008	-0.1251317	-0.09478186	2.534564	0.284548	-0.1809362	2.659667	-0.1119503	-0.06435139	2.533546	0.06958224	0.5698219	2.565863	0.1181383	0.4467537	2.640488	0.1193116	0.3722867	2.669524	0.1223373	0.143526	2.745994	0.1254438	-0.1692423	2.835764	0.28679	0.3663906	2.625098	-0.05380033	0.3715361	2.742658	0.203748	-0.169247	2.774485	0.04354247	-0.1645625	2.817171	0.4069846	0.1389643	2.667322	-0.08660261	0.115875	2.807544	0.2373842	-0.5725971	2.815886	-0.04577892	-0.5693617	2.814487	0.3058687	-0.9337277	3.030174	-0.04645471	-0.9625528	3.002887	

0.2860233	-0.09701007	2.597497	-0.116091	-0.08697107	2.625702	0.1909364	-0.1898783	2.633864	-0.1315312	-0.08427758	2.533065	0.2724321	-0.1751159	2.651077	-0.1572909	-0.06285373	2.531857	0.06631003	0.565588	2.561258	0.1170709	0.4448333	2.639022	0.1179821	0.3699532	2.667674	0.1201366	0.139943	2.743005	0.1222244	-0.1740624	2.831827	0.2834237	0.3630355	2.6213	-0.05879231	0.3640764	2.737732	0.200794	-0.1742212	2.769762	0.04022101	-0.1690484	2.814071	0.4015946	0.1337264	2.661369	-0.08954428	0.1128483	2.804715	0.2328361	-0.5739694	2.810996	-0.05244476	-0.5680271	2.806448	0.305123	-0.9375656	3.028762	-0.05058065	-0.9656736	2.99712	

0.1661087	-0.0361012	2.5433	-0.1488669	-0.05564183	2.596242	0.0798374	-0.07742412	2.55715	-0.1489813	-0.0657223	2.551386	0.1627142	-0.09806948	2.610906	-0.1589911	-0.03829312	2.551	0.05062316	0.5597396	2.54379	0.1056261	0.4388837	2.623546	0.1067206	0.3643167	2.652789	0.1097302	0.1354875	2.730363	0.1134447	-0.1767305	2.82272	0.2654276	0.3556243	2.601537	-0.06887686	0.3604247	2.728284	0.1900191	-0.1769104	2.758553	0.03350089	-0.1715297	2.806974	0.3749535	0.1176386	2.619484	-0.1005343	0.1099988	2.804603	0.2280809	-0.5721075	2.804391	-0.07866269	-0.5648787	2.774847	0.304324	-0.9382505	3.027859	-0.05492606	-0.9645569	2.979331	

0.1085043	0.003745973	2.496457	-0.143031	-0.05525218	2.604747	0.007123752	0.01597011	2.491369	-0.1639135	-0.03266009	2.577061	0.06024902	-0.02350385	2.571571	-0.1758213	-0.01490379	2.570167	0.02148808	0.5624654	2.520329	0.07384088	0.444632	2.593174	0.07529385	0.3701479	2.622718	0.07932997	0.1415881	2.701197	0.08451253	-0.1700739	2.795212	0.2283928	0.3598841	2.565392	-0.09086362	0.3673618	2.70175	0.1596727	-0.170472	2.729281	0.007113853	-0.1648995	2.781585	0.3328422	0.1194261	2.58409	-0.1153804	0.1208598	2.808078	0.2225021	-0.5716935	2.803141	-0.08648049	-0.5658091	2.762478	0.303757	-0.9385772	3.027256	-0.05861666	-0.9752724	2.935383	

0.07726147	0.05466875	2.485402	-0.1432779	-0.05196174	2.606859	-0.02077098	0.05604156	2.475988	-0.1606489	-0.02333082	2.59123	0.03163654	0.1246669	2.539435	-0.166467	0.005600709	2.571351	0.009193165	0.5662575	2.510334	0.0660054	0.4475447	2.585765	0.06768885	0.3730309	2.615592	0.07248132	0.1443471	2.694938	0.07859171	-0.1674644	2.789986	0.2204389	0.3618123	2.559255	-0.09755497	0.3752201	2.688564	0.154667	-0.1683395	2.725091	0.000267543	-0.1617793	2.775102	0.320485	0.1190045	2.575583	-0.1231059	0.1273554	2.808202	0.2186628	-0.5704828	2.802999	-0.09337492	-0.564956	2.750958	0.3032877	-0.9385993	3.026455	-0.05729168	-0.9767857	2.922299	

-0.009604075	0.07826648	2.444098	-0.1768329	-0.01766161	2.599841	-0.08308485	0.1155758	2.441308	-0.2048528	-0.03979693	2.515502	-0.02333926	0.04999495	2.523822	-0.2103895	-0.01076646	2.495645	-0.06468627	0.5696433	2.463322	-0.001368564	0.4480204	2.536361	0.002310026	0.3746545	2.567891	0.01350974	0.1493902	2.652398	0.02868107	-0.1578117	2.754427	0.1473098	0.3618399	2.506891	-0.1513875	0.3876418	2.631871	0.1037936	-0.1575376	2.688567	-0.04721027	-0.1535213	2.740577	0.2396812	0.1168836	2.531195	-0.1775029	0.1594308	2.804397	0.1977402	-0.5667922	2.785412	-0.09771526	-0.5672019	2.742924	0.3029173	-0.93445	3.019158	-0.03542914	-0.9823703	2.859064	

-0.01754851	0.07365783	2.441208	-0.1912335	-0.06712428	2.548767	-0.1048286	0.1034814	2.447829	-0.2190225	-0.08928245	2.464445	-0.06830933	0.04866468	2.510333	-0.2244526	-0.05995581	2.444604	-0.07535579	0.5661715	2.457554	-0.01046902	0.4464397	2.530998	-0.006827132	0.3729126	2.562872	0.004245742	0.1471566	2.648356	0.01914365	-0.1607255	2.751585	0.1361686	0.3581783	2.500955	-0.1661355	0.3803565	2.619407	0.09587006	-0.1598704	2.685963	-0.05821732	-0.1569822	2.737494	0.2317618	0.1147635	2.526824	-0.1798954	0.1429118	2.716999	0.1817853	-0.5674097	2.759167	-0.09901588	-0.5718743	2.738379	0.2991209	-0.9257953	3.000811	-0.03199776	-0.9843168	2.856697	

-0.04318482	-0.1293836	2.465229	-0.2703086	-0.1615818	2.538686	-0.1184653	-0.1353028	2.468206	-0.2977634	-0.1833414	2.454399	-0.04349496	-0.1686714	2.538788	-0.3027318	-0.1534618	2.434637	-0.1799956	0.4799882	2.408164	-0.1242995	0.3548551	2.479976	-0.1157234	0.282063	2.514612	-0.08904038	0.05889247	2.608288	-0.05229217	-0.2449491	2.722342	0.03384684	0.2677744	2.466225	-0.2787054	0.277207	2.575278	0.02813788	-0.2339789	2.662506	-0.1311465	-0.2487613	2.702661	0.151853	0.04181424	2.51846	-0.2741431	0.02278334	2.735983	0.07511224	-0.6189649	2.583437	-0.1439631	-0.6361768	2.685673	0.2514617	-0.9335911	2.847615	-0.03089332	-0.994119	2.84174	

-0.03766166	-0.13491	2.462883	-0.2473854	-0.1766917	2.52989	-0.1133653	-0.1845889	2.552085	-0.2327956	-0.1415272	2.501506	-0.03735536	-0.1835046	2.533177	-0.2332312	-0.1327517	2.4914	-0.1842457	0.4788308	2.404591	-0.1280619	0.3543787	2.476151	-0.1193289	0.2814625	2.510893	-0.09218922	0.05793239	2.604857	-0.05489082	-0.2463598	2.719225	0.03111067	0.2677127	2.463536	-0.2874683	0.2695323	2.573397	0.02606043	-0.2348073	2.659799	-0.1342608	-0.2508058	2.69909	0.1503308	0.04336574	2.518689	-0.2900441	0.01565143	2.714126	0.06021838	-0.6197737	2.567442	-0.1448737	-0.6380756	2.684402	0.2407151	-0.9369761	2.82613	-0.0306247	-0.9953252	2.840607	

0.004163022	-0.1299326	2.431614	-0.3012332	-0.1302348	2.431643	-0.07290567	-0.109447	2.47001	-0.2575689	-0.1142614	2.418594	0.03761515	-0.1507395	2.509964	-0.2690319	-0.08033871	2.399941	-0.2092027	0.483856	2.381922	-0.1529442	0.3604759	2.455624	-0.1436096	0.2871664	2.490134	-0.1145734	0.06239305	2.583434	-0.07471029	-0.2436168	2.6969	0.01445128	0.2782454	2.447437	-0.3194615	0.2593298	2.548447	0.00961844	-0.2307316	2.642029	-0.1571266	-0.2496525	2.671678	0.1547004	0.07237583	2.517561	-0.3287527	0.02550963	2.651616	0.03156815	-0.6150377	2.537472	-0.1528448	-0.63493	2.677051	0.2007496	-0.9603357	2.768258	-0.0300082	-0.9968998	2.840016	

0.02639562	0.06877369	2.36825	-0.2586991	0.06424631	2.242708	-0.1109687	0.0467006	2.391531	-0.1924572	0.04387546	2.171067	-0.021543	-0.01336303	2.4204	-0.2041754	0.07681968	2.152376	-0.2294725	0.546308	2.321101	-0.184074	0.4193075	2.399482	-0.175866	0.343329	2.43125	-0.1499874	0.1099525	2.516453	-0.1139555	-0.2084168	2.619169	0.0199889	0.2832656	2.447501	-0.3454053	0.3156635	2.475321	-0.02692297	-0.1980473	2.564898	-0.19748	-0.2124534	2.593894	0.243623	0.1608906	2.496651	-0.3582441	0.05340109	2.495775	-0.006533183	-0.5955397	2.493792	-0.156293	-0.6239164	2.672689	0.1157319	-0.9887342	2.639925	-0.03081863	-0.999278	2.837859	

-0.02458594	0.1042918	2.297979	-0.2507633	0.1471832	2.230032	-0.1373635	0.07893904	2.353861	-0.1845526	0.1264149	2.158411	-0.0299253	0.04000742	2.376158	-0.1963181	0.1588027	2.139737	-0.2330521	0.5565252	2.304569	-0.1869346	0.4318597	2.381262	-0.1788501	0.3575198	2.410764	-0.1532836	0.1295795	2.488413	-0.1175345	-0.1803499	2.579273	-0.01054909	0.3728546	2.36625	-0.3485568	0.3350473	2.456708	-0.03486136	-0.1667392	2.523153	-0.1967175	-0.1891597	2.557156	0.1696605	0.2096746	2.452134	-0.3590883	0.07112595	2.467349	-0.005665797	-0.604921	2.491181	-0.1607985	-0.6215757	2.661438	0.08622736	-1.003778	2.594868	-0.04325494	-0.9980957	2.823066	

-0.05176226	0.1236805	2.257191	-0.2155871	0.1763276	2.16337	-0.1656365	0.09220628	2.321424	-0.1665788	0.2080053	2.073221	-0.06739249	0.04566137	2.324586	-0.1784225	0.2397912	2.054589	-0.2356434	0.554361	2.285598	-0.1857457	0.4307494	2.354473	-0.1781289	0.3557039	2.383364	-0.15407	0.1250807	2.460153	-0.1204619	-0.1895407	2.551885	-0.008811833	0.3670771	2.350304	-0.3444162	0.3322413	2.439957	-0.03782315	-0.178885	2.488291	-0.1993719	-0.1951907	2.53475	0.1647279	0.1809615	2.406592	-0.3318936	0.0692316	2.383822	-0.00673553	-0.6099021	2.481377	-0.1869704	-0.6064712	2.601154	0.08036015	-1.004944	2.59034	-0.06381831	-0.9865594	2.807746	

-0.08218268	0.1346042	2.236653	-0.214628	0.173955	2.159146	-0.2320555	0.122174	2.272696	-0.1656242	0.205738	2.069043	-0.1290317	0.05486374	2.295187	-0.1779622	0.2386993	2.052565	-0.2355097	0.5476876	2.276434	-0.1835155	0.4245717	2.346539	-0.1762448	0.3490712	2.374781	-0.1533773	0.1167852	2.449178	-0.1218894	-0.2008797	2.536691	-0.005446376	0.3517243	2.335156	-0.3425595	0.3296133	2.435481	-0.03907883	-0.1889003	2.475705	-0.2007861	-0.2064068	2.518258	0.1653417	0.1655347	2.396907	-0.3309271	0.06655926	2.379457	-0.009511261	-0.6156049	2.471152	-0.19824	-0.6069116	2.57924	0.07892835	-1.00615	2.590452	-0.07233899	-0.9796168	2.796531	

-0.09478288	0.1112619	2.208863	-0.1929244	0.1254343	2.126588	-0.1789923	0.1160601	2.240786	-0.1431472	0.1520374	2.034421	-0.1174352	0.02915378	2.274574	-0.1551324	0.1841905	2.015746	-0.2338363	0.5244961	2.256639	-0.1767359	0.3911246	2.324003	-0.1714751	0.3143698	2.350947	-0.1550076	0.0780623	2.42116	-0.1324748	-0.2433347	2.504349	-0.007035775	0.2945164	2.302037	-0.3366663	0.3076661	2.430774	-0.05263003	-0.2354486	2.437703	-0.2073036	-0.2397257	2.494338	0.1420517	0.0799363	2.330381	-0.3117509	0.03419083	2.353024	-0.02907348	-0.6391804	2.427091	-0.2357394	-0.6217206	2.513468	0.07253557	-1.013165	2.588059	-0.1158302	-0.9779668	2.757822	

-0.1751095	0.07067726	2.157465	-0.2034612	0.09079777	2.207662	-0.2510644	0.1173463	2.164474	-0.1525379	0.09564506	2.146425	-0.2084625	0.06447548	2.144514	-0.2340633	0.1225174	2.135898	-0.241978	0.5198843	2.237665	-0.1861623	0.3887553	2.301883	-0.1832473	0.312675	2.327214	-0.1745892	0.07919459	2.392554	-0.1649428	-0.2383349	2.467104	-0.03676984	0.2896486	2.259059	-0.3393142	0.3102971	2.385965	-0.0858547	-0.2317885	2.397029	-0.2389491	-0.2371158	2.457509	0.07828797	0.04970457	2.236096	-0.3222457	-0.0005581622	2.434083	-0.03623112	-0.6439652	2.413986	-0.271225	-0.6216599	2.457892	0.06977692	-1.016998	2.585817	-0.1446469	-0.9771474	2.700391	

-0.2667142	0.09796636	2.117472	-0.2323981	0.1419514	2.172436	-0.3409529	0.1636849	2.120366	-0.1229942	0.2367368	2.154582	-0.3110682	0.1271747	2.092393	-0.2272501	0.2480083	2.1748	-0.2903447	0.558246	2.202028	-0.2242978	0.4322693	2.258551	-0.2213944	0.3569235	2.284819	-0.2114184	0.1250214	2.353601	-0.1966297	-0.1921101	2.434361	-0.07589734	0.3246475	2.208105	-0.3688171	0.3623115	2.348018	-0.1224203	-0.1889486	2.361695	-0.2643402	-0.1890141	2.427692	-0.01091531	0.06616089	2.178683	-0.3513409	0.050803	2.398844	-0.03790637	-0.6406785	2.414365	-0.2815707	-0.6073616	2.445265	0.06850477	-1.016255	2.584501	-0.1802241	-1.00262	2.626122	

-0.2987047	-0.1678887	2.145372	-0.5852282	-0.1753791	2.186074	-0.4041062	-0.2136441	2.153796	-0.5398409	-0.1694166	2.137386	-0.2995106	-0.2514307	2.206636	-0.6413608	-0.1554358	2.15798	-0.3938161	0.5313678	2.176053	-0.3344591	0.3985365	2.21532	-0.332413	0.3187585	2.239681	-0.3244667	0.07339281	2.30269	-0.3117526	-0.2619762	2.375453	-0.1924879	0.2746244	2.172918	-0.480558	0.3013499	2.306679	-0.2334227	-0.2518822	2.306072	-0.3796575	-0.2633887	2.366147	-0.1067018	0.009220661	2.177536	-0.462074	-0.009740282	2.35752	-0.177824	-0.6366253	2.288502	-0.3669384	-0.6541076	2.401054	0.02010313	-0.9791938	2.502777	-0.2135911	-1.04802	2.535853	

-0.208802	-0.0683034	2.069199	-0.5898302	0.1685081	1.968192	-0.3024869	-0.07897337	2.054025	-0.5981514	0.08839646	1.975952	-0.2073516	-0.1186453	2.13411	-0.5850761	0.112223	1.957915	-0.4519879	0.5580417	2.112808	-0.3949537	0.4288931	2.162063	-0.3932368	0.3492511	2.18401	-0.3859765	0.1039908	2.239927	-0.3738152	-0.2317618	2.30334	-0.2337313	0.3194202	2.123781	-0.5588708	0.3227529	2.247502	-0.2925405	-0.2214044	2.242954	-0.4422728	-0.2342232	2.285305	-0.05860395	0.1275242	2.17164	-0.564835	0.03673042	2.203701	-0.2654781	-0.6623216	2.197749	-0.4381292	-0.6037608	2.360136	-0.1413067	-1.04914	2.332304	-0.3043453	-1.014434	2.497744	

-0.2308575	-0.02951824	2.044612	-0.5658991	0.1510096	1.948632	-0.3395773	-0.09497397	2.096277	-0.558356	0.1970439	1.854378	-0.2325262	-0.09866925	2.108258	-0.5453191	0.2200176	1.836394	-0.4537282	0.5605118	2.109426	-0.3973176	0.4329389	2.158759	-0.395609	0.3537962	2.179411	-0.3882431	0.1104387	2.229931	-0.3752726	-0.2222294	2.282268	-0.2342316	0.3231955	2.119941	-0.5599908	0.3249618	2.243197	-0.2897113	-0.2097793	2.215874	-0.4469541	-0.2265649	2.268964	-0.0579513	0.1337833	2.168128	-0.5708649	0.03866382	2.195799	-0.2663007	-0.6593504	2.195635	-0.4373497	-0.5916758	2.35687	-0.1544664	-1.045666	2.320643	-0.3060158	-1.011662	2.469841	

-0.3081275	0.02568759	1.99813	-0.554602	0.1694766	1.885185	-0.401172	-0.03352502	2.06569	-0.5736805	0.2079175	1.803413	-0.3192543	-0.06196547	2.050173	-0.5604321	0.2307747	1.785507	-0.4629048	0.5715938	2.085125	-0.4035274	0.448569	2.131819	-0.4023283	0.3699875	2.14977	-0.3964548	0.1271745	2.194009	-0.385546	-0.2071229	2.243814	-0.2381094	0.3448876	2.086857	-0.5591926	0.3428474	2.203455	-0.2971495	-0.1972893	2.180181	-0.4602441	-0.2098724	2.229732	-0.07100586	0.1482527	2.138782	-0.5716532	0.08056464	2.14149	-0.2672206	-0.65593	2.193459	-0.4398006	-0.5657143	2.340755	-0.1790266	-1.050679	2.305668	-0.3199274	-0.9863778	2.462544	

-0.3856403	-0.04160245	1.897933	-0.3587525	-0.01787577	1.914006	-0.4675594	0.01738868	1.960478	-0.2195835	-0.01584197	1.926958	-0.4102844	-0.06471646	1.978833	-0.2823729	-0.07869124	1.921909	-0.4726465	0.50128	2.007711	-0.4039053	0.3746952	2.050751	-0.4048569	0.2949046	2.073224	-0.4055409	0.04916145	2.130575	-0.4039142	-0.2871834	2.195538	-0.2553782	0.2543727	2.000797	-0.5420728	0.2795611	2.136198	-0.3231013	-0.2802224	2.125178	-0.4702785	-0.2839628	2.188028	-0.1422974	0.009088111	1.992911	-0.5507821	-0.0416007	2.123593	-0.2813233	-0.6935645	2.144653	-0.52355	-0.6589241	2.219973	-0.1839704	-1.061574	2.304245	-0.365077	-1.026456	2.42779	

-0.3946621	-0.07691532	1.884375	-0.3512041	-0.1362849	1.967593	-0.4712831	-0.04239676	1.895906	-0.2131172	-0.08857126	1.937107	-0.4275547	-0.07788904	1.9145	-0.2549273	-0.2041843	1.999729	-0.4734939	0.4999757	2.003705	-0.4051167	0.3735764	2.048059	-0.4060322	0.293924	2.07087	-0.4065867	0.04853909	2.12908	-0.4047832	-0.2874586	2.194851	-0.2582351	0.2528429	1.996244	-0.5439627	0.2786257	2.134355	-0.3241159	-0.2805927	2.124449	-0.4709861	-0.2841437	2.187388	-0.1577777	0.001698716	1.976048	-0.5526521	-0.04253321	2.121751	-0.2825583	-0.6928145	2.143541	-0.530938	-0.65967	2.210765	-0.1867379	-1.06645	2.305722	-0.3746104	-1.027146	2.420165	

-0.4870848	0.03202237	1.860578	-0.3933266	-0.07906295	1.918336	-0.5610955	0.08104054	1.852088	-0.2525212	-0.03244776	1.917019	-0.4980489	0.1064696	1.928121	-0.3344861	-0.1624837	1.952056	-0.5265971	0.5371057	1.936694	-0.4573641	0.4180535	1.981659	-0.4576038	0.3388991	2.006174	-0.4557536	0.09470104	2.069882	-0.4502486	-0.240013	2.143539	-0.31351	0.2825616	1.919305	-0.5939856	0.3328627	2.076943	-0.3739428	-0.2383523	2.065183	-0.5101123	-0.2329962	2.144256	-0.2282198	0.02847851	1.908297	-0.6022028	0.0110955	2.064695	-0.2824225	-0.6663108	2.140269	-0.5519896	-0.6259212	2.144017	-0.1881426	-1.064255	2.304571	-0.4349639	-1.033996	2.301023	

-0.4896676	-0.004667747	1.8605	-0.5429263	0.069891	1.786276	-0.5847642	0.02233399	1.846489	-0.4561628	-0.008082262	1.835159	-0.5206838	-0.0532303	1.926667	-0.4683297	-0.03012247	1.824429	-0.5467439	0.5324923	1.926747	-0.4744667	0.415915	1.97251	-0.4756814	0.3363904	1.995967	-0.4769055	0.09091824	2.056182	-0.4758971	-0.2459074	2.124356	-0.3247797	0.2848258	1.913892	-0.6241508	0.3191583	2.045196	-0.3918402	-0.2396159	2.052373	-0.544008	-0.2448045	2.117467	-0.2334602	0.03291989	1.907871	-0.6320368	-0.002583677	2.033001	-0.3197322	-0.6674628	2.089884	-0.5349529	-0.6643164	2.152859	-0.2019414	-1.055962	2.284339	-0.4202973	-1.071633	2.304867	

-0.407908	-0.1784973	1.878615	-0.6036338	-0.00350156	1.799708	-0.4990193	-0.2572598	1.937482	-0.5625615	0.02296687	1.708623	-0.4057888	-0.2856291	1.901478	-0.5736856	0.0006780531	1.698195	-0.6117234	0.4513246	1.895174	-0.5480646	0.3305026	1.946209	-0.5479218	0.2517992	1.96927	-0.5443257	0.009418515	2.028512	-0.5357878	-0.3222522	2.09608	-0.3859928	0.2172782	1.911344	-0.6940906	0.2337474	2.026564	-0.4445111	-0.3126509	2.034996	-0.6073691	-0.3200915	2.08066	-0.2299631	-0.005987974	1.975168	-0.6842008	-0.08477924	2.046635	-0.4324939	-0.691558	1.903938	-0.6613781	-0.6907505	2.125152	-0.2948115	-1.055769	2.128577	-0.4845228	-1.089551	2.253034	

-0.3648662	-0.1299273	1.858115	-0.6223193	0.0875842	1.703638	-0.4410336	-0.1291784	1.833448	-0.5867077	0.1232211	1.614871	-0.3431821	-0.1896561	1.896753	-0.5974247	0.1000749	1.604622	-0.6329886	0.4792257	1.855034	-0.5679752	0.3599026	1.906702	-0.5669371	0.2812083	1.928585	-0.5604751	0.03854636	1.984445	-0.5478573	-0.2940036	2.047593	-0.4042999	0.2501071	1.872971	-0.7164448	0.2552994	1.98516	-0.4550193	-0.2840939	1.988097	-0.6201072	-0.2929416	2.030695	-0.2262679	0.0755264	1.956588	-0.6857944	-0.02269081	1.943914	-0.4538813	-0.6691336	1.887302	-0.4603244	-0.7512571	2.199389	-0.336308	-1.069986	2.058552	-0.3310579	-1.112117	2.366965	

-0.4059315	-0.05164436	1.776791	-0.761131	0.09780914	1.597255	-0.4920191	-0.09337234	1.797859	-0.7615305	0.1206115	1.503253	-0.3974467	-0.1403792	1.805676	-0.7706404	0.0974674	1.4937	-0.6469402	0.5100024	1.792688	-0.5835791	0.3990651	1.842615	-0.5814567	0.3188011	1.863045	-0.5715339	0.07086036	1.914729	-0.5539554	-0.2696174	1.972293	-0.4228854	0.2837717	1.796381	-0.729017	0.2886425	1.919259	-0.4638356	-0.2573245	1.910685	-0.6225141	-0.2714854	1.957703	-0.2323292	0.1230179	1.879742	-0.7134689	0.02625588	1.854567	-0.4531436	-0.673075	1.890141	-0.6349069	-0.6320831	2.053344	-0.3645204	-1.095548	2.008339	-0.4375657	-0.9847181	2.257357	

-0.4294873	-0.1278725	1.717023	-0.4466538	-0.09636623	1.720224	-0.5644201	-0.176022	1.768233	-0.3477156	-0.1676836	1.81199	-0.4615785	-0.2185933	1.743333	-0.3546564	-0.04458819	1.715685	-0.6570075	0.4675964	1.754106	-0.5865744	0.3609883	1.800647	-0.5851696	0.2795231	1.821875	-0.5772802	0.02799934	1.875819	-0.5622468	-0.3170876	1.936088	-0.4301068	0.2390183	1.744644	-0.7195602	0.2501616	1.866532	-0.4728357	-0.3029544	1.87079	-0.6294948	-0.3188109	1.925665	-0.2516947	0.04702127	1.810007	-0.7021541	-0.01661636	1.796	-0.4457119	-0.6948284	1.882799	-0.6670445	-0.6837849	1.998383	-0.3641794	-1.09709	2.010311	-0.4324121	-1.046106	2.143589	

-0.5614835	-0.175643	1.64244	-0.457146	-0.138011	1.690821	-0.6687232	-0.1095211	1.656504	-0.3612724	-0.213578	1.782241	-0.6036709	-0.1351331	1.686857	-0.3630565	-0.08945495	1.651459	-0.6595258	0.4198763	1.709282	-0.5881421	0.3107595	1.754818	-0.5879968	0.2310976	1.778936	-0.58376	-0.0146708	1.841422	-0.5713015	-0.3446666	1.917512	-0.4400257	0.1879513	1.706583	-0.7304273	0.2080108	1.837135	-0.4830056	-0.3357536	1.846749	-0.6370466	-0.3406367	1.912141	-0.3296447	-0.0673649	1.705162	-0.7127935	-0.05849081	1.766531	-0.4646703	-0.7223853	1.82575	-0.7315618	-0.7066243	1.929282	-0.366257	-1.12157	2.009384	-0.462035	-1.046726	2.071572	

-0.6691632	-0.03509843	1.573856	-0.5998748	-0.05559147	1.490307	-0.7540311	0.02344118	1.578009	-0.4870769	-0.1287189	1.502701	-0.6924285	0.05206556	1.613735	-0.4872559	-0.005112745	1.372287	-0.6868714	0.4646637	1.678903	-0.618127	0.3581292	1.721853	-0.6174341	0.2788965	1.746805	-0.6113225	0.03404957	1.812066	-0.5982438	-0.3019398	1.887624	-0.4690134	0.228824	1.66996	-0.7553895	0.2486092	1.792603	-0.5112722	-0.2926718	1.813585	-0.661193	-0.2991874	1.886467	-0.4198196	-0.05192707	1.658793	-0.7374818	-0.0183716	1.722287	-0.4626335	-0.6914333	1.836135	-0.7173256	-0.6875129	1.919921	-0.3698038	-1.096014	2.011845	-0.6101725	-1.080428	2.114325	

-0.7023004	-0.02195461	1.578149	-0.5508487	-0.05449921	1.535326	-0.7891216	0.03188927	1.570446	-0.4579561	-0.02013552	1.598425	-0.7244276	0.06546639	1.604228	-0.4708638	-0.0001685306	1.581571	-0.7054861	0.4774839	1.669961	-0.6397511	0.3714257	1.718773	-0.6386579	0.2922273	1.743164	-0.6313417	0.04744938	1.806888	-0.616761	-0.2884996	1.880562	-0.4864599	0.247084	1.66489	-0.7780905	0.26323	1.771473	-0.5271836	-0.2789073	1.810013	-0.6821203	-0.2864327	1.87554	-0.4463753	-0.01823755	1.634604	-0.7599611	-0.003920095	1.701317	-0.4619087	-0.6911117	1.841824	-0.7138767	-0.6885484	1.920501	-0.3693767	-1.098244	2.012239	-0.6065098	-1.087309	2.103464	

-0.7400318	-0.1130595	1.595406	-0.5755709	-0.07775142	1.549207	-0.7897374	-0.08852558	1.616092	-0.4995055	-0.067451	1.635442	-0.7422709	-0.03653891	1.545167	-0.5026784	-0.04529274	1.616661	-0.7359445	0.4632134	1.667851	-0.6687586	0.3558953	1.717617	-0.6691575	0.2756577	1.741021	-0.66637	0.02758281	1.801452	-0.6580344	-0.3133048	1.869954	-0.511188	0.2345237	1.671991	-0.8126032	0.237224	1.773188	-0.560668	-0.2976415	1.806321	-0.7268722	-0.3154302	1.858982	-0.4961831	-0.0498802	1.670092	-0.7941668	-0.02963626	1.703045	-0.511971	-0.6827239	1.799209	-0.7170738	-0.6879839	1.920727	-0.3857206	-1.073649	1.985761	-0.5883893	-1.090488	2.08354	

-0.647407	-0.1396591	1.627033	-0.5506732	-0.1228134	1.646024	-0.7467038	-0.1569175	1.616444	-0.4761717	-0.2043269	1.751177	-0.7211898	-0.1157658	1.577572	-0.4555256	-0.07430526	1.655606	-0.7422333	0.4569828	1.667423	-0.6787537	0.3455452	1.717959	-0.6783482	0.2658017	1.740999	-0.673114	0.01936418	1.800613	-0.6617377	-0.3191946	1.868639	-0.5188364	0.2258007	1.677079	-0.8175085	0.2305533	1.77482	-0.5659505	-0.3051243	1.805803	-0.7302449	-0.3207174	1.85703	-0.4241417	-0.02802231	1.713542	-0.7990285	-0.03623458	1.704666	-0.5323778	-0.692697	1.776915	-0.7508429	-0.6916836	1.916943	-0.3966706	-1.074394	1.975034	-0.6109896	-1.094359	2.07167	

-0.4527128	-0.1243457	1.665699	-0.6280689	-0.07489761	1.713916	-0.5375314	-0.2228726	1.702615	-0.5297479	-0.1483722	1.724732	-0.5797096	-0.1952167	1.67125	-0.5462377	-0.01563123	1.716655	-0.7917987	0.4408167	1.65254	-0.7407151	0.3369875	1.702886	-0.7364355	0.2570138	1.723947	-0.7177693	0.01021673	1.7783	-0.6832803	-0.3269456	1.844854	-0.5739383	0.2348503	1.67386	-0.8705187	0.1929734	1.756133	-0.5758337	-0.3084953	1.79852	-0.7642242	-0.3328474	1.812247	-0.3528339	0.1030554	1.76367	-0.894622	-0.06736343	1.693145	-0.6579412	-0.6812309	1.699347	-0.622321	-0.7837745	2.002424	-0.5230746	-1.080181	1.866116	-0.4979715	-1.088192	2.067535	

-0.4818626	-0.08236548	1.64888	-0.6365463	-0.05812372	1.707505	-0.5400251	-0.1660878	1.702352	-0.5280691	-0.1247698	1.718184	-0.5719377	-0.08079986	1.676733	-0.5583631	-0.00138342	1.695415	-0.7950372	0.4443095	1.649507	-0.7426398	0.342309	1.70046	-0.7377915	0.2624627	1.72095	-0.7176188	0.01648484	1.772891	-0.6817486	-0.319018	1.830353	-0.5650606	0.2350729	1.673743	-0.8714327	0.1931622	1.755273	-0.5754502	-0.3024581	1.783224	-0.7611254	-0.3239112	1.802551	-0.3430885	0.1181344	1.758122	-0.9035004	-0.06557119	1.689676	-0.6585108	-0.6771548	1.702324	-0.6230056	-0.7749938	1.999103	-0.5303349	-1.079337	1.866528	-0.5086934	-1.081293	2.071035	

-0.4646544	-0.07530383	1.620799	-0.5662842	-0.004687962	1.695762	-0.55655	-0.1729636	1.66623	-0.4744695	-0.07754496	1.792569	-0.559219	-0.07352474	1.648134	-0.5264468	0.05533195	1.717818	-0.8056536	0.4643759	1.632037	-0.7552189	0.3630543	1.685107	-0.7477731	0.2843786	1.703348	-0.7197456	0.04288847	1.74705	-0.6725017	-0.2876274	1.790935	-0.5877528	0.275446	1.645102	-0.8861455	0.2138314	1.730395	-0.5676882	-0.2686286	1.74485	-0.749354	-0.2947397	1.763111	-0.3613755	0.1511808	1.718037	-0.8267899	-0.04031241	1.652729	-0.6525303	-0.6450354	1.708724	-0.6298506	-0.7385092	1.983199	-0.5498894	-1.056391	1.867794	-0.5339238	-1.10159	2.103938	

-0.7366732	-0.2236202	1.489436	-0.7252625	-0.2142647	1.405654	-0.8322012	-0.248263	1.531189	-0.6149195	-0.3016918	1.432009	-0.7936898	-0.174021	1.443733	-0.6649755	-0.1666519	1.358189	-0.8275805	0.3995216	1.569287	-0.7650322	0.2926463	1.6212	-0.766792	0.2119661	1.643323	-0.7670718	-0.03707108	1.700247	-0.7612983	-0.3784206	1.764691	-0.6148775	0.1720494	1.573601	-0.8861315	0.2028449	1.689212	-0.6700924	-0.3654623	1.704982	-0.8213153	-0.3759679	1.752535	-0.5201232	-0.09170923	1.556369	-0.8430089	-0.1204031	1.632145	-0.6391973	-0.7483403	1.712288	-0.9172238	-0.7297301	1.810261	-0.5394048	-1.143754	1.903973	-0.8093628	-1.029435	1.913126	

-0.8593355	-0.1516028	1.455714	-0.6595306	-0.1616401	1.449222	-0.9145833	-0.107219	1.461889	-0.5628843	-0.11491	1.497064	-0.8736797	-0.08548734	1.423154	-0.5744178	-0.1001497	1.474	-0.8301491	0.4020811	1.56344	-0.7684744	0.2968572	1.615313	-0.7706872	0.2164738	1.63777	-0.7725103	-0.03149655	1.695594	-0.7694451	-0.3708748	1.761254	-0.6192368	0.1727653	1.568087	-0.8948922	0.231908	1.682026	-0.6790662	-0.3591148	1.70094	-0.8284403	-0.367397	1.749729	-0.6131877	-0.09270651	1.518782	-0.8518068	-0.09068682	1.627878	-0.6394148	-0.7412871	1.711983	-0.9159983	-0.7241084	1.806991	-0.5407411	-1.137403	1.902937	-0.7817015	-1.119838	1.982622	

