0.2292594	0.4582741	2.839105	-0.01801096	0.4073398	2.454919	0.2659964	0.2916725	2.843701	0.01438991	0.2489645	2.454321	0.2542776	0.2912632	2.815096	-0.08742865	0.3176516	2.462741	0.1068512	1.177227	2.695042	0.04914971	1.062268	2.688349	0.05640346	0.9870585	2.690327	0.07856927	0.7550628	2.688317	0.1076349	0.4372401	2.677095	0.1199798	0.9039463	2.789384	-0.04896555	0.9136255	2.580763	0.1325994	0.4095626	2.652661	0.07777164	0.4525267	2.62563	0.1758178	0.6261027	2.711727	-0.08503712	0.6326901	2.499384	0.0510297	-0.08473067	2.609916	-0.05485062	-0.003120583	2.533625	0.2016176	-0.5969527	2.582577	0.02325415	-0.4801205	2.594044	

0.2288769	0.4573133	2.83945	-0.03520724	0.4282719	2.45549	0.2657289	0.2835861	2.840704	-0.0005039423	0.2841343	2.445227	0.2603255	0.289697	2.824333	-0.09087089	0.331462	2.471625	0.1071931	1.176955	2.695536	0.04916616	1.061731	2.688749	0.05636591	0.9866594	2.6907	0.07838143	0.7549281	2.688632	0.1072455	0.4373243	2.677524	0.1199961	0.9034103	2.789782	-0.04928418	0.9136109	2.580997	0.1320843	0.4097294	2.652896	0.07770453	0.4525591	2.626651	0.1753701	0.6254594	2.712188	-0.08566688	0.6325987	2.500103	0.05098514	-0.08463857	2.609693	0.0421089	0.0371604	2.527654	0.1983019	-0.6083002	2.581665	0.03501081	-0.4467261	2.58828	

0.2277406	0.4561817	2.839988	-0.03538128	0.4252447	2.455597	0.2661031	0.2839854	2.844705	-0.01149988	0.2768515	2.443077	0.256384	0.2852494	2.817964	-0.09111172	0.3401861	2.471539	0.1074746	1.175699	2.696431	0.04883334	1.061109	2.689559	0.05610504	0.9861206	2.691451	0.07825296	0.7545681	2.689168	0.1074904	0.4369988	2.678045	0.1196639	0.9027906	2.79059	-0.04985279	0.913828	2.581385	0.1312531	0.4087719	2.65354	0.07998165	0.4523374	2.627694	0.1750835	0.6577135	2.804141	-0.08772833	0.6328924	2.501011	0.04809647	-0.08520791	2.606557	-0.03840319	0.05792534	2.532334	0.2025641	-0.6117604	2.584803	0.01989019	-0.4237221	2.585748	

0.2266998	0.4560536	2.841907	-0.03585991	0.4211007	2.45631	0.2651676	0.2829871	2.834705	-0.01003782	0.2512515	2.45076	0.2510603	0.2866843	2.816474	-0.07657549	0.3304974	2.431895	0.1081649	1.175171	2.69685	0.04847217	1.061074	2.690368	0.05577638	0.9860991	2.69232	0.07794578	0.7546278	2.690177	0.1074048	0.4370876	2.679374	0.1193032	0.9027579	2.7914	-0.050602	0.9138815	2.582677	0.1304836	0.4095158	2.654088	0.08134112	0.4518024	2.631221	0.17439	0.6577842	2.806329	-0.08936501	0.6332664	2.501512	0.05129125	-0.08542924	2.611912	-0.03881092	0.06772458	2.523736	0.2036274	-0.6195425	2.58515	0.01732599	-0.4134604	2.582846	

0.2266461	0.4564678	2.842107	-0.03515916	0.4206368	2.45649	0.268437	0.2856999	2.857079	-0.01164948	0.2516535	2.44901	0.2494764	0.2887397	2.819936	-0.07469599	0.3374083	2.4365	0.1081173	1.17511	2.696922	0.04847288	1.060962	2.69062	0.05579712	0.9859915	2.692604	0.0780285	0.7545408	2.690529	0.1076561	0.436995	2.679834	0.1193038	0.9026462	2.791651	-0.05074846	0.9139201	2.582861	0.1305485	0.4096338	2.654386	0.081838	0.4514903	2.631732	0.173487	0.6243755	2.714428	-0.08979888	0.6333638	2.501625	0.05050136	-0.08516102	2.609318	-0.03899704	0.06733516	2.523737	0.1984727	-0.5997939	2.581097	0.01606231	-0.4138839	2.583407	

0.2252058	0.4572278	2.841609	-0.03779981	0.4225933	2.455793	0.2588554	0.2845972	2.850708	-0.009438567	0.270247	2.443851	0.2564684	0.2843959	2.832201	-0.09663375	0.3186015	2.478692	0.1088149	1.174625	2.69676	0.04849192	1.061096	2.690719	0.05577975	0.9860552	2.692736	0.0778776	0.7543819	2.690789	0.1072725	0.4362746	2.680401	0.1193228	0.9027798	2.79175	-0.05077655	0.9138962	2.582994	0.1296188	0.4081219	2.654905	0.08178586	0.4513348	2.632075	0.1720607	0.6572161	2.806257	-0.09015962	0.6334102	2.501668	0.0515062	-0.08696392	2.612155	0.04048865	0.04154677	2.533513	0.1993975	-0.6138625	2.58658	0.03257647	-0.4437099	2.588332	

0.2251718	0.4571279	2.84095	-0.03821827	0.4237829	2.455466	0.2455621	0.359114	2.840747	-0.0105444	0.2769901	2.439822	0.2428401	0.3577512	2.824241	-0.09009818	0.3353844	2.4508	0.1094763	1.173887	2.696865	0.04851829	1.061081	2.690696	0.05579643	0.9860497	2.692723	0.07788042	0.7543871	2.690786	0.1072726	0.4363084	2.680398	0.1193491	0.9027655	2.791726	-0.05074716	0.9139108	2.583005	0.1298417	0.4084258	2.655042	0.08162513	0.4513442	2.631904	0.1718075	0.6570586	2.805606	-0.0901079	0.6334557	2.501539	0.05302981	-0.08686622	2.612818	-0.0182276	-0.03884458	2.551782	0.2033877	-0.6103055	2.587871	0.03196004	-0.5219573	2.601058	

0.236466	0.4210548	2.834965	-0.0338398	0.4185936	2.45485	0.2587219	0.253183	2.848722	-0.003309463	0.2709655	2.444148	0.2480724	0.2541963	2.8165	-0.1058235	0.3447516	2.477667	0.1102221	1.173153	2.696008	0.04856026	1.060895	2.690486	0.05583429	0.9858831	2.692568	0.07790571	0.7542586	2.69073	0.1073167	0.4361787	2.680411	0.1193911	0.9025788	2.791517	-0.05069388	0.9138086	2.582923	0.1299567	0.4080703	2.655244	0.08165149	0.4513253	2.631778	0.1668402	0.6360433	2.67282	-0.08971921	0.6333967	2.501088	0.05236037	-0.08709399	2.612636	-0.01816672	-0.03887496	2.551702	0.203707	-0.6159706	2.586756	0.03193864	-0.5221096	2.601567	

0.2306702	0.4276119	2.845694	-0.03205168	0.4179596	2.454642	0.2488903	0.25115	2.825725	0.04700075	0.2502789	2.452981	0.2470373	0.2685223	2.805	-0.04387135	0.3086536	2.431	0.1108424	1.173064	2.695723	0.04859784	1.060885	2.690468	0.05584305	0.9858723	2.692557	0.07779796	0.7541907	2.690697	0.1067316	0.4359003	2.680296	0.1194286	0.9025695	2.791498	-0.05059393	0.913792	2.58285	0.1294208	0.4071541	2.655166	0.0807299	0.451652	2.631451	0.1732109	0.622268	2.723491	-0.08944296	0.633372	2.500946	0.05179001	-0.08798966	2.612216	-0.01773359	-0.038815	2.551238	0.206552	-0.6147482	2.5895	0.03104344	-0.5222889	2.601785	

0.2363969	0.4206207	2.834357	-0.02762295	0.4150186	2.454047	0.257893	0.2601636	2.839719	-0.00890636	0.2571146	2.449356	0.248236	0.2688226	2.809907	-0.08652751	0.3296463	2.444588	0.1112165	1.172641	2.695365	0.04876542	1.060703	2.690263	0.05590906	0.9856924	2.692346	0.07748858	0.7539079	2.690305	0.1054091	0.4353587	2.679374	0.1195959	0.902387	2.791294	-0.05050104	0.9136908	2.582772	0.129044	0.4061876	2.654887	0.07747913	0.452124	2.628927	0.166817	0.6358541	2.672487	-0.08942371	0.6333054	2.500771	0.0513612	-0.08887298	2.605769	-0.04070941	0.07083686	2.523734	0.2070897	-0.6134404	2.591413	0.01579716	-0.4111734	2.583742	

0.06100276	0.3648123	2.667984	-0.02678407	0.4148294	2.453749	0.06949046	0.2621288	2.635916	-0.002216362	0.2573442	2.447108	0.06072606	0.270838	2.606023	-0.09844961	0.3238881	2.4915	0.1117696	1.17267	2.695053	0.04873708	1.060817	2.690119	0.05587596	0.9857726	2.692253	0.07745095	0.753936	2.690295	0.1053793	0.4353652	2.679448	0.1195676	0.9025	2.79115	-0.05047294	0.9136434	2.58255	0.1290639	0.40624	2.654893	0.07742124	0.4520459	2.62924	0.06649924	0.6496142	2.645167	-0.08906296	0.6331829	2.500661	0.05441202	-0.08934479	2.612634	-0.03957096	0.05731963	2.531304	0.2070105	-0.6454897	2.605159	0.01767511	-0.4252073	2.586661	

0.06064923	0.3642303	2.667798	-0.0267382	0.4148701	2.45366	0.06913827	0.2615488	2.63573	0.07902676	0.2681553	2.435833	0.06070152	0.2707976	2.60601	-0.01983866	0.3157822	2.414682	0.1113335	1.172315	2.695211	0.0488742	1.060124	2.689565	0.05592196	0.985112	2.691793	0.07726189	0.7533368	2.690063	0.105019	0.4347757	2.67947	0.1197047	0.901807	2.790595	-0.05035818	0.9135975	2.582335	0.1285418	0.4057761	2.654583	0.07734548	0.4512592	2.629642	0.06630535	0.6489839	2.644628	-0.08860044	0.633113	2.500344	0.04872509	-0.08897195	2.607379	-0.03953832	0.06000042	2.530443	0.2034959	-0.599274	2.596694	0.017279	-0.4225222	2.586298	

0.06084093	0.3641821	2.667822	-0.02662401	0.4148412	2.453558	0.06932923	0.2615007	2.635753	0.03657568	0.2540075	2.452757	0.06071536	0.2707964	2.606012	-0.08846866	0.3153585	2.462571	0.1116372	1.171625	2.694576	0.04881495	1.060159	2.689295	0.05590766	0.985159	2.691525	0.07739116	0.7534384	2.689774	0.1056666	0.4350618	2.679053	0.1196457	0.9018424	2.790325	-0.05029963	0.9135603	2.582162	0.1295905	0.4065775	2.654338	0.07801193	0.4512482	2.628958	0.06637509	0.6489183	2.644494	-0.08821858	0.6330127	2.500242	0.04992042	-0.08821202	2.607366	-0.03884228	0.0523047	2.530118	0.204595	-0.600832	2.59701	0.01822139	-0.4299223	2.587435	

0.06050796	0.3637586	2.66785	-0.01437926	0.4048446	2.450949	0.06899755	0.2610789	2.635781	0.02594181	0.2428124	2.455702	0.06066905	0.2707166	2.606007	-0.05179161	0.3258013	2.430478	0.1119461	1.171137	2.69424	0.04869741	1.060037	2.689029	0.05573438	0.9850512	2.691271	0.0769845	0.7533803	2.68954	0.1048986	0.43512	2.678902	0.1195286	0.9017198	2.79006	-0.05002221	0.9134468	2.581665	0.129346	0.4066118	2.654315	0.07671487	0.451349	2.628649	0.06609201	0.648629	2.644242	-0.08787373	0.6326891	2.499838	0.05224041	-0.08860059	2.60961	-0.04207508	-0.03483353	2.551505	0.2021953	-0.6090772	2.595095	0.03025769	-0.5156757	2.601677	

0.2306498	0.4603347	2.834415	-0.01792245	0.410641	2.451268	0.243053	0.3543738	2.817126	0.004655725	0.2575967	2.445903	0.2334716	0.3627313	2.787318	-0.09358545	0.3170896	2.469636	0.1122829	1.17065	2.693946	0.04884239	1.059682	2.687988	0.05579339	0.9846863	2.690379	0.07684433	0.7530111	2.689023	0.1046325	0.4347126	2.678715	0.1196737	0.9013628	2.78902	-0.05002224	0.9133337	2.581539	0.1290282	0.4056373	2.654021	0.07658999	0.4512879	2.628567	0.163427	0.6472012	2.642068	-0.0873122	0.6327285	2.498791	0.05264905	-0.08967581	2.609726	-0.03905823	0.0502933	2.529604	0.2039857	-0.6150845	2.592688	0.01888759	-0.4321256	2.586354	

0.2322403	0.4277477	2.841189	-0.01876539	0.4110642	2.451211	0.2652167	0.2519272	2.834719	0.00739992	0.2577187	2.445528	0.248694	0.2547785	2.80175	-0.09267307	0.3170022	2.469158	0.1122754	1.1706	2.693721	0.0488556	1.059677	2.687279	0.05577764	0.9846217	2.689786	0.07676102	0.7528228	2.688713	0.104509	0.4343324	2.678645	0.1196871	0.9013566	2.788311	-0.04993308	0.9132638	2.581202	0.1288869	0.4050891	2.653918	0.0765489	0.4511164	2.628543	0.1750771	0.6213931	2.719307	-0.08723382	0.6326743	2.498395	0.050684	-0.08993971	2.610394	-0.03955634	0.04767476	2.529605	0.2036334	-0.6147835	2.592208	0.01910886	-0.4350353	2.586717	

0.2248445	0.4610383	2.839365	-0.01921405	0.4114143	2.451277	0.2661835	0.2918777	2.845701	-0.001177471	0.2574897	2.444899	0.2543415	0.2921347	2.818	-0.09188227	0.3213475	2.461283	0.1126677	1.170169	2.693368	0.04882528	1.05971	2.687231	0.05576459	0.9847633	2.689726	0.076991	0.7539745	2.688709	0.1058575	0.4386556	2.679207	0.1196569	0.90139	2.788262	-0.04982663	0.9132036	2.580912	0.1289693	0.4099154	2.657102	0.07990837	0.456438	2.626637	0.1726313	0.626771	2.710932	-0.08655737	0.6325705	2.497969	0.05485073	-0.08576665	2.611172	-0.0387154	0.06707482	2.534496	0.2038303	-0.6148942	2.592978	0.01736599	-0.4169398	2.585416	

0.2266057	0.4562621	2.841407	-0.02048835	0.4125426	2.451198	0.2692374	0.2855793	2.855448	-0.01147621	0.2633745	2.441503	0.2480805	0.2918382	2.812693	-0.09237144	0.3309038	2.481667	0.1121526	1.169859	2.693179	0.04884321	1.059617	2.687261	0.05576539	0.9846823	2.689751	0.07691531	0.7538522	2.688743	0.1054764	0.4381801	2.67928	0.1196748	0.9012976	2.788292	-0.04982395	0.913181	2.580867	0.1289614	0.4096176	2.656955	0.07857476	0.4552469	2.627254	0.1735909	0.6561261	2.804877	-0.08648466	0.6326211	2.497597	0.05366124	-0.08590785	2.61502	-0.04114368	-0.03045845	2.546278	0.2048234	-0.6164041	2.593239	0.03204489	-0.5113133	2.599897	

0.2362255	0.432491	2.845763	-0.02090494	0.4125849	2.451349	0.2747995	0.2614222	2.853712	0.001793226	0.2633414	2.443915	0.2546487	0.2737164	2.811909	-0.09433896	0.3167432	2.471146	0.112212	1.169822	2.693157	0.04854467	1.059888	2.687139	0.05553342	0.9848713	2.689649	0.07681576	0.7538562	2.688696	0.1053868	0.4377793	2.679223	0.119377	0.9015672	2.788172	-0.04991854	0.9131203	2.580796	0.1289697	0.4088175	2.656619	0.0784556	0.4549876	2.627334	0.1786382	0.6219744	2.721457	-0.08642261	0.6325122	2.497634	0.05295775	-0.08658961	2.613985	0.0411441	0.03650683	2.527655	0.2052903	-0.6181791	2.590535	0.03287678	-0.4496741	2.587723	

0.2361299	0.4324596	2.845529	-0.02091504	0.412796	2.45138	0.2656975	0.2627611	2.839714	-0.00435261	0.2636439	2.440022	0.2479318	0.2771159	2.804375	-0.09645291	0.3324766	2.470185	0.1121832	1.16977	2.693283	0.04848701	1.059969	2.687082	0.0554308	0.9851164	2.689578	0.0764874	0.7550398	2.688686	0.1046814	0.4407799	2.679524	0.1193195	0.9016483	2.788114	-0.05014428	0.9130247	2.580517	0.1285077	0.4114394	2.657948	0.07754869	0.4584717	2.626511	0.1731729	0.6563911	2.804205	-0.08643977	0.6323336	2.497573	0.05593645	-0.08449578	2.613375	0.04151424	0.03696034	2.527654	0.2023925	-0.6065727	2.586634	0.03349507	-0.4496402	2.587689	

0.2361974	0.4324969	2.84552	-0.02176379	0.4135703	2.451447	0.2616095	0.2599744	2.837717	0.04798407	0.2496473	2.447036	0.2485853	0.2700987	2.808	-0.04283317	0.3020838	2.428211	0.1123419	1.169948	2.6933	0.04842929	1.060044	2.687029	0.05538946	0.9851892	2.689531	0.07648461	0.7550558	2.688672	0.1047455	0.4406663	2.679505	0.119262	0.9017234	2.788061	-0.05035904	0.912983	2.580278	0.1291412	0.4118385	2.657287	0.07726327	0.4570842	2.627206	0.1731945	0.6564865	2.804173	-0.08648788	0.6322234	2.497518	0.05663924	-0.08412031	2.613114	-0.04100811	-0.02914322	2.547937	0.2031865	-0.6145126	2.586591	0.0311722	-0.5114867	2.59927	

0.2341621	0.4327482	2.844156	-0.03051391	0.4228356	2.452608	0.2612379	0.259608	2.833717	0.06333677	0.2604524	2.447607	0.2503202	0.2778684	2.810173	-0.05884372	0.2987207	2.432091	0.1122811	1.170076	2.693313	0.04805143	1.060408	2.686915	0.05496146	0.9858499	2.689376	0.07596905	0.7568989	2.68837	0.1043905	0.4442354	2.678965	0.118885	0.9020863	2.787948	-0.05054313	0.913145	2.580056	0.1290455	0.4151751	2.658504	0.07656286	0.4617473	2.624348	0.1729064	0.6567926	2.803517	-0.08641911	0.6323301	2.49738	0.05422726	-0.08046225	2.611744	-0.03893297	0.07425585	2.531546	0.203143	-0.6164823	2.585778	0.01712997	-0.4107704	2.5838	

0.2327099	0.4338982	2.843601	-0.02766273	0.4198762	2.452106	0.2649038	0.2593882	2.831382	-0.001781139	0.2565312	2.436571	0.2488569	0.2803342	2.808882	-0.0582688	0.3058734	2.436546	0.111956	1.170551	2.693552	0.04723341	1.061624	2.687073	0.05436645	0.9866175	2.68955	0.07576717	0.7568451	2.688539	0.1042219	0.4417286	2.679797	0.1180688	0.9033014	2.788109	-0.05085143	0.9132112	2.580011	0.1282045	0.412733	2.65787	0.07735264	0.4579137	2.627738	0.1723984	0.6580121	2.80324	-0.08644903	0.6323494	2.497377	0.05432434	-0.08301432	2.611505	-0.03921577	0.07417516	2.531387	0.2029386	-0.6116443	2.585429	0.01762613	-0.410825	2.583181	

0.2320007	0.4338821	2.843626	-0.02655821	0.4190675	2.45206	0.2616566	0.2658508	2.838089	-0.002468442	0.2692676	2.439485	0.2464476	0.2738483	2.809485	-0.1003904	0.3239135	2.437778	0.1115304	1.170963	2.693549	0.04637772	1.062027	2.687182	0.05355548	0.9870152	2.689553	0.0751339	0.7569951	2.688295	0.1036507	0.4415067	2.678996	0.1172151	0.9037037	2.788218	-0.05138361	0.9134094	2.579734	0.128063	0.4129424	2.657262	0.07595716	0.4570006	2.626372	0.1717497	0.6584508	2.803292	-0.08649323	0.6324183	2.49736	0.05129949	-0.0823694	2.61008	0.03270987	0.04397626	2.527655	0.2033591	-0.6108636	2.586202	0.03430813	-0.4437261	2.585297	

0.2315333	0.4341445	2.843419	-0.02512025	0.4182593	2.452018	0.2613297	0.2596995	2.834717	-0.008264771	0.2699094	2.437553	0.2404006	0.2856274	2.7996	-0.09500005	0.3304265	2.45615	0.1110166	1.171479	2.694064	0.04593549	1.062556	2.68726	0.05322948	0.9873842	2.689614	0.07507321	0.7569852	2.688314	0.1037897	0.440743	2.678991	0.1167738	0.9042326	2.788298	-0.05157551	0.9134141	2.579718	0.1278042	0.4121567	2.656484	0.07673202	0.4558749	2.627235	0.1714131	0.6589777	2.803201	-0.0867052	0.6324289	2.497332	0.05036498	-0.08305062	2.609852	-0.03544702	0.04714857	2.533512	0.2042692	-0.6213972	2.589073	0.02204039	-0.4380014	2.585556	

0.2219096	0.4488118	2.839509	-0.02499861	0.4181193	2.452007	0.2659338	0.2760002	2.842708	0.06341381	0.2769261	2.451018	0.2455218	0.2884365	2.804242	-0.07312097	0.3082401	2.4265	0.1104712	1.1722	2.693987	0.04535557	1.063646	2.687349	0.05242081	0.9889377	2.689701	0.07359513	0.7596242	2.688375	0.1014601	0.445045	2.678827	0.1161952	0.905321	2.788389	-0.05196081	0.9134681	2.579515	0.1262983	0.4142366	2.657823	0.07291484	0.4648926	2.624131	0.1718392	0.6260669	2.716068	-0.0871272	0.6324093	2.497442	0.05020915	-0.08117604	2.609648	-0.02978713	0.0410324	2.535935	0.2044944	-0.6232787	2.592015	0.02349655	-0.4445207	2.588172	

0.2336422	0.387351	2.829158	-0.02493037	0.4169317	2.451674	0.2513137	0.222248	2.852404	0.02224045	0.2486202	2.452628	0.2418825	0.2533431	2.8074	-0.05108004	0.3133842	2.424611	0.109733	1.172701	2.694322	0.04475407	1.064127	2.68741	0.05201206	0.9891427	2.68979	0.07334942	0.7591181	2.688634	0.101837	0.4409792	2.679942	0.115595	0.9058019	2.788451	-0.05243733	0.9133727	2.579513	0.125591	0.4116768	2.656966	0.07589139	0.4563908	2.629875	0.170478	0.6606001	2.803402	-0.08765581	0.6323488	2.497329	0.05220371	-0.08415307	2.614263	0.04067662	0.04142355	2.529607	0.2061073	-0.6205467	2.592612	0.03491348	-0.4465391	2.587679	

0.2310064	0.394955	2.826058	-0.03120087	0.422708	2.451726	0.2525477	0.2235776	2.844486	-0.003697528	0.2636032	2.442832	0.240564	0.2495976	2.798889	-0.1015355	0.3155018	2.470692	0.1097019	1.172778	2.694533	0.04452522	1.06424	2.687602	0.05181875	0.9891807	2.689934	0.07319359	0.7588181	2.688722	0.1017974	0.4399589	2.679767	0.1153666	0.9059152	2.788643	-0.0527406	0.9132631	2.579512	0.125068	0.4093957	2.655817	0.07595562	0.4562428	2.629934	0.1700103	0.6606024	2.803175	-0.08816433	0.6323279	2.497081	0.05151296	-0.08638419	2.614135	-0.04245036	0.0711448	2.529593	0.2059263	-0.6205186	2.590614	0.01855696	-0.413866	2.58341	

0.2306822	0.3944338	2.825898	-0.0305888	0.4228491	2.451626	0.2503443	0.2253113	2.841736	-0.004163962	0.2638251	2.444678	0.239935	0.2405957	2.8114	-0.08941475	0.3408688	2.473091	0.1087643	1.17286	2.694532	0.04420179	1.064566	2.687434	0.05155616	0.9893385	2.689853	0.0729535	0.7585164	2.688807	0.1015166	0.438479	2.680259	0.115044	0.9062402	2.788476	-0.05305661	0.9131607	2.57951	0.1250302	0.4083777	2.656248	0.07542326	0.4549462	2.630246	0.1697387	0.6609533	2.803137	-0.08873006	0.6322662	2.497049	0.0485025	-0.08688587	2.60777	0.01294647	-0.007916487	2.533525	0.2057727	-0.6207106	2.590747	0.0310657	-0.4952787	2.593915	

0.2299219	0.3936262	2.825389	-0.02989635	0.4219654	2.451509	0.2420164	0.2209071	2.835074	-0.001106219	0.2631334	2.438329	0.236843	0.2448181	2.79775	-0.06945847	0.3352227	2.424692	0.1089028	1.172957	2.694656	0.044122	1.064697	2.687591	0.0515314	0.9893447	2.689903	0.07316229	0.7575952	2.688655	0.1029987	0.4345663	2.678615	0.1149643	0.9063712	2.788633	-0.05412366	0.9129143	2.579217	0.1235708	0.4077796	2.652839	0.08330113	0.443073	2.63061	0.1688275	0.6607779	2.802402	-0.08934437	0.6319638	2.496748	0.04680977	-0.08748979	2.606993	-0.04294967	0.06566942	2.52569	0.2021924	-0.6175784	2.59067	0.01789716	-0.4192258	2.58293	

0.2298254	0.3931108	2.825299	-0.03698777	0.4285066	2.451343	0.2454943	0.2283249	2.830736	0.04323725	0.2910464	2.444272	0.2399748	0.252582	2.801363	-0.08652575	0.3427395	2.454286	0.1090081	1.173073	2.694973	0.04423089	1.064819	2.687738	0.05158604	0.9894097	2.689986	0.07316943	0.7575689	2.688658	0.102939	0.4345726	2.678536	0.1150729	0.9064935	2.78878	-0.05488	0.9128613	2.578732	0.1235335	0.4079466	2.652545	0.08244175	0.4437103	2.630493	0.1685417	0.6607674	2.802206	-0.09065121	0.6319281	2.496479	0.05209119	-0.08811177	2.615765	-0.0455282	-0.03647235	2.539372	0.2011875	-0.6158587	2.590243	0.02973357	-0.5187232	2.59698	

0.2295281	0.3927015	2.825085	-0.03576417	0.426607	2.451969	0.2463188	0.2290912	2.840236	0.04043011	0.2844432	2.447321	0.2412186	0.2558392	2.798091	-0.0875955	0.3120185	2.4362	0.1089058	1.172969	2.695806	0.04426059	1.064914	2.687852	0.05156775	0.9897024	2.69015	0.0728533	0.7589493	2.688927	0.1011634	0.4417883	2.67904	0.1151025	0.9065884	2.788894	-0.05527815	0.9128738	2.578624	0.1232941	0.4139068	2.657401	0.07526338	0.4608744	2.624147	0.1681188	0.6607075	2.801896	-0.09162435	0.6319628	2.496586	0.05217167	-0.08227563	2.616741	0.04226129	0.03603724	2.53742	0.1979983	-0.6115869	2.588374	0.03436936	-0.4535937	2.588845	

0.2292428	0.3929623	2.825783	-0.04019938	0.4246332	2.452529	0.2460878	0.2268215	2.847766	0.06262825	0.2684973	2.448857	0.2420471	0.2443624	2.803563	-0.08510166	0.3087831	2.448524	0.1093924	1.172947	2.69636	0.04459615	1.065434	2.6887	0.0518708	0.9904705	2.690976	0.07317124	0.7603582	2.68962	0.1016469	0.4446735	2.679533	0.1154368	0.9071093	2.789742	-0.05553671	0.9128433	2.578364	0.1237784	0.4172486	2.65877	0.07578038	0.4621724	2.624314	0.1682144	0.6612269	2.802846	-0.09255323	0.631991	2.496633	0.04666459	-0.07801753	2.608703	-0.00802633	-0.03178306	2.551812	0.2194725	-0.3983191	2.576193	0.0331156	-0.5398219	2.600113	

0.2289959	0.3927505	2.825207	-0.040185	0.4229817	2.452222	0.2473971	0.2259865	2.85026	-0.01275952	0.2633943	2.440287	0.2413838	0.2471679	2.799731	-0.1102694	0.329483	2.471955	0.1096076	1.172731	2.696767	0.04466636	1.065439	2.688668	0.0519007	0.9905162	2.690935	0.07305408	0.7606206	2.689455	0.1010271	0.4454976	2.679073	0.1155069	0.9071143	2.789709	-0.05589318	0.9129059	2.578102	0.1236347	0.4172531	2.658889	0.07460161	0.4641673	2.622729	0.1682379	0.6611648	2.802353	-0.09326094	0.6320433	2.496603	0.04312386	-0.07740768	2.605682	-0.04752124	0.04580961	2.535462	0.1924203	-0.5913778	2.584651	0.01734068	-0.4397328	2.588222	

0.2279893	0.3858073	2.825158	-0.0242549	0.4155627	2.451994	0.2480548	0.2321036	2.845402	-0.0160374	0.2702965	2.438105	0.2416822	0.2587383	2.811308	-0.07852015	0.3398992	2.434643	0.112491	1.173238	2.697898	0.04471522	1.065855	2.688982	0.05195705	0.9908596	2.691156	0.07313702	0.760689	2.68948	0.101414	0.4452688	2.678911	0.1155554	0.9075304	2.790024	-0.05602922	0.9129372	2.578072	0.1224744	0.4171879	2.659228	0.08048396	0.461641	2.621443	0.1683928	0.6616735	2.803235	-0.09428806	0.6321908	2.4966	0.04809522	-0.07847571	2.608686	-0.04350793	-0.02326424	2.542072	0.1924372	-0.6013895	2.582888	0.02979912	-0.5067186	2.598936	

0.226136	0.4026832	2.828993	-0.03564813	0.4159829	2.451448	0.2484443	0.2318877	2.850569	-0.009636999	0.2693046	2.44383	0.2417334	0.252898	2.807703	-0.1069693	0.3246577	2.471375	0.1132284	1.173775	2.699213	0.04509437	1.066856	2.689395	0.05212294	0.9921173	2.691581	0.0725726	0.7626281	2.689918	0.09937169	0.4483453	2.679408	0.1159334	0.9085302	2.790439	-0.0564944	0.9131427	2.578017	0.1218099	0.4190521	2.660405	0.07471047	0.4667867	2.621758	0.1684774	0.6626243	2.803807	-0.0947667	0.6323686	2.496664	0.04760674	-0.07685006	2.612814	-0.0438027	-0.01970579	2.542591	0.221159	-0.3975756	2.586588	0.02894425	-0.5034525	2.5988	

0.2260156	0.4031092	2.829144	-0.04233197	0.4250665	2.450686	0.2450489	0.2343206	2.840735	-0.0004708645	0.2772793	2.439244	0.2398774	0.2629219	2.798143	-0.1029765	0.3369459	2.455762	0.1133303	1.173887	2.699446	0.04522179	1.067146	2.689426	0.05219849	0.9925576	2.691565	0.07246216	0.7634978	2.689667	0.09898311	0.4497781	2.678704	0.1160605	0.9088203	2.79047	-0.05680365	0.9132907	2.577542	0.1218253	0.4206449	2.660435	0.07380179	0.4677463	2.620666	0.1684721	0.6629037	2.804023	-0.09517556	0.6325924	2.495914	0.04709646	-0.07534426	2.613399	-0.04418398	-0.01911439	2.542529	0.1902728	-0.6014159	2.584845	0.04074599	-0.5011938	2.597973	

0.2254684	0.4038197	2.829149	-0.04288129	0.4248255	2.450702	0.2438554	0.2305494	2.834236	-0.006838088	0.2772559	2.439119	0.233629	0.262669	2.797833	-0.0944498	0.329746	2.426929	0.1133814	1.174026	2.699939	0.04488594	1.06761	2.689463	0.05177483	0.9930738	2.691577	0.07195022	0.7639108	2.689599	0.09851941	0.4499255	2.678588	0.1157254	0.9092842	2.790508	-0.05738163	0.9134685	2.576697	0.1209705	0.4206046	2.660275	0.07356698	0.4678887	2.620712	0.1682364	0.663389	2.804079	-0.09590437	0.6327906	2.495063	0.04596587	-0.07546506	2.6123	-0.03709457	-0.02162693	2.554212	0.1819904	-0.5832241	2.572809	0.04327362	-0.5469388	2.601526	

0.2259751	0.4011726	2.82911	-0.03785704	0.4217933	2.450084	0.2437715	0.230468	2.833236	-0.002908691	0.2764098	2.439888	0.2309442	0.2587033	2.796166	-0.09240442	0.3396392	2.454322	0.1142485	1.173518	2.700617	0.04485288	1.067914	2.689487	0.05158671	0.9935184	2.691569	0.0710216	0.7647912	2.689406	0.09603955	0.4513609	2.678014	0.1156923	0.9095871	2.790533	-0.05764422	0.9135313	2.576136	0.119493	0.4217391	2.659562	0.0698283	0.4692949	2.620832	0.1681799	0.6636845	2.804099	-0.0962209	0.6328834	2.494405	0.04735308	-0.0747829	2.612737	0.03653796	0.04045941	2.527655	0.1825571	-0.5992168	2.575076	0.04031716	-0.4491106	2.587242	

0.2092753	0.4191572	2.806884	-0.03783755	0.4214159	2.450065	0.2665206	0.2570697	2.848717	-0.008339857	0.2761941	2.439177	0.2480361	0.2502855	2.816	-0.09890451	0.3274899	2.4295	0.1139439	1.173959	2.701387	0.0448161	1.068379	2.689714	0.05146733	0.994064	2.691741	0.07073056	0.7654464	2.68939	0.09566066	0.4520352	2.677762	0.1156555	0.9100518	2.79076	-0.0583788	0.9140281	2.575067	0.1192656	0.4227708	2.659486	0.06935792	0.4695762	2.620572	0.0859592	0.6371078	2.681265	-0.09609635	0.6331466	2.493775	0.04762999	-0.07396163	2.612657	-0.04426211	-0.01916997	2.550308	0.1881489	-0.6015643	2.581566	0.04098232	-0.5025653	2.599424	

0.2095572	0.4179224	2.806631	-0.03742256	0.4222749	2.450036	0.2506632	0.2544807	2.828323	0.01688525	0.2752225	2.438883	0.2406401	0.2696839	2.804833	-0.1003154	0.3149996	2.464467	0.1137882	1.174026	2.701726	0.04492121	1.068761	2.689538	0.05147918	0.9943601	2.691584	0.07060953	0.7655208	2.689277	0.09529214	0.4517772	2.677628	0.1157604	0.9104335	2.790585	-0.0584517	0.9139554	2.574816	0.1189135	0.4216424	2.659073	0.06878405	0.469684	2.620651	0.08764601	0.6371067	2.68168	-0.09613591	0.6330613	2.49354	0.04677493	-0.07499425	2.611503	0.04074009	0.04497283	2.525699	0.1836127	-0.5868668	2.581168	0.03602488	-0.4446936	2.587984	

0.2100352	0.4186435	2.807075	-0.03354402	0.4166766	2.449261	0.2660061	0.2565796	2.843217	-0.005031418	0.2696322	2.434248	0.2472471	0.2494856	2.807	-0.07287023	0.3201315	2.4366	0.1153164	1.173781	2.702571	0.04503514	1.069058	2.689556	0.05161073	0.994556	2.6916	0.07094482	0.7654608	2.689311	0.09695256	0.4505139	2.677853	0.115874	0.9107302	2.790603	-0.0582981	0.913965	2.574273	0.1186475	0.4214514	2.65896	0.07757316	0.4650473	2.622694	0.08769962	0.6373723	2.681766	-0.09609838	0.6329876	2.493347	0.04712735	-0.07526601	2.611033	-0.03706685	0.07145716	2.527642	0.1825238	-0.5854912	2.580334	0.02362856	-0.4158065	2.582293	

0.2102725	0.4189392	2.807248	-0.03207669	0.4162264	2.449026	0.2650602	0.2533909	2.85059	0.02134925	0.2686577	2.444892	0.2433641	0.2597488	2.809359	-0.09935395	0.3260014	2.46335	0.1150449	1.173985	2.702632	0.04518384	1.06922	2.689571	0.05164854	0.9946821	2.691581	0.07067333	0.7655841	2.689149	0.09534042	0.4505898	2.677151	0.1160223	0.9108918	2.790618	-0.05832584	0.9139957	2.574131	0.1181696	0.421099	2.658615	0.07060582	0.467282	2.620718	0.08779175	0.6375173	2.681815	-0.09621484	0.6330312	2.493162	0.04574904	-0.07547051	2.609699	-0.04418991	0.05290351	2.532602	0.1842879	-0.5876679	2.581394	0.02346788	-0.4339696	2.585294	

0.2093744	0.4181004	2.806466	-0.02340233	0.4130388	2.447715	0.2648032	0.2537783	2.854715	0.04068902	0.2448364	2.45081	0.2424539	0.2563089	2.8185	-0.0389798	0.3031102	2.422417	0.1151665	1.174243	2.70276	0.04527165	1.069328	2.689271	0.05172848	0.9948301	2.691298	0.07076242	0.7657483	2.688949	0.09554514	0.4508307	2.67707	0.11611	0.9109991	2.790318	-0.05775092	0.9133505	2.572553	0.118595	0.4216374	2.658791	0.07065794	0.4674029	2.620497	0.08809111	0.637624	2.681428	-0.0962635	0.632277	2.492348	0.04640933	-0.07496667	2.609476	-0.04456524	0.05305254	2.532012	0.2145929	-0.3999658	2.583129	0.02251552	-0.4341758	2.58506	

0.2095532	0.4185406	2.806685	-0.02365589	0.4132084	2.447731	0.2613342	0.2541145	2.858267	0.06837463	0.2814925	2.440147	0.2415942	0.2572506	2.810604	-0.05385398	0.310717	2.43565	0.1155305	1.174493	2.70301	0.04581741	1.069457	2.689116	0.05206178	0.9949897	2.691139	0.07077082	0.765936	2.688757	0.09507313	0.4512992	2.676688	0.1166545	0.9111279	2.790164	-0.05780078	0.9132226	2.572073	0.1184921	0.4216228	2.658579	0.06917764	0.4690712	2.619891	0.08883745	0.6378824	2.680913	-0.09573472	0.6319977	2.492251	0.04625428	-0.07504679	2.610038	-0.01302085	-0.02642244	2.557163	0.2187723	-0.3976223	2.582223	0.03624904	-0.5416713	2.599446	

0.2082838	0.417628	2.806142	-0.02372544	0.4134545	2.447816	0.2586253	0.2569995	2.84772	0.05893283	0.2704136	2.44712	0.2444352	0.2505575	2.819	-0.07097755	0.2938064	2.426	0.115624	1.174666	2.703027	0.04603249	1.069606	2.689164	0.0522749	0.9951909	2.691182	0.07096905	0.7662219	2.688796	0.09537639	0.4517804	2.676811	0.116869	0.9112769	2.790212	-0.05749434	0.9134363	2.571853	0.1184455	0.4222713	2.658348	0.07010499	0.4695007	2.620635	0.08894915	0.6380687	2.680879	-0.09567302	0.6321926	2.492238	0.04616863	-0.07452669	2.610011	-0.01992312	-0.02471155	2.557058	0.2193762	-0.3966603	2.581684	0.03360977	-0.5425005	2.600173	

0.2082402	0.4192044	2.808108	-0.02366711	0.4135582	2.447822	0.2602028	0.2664293	2.865217	0.06484363	0.2567019	2.435951	0.2429863	0.2540589	2.814475	-0.03565339	0.3118607	2.415334	0.115769	1.174727	2.703043	0.0463938	1.070068	2.688773	0.05262852	0.9956124	2.690872	0.07129318	0.7664424	2.688706	0.09594356	0.4518465	2.677037	0.1172296	0.9117377	2.789822	-0.05682823	0.9137195	2.571301	0.1184985	0.422545	2.658329	0.07199967	0.4688158	2.621574	0.08924825	0.6384546	2.680717	-0.09479852	0.632876	2.489911	0.04632328	-0.07438104	2.610076	-0.02633548	-0.02380291	2.555998	0.2220694	-0.3949656	2.57947	0.03364793	-0.5424591	2.600294	

0.2078829	0.4197777	2.807733	-0.03248009	0.423302	2.446357	0.2582678	0.2527386	2.843722	-0.01018219	0.2760083	2.438208	0.2426766	0.2539344	2.810403	-0.105153	0.3365594	2.455072	0.1162367	1.174395	2.703295	0.04840561	1.071514	2.688111	0.05442009	0.9968938	2.690377	0.07249776	0.7671384	2.688644	0.09680586	0.4520453	2.677443	0.1192366	0.9131805	2.789163	-0.0556621	0.9140418	2.570336	0.1186528	0.4226376	2.658294	0.07376898	0.4690403	2.622853	0.09027498	0.6398542	2.680416	-0.0960092	0.6355478	2.481202	0.04740117	-0.07453814	2.608757	-0.02698659	-0.02315301	2.555933	0.1886754	-0.6074335	2.58109	0.03372109	-0.542601	2.599994	

0.2054924	0.4180459	2.806372	-0.03827894	0.4246369	2.44413	0.2526351	0.2510111	2.824224	-0.008313154	0.2769744	2.441044	0.2399119	0.2640438	2.798572	-0.106195	0.3429595	2.487333	0.1168171	1.1746	2.703403	0.04906728	1.072196	2.688065	0.05502668	0.9975388	2.690347	0.07292637	0.7675613	2.688684	0.09707111	0.4522114	2.677607	0.1198966	0.9138611	2.789118	-0.05476769	0.9148874	2.569561	0.118755	0.4228586	2.658241	0.07411367	0.4691048	2.623262	0.09017246	0.6404647	2.680761	-0.09661921	0.6378133	2.476193	0.04731477	-0.074433	2.60874	-0.01787516	-0.02496759	2.556737	0.1858994	-0.5922999	2.583106	0.03383112	-0.5426749	2.60083	

0.2087552	0.4255438	2.809035	-0.04028864	0.4232746	2.442147	0.2666022	0.264974	2.849714	-0.005452605	0.2762842	2.430593	0.2438696	0.2609572	2.809489	-0.1028595	0.3301359	2.469834	0.1176153	1.17574	2.703278	0.04989336	1.073078	2.687368	0.05581023	0.9983635	2.689736	0.07356308	0.7681084	2.688355	0.0975349	0.4524185	2.677618	0.1207209	0.9147407	2.788423	-0.05384945	0.9151335	2.569002	0.1198167	0.4237878	2.658127	0.07417315	0.4690393	2.623266	0.08993562	0.6423038	2.67767	-0.09664429	0.6380404	2.476151	0.0475113	-0.07340282	2.609003	0.03852978	0.04490991	2.527653	0.1861638	-0.5931188	2.583601	0.03454091	-0.4461262	2.587297	

0.2128683	0.4318412	2.814034	-0.04085767	0.4240709	2.441152	0.2586857	0.2719115	2.848514	-0.01167019	0.2757058	2.428578	0.2442342	0.2831626	2.817125	-0.1056557	0.3309454	2.471128	0.1203855	1.176182	2.703411	0.05140949	1.074152	2.686674	0.05695882	0.9992456	2.689189	0.07390027	0.7684487	2.688179	0.09750801	0.4524331	2.677642	0.1222335	0.9158115	2.78773	-0.05332994	0.9154183	2.568621	0.1198994	0.4237092	2.6582	0.07361652	0.4692547	2.623228	0.09111396	0.6432389	2.6774	-0.09621325	0.6380106	2.476846	0.04826373	-0.07358158	2.609431	-0.04288936	-0.01877305	2.544669	0.1833668	-0.5858595	2.578155	0.03498433	-0.5040035	2.599753	

0.2081114	0.4242308	2.806663	-0.04125452	0.4242807	2.440837	0.2631346	0.2654101	2.845715	-0.007747311	0.2763355	2.425143	0.2417006	0.2800294	2.809128	-0.1029109	0.3331995	2.476029	0.1218412	1.176972	2.703184	0.0524785	1.075256	2.686519	0.05797343	1.000172	2.68908	0.07469779	0.768836	2.688222	0.09812673	0.4522228	2.67797	0.1232999	0.9169141	2.787577	-0.05264107	0.9153758	2.568517	0.120154	0.4239686	2.658027	0.07501931	0.4676443	2.62477	0.09254672	0.6442235	2.677395	-0.09581494	0.6376072	2.478103	0.04897057	-0.07342586	2.611829	-0.03778606	0.0816104	2.515916	0.2242516	-0.3950501	2.581327	0.01852427	-0.4062264	2.580033	

0.2110088	0.4284988	2.811671	-0.03513604	0.418972	2.44133	0.2596798	0.2619471	2.837967	-0.008551617	0.2686455	2.428221	0.2428816	0.2739828	2.812679	-0.1028157	0.3139771	2.444857	0.1221513	1.176976	2.703223	0.0527296	1.075198	2.686304	0.05819794	1.000096	2.688775	0.07479724	0.7686051	2.687521	0.09768397	0.451395	2.676553	0.1235505	0.9168559	2.787362	-0.05204385	0.9152235	2.568197	0.120724	0.4243234	2.658273	0.06946012	0.4618827	2.615432	0.09269041	0.6439136	2.677838	-0.09396325	0.6363967	2.480807	0.04349571	-0.07230648	2.608335	-0.02231726	-0.03218608	2.546158	0.2162352	-0.3954658	2.580504	0.04139907	-0.5191419	2.605021	

0.2116678	0.4287754	2.812139	-0.03534108	0.4185501	2.441888	0.2568617	0.2622746	2.845719	0.05662648	0.2563823	2.442503	0.2453517	0.2806782	2.816257	-0.07470341	0.2866264	2.464143	0.122528	1.176902	2.703085	0.05293998	1.075136	2.685873	0.0584951	0.9998575	2.688282	0.0755496	0.7672971	2.686774	0.09943862	0.4467773	2.675776	0.1237605	0.9167929	2.786932	-0.05173607	0.9151673	2.567989	0.1237685	0.4197455	2.654353	0.07125372	0.4575077	2.619022	0.09287003	0.6436526	2.677847	-0.09140375	0.6349152	2.48459	0.04553536	-0.07675529	2.608931	-0.009165206	0.04319629	2.533518	0.1935536	-0.5965691	2.588036	0.0345947	-0.4467679	2.592267	

0.2147383	0.4345594	2.818506	-0.03412956	0.4203281	2.445681	0.2635687	0.2710401	2.845045	0.02558168	0.2586478	2.451451	0.2436004	0.2741635	2.812498	-0.04881575	0.313813	2.4305	0.1221763	1.179091	2.702331	0.05359477	1.076461	2.685152	0.05912399	1.001336	2.687607	0.0760299	0.7693294	2.686349	0.09946085	0.4504107	2.676022	0.1244138	0.9181146	2.786213	-0.05139643	0.9152467	2.567793	0.1223391	0.4240565	2.653745	0.07352245	0.4637126	2.621872	0.09337948	0.6442448	2.678835	-0.08994453	0.6341475	2.486606	0.04945733	-0.073325	2.610329	-0.03900381	-0.02600637	2.552254	0.1920896	-0.6005278	2.587618	0.04100663	-0.5414445	2.605255	

0.215776	0.4350474	2.818722	-0.03300529	0.4200386	2.447017	0.2597902	0.2714193	2.843513	0.02510102	0.2585783	2.450964	0.242056	0.2812789	2.811501	-0.05226832	0.3243596	2.4345	0.1224212	1.179404	2.702278	0.05384729	1.076654	2.684848	0.05938096	1.001514	2.687426	0.0763841	0.7695296	2.686493	0.100208	0.4508369	2.677244	0.1246658	0.9183073	2.78591	-0.05119836	0.9151993	2.567652	0.1225509	0.4246089	2.654397	0.07544953	0.4640456	2.624843	0.09405046	0.6443053	2.678771	-0.08855233	0.6336156	2.487783	0.04963513	-0.07276998	2.610572	-0.04443773	-0.02273232	2.543282	0.1858447	-0.5909827	2.584326	0.03529823	-0.5085623	2.598959	

0.2223081	0.4536529	2.836599	-0.03399929	0.4220878	2.447629	0.2594719	0.2928595	2.836203	0.02796509	0.2542165	2.445875	0.2408386	0.3047262	2.810143	-0.05363691	0.3260694	2.4315	0.1221056	1.180283	2.702038	0.0541824	1.077046	2.684745	0.05971516	1.0019	2.687355	0.07667603	0.7698827	2.686554	0.1003785	0.4511604	2.677461	0.1250001	0.9186983	2.785807	-0.05086989	0.9151475	2.567659	0.122551	0.4245947	2.654415	0.0760975	0.4656392	2.625749	0.09450182	0.6444894	2.678957	-0.08814549	0.6334117	2.488005	0.04711834	-0.07239936	2.60878	-0.008209774	-0.02936321	2.550487	0.1841078	-0.5830406	2.579421	0.03806462	-0.5402254	2.602691	

0.2229026	0.452612	2.835144	-0.03109928	0.4191	2.446866	0.2684999	0.2878954	2.837101	0.002418929	0.2561595	2.434328	0.2471184	0.2934111	2.810823	-0.1006804	0.3112931	2.462154	0.1203074	1.181925	2.702559	0.0542553	1.077024	2.684789	0.05974945	1.00189	2.687362	0.07666065	0.7698823	2.686489	0.09997558	0.4512138	2.676944	0.1250729	0.9186766	2.785851	-0.05068282	0.9152033	2.567663	0.1227931	0.4245307	2.655467	0.07265536	0.465965	2.619846	0.09463049	0.6444309	2.678737	-0.08776341	0.633319	2.488019	0.04698532	-0.07239506	2.609321	0.03044206	-0.03492211	2.552674	0.185472	-0.5962211	2.582122	0.03717002	-0.539539	2.603673	

0.2232505	0.4500379	2.829429	-0.02735547	0.418366	2.446073	0.2636622	0.2853569	2.832537	0.01864997	0.2512233	2.440474	0.2384454	0.3020227	2.795	-0.04825363	0.3101941	2.42395	0.1194626	1.182853	2.702524	0.05435938	1.077347	2.685065	0.05984458	1.001953	2.687494	0.07703011	0.7690524	2.686547	0.101232	0.4459506	2.676405	0.1251765	0.9189996	2.786127	-0.05045233	0.9151244	2.567669	0.1235525	0.4165709	2.65227	0.07522513	0.4613945	2.622719	0.09489785	0.6453933	2.67695	-0.08728866	0.6331889	2.487824	0.05061198	-0.08070966	2.611268	0.03044191	-0.03894811	2.551444	0.1879371	-0.6066446	2.584185	0.03593926	-0.5398022	2.60349	

0.2191581	0.4341029	2.81224	-0.02651612	0.4175739	2.446057	0.2637444	0.2691119	2.835711	0.06248651	0.2574323	2.440085	0.2557511	0.2657368	2.816333	-0.06418065	0.2901095	2.422583	0.1182716	1.184208	2.703781	0.05423801	1.077509	2.685268	0.05971915	1.002112	2.687573	0.07663155	0.7694331	2.686181	0.09952826	0.4479325	2.67428	0.1250554	0.9191617	2.786331	-0.05016801	0.9151177	2.567831	0.1233138	0.4201147	2.653775	0.07015502	0.4631184	2.614383	0.09403169	0.6455204	2.677563	-0.08693733	0.6332375	2.487832	0.04928981	-0.07708301	2.609998	0.04404332	-0.03960454	2.572786	0.1887832	-0.6061442	2.583976	0.0355403	-0.5399426	2.603787	

0.2197087	0.4330966	2.812801	-0.0252208	0.4173959	2.44761	0.2663981	0.2755553	2.829152	-0.01447125	0.2568851	2.447397	0.2521389	0.2713385	2.809285	-0.1030521	0.3102083	2.465667	0.1153169	1.185483	2.70462	0.05326242	1.077693	2.686898	0.05904813	1.002395	2.688826	0.07650044	0.7698711	2.686706	0.1000057	0.4494146	2.674732	0.1240815	0.9193485	2.78796	-0.04994401	0.9151098	2.568176	0.1236965	0.4213368	2.654826	0.0716539	0.4655988	2.615676	0.09396733	0.6453642	2.679802	-0.08648157	0.6330699	2.488598	0.04873846	-0.07573897	2.611954	-0.03684358	0.04148015	2.547186	0.1887383	-0.6061527	2.584121	0.02426338	-0.4490531	2.592623	

0.2306085	0.4147135	2.824853	-0.02465761	0.417342	2.448747	0.2568695	0.2474686	2.828057	0.06624356	0.2503799	2.457089	0.242083	0.3048441	2.797667	-0.04078164	0.2946678	2.432367	0.1141666	1.18632	2.705066	0.05304331	1.0781	2.687895	0.05889046	1.002998	2.689868	0.07657707	0.7712485	2.687888	0.1006949	0.4531208	2.676657	0.1238624	0.9197572	2.788956	-0.05000447	0.9152093	2.568775	0.1244602	0.4249572	2.657418	0.0729506	0.469687	2.618625	0.1743344	0.6728484	2.802334	-0.08607019	0.6328596	2.490169	0.050691	-0.07232922	2.613821	-0.03990444	0.05968716	2.535664	0.2015017	-0.6094838	2.599264	0.02069696	-0.4299758	2.589208	

0.2202002	0.4313283	2.811609	0.007387647	0.4389458	2.464435	0.2647275	0.273458	2.829709	0.0766963	0.2684508	2.438106	0.2478969	0.2846373	2.800333	-0.00714224	0.3147161	2.420706	0.1132769	1.186781	2.70529	0.05268572	1.078415	2.688665	0.0585347	1.003353	2.690452	0.07617889	0.7717311	2.688035	0.09996404	0.4540569	2.676243	0.1235054	0.9200729	2.789726	-0.04990506	0.9152393	2.569252	0.1244147	0.4281525	2.659274	0.07099568	0.4694482	2.616304	0.09404984	0.6457639	2.681746	-0.04523104	0.6440738	2.503638	0.05162352	-0.06930255	2.614409	-0.03508966	-0.02203919	2.549738	0.2015149	-0.6213931	2.600666	0.03295663	-0.5105489	2.601881	

0.2202606	0.4310905	2.812056	-0.0229397	0.4166382	2.449666	0.2712638	0.2709333	2.844042	-0.007675069	0.2559845	2.435828	0.2504886	0.2809654	2.815	-0.0739315	0.339031	2.430286	0.1120929	1.186944	2.706882	0.05221659	1.077941	2.689779	0.05823928	1.003087	2.691443	0.0762651	0.7719058	2.688758	0.1007282	0.4549711	2.677128	0.1230369	0.9196012	2.790838	-0.05020032	0.9151412	2.570097	0.1244371	0.4285108	2.659465	0.07415411	0.4708176	2.619569	0.09359681	0.6454188	2.68247	-0.08588483	0.6326336	2.491201	0.04916816	-0.06870442	2.611917	-0.02804412	-0.02149675	2.550291	0.202146	-0.6228558	2.60446	0.03619788	-0.5106848	2.602369	

0.2297479	0.4207206	2.827097	-0.02347542	0.4167926	2.449902	0.2633744	0.2556119	2.838575	0.03223521	0.2527217	2.449158	0.2498893	0.2560017	2.81525	-0.04579866	0.313529	2.434682	0.1108383	1.186696	2.707821	0.0511638	1.078043	2.691888	0.05752287	1.003268	2.693256	0.07630585	0.7722411	2.689772	0.1015433	0.4554934	2.677708	0.1219858	0.9197065	2.792945	-0.0503057	0.9156936	2.571932	0.1242699	0.4284233	2.659766	0.07794273	0.4725741	2.621029	0.170764	0.6377757	2.723061	-0.08586173	0.6333616	2.491796	0.05166075	-0.06920121	2.614145	-0.03091659	0.03616012	2.543283	0.200977	-0.6261657	2.604364	0.02391379	-0.4549859	2.592114	

0.2290209	0.4391318	2.842031	-0.02316007	0.416864	2.450448	0.2656174	0.2727525	2.839209	0.02086927	0.2519273	2.451236	0.243491	0.2918782	2.808667	-0.05287	0.3265409	2.430068	0.1096667	1.186516	2.709432	0.05029083	1.07744	2.692843	0.05703043	1.002871	2.693978	0.07643837	0.7721947	2.690012	0.1032131	0.4558247	2.67769	0.1211147	0.9191065	2.793899	-0.0505608	0.9158137	2.573099	0.1241957	0.428988	2.660555	0.08385099	0.471487	2.619014	0.1707721	0.6373292	2.72384	-0.08590156	0.6334198	2.492936	0.05191158	-0.0689126	2.614105	-0.033356	-0.01823415	2.55935	0.2030795	-0.6355706	2.609705	0.03320786	-0.5400745	2.602921	

0.2290952	0.4394127	2.842944	0.02147308	0.4432277	2.470273	0.2662084	0.2728238	2.846909	0.09459256	0.2779804	2.45278	0.2389082	0.3064435	2.8005	0.006699415	0.3384318	2.4265	0.1091188	1.186337	2.710331	0.04959905	1.077436	2.693901	0.05634575	1.00292	2.695353	0.07609695	0.7725342	2.692283	0.1034989	0.4565892	2.681197	0.1204241	0.9191047	2.794956	-0.05060992	0.9159435	2.575217	0.1237251	0.4298626	2.662636	0.08378378	0.4715227	2.625304	0.1730411	0.6721094	2.806648	-0.03942881	0.6463143	2.508707	0.0555199	-0.06861969	2.617821	-0.02141912	-0.02045253	2.55696	0.2031435	-0.6358275	2.609723	0.03329162	-0.540203	2.6032	

0.2290714	0.440643	2.843566	0.003821995	0.4391991	2.468614	0.2658217	0.2680881	2.841378	0.05251766	0.2687244	2.446019	0.2426759	0.292998	2.807663	-0.02059547	0.3179473	2.4198	0.108813	1.18605	2.711693	0.04908149	1.077267	2.695149	0.05580628	1.002743	2.696613	0.07565784	0.7723967	2.6933	0.1031292	0.4564443	2.681739	0.1199073	0.9189379	2.796202	-0.05081351	0.9159455	2.576012	0.1228469	0.4283916	2.663039	0.08280953	0.4724254	2.626712	0.1705498	0.6371902	2.725901	-0.0490297	0.6444948	2.508107	0.05155068	-0.06958566	2.613913	-0.01395062	-0.02123076	2.557483	0.2036643	-0.6037474	2.605315	0.03750078	-0.5385458	2.599679	

0.229068	0.4425687	2.845806	-0.02830244	0.4184917	2.458633	0.262115	0.2682907	2.843464	0.02624161	0.2475275	2.458333	0.2432701	0.2980167	2.8152	-0.05502164	0.3226825	2.439455	0.1085789	1.186331	2.713921	0.04856149	1.077464	2.696613	0.05536982	1.003049	2.698024	0.07553677	0.7730402	2.694458	0.1032973	0.4574699	2.682505	0.1193879	0.9191371	2.797665	-0.05086238	0.9160938	2.577109	0.122993	0.4295517	2.663325	0.08261902	0.4731938	2.627893	0.1724373	0.6721072	2.809046	-0.0856221	0.6335397	2.496495	0.06826065	-0.07047525	2.612999	0.03860233	-0.02776024	2.556363	0.2051705	-0.5487266	2.608786	0.03809367	-0.5373055	2.601553	

0.2289442	0.4432398	2.846912	-0.02906836	0.4185604	2.459019	0.2496775	0.267483	2.834718	0.04826313	0.2515957	2.460567	0.2393454	0.2723694	2.805	-0.05309685	0.3000951	2.438267	0.1079252	1.186523	2.715091	0.04845879	1.077448	2.698157	0.05517761	1.003091	2.699574	0.07515238	0.7732894	2.695896	0.1025964	0.4579162	2.683626	0.1192849	0.9191238	2.799207	-0.05117599	0.9161606	2.579206	0.1230185	0.4292813	2.665023	0.08007278	0.474742	2.628787	0.1719252	0.6719168	2.809798	-0.08562619	0.6336951	2.498089	0.04760315	-0.06805253	2.613573	-0.03940063	-0.01357428	2.554567	0.2020539	-0.6350908	2.607969	0.04035011	-0.5015928	2.601505	

0.2287079	0.4434921	2.84805	-0.02612993	0.4178189	2.459657	0.259555	0.2686471	2.848504	0.08191931	0.2652403	2.466674	0.2411451	0.2742021	2.808	-0.03864545	0.2905504	2.430778	0.1070771	1.186246	2.715767	0.04815225	1.077245	2.699883	0.05471146	1.003074	2.701175	0.07422633	0.7738596	2.697216	0.1005328	0.4595914	2.684642	0.1189784	0.9189239	2.800931	-0.05171071	0.916525	2.581312	0.1222586	0.4306281	2.666659	0.07554842	0.4768791	2.62875	0.1714409	0.6716077	2.810846	-0.08581739	0.6341047	2.499854	0.04770121	-0.06681743	2.614171	-0.03948374	-0.01253613	2.554735	0.2065644	-0.6234209	2.614178	0.04012724	-0.5007507	2.601616	

0.2270561	0.4066297	2.833412	-0.02484869	0.4159088	2.460293	0.249551	0.2388482	2.832731	0.08453311	0.2598993	2.463098	0.2388808	0.2372688	2.799	-0.04599327	0.2900855	2.449883	0.1075551	1.185634	2.717547	0.04783314	1.076948	2.701069	0.05439007	1.002829	2.702353	0.07396059	0.773795	2.698241	0.1003632	0.4596485	2.685311	0.1186596	0.9186292	2.802116	-0.05222998	0.9163349	2.58267	0.1222207	0.4300641	2.667583	0.07528824	0.4773423	2.629295	0.171089	0.6712574	2.811792	-0.08592447	0.6339034	2.500944	0.04735672	-0.06749271	2.613868	-0.03918084	-0.01245192	2.555829	0.2059019	-0.6248121	2.613401	0.04068384	-0.5008417	2.602205	

0.2091236	0.4215886	2.815095	-0.02409175	0.4156456	2.460459	0.257814	0.2527542	2.852398	0.07678961	0.2662098	2.454397	0.2426046	0.2525675	2.812667	-0.02437841	0.3167307	2.423619	0.1062114	1.18534	2.719496	0.04698823	1.076241	2.702702	0.05357838	1.002223	2.703955	0.07331022	0.7735089	2.69965	0.09992981	0.4596461	2.686347	0.1178162	0.9179265	2.803747	-0.05240928	0.9166057	2.58416	0.1214983	0.4297665	2.668525	0.07519663	0.4774954	2.630306	0.08711188	0.6442223	2.693423	-0.08626203	0.6342114	2.502381	0.04712538	-0.06794169	2.614163	-0.04153159	-0.01187459	2.556937	0.2027575	-0.6363499	2.60973	0.03918585	-0.5003673	2.602859	

0.2093268	0.4203869	2.815739	-0.02302679	0.415889	2.460338	0.257296	0.2525284	2.855054	0.05372727	0.2612554	2.45951	0.2423161	0.2600411	2.8214	-0.05513696	0.2899687	2.455727	0.1051494	1.185501	2.721189	0.04630738	1.07594	2.703766	0.05293712	1.002097	2.704859	0.07275476	0.7738163	2.700187	0.09928145	0.4606335	2.686528	0.1171366	0.9176275	2.80481	-0.05316193	0.9165703	2.585334	0.1214386	0.4312877	2.669068	0.07390507	0.4780987	2.630092	0.08830047	0.6437595	2.694401	-0.08627562	0.6343129	2.502674	0.04389126	-0.06588107	2.612158	-0.04306776	0.04356566	2.54523	0.1975431	-0.6125237	2.600106	0.02093757	-0.4475829	2.592548	

0.2277052	0.3907899	2.838971	-0.02295517	0.4159462	2.460462	0.2477876	0.2304624	2.857236	0.03537747	0.2480031	2.46319	0.242444	0.2508843	2.8228	-0.04961674	0.3222152	2.437345	0.1048097	1.185307	2.722672	0.0458035	1.076014	2.705623	0.05257659	1.002214	2.706628	0.07282042	0.7740859	2.701652	0.09988673	0.4610285	2.687608	0.1166332	0.9177053	2.806665	-0.05348851	0.9166112	2.586085	0.1215401	0.4321054	2.670274	0.07524577	0.4779538	2.631155	0.1688371	0.6705212	2.818217	-0.08678879	0.634201	2.50416	0.05067568	-0.06616651	2.617259	-0.04170276	0.04203757	2.537356	0.197014	-0.6098343	2.600609	0.02143764	-0.4486482	2.591474	

0.2092603	0.419982	2.817901	-0.03091612	0.4185545	2.460918	0.2592668	0.2537163	2.854722	0.1019579	0.2773439	2.459888	0.2432731	0.2557566	2.818833	-0.03831531	0.2939009	2.430211	0.1043383	1.185572	2.723362	0.04562056	1.075866	2.705957	0.05235126	1.002065	2.706892	0.07245454	0.7739326	2.701724	0.09910745	0.4607532	2.687235	0.1164505	0.9175574	2.806998	-0.05398836	0.9164201	2.586443	0.120971	0.4311101	2.670008	0.07388954	0.4782538	2.630338	0.08874103	0.6436045	2.696544	-0.0868307	0.6340515	2.504153	0.04862699	-0.06687775	2.614786	-0.04173483	0.04208253	2.537271	0.1991261	-0.6111496	2.582859	0.02161822	-0.4489701	2.591001	

0.2090324	0.4196224	2.818167	-0.02957275	0.4174974	2.460306	0.2589944	0.2534496	2.851722	0.02704376	0.2564808	2.456984	0.2432991	0.2557743	2.819257	-0.09080127	0.3197462	2.459445	0.1033718	1.185498	2.723707	0.04518268	1.075448	2.706364	0.05187343	1.00165	2.707247	0.07189541	0.7735578	2.701888	0.09845411	0.4603755	2.687096	0.1160136	0.9171407	2.807404	-0.05421552	0.9160736	2.586725	0.1204411	0.4303109	2.669646	0.07311294	0.4781151	2.630324	0.08848209	0.6432246	2.696816	-0.08712672	0.6338213	2.504023	0.04676989	-0.06746095	2.613977	-0.04141025	0.04407823	2.536495	0.2026376	-0.6241421	2.578588	0.02149394	-0.4470484	2.590209	

0.2086782	0.4191144	2.818795	-0.02804479	0.4177423	2.46036	0.2597151	0.2580824	2.85972	0.03707373	0.2710126	2.456798	0.2407704	0.2631149	2.8214	-0.07961505	0.312027	2.466714	0.1030416	1.185499	2.724283	0.04503986	1.075281	2.706602	0.05167127	1.001414	2.707555	0.07150085	0.7730876	2.702394	0.09781971	0.4594822	2.687834	0.1158711	0.9169751	2.807642	-0.05449965	0.9160994	2.586768	0.1199786	0.4290422	2.670287	0.07241133	0.4774918	2.63113	0.0884991	0.642909	2.697435	-0.08747791	0.6338091	2.504261	0.05007234	-0.06931214	2.617085	0.03827903	0.04733529	2.533512	0.2034323	-0.6334655	2.580309	0.0342216	-0.4474356	2.589678	

0.2079294	0.418612	2.818913	-0.02774216	0.4178383	2.460218	0.2510923	0.253372	2.850725	-0.003991109	0.2639736	2.448972	0.2414721	0.259269	2.829667	-0.09550644	0.3319284	2.470619	0.1025436	1.185555	2.724335	0.04450877	1.074961	2.706691	0.05115591	1.001105	2.707696	0.07106319	0.7728379	2.702655	0.09753028	0.4593025	2.688197	0.1153413	0.916655	2.807729	-0.05502755	0.915791	2.587057	0.1198971	0.4288894	2.670871	0.07193106	0.4772277	2.631321	0.08801195	0.642566	2.697587	-0.08773763	0.6335289	2.504327	0.04850952	-0.06919353	2.615566	0.03820901	0.04812884	2.533511	0.2002557	-0.6164238	2.577099	0.03418465	-0.4466697	2.589523	

0.2078534	0.4191626	2.819403	-0.02729921	0.417675	2.460354	0.2595703	0.2573292	2.864788	-0.003712991	0.2645256	2.451437	0.2438844	0.2603039	2.828364	-0.09209809	0.3236049	2.464691	0.1023146	1.184924	2.724162	0.04404125	1.075002	2.706566	0.05076481	1.001117	2.707653	0.07083049	0.7727967	2.70277	0.09742865	0.4591616	2.688559	0.1148749	0.9166961	2.807606	-0.05530357	0.9156454	2.587077	0.1197764	0.4288796	2.67079	0.07203506	0.4766088	2.633149	0.08777723	0.6426102	2.697395	-0.08796091	0.6333801	2.504346	0.04697777	-0.06905846	2.617527	0.03546149	0.05937815	2.533507	0.2073365	-0.6339297	2.588472	0.03422326	-0.4357687	2.58767	

0.2252152	0.3895028	2.839688	-0.02643824	0.4173577	2.46039	0.239371	0.2299076	2.850239	-0.006268435	0.2639696	2.445938	0.2369002	0.2430168	2.821167	-0.07248021	0.3367923	2.431667	0.1023458	1.184776	2.724099	0.04388203	1.074817	2.706486	0.05059486	1.000938	2.707613	0.0706346	0.772634	2.702837	0.09721901	0.4590086	2.688765	0.1147162	0.9165109	2.807525	-0.05566976	0.9154943	2.587098	0.1191703	0.428945	2.670576	0.07211729	0.4760151	2.633953	0.1666881	0.6694422	2.820293	-0.08825471	0.6332072	2.504432	0.04716557	-0.06910939	2.617364	0.02292473	0.04944303	2.533514	0.2016885	-0.6171424	2.582577	0.03300588	-0.4457644	2.58819	

0.2075876	0.4192978	2.820571	-0.02642498	0.4173527	2.460422	0.2514447	0.2537275	2.854725	0.1004402	0.274842	2.461441	0.24108	0.2665776	2.8252	-0.03676011	0.2910294	2.43304	0.1024214	1.184509	2.723686	0.04340227	1.074674	2.706381	0.05011817	1.000802	2.707549	0.07020133	0.7725301	2.702877	0.09690285	0.4589474	2.688885	0.1142376	0.9163685	2.80742	-0.05607885	0.9152467	2.587119	0.1187865	0.4289577	2.670423	0.07185625	0.4759022	2.634233	0.08745108	0.6420822	2.697233	-0.08868219	0.6328534	2.504251	0.0440327	-0.06847274	2.610378	0.02199674	0.04302771	2.535663	0.2048689	-0.6217409	2.583901	0.03131432	-0.4522062	2.589939	

0.1729628	0.4288405	2.770459	-0.02632495	0.4173096	2.460246	0.1968078	0.3462634	2.790858	0.08173997	0.2682007	2.449631	0.1866864	0.3586344	2.761364	-0.01892562	0.3133886	2.425176	0.1024544	1.183688	2.723176	0.04307673	1.074	2.706011	0.04980543	1.00018	2.707192	0.06995663	0.7720758	2.702555	0.09677579	0.4586701	2.688573	0.1139131	0.9156945	2.80705	-0.05667261	0.9150419	2.586919	0.1182324	0.4278375	2.669839	0.07196651	0.4760219	2.633789	0.05924252	0.662439	2.659265	-0.0902613	0.6326812	2.503976	0.04776902	-0.07035448	2.614234	-0.03926848	-0.0146264	2.5611	0.2056953	-0.6290748	2.585657	0.03355731	-0.5394185	2.600801	

0.207149	0.4183254	2.820144	-0.02627934	0.4173501	2.460104	0.2515327	0.2538164	2.855725	0.1059952	0.2742057	2.465235	0.2407911	0.2624	2.82175	-0.04059878	0.287093	2.436	0.1022066	1.182577	2.722316	0.04217706	1.073371	2.70487	0.04908294	0.9994646	2.706317	0.06962329	0.7710684	2.702219	0.09700195	0.456681	2.688874	0.1130161	0.9150646	2.805909	-0.05724021	0.9148514	2.586496	0.1174923	0.4259875	2.669335	0.07361034	0.473561	2.634915	0.08664903	0.640532	2.696003	-0.09129754	0.6324019	2.504144	0.04740916	-0.07234848	2.613829	-0.03937381	-0.01656334	2.559417	0.2065131	-0.6225278	2.582256	0.03311635	-0.5395914	2.600779	

0.206789	0.4180595	2.82101	-0.02648111	0.417305	2.460007	0.2524507	0.2547427	2.866147	-0.01236515	0.2635697	2.445599	0.2411057	0.2602125	2.825396	-0.102711	0.3101131	2.4793	0.1019766	1.182523	2.721496	0.04215628	1.072181	2.703961	0.04886238	0.9984407	2.705515	0.06890786	0.7704045	2.70164	0.09535611	0.4564532	2.688389	0.1129959	0.9138743	2.805	-0.05776801	0.914571	2.586133	0.1171262	0.4259197	2.669069	0.06981935	0.4733962	2.633938	0.08630698	0.6392925	2.695334	-0.09173246	0.6320351	2.504101	0.05069689	-0.0731205	2.617779	-0.03144262	-0.01928818	2.557088	0.2101543	-0.6309975	2.585852	0.03299199	-0.5394558	2.601948	

0.2050498	0.4255847	2.829049	-0.02656939	0.4173203	2.459991	0.2563814	0.2665377	2.866219	-0.006506959	0.2704036	2.443723	0.2413561	0.2707745	2.8285	-0.1020819	0.3297584	2.455937	0.1016719	1.18225	2.720988	0.04162455	1.07167	2.703361	0.04831618	0.9979635	2.704874	0.06837521	0.7700867	2.700939	0.09493711	0.4564349	2.687618	0.1124657	0.9133636	2.8044	-0.05804163	0.9143259	2.585876	0.116709	0.4257179	2.668428	0.06953355	0.4737496	2.632791	0.08213201	0.6393237	2.69429	-0.0920765	0.6317814	2.503935	0.05196124	-0.07370514	2.62112	-0.01116265	-0.02299844	2.558102	0.2114333	-0.631328	2.587085	0.03363255	-0.5380116	2.603247	

0.1667731	0.4322209	2.777948	-0.02659423	0.4172909	2.460009	0.1976626	0.3537683	2.786402	-0.005648252	0.27088	2.449748	0.1828934	0.357543	2.748714	-0.102792	0.3372423	2.459533	0.1021979	1.181602	2.720061	0.04151193	1.071599	2.703255	0.04816135	0.9979099	2.704772	0.06804439	0.7701238	2.700859	0.09426768	0.4567795	2.687607	0.1123535	0.9132919	2.804294	-0.05846694	0.9143822	2.585828	0.1165774	0.4259547	2.668602	0.06799205	0.4743848	2.632264	0.05341854	0.6606022	2.65728	-0.09254095	0.631817	2.504014	0.05501593	-0.07397119	2.622361	-0.007429163	-0.02353976	2.561198	0.2110288	-0.6306239	2.587263	0.03189537	-0.5396792	2.603085	

0.2045135	0.4202168	2.825254	-0.02650711	0.4172176	2.45987	0.2559884	0.2582768	2.861722	-0.008332117	0.2708213	2.449249	0.2440476	0.2605286	2.8295	-0.1030411	0.3397404	2.472294	0.1026505	1.181331	2.719224	0.04134955	1.071446	2.703134	0.04789485	0.9974484	2.704596	0.06736486	0.767665	2.700556	0.09311426	0.4493258	2.687217	0.1121915	0.9131394	2.804172	-0.05892527	0.9141805	2.585573	0.1148915	0.4197848	2.663008	0.06773002	0.4628652	2.637923	0.08358497	0.6384452	2.69536	-0.09300514	0.6315256	2.504075	0.04854375	-0.0796044	2.615124	-0.01267611	-0.03357524	2.55796	0.2036946	-0.6165752	2.577319	0.03125316	-0.540357	2.603007	

0.2043622	0.4189431	2.8237	-0.02725691	0.4167798	2.459576	0.2551848	0.2574659	2.852722	-0.008197705	0.2702572	2.445323	0.2424645	0.2669264	2.81875	-0.1011761	0.321073	2.461167	0.1030198	1.181421	2.718775	0.04118486	1.071269	2.702818	0.04767618	0.997317	2.704242	0.06695779	0.7678491	2.700044	0.09216487	0.4510856	2.686083	0.1120274	0.9129621	2.803856	-0.0592529	0.9141068	2.585144	0.1147517	0.4205512	2.663224	0.06500209	0.4684638	2.632486	0.08377402	0.6382139	2.695076	-0.09385365	0.6314952	2.503707	0.04646364	-0.07868285	2.613478	-0.008897368	-0.02952043	2.556385	0.2037687	-0.6156816	2.5778	0.0314273	-0.5403123	2.602836	

0.2042546	0.4187096	2.822433	-0.02793625	0.4165145	2.459466	0.2588127	0.2532718	2.849722	0.04822411	0.2507951	2.452901	0.2437028	0.2573488	2.820347	-0.04243806	0.2994268	2.424381	0.1032548	1.181342	2.718284	0.04082815	1.071385	2.702497	0.04729374	0.9974478	2.70388	0.06653372	0.7681568	2.699564	0.09177293	0.4520002	2.68539	0.1116716	0.9130772	2.803536	-0.05951898	0.9140953	2.58501	0.1147405	0.4208278	2.663401	0.06424352	0.4708036	2.630056	0.08366462	0.6384075	2.694448	-0.09437373	0.6315078	2.50359	0.04293019	-0.07792847	2.608989	-0.02575647	-0.0249503	2.557773	0.2031583	-0.6139567	2.575734	0.0301548	-0.5392237	2.604449	

0.2043216	0.4185546	2.821865	-0.02868039	0.4166432	2.459244	0.2510042	0.2532831	2.849725	0.06073451	0.2514716	2.446808	0.2404244	0.258138	2.817089	-0.04580536	0.2829492	2.427676	0.1021971	1.181386	2.718101	0.04056804	1.071305	2.702247	0.04700052	0.9974255	2.703629	0.06610863	0.7684473	2.699292	0.09106459	0.4533933	2.685076	0.1114123	0.9129972	2.803287	-0.06029455	0.9142122	2.584529	0.1145542	0.4226779	2.663915	0.0634024	0.4718096	2.629483	0.08360337	0.6383281	2.694032	-0.09480336	0.6315001	2.503283	0.04375048	-0.07649548	2.611175	-0.02782266	-0.02402034	2.558341	0.2048565	-0.6340126	2.581379	0.03510287	-0.5378471	2.601048	

0.2040997	0.417526	2.820113	-0.03181417	0.4167517	2.457814	0.2500354	0.2523054	2.838725	0.02851732	0.2526233	2.455455	0.2407382	0.2671845	2.808286	-0.05406706	0.3047567	2.428	0.1008205	1.180887	2.717189	0.03981384	1.070433	2.701056	0.04634226	0.9962326	2.702553	0.06581561	0.7661408	2.69857	0.09184623	0.448599	2.685167	0.1106605	0.9121245	2.802096	-0.06075542	0.9141865	2.584203	0.1151161	0.4192337	2.661552	0.06550039	0.4632491	2.634324	0.08317576	0.6374618	2.692647	-0.09548214	0.6315218	2.50275	0.04482121	-0.08002829	2.611181	0.007753644	0.06629307	2.523743	0.204368	-0.6351345	2.581566	0.02883761	-0.4280047	2.586589	

0.2040617	0.4173517	2.820018	-0.0320744	0.4166254	2.457542	0.2506519	0.2529276	2.845725	-0.01236769	0.2705215	2.444673	0.242201	0.263009	2.818726	-0.1022687	0.3198302	2.460375	0.09988062	1.180933	2.716586	0.03948329	1.070114	2.700687	0.04598917	0.9957613	2.702143	0.06547163	0.7652665	2.698094	0.09164243	0.4473992	2.684662	0.1103309	0.9118053	2.801727	-0.06176674	0.9143004	2.583796	0.1151552	0.4182574	2.660369	0.06518453	0.4622577	2.63437	0.08298214	0.6370884	2.692358	-0.09603481	0.6315206	2.502526	0.0466348	-0.08128153	2.612407	0.01617592	0.05595978	2.528925	0.2037558	-0.6305795	2.582486	0.02854574	-0.4388512	2.589881	

0.2035391	0.4174117	2.819581	-0.03515399	0.4183741	2.456522	0.2500354	0.2523054	2.838725	-0.008676208	0.2705399	2.445462	0.2403133	0.2616963	2.812419	-0.1046105	0.3227124	2.444	0.1006684	1.180294	2.713862	0.03849861	1.069827	2.699439	0.04504479	0.9957147	2.700935	0.06454654	0.766138	2.696843	0.09047959	0.4509727	2.682842	0.1093491	0.911516	2.80048	-0.06258871	0.9143222	2.583486	0.1150321	0.4206837	2.660681	0.06206481	0.4690695	2.628172	0.0821692	0.6366664	2.691429	-0.0966126	0.6314797	2.50234	0.04716637	-0.07908097	2.61263	-0.04109038	-0.02411277	2.551817	0.2057222	-0.6280987	2.582521	0.03107886	-0.5363896	2.603841	

0.203191	0.4174009	2.819155	-0.04226891	0.3820787	2.454223	0.2587219	0.253183	2.848722	0.001699656	0.2389043	2.458862	0.2421322	0.2626598	2.817688	-0.1004758	0.2914859	2.463333	0.09943474	1.180039	2.713429	0.03785753	1.06978	2.698614	0.04442538	0.9957372	2.700197	0.06402566	0.7664206	2.69637	0.09005354	0.4515842	2.682661	0.1087099	0.911468	2.799656	-0.06282055	0.914296	2.583334	0.1147808	0.4211206	2.661176	0.06149213	0.4700461	2.627368	0.08170475	0.6365054	2.690872	-0.09718965	0.6315651	2.501905	0.04709035	-0.07875555	2.612213	-0.04208076	-0.02341423	2.554449	0.2028034	-0.61738	2.576756	0.03202692	-0.5376968	2.603602	

0.2028807	0.4174632	2.818853	-0.03860782	0.403227	2.452659	0.254999	0.2572786	2.850722	-0.01920161	0.2569444	2.442684	0.241721	0.2626579	2.8178	-0.08052982	0.3431671	2.434355	0.0985595	1.180559	2.712584	0.03731686	1.069745	2.697986	0.04405288	0.9958271	2.699657	0.06402051	0.7669677	2.695912	0.09107959	0.4536426	2.682186	0.1081708	0.9114314	2.799028	-0.0632796	0.9139749	2.582521	0.1145954	0.4249313	2.660946	0.0642951	0.4711682	2.62704	0.08129487	0.6364017	2.69041	-0.09772177	0.6312271	2.501217	0.04381649	-0.0746061	2.609138	-0.05497696	-0.0187179	2.552611	0.2029494	-0.6171044	2.577506	0.03606499	-0.5366221	2.600796	

0.2017847	0.4168634	2.816731	-0.03666302	0.4060665	2.452698	0.2499473	0.2522165	2.837725	0.0434216	0.2428792	2.450405	0.2415479	0.264602	2.812591	-0.04836094	0.306982	2.42616	0.09647937	1.180034	2.710895	0.03662138	1.069221	2.696973	0.04349865	0.9954332	2.698701	0.06387015	0.7669563	2.695196	0.09130152	0.4538884	2.681647	0.1074775	0.910907	2.798016	-0.0638595	0.9134861	2.581372	0.1145457	0.4251734	2.660726	0.06505182	0.4711555	2.626312	0.08016308	0.636118	2.688695	-0.09821144	0.630637	2.500232	0.0441766	-0.07443625	2.609394	-0.04736841	0.06168475	2.527643	0.2028813	-0.6168251	2.577602	0.02059489	-0.4294586	2.585314	

0.2016302	0.4172341	2.816586	-0.036943	0.4080216	2.452718	0.2510042	0.2532831	2.849725	-0.0009940488	0.2711322	2.439598	0.240401	0.2646042	2.812391	-0.06305839	0.3336874	2.428625	0.09680115	1.179758	2.709679	0.03561599	1.069109	2.696133	0.0426384	0.9953563	2.697851	0.06346691	0.7670459	2.694411	0.09136809	0.4540589	2.680976	0.1064749	0.9107932	2.797177	-0.06463987	0.9134896	2.580485	0.1142969	0.4248652	2.660197	0.06561265	0.4718102	2.625554	0.07958318	0.6359038	2.688039	-0.09902786	0.6307258	2.499034	0.04780391	-0.0753481	2.613953	0.04027077	0.04792657	2.533511	0.2066135	-0.6353394	2.578234	0.03552316	-0.4484366	2.588281	

0.201042	0.4171784	2.815533	-0.0368799	0.4091614	2.452275	0.25074	0.2530164	2.846725	0.007441401	0.262084	2.440891	0.2403548	0.2588845	2.812819	-0.1040088	0.3180522	2.448458	0.096756	1.179569	2.708846	0.03416644	1.068821	2.69534	0.04153684	0.9950712	2.697159	0.06319228	0.7668682	2.694047	0.09163103	0.4538374	2.680785	0.1050292	0.9105051	2.796385	-0.06572273	0.9131025	2.580025	0.1143582	0.4241539	2.660594	0.06653898	0.4717234	2.624606	0.07857327	0.6356483	2.687054	-0.09950394	0.6303723	2.498161	0.04781519	-0.07603496	2.609183	-0.03399369	-0.02186305	2.542464	0.2045241	-0.6255924	2.576719	0.0342651	-0.5355582	2.602916	

0.2156644	0.3905414	2.831414	-0.03678528	0.4096941	2.451739	0.2407407	0.2352553	2.820735	0.02131904	0.2415076	2.450979	0.2389644	0.256559	2.800286	-0.06501805	0.3099991	2.43025	0.09669339	1.179131	2.707651	0.03270498	1.068132	2.693756	0.04028672	0.9941012	2.695617	0.0626554	0.7650219	2.69257	0.09259199	0.4496756	2.67933	0.103572	0.9098142	2.794802	-0.06742506	0.9121071	2.578629	0.1152915	0.4209315	2.656252	0.06784809	0.4644514	2.626558	0.158426	0.663037	2.807575	-0.1009323	0.6292967	2.496947	0.0462838	-0.07905437	2.606928	-0.03492508	-0.02849365	2.542458	0.2038583	-0.6313444	2.581188	0.03372432	-0.535123	2.602343	

0.1628597	0.4274713	2.764944	-0.04136777	0.4136156	2.451088	0.1943379	0.33751	2.752114	-0.005315478	0.269338	2.437168	0.1927667	0.3582797	2.731704	-0.1039547	0.3353694	2.45255	0.09624522	1.178263	2.706347	0.031422	1.068201	2.693089	0.0388749	0.9937193	2.69461	0.06070395	0.7623998	2.689881	0.09022093	0.4415178	2.673243	0.1022924	0.9098815	2.794137	-0.06849528	0.9116212	2.57815	0.1153294	0.4152983	2.653417	0.06185111	0.4545594	2.616951	0.04719184	0.6563465	2.646744	-0.1018266	0.6288232	2.496249	0.04355507	-0.08428556	2.607627	-0.01061675	-0.04474893	2.54699	0.205596	-0.6302557	2.584202	0.03435262	-0.5361019	2.601743	

0.1997542	0.4151366	2.810643	-0.04008612	0.4139476	2.450555	0.2495069	0.2517721	2.832725	0.01677101	0.2428956	2.448065	0.2387414	0.2563343	2.797667	-0.06411833	0.309154	2.432059	0.09534711	1.177129	2.705226	0.0306684	1.067437	2.692228	0.0381626	0.9925914	2.693812	0.06032825	0.7601426	2.689549	0.09060588	0.4379283	2.674486	0.1015411	0.9091173	2.793276	-0.06958084	0.9112811	2.57741	0.1146282	0.4097572	2.65164	0.06397531	0.4511857	2.622967	0.0766444	0.6342091	2.683527	-0.102935	0.6284125	2.495696	0.04365993	-0.08987448	2.606439	-0.01249985	0.02875783	2.525709	0.2048312	-0.6214975	2.580099	0.02856658	-0.464734	2.590639	

0.1992168	0.4147683	2.809867	-0.04334268	0.41803	2.449695	0.2503143	0.2525869	2.841892	-0.01179524	0.2692548	2.440471	0.2396177	0.2611196	2.808	-0.1114482	0.3380287	2.471933	0.09501201	1.176621	2.704897	0.02985238	1.067165	2.691594	0.03748441	0.9922695	2.693222	0.06011019	0.7599083	2.689231	0.09063475	0.4379346	2.674462	0.1007273	0.9088451	2.792642	-0.07111202	0.9107724	2.576708	0.1146689	0.409831	2.651307	0.06409074	0.4513417	2.623107	0.07595778	0.6338927	2.682906	-0.1037177	0.6277431	2.495178	0.04469875	-0.08994977	2.60708	-0.03953876	0.0668236	2.521946	0.2061842	-0.6281883	2.581749	0.02076818	-0.4252586	2.585058	

0.2139896	0.3868394	2.826312	-0.0433182	0.4179558	2.449406	0.2401433	0.2346714	2.813735	-0.01034736	0.268684	2.433835	0.2385933	0.2446569	2.79575	-0.1027235	0.3348251	2.431812	0.09059167	1.176534	2.703859	0.02889458	1.066414	2.690987	0.03672832	0.9914114	2.692531	0.06002845	0.7588722	2.688364	0.09157528	0.4370526	2.673513	0.09977223	0.9080942	2.792034	-0.07214877	0.9109784	2.575888	0.1149901	0.4080491	2.649272	0.06573386	0.451392	2.622731	0.1551971	0.6610049	2.801798	-0.1050091	0.6280209	2.494067	0.04481057	-0.09169547	2.606281	-0.03821648	0.05851291	2.522679	0.2059068	-0.6279941	2.581659	0.02294902	-0.4331485	2.587389	

0.1968021	0.4139954	2.807036	-0.04284171	0.4170582	2.448305	0.2491546	0.2514166	2.828725	-0.01445201	0.2621332	2.42906	0.2403	0.2611216	2.802439	-0.08969294	0.3390543	2.41725	0.08981797	1.17667	2.699737	0.02583693	1.065881	2.687715	0.03442093	0.9907891	2.689859	0.0594762	0.7583656	2.687269	0.09189987	0.4368989	2.673412	0.09672343	0.9075567	2.788766	-0.07433844	0.909939	2.573184	0.1149309	0.4083587	2.648866	0.06717571	0.4506379	2.6231	0.07268812	0.6323192	2.679487	-0.1060646	0.6264545	2.492872	0.04272607	-0.09109894	2.604207	-0.03929484	-0.04235622	2.551795	0.203944	-0.6203702	2.577104	0.03477722	-0.5340151	2.603114	

0.2121814	0.3873784	2.824102	-0.04338314	0.4175601	2.447086	0.2449702	0.2317247	2.824735	0.02426819	0.250392	2.443967	0.2345161	0.2328934	2.7925	-0.0981869	0.2865366	2.455533	0.08927894	1.175854	2.697511	0.02424525	1.065825	2.685457	0.0328394	0.9910591	2.687401	0.05820595	0.7598882	2.684336	0.09161308	0.4416982	2.670034	0.09513654	0.9074966	2.786512	-0.07547697	0.9099674	2.571789	0.1132283	0.4156456	2.646998	0.06786727	0.4550968	2.617493	0.1532369	0.6613739	2.799474	-0.1067683	0.6264571	2.491361	0.04264835	-0.0842575	2.602938	-0.02471078	-0.0414725	2.556921	0.204219	-0.6200886	2.578926	0.03738435	-0.5339616	2.602056	

0.2113197	0.3871354	2.822649	-0.002289727	0.4386531	2.458689	0.2491546	0.2514166	2.828725	0.07282207	0.2779089	2.427112	0.2407968	0.2645616	2.8038	-0.01969768	0.3437488	2.40876	0.08832042	1.176446	2.695334	0.02284678	1.065336	2.683344	0.0306552	0.9899329	2.684255	0.0530476	0.7558156	2.677334	0.08176875	0.4320034	2.657686	0.09374241	0.9070045	2.784401	-0.07696368	0.9094124	2.569441	0.110405	0.4108537	2.642543	0.04700162	0.4395702	2.594125	0.1523734	0.6610584	2.798031	-0.06147973	0.6421173	2.501572	0.04134837	-0.08941683	2.60036	-0.009035456	-0.06222729	2.578864	0.2027521	-0.6126246	2.575706	0.07264519	-0.4217542	2.598793	

0.1952621	0.4162408	2.804621	-0.0429787	0.4164514	2.445668	0.2489784	0.2512389	2.826725	-0.01664976	0.2553969	2.430996	0.238596	0.2583809	2.79684	-0.08390798	0.3397497	2.423611	0.08786052	1.176294	2.694072	0.02213625	1.065389	2.682139	0.0302018	0.9897236	2.683445	0.05315904	0.7551364	2.677281	0.08431862	0.4290937	2.660422	0.0930341	0.9070556	2.783197	-0.0775146	0.9094387	2.568674	0.1080577	0.4097762	2.639297	0.07299379	0.4271199	2.624485	0.06932976	0.631631	2.674095	-0.1079736	0.6256946	2.488466	0.04255106	-0.09095839	2.600645	-0.0002626259	0.04174002	2.513988	0.2033689	-0.6158442	2.577603	0.04023267	-0.4520834	2.577555	

0.2101829	0.3920442	2.820104	-0.007189585	0.4370596	2.459111	0.2401433	0.2346714	2.813735	0.06970224	0.2699549	2.438479	0.2327628	0.2502249	2.781	-0.02380486	0.3417878	2.407444	0.08480349	1.177297	2.692348	0.02196933	1.065448	2.680159	0.0301165	0.9900209	2.681892	0.05348388	0.7561702	2.676768	0.08638953	0.4354787	2.662005	0.09286842	0.9071107	2.78122	-0.07803929	0.9095652	2.567067	0.1070706	0.4126099	2.640027	0.07331324	0.4486292	2.616661	0.1517077	0.6611999	2.795304	-0.06412929	0.6414515	2.500557	0.04339481	-0.08855293	2.602233	-0.00685113	-0.04966013	2.542891	0.2053116	-0.6168497	2.57871	0.03846975	-0.5432463	2.593519	

0.1563074	0.4269977	2.753782	-0.04833444	0.415516	2.442592	0.1929466	0.3398422	2.74125	-0.006334398	0.2556899	2.433229	0.1857745	0.3548435	2.708556	-0.1073813	0.312996	2.441652	0.08632472	1.176593	2.68931	0.02250975	1.065838	2.678761	0.03052156	0.9905349	2.680861	0.05387143	0.7573263	2.676678	0.08673169	0.439109	2.664099	0.09340806	0.9074976	2.779824	-0.07815928	0.9098548	2.565387	0.1068141	0.4147831	2.641307	0.07148463	0.4522383	2.617136	0.03875821	0.6534742	2.632646	-0.109053	0.6259874	2.485684	0.04144062	-0.08633855	2.598945	-0.04254168	-0.04012877	2.552497	0.2044341	-0.6174603	2.577716	0.04364309	-0.5442435	2.600542	

0.1575688	0.4264905	2.752261	-0.04730193	0.4151857	2.442055	0.1929777	0.3386964	2.738548	0.00120657	0.254348	2.433068	0.1857833	0.3545086	2.707763	-0.1061641	0.3151652	2.442163	0.08765136	1.176266	2.687177	0.02304212	1.065445	2.677193	0.03105037	0.9897963	2.679519	0.05470387	0.7553801	2.676248	0.0884048	0.4318872	2.665578	0.09393987	0.9071029	2.778256	-0.07838602	0.9095913	2.564241	0.1066479	0.4121922	2.63762	0.0727822	0.4326895	2.627056	0.03973728	0.6528891	2.631173	-0.1095753	0.6257135	2.484561	0.04043392	-0.08878413	2.600867	-0.04937951	-0.05535216	2.537284	0.2053747	-0.6222016	2.58336	0.0404191	-0.5421278	2.600707	

0.1580177	0.4265231	2.751417	-0.04858807	0.4154782	2.44119	0.1922998	0.3381151	2.737485	-0.01512138	0.2681046	2.42579	0.1855053	0.3541216	2.706976	-0.08391771	0.3356593	2.412444	0.09030624	1.174284	2.684111	0.02368927	1.064153	2.673656	0.03108958	0.9890926	2.676235	0.05325767	0.7563764	2.673707	0.08142812	0.4384319	2.661596	0.09458712	0.9058056	2.77472	-0.07866602	0.9096073	2.562152	0.1035255	0.4127803	2.637098	0.05119404	0.4633873	2.605115	0.03981386	0.6514146	2.628185	-0.1101355	0.6257092	2.48266	0.0386163	-0.08838294	2.598832	-0.0462772	0.03264612	2.533514	0.2045494	-0.62054	2.581945	0.02700409	-0.4589019	2.589342	

0.1585223	0.4262665	2.750617	-0.04992009	0.4155453	2.440298	0.1922055	0.3375669	2.736269	0.07534975	0.2712362	2.442675	0.1853676	0.3535945	2.705811	-0.06659283	0.2861928	2.424579	0.09217383	1.173426	2.682178	0.02435714	1.064249	2.672436	0.03130077	0.9893023	2.675275	0.05229431	0.7572103	2.673186	0.07699372	0.4410384	2.662308	0.09525388	0.9058996	2.773502	-0.07858448	0.9095519	2.561393	0.1010598	0.4137985	2.637214	0.04788988	0.4634691	2.608225	0.0405318	0.6512709	2.627385	-0.1102906	0.6256499	2.482024	0.04085676	-0.08794993	2.599596	-0.04643663	0.03494478	2.531615	0.2020564	-0.6156176	2.575934	0.02598915	-0.4569148	2.588277	

0.1982947	0.4141879	2.798116	-0.05235632	0.4158975	2.439359	0.2221127	0.2949761	2.802763	0.0109471	0.2721328	2.434547	0.2148177	0.3102318	2.770049	-0.1094298	0.3138402	2.457125	0.09989992	1.16823	2.676625	0.03021938	1.063268	2.666841	0.03630841	0.987763	2.670883	0.05531311	0.7547002	2.672147	0.08146796	0.4333616	2.665377	0.1011044	0.9049087	2.767908	-0.07641851	0.9094555	2.55832	0.1029966	0.411485	2.636136	0.06159092	0.4342758	2.628261	0.07474413	0.6280714	2.663209	-0.1106938	0.6252986	2.481229	0.0415991	-0.09009328	2.598871	-0.04567724	0.03590802	2.529416	0.2182825	-0.4151029	2.562726	0.02465667	-0.45613	2.588243	

0.1996142	0.4147314	2.803781	-0.05517727	0.4185469	2.438466	0.223139	0.2967448	2.817241	0.0164211	0.2730758	2.434805	0.215697	0.3127983	2.786413	-0.1101633	0.3180886	2.449533	0.1146565	1.163915	2.669513	0.03483227	1.061379	2.663268	0.03875278	0.9859819	2.667964	0.05360683	0.7525114	2.670346	0.06564318	0.4272388	2.663857	0.1057077	0.9030151	2.764334	-0.07446762	0.9099789	2.556399	0.09816288	0.4042585	2.632286	0.01766785	0.4383479	2.62388	0.07726065	0.6251935	2.663189	-0.1107738	0.6257083	2.480836	0.04287297	-0.09786725	2.599556	-0.04578169	0.04134867	2.526008	0.1984853	-0.5973025	2.571579	0.01892738	-0.4504814	2.592737	

0.1706144	0.4219929	2.745	-0.05728227	0.4168715	2.438393	0.1975723	0.3476492	2.781816	-0.007021472	0.2743407	2.438346	0.1903916	0.362637	2.749125	-0.1189811	0.309258	2.45675	0.1382786	1.159059	2.654657	0.05422957	1.059077	2.652321	0.05897123	0.9817386	2.657905	0.07308081	0.7430497	2.665754	0.09618484	0.4099741	2.668018	0.1250622	0.9006951	2.753387	-0.06709082	0.9119969	2.551215	0.1059292	0.4030184	2.631123	0.08489155	0.3999213	2.633831	0.05821482	0.6451963	2.614244	-0.1106056	0.6276646	2.480439	0.04557761	-0.09851193	2.599526	-0.06657957	0.06722204	2.511902	0.2088944	-0.6463796	2.582548	0.007924684	-0.4227416	2.582708	

0.1959514	0.41828	2.732736	-0.07099444	0.4063505	2.440555	0.2167233	0.3451463	2.773955	-0.01703599	0.2617172	2.445313	0.2094459	0.3601424	2.74127	-0.1331038	0.3084154	2.462467	0.1640867	1.150103	2.640903	0.08295485	1.055018	2.636847	0.08447719	0.978443	2.645091	0.09011118	0.7415347	2.659874	0.1022733	0.4117589	2.667877	0.1537231	0.8966104	2.737911	-0.04395437	0.9111362	2.537628	0.1162691	0.4036161	2.633807	0.08916698	0.4056649	2.629716	0.0816189	0.6406947	2.602329	-0.1118675	0.6295882	2.477883	0.04785759	-0.09695608	2.599264	-0.06443858	0.0717106	2.516484	0.2075917	-0.6445949	2.581229	0.009670002	-0.4184487	2.586598	

0.2362563	0.4054026	2.710572	-0.1017748	0.3474186	2.448129	0.2597306	0.3321096	2.750248	-0.08618312	0.1980483	2.460988	0.2522312	0.3471575	2.717576	-0.1456583	0.2747254	2.4305	0.1838477	1.146829	2.621176	0.1222119	1.042737	2.614481	0.1099581	0.9688358	2.629364	0.09157836	0.7386964	2.65751	0.07556447	0.4096016	2.675508	0.192891	0.8843021	2.715533	-0.01808987	0.91167	2.528115	0.1081366	0.3934776	2.637345	0.02915473	0.422446	2.641182	0.1230824	0.6278893	2.579551	-0.110347	0.6360296	2.475964	0.04554127	-0.1076854	2.600413	-0.06535342	0.06779963	2.521717	0.2061313	-0.6413564	2.578764	0.03301201	-0.4213244	2.570677	

0.03967949	0.3125907	2.477794	-0.1154798	0.3416069	2.451972	0.02472342	0.1859333	2.47697	-0.1020871	0.1845244	2.453282	-0.02496024	0.3003291	2.423	-0.1900979	0.2587464	2.440968	0.2809329	1.096994	2.585117	0.1741224	1.008037	2.590242	0.1623769	0.9346812	2.603821	0.1256834	0.7082663	2.636483	0.07569414	0.4061057	2.674382	0.1988909	0.8423907	2.65221	0.03060536	0.8876178	2.505276	0.1098173	0.3740534	2.6501	0.03561281	0.4191188	2.62228	0.1283014	0.5861377	2.516546	-0.108043	0.6304622	2.472217	0.06894189	-0.128615	2.586012	-0.0828456	0.06413348	2.527689	0.1455046	-0.6062896	2.514319	0.02745055	-0.4227667	2.572278	

0.1848324	0.4562646	2.853717	-0.1307198	0.3496673	2.449156	0.1876692	0.4235713	2.840653	-0.116409	0.1797246	2.459115	0.1643048	0.4284825	2.7965	-0.1907201	0.2372693	2.44869	0.2853442	1.091929	2.582611	0.1793935	1.004216	2.588109	0.1658374	0.9318638	2.602469	0.1260729	0.7074152	2.63639	0.07312704	0.403032	2.674848	0.20415	0.8385701	2.650073	0.03182334	0.8866531	2.504938	0.1084243	0.37028	2.654062	0.03305691	0.4184162	2.620533	0.1952529	0.6573557	2.793638	-0.1063625	0.629491	2.468677	0.07094325	-0.1323732	2.586167	-0.03433045	-0.03461057	2.519848	0.145609	-0.6055788	2.512298	0.04769572	-0.5242597	2.581315	

0.1747198	0.2854907	2.890874	-0.1303352	0.324439	2.448361	0.2078985	0.2146134	2.939592	-0.1680733	0.1978059	2.475257	0.1844628	0.2205557	2.89533	-0.1835452	0.2822059	2.423559	0.3134111	1.057351	2.567621	0.2068195	0.9735014	2.575874	0.1853168	0.9059158	2.591807	0.1278374	0.6932579	2.630115	0.0548592	0.3883575	2.667472	0.2449252	0.8098595	2.685585	0.04862146	0.8595078	2.497524	0.09947218	0.3624588	2.660023	0.001125397	0.3978876	2.58777	0.1986663	0.551579	2.795754	-0.1064811	0.6124149	2.461889	0.08319301	-0.140085	2.577326	0.01789624	-0.106778	2.523785	0.1440737	-0.6036801	2.504372	0.03979673	-0.5438374	2.596617	

0.230902	0.3052571	2.824428	-0.1039493	0.2852532	2.447159	0.2318115	0.2648635	2.806725	-0.120726	0.1522278	2.46629	0.2060498	0.2902326	2.771222	-0.1645251	0.2423732	2.425121	0.33809	1.015927	2.547718	0.2288853	0.9285275	2.563315	0.2081198	0.8608475	2.5827	0.1418934	0.6572114	2.632102	0.05583356	0.3726216	2.682168	0.266001	0.7616394	2.679935	0.07501067	0.8165751	2.486139	0.100353	0.3557809	2.687695	0.008507541	0.3713461	2.604321	0.2139869	0.516327	2.810429	-0.08560208	0.5733489	2.448342	0.1129179	-0.1413446	2.564515	0.04040002	-0.1301919	2.514585	0.1426478	-0.5930363	2.510263	0.04173931	-0.5438066	2.593426	

0.2260054	0.2979668	2.793725	-0.1040571	0.2827384	2.445004	0.2440914	0.2120896	2.770739	-0.122873	0.1447679	2.464416	0.1990864	0.2867909	2.755538	-0.1582345	0.225204	2.423222	0.3397728	1.011087	2.546524	0.2301874	0.9254672	2.561136	0.2087959	0.8583515	2.580928	0.1416337	0.6536871	2.63078	0.05235999	0.3686193	2.683935	0.2668777	0.7577104	2.67685	0.07617515	0.81408	2.485218	0.09565556	0.3555792	2.68854	0.007069922	0.3660919	2.60612	0.2170407	0.5111554	2.806035	-0.08438824	0.5707888	2.447802	0.1370256	-0.06007212	2.621337	0.09759934	-0.1287996	2.524344	0.1435448	-0.5536656	2.517244	0.04996301	-0.5426025	2.585675	

0.2635652	0.2729362	2.774108	-0.0789358	0.2810189	2.427785	0.2990945	0.1060076	2.728432	-0.06972408	0.1099022	2.437404	0.2602154	0.1638123	2.692556	-0.1274092	0.2202354	2.446066	0.355278	0.9660203	2.53086	0.2466882	0.8753372	2.544074	0.2264795	0.8071637	2.562207	0.1640697	0.5964679	2.60808	0.07841045	0.3071195	2.66063	0.2793922	0.747569	2.668167	0.09124746	0.7674018	2.466862	0.1155624	0.2927785	2.65163	0.03901629	0.3128009	2.594521	0.2461628	0.4850881	2.773091	-0.06751803	0.5226421	2.433962	0.2568508	-0.1085767	2.562535	0.1368549	-0.1615066	2.501031	0.1302029	-0.5889085	2.515725	0.05480955	-0.5441228	2.581069	

0.2736463	0.2438284	2.761907	-0.005553609	0.211886	2.401232	0.335333	0.08048677	2.724723	0.02928736	0.06726849	2.3988	0.276469	0.2003868	2.71575	-0.04243384	0.1167075	2.4002	0.356744	0.9585311	2.52037	0.251942	0.866692	2.528713	0.2357926	0.7970016	2.545699	0.1911363	0.5795795	2.586399	0.1325452	0.2823169	2.635988	0.3042875	0.7137961	2.641165	0.09972777	0.7526172	2.455772	0.1673206	0.2708111	2.624304	0.09396686	0.2857858	2.572562	0.2719648	0.4562992	2.755862	-0.03528444	0.4990136	2.412203	0.2545075	-0.2174203	2.544826	0.1851774	-0.1408444	2.476671	0.1335529	-0.5904275	2.512954	0.04651629	-0.5355062	2.582016	

0.3066605	0.2463136	2.741963	0.007758367	0.2085595	2.386929	0.3601427	0.0855831	2.738708	0.07006007	0.03988092	2.386129	0.3201506	0.1481919	2.693444	-0.02709671	0.1030593	2.437	0.3575996	0.9571868	2.512216	0.2544088	0.8655078	2.521866	0.2389451	0.7964267	2.53952	0.1939215	0.5811505	2.583033	0.1349015	0.2865792	2.633444	0.3073785	0.7216663	2.636813	0.1047033	0.7482109	2.449789	0.1714181	0.2816794	2.622161	0.09542829	0.2865827	2.569718	0.2741979	0.463342	2.749897	-0.02597957	0.4951912	2.403658	0.2950406	-0.1032642	2.509712	0.1920945	-0.144133	2.477416	0.1509525	-0.5256116	2.692399	0.04598478	-0.5373014	2.580521	

0.2940175	0.2926782	2.849141	0.08279118	0.2302509	2.296083	0.3307319	0.2348301	2.789797	0.1494803	0.07528418	2.274018	0.2909196	0.296715	2.744553	0.08693033	0.1099463	2.339857	0.3597821	0.9647933	2.496466	0.2635013	0.8693503	2.501206	0.2469637	0.8005327	2.520401	0.1972201	0.5866588	2.569143	0.1319878	0.2935049	2.623195	0.3248233	0.7226137	2.624155	0.1248782	0.7466898	2.426514	0.1663047	0.2891488	2.610104	0.0940988	0.291048	2.561504	0.2938358	0.4615215	2.732469	0.01002637	0.5065564	2.348557	0.3648016	-0.02284679	2.486129	0.2276697	-0.1414722	2.471789	0.1883586	-0.4457949	2.677915	0.04654784	-0.5354009	2.578871	

0.3413636	0.3670594	2.810419	0.1337249	0.4114231	2.102061	0.3871839	0.2306297	2.764491	0.2452606	0.3238019	2.006758	0.3470823	0.2925279	2.719283	0.1616982	0.345	2.040605	0.4216574	1.029329	2.45365	0.3229167	0.9392576	2.451367	0.3112768	0.8688917	2.472214	0.2746283	0.6511383	2.526495	0.223591	0.3517499	2.590544	0.3890042	0.7909669	2.577744	0.1904842	0.8088714	2.364701	0.2527231	0.3421358	2.57956	0.1879901	0.3512316	2.526859	0.3565817	0.5290394	2.685526	0.03023225	0.6072495	2.254364	0.4380926	-0.0008989428	2.450728	0.1802359	-0.1163375	2.451308	0.3344266	-0.3839529	2.566455	0.0469889	-0.533892	2.578564	

0.3555299	0.3799671	2.802896	0.09549948	0.4464462	2.115681	0.4012975	0.2434879	2.756985	0.2000599	0.3307819	2.010915	0.3611234	0.3053209	2.711795	0.1274441	0.3586031	2.040583	0.4434231	1.043529	2.443193	0.3372918	0.9523561	2.443705	0.3256873	0.8816517	2.464258	0.2891383	0.662873	2.517695	0.2382849	0.3621259	2.580638	0.4033392	0.8040305	2.570117	0.2028966	0.8215617	2.362267	0.2708292	0.3509657	2.569093	0.1994065	0.3628893	2.517378	0.3708178	0.5420126	2.677969	0.03034575	0.6141248	2.251322	0.4490184	-0.07122532	2.456526	0.1872149	-0.1098215	2.446851	0.3693741	-0.4597371	2.596512	0.04692271	-0.5294486	2.579308	

0.3843361	0.3914542	2.791516	0.08158687	0.4470992	2.119876	0.4299969	0.2549295	2.745627	0.1469367	0.3129069	2.030132	0.3896767	0.3167034	2.700466	0.08442394	0.3527192	2.053957	0.4689919	1.052624	2.429542	0.3665297	0.9640276	2.432155	0.3509826	0.8933933	2.452104	0.3047415	0.6749753	2.503843	0.2443217	0.3761199	2.563121	0.4324926	0.8156648	2.558604	0.224641	0.8405822	2.353333	0.282661	0.3589276	2.545587	0.2001157	0.3840038	2.50344	0.3997664	0.5535612	2.666544	0.03514748	0.6350436	2.252113	0.4587852	-0.08623248	2.458803	0.2601777	-0.008185067	2.400413	0.4399462	-0.480549	2.574812	0.0856791	-0.4519288	2.545989	

0.4189006	0.3874211	2.777368	0.04652464	0.4414138	2.131412	0.4644302	0.2509025	2.731495	0.08529688	0.2804751	2.040901	0.4239323	0.3126926	2.686363	0.02580179	0.3450581	2.063667	0.5119033	1.048185	2.407222	0.4016329	0.960003	2.417917	0.3830781	0.8903158	2.438063	0.3256539	0.6742183	2.491225	0.2513519	0.3764965	2.554438	0.4674903	0.8116254	2.544373	0.2437734	0.8435218	2.349197	0.2952881	0.3555768	2.528419	0.2024113	0.3852901	2.501383	0.4345069	0.549522	2.652366	0.0412605	0.6477395	2.255052	0.4654201	-0.1110157	2.451414	0.3150713	0.002019438	2.369017	0.4961831	-0.504849	2.54529	0.152236	-0.4493357	2.5063	

0.4526136	0.2995956	2.660042	-0.05261237	0.4157149	2.176332	0.4979538	0.1633204	2.614142	-0.09374183	0.2602976	2.120211	0.4571817	0.2255105	2.569029	-0.1085674	0.3453346	2.125867	0.5922652	0.9741659	2.367018	0.5023665	0.8787039	2.384553	0.4787133	0.8148613	2.40849	0.4047461	0.6170625	2.472148	0.3022601	0.3448964	2.548858	0.5019644	0.7235073	2.426993	0.2544382	0.7822336	2.318728	0.3678939	0.3154562	2.525008	0.2185858	0.3718803	2.49938	0.4685094	0.4614774	2.534986	0.06929479	0.645503	2.267038	0.4953746	-0.1697297	2.444726	0.4414426	-0.01190897	2.286523	0.5729301	-0.5803579	2.515545	0.2469084	-0.3954498	2.469827	

0.5223621	0.1867745	2.640482	-0.04701397	0.3561216	2.244825	0.5674166	0.05092201	2.594559	-0.1114808	0.2132232	2.209746	0.5262735	0.1136941	2.549497	-0.1058981	0.2914359	2.2183	0.686838	0.8506873	2.349615	0.5733472	0.7644629	2.365432	0.5484144	0.7010177	2.39268	0.4701957	0.5047747	2.466116	0.3615893	0.2351914	2.55559	0.572731	0.6094157	2.407716	0.4016863	0.6719752	2.310196	0.417223	0.2203937	2.53902	0.2953566	0.2431363	2.497582	0.5386558	0.3481081	2.515493	0.1248797	0.5784395	2.295426	0.4987844	-0.1943316	2.387787	0.4923239	-0.06263163	2.274566	0.5249244	-0.6255473	2.331676	0.2974507	-0.4458353	2.457901	

0.497875	0.329328	2.452294	-0.01010971	0.3289396	2.272225	0.5499697	0.2393951	2.405918	-0.07896147	0.1710414	2.237967	0.5296534	0.2378786	2.368667	-0.06649339	0.2567637	2.255461	0.7000172	0.7918017	2.354185	0.5836961	0.7210853	2.363837	0.5608887	0.6496974	2.393137	0.4868321	0.4387428	2.472965	0.3837831	0.1494276	2.570681	0.5657691	0.4921142	2.378927	0.4072646	0.632086	2.312149	0.4370311	0.1273794	2.547097	0.3193502	0.167147	2.519577	0.3936405	0.3811517	2.290362	0.1356755	0.5248042	2.306473	0.5105571	-0.2134653	2.38402	0.5022367	-0.1214757	2.284254	0.5453264	-0.7096475	2.308141	0.5082056	-0.4901733	2.229424	

0.5279567	0.27189	2.450347	0.01873806	0.2600811	2.289898	0.5964345	0.1989648	2.395375	-0.03911415	0.1037342	2.244061	0.5819622	0.1962917	2.363	-0.02205118	0.2240683	2.2932	0.7117088	0.7275643	2.355825	0.5990351	0.6490799	2.36211	0.577046	0.5831021	2.39448	0.5075966	0.3795644	2.483033	0.4107307	0.1007383	2.592244	0.5962596	0.4339611	2.377048	0.4250052	0.5556799	2.314667	0.4671144	0.07786609	2.56293	0.3424885	0.1207195	2.546898	0.4239145	0.3233735	2.288459	0.1501164	0.4600898	2.32233	0.5524595	-0.2794645	2.401096	0.4590556	-0.1184492	2.253648	0.540466	-0.7749391	2.313911	0.5433846	-0.4788834	2.222544	

0.6437684	0.05371087	2.523531	0.1655899	-0.07280035	2.276306	0.6701216	0.05264803	2.588122	0.1295623	-0.1910209	2.266212	0.6555142	0.05081365	2.555737	0.1353385	-0.1204138	2.2817	0.772251	0.5567986	2.350018	0.6652976	0.4775725	2.352821	0.6442011	0.4082859	2.377216	0.5771639	0.1953083	2.441588	0.48319	-0.09576169	2.518137	0.6503993	0.2055601	2.357822	0.4897151	0.3592244	2.287837	0.5308776	-0.1137826	2.508636	0.4212058	-0.07489765	2.453423	0.5748144	0.003582726	2.34531	0.2845417	0.1514776	2.286327	0.5967609	-0.1411341	2.112752	0.6591333	-0.25221	2.202188	0.5680061	-0.6414783	2.136394	0.7473226	-0.6104226	2.1698	

1.030339	0.1386154	2.166852	0.7163024	0.2147777	2.076835	0.9854389	0.1074114	2.106846	0.8712181	0.2338639	2.025703	0.9965308	0.1336511	2.16	0.861744	0.1908108	2.037867	0.8685452	0.6542887	2.267996	0.7570191	0.5752744	2.287079	0.7364809	0.5048527	2.312665	0.6707507	0.2879526	2.381	0.5780815	-0.009042593	2.463271	0.763063	0.3775364	2.33713	0.5826517	0.4648711	2.212576	0.6174185	-0.01529371	2.443548	0.5214314	-0.002515904	2.409378	0.8959964	0.1263092	2.337123	0.4480546	0.2371835	2.18045	0.5501807	-0.1524029	2.071248	0.7243702	-0.2009771	2.14158	0.5206614	-0.6533636	2.085493	0.411413	-0.3705314	2.246766	

0.9445558	0.1612211	2.257019	0.8505642	0.3227428	2.055872	1.006145	0.160847	2.117461	0.9866002	0.2937432	2.001651	0.966749	0.222862	2.183207	0.8619819	0.2377715	2.036188	0.8702392	0.6699679	2.263954	0.7600886	0.5937215	2.282141	0.7410131	0.5242415	2.309541	0.6807327	0.3119777	2.383982	0.599179	0.02506641	2.47829	0.7727567	0.4010518	2.329951	0.585972	0.4771207	2.208507	0.647734	0.0192904	2.457444	0.5342295	0.03107954	2.42592	0.8959956	0.1531186	2.335679	0.7858794	0.3622543	2.098692	0.5107933	-0.2240186	2.174112	0.5479593	0.01765498	2.023102	0.6551181	-0.5638508	2.148274	0.5087898	-0.3532185	2.011224	

1.077781	0.1593622	2.098215	0.8228311	0.2470676	2.005912	1.148098	0.1303828	1.950261	0.9647728	0.234125	1.964165	1.107619	0.192549	2.016571	0.8520806	0.2107185	1.97525	0.886465	0.7497707	2.231137	0.7831012	0.6654357	2.24716	0.7673618	0.5951944	2.26806	0.7162034	0.3784335	2.322577	0.6432483	0.08096259	2.386795	0.8255317	0.4552161	2.295308	0.6137812	0.539247	2.166993	0.6871587	0.06701551	2.377264	0.579613	0.09245164	2.323354	0.9558281	0.1983237	2.2744	0.554823	0.3126778	2.078227	0.596957	-0.2195593	2.120174	0.5863005	-0.05304193	1.948827	0.6323553	-0.5753364	2.20109	0.5205976	-0.4195786	1.956514	

1.098721	0.1724759	2.073741	0.5853758	0.0008475175	2.035624	1.168925	0.143436	1.925842	0.623781	-0.08387392	1.969171	1.12829	0.2055189	1.992252	0.58631	-0.08966054	2.059407	0.915381	0.7696506	2.199493	0.8043944	0.678817	2.222489	0.7957503	0.6079712	2.236261	0.7613383	0.3847199	2.275196	0.708193	0.07686438	2.321769	0.8467736	0.4685369	2.270702	0.6448002	0.5501969	2.146243	0.7510495	0.06783185	2.322978	0.6432201	0.08351973	2.248289	0.9768887	0.2115065	2.249891	0.5370264	0.2775717	2.109699	0.4697767	-0.1654776	2.185223	0.6452009	-0.08711228	1.885521	0.620838	-0.502834	2.159041	0.5934384	-0.4557337	1.892037	

1.132207	0.1880038	2.031392	0.3150316	0.1204477	2.192015	1.202225	0.1588883	1.883582	0.2168402	-0.02021359	2.274262	1.16133	0.2208693	1.950165	0.3045927	0.02994647	2.238875	0.9424406	0.7852932	2.161924	0.8384737	0.6947211	2.179832	0.8302248	0.6223606	2.19538	0.8016805	0.3989154	2.233969	0.7592208	0.09191329	2.277046	0.8807661	0.4843464	2.228143	0.6773662	0.5641468	2.112241	0.8073193	0.08511846	2.262243	0.687158	0.09582353	2.220185	1.010577	0.2271231	2.207482	0.4765108	0.3557077	2.153041	0.5132834	-0.1413102	2.141855	0.7299392	0.04059546	1.824729	0.6182789	-0.4951941	2.153391	0.6283756	-0.307301	2.158118	

1.134844	0.1894037	2.025836	0.326238	0.2318208	2.215955	1.204843	0.1602806	1.878035	0.1911005	0.09179755	2.274391	1.162953	0.2217347	1.946703	0.2619911	0.1136015	2.272583	0.9451768	0.786006	2.158277	0.8411649	0.696166	2.174244	0.833187	0.6247488	2.185049	0.8038816	0.4058148	2.199458	0.7568973	0.1041254	2.210318	0.8834499	0.4857783	2.222567	0.6803307	0.5669756	2.107011	0.798429	0.09415799	2.191238	0.6908421	0.1107376	2.157948	1.013233	0.2285321	2.201921	0.4719233	0.3867771	2.167007	0.5139838	-0.1592651	2.155461	0.4984822	-0.2141615	2.107913	0.6212299	-0.512923	2.156864	0.4712186	-0.5749222	2.174226	

1.096319	0.2330999	1.834217	0.2707348	0.3729082	2.223135	1.164365	0.2099105	1.68418	0.1267328	0.2673622	2.315637	1.123069	0.2714621	1.751074	0.1965768	0.2695893	2.275059	0.9833159	0.7929058	2.107582	0.8814	0.7080263	2.116563	0.8713911	0.6372978	2.127465	0.8373465	0.4186643	2.152317	0.7840931	0.1163392	2.180844	0.9235737	0.4975204	2.165001	0.7183042	0.5811506	2.056302	0.8333932	0.1049852	2.15363	0.7100927	0.1232548	2.136176	0.9801204	0.2537169	2.017325	0.4698669	0.4735433	2.156605	0.5455668	-0.1442465	2.089386	0.6059306	-0.2216076	1.993508	0.6518384	-0.4982587	2.092427	0.5769203	-0.5841815	2.051839	

1.068884	0.1937692	1.859857	0.2727596	0.3587467	2.209726	1.137074	0.170767	1.70973	0.1273296	0.2689271	2.295023	1.095969	0.2325827	1.776465	0.2130093	0.2638659	2.217714	1.016199	0.7858368	2.079497	0.912405	0.7024422	2.09415	0.9014539	0.6320026	2.105154	0.8645576	0.414199	2.130384	0.813033	0.1137269	2.154084	0.954486	0.4919202	2.142616	0.7477635	0.5743291	2.033293	0.8528489	0.1009203	2.135692	0.7474412	0.1236176	2.10084	0.9525205	0.2141806	2.04303	0.4961944	0.4633387	2.124498	0.5662842	-0.1492365	2.065821	0.51983	-0.1800806	2.075496	0.6717107	-0.5024904	2.082391	0.5263853	-0.5473484	2.111392	

1.071235	0.1900846	1.847216	0.2915479	0.3046318	2.172415	1.139392	0.1670946	1.697102	0.1522925	0.2144004	2.271289	1.098236	0.2289298	1.763869	0.2356621	0.2247701	2.181519	1.027752	0.7810596	2.070122	0.9250287	0.698387	2.085676	0.9147249	0.6277539	2.095622	0.8797408	0.409371	2.117381	0.8278288	0.1089328	2.138479	0.9670702	0.487863	2.134148	0.7596917	0.5691505	2.02271	0.8724966	0.09529734	2.114259	0.7566893	0.1194946	2.091241	0.9549007	0.2104839	2.030385	0.512131	0.444623	2.109003	0.5791867	-0.1485219	2.051804	0.574652	-0.2051915	1.987415	0.6788341	-0.5034091	2.069453	0.6165472	-0.5714372	2.008311	

0.8759769	-0.07349214	1.892268	0.5139681	0.0516748	1.972847	0.7961017	-0.1745355	1.889849	0.4266162	-0.1102641	1.9934	0.8845587	-0.1974301	1.897152	0.4945472	-0.05055724	1.992667	1.080603	0.7373015	2.022661	1.006677	0.6376957	2.030399	0.9986667	0.5690635	2.03729	0.9701809	0.3569844	2.050195	0.9271653	0.0650651	2.059407	1.048419	0.427217	2.07884	0.8435715	0.4961744	1.958649	0.9592616	0.04762444	2.060515	0.8639938	0.08036416	1.989414	1.034975	0.1520661	1.969604	0.6535701	0.271842	1.975736	0.6780232	-0.2064664	1.975486	0.5288233	-0.07640664	2.056567	0.774156	-0.5617524	1.993314	0.5870688	-0.442738	2.031391	

0.8795606	-0.06614719	1.886081	0.6016032	-0.0161894	1.902193	0.8092304	-0.1760217	1.868139	0.5327917	-0.1653651	1.876585	0.8810307	-0.1341237	1.8401	0.6035758	-0.1016278	1.9186	1.084868	0.7350271	2.017413	1.010239	0.6363682	2.026083	1.000921	0.5674377	2.035234	0.9709706	0.3530636	2.052241	0.9232063	0.04932263	2.077886	1.05689	0.3795698	1.983671	0.8484828	0.4946355	1.952882	0.9634421	0.02212172	2.073306	0.850574	0.07166038	2.01869	1.038327	0.1465327	1.95896	0.7010978	0.2387906	1.939568	0.6794835	-0.2165734	1.948143	0.507138	-0.09475011	1.939919	0.775547	-0.5718254	1.965945	0.5627542	-0.4618401	1.921248	

0.8248535	-0.06159566	1.912558	0.7232531	-0.01323193	1.848918	0.7137866	-0.04554248	1.832754	0.7037604	-0.168848	1.808469	0.779687	-0.1129804	1.851191	0.8052392	-0.09402023	1.859718	1.116475	0.7148007	1.981936	1.015869	0.6348907	2.015777	1.008246	0.564809	2.027677	0.9855778	0.3461083	2.052805	0.9611604	0.03796944	2.089684	1.050529	0.3782703	1.970383	0.8478822	0.4927427	1.946942	1.004048	0.02020638	2.082966	0.8871137	0.05402361	2.028475	1.050577	0.1215937	1.942751	0.7311617	0.2232723	1.907352	0.7009955	-0.1985737	1.965688	0.889896	-0.02523835	1.52755	0.8594335	-0.5298672	1.983389	0.9002733	-0.09050009	1.13045	

1.314408	0.1533505	1.756374	1.037505	0.283899	1.667388	1.291226	0.1232981	1.657246	1.130649	0.315522	1.61538	1.35366	0.05473013	1.677674	1.109441	0.3266601	1.626071	1.119427	0.7586201	1.893981	1.038603	0.6643046	1.923674	1.032599	0.5930803	1.933381	1.009925	0.3727667	1.954996	0.9743912	0.06923433	1.975972	1.108213	0.4474899	1.914095	0.8727683	0.5308798	1.867855	1.015932	0.03508288	1.980914	0.899343	0.1010947	1.903273	1.230532	0.2088928	1.949997	0.8517424	0.2975128	1.770152	0.7688415	-0.2069404	1.788105	0.8889591	0.06510407	1.481301	0.9264393	-0.5383683	1.805843	0.8923481	0.02264855	0.9964343	

1.323299	0.2085777	1.732988	1.061345	0.3539466	1.649608	1.30137	0.1822533	1.633555	1.134798	0.3858626	1.612345	1.363705	0.1132935	1.654098	1.095964	0.3922496	1.631211	1.122038	0.7586172	1.88467	1.041043	0.6645029	1.918273	1.036541	0.5950948	1.926165	1.021531	0.3849224	1.939322	1.002566	0.1057447	1.94463	1.187113	0.5022976	1.965186	0.8826394	0.5293847	1.850521	1.042862	0.06720512	1.969013	0.925056	0.1377402	1.854263	1.235512	0.2523331	1.927714	0.8433951	0.3144853	1.764038	0.8470233	-0.171176	1.716929	0.9124976	0.05231286	1.435727	1.003913	-0.502943	1.734908	0.9136268	-0.04836847	0.9632215	

1.28154	0.1012451	1.836999	1.026939	0.3813876	1.560388	1.24325	0.01822837	1.796382	1.096698	0.4677057	1.556325	1.306298	-0.04964495	1.81633	0.9851515	0.4130135	1.576895	1.123737	0.7555097	1.786546	1.060736	0.656431	1.818118	1.060768	0.5915266	1.831868	1.056116	0.3903396	1.865725	1.044716	0.1128738	1.903229	1.2088	0.5428593	1.875241	0.8909479	0.5225221	1.749771	1.08186	0.09421723	1.907351	0.9707353	0.1277494	1.833157	1.245957	0.3104965	1.853548	0.8423946	0.3282754	1.647835	0.8670012	-0.1451061	1.651765	0.8934817	0.05604662	1.332525	1.023504	-0.4770238	1.669832	0.8399161	-0.001246551	0.9417235	

1.033695	0.08139739	1.638689	0.9871589	0.2914096	1.494131	0.9487459	0.0504891	1.607037	1.038119	0.3198869	1.475419	0.9747085	0.03446712	1.5945	0.9924963	0.3196833	1.4602	1.109161	0.7439119	1.714815	1.048644	0.6374307	1.74841	1.046268	0.5721239	1.75464	1.034379	0.3695504	1.765988	1.013306	0.08958333	1.773481	1.192262	0.4751515	1.770359	0.8841511	0.500098	1.691944	1.059947	0.05391173	1.787664	0.9290763	0.1220676	1.693742	1.238752	0.2453664	1.773194	0.8078197	0.2972637	1.609659	0.8372424	-0.1671389	1.540553	0.8920831	0.04009944	1.236594	0.9934902	-0.4989266	1.558476	0.868265	-0.04089741	0.7996247	

0.8776254	0.1065786	1.429858	0.9032003	0.1343517	1.462831	0.7775235	0.04366197	1.376682	0.9759564	0.07291318	1.39958	0.8037158	0.02763224	1.364013	0.9503633	0.1162804	1.38696	1.08467	0.7429319	1.62959	1.032621	0.6416138	1.667693	1.02933	0.5711725	1.676893	1.014492	0.3525887	1.697361	0.9890017	0.05029953	1.716985	1.13997	0.4668758	1.651752	0.8823035	0.5007261	1.633895	1.038828	0.02159673	1.692852	0.901317	0.07714187	1.675624	1.042312	0.2086335	1.536366	0.7906166	0.262713	1.596702	1.067314	0.008388814	1.229818	0.9634182	0.04716421	1.216547	1.109712	-0.004603182	0.7867483	1.03811	0.01808869	0.7780217	

0.9198074	0.04364773	1.449545	0.8491181	0.100505	1.466615	0.8581834	-0.03712049	1.455812	0.9252341	0.005310544	1.366513	0.9079903	-0.008014338	1.365339	0.8318291	0.08617087	1.4402	1.080752	0.7375197	1.619818	1.027959	0.641742	1.653961	1.026065	0.5712346	1.667794	1.013931	0.3525544	1.69645	0.989213	0.05013437	1.720401	1.090804	0.4670571	1.602056	0.8701963	0.5130225	1.626171	1.039176	0.02091367	1.694892	0.9013643	0.07781085	1.680937	1.050161	0.1994733	1.534012	0.7906144	0.2663777	1.595743	1.103339	0.07579007	1.239837	0.9495498	0.05258216	1.219547	1.181205	0.1311367	0.8051009	1.010401	0.02827924	0.7786331	

0.9202771	0.01557152	1.463063	0.7749975	0.02254628	1.480622	0.8522764	-0.1217898	1.44346	0.8480614	-0.1023489	1.413221	0.8671769	-0.1310177	1.4494	0.772024	-0.04529157	1.3828	1.060318	0.7337155	1.557616	1.007164	0.6348304	1.589091	1.003253	0.5655305	1.607733	0.9870672	0.3502708	1.658014	0.9690728	0.05153302	1.716812	1.047759	0.4635479	1.540467	0.8514427	0.5125262	1.576075	1.027682	0.02085612	1.677254	0.8596302	0.08157847	1.694361	1.016239	0.2088299	1.490218	0.7877746	0.2656465	1.554061	0.918089	0.04870443	1.224743	0.7795712	0.102623	1.170222	0.8227285	0.07718833	0.7923052	0.7278374	0.1190785	0.7949892	

0.9838887	-0.004292363	1.434008	0.7526315	0.0844171	1.501299	0.9285567	-0.0242435	1.382476	0.8417275	-0.04490989	1.427611	0.9731479	-0.01063185	1.393555	0.8377473	-0.01769158	1.405	1.059783	0.7361887	1.547682	1.005016	0.6344314	1.575879	1.002264	0.564269	1.595704	0.9887643	0.3463642	1.647354	0.9696119	0.04447933	1.707835	1.031483	0.4497488	1.510192	0.8491938	0.5111987	1.567243	1.036594	0.008230233	1.653837	0.8607432	0.07702074	1.690964	1.010006	0.205042	1.482308	0.767297	0.3053733	1.584451	0.9162359	0.0482939	1.204938	0.7975346	0.07595354	1.164139	0.8102971	0.0889608	0.7759838	0.7582771	0.07586141	0.7868633	

0.9087009	-0.0303782	1.415282	0.6164007	0.008330575	1.559335	0.8283578	-0.1081599	1.406887	0.5609783	-0.1053627	1.606472	0.9277378	-0.01508723	1.376813	0.609745	-0.07319522	1.540283	1.027662	0.7181169	1.46932	0.9852504	0.6255558	1.510414	0.9796104	0.5555203	1.539746	0.9620017	0.3390833	1.625338	0.9199246	0.03659435	1.722118	0.9887183	0.4132671	1.457642	0.8357196	0.5052603	1.513262	0.9904423	-0.006429916	1.656102	0.8142802	0.07858238	1.721474	0.9691767	0.1756414	1.44354	0.7357281	0.2273594	1.528435	0.9290472	0.1971639	1.243026	0.8029195	0.0594402	1.19151	0.8808451	0.401783	0.8503138	0.8015113	0.04587723	0.8120813	

0.794762	-0.1209202	1.299613	0.5417954	-0.05445323	1.432463	0.7022003	-0.2627103	1.232928	0.5472587	-0.1237422	1.469416	0.8018517	-0.1680345	1.202928	0.5737501	-0.0869912	1.412037	0.891354	0.4895635	1.369258	0.8551717	0.3756267	1.380846	0.8499534	0.3121891	1.407551	0.8282314	0.1151593	1.480196	0.7918712	-0.156695	1.568501	0.8584869	0.162642	1.327442	0.7544593	0.3208475	1.383512	0.831877	-0.1995429	1.52242	0.7178086	-0.1070659	1.547275	0.9413256	-0.001423916	1.413545	0.6488572	0.1298647	1.406559	0.9146499	0.1722331	1.347057	0.6787655	-0.2015871	1.026117	1.025358	0.5966337	1.173307	0.6565704	-0.2730587	0.6525997	

