0.5816014	-0.1192944	2.979257	-0.08918047	-0.1443918	3.006969	0.587756	-0.239778	2.991681	-0.08654378	-0.2616551	3.030264	0.5991362	-0.154864	2.953273	-0.118283	-0.1481466	2.977695	0.2500738	0.6774552	2.920302	0.2392065	0.5330104	2.973689	0.2428887	0.4555054	2.986992	0.2532588	0.2181849	3.01724	0.2664443	-0.1050596	3.047556	0.4310559	0.4330458	3.004706	0.05996308	0.4329284	2.985713	0.3476043	-0.1036616	3.01268	0.1785226	-0.1037991	3.005318	0.5205382	0.1406392	3.03326	-0.02524655	0.1181056	3.035766	0.4278243	-0.5476151	3.144818	0.1717532	-0.5377053	3.166707	0.4797352	-0.916509	3.209757	0.1896175	-0.9268543	3.245224	

0.581674	-0.1195865	2.979216	-0.08922624	-0.1444735	3.006948	0.596059	-0.2323315	2.987038	-0.08816075	-0.2643675	3.038778	0.6054379	-0.1170439	2.962455	-0.1282954	-0.1288801	2.9905	0.2501105	0.6774254	2.920271	0.2392015	0.5329635	2.973673	0.2428911	0.4554867	2.98697	0.2532995	0.2182165	3.017196	0.2666839	-0.1047428	3.047434	0.4310321	0.4330545	3.004691	0.05992871	0.4329265	2.985616	0.3478425	-0.103334	3.012567	0.1787591	-0.1035014	3.005207	0.5208177	0.140458	3.033249	-0.02526968	0.1180836	3.035756	0.427852	-0.547436	3.144805	0.17151	-0.5378189	3.166846	0.4796697	-0.9198039	3.209235	0.1889309	-0.9258612	3.245218	

0.5817283	-0.1194419	2.979144	-0.08977217	-0.1441867	3.006626	0.5876438	-0.239754	2.991175	-0.09441696	-0.2521566	3.016093	0.6010428	-0.1413929	2.95308	-0.1253008	-0.1633811	2.989286	0.2501357	0.6774272	2.920251	0.2390995	0.5329861	2.973662	0.2428174	0.455519	2.986952	0.2532741	0.2182891	3.017159	0.2667393	-0.1045506	3.047355	0.4309846	0.4331002	3.004589	0.05993573	0.4329347	2.985535	0.3478997	-0.1031259	3.012492	0.1788123	-0.1033294	3.005137	0.520896	0.1406163	3.033113	-0.02544511	0.1182576	3.035749	0.427781	-0.5465306	3.1448	0.1712503	-0.5373151	3.166608	0.4798166	-0.919685	3.209135	0.1882843	-0.9243152	3.245577	

0.581376	-0.1194976	2.978942	-0.08966564	-0.1439387	3.006647	0.5849565	-0.2328243	2.987272	-0.08654761	-0.2616712	3.030422	0.593497	-0.1401128	2.952724	-0.1256392	-0.136843	2.9888	0.2504112	0.6773222	2.920615	0.2390957	0.5329904	2.973653	0.2428137	0.4555287	2.986947	0.253278	0.2183396	3.017202	0.2667654	-0.1044173	3.047555	0.4309893	0.4328204	3.004434	0.0598897	0.4330646	2.985421	0.3479145	-0.1031037	3.012569	0.1788526	-0.1030065	3.005536	0.5209121	0.1405832	3.033112	-0.02556356	0.1185297	3.035743	0.4278685	-0.5466648	3.14513	0.1707389	-0.5385907	3.16771	0.479994	-0.9195687	3.209038	0.1874385	-0.9225987	3.245507	

0.5809289	-0.1193315	2.978687	-0.08945743	-0.1434825	3.005624	0.5800507	-0.2399956	2.994011	-0.08204965	-0.2619357	3.017587	0.5905963	-0.1510852	2.950762	-0.1239942	-0.14559	2.985792	0.2509031	0.6773002	2.92086	0.2392516	0.5331295	2.973779	0.2429316	0.4556849	2.987068	0.2532952	0.2185763	3.017326	0.2665789	-0.1040168	3.047713	0.4309259	0.4325652	3.004087	0.05988118	0.4330683	2.985415	0.3477545	-0.102813	3.012725	0.1786464	-0.1025052	3.005697	0.5209488	0.1407252	3.033235	-0.02552802	0.1188974	3.035561	0.427811	-0.5464123	3.145098	0.1706593	-0.5384028	3.167635	0.479886	-0.9195383	3.209065	0.1870622	-0.9217945	3.246019	

0.580752	-0.1193138	2.97852	-0.08923212	-0.1428846	3.004297	0.578005	-0.240342	2.993412	-0.08345535	-0.2551702	3.019085	0.5924969	-0.1515446	2.94904	-0.115848	-0.1423504	2.969622	0.2512029	0.6773262	2.921255	0.2393865	0.5332106	2.973872	0.2430493	0.4558165	2.987152	0.2533668	0.2189585	3.017406	0.2664867	-0.1030771	3.047768	0.4310085	0.4325046	3.004095	0.05988788	0.4330608	2.985338	0.3476615	-0.101947	3.012681	0.1785598	-0.1015253	3.005877	0.5209494	0.1406679	3.033222	-0.02550264	0.1193778	3.035369	0.4334144	-0.5716946	3.158094	0.1704102	-0.5370626	3.167463	0.4798854	-0.9195338	3.209062	0.1864665	-0.920673	3.246521	

0.5807464	-0.1193949	2.978454	-0.08902013	-0.1425191	3.003432	0.5822127	-0.2324666	2.980707	-0.08423484	-0.2531349	3.011365	0.5959527	-0.1467205	2.952946	-0.1255712	-0.1588559	3.000334	0.2512995	0.6775234	2.921436	0.2393588	0.5333119	2.973837	0.2430185	0.4559734	2.987104	0.2533342	0.2193396	3.0173	0.2664691	-0.1023766	3.047565	0.4309579	0.4325874	3.003503	0.05991857	0.4333882	2.985342	0.3476501	-0.101376	3.012423	0.1785374	-0.1007054	3.00576	0.5209516	0.1405447	3.033096	-0.02527254	0.1196523	3.034999	0.4311863	-0.5569496	3.150393	0.1700678	-0.5359545	3.167325	0.479926	-0.9197763	3.208953	0.1867333	-0.9183766	3.245328	

0.5807953	-0.1191558	2.978054	-0.08888882	-0.1427469	3.003278	0.5859936	-0.2320677	2.992544	-0.07725494	-0.2594217	3.01579	0.592056	-0.1228278	2.949829	-0.1215209	-0.148085	2.989842	0.2510267	0.6783239	2.922485	0.2390041	0.5342323	2.974745	0.2426905	0.456825	2.987912	0.2530853	0.2199624	3.017828	0.2663215	-0.1020871	3.047788	0.430835	0.4328208	3.002989	0.05986555	0.4334915	2.985466	0.3475159	-0.1010828	3.012585	0.178381	-0.1004372	3.006056	0.5210874	0.1407239	3.033098	-0.02511897	0.1193998	3.034896	0.4306319	-0.5536292	3.149938	0.170139	-0.5359779	3.167859	0.4802481	-0.9218031	3.209931	0.1867706	-0.9183575	3.245398	

0.5807366	-0.1190398	2.97789	-0.08835592	-0.1434282	3.002235	0.5869375	-0.2344023	2.999102	-0.07769653	-0.2599228	3.010076	0.583666	-0.1557004	2.941928	-0.1152497	-0.1633831	2.987476	0.2498477	0.6794286	2.923316	0.2389961	0.5349476	2.975084	0.2426837	0.4574787	2.98822	0.2530811	0.2204149	3.018039	0.2663193	-0.1019171	3.047877	0.4306173	0.4338431	3.001922	0.05967586	0.4336131	2.98562	0.3475177	-0.1007794	3.012502	0.1783741	-0.1003071	3.006394	0.5212656	0.1409373	3.033103	-0.02492238	0.1187808	3.034987	0.4258142	-0.5408586	3.145094	0.1701014	-0.5361456	3.168315	0.4802964	-0.9193859	3.21076	0.1865121	-0.9179007	3.245582	

0.5789797	-0.1150292	2.977497	-0.08335617	-0.147162	3.00197	0.5825703	-0.2090144	2.980694	-0.06421425	-0.2642493	3.016647	0.5947343	-0.09394297	2.954333	-0.1081768	-0.1535286	2.988909	0.2452385	0.6817822	2.924792	0.2371248	0.5366212	2.974745	0.2410306	0.4590976	2.98803	0.2519846	0.2218685	3.018218	0.2657872	-0.1006969	3.048436	0.4274925	0.4389203	2.997751	0.05826414	0.4334645	2.987232	0.3466552	-0.09760965	3.011851	0.1778103	-0.09994792	3.008166	0.5207009	0.1457715	3.030554	-0.02257328	0.115802	3.035184	0.4262478	-0.5413533	3.145279	0.1701229	-0.5352101	3.168353	0.4804851	-0.9200156	3.210858	0.186781	-0.9186401	3.246055	

0.5777447	-0.1178699	2.967329	-0.08072107	-0.1636951	3.003015	0.5673319	-0.2090794	2.981097	-0.05898638	-0.2679796	3.00395	0.5902443	-0.1462531	2.949	-0.09973484	-0.1451841	2.990882	0.2379261	0.6831979	2.929231	0.2351823	0.5367914	2.975611	0.2396433	0.4588564	2.989539	0.2512361	0.219455	3.022012	0.2677728	-0.1114342	3.059302	0.4254456	0.4391575	2.996573	0.05408831	0.4301191	2.991079	0.34844	-0.1056546	3.018423	0.1801198	-0.1147079	3.023257	0.5213103	0.1466884	3.027707	-0.01535321	0.1024836	3.038301	0.4222664	-0.5166253	3.135797	0.1700378	-0.5184597	3.163622	0.479241	-0.9146745	3.21244	0.1869879	-0.9176571	3.246871	

0.574317	-0.1155897	2.957952	-0.06840238	-0.1730968	3.009327	0.5631524	-0.198848	2.96536	-0.05002211	-0.2777651	3.029664	0.5777161	-0.09955008	2.937823	-0.09233273	-0.1584046	2.987262	0.2305782	0.6840673	2.931499	0.2328906	0.53742	2.975873	0.2379849	0.4591694	2.989946	0.2509063	0.2193182	3.02253	0.2680616	-0.1114929	3.059654	0.4233956	0.4408228	2.995505	0.04773805	0.4241418	2.995143	0.3487076	-0.105528	3.018529	0.1804617	-0.1150028	3.023771	0.5202512	0.1482389	3.023772	-0.01270481	0.09534979	3.040667	0.4221328	-0.5127777	3.134778	0.1700991	-0.5183514	3.16377	0.4789956	-0.9077652	3.214653	0.1868411	-0.9148566	3.249261	

0.5704098	-0.1151178	2.956908	-0.06562685	-0.1761654	3.011971	0.5554789	-0.2071416	2.96763	-0.05136612	-0.2706952	3.022922	0.5777308	-0.1006056	2.938718	-0.09331819	-0.1583892	3.002412	0.2267963	0.6838604	2.931262	0.2308505	0.5374864	2.975715	0.2363295	0.4589468	2.990125	0.2501507	0.2182902	3.023576	0.2684476	-0.1132664	3.061491	0.4206493	0.4410714	2.992999	0.04596452	0.4233373	2.995867	0.3492099	-0.1069652	3.019672	0.1806655	-0.1168249	3.025826	0.519099	0.1499932	3.018761	-0.01015066	0.0924105	3.040615	0.4217861	-0.5116172	3.134045	0.1705153	-0.5149781	3.163304	0.4780765	-0.904623	3.215115	0.1868413	-0.9145122	3.249181	

0.5661928	-0.1149929	2.952481	-0.06383858	-0.180856	3.014833	0.5508735	-0.1975466	2.94757	-0.05315457	-0.2728541	3.023857	0.5733717	-0.1041042	2.929167	-0.09216265	-0.16424	3.008562	0.2231795	0.6837055	2.93106	0.2283825	0.5372061	2.975106	0.2345137	0.4586549	2.9898	0.2499468	0.2181255	3.023695	0.2690994	-0.1132248	3.061681	0.4183322	0.4408725	2.991415	0.04069477	0.4205348	2.999814	0.350142	-0.1068224	3.019231	0.1813405	-0.1168365	3.026486	0.5185964	0.150273	3.017309	-0.009846061	0.08807059	3.04234	0.4215989	-0.5104743	3.133778	0.1707111	-0.5149146	3.163505	0.4780847	-0.9022865	3.215831	0.1867888	-0.9136037	3.249024	

0.5712018	-0.110235	2.944881	-0.07672773	-0.1788892	3.019868	0.5877419	-0.2035883	2.954776	-0.1157797	-0.2929274	3.060718	0.5939621	-0.08398326	2.930215	-0.1228558	-0.1954628	3.03135	0.2202659	0.6835382	2.930666	0.2263131	0.5363649	2.974646	0.2328051	0.4578952	2.989539	0.2495357	0.2176953	3.023851	0.269457	-0.1132477	3.061863	0.4158995	0.4405326	2.989675	0.03873114	0.4195202	3.001316	0.3505765	-0.106814	3.019242	0.1816097	-0.1168791	3.026752	0.5181269	0.1526205	3.015076	-0.01134501	0.08744737	3.044027	0.4217036	-0.5103903	3.133925	0.1708001	-0.5150634	3.163891	0.4779982	-0.9020463	3.215871	0.1867348	-0.9129267	3.249125	

0.5753922	-0.1078322	2.941866	-0.0860223	-0.1779839	3.020876	0.6132291	-0.1870137	2.924962	-0.1515634	-0.2798626	3.059058	0.6105672	-0.07935233	2.933134	-0.1430927	-0.177393	3.041	0.2181436	0.6832778	2.930631	0.2254557	0.5361433	2.974952	0.2318218	0.4575162	2.989949	0.2486162	0.2167434	3.024677	0.2692246	-0.1140932	3.062589	0.4149954	0.440346	2.989191	0.03766903	0.4192889	3.002153	0.3504721	-0.1076246	3.019808	0.1812327	-0.1176742	3.027468	0.5182936	0.1535254	3.014393	-0.01332573	0.0863006	3.046016	0.4218211	-0.5100199	3.133953	0.1709359	-0.5138915	3.163887	0.4780695	-0.9018806	3.215784	0.1867788	-0.9120562	3.249231	

0.598178	-0.09811405	2.935	-0.1160467	-0.1685428	3.021986	0.6935622	-0.1765786	2.936763	-0.2196603	-0.2499125	3.053938	0.6338326	-0.04913444	2.93675	-0.1707284	-0.1419312	3.031294	0.2168158	0.6832371	2.930283	0.2246567	0.536028	2.974949	0.2311537	0.4574151	2.98995	0.2484963	0.2167025	3.024708	0.2695066	-0.113928	3.062534	0.4146967	0.4401453	2.988915	0.03714605	0.4190828	3.002675	0.3509031	-0.1074516	3.019567	0.181405	-0.1175101	3.027485	0.5205929	0.1563878	3.012111	-0.01838707	0.08727973	3.048038	0.421796	-0.5096135	3.133793	0.1710449	-0.5138155	3.164001	0.4778138	-0.9009853	3.216466	0.1866051	-0.9107438	3.251011	

0.6238383	-0.0904922	2.936955	-0.1449704	-0.150505	3.022922	0.6816528	-0.1902515	2.945859	-0.2187587	-0.2437706	3.043056	0.6576084	-0.07021183	2.927143	-0.189512	-0.1280259	3.026778	0.2161462	0.6829049	2.930192	0.223924	0.535675	2.974946	0.2304561	0.4570042	2.989951	0.2481484	0.2161746	3.02476	0.2696606	-0.1142829	3.062476	0.4142563	0.4394663	2.988569	0.03636289	0.4186097	3.003579	0.3511632	-0.1079624	3.019442	0.1814625	-0.1177316	3.027433	0.524845	0.1564598	3.011058	-0.0295563	0.09716617	3.050263	0.4214258	-0.5089082	3.133315	0.1710643	-0.5130149	3.163728	0.4773477	-0.8987428	3.216872	0.1868145	-0.9104635	3.25072	

0.6409105	-0.08370819	2.936744	-0.1563123	-0.1404004	3.025144	0.678532	-0.1775929	2.949501	-0.1827319	-0.2303782	3.038787	0.6941249	-0.1621478	2.947667	-0.1892039	-0.116075	2.990448	0.2155861	0.6827863	2.929415	0.2237663	0.5357423	2.975072	0.2303103	0.4570473	2.990031	0.2481094	0.2161664	3.024763	0.2698037	-0.1142321	3.062188	0.4142605	0.4393673	2.988557	0.0360484	0.4183379	3.00386	0.3513487	-0.1079175	3.019211	0.1815441	-0.1176615	3.026979	0.5353616	0.1593056	3.012599	-0.04528702	0.1082639	3.057682	0.4213412	-0.5086433	3.133233	0.1703049	-0.5130839	3.163742	0.4773101	-0.8988088	3.216854	0.1870277	-0.9087244	3.251313	

0.6506045	-0.08043176	2.942033	-0.1668113	-0.1347327	3.022448	0.6585571	-0.1910209	2.972558	-0.1980478	-0.2443019	3.039351	0.6739675	-0.1091256	2.948778	-0.2112498	-0.1331581	3.001273	0.2156383	0.6824694	2.928688	0.2236917	0.535656	2.974957	0.2301849	0.4568921	2.989886	0.2479092	0.2157036	3.024564	0.2697334	-0.1148823	3.061803	0.4142956	0.4388268	2.988735	0.03571305	0.4181263	3.004108	0.3513551	-0.108467	3.018799	0.1813544	-0.1184293	3.026543	0.5368313	0.159525	3.012573	-0.05072858	0.1105875	3.059856	0.421195	-0.5086802	3.133022	0.1699387	-0.5125075	3.163254	0.4769034	-0.8985291	3.216332	0.1870707	-0.909048	3.25136	

0.6537001	-0.0790218	2.943627	-0.1695613	-0.1311673	3.021109	0.6400576	-0.1670622	2.977642	-0.2051655	-0.24632	3.041573	0.6613833	-0.08967849	2.9408	-0.2107247	-0.1196302	3.005625	0.2158085	0.6825036	2.928333	0.2237074	0.5357715	2.975071	0.2301495	0.4569438	2.989939	0.2476585	0.2156306	3.024499	0.2688859	-0.1152221	3.061	0.4143995	0.4385409	2.988859	0.03519266	0.4184367	3.004375	0.3508551	-0.1088081	3.018377	0.179985	-0.118713	3.025089	0.539188	0.1603128	3.012979	-0.05389453	0.1135522	3.061046	0.4208782	-0.5078319	3.131894	0.169724	-0.5122131	3.163141	0.4769033	-0.8984814	3.21634	0.1871381	-0.9090616	3.251498	

0.6537383	-0.08094059	2.94664	-0.1734257	-0.1283094	3.012922	0.6641414	-0.1933141	2.967655	-0.1830496	-0.2471348	3.028691	0.6693675	-0.07605091	2.944	-0.2070013	-0.1786584	3.000555	0.2169262	0.6810048	2.928009	0.2238358	0.5353125	2.974863	0.2301372	0.4565109	2.989716	0.2473033	0.2151486	3.024177	0.2681375	-0.1154629	3.060425	0.4149223	0.437381	2.989406	0.03507334	0.4183195	3.004511	0.3502924	-0.1089503	3.017976	0.1790432	-0.119062	3.024282	0.540593	0.1590248	3.014092	-0.058	0.115227	3.05952	0.4207299	-0.5082414	3.131742	0.1695638	-0.5117559	3.162486	0.4769394	-0.8986031	3.216345	0.1873133	-0.9085817	3.251098	

0.6539168	-0.08121415	2.947329	-0.1733392	-0.1231	3.010858	0.6646548	-0.197641	2.946321	-0.1731178	-0.236947	3.016365	0.6650373	-0.0826491	2.92925	-0.2081449	-0.1041452	2.987846	0.2180205	0.6801625	2.927614	0.2240406	0.5348408	2.974419	0.2301807	0.4560497	2.989304	0.246997	0.2146226	3.023805	0.2674922	-0.1158499	3.060043	0.4153106	0.4365623	2.989515	0.03513924	0.4185445	3.004364	0.3498048	-0.1094147	3.017854	0.1781696	-0.119351	3.023519	0.5407059	0.1582321	3.014388	-0.05930684	0.1205195	3.057683	0.4207131	-0.5087297	3.131595	0.1689322	-0.5104068	3.161217	0.4763043	-0.9070296	3.215537	0.1872831	-0.9085098	3.251131	

0.6528803	-0.08243689	2.948425	-0.1726399	-0.1231038	3.008338	0.6645443	-0.1907513	2.94085	-0.1675008	-0.2451019	3.014696	0.665355	-0.12231	2.9195	-0.1858962	-0.1444677	2.96175	0.2196204	0.679624	2.927244	0.2244061	0.5342301	2.974246	0.230386	0.4555093	2.989143	0.2469449	0.2142017	3.023682	0.2673132	-0.1160227	3.059925	0.4161802	0.4357222	2.990716	0.03514408	0.418705	3.004247	0.3496121	-0.1095828	3.017844	0.1780039	-0.1195387	3.023268	0.5408366	0.157084	3.015417	-0.06070582	0.1208649	3.056144	0.4205011	-0.5088992	3.131302	0.1688626	-0.5098143	3.160835	0.4758279	-0.9100747	3.214755	0.1875389	-0.9084939	3.251041	

0.6482215	-0.08593487	2.951674	-0.171598	-0.1221436	3.005989	0.6696626	-0.1906215	2.938944	-0.1655772	-0.2459961	3.01728	0.6656801	-0.0758021	2.933584	-0.1947362	-0.1544341	2.989118	0.2212634	0.67897	2.926551	0.2247438	0.5338218	2.974314	0.2305944	0.4551236	2.989157	0.2469345	0.2137965	3.023581	0.2670987	-0.1163759	3.05959	0.4178384	0.4338976	2.993132	0.03584459	0.4193272	3.002853	0.3494237	-0.1099176	3.017653	0.1777803	-0.1198927	3.022773	0.5409418	0.1558618	3.016246	-0.06159083	0.1221437	3.054447	0.4203303	-0.5091412	3.131035	0.1688443	-0.5098096	3.160813	0.475766	-0.9110805	3.214701	0.1874255	-0.9086342	3.25097	

0.6458237	-0.08818834	2.951588	-0.1661998	-0.122697	3.000256	0.6820973	-0.1952031	2.943122	-0.1647169	-0.2486072	3.014363	0.6635827	-0.09150604	2.921385	-0.1880177	-0.1223881	2.969151	0.2236745	0.6787441	2.924917	0.2250338	0.5336478	2.974202	0.2307544	0.4549466	2.989051	0.2468695	0.2135421	3.023457	0.2666758	-0.1167195	3.05935	0.4184315	0.4325277	2.994038	0.03604127	0.419453	3.002436	0.3490148	-0.1102437	3.017614	0.1773415	-0.1202616	3.022291	0.5404597	0.1535974	3.018187	-0.06129319	0.1226772	3.05352	0.4199894	-0.5097577	3.130695	0.1688336	-0.5097285	3.160777	0.4755865	-0.9118877	3.214401	0.1874261	-0.9085202	3.251014	

0.6433954	-0.08892089	2.952688	-0.1641333	-0.1227973	2.999238	0.6745793	-0.1954906	2.939538	-0.1634484	-0.2452561	3.016531	0.6595798	-0.1254928	2.898643	-0.187062	-0.1515362	2.98695	0.2260441	0.6790146	2.924843	0.225364	0.5334825	2.974096	0.2309438	0.4547712	2.988976	0.24683	0.2132853	3.023438	0.266301	-0.1171115	3.059396	0.4189978	0.431427	2.99561	0.03677233	0.4201429	3.001471	0.3485503	-0.1110012	3.017964	0.1770178	-0.1204322	3.022159	0.539495	0.1530307	3.019737	-0.06060951	0.1227514	3.052765	0.4197708	-0.5097116	3.130517	0.1686411	-0.5092199	3.160468	0.4755908	-0.912213	3.214566	0.1872053	-0.9083554	3.251078	

0.6360566	-0.09468194	2.958032	-0.1550505	-0.1248007	2.998364	0.6539018	-0.2038303	2.94717	-0.1646185	-0.2366768	3.012654	0.6397104	-0.130656	2.908143	-0.1864842	-0.1424346	2.981465	0.2281008	0.6795756	2.924785	0.2262122	0.5335184	2.973676	0.2315655	0.4547253	2.988637	0.2470286	0.2131377	3.023294	0.2663168	-0.1172623	3.059343	0.4194922	0.4310213	2.996565	0.03717718	0.4203852	3.000877	0.3485702	-0.1111778	3.018068	0.177053	-0.1206298	3.021853	0.5382539	0.1501929	3.022051	-0.05500664	0.1221136	3.050514	0.4196569	-0.5097371	3.130388	0.1685978	-0.5092721	3.16045	0.4753397	-0.9127902	3.21432	0.1872206	-0.9084823	3.251261	

0.6213598	-0.1032256	2.968169	-0.1424725	-0.1330602	3.00033	0.6289555	-0.2168133	2.977087	-0.1567786	-0.2373523	3.021086	0.6312469	-0.1040975	2.952909	-0.1668235	-0.132859	2.993385	0.2297894	0.680128	2.925114	0.2266663	0.5337422	2.973806	0.2318	0.4548146	2.988708	0.2470194	0.2130967	3.023313	0.265814	-0.1176895	3.059287	0.4197456	0.4309056	2.996879	0.03896682	0.4204418	2.999042	0.3479451	-0.1119417	3.018529	0.1765072	-0.1208708	3.021338	0.5357205	0.1474788	3.025136	-0.0453551	0.1157444	3.04651	0.4193106	-0.5102875	3.130378	0.1684493	-0.5092962	3.160291	0.4752658	-0.9113497	3.214005	0.187151	-0.9084963	3.251207	

0.6166716	-0.1069961	2.973048	-0.1353426	-0.138225	3.003948	0.6166396	-0.2247095	2.9842	-0.1510622	-0.2387922	3.039375	0.6207059	-0.1037921	2.952693	-0.1550344	-0.1245015	2.99281	0.2314903	0.6812057	2.925009	0.2272319	0.5339612	2.973719	0.2322302	0.4549269	2.988626	0.2471526	0.2130244	3.023263	0.2658356	-0.1179036	3.05921	0.4201823	0.4300587	2.997331	0.04001594	0.4212513	2.998289	0.3480137	-0.1122707	3.01859	0.1765146	-0.1210039	3.021103	0.533311	0.1448403	3.02776	-0.04089206	0.112031	3.046437	0.4190139	-0.5101476	3.130207	0.1684991	-0.5090919	3.159891	0.4747162	-0.9079555	3.214638	0.1871595	-0.9085343	3.25123	

0.6085973	-0.11047	2.979718	-0.1277708	-0.1438716	3.013051	0.5896954	-0.2245044	2.991628	-0.1387688	-0.2377338	3.041237	0.6095609	-0.167444	2.95775	-0.1481098	-0.1218191	2.995619	0.2326503	0.6823428	2.925109	0.2282164	0.5345247	2.973613	0.2329059	0.4553149	2.988507	0.2472196	0.2130706	3.023201	0.2655582	-0.117952	3.059024	0.4203066	0.4301217	2.997516	0.04091169	0.4215999	2.997764	0.3478422	-0.1123933	3.018586	0.1760748	-0.1208537	3.020566	0.5314794	0.1440957	3.030338	-0.03855744	0.1091112	3.048063	0.4186081	-0.5085617	3.129496	0.1685422	-0.5084834	3.159422	0.475551	-0.904648	3.215628	0.1871761	-0.9080375	3.251511	

0.6046298	-0.1132782	2.981991	-0.1229515	-0.145534	3.01861	0.5890427	-0.2175118	2.995588	-0.132363	-0.2298518	3.031386	0.6123868	-0.104535	2.9685	-0.1414412	-0.1231986	3.00336	0.2333879	0.6826237	2.9253	0.2288368	0.5347192	2.973548	0.2334159	0.4554662	2.988455	0.2473552	0.2130911	3.023197	0.2655561	-0.1179535	3.059043	0.4204111	0.4300938	2.997547	0.04229115	0.4231025	2.997542	0.3478073	-0.1124356	3.01868	0.1760877	-0.120814	3.020532	0.5301982	0.1422798	3.032144	-0.03616525	0.1087299	3.049494	0.4184096	-0.5082268	3.129193	0.1684376	-0.508496	3.159182	0.4761331	-0.9021224	3.215811	0.187233	-0.9077621	3.251544	

0.6025587	-0.1155304	2.983911	-0.1196043	-0.1455659	3.02202	0.5884696	-0.2246606	3.012637	-0.1271044	-0.2390145	3.055386	0.5883318	-0.1396014	2.950089	-0.1363356	-0.1343318	2.996829	0.2343877	0.6836383	2.925682	0.2298544	0.5350865	2.973472	0.2342671	0.4557467	2.988384	0.247654	0.2131316	3.023164	0.2655623	-0.1179691	3.059055	0.4209076	0.4296326	2.997851	0.04283556	0.4232635	2.997455	0.3478292	-0.1124892	3.018702	0.1760937	-0.1208069	3.020528	0.5296735	0.140692	3.033306	-0.03427829	0.10946	3.050472	0.4182288	-0.5079807	3.128953	0.1684235	-0.507682	3.157999	0.4760366	-0.9001007	3.215939	0.1871696	-0.9075235	3.251574	

0.6017333	-0.1164263	2.983805	-0.1170621	-0.1469718	3.02802	0.594091	-0.2253414	3.005302	-0.123121	-0.2379685	3.04999	0.6148193	-0.1047781	2.967715	-0.1328582	-0.1295834	3.011105	0.2353515	0.6842065	2.926123	0.2307385	0.535241	2.973677	0.2350135	0.4558803	2.988528	0.2479306	0.2131692	3.023186	0.2655631	-0.1179637	3.059052	0.4209928	0.4293648	2.997874	0.04401454	0.4237549	2.997644	0.3478328	-0.1124593	3.018642	0.1760958	-0.1208063	3.020541	0.5288282	0.1398784	3.033419	-0.03268923	0.1087191	3.052128	0.4180858	-0.5076902	3.128734	0.1682547	-0.5071838	3.15755	0.4763387	-0.8991444	3.216298	0.1874287	-0.906748	3.251085	

0.601433	-0.116485	2.983854	-0.1159	-0.1463077	3.029774	0.601633	-0.2154123	2.989128	-0.118033	-0.2401085	3.055725	0.6206909	-0.102351	2.96475	-0.1269563	-0.1381155	3.002445	0.2360539	0.6846084	2.926316	0.231943	0.5358061	2.973573	0.2359019	0.4563313	2.988383	0.2480926	0.2133163	3.023031	0.2650484	-0.1178728	3.058623	0.4215544	0.4290037	2.997675	0.04521865	0.4247314	2.997819	0.3474446	-0.1126026	3.018208	0.1754498	-0.1203782	3.020102	0.5283739	0.139908	3.033293	-0.03115622	0.1093953	3.053324	0.4180468	-0.5076584	3.12873	0.1681516	-0.5072219	3.157482	0.4764006	-0.8985142	3.216318	0.1873144	-0.9066724	3.251028	

0.601395	-0.116469	2.983698	-0.1150367	-0.1454616	3.033992	0.607983	-0.2162005	2.993014	-0.1170625	-0.2409577	3.06668	0.6172047	-0.1475925	2.95	-0.1380374	-0.1176358	3.032333	0.2365656	0.6852516	2.926485	0.2324837	0.5362779	2.973747	0.2364375	0.4567613	2.988538	0.2484332	0.2135385	3.023111	0.2651005	-0.1178396	3.058657	0.4218381	0.4290807	2.997713	0.04579023	0.4251871	2.998175	0.3475158	-0.1125895	3.018264	0.1755214	-0.1202912	3.020113	0.5283626	0.1399932	3.033329	-0.02996884	0.1103432	3.054208	0.4180055	-0.5074798	3.128716	0.1680367	-0.5062756	3.157005	0.4765361	-0.8984811	3.21645	0.1873686	-0.9064993	3.250967	

0.6034452	-0.116806	2.981769	-0.1125809	-0.1444207	3.037887	0.6135402	-0.2152805	2.980453	-0.11822	-0.2390548	3.06023	0.6299278	-0.10093	2.957429	-0.1358955	-0.09619092	3.015667	0.2375317	0.6856237	2.92774	0.2327922	0.5365233	2.974073	0.2367152	0.4569681	2.988772	0.2485548	0.2136176	3.023144	0.2650978	-0.1178227	3.058571	0.4225427	0.4292207	2.997763	0.04634463	0.4257316	2.998238	0.3475377	-0.1126123	3.018217	0.1754959	-0.1201918	3.019958	0.5290315	0.1392234	3.032045	-0.02945101	0.1121732	3.054985	0.4178951	-0.506919	3.128196	0.1681016	-0.5054647	3.15631	0.4764528	-0.8985069	3.216353	0.1873582	-0.906484	3.250947	

0.6046154	-0.1171099	2.981204	-0.1108537	-0.1450223	3.040793	0.6192294	-0.2156293	3.002746	-0.1160743	-0.2397309	3.064656	0.6211367	-0.1541566	2.939909	-0.1330709	-0.170699	3.028818	0.2380119	0.6859355	2.928067	0.2330707	0.5366594	2.974153	0.2369598	0.4570841	2.988844	0.2486373	0.2136515	3.02318	0.2650666	-0.1178327	3.058595	0.4227577	0.429314	2.997654	0.04701975	0.4264179	2.998578	0.347478	-0.1126742	3.018264	0.1754781	-0.1201696	3.019966	0.5298166	0.138948	3.031134	-0.02834599	0.1118802	3.056851	0.4179011	-0.5069515	3.128209	0.1680708	-0.504825	3.155792	0.476279	-0.8984118	3.216365	0.1873187	-0.9065371	3.250914	

0.6051381	-0.1169437	2.980787	-0.1091319	-0.1442015	3.043468	0.6207826	-0.2161932	2.980784	-0.1105794	-0.2395617	3.062278	0.6254595	-0.1037961	2.943896	-0.1302264	-0.1596383	3.023445	0.2386805	0.686138	2.928856	0.2334642	0.5369298	2.974454	0.2372925	0.4573045	2.989072	0.2487471	0.2137176	3.023233	0.2650262	-0.1178439	3.05857	0.423421	0.4294575	2.997949	0.04868622	0.4276149	2.9982	0.3474493	-0.112753	3.018251	0.1754122	-0.1200913	3.019891	0.5299476	0.1390589	3.030918	-0.02755521	0.1131099	3.057805	0.4179013	-0.5069407	3.12822	0.1680764	-0.5048213	3.155804	0.4763603	-0.8976913	3.216905	0.1873831	-0.9065106	3.25096	

0.605481	-0.1182928	2.979122	-0.09422215	-0.1482519	3.059359	0.6165909	-0.2220153	2.996479	-0.08752725	-0.2413043	3.086266	0.6186344	-0.1328561	2.938395	-0.1073916	-0.1481905	3.029693	0.2398627	0.6866708	2.929871	0.2343187	0.5371689	2.974533	0.2380103	0.4575261	2.989125	0.2490232	0.2138387	3.023219	0.2649789	-0.1178063	3.058532	0.4240069	0.4289281	2.997728	0.04936786	0.4281293	2.998265	0.3474241	-0.1127594	3.018171	0.1753419	-0.1199813	3.01988	0.530695	0.1378207	3.030065	-0.02436654	0.1123421	3.06078	0.4179358	-0.5069892	3.128331	0.1683142	-0.5047765	3.155693	0.4768194	-0.8977204	3.217285	0.1873867	-0.9063643	3.250911	

0.6036832	-0.1190036	2.978931	-0.09191141	-0.1489065	3.069788	0.6046316	-0.2177538	2.989136	-0.08740475	-0.2428946	3.094266	0.6159909	-0.1128259	2.948684	-0.1123076	-0.1440452	3.062999	0.240551	0.6870404	2.929709	0.2352392	0.5375249	2.974595	0.238991	0.4578802	2.989231	0.2500168	0.2141206	3.023423	0.2655472	-0.1177024	3.058776	0.4245464	0.4282963	2.996889	0.05085958	0.4290857	2.997582	0.3479618	-0.1127161	3.018326	0.1760297	-0.1197769	3.020289	0.5304518	0.1377409	3.029704	-0.02037076	0.11109	3.066298	0.417946	-0.506825	3.128462	0.1683609	-0.5047486	3.155707	0.4770769	-0.8973919	3.217598	0.1874595	-0.9060469	3.250648	

0.6034985	-0.1194483	2.97859	-0.09473697	-0.1487547	3.071977	0.6016692	-0.2234271	2.996763	-0.098162	-0.2314868	3.089911	0.6179637	-0.1082301	2.9525	-0.1130239	-0.1290396	3.041167	0.2410533	0.6869938	2.929894	0.2357966	0.5376014	2.974427	0.2396037	0.4579597	2.989104	0.2507266	0.2141843	3.023417	0.2660988	-0.1176977	3.058918	0.4251941	0.4280213	2.996252	0.0519599	0.4298342	2.997107	0.3485159	-0.1128408	3.01833	0.176688	-0.1196066	3.020638	0.5304192	0.1374974	3.029396	-0.01946327	0.1103753	3.069059	0.4180921	-0.5066015	3.128609	0.168522	-0.5048694	3.155879	0.477181	-0.8969063	3.21768	0.1874025	-0.9057719	3.250598	

0.6047124	-0.1206947	2.978583	-0.1044055	-0.1440989	3.072958	0.6203897	-0.22189	2.996455	-0.1218855	-0.2252523	3.082209	0.6267437	-0.1379991	2.943621	-0.1304914	-0.117456	3.030045	0.2417952	0.6869794	2.929474	0.2369206	0.5375474	2.974218	0.2406827	0.4579186	2.988939	0.2515805	0.214159	3.023356	0.2664733	-0.1177238	3.058949	0.4259864	0.427907	2.995319	0.05300988	0.42968	2.996425	0.3490229	-0.1129828	3.018258	0.1770053	-0.1195345	3.020767	0.5313525	0.1364524	3.028457	-0.0203278	0.1125306	3.071195	0.4182415	-0.5065908	3.128715	0.1685768	-0.5047444	3.155781	0.4771559	-0.8968177	3.217623	0.1875245	-0.9045503	3.250504	

0.607123	-0.1221693	2.978819	-0.1104804	-0.1419792	3.073082	0.6266381	-0.2195931	3.005702	-0.1262474	-0.2254746	3.085123	0.6342003	-0.114592	2.950948	-0.1444445	-0.09182093	3.046072	0.2427387	0.6867886	2.929216	0.2375854	0.5376335	2.97383	0.2413568	0.4580332	2.988567	0.2522269	0.214339	3.023022	0.2668982	-0.1175171	3.058704	0.4274267	0.4277582	2.995126	0.05343817	0.4301551	2.99623	0.3495123	-0.1127967	3.017944	0.177371	-0.1193033	3.020592	0.5334038	0.1351062	3.026992	-0.02193175	0.1132354	3.073085	0.4183418	-0.5063558	3.128838	0.1687986	-0.5052994	3.156317	0.4771701	-0.8967927	3.217588	0.1872223	-0.903851	3.250684	

0.6099433	-0.1221195	2.978363	-0.1134011	-0.1408794	3.072971	0.6301608	-0.2175493	2.997386	-0.1293398	-0.2233593	3.072694	0.6339696	-0.1167299	2.946202	-0.1438296	-0.1086942	3.037417	0.2442391	0.6862214	2.929108	0.2383891	0.5377141	2.973467	0.241992	0.4581219	2.988281	0.2524475	0.2144158	3.02291	0.2668698	-0.1174723	3.058689	0.4279424	0.4278244	2.994514	0.05363226	0.4309164	2.99654	0.3494892	-0.1127753	3.017918	0.1773333	-0.1192147	3.020596	0.5341841	0.1345775	3.026273	-0.023423	0.1139038	3.074404	0.4186098	-0.5059495	3.128796	0.1690181	-0.5055018	3.156674	0.4772445	-0.8966193	3.217639	0.1871746	-0.90372	3.250647	

0.6121135	-0.1231716	2.977788	-0.1154231	-0.139467	3.072285	0.633895	-0.2166653	3.000222	-0.1279943	-0.2340533	3.086605	0.6322737	-0.113544	2.945101	-0.1456909	-0.1455501	3.039727	0.2453734	0.6861657	2.929029	0.239164	0.5380372	2.973409	0.2426758	0.4584194	2.988223	0.2528298	0.2146195	3.022852	0.2669089	-0.1174017	3.05866	0.4287913	0.4285773	2.994161	0.05399881	0.4314145	2.996335	0.3495001	-0.1127554	3.0179	0.1774224	-0.1190536	3.020562	0.5360192	0.1333951	3.025847	-0.02423777	0.114958	3.075325	0.4186666	-0.5058908	3.128869	0.1690159	-0.5054193	3.156739	0.4772947	-0.8966322	3.217596	0.1871291	-0.9032601	3.250584	

0.6139046	-0.1235578	2.978005	-0.1159721	-0.1391309	3.071505	0.6280026	-0.2229334	3.008362	-0.1259226	-0.2309349	3.077407	0.63813	-0.1161609	2.948812	-0.1363917	-0.1287381	3.023407	0.2465293	0.6861194	2.928497	0.240117	0.5381367	2.973079	0.2435114	0.4585437	2.987892	0.2533137	0.2147887	3.02253	0.2669728	-0.1172115	3.058365	0.4292347	0.4286658	2.994162	0.05415225	0.4316489	2.996361	0.3496334	-0.1126974	3.017627	0.1774026	-0.1186745	3.020215	0.5369346	0.1328411	3.025299	-0.02504844	0.1154414	3.075958	0.4186998	-0.5055835	3.128833	0.1690717	-0.5054191	3.156962	0.4772991	-0.8966229	3.217749	0.1871644	-0.9030679	3.250853	

0.6149372	-0.1236329	2.978396	-0.1171707	-0.1394046	3.070126	0.6302228	-0.2233204	2.998812	-0.1172667	-0.2305244	3.071979	0.6336483	-0.1195026	2.944705	-0.1313346	-0.1413446	3.019134	0.2477196	0.6863026	2.92748	0.2412783	0.538465	2.972764	0.2444874	0.4588406	2.987598	0.2537729	0.2149852	3.022305	0.2669734	-0.1171238	3.058239	0.4299191	0.4284415	2.994163	0.05434677	0.4317121	2.99625	0.3496388	-0.112652	3.017488	0.1773992	-0.1185429	3.020106	0.5374653	0.1326764	3.025188	-0.02540799	0.1149059	3.075922	0.4187405	-0.5055718	3.12882	0.1691322	-0.505201	3.156906	0.4772029	-0.8966383	3.217779	0.1870734	-0.9026277	3.250772	

0.6163387	-0.1276869	2.977726	-0.1135427	-0.1414591	3.065595	0.6277218	-0.2256179	2.994779	-0.09538181	-0.2384899	3.065837	0.6412573	-0.1593728	2.950813	-0.1157732	-0.1307036	3.015523	0.2490833	0.6858899	2.927172	0.2420181	0.5384976	2.972795	0.2450775	0.458849	2.98762	0.2539668	0.2149525	3.022305	0.2669076	-0.1171853	3.058229	0.4304585	0.4274124	2.993536	0.0547449	0.4321682	2.99608	0.3494871	-0.1129108	3.017457	0.1773734	-0.1185329	3.020108	0.5395417	0.1286802	3.02549	-0.02543089	0.1142209	3.07499	0.4187683	-0.5055268	3.128807	0.1691829	-0.5051182	3.156962	0.4772657	-0.8968644	3.217822	0.1870522	-0.9027014	3.250821	

0.6167133	-0.1289135	2.977849	-0.1099368	-0.1420703	3.061855	0.6295698	-0.2262631	3.003446	-0.09333751	-0.2301059	3.048161	0.631198	-0.1257999	2.948146	-0.1193888	-0.1274089	3.026167	0.2499172	0.6855785	2.926833	0.2421914	0.5384344	2.972482	0.2452394	0.4587969	2.98736	0.2540622	0.2149252	3.022174	0.2668924	-0.117194	3.058208	0.4311733	0.4271502	2.993374	0.0551929	0.4324087	2.995712	0.3494277	-0.112935	3.017442	0.1773851	-0.1185319	3.020074	0.5400929	0.1275905	3.024972	-0.02452175	0.1145562	3.07416	0.4187444	-0.5053672	3.128785	0.1695406	-0.5059722	3.157397	0.4772735	-0.8968719	3.217601	0.1872789	-0.9025639	3.250314	

0.6167586	-0.1292111	2.977944	-0.1066677	-0.1425974	3.060494	0.6241656	-0.2244466	2.9972	-0.09073264	-0.2378407	3.06252	0.6285323	-0.1177654	2.945267	-0.1039599	-0.1209467	3.013674	0.2507479	0.6852788	2.926543	0.2426498	0.5384159	2.972345	0.2455929	0.4587703	2.987262	0.2541498	0.2148935	3.022155	0.2667373	-0.1172787	3.058244	0.4316614	0.4268444	2.99346	0.05560778	0.4325283	2.995413	0.3491796	-0.1131811	3.017562	0.1772915	-0.1185253	3.020072	0.5401955	0.1273293	3.024918	-0.02375288	0.1148547	3.073531	0.4187764	-0.5052497	3.12887	0.1695001	-0.5059111	3.157551	0.4772411	-0.8968605	3.217624	0.1872114	-0.9027096	3.250606	

0.616672	-0.1299349	2.978457	-0.1003838	-0.1440009	3.058312	0.6215667	-0.2322846	3.008319	-0.08321209	-0.2404542	3.060123	0.630022	-0.137393	2.944828	-0.1118214	-0.1261736	3.02068	0.2516415	0.6849466	2.925806	0.2431121	0.5383993	2.972221	0.2459621	0.4587411	2.987159	0.2542613	0.2148478	3.022108	0.2665951	-0.1173822	3.058219	0.4318858	0.4261412	2.993311	0.05615526	0.4328593	2.9951	0.348985	-0.1134096	3.017571	0.177194	-0.1185406	3.020032	0.5402827	0.126764	3.024622	-0.02272892	0.1150922	3.072572	0.4188204	-0.5052055	3.128933	0.1694996	-0.505904	3.157558	0.4772912	-0.8966327	3.217843	0.187177	-0.902855	3.250432	

0.6161364	-0.1307421	2.979545	-0.09420145	-0.1448465	3.056261	0.6181103	-0.2310151	3.007396	-0.0754899	-0.2378059	3.050077	0.6265048	-0.1332171	2.951031	-0.1039615	-0.1189493	3.015929	0.2527744	0.6849802	2.924966	0.2438314	0.5381867	2.971819	0.2466128	0.4585327	2.986817	0.2546483	0.2146605	3.021933	0.2666127	-0.1174932	3.058201	0.4321823	0.4254115	2.993176	0.05677873	0.4332273	2.99452	0.3490088	-0.1136494	3.017582	0.1772086	-0.1185676	3.020008	0.5398086	0.1261197	3.024577	-0.02119404	0.1156001	3.071197	0.4189026	-0.504901	3.12905	0.1694649	-0.5057095	3.157465	0.4773787	-0.8966259	3.217867	0.1870611	-0.9026561	3.250402	

0.6156679	-0.1315882	2.980912	-0.0903777	-0.1448753	3.055738	0.6173784	-0.2339003	3.007823	-0.07095069	-0.2409544	3.054632	0.6298932	-0.135279	2.957103	-0.1020455	-0.1512627	3.027052	0.2540472	0.6848376	2.924253	0.2445522	0.5379146	2.97116	0.2472058	0.4583142	2.98629	0.2548754	0.2145664	3.021729	0.2665633	-0.117511	3.058194	0.4330214	0.4251168	2.993587	0.05737276	0.4336324	2.994035	0.348925	-0.1137056	3.017631	0.1771666	-0.1185545	3.019956	0.5397216	0.1255613	3.024543	-0.0199694	0.1163006	3.069139	0.4189075	-0.5048953	3.129085	0.169455	-0.5056478	3.157411	0.4774249	-0.8966203	3.217813	0.1867339	-0.9030078	3.250787	

0.6153421	-0.1324265	2.982707	-0.08805635	-0.1440181	3.054993	0.6231627	-0.2333642	3.017955	-0.07024427	-0.2473366	3.07098	0.6285919	-0.1333288	2.950884	-0.09134071	-0.1360826	3.012167	0.2553431	0.6850547	2.922793	0.2454212	0.5374776	2.970175	0.2479261	0.4579323	2.985475	0.2551638	0.2143374	3.021358	0.2664529	-0.1176143	3.058147	0.4330988	0.4250911	2.993526	0.05791158	0.4340641	2.99363	0.3487758	-0.1140225	3.017627	0.1770658	-0.1185335	3.019875	0.5396302	0.1249509	3.024988	-0.01898735	0.1175237	3.067652	0.4190167	-0.5048724	3.129149	0.1694206	-0.5056227	3.157366	0.4773958	-0.8965855	3.217951	0.1866748	-0.9029664	3.250991	

0.6160161	-0.1328091	2.986494	-0.08145724	-0.1455675	3.053054	0.6303389	-0.2175997	3.000447	-0.07315092	-0.2404491	3.06021	0.6304567	-0.09572858	2.966318	-0.1019698	-0.1591078	3.04353	0.2560537	0.6850358	2.922412	0.2454962	0.5374467	2.97013	0.2480401	0.4578846	2.98543	0.2553918	0.2142214	3.021338	0.2666034	-0.1177878	3.058239	0.433362	0.4245377	2.993598	0.0582441	0.4343432	2.993345	0.3489079	-0.1143699	3.017903	0.1772618	-0.1185942	3.019862	0.5396121	0.1247061	3.025559	-0.01839309	0.1174862	3.063961	0.4190695	-0.5048763	3.129356	0.1693853	-0.5056387	3.157387	0.4773076	-0.8965302	3.217875	0.1868332	-0.9031678	3.250741	

0.6156942	-0.1331611	2.989769	-0.07118379	-0.1492101	3.050353	0.6327249	-0.2177247	3.003738	-0.06895359	-0.2469753	3.066551	0.634427	-0.1251808	2.967867	-0.09980224	-0.1476613	3.052333	0.2568646	0.6851513	2.922061	0.2456408	0.5374321	2.970334	0.2481798	0.4578739	2.985597	0.2554825	0.2142187	3.021418	0.2665865	-0.1177841	3.058267	0.4339066	0.4242726	2.994572	0.05875141	0.434757	2.993042	0.3488749	-0.1143791	3.018087	0.1772458	-0.1185715	3.01984	0.5394548	0.1246785	3.026	-0.0169712	0.1158193	3.062632	0.4190702	-0.50485	3.129533	0.1694054	-0.5057314	3.157549	0.4775432	-0.8963729	3.217765	0.1870001	-0.9030147	3.25069	

0.6155607	-0.1329267	2.99169	-0.06656034	-0.1504759	3.048267	0.6314232	-0.2179795	3.00567	-0.06056814	-0.2495937	3.069123	0.6311904	-0.1179049	2.967193	-0.09540701	-0.1522973	3.043385	0.2577825	0.6851143	2.922142	0.2455934	0.5374213	2.970486	0.2481616	0.4578614	2.985739	0.255522	0.2141981	3.021558	0.2665898	-0.1178168	3.058468	0.4339985	0.4240821	2.994873	0.05894821	0.4347623	2.992885	0.3488476	-0.1144026	3.018574	0.1772612	-0.1185815	3.019873	0.5391811	0.1250008	3.026459	-0.01656741	0.1153844	3.060383	0.4190709	-0.5048572	3.129982	0.1693649	-0.5056719	3.157569	0.4772958	-0.8959739	3.218036	0.1870039	-0.9030027	3.250677	

0.615217	-0.133104	2.993777	-0.06392317	-0.1516532	3.046441	0.6323934	-0.2175985	3.002113	-0.05790734	-0.2496095	3.056408	0.6317214	-0.1160437	2.966442	-0.08962359	-0.1197618	3.011714	0.2582997	0.6850402	2.922097	0.2460676	0.5373506	2.970749	0.2485464	0.4577879	2.985981	0.2556606	0.2141248	3.021741	0.2663411	-0.1179411	3.058771	0.4338794	0.4236507	2.994995	0.05912537	0.4347216	2.992878	0.3485807	-0.1145888	3.018971	0.1770714	-0.1186181	3.020056	0.5390435	0.1250051	3.027102	-0.01565541	0.1145267	3.05924	0.4191684	-0.5046461	3.130401	0.1692756	-0.505829	3.157743	0.4773645	-0.8959927	3.21805	0.1870267	-0.9027439	3.250627	

0.6145655	-0.1326244	2.995116	-0.06042568	-0.1521063	3.043289	0.6303551	-0.2190102	3.007115	-0.05543864	-0.2505819	3.051837	0.6311312	-0.114089	2.966626	-0.0849876	-0.1568229	3.01755	0.259449	0.6851728	2.922828	0.2461724	0.5372834	2.970887	0.2486429	0.4577295	2.986099	0.2557089	0.2140914	3.021806	0.2662815	-0.1179562	3.058819	0.4342703	0.4233519	2.995634	0.05944719	0.4351247	2.992661	0.348491	-0.1146037	3.01911	0.177039	-0.1186217	3.020052	0.538543	0.1255488	3.028241	-0.014824	0.1145384	3.058479	0.4191223	-0.5046096	3.130706	0.1693303	-0.5060526	3.157765	0.4774388	-0.8958938	3.218068	0.1870829	-0.9024635	3.250408	

0.6142651	-0.1327725	2.996503	-0.05852318	-0.1520237	3.041095	0.6303471	-0.2197437	3.004781	-0.04938554	-0.2575504	3.047072	0.6266562	-0.1112331	2.967356	-0.08803145	-0.1572651	3.024846	0.2596497	0.6851686	2.92295	0.2463295	0.5372143	2.971029	0.2488986	0.4576444	2.986269	0.2563391	0.2139519	3.022066	0.2671653	-0.1181246	3.059185	0.4346505	0.4231303	2.996533	0.059583	0.4351075	2.992552	0.3496318	-0.114806	3.019988	0.1777825	-0.1187284	3.020038	0.538296	0.1254285	3.029467	-0.01429934	0.1148433	3.057543	0.4190893	-0.5046719	3.131319	0.1694931	-0.506045	3.157783	0.4774569	-0.8954269	3.218102	0.1869797	-0.9021975	3.250377	

0.6136034	-0.1320789	2.99786	-0.05677491	-0.1514938	3.039044	0.6309189	-0.2189755	3.018348	-0.04911674	-0.2476014	3.031784	0.6193714	-0.1232091	2.969892	-0.08462834	-0.1428363	3.009333	0.2602873	0.6851605	2.923261	0.2465929	0.537313	2.971412	0.2491807	0.4577291	2.986635	0.2566163	0.2139917	3.022371	0.2672769	-0.1181291	3.059406	0.4351418	0.4229926	2.997727	0.05971449	0.4351186	2.992563	0.3498056	-0.1148717	3.02056	0.1778408	-0.1186991	3.020062	0.5377848	0.1260937	3.031774	-0.01359972	0.1155399	3.05622	0.4191597	-0.5046926	3.131359	0.1699225	-0.5067936	3.158083	0.4776278	-0.8953027	3.218122	0.1868999	-0.9014911	3.250089	

0.6123509	-0.1316598	3.001898	-0.05602366	-0.1509079	3.038678	0.6312285	-0.2202649	3.022095	-0.04716141	-0.2521566	3.036783	0.621112	-0.1214888	2.970436	-0.07748809	-0.1458	3.006348	0.2611805	0.6851076	2.924073	0.246686	0.5371898	2.972039	0.249383	0.457594	2.987269	0.2571689	0.2138031	3.023086	0.2681903	-0.1183875	3.060263	0.4357233	0.4229529	2.999167	0.05995714	0.435204	2.992577	0.3508002	-0.1151644	3.022109	0.1786627	-0.1188773	3.020355	0.5371721	0.1268513	3.033985	-0.01279656	0.1161369	3.054716	0.4191644	-0.5046649	3.131385	0.1699921	-0.5068507	3.158082	0.4776278	-0.8953	3.218125	0.1868888	-0.9003395	3.249776	

0.612324	-0.1321145	3.005695	-0.0542124	-0.1533415	3.037838	0.6329164	-0.2196316	3.024493	-0.04355391	-0.2594335	3.057548	0.6211203	-0.1244597	2.977813	-0.07980187	-0.1858354	3.036334	0.2619482	0.6853684	2.92489	0.2470256	0.537266	2.973031	0.2497929	0.4576719	2.988232	0.2577228	0.2138873	3.023962	0.2687123	-0.1182884	3.061031	0.4363239	0.4232955	3.001525	0.06024064	0.4350096	2.992594	0.3513724	-0.1148912	3.023342	0.1790895	-0.1188669	3.020684	0.5368851	0.1263859	3.036803	-0.01157572	0.1137927	3.053657	0.4193817	-0.5049508	3.13194	0.1698606	-0.5058039	3.157797	0.4775645	-0.8946985	3.218657	0.1867647	-0.900345	3.250135	

0.6119829	-0.1314557	3.007746	-0.05226651	-0.1535671	3.03726	0.6328163	-0.2204038	3.027377	-0.04616684	-0.2554082	3.057466	0.6271828	-0.1291293	2.9833	-0.0372024	-0.1207845	3.040286	0.2624491	0.6853603	2.925637	0.2468772	0.53732	2.973733	0.249765	0.4577213	2.988876	0.2579902	0.2139318	3.024531	0.2693372	-0.1182341	3.06163	0.4366446	0.4230313	3.002954	0.06042497	0.4352684	2.992774	0.3518725	-0.1146947	3.024105	0.1798299	-0.1189181	3.021048	0.5364157	0.1270291	3.038558	-0.01125469	0.1138237	3.053015	0.4194444	-0.5049757	3.132063	0.1700373	-0.505747	3.157688	0.4776485	-0.8948219	3.218643	0.186783	-0.9003899	3.250212	

0.6119056	-0.1315899	3.011167	-0.04979918	-0.1536102	3.037223	0.6286192	-0.2115737	3.031458	-0.04750668	-0.2486423	3.046076	0.6192057	-0.1117996	2.981057	-0.07609604	-0.1445199	3.020867	0.2627909	0.6853524	2.926381	0.2467346	0.5373622	2.974283	0.2497276	0.4577469	2.989397	0.2582321	0.2139114	3.025043	0.269956	-0.1183303	3.062232	0.436863	0.4228865	3.003927	0.06052684	0.4352711	2.992878	0.3525237	-0.1147002	3.024915	0.180382	-0.1190587	3.021383	0.5360547	0.1269212	3.04027	-0.01087069	0.1140995	3.05244	0.4201831	-0.5056838	3.133102	0.1701958	-0.5058312	3.157712	0.4776698	-0.8943714	3.218623	0.1859427	-0.8980946	3.249736	

0.6118127	-0.1312029	3.011992	-0.04795049	-0.153465	3.037181	0.6257832	-0.2177786	3.032192	-0.03445494	-0.2604595	3.058406	0.6239433	-0.1073513	2.986478	-0.07600468	-0.1451713	3.021782	0.2627957	0.6854798	2.926913	0.2465547	0.5373973	2.974739	0.2495777	0.4578013	2.989875	0.2581501	0.2140283	3.025578	0.269846	-0.1180975	3.062894	0.4369974	0.4232732	3.005214	0.06061316	0.4354501	2.993212	0.3523256	-0.1144623	3.025824	0.180351	-0.1188499	3.021747	0.5361192	0.1273345	3.041443	-0.01052346	0.1144628	3.052211	0.4203874	-0.5054696	3.133193	0.1703585	-0.5056913	3.157736	0.4778193	-0.894318	3.218731	0.1860876	-0.8984099	3.249757	

0.6117181	-0.1303104	3.012933	-0.04716203	-0.1547344	3.036479	0.627959	-0.2120525	3.024998	-0.03268432	-0.2624106	3.050405	0.6239889	-0.1180248	2.980905	-0.07459566	-0.1424386	3.015082	0.2630738	0.6854873	2.927575	0.2465366	0.537497	2.97549	0.2496333	0.4578907	2.990592	0.2583867	0.2140891	3.026191	0.2702022	-0.1180668	3.063395	0.4369368	0.4229441	3.005719	0.06091475	0.4353791	2.993334	0.3526022	-0.1143823	3.026237	0.1807699	-0.1188615	3.022251	0.535706	0.1283075	3.042124	-0.01013051	0.1133949	3.051583	0.4204705	-0.5054675	3.133239	0.1710456	-0.5067137	3.158098	0.4778449	-0.8939567	3.218705	0.1861598	-0.8995066	3.249789	

0.6116535	-0.1299681	3.01403	-0.04629655	-0.154899	3.035859	0.6229007	-0.2168859	3.020376	-0.03740267	-0.2561019	3.046407	0.626113	-0.1172574	2.985161	-0.0742043	-0.1406204	3.008482	0.2633021	0.6853995	2.928296	0.2467525	0.5376367	2.976108	0.2498908	0.4580326	2.991206	0.2587411	0.2142334	3.02676	0.2705638	-0.1179245	3.063873	0.4370323	0.4232068	3.006495	0.06101876	0.4353924	2.993577	0.35289	-0.1142244	3.026678	0.1811933	-0.1187304	3.022697	0.5356748	0.1288245	3.042877	-0.010016	0.1134671	3.051337	0.4206641	-0.5053827	3.133763	0.1712511	-0.5070892	3.158283	0.4779999	-0.8937304	3.218835	0.1863255	-0.8999138	3.249807	

0.6117703	-0.1296901	3.01419	-0.04589793	-0.1553449	3.035734	0.6254182	-0.2126528	3.020458	-0.03787615	-0.258392	3.048781	0.6266372	-0.1173741	2.984071	-0.07598926	-0.1543654	3.018	0.2633526	0.6854934	2.928832	0.2466721	0.5377126	2.977009	0.2498881	0.4580864	2.992076	0.2589387	0.2142245	3.027542	0.270936	-0.1180101	3.064581	0.4368521	0.4230388	3.006783	0.06105439	0.4350942	2.993856	0.3532045	-0.1141599	3.02729	0.1816215	-0.1189641	3.023444	0.5357163	0.1291575	3.043849	-0.009795572	0.1131682	3.051242	0.4208353	-0.5051074	3.133804	0.1715398	-0.5072418	3.158647	0.478089	-0.8938715	3.219117	0.1863608	-0.8998944	3.249735	

0.6117482	-0.1291611	3.014207	-0.04571045	-0.1556745	3.035075	0.6223724	-0.219628	3.027905	-0.04378736	-0.2545867	3.045074	0.6277823	-0.1295464	2.978944	-0.07634809	-0.1585634	3.02	0.2632143	0.6857089	2.929495	0.2465762	0.5377672	2.977111	0.2498264	0.4581535	2.992187	0.2589739	0.2143573	3.027711	0.2711466	-0.1177115	3.06489	0.4369193	0.4233804	3.00736	0.06108277	0.4351636	2.993891	0.3534819	-0.1135433	3.027757	0.1817734	-0.1188689	3.02361	0.5356861	0.1297762	3.04433	-0.009643693	0.1129547	3.050992	0.4208925	-0.5052724	3.133831	0.1718317	-0.5073995	3.158762	0.4782543	-0.8941674	3.219058	0.1863883	-0.899965	3.249656	

0.6118665	-0.128922	3.014079	-0.04554199	-0.1558782	3.03452	0.6177881	-0.2197076	3.025714	-0.04376838	-0.2545059	3.044074	0.6306329	-0.1284309	2.983647	-0.08118521	-0.1502469	3.017706	0.2632037	0.6855891	2.929823	0.2463178	0.5378081	2.977458	0.2496433	0.4581981	2.992499	0.2589493	0.2144075	3.027934	0.2712338	-0.1176494	3.065061	0.4370109	0.423346	3.007759	0.06113198	0.4351605	2.993851	0.3535672	-0.1133659	3.027988	0.1818635	-0.1188872	3.023723	0.5355316	0.1300143	3.044638	-0.009590901	0.1128685	3.050823	0.4209802	-0.50521	3.13357	0.1722731	-0.5078849	3.158906	0.4781352	-0.8941889	3.218892	0.1864728	-0.8999133	3.249574	

0.6119594	-0.1289701	3.014399	-0.04550277	-0.1559386	3.034437	0.6194593	-0.2212957	3.039699	-0.04519507	-0.2582827	3.04753	0.6258199	-0.1412338	2.978941	-0.07887404	-0.1484608	3.018159	0.2630719	0.6854576	2.930126	0.2460691	0.5377384	2.978074	0.2494875	0.4581296	2.993065	0.2590161	0.2143372	3.028377	0.2715243	-0.1177393	3.065421	0.4367933	0.4231849	3.007616	0.06121317	0.4350896	2.994035	0.3538091	-0.1133539	3.02824	0.182202	-0.1191071	3.024172	0.5354263	0.1300158	3.044849	-0.009610808	0.1129156	3.050687	0.4210369	-0.5051576	3.133352	0.1723848	-0.5079501	3.158863	0.478162	-0.8942615	3.218756	0.1864596	-0.9000371	3.249594	

0.6115189	-0.1292678	3.015061	-0.04555954	-0.1560415	3.034482	0.6168169	-0.2289357	3.041243	-0.04507565	-0.2576132	3.039655	0.6264233	-0.1291463	2.980697	-0.08371526	-0.1393283	3.0163	0.2631158	0.685293	2.930284	0.2459094	0.5377085	2.978121	0.2493923	0.4581132	2.993116	0.2590203	0.2143414	3.028439	0.2717035	-0.1176881	3.065588	0.4370245	0.4236525	3.008481	0.0612878	0.4349138	2.993955	0.353971	-0.1132379	3.028378	0.1824031	-0.1191242	3.02435	0.5354894	0.130002	3.045022	-0.009547263	0.1128935	3.050558	0.4210868	-0.5052556	3.133301	0.1724245	-0.5077876	3.158817	0.4782055	-0.8938606	3.218538	0.1864509	-0.9001924	3.24975	

0.6118329	-0.130588	3.014731	-0.04614159	-0.1567372	3.034138	0.6203694	-0.235617	3.048628	-0.04529754	-0.2631167	3.058043	0.6251371	-0.1278575	2.980319	-0.06717663	-0.1708481	2.99421	0.2628173	0.6839024	2.930496	0.2456461	0.5375065	2.978185	0.249175	0.457969	2.993176	0.2589183	0.2143176	3.028473	0.2716324	-0.1176265	3.065602	0.4370777	0.423842	3.008747	0.06132434	0.4350611	2.993997	0.3538431	-0.1131321	3.028244	0.1823281	-0.119052	3.024491	0.5357242	0.1287604	3.044828	-0.009844513	0.1122625	3.050755	0.4210359	-0.5053503	3.133104	0.172783	-0.5086504	3.15898	0.4781565	-0.893822	3.218621	0.1864045	-0.9003983	3.25014	

0.611515	-0.1308419	3.014184	-0.05150285	-0.1582016	3.033215	0.6178531	-0.2346623	3.036253	-0.06550208	-0.2713922	3.061954	0.6251633	-0.1313377	2.978557	-0.09637971	-0.1675899	3.0325	0.2630548	0.6834239	2.930401	0.2454866	0.5373709	2.978387	0.2490453	0.4578578	2.993312	0.2588608	0.2142646	3.028477	0.2715544	-0.1176844	3.065417	0.4368855	0.4232413	3.008411	0.06133905	0.4351121	2.994022	0.3537273	-0.1131483	3.02798	0.1822804	-0.1191509	3.024335	0.5351715	0.1285705	3.044178	-0.01062169	0.1102401	3.050651	0.4208649	-0.5057404	3.132549	0.1727755	-0.5087018	3.158948	0.4782842	-0.8938824	3.218259	0.1866459	-0.9004483	3.249751	

0.609435	-0.1327677	3.008425	-0.05435013	-0.1581277	3.034428	0.6126649	-0.2351861	3.032041	-0.06874751	-0.2665856	3.071151	0.6176708	-0.135041	2.968966	-0.0746158	-0.1748968	2.999	0.2633427	0.6828343	2.929926	0.2450729	0.5372515	2.97803	0.248688	0.4577386	2.992981	0.2586544	0.2141502	3.028186	0.2714647	-0.1178013	3.065102	0.4362571	0.4228735	3.006175	0.06136675	0.4350315	2.993483	0.3536271	-0.1131917	3.027755	0.1822177	-0.1193769	3.023862	0.5352373	0.1269437	3.042917	-0.01156204	0.1100353	3.050317	0.4207556	-0.5062198	3.131694	0.1727781	-0.5087926	3.158769	0.4783097	-0.8939302	3.217972	0.1867759	-0.9005714	3.249441	

0.6054982	-0.1340066	3.002998	-0.05693116	-0.1572867	3.033701	0.6005202	-0.2352006	3.012502	-0.06649277	-0.2638458	3.063777	0.6158237	-0.1384538	2.965517	-0.09313771	-0.163753	3.022211	0.2636901	0.6823528	2.929539	0.2451576	0.5369897	2.977766	0.2486581	0.4574981	2.992738	0.2581745	0.2138613	3.027861	0.2695026	-0.1181989	3.064487	0.4363172	0.4227412	3.006034	0.05820788	0.4319673	2.993857	0.3517998	-0.1136658	3.027151	0.1801871	-0.1196846	3.0232	0.5343795	0.1264281	3.040395	-0.01316613	0.1108167	3.049088	0.4207297	-0.5065919	3.1306	0.1726398	-0.508571	3.158288	0.4782874	-0.8940356	3.217894	0.1866514	-0.9008157	3.249481	

0.6006129	-0.1348277	2.996436	-0.05845496	-0.1573006	3.03338	0.5932026	-0.2332412	3.001032	-0.0664479	-0.2658666	3.062776	0.6074651	-0.1332531	2.961345	-0.09295481	-0.1569362	3.0205	0.2636572	0.6821958	2.929204	0.2449441	0.536796	2.977527	0.2484299	0.4573191	2.992486	0.2579277	0.2137468	3.027565	0.2692915	-0.1182073	3.064123	0.4357728	0.4226412	3.005184	0.05849672	0.433168	2.992543	0.3516378	-0.1137352	3.026899	0.1799226	-0.1196081	3.022667	0.532605	0.1260826	3.038499	-0.01430716	0.1108434	3.047879	0.4206196	-0.5066652	3.129843	0.1724114	-0.5086141	3.158125	0.4780858	-0.8941375	3.217794	0.186689	-0.9008229	3.249247	

0.5845048	-0.1350727	2.989071	-0.05801181	-0.1567927	3.033242	0.5743652	-0.2328098	3.006828	-0.05795563	-0.2679616	3.057901	0.5840256	-0.1233382	2.959429	-0.0742553	-0.1829038	2.994375	0.2635032	0.6818603	2.928296	0.24435	0.5367253	2.976951	0.2479387	0.4572353	2.99199	0.257712	0.2136565	3.027268	0.2693124	-0.1182838	3.063984	0.434472	0.4225131	3.003229	0.05864427	0.4335133	2.99134	0.3516285	-0.1138347	3.026737	0.179976	-0.1196687	3.022536	0.5278326	0.1281656	3.035634	-0.01468939	0.1115522	3.046593	0.4203537	-0.5067441	3.128744	0.1721117	-0.5080827	3.157271	0.4781189	-0.8944072	3.217192	0.186673	-0.9007381	3.249192	

0.5746419	-0.1345968	2.987589	-0.05770392	-0.1568427	3.033061	0.5687443	-0.23433	3.006022	-0.0537297	-0.275095	3.056398	0.5884738	-0.1208703	2.97025	-0.06410162	-0.1691362	2.987182	0.2633665	0.6820084	2.928183	0.2441538	0.5364744	2.976204	0.2478059	0.4570296	2.991383	0.2577324	0.213567	3.026985	0.2694967	-0.1182948	3.063892	0.4337208	0.4223092	3.002037	0.05853867	0.4335811	2.991184	0.3518733	-0.1138625	3.026623	0.180114	-0.1196678	3.022458	0.5252064	0.1301295	3.034719	-0.01475802	0.1115956	3.046583	0.4197794	-0.506944	3.126619	0.1721456	-0.5084916	3.156956	0.4778553	-0.895063	3.217103	0.1868574	-0.9011172	3.249265	

0.5705907	-0.1333936	2.988337	-0.05684758	-0.156844	3.033136	0.5614681	-0.2336975	3.006061	-0.05382427	-0.2644419	3.062403	0.5773292	-0.1370399	2.955294	-0.08312915	-0.1664975	3.022	0.2623886	0.6828469	2.924931	0.2437621	0.5369156	2.975078	0.2474429	0.457428	2.990434	0.2574935	0.2138576	3.026489	0.2694364	-0.118125	3.063795	0.4329094	0.423431	3.000426	0.05882818	0.4348218	2.990035	0.3518162	-0.1137042	3.026512	0.1800554	-0.1194915	3.02237	0.5233296	0.1320931	3.033085	-0.01463905	0.1117454	3.04643	0.4177905	-0.5095635	3.11674	0.173268	-0.5108402	3.152173	0.4778594	-0.8976513	3.2165	0.1868823	-0.9017797	3.24912	

0.5682477	-0.1319871	2.988403	-0.05623975	-0.1572555	3.033692	0.5548942	-0.2409813	3.000745	-0.05103053	-0.2588566	3.062572	0.5771299	-0.1419611	2.96	-0.08342258	-0.1763824	3.032889	0.2622671	0.6832992	2.92201	0.2445129	0.5368791	2.971217	0.2478551	0.4575104	2.98738	0.2573051	0.2141533	3.025243	0.2689436	-0.1176556	3.063658	0.4331314	0.4246949	2.997272	0.05959061	0.4356027	2.988171	0.3514518	-0.1133335	3.026275	0.1794188	-0.1189091	3.022346	0.522558	0.1339703	3.032046	-0.01474229	0.1114846	3.046423	0.4144957	-0.5141224	3.09394	0.1754369	-0.5202484	3.130815	0.4776197	-0.8995811	3.214045	0.187895	-0.904731	3.247244	

0.5604639	-0.1426549	2.987811	-0.05488664	-0.1642885	3.038801	0.5580935	-0.2585243	2.998539	-0.04970752	-0.2704459	3.067068	0.5854245	-0.1326936	2.96927	-0.08469324	-0.1517939	3.026143	0.2641454	0.6584991	2.89761	0.2486945	0.5116509	2.948691	0.2510984	0.4353312	2.969602	0.2582719	0.2001678	3.018854	0.2683515	-0.1254786	3.066066	0.4375927	0.400267	2.973879	0.06312011	0.417185	2.977139	0.3513648	-0.1209296	3.028015	0.1783483	-0.1268535	3.02546	0.5230612	0.1251347	3.026778	-0.01407676	0.1044949	3.047866	0.4116031	-0.5382121	3.026698	0.1705398	-0.5515857	3.058297	0.4765449	-0.9058595	3.203665	0.1901208	-0.9151717	3.2384	

0.5591516	-0.1504401	2.988964	-0.05145088	-0.1728026	3.046777	0.5572025	-0.2664325	2.99286	-0.05240716	-0.2731951	3.072579	0.5799764	-0.1524173	2.961818	-0.08465007	-0.1658486	3.043667	0.2653942	0.6507376	2.890424	0.2510315	0.5022901	2.944731	0.2536137	0.4252796	2.965531	0.2607023	0.1897367	3.016514	0.2698556	-0.1329117	3.069215	0.4382758	0.3950832	2.970784	0.0648823	0.4061165	2.972405	0.3530198	-0.1274425	3.030302	0.1796727	-0.1350689	3.029544	0.5231093	0.1179215	3.023471	-0.01354237	0.09620083	3.049648	0.4111953	-0.5389161	3.022875	0.1695846	-0.550123	3.054236	0.4751105	-0.9076118	3.20077	0.1901348	-0.9174613	3.23499	

0.5620466	-0.2206493	2.985453	-0.04243889	-0.2418689	3.079829	0.5552884	-0.3247539	3.00336	-0.04315501	-0.3300864	3.100876	0.5804198	-0.2225248	2.967261	-0.07825767	-0.2204158	3.054572	0.2746519	0.5835637	2.856941	0.2632682	0.4352036	2.916662	0.2651794	0.3591579	2.942318	0.2699945	0.126498	3.009278	0.275454	-0.1899061	3.088175	0.4475885	0.3335754	2.949404	0.07544339	0.3413627	2.950011	0.360845	-0.1849496	3.049891	0.1830306	-0.1900261	3.047801	0.5286442	0.04846317	3.008673	-0.007495068	0.02483417	3.056133	0.4087384	-0.5557452	2.971921	0.1664929	-0.5636674	3.001591	0.4743143	-0.9147319	3.191245	0.1897444	-0.9226668	3.22826	

0.5715091	-0.4127963	2.99673	-0.00533712	-0.4071055	3.103196	0.555683	-0.5151055	3.037829	0.0008365297	-0.4859216	3.130288	0.5722129	-0.4307645	2.969357	-0.02179159	-0.4310241	3.0918	0.3012819	0.3799826	2.787814	0.2921354	0.2354562	2.86043	0.2933487	0.1643439	2.89704	0.2958523	-0.0525287	2.996641	0.2979851	-0.3464133	3.118927	0.4699429	0.1468105	2.896861	0.1036266	0.1551908	2.897559	0.3847797	-0.3436737	3.076393	0.2037012	-0.3404578	3.083176	0.5415118	-0.1441559	2.998838	0.02064592	-0.1445214	3.056091	0.3946112	-0.6729202	2.880215	0.1810777	-0.6758138	2.901121	0.4624737	-0.9333155	3.160449	0.1985426	-0.9449562	3.189137	

0.5755296	-0.4728933	2.991773	0.0200048	-0.4697555	3.083385	0.5535746	-0.5696453	3.024985	0.01543039	-0.5346175	3.108249	0.5790036	-0.4878592	2.970334	-0.008623959	-0.4305528	3.041129	0.3092269	0.313566	2.761729	0.2942019	0.1712015	2.835127	0.2966091	0.1018833	2.881324	0.3026805	-0.1092105	3.009631	0.309573	-0.3947239	3.170208	0.4722603	0.08057816	2.875407	0.1123016	0.095609	2.876118	0.3945822	-0.3921107	3.127901	0.2169234	-0.3876073	3.134372	0.5449687	-0.2044869	2.996833	0.03854118	-0.2036161	3.05214	0.3922192	-0.6761953	2.859514	0.1876948	-0.6813045	2.879889	0.4630718	-0.9371905	3.155226	0.199033	-0.9453921	3.185399	

0.5667375	-0.4808975	2.906009	0.03051078	-0.4805527	2.995292	0.4628181	-0.5706322	2.848667	0.03397178	-0.5522079	3.025556	0.5466909	-0.5363701	2.902546	-0.003960534	-0.4868763	2.97475	0.3083826	0.3164233	2.755005	0.2932775	0.1721821	2.820112	0.2951642	0.1020945	2.869501	0.3003973	-0.1104377	3.004684	0.3059964	-0.3974313	3.169508	0.4717828	0.07466314	2.863227	0.112039	0.0947324	2.87468	0.3911068	-0.3953037	3.12758	0.2132727	-0.389824	3.133295	0.5583253	-0.2150872	2.968134	0.03764291	-0.2102554	3.01787	0.4062973	-0.6051668	2.790032	0.2086492	-0.6343145	2.822569	0.4686245	-0.9833166	3.050052	0.2044998	-0.9362766	3.163609	

0.5464872	-0.4319684	2.869749	0.01194402	-0.4720944	2.957185	0.4606352	-0.5921163	2.827976	0.02518249	-0.5254463	2.96757	0.5493509	-0.4730554	2.851	0.0129539	-0.5195491	2.957	0.3050558	0.3342329	2.748306	0.2902716	0.1874635	2.81033	0.2923563	0.1164067	2.859013	0.2978955	-0.1001571	2.994372	0.3042297	-0.3926818	3.162942	0.4709846	0.08662555	2.852451	0.1123478	0.1034282	2.855264	0.3895328	-0.3905246	3.122537	0.2113268	-0.3851701	3.124901	0.5618703	-0.1696031	2.948111	0.02940671	-0.2038555	3.001538	0.4073847	-0.6062881	2.789381	0.2097611	-0.6366444	2.820595	0.4712609	-0.986103	3.046737	0.2040194	-0.9355762	3.163096	

0.4872036	-0.006880679	2.680982	-0.04553715	-0.06543268	2.764212	0.4383696	-0.08138179	2.696309	-0.02411605	-0.1586237	2.713767	0.4883251	-0.04987834	2.671	-0.07521556	-0.1014675	2.744358	0.2760739	0.6697184	2.754364	0.2704902	0.5234973	2.787323	0.2708881	0.4463684	2.822041	0.2710114	0.2099234	2.916337	0.2700097	-0.1119939	3.031779	0.4668784	0.4182971	2.816219	0.0845418	0.4071962	2.81698	0.3508908	-0.1110889	2.989186	0.1821073	-0.1099898	2.995621	0.6006087	0.1854582	2.849442	-0.02248562	0.1755631	2.900692	0.4542646	-0.4607061	2.926164	0.1593219	-0.4759353	2.953451	0.4838608	-0.889453	3.108969	0.1813153	-0.9055333	3.135348	

0.4915397	0.1173444	2.657662	-0.04867563	0.07213387	2.753177	0.4524912	0.02537101	2.649778	-0.02903576	-0.03678101	2.707567	0.4840807	0.09419975	2.63326	-0.08009834	0.01270077	2.71177	0.2630082	0.8177662	2.74696	0.2559439	0.6736944	2.786668	0.2574099	0.5936085	2.810101	0.2609005	0.3475554	2.870826	0.2645906	0.011564	2.941776	0.4516416	0.573956	2.804014	0.06733526	0.5645946	2.814502	0.3434237	0.008481355	2.900758	0.1786593	0.01433729	2.903997	0.5648907	0.327038	2.827826	-0.02560908	0.3174536	2.882073	0.4316313	-0.3328379	2.98218	0.1546446	-0.4501259	3.035137	0.4828903	-0.7939747	3.065062	0.1467698	-0.8880313	3.105392	

0.5170128	0.2175674	2.649848	-0.03421288	0.1892471	2.751696	0.4791828	0.1108815	2.622756	-0.02921765	0.05370327	2.727844	0.5311515	0.1511264	2.633429	-0.06830361	0.1359483	2.718587	0.2495295	0.9632078	2.72756	0.2380555	0.8198995	2.768284	0.2420586	0.7417771	2.788476	0.2533654	0.5011746	2.839782	0.267774	0.1718291	2.898644	0.4354408	0.710456	2.778052	0.05880164	0.7051214	2.782613	0.3488094	0.1730131	2.856716	0.1794622	0.1659823	2.861923	0.5248274	0.4523108	2.80078	-0.01463043	0.4483777	2.848634	0.4091796	-0.2794942	2.927609	0.1468233	-0.3010995	2.955346	0.462136	-0.7132216	3.070362	0.1512559	-0.7414506	3.074548	

0.5178103	0.2181683	2.649733	-0.03431542	0.188559	2.751092	0.4883581	0.1185612	2.616559	-0.02409264	0.06147866	2.728579	0.544457	0.1936847	2.653	-0.07323216	0.1605051	2.725958	0.2497703	0.9668632	2.726448	0.2387979	0.8217431	2.76747	0.2425651	0.7433178	2.78778	0.253367	0.5020017	2.839375	0.2673928	0.1721683	2.898427	0.4351782	0.7107904	2.777272	0.0589802	0.7056299	2.781296	0.3484763	0.1732666	2.856619	0.1790311	0.1664204	2.861549	0.5244268	0.4527518	2.800976	-0.01410856	0.4475294	2.848356	0.4084525	-0.2777522	2.925842	0.1465297	-0.2976964	2.952439	0.460983	-0.7152941	3.068434	0.1528247	-0.7408659	3.072211	

0.5209077	0.2137899	2.650817	-0.02829494	0.160668	2.746253	0.5011555	0.1003232	2.615065	-0.01320628	0.04370799	2.734528	0.5400522	0.1683021	2.6199	-0.06120871	0.1539953	2.725121	0.2501542	0.9659476	2.725705	0.2392757	0.8206631	2.766982	0.2429589	0.7420045	2.78718	0.2533434	0.4996664	2.838326	0.2662319	0.1675218	2.896493	0.4343595	0.7056377	2.772443	0.05844646	0.7027787	2.778311	0.3471278	0.1689611	2.854903	0.1780972	0.1615222	2.859382	0.5233291	0.4485394	2.801847	-0.01112139	0.4223683	2.835411	0.4065806	-0.286074	2.923304	0.1469243	-0.2987986	2.949896	0.4515919	-0.7291714	3.019511	0.153946	-0.7470245	3.035403	

0.539023	0.1017791	2.673844	-0.008596972	0.03875864	2.740177	0.5099505	-9.303111E-05	2.625927	0.008666323	-0.04799109	2.732679	0.5414571	0.03427627	2.6194	-0.04723211	0.03230941	2.730652	0.2604501	0.8631114	2.73565	0.2591757	0.7181015	2.782519	0.2636827	0.638931	2.799657	0.276442	0.3954856	2.841594	0.2927344	0.06263689	2.887646	0.445219	0.6059164	2.780438	0.06226558	0.602534	2.790894	0.3757129	0.06743889	2.84512	0.201765	0.05612687	2.851466	0.534803	0.3484029	2.802246	-0.004586339	0.2999605	2.831311	0.4141257	-0.411204	2.933	0.152582	-0.4180548	2.952948	0.4579794	-0.8714707	3.003435	0.1515193	-0.8651186	3.013579	

0.54431	0.04951422	2.682509	-0.007396119	-0.02294051	2.735852	0.5117444	-0.0532997	2.636721	0.01815891	-0.09626041	2.723616	0.5395787	-0.006019372	2.618615	-0.03302736	-0.05601722	2.729714	0.2666529	0.8055672	2.747086	0.2579211	0.6671493	2.798432	0.2600082	0.5872982	2.815006	0.2654099	0.3419776	2.855148	0.2717277	0.006814684	2.898663	0.4452347	0.5521209	2.786516	0.07064892	0.5482456	2.793062	0.351559	0.009262263	2.855759	0.1845031	0.004181645	2.862792	0.5380086	0.2964168	2.809812	0.00130226	0.2358646	2.833345	0.4166663	-0.4549061	2.937711	0.1600521	-0.4743767	2.952489	0.4613324	-0.9036114	3.008042	0.1576803	-0.9169186	3.029044	

0.554079	-0.2591052	2.838792	0.01527157	-0.2657942	2.888685	0.5697344	-0.364966	2.862293	0.02747595	-0.3542269	2.893751	0.5772964	-0.2356678	2.8313	-0.01600966	-0.3232106	2.8815	0.2892338	0.6021878	2.762769	0.2704908	0.4408276	2.801316	0.2713003	0.3620111	2.819991	0.2727233	0.1206627	2.866024	0.2735398	-0.2080206	2.916865	0.4579046	0.3196364	2.832133	0.08272657	0.3368865	2.840611	0.356923	-0.2044763	2.875318	0.1827754	-0.2059609	2.87983	0.5186113	0.009850768	2.854341	0.01543389	0.005691054	2.894024	0.3993409	-0.5765219	2.84285	0.1666236	-0.5829962	2.860807	0.4454871	-0.9418729	3.067758	0.1992618	-0.9586309	3.101221	

0.5420585	-0.1587067	2.919127	0.000390838	-0.1454449	2.979796	0.5273718	-0.249526	2.952309	0.00199242	-0.2234375	3.008705	0.5554447	-0.2075011	2.916455	-0.0258649	-0.1907697	2.98825	0.2886008	0.6928459	2.755063	0.2674861	0.5324746	2.789248	0.2690751	0.4526175	2.808031	0.27289	0.2077412	2.854545	0.2769684	-0.1261749	2.906194	0.4586858	0.4053676	2.810416	0.07700077	0.4283635	2.818876	0.3595649	-0.1217914	2.86439	0.1868605	-0.1271422	2.869305	0.5254574	0.1086663	2.885563	0.01982408	0.1133158	2.911573	0.40192	-0.5315877	2.917274	0.1728848	-0.5544235	2.941028	0.4464426	-0.9320052	3.074447	0.1953951	-0.9523999	3.105216	

0.5601271	-0.1615563	2.91406	-0.04333694	-0.1318163	2.996395	0.5497165	-0.2582153	2.948287	-0.01591498	-0.2115459	3.046757	0.5837689	-0.1783933	2.888	-0.05346485	-0.1556741	3.0025	0.2890178	0.689692	2.758693	0.2686378	0.5305887	2.789663	0.2698928	0.4508786	2.808533	0.2729039	0.2062285	2.855317	0.2757576	-0.1278526	2.907638	0.4587671	0.4047736	2.810417	0.07714771	0.4284778	2.820111	0.3577665	-0.1245704	2.865834	0.186095	-0.128002	2.87076	0.53357	0.1068031	2.892887	0.000846454	0.1309801	2.954534	0.4080024	-0.5229781	2.973972	0.1759245	-0.5194553	3.013437	0.4466105	-0.9173514	3.094548	0.1920417	-0.9367793	3.120839	

0.5787302	-0.1652425	2.904149	-0.04489592	-0.1325782	2.992202	0.5661538	-0.2738258	2.938567	-0.03787385	-0.2203887	3.044045	0.6012868	-0.1546237	2.872238	-0.08423851	-0.08702373	2.983125	0.2897995	0.684391	2.761523	0.269271	0.5247177	2.790888	0.2702547	0.4445552	2.810219	0.2721973	0.1984329	2.85861	0.2731993	-0.1377268	2.913507	0.4593708	0.3983371	2.812577	0.07841397	0.4221039	2.825133	0.3541112	-0.1355139	2.871909	0.1847009	-0.1364168	2.876374	0.5377237	0.1024328	2.89514	0.0007860115	0.1307933	2.9544	0.4077438	-0.5247695	2.97914	0.1770492	-0.5176004	3.018709	0.4468524	-0.9162678	3.096945	0.1917517	-0.9320947	3.12499	

0.5969228	-0.1722374	2.876119	-0.05210351	-0.1490907	2.980031	0.5980458	-0.2979282	2.910492	-0.06381529	-0.2486731	3.017207	0.6194102	-0.1809134	2.865	-0.08412557	-0.1402967	2.95795	0.2906021	0.6803038	2.765694	0.2706487	0.5207655	2.793431	0.2713317	0.4406011	2.812805	0.2723855	0.1946156	2.861228	0.2724115	-0.1411139	2.915898	0.4588441	0.3937866	2.814353	0.08030908	0.416393	2.831494	0.3536082	-0.1385647	2.873612	0.1836789	-0.139999	2.87956	0.54013	0.09325286	2.884947	0.0003188643	0.113683	2.946101	0.4137358	-0.5098383	3.001287	0.1825736	-0.5371709	3.066144	0.4487613	-0.9146501	3.10246	0.1912868	-0.9268304	3.131215	

0.5997809	-0.169461	2.839304	-0.05831636	-0.1599819	2.954051	0.6005922	-0.2783076	2.85646	-0.0676119	-0.2380278	2.955551	0.6112898	-0.1736243	2.8065	-0.08405078	-0.154939	2.9131	0.2917542	0.6824364	2.77244	0.2715797	0.5229248	2.796666	0.2721561	0.4428376	2.816483	0.2728023	0.1971823	2.866416	0.2721683	-0.137929	2.92332	0.4587513	0.3943036	2.814352	0.08174158	0.4199708	2.834968	0.3532022	-0.1362294	2.878406	0.18381	-0.1358819	2.890167	0.5417033	0.09531453	2.868262	0.0007286989	0.1039315	2.937488	0.4132402	-0.5100597	3.001295	0.1768761	-0.5219842	3.044747	0.4487465	-0.914642	3.10329	0.1912253	-0.9266929	3.131297	

0.5972646	-0.1640765	2.835289	-0.06316016	-0.1596739	2.940052	0.5950412	-0.2840409	2.857946	-0.05430604	-0.2431998	2.950807	0.6042326	-0.194725	2.794215	-0.0862779	-0.1303744	2.898134	0.2918446	0.6844657	2.777292	0.2719797	0.5246556	2.79919	0.2724182	0.4445811	2.819132	0.2726377	0.1989898	2.869359	0.2714942	-0.136006	2.92643	0.4585069	0.3949358	2.81412	0.08223499	0.4224945	2.838194	0.3527091	-0.1347383	2.880602	0.1829842	-0.1336293	2.894012	0.5421948	0.1015591	2.861408	0.0007090265	0.1043147	2.936994	0.4126302	-0.5108228	3.00158	0.1775489	-0.5225168	3.043806	0.4488154	-0.9150602	3.103681	0.1909406	-0.9263976	3.131419	

0.598002	-0.1625323	2.820895	-0.06990213	-0.1578661	2.91495	0.5900493	-0.2816729	2.833946	-0.04810337	-0.2493463	2.906779	0.6221136	-0.1197509	2.803333	-0.07268102	-0.1544822	2.857036	0.2903551	0.6837483	2.783935	0.2698161	0.5249853	2.810254	0.2708224	0.4448887	2.829514	0.2725946	0.1992953	2.877724	0.2732035	-0.1356175	2.932446	0.4577959	0.3954322	2.815612	0.08066539	0.4227705	2.853494	0.3539977	-0.1339866	2.885891	0.1850835	-0.1336701	2.900518	0.5430561	0.1024452	2.857833	1.044975E-06	0.1050215	2.93699	0.4127325	-0.5103449	3.002336	0.1775176	-0.5220308	3.045389	0.4490136	-0.9139613	3.105018	0.1906685	-0.9252104	3.132304	

0.5921862	-0.1620275	2.824947	-0.06885756	-0.1612098	2.926538	0.5700169	-0.260234	2.839494	-0.06856293	-0.2610739	2.915397	0.596985	-0.1964042	2.788875	-0.09564436	-0.1200907	2.910235	0.2821073	0.6865308	2.804554	0.2669549	0.5288013	2.83615	0.2687514	0.4483133	2.8531	0.2727068	0.2017087	2.894775	0.2755443	-0.1342249	2.942046	0.454688	0.4005187	2.834467	0.07398749	0.4250064	2.882683	0.3560066	-0.1321603	2.893147	0.1877241	-0.1328987	2.912671	0.5423077	0.1041221	2.861147	0.0006087325	0.1019753	2.941498	0.416835	-0.5136623	3.010497	0.1781901	-0.5243797	3.049332	0.4493654	-0.913819	3.105428	0.1904628	-0.9249185	3.132757	

0.5900198	-0.1602611	2.828007	-0.0704085	-0.1651447	2.937556	0.5701697	-0.263476	2.849953	-0.07213393	-0.2701309	2.952109	0.600235	-0.159434	2.813903	-0.09718968	-0.1632519	2.931333	0.2801858	0.6866423	2.81071	0.2662951	0.5294859	2.840018	0.2681919	0.4490228	2.857227	0.2726631	0.20244	2.899332	0.2766382	-0.1335953	2.946135	0.4544593	0.4013277	2.837997	0.0734409	0.4238087	2.885152	0.357277	-0.1310842	2.897016	0.1886055	-0.1326894	2.916806	0.5405167	0.1058802	2.865949	-0.001692646	0.09827946	2.948301	0.4178297	-0.5145388	3.012942	0.1810486	-0.5346888	3.055734	0.4505609	-0.912583	3.106522	0.1902854	-0.9248284	3.132749	

0.5861534	-0.1567638	2.832511	-0.07205573	-0.1651887	2.944527	0.565109	-0.2615609	2.853751	-0.07694545	-0.2651601	2.962671	0.6058526	-0.1698119	2.83177	-0.1038757	-0.1154368	2.930273	0.2791589	0.6872391	2.815309	0.2657667	0.5299062	2.842875	0.267602	0.4494775	2.86018	0.2719784	0.2029829	2.902404	0.2761399	-0.1330059	2.948831	0.4539279	0.4024392	2.841814	0.07348752	0.4241542	2.88647	0.3570382	-0.130407	2.899012	0.1878194	-0.1322206	2.920218	0.5399099	0.1100275	2.870865	-0.002381173	0.09799188	2.952322	0.4186516	-0.5152941	3.013982	0.1807279	-0.5345055	3.055978	0.4510491	-0.9130668	3.10681	0.1897734	-0.9244028	3.133233	

0.5820801	-0.1569623	2.838204	-0.07592542	-0.1640444	2.951298	0.5690646	-0.2575779	2.863752	-0.08127747	-0.2654144	2.990254	0.6087555	-0.1527142	2.845	-0.1075722	-0.1432212	2.950579	0.2784205	0.6877719	2.818449	0.265168	0.5302008	2.845332	0.2670681	0.4497806	2.862603	0.2716889	0.2033051	2.90466	0.2762933	-0.1326722	2.950713	0.4531494	0.4041708	2.845872	0.0729653	0.424154	2.888036	0.3572947	-0.1298894	2.901056	0.187889	-0.1320375	2.921863	0.5394937	0.1107558	2.874193	-0.003818962	0.09847544	2.956459	0.4190375	-0.5152071	3.014277	0.1812021	-0.5356479	3.056351	0.4511314	-0.9130949	3.106921	0.1897636	-0.9244388	3.13328	

0.5773917	-0.155328	2.853138	-0.09069742	-0.1575138	2.977699	0.567008	-0.2581301	2.88191	-0.09358124	-0.2577576	3.0334	0.6003894	-0.1529163	2.848895	-0.1221553	-0.1239139	2.983875	0.2770413	0.6879326	2.824364	0.2631526	0.5308869	2.850967	0.2650364	0.45046	2.868422	0.2696979	0.2039613	2.910963	0.2746496	-0.1320516	2.957406	0.4516896	0.4063129	2.853698	0.07217382	0.4249589	2.891536	0.3555443	-0.1289301	2.91006	0.186465	-0.1316759	2.926482	0.5371833	0.11328	2.883651	-0.008408345	0.1013558	2.970327	0.4197238	-0.5178333	3.018071	0.1807749	-0.5345117	3.057003	0.4513158	-0.9121262	3.107519	0.189453	-0.9244409	3.133384	

0.5675229	-0.1539448	2.869128	-0.09141184	-0.1579837	2.981718	0.558296	-0.2605363	2.888808	-0.08579038	-0.2519144	3.024975	0.5936413	-0.1906733	2.8595	-0.1135121	-0.1312599	2.971955	0.2736422	0.6917086	2.834093	0.2588546	0.5335668	2.8556	0.2610646	0.4529722	2.87283	0.2666892	0.2059935	2.914709	0.2728531	-0.130592	2.960301	0.4480659	0.4078503	2.860587	0.06989993	0.4263507	2.894078	0.3538948	-0.1272723	2.913629	0.1846251	-0.1304485	2.928634	0.5324306	0.1157509	2.895601	-0.01090514	0.1016267	2.975615	0.4184953	-0.5184626	3.018923	0.1795472	-0.5329947	3.056887	0.4513216	-0.9120505	3.108573	0.1901307	-0.9227031	3.13813	

0.5654242	-0.1532225	2.872215	-0.08860227	-0.1588887	2.981973	0.5530676	-0.2579138	2.888813	-0.07244055	-0.2516552	3.006029	0.591812	-0.1456346	2.869062	-0.1007594	-0.1477568	2.9647	0.2713051	0.6929372	2.83726	0.256866	0.5342543	2.856927	0.2592771	0.4536571	2.874179	0.2654726	0.2066676	2.916108	0.2723383	-0.1299135	2.96179	0.446649	0.4092812	2.865089	0.06848861	0.4267042	2.894595	0.3533306	-0.1259518	2.915794	0.1841893	-0.1302435	2.929516	0.5295185	0.1163759	2.899937	-0.01126123	0.1017233	2.975264	0.4169271	-0.5205964	3.01892	0.1788043	-0.5325684	3.05708	0.4509571	-0.9119231	3.109417	0.1901919	-0.9224096	3.138953	

0.5653021	-0.1531125	2.873073	-0.07289083	-0.1661937	2.973514	0.553362	-0.256601	2.891747	-0.05501635	-0.2627741	2.989401	0.5864866	-0.1338843	2.862667	-0.09488975	-0.1719396	2.96475	0.2697088	0.6933681	2.838708	0.2542783	0.5348096	2.857103	0.2569024	0.4541827	2.874339	0.2637619	0.207092	2.916219	0.2714901	-0.1296456	2.961827	0.4439919	0.4103076	2.867181	0.06607429	0.427151	2.892171	0.3526303	-0.1256824	2.916113	0.183054	-0.129976	2.929142	0.5276241	0.1161866	2.901513	-0.01255758	0.09903572	2.969017	0.4149857	-0.5228963	3.017941	0.1782203	-0.5332885	3.056707	0.4508072	-0.9119053	3.109502	0.1902748	-0.9219741	3.139645	

0.5590495	-0.1539951	2.868327	-0.07617032	-0.1770419	2.931337	0.5467194	-0.2561348	2.879651	-0.06736258	-0.2776381	2.94582	0.5770941	-0.1384835	2.847539	-0.1079144	-0.1558438	2.903185	0.2541638	0.6915259	2.833625	0.2395214	0.5321558	2.84833	0.243881	0.4516642	2.865544	0.2553052	0.2048956	2.907331	0.2678398	-0.1316762	2.952213	0.4335221	0.4117886	2.863517	0.04991479	0.419374	2.878488	0.3494755	-0.1267305	2.909208	0.1789729	-0.1332994	2.915987	0.5194679	0.115052	2.896219	-0.02046884	0.08977244	2.943469	0.4120226	-0.5215816	3.01923	0.1749177	-0.5265424	3.05162	0.4504485	-0.9112004	3.110289	0.1900105	-0.919939	3.139011	

0.5531379	-0.1484772	2.860391	-0.07681994	-0.1826336	2.927054	0.548376	-0.2532272	2.886724	-0.0693183	-0.2773767	2.930962	0.5647165	-0.1502908	2.832824	-0.1088739	-0.1703494	2.90325	0.2419667	0.688905	2.829195	0.2309497	0.5310723	2.841854	0.2357687	0.4506136	2.858691	0.2490413	0.203963	2.899408	0.2647902	-0.1324113	2.942978	0.4211818	0.413546	2.854831	0.04304726	0.4175599	2.869719	0.3463644	-0.1263894	2.900143	0.1761193	-0.1349901	2.906923	0.5093008	0.120118	2.88608	-0.02291415	0.08455249	2.933985	0.4078442	-0.5177906	3.012614	0.1726863	-0.5240446	3.047452	0.4501821	-0.9112326	3.110186	0.1895153	-0.9188852	3.137863	

0.5318156	-0.146275	2.832713	-0.06475769	-0.1979542	2.922073	0.5345854	-0.2410363	2.859998	-0.05074563	-0.2832624	2.920532	0.5549233	-0.1363927	2.826917	-0.09385564	-0.1689305	2.884647	0.2287224	0.6904048	2.823817	0.2185927	0.5328487	2.833494	0.2242289	0.4520884	2.849768	0.2400135	0.2045663	2.888643	0.2594832	-0.1329484	2.929355	0.4104021	0.4173127	2.847003	0.03174677	0.4117985	2.859822	0.3410712	-0.1257743	2.886123	0.1709143	-0.1365644	2.893777	0.4999763	0.1229546	2.873817	-0.02601088	0.07106809	2.91449	0.4031894	-0.5184144	2.999438	0.168534	-0.5195711	3.02844	0.4490518	-0.9126014	3.108641	0.1893988	-0.9193698	3.135358	

0.5304528	-0.1414141	2.829722	-0.06009387	-0.2008318	2.917228	0.5286144	-0.2414345	2.843166	-0.04943199	-0.2822968	2.910532	0.5483346	-0.1556542	2.8124	-0.09264997	-0.1600257	2.882	0.2243818	0.6912792	2.822052	0.2148121	0.5332826	2.831455	0.2208579	0.4525134	2.84759	0.2378721	0.2049529	2.886104	0.258913	-0.1325814	2.926376	0.4064091	0.4192358	2.844055	0.02815256	0.4110546	2.858797	0.3403008	-0.1250509	2.883083	0.1705397	-0.1365386	2.890852	0.4965999	0.1277306	2.869374	-0.0259492	0.06895866	2.911646	0.400385	-0.512405	2.990104	0.1680521	-0.5181715	3.025666	0.4482753	-0.9133574	3.107695	0.1893485	-0.9194769	3.135181	

0.5228685	-0.1412676	2.827348	-0.04164679	-0.2066573	2.89862	0.5035526	-0.2410654	2.834186	-0.0381032	-0.2897896	2.890985	0.5219786	-0.1893895	2.796294	-0.08758011	-0.1732415	2.868789	0.2185867	0.6900623	2.821701	0.2081086	0.5314492	2.830354	0.2145831	0.4506757	2.846487	0.2331451	0.2031644	2.885038	0.2564167	-0.1341242	2.925615	0.4015781	0.4173234	2.843352	0.0218067	0.4083935	2.857799	0.3377116	-0.12639	2.88278	0.1681476	-0.1382919	2.889606	0.4933595	0.1284072	2.86798	-0.02825177	0.06555544	2.903146	0.3997921	-0.5150892	2.994273	0.1668179	-0.5182936	3.026226	0.4481153	-0.9134333	3.10777	0.1893095	-0.9194784	3.135164	

0.515831	-0.1413969	2.830297	-0.0404223	-0.2059552	2.898319	0.4974135	-0.2418513	2.843193	-0.03694128	-0.2878639	2.893511	0.5200354	-0.1927029	2.813	-0.08898204	-0.1781759	2.874369	0.2141153	0.6901792	2.821781	0.2026587	0.5309216	2.829742	0.2088941	0.4501076	2.845884	0.2269612	0.2024459	2.884464	0.2502912	-0.1350721	2.925244	0.3974532	0.4163632	2.844057	0.01753413	0.4083038	2.856719	0.3314269	-0.1274408	2.883218	0.1622813	-0.1391111	2.888469	0.4874373	0.1286218	2.869368	-0.02997474	0.06637749	2.900948	0.3982653	-0.5140226	2.994142	0.1654795	-0.5170038	3.025216	0.4479726	-0.9135009	3.1073	0.1892812	-0.9198815	3.135111	

0.4997742	-0.1438924	2.845631	-0.04114304	-0.206213	2.897386	0.4965948	-0.2494443	2.865694	-0.04095457	-0.2880843	2.895761	0.521446	-0.1481186	2.825895	-0.09001881	-0.1884319	2.874313	0.2105983	0.690654	2.821574	0.1997598	0.5311385	2.829908	0.2059929	0.4503063	2.846188	0.2240906	0.2025731	2.885172	0.2475135	-0.1350755	2.926565	0.3939664	0.4191962	2.848917	0.01447741	0.4072433	2.854972	0.3280815	-0.12751	2.885655	0.1600343	-0.1390576	2.888959	0.4828736	0.1280293	2.874742	-0.03159312	0.066197	2.899507	0.3963019	-0.5159085	2.995988	0.1639373	-0.5159321	3.024833	0.4476853	-0.9136155	3.106859	0.1891817	-0.91992	3.134961	

0.4975258	-0.1426448	2.855158	-0.04567737	-0.2091675	2.895551	0.4925553	-0.2474348	2.872533	-0.04825343	-0.2898714	2.897051	0.5294764	-0.1223239	2.861091	-0.1000971	-0.1762123	2.874613	0.2087844	0.6912012	2.821459	0.1974863	0.531285	2.830441	0.2034928	0.4504293	2.846899	0.2208716	0.202593	2.886507	0.2432718	-0.1352757	2.928998	0.3909035	0.4179091	2.853895	0.01076258	0.4067955	2.855275	0.3235289	-0.1279197	2.889257	0.1562676	-0.1390659	2.890326	0.4776178	0.1291804	2.883062	-0.03563003	0.06330056	2.898384	0.3929687	-0.5184518	2.998952	0.1623257	-0.5150759	3.02528	0.4475927	-0.9134936	3.106745	0.189036	-0.9197403	3.134785	

0.5025096	-0.141924	2.864324	-0.04752215	-0.2093969	2.894903	0.4914513	-0.2462238	2.889079	-0.05948716	-0.2846857	2.900101	0.5252005	-0.1636484	2.8575	-0.1057552	-0.1770004	2.878942	0.2072126	0.6916103	2.821721	0.1955599	0.5315956	2.831234	0.2015463	0.4507081	2.84779	0.2189172	0.2027658	2.887664	0.2414141	-0.1352582	2.930489	0.3890571	0.4188193	2.858948	0.008061887	0.4069203	2.85592	0.321671	-0.1280631	2.891324	0.1545172	-0.1389014	2.891242	0.4754995	0.1294651	2.888715	-0.03769924	0.06317689	2.898686	0.3909595	-0.5199642	3.001068	0.1614812	-0.5146945	3.025839	0.4475309	-0.913461	3.106753	0.1890433	-0.9194943	3.135125	

0.5048922	-0.1430687	2.87104	-0.05046128	-0.2090325	2.894782	0.4939042	-0.2474636	2.910205	-0.05529444	-0.2953587	2.918633	0.5223436	-0.1574287	2.861016	-0.1123945	-0.1647834	2.869786	0.2058946	0.6917132	2.822627	0.1934695	0.5316422	2.832835	0.1995226	0.4507305	2.849439	0.217132	0.2027176	2.889423	0.2400041	-0.1353946	2.932357	0.3863068	0.4179369	2.8627	0.005039364	0.4071465	2.85694	0.320376	-0.1281946	2.893849	0.1531045	-0.1390219	2.892472	0.4733457	0.1278279	2.895961	-0.03986685	0.06360842	2.899356	0.3884819	-0.5554736	3.024635	0.1601491	-0.5142866	3.026792	0.4475414	-0.9137934	3.106769	0.188834	-0.9193668	3.13542	

0.4866942	-0.1430918	2.899894	-0.04947715	-0.2039234	2.894866	0.4939955	-0.2406966	2.92751	-0.0596451	-0.2853394	2.906815	0.5182427	-0.1731593	2.8904	-0.1040706	-0.1711137	2.876734	0.203589	0.6915576	2.825284	0.1884969	0.5301341	2.836084	0.193911	0.449261	2.853179	0.2094022	0.2014667	2.894814	0.2290405	-0.1361036	2.940376	0.3822379	0.4169596	2.869037	0.001130593	0.4083969	2.859033	0.3093367	-0.1299576	2.904237	0.1424935	-0.1387584	2.898212	0.4667681	0.1292097	2.906388	-0.04621731	0.06893659	2.898771	0.3828302	-0.5313482	3.016369	0.153908	-0.5147673	3.033658	0.4470164	-0.9144061	3.10654	0.1885419	-0.9190636	3.135345	

0.4901718	-0.1465994	2.904413	-0.04992991	-0.2025594	2.893887	0.4961302	-0.2467243	2.924451	-0.05335264	-0.2836266	2.909944	0.5114351	-0.15988	2.884722	-0.1019207	-0.1702064	2.876479	0.202511	0.69173	2.827279	0.1859195	0.5300444	2.838139	0.1913837	0.449202	2.855287	0.2071576	0.2014799	2.89697	0.2273969	-0.1360505	2.942362	0.3794812	0.4163446	2.872636	-0.00313831	0.4095671	2.861852	0.3080915	-0.1298933	2.906039	0.140541	-0.1386876	2.900203	0.4635879	0.1251251	2.912036	-0.04883143	0.07040778	2.899037	0.3836874	-0.5536228	3.02933	0.1509893	-0.5143944	3.036189	0.4464628	-0.914426	3.106584	0.1875596	-0.9165401	3.13518	

