0.1182014	-0.00143968	2.950291	-0.3770495	-0.0349175	2.839349	0.1164931	-0.1709559	2.897669	-0.366142	-0.2058725	2.823309	0.0800219	-0.1100435	2.884286	-0.3249184	-0.1311256	2.813062	-0.1199765	0.7396041	2.929693	-0.1536415	0.5908192	2.956041	-0.1497463	0.5211582	2.957757	-0.1380528	0.3080626	2.954422	-0.1220001	0.01747958	2.941984	0.01391944	0.4717176	3.001927	-0.3130759	0.4769253	2.932263	-0.04769478	0.0163899	2.922774	-0.1930113	0.01738842	2.891309	0.0807814	0.2130199	3.01923	-0.3757234	0.2044367	2.920971	0.01887992	-0.3043918	2.77035	-0.2313274	-0.3150666	2.762432	0.04897201	-0.6325487	2.855331	-0.2610766	-0.6303374	2.882481	

0.1167814	0.002927162	2.953603	-0.380085	-0.03532229	2.841325	0.1107091	-0.1647946	2.894217	-0.3681384	-0.1980521	2.819579	0.06916444	-0.05215993	2.872334	-0.3254252	-0.1316106	2.813313	-0.1202759	0.7392847	2.930307	-0.1538815	0.5906134	2.956804	-0.15003	0.5210254	2.958577	-0.1383976	0.308157	2.955406	-0.1223907	0.01797925	2.943071	0.013498	0.4717317	3.002698	-0.3134174	0.4775992	2.932954	-0.04845626	0.01757696	2.924848	-0.1931951	0.01755351	2.891717	0.08000753	0.2137906	3.020082	-0.3774698	0.2045778	2.922079	0.009986893	-0.3053203	2.773608	-0.2395186	-0.3108915	2.752527	0.04439116	-0.6324887	2.860581	-0.2221456	-0.6411574	2.833835	

0.1166861	0.0002179302	2.953311	-0.3809352	-0.03485037	2.842189	0.1113859	-0.1704497	2.889204	-0.3720192	-0.2040986	2.819264	0.0679685	-0.06580726	2.890615	-0.3285069	-0.1333316	2.819125	-0.1205807	0.7392498	2.930947	-0.1544952	0.5906938	2.957511	-0.1505532	0.521033	2.959285	-0.1386227	0.307941	2.956122	-0.1222084	0.01742512	2.943851	0.01299067	0.4717754	3.003345	-0.3136896	0.4772701	2.93317	-0.04780489	0.01628481	2.925491	-0.1933859	0.01753049	2.892716	0.07904482	0.2150516	3.020886	-0.3781677	0.2047387	2.922378	0.01130598	-0.3287886	2.808971	-0.2576752	-0.3102433	2.761866	0.0325053	-0.635881	2.948351	-0.2225944	-0.6398531	2.841003	

0.1167403	3.233967E-05	2.95325	-0.3809618	-0.03516394	2.842672	0.1143697	-0.1709525	2.897737	-0.3628367	-0.2046667	2.820581	0.07655599	-0.1058513	2.8728	-0.3268061	-0.1315967	2.822809	-0.1206857	0.7390985	2.931273	-0.1548735	0.5907508	2.958012	-0.1509844	0.5211447	2.959836	-0.13914	0.3082162	2.956785	-0.1227975	0.01797704	2.944549	0.01265907	0.4716455	3.003826	-0.31444	0.4779155	2.93415	-0.04878208	0.0175298	2.92656	-0.1937242	0.01770607	2.893068	0.07884064	0.2134617	3.021162	-0.3786548	0.2047845	2.922851	-0.001133505	-0.2980756	2.752271	-0.2345405	-0.3138524	2.761356	0.04325113	-0.6208926	2.84931	-0.2235562	-0.637287	2.864574	

0.1158675	-0.002710169	2.95257	-0.3804017	-0.03554674	2.844298	0.1150728	-0.1702924	2.897376	-0.3612995	-0.2034424	2.823028	0.07352327	-0.09175125	2.876895	-0.3181656	-0.1294503	2.825682	-0.1209049	0.738763	2.932762	-0.1558914	0.590363	2.959894	-0.1519457	0.5208565	2.961857	-0.1398153	0.3081919	2.959278	-0.1229154	0.01847664	2.94767	0.01187387	0.4710973	3.006711	-0.3154426	0.4782518	2.935787	-0.0487409	0.01865843	2.930592	-0.1940601	0.01783491	2.895085	0.07726173	0.2121094	3.023167	-0.379214	0.2043723	2.924018	0.03108189	-0.3000557	2.779173	-0.2363278	-0.3119759	2.757044	0.05437658	-0.6363488	2.835618	-0.2291429	-0.6376295	2.854699	

0.1156685	-0.003130665	2.953133	-0.3802104	-0.03255988	2.846553	0.1146323	-0.1715659	2.904368	-0.3529726	-0.2040244	2.825562	0.08477371	-0.1178254	2.881611	-0.3179062	-0.1072149	2.816704	-0.1215436	0.7385932	2.933852	-0.1563226	0.5904563	2.960347	-0.152449	0.5208874	2.962363	-0.1405254	0.3079662	2.959939	-0.1239895	0.01775725	2.948493	0.01104752	0.4710918	3.007876	-0.316115	0.4777929	2.936571	-0.04954632	0.01779191	2.930905	-0.1955351	0.01730273	2.896521	0.07703429	0.2114933	3.023876	-0.3792522	0.2042733	2.924415	0.0166713	-0.3048404	2.781566	-0.2142072	-0.3178141	2.768393	0.04250188	-0.6343133	2.864437	-0.2231202	-0.6448445	2.861686	

0.1155139	-0.004197869	2.953305	-0.3800291	-0.03226451	2.846977	0.1155288	-0.1722917	2.905645	-0.3516012	-0.2023609	2.820433	0.07749085	-0.09896678	2.897364	-0.3121873	-0.1131756	2.811556	-0.1216303	0.7386296	2.93432	-0.1566007	0.5905741	2.960689	-0.152845	0.5209994	2.962755	-0.1413396	0.3080271	2.960469	-0.1255831	0.01770902	2.949132	0.01089253	0.4710484	3.009072	-0.3161965	0.4775989	2.936759	-0.05182057	0.01786801	2.931734	-0.1965064	0.01717751	2.896894	0.07685057	0.2107226	3.024196	-0.3791901	0.2039434	2.924825	0.01581841	-0.3067804	2.788857	-0.2614797	-0.3099078	2.762002	0.04458962	-0.6352097	2.874507	-0.2344007	-0.6406964	2.84052	

0.1151424	-0.003300261	2.955074	-0.3787482	-0.03151803	2.848041	0.1154245	-0.1712911	2.903539	-0.3513329	-0.1992092	2.822766	0.07636541	-0.09643699	2.891423	-0.3160653	-0.1121318	2.817899	-0.1216745	0.7387521	2.934713	-0.1569406	0.5905906	2.961763	-0.1531982	0.521011	2.963759	-0.1416653	0.3080217	2.961229	-0.1258131	0.01770563	2.949533	0.01056439	0.4715289	3.011309	-0.3164227	0.477543	2.937564	-0.05197159	0.01778044	2.931938	-0.1967987	0.01730182	2.897471	0.07594825	0.2128057	3.026143	-0.3789448	0.2035606	2.926021	0.01380459	-0.3072022	2.788593	-0.2077272	-0.3119345	2.748215	0.04507232	-0.6359523	2.872585	-0.2323424	-0.6297227	2.864493	

0.1149624	-0.003804732	2.955938	-0.3779168	-0.03106165	2.848732	0.1146318	-0.1712461	2.908398	-0.3549654	-0.204866	2.82539	0.07825175	-0.1035696	2.887607	-0.3055539	-0.1109981	2.811769	-0.122034	0.7390452	2.93574	-0.1571873	0.5906664	2.962543	-0.1534757	0.5210311	2.964493	-0.1419948	0.3078845	2.961825	-0.1261887	0.01739105	2.949934	0.01022672	0.4714654	3.012145	-0.316626	0.4772317	2.937913	-0.05227062	0.0173832	2.932078	-0.1972686	0.01707557	2.898167	0.07569991	0.2118935	3.027143	-0.3789147	0.2036339	2.926153	0.03710871	-0.2967533	2.774044	-0.2748654	-0.3112224	2.777151	0.06150902	-0.6338912	2.826741	-0.2345876	-0.6397548	2.859195	

0.1156365	-0.00461427	2.957247	-0.3771582	-0.03045829	2.849684	0.1141224	-0.1717535	2.9134	-0.3567433	-0.2032934	2.825337	0.08149731	-0.1152494	2.8994	-0.3069056	-0.1218525	2.814086	-0.1221784	0.7391027	2.936073	-0.1572884	0.5907223	2.963118	-0.1535378	0.521013	2.965056	-0.1419126	0.3076269	2.9624	-0.1258025	0.01667226	2.950569	0.00993615	0.4713271	3.012792	-0.3166973	0.4772608	2.938121	-0.05127316	0.01572958	2.932849	-0.1972128	0.01688884	2.898618	0.07523997	0.2133805	3.028579	-0.3786721	0.2036353	2.926563	0.03861822	-0.2974218	2.77246	-0.2274192	-0.3126217	2.753571	0.05898842	-0.6327654	2.834834	-0.2331778	-0.6411169	2.842989	

0.1154863	-0.005948539	2.958569	-0.3768733	-0.03029598	2.849948	0.1211545	-0.1732918	2.911907	-0.3519821	-0.1996479	2.824497	0.06997251	-0.1135866	2.8785	-0.3113009	-0.1160403	2.816393	-0.1220445	0.7392184	2.936256	-0.1574492	0.5907928	2.963322	-0.1537834	0.5211039	2.965325	-0.1424704	0.3077846	2.962879	-0.1269273	0.01698118	2.951324	0.009691433	0.4715333	3.013737	-0.3166489	0.4771779	2.938603	-0.05303746	0.01638664	2.934154	-0.1978404	0.01699953	2.898914	0.07472894	0.2142379	3.029965	-0.3784513	0.2026049	2.926835	0.03986711	-0.3024583	2.791383	-0.2650346	-0.3111789	2.767908	0.05553957	-0.6383744	2.85217	-0.2350358	-0.643518	2.839944	

0.1159601	-0.004878453	2.961364	-0.3765594	-0.03007156	2.850006	0.1177687	-0.1726098	2.918105	-0.3491448	-0.2060641	2.823083	0.07865582	-0.09802296	2.892867	-0.3039435	-0.115248	2.80175	-0.1217781	0.7392745	2.936873	-0.1574221	0.5910459	2.964197	-0.1538571	0.5212972	2.966115	-0.1427748	0.3078288	2.963464	-0.1275599	0.01686524	2.951712	0.009642099	0.4713805	3.014935	-0.3166546	0.4774576	2.939053	-0.05372164	0.01611168	2.934628	-0.1983986	0.0170404	2.899157	0.07473243	0.2138094	3.030807	-0.3784441	0.2014246	2.926778	0.03867072	-0.3021004	2.789233	-0.2699786	-0.3105406	2.769068	0.05530005	-0.6370196	2.854373	-0.2357668	-0.6425498	2.841083	

0.1158105	-0.005806375	2.962079	-0.3759337	-0.03022558	2.850603	0.1209359	-0.1731492	2.920934	-0.3499166	-0.2052875	2.827494	0.08530889	-0.1159962	2.906917	-0.3107133	-0.1141825	2.821227	-0.1214991	0.7393317	2.937801	-0.1576213	0.5911197	2.964858	-0.1540451	0.5213782	2.966804	-0.1428949	0.3079214	2.96418	-0.1275546	0.016984	2.952356	0.009653943	0.4711699	3.015806	-0.3165684	0.4772374	2.939781	-0.05372704	0.01647579	2.935374	-0.1983848	0.01698099	2.899644	0.07468838	0.2144379	3.032597	-0.3781604	0.2016559	2.92747	0.03441368	-0.3023427	2.787954	-0.2676232	-0.3110124	2.768812	0.05429811	-0.6367667	2.854612	-0.2267714	-0.6422057	2.84136	

0.1140955	0.0008042026	2.973548	-0.3749131	-0.03014113	2.852225	0.1213581	-0.1749541	2.934083	-0.3488975	-0.2001148	2.829005	0.08721497	-0.120729	2.904329	-0.3093066	-0.1276503	2.820176	-0.1210195	0.7387888	2.938963	-0.1567168	0.5909344	2.96673	-0.1534528	0.5212429	2.968685	-0.1431251	0.3079354	2.966167	-0.1289381	0.01724641	2.954606	0.01035188	0.4714659	3.018102	-0.3157422	0.4768868	2.94153	-0.05513595	0.01679544	2.937433	-0.1997479	0.01717933	2.901964	0.0745386	0.2152377	3.037022	-0.377351	0.2021124	2.930074	0.03008117	-0.3011742	2.784536	-0.3011335	-0.3064591	2.786376	0.05082737	-0.6309524	2.868581	-0.2473435	-0.6375926	2.852592	

0.1144192	0.001507799	2.974131	-0.3750725	-0.02880256	2.853394	0.1167211	-0.164492	2.921087	-0.3537044	-0.2038546	2.834696	0.08534048	-0.1066101	2.909632	-0.3089073	-0.1205514	2.815853	-0.1208001	0.7385917	2.939638	-0.1563892	0.5908467	2.967315	-0.1532304	0.521157	2.969265	-0.1431806	0.3078436	2.966755	-0.1293924	0.01714242	2.95524	0.01055471	0.4718887	3.018781	-0.3157925	0.4769983	2.942119	-0.05550319	0.01655128	2.937887	-0.2002832	0.01726869	2.90276	0.07487157	0.2138495	3.037926	-0.3770803	0.201992	2.930502	0.01554822	-0.2976657	2.766654	-0.2566616	-0.3085221	2.755397	0.05505359	-0.6297849	2.83613	-0.2430073	-0.6391624	2.837956	

0.1143128	-0.002735126	2.972887	-0.3742945	-0.02933987	2.854183	0.123747	-0.1735777	2.924113	-0.3529211	-0.202883	2.833455	0.07547002	-0.08269811	2.892	-0.3056956	-0.09481207	2.824789	-0.1207319	0.7385966	2.939641	-0.1556869	0.590974	2.968318	-0.1526371	0.5212169	2.970224	-0.1428737	0.3077277	2.96755	-0.1293443	0.016858	2.955812	0.01065998	0.4716772	3.018831	-0.3151361	0.4765566	2.942811	-0.05546169	0.01638726	2.938117	-0.2002336	0.01686965	2.903738	0.07520171	0.2131075	3.038198	-0.3765275	0.2029448	2.93197	0.02422655	-0.2979331	2.771732	-0.2449099	-0.3104213	2.754931	0.05733375	-0.6300955	2.843729	-0.2360712	-0.6384546	2.846383	

0.1143814	-0.002115366	2.973233	-0.3739964	-0.02917588	2.855013	0.1252276	-0.1734756	2.922389	-0.3499384	-0.1987684	2.829275	0.07575107	-0.07976553	2.894572	-0.3056693	-0.1151002	2.817706	-0.1205565	0.7384744	2.939644	-0.1545069	0.5906833	2.968882	-0.1516683	0.5209826	2.970824	-0.1423974	0.3076158	2.968215	-0.1293148	0.0168687	2.956604	0.01128379	0.4713383	3.018912	-0.3147292	0.4767397	2.944158	-0.05539108	0.01656717	2.938733	-0.2002483	0.01668309	2.904663	0.07716997	0.210111	3.038161	-0.3749794	0.2071811	2.934595	0.02531008	-0.2977796	2.772782	-0.2431051	-0.3116639	2.757931	0.05764524	-0.6300704	2.844574	-0.2368988	-0.6384718	2.853228	

0.1213468	-0.006226444	2.969365	-0.3725211	-0.02961498	2.85982	0.1427947	-0.1745361	2.915983	-0.3604445	-0.1973007	2.841016	0.1154115	-0.1431662	2.877833	-0.2989898	-0.1187377	2.827375	-0.1189567	0.7382527	2.937341	-0.1523025	0.5905809	2.968673	-0.1495668	0.5209512	2.971143	-0.1400215	0.3078362	2.970527	-0.1261835	0.01781713	2.963967	0.01418832	0.4726093	3.016288	-0.3123218	0.4773981	2.947076	-0.05263674	0.01815663	2.943323	-0.1968176	0.0166816	2.915396	0.08018328	0.2116228	3.037624	-0.3727164	0.206487	2.939742	-0.00302239	-0.300987	2.773453	-0.236199	-0.3070567	2.754397	0.06838472	-0.6283022	2.840915	-0.2358064	-0.6384847	2.835176	

0.134719	-0.01164011	2.963128	-0.3705346	-0.03493842	2.863632	0.1473349	-0.1815831	2.914107	-0.3537247	-0.1917908	2.849071	0.1097632	-0.1177289	2.867667	-0.3031101	-0.115661	2.838765	-0.1156285	0.7379639	2.933831	-0.1470582	0.5902966	2.968421	-0.1448042	0.5207531	2.971464	-0.1366517	0.3078434	2.972127	-0.1242954	0.01798178	2.966246	0.01997289	0.4741857	3.01234	-0.3071982	0.479926	2.95239	-0.05044497	0.01808373	2.944621	-0.1952845	0.01723274	2.918648	0.08682869	0.2120766	3.035606	-0.3717344	0.2059149	2.944992	0.03059603	-0.2958013	2.777339	-0.2317961	-0.3063264	2.756032	0.07076639	-0.6333682	2.820907	-0.232891	-0.6373256	2.838393	

0.1421701	-0.01845089	2.956948	-0.3701322	-0.03630176	2.866129	0.1528006	-0.188868	2.912596	-0.3555152	-0.1947657	2.85078	0.1345606	-0.1180428	2.876267	-0.3044567	-0.133422	2.846533	-0.1134074	0.7376363	2.932238	-0.1425282	0.5904144	2.968262	-0.140551	0.5207415	2.971787	-0.1333082	0.3074802	2.973713	-0.1220479	0.01710926	2.968996	0.02526939	0.4754115	3.010115	-0.3037712	0.4805507	2.95476	-0.04741471	0.01681152	2.94684	-0.1937891	0.01680487	2.921654	0.0950288	0.2093518	3.032482	-0.3695336	0.2044996	2.948885	0.03097156	-0.2955309	2.774249	-0.2553286	-0.3047682	2.764025	0.0785306	-0.632603	2.815037	-0.2037866	-0.5027971	2.893029	

0.1463981	-0.02284708	2.952964	-0.3686769	-0.04026728	2.869342	0.1620794	-0.1964838	2.915649	-0.3439531	-0.2080994	2.864216	0.1263336	-0.1191383	2.869135	-0.3039449	-0.125723	2.843777	-0.1094888	0.7371776	2.930426	-0.1384748	0.5902048	2.969277	-0.1363489	0.5205955	2.97293	-0.1291023	0.3075322	2.975194	-0.1185028	0.01737686	2.970366	0.03009063	0.4772694	3.008036	-0.2993872	0.4807222	2.95722	-0.0433691	0.01684143	2.947219	-0.1906255	0.01737031	2.923884	0.1016179	0.2078112	3.028514	-0.3667416	0.2030324	2.952975	0.0373874	-0.294246	2.772968	-0.227472	-0.3132678	2.780699	0.09106592	-0.6343482	2.776933	-0.2316292	-0.6489533	2.845033	

0.1733529	-0.01966287	2.93701	-0.3613532	-0.04638515	2.880291	0.1924853	-0.1885817	2.908785	-0.3534642	-0.2156013	2.88596	0.1475389	-0.1249914	2.8422	-0.3012103	-0.1417691	2.8525	-0.08895513	0.7402234	2.925038	-0.1116387	0.5942233	2.965393	-0.1097722	0.5246978	2.970565	-0.103418	0.3118764	2.977269	-0.09358744	0.02213621	2.977667	0.05986897	0.4849069	3.001645	-0.2727735	0.4844359	2.958291	-0.01749069	0.02160823	2.951375	-0.1672668	0.02213144	2.933908	0.1320347	0.2109023	3.015646	-0.3512784	0.2016706	2.959097	0.03780986	-0.2936387	2.773941	-0.2205713	-0.3072584	2.793631	0.08538601	-0.6292263	2.823648	-0.2337945	-0.6423663	2.859576	

0.1799217	-0.02067633	2.934703	-0.3574239	-0.04514978	2.886017	0.1953841	-0.1846312	2.888252	-0.351653	-0.2156449	2.886843	0.1578954	-0.1152062	2.8326	-0.3039052	-0.1407586	2.858611	-0.07897471	0.7416008	2.920974	-0.1027634	0.5942132	2.963983	-0.1012715	0.5248104	2.969536	-0.09620643	0.3123043	2.977332	-0.0883179	0.02284494	2.978811	0.06527467	0.4840864	2.999018	-0.2650706	0.4860643	2.957681	-0.01211484	0.02287704	2.952451	-0.162322	0.02229103	2.935055	0.1378203	0.2157397	3.014471	-0.3421991	0.2015166	2.961712	0.04594796	-0.2964487	2.7854	-0.1965719	-0.3065723	2.784866	0.07604891	-0.6291047	2.85728	-0.2321225	-0.6423135	2.840657	

0.1910333	-0.01545383	2.931789	-0.3475427	-0.04747643	2.893791	0.2064125	-0.1855193	2.880473	-0.3495335	-0.2154981	2.893433	0.1687378	-0.1126475	2.835143	-0.2989039	-0.1351596	2.8695	-0.06023919	0.741561	2.912386	-0.08424354	0.5936077	2.957946	-0.08386106	0.524389	2.964928	-0.08187833	0.3123669	2.976507	-0.07726362	0.02344786	2.982039	0.08440982	0.4868654	2.993415	-0.2504991	0.4866195	2.955078	-0.001592026	0.02442699	2.954631	-0.1509637	0.02187284	2.939362	0.1539932	0.2199821	3.009952	-0.3271027	0.2020862	2.962594	0.06939248	-0.2900858	2.782205	-0.2076229	-0.3012934	2.782102	0.08196519	-0.6318119	2.813644	-0.2345828	-0.6375197	2.839849	

0.1961609	-0.01566572	2.928771	-0.3393552	-0.04827964	2.896995	0.2045087	-0.1824099	2.874157	-0.3309557	-0.2173291	2.897722	0.171441	-0.1071543	2.834462	-0.28782	-0.1365709	2.873471	-0.05346093	0.7410764	2.908536	-0.0762339	0.5936612	2.955652	-0.07594281	0.5243376	2.963274	-0.07441294	0.312048	2.976921	-0.0705556	0.02282372	2.98558	0.09150401	0.4876203	2.989772	-0.2440227	0.4877702	2.954982	0.005778034	0.02249778	2.957357	-0.1448884	0.02252161	2.943754	0.1604431	0.2193772	3.009504	-0.3162411	0.2021562	2.964751	0.0684862	-0.3025442	2.807191	-0.1967933	-0.3027987	2.789782	0.06873403	-0.6438431	2.843236	-0.2249548	-0.6460714	2.792538	

0.2063515	-0.0208183	2.921767	-0.3329294	-0.04449661	2.901255	0.2099123	-0.1860218	2.877646	-0.3303478	-0.2117425	2.900262	0.1796647	-0.1175236	2.832	-0.2787573	-0.1387045	2.868429	-0.0437189	0.7397186	2.904952	-0.06488757	0.5934663	2.952134	-0.0660078	0.524071	2.961062	-0.06801113	0.3116391	2.977836	-0.06689412	0.02222379	2.990132	0.1017206	0.4849322	2.984256	-0.235031	0.4869606	2.95492	0.009155473	0.02189714	2.961591	-0.1412204	0.02198232	2.948478	0.173031	0.2162413	3.005012	-0.3067064	0.2013128	2.966792	0.06709253	-0.3012314	2.803503	-0.179594	-0.3032097	2.788646	0.07799552	-0.6423324	2.840077	-0.2190203	-0.6444722	2.805296	

0.2136681	-0.02330312	2.91912	-0.3251874	-0.04621287	2.902112	0.212681	-0.1929563	2.887595	-0.3260119	-0.2186199	2.905179	0.1808978	-0.116499	2.834071	-0.2692488	-0.1370315	2.86765	-0.03653033	0.7389837	2.901703	-0.05826418	0.5932091	2.950764	-0.05978735	0.5236635	2.960149	-0.06347314	0.3108633	2.978501	-0.0648113	0.0210738	2.992746	0.1100183	0.4848819	2.980975	-0.2281079	0.486459	2.954167	0.01070883	0.02102298	2.963338	-0.1386528	0.02057466	2.9521	0.1801715	0.2184833	3.003401	-0.2978341	0.2005778	2.969372	0.08358695	-0.2953398	2.795704	-0.1763423	-0.3099091	2.806674	0.07703778	-0.6353357	2.84058	-0.2306076	-0.6504249	2.794243	

0.2170017	-0.02678646	2.917886	-0.3178301	-0.04146636	2.904317	0.2172109	-0.1967844	2.880501	-0.3124263	-0.2109797	2.889454	0.1863658	-0.1170066	2.8355	-0.2628249	-0.1425124	2.866167	-0.02913826	0.7386431	2.897685	-0.05152599	0.5930468	2.948405	-0.05363644	0.5232165	2.958528	-0.05902441	0.3096881	2.979004	-0.06236963	0.01875438	2.996295	0.1177393	0.4829033	2.977476	-0.2209258	0.4862325	2.95369	0.01353545	0.01785645	2.967326	-0.1366829	0.01907059	2.955158	0.190708	0.213901	3.00028	-0.2919673	0.2009203	2.971708	0.08283975	-0.2967218	2.793506	-0.178471	-0.309168	2.804375	0.0915929	-0.6383949	2.827557	-0.2287372	-0.6502581	2.782848	

0.2369458	-0.03371616	2.912243	-0.3000915	-0.02519706	2.905729	0.24923	-0.200113	2.891562	-0.2913837	-0.1944466	2.873412	0.2030635	-0.1242059	2.841692	-0.2407011	-0.1268326	2.867833	-0.02035388	0.7387705	2.893403	-0.0422264	0.5931446	2.946709	-0.04482609	0.5233013	2.957279	-0.05217882	0.3096378	2.979391	-0.0591525	0.01864291	2.998397	0.1264556	0.4833088	2.973631	-0.2115697	0.4875718	2.95504	0.01670737	0.0163395	2.968539	-0.1330233	0.02067351	2.958624	0.2036843	0.2100438	2.990499	-0.2786928	0.2031483	2.978189	0.0725562	-0.3001581	2.792818	-0.1723547	-0.3068201	2.804496	0.09089069	-0.6421593	2.821747	-0.2227472	-0.6479735	2.79966	

0.2462273	-0.03697492	2.910942	-0.2939949	-0.02931017	2.904849	0.2538702	-0.2128903	2.89659	-0.2867664	-0.2024609	2.870426	0.2109405	-0.1292966	2.834778	-0.2362292	-0.1147704	2.861947	-0.01858464	0.7388396	2.893281	-0.0392963	0.5934129	2.94664	-0.04217817	0.5236204	2.957257	-0.05042561	0.3100275	2.979658	-0.05868968	0.01905768	2.999095	0.1292516	0.483256	2.972398	-0.2093866	0.4887426	2.956374	0.01712239	0.01656003	2.968988	-0.1326619	0.02124864	2.959461	0.2071617	0.2089012	2.988415	-0.2752435	0.204846	2.980247	0.07520515	-0.3003055	2.794764	-0.1741987	-0.3057405	2.804411	0.08778172	-0.6425349	2.824415	-0.2182902	-0.6476595	2.805073	

0.2514546	-0.03004827	2.908604	-0.2934672	-0.03047946	2.902831	0.2703098	-0.2010338	2.888128	-0.2857156	-0.2076205	2.872966	0.227073	-0.1242593	2.833182	-0.2368474	-0.1173198	2.854631	-0.01719296	0.7391909	2.894742	-0.03691655	0.5936042	2.947947	-0.04028457	0.5238059	2.958214	-0.04970658	0.3101606	2.979979	-0.05878139	0.01913062	2.999168	0.130522	0.4838349	2.973104	-0.2076256	0.4887575	2.956825	0.01691108	0.01679694	2.968934	-0.1327472	0.02122519	2.959661	0.2088235	0.2097465	2.987357	-0.2746055	0.2062065	2.980777	0.07356995	-0.300207	2.794182	-0.1948503	-0.3017875	2.802725	0.08474741	-0.6403341	2.838656	-0.2022483	-0.6435342	2.837342	

0.255362	-0.03077587	2.906476	-0.2925715	-0.03087419	2.902344	0.2716054	-0.2002115	2.878934	-0.2894529	-0.2078348	2.872992	0.2277745	-0.1230677	2.826625	-0.2387002	-0.1164582	2.858028	-0.01632854	0.7399852	2.897257	-0.03679723	0.5945447	2.949	-0.04016203	0.5246591	2.958946	-0.0496531	0.3108596	2.980112	-0.05932448	0.02008645	2.998744	0.13067	0.4837346	2.973369	-0.207258	0.4899524	2.958372	0.01626759	0.01808575	2.968045	-0.1332575	0.02190474	2.959502	0.2099904	0.2112253	2.986535	-0.2744166	0.2073299	2.981155	0.07338634	-0.2995931	2.794742	-0.2487116	-0.2906575	2.815448	0.08675686	-0.6405064	2.834263	-0.2299842	-0.6351334	2.818115	

0.2559804	-0.02872999	2.906255	-0.293147	-0.03020537	2.900646	0.2704107	-0.1926357	2.869678	-0.29099	-0.2060189	2.868241	0.2327303	-0.117692	2.826556	-0.2472308	-0.1307533	2.849118	-0.01608943	0.7410963	2.900836	-0.03688309	0.5949535	2.950102	-0.04019364	0.5250181	2.959635	-0.04964885	0.3110844	2.980153	-0.05966714	0.02057492	2.998058	0.1305616	0.4835853	2.973899	-0.207529	0.4906206	2.959337	0.01602268	0.01831163	2.967115	-0.1337866	0.02268934	2.958924	0.2096223	0.213612	2.986677	-0.2748721	0.2109772	2.981715	0.07487591	-0.2986252	2.792588	-0.1950182	-0.3064734	2.818716	0.08307914	-0.6389545	2.837062	-0.207156	-0.6500316	2.837179	

0.2534412	-0.02644359	2.904976	-0.3043474	-0.02845137	2.896245	0.262204	-0.1912148	2.862394	-0.3205758	-0.2002333	2.868146	0.2225359	-0.1078702	2.811454	-0.2706687	-0.1179504	2.852251	-0.02192947	0.7436668	2.909153	-0.04384357	0.5967664	2.956076	-0.04620658	0.5265828	2.964267	-0.05347321	0.3119923	2.981629	-0.06316554	0.02089509	2.997249	0.1257665	0.4834879	2.977456	-0.2107067	0.4905994	2.960711	0.01267692	0.0187351	2.966382	-0.1374602	0.02280766	2.957984	0.2036015	0.2184122	2.989233	-0.2817736	0.2163564	2.980705	0.05907676	-0.2972868	2.78497	-0.248241	-0.2897393	2.808449	0.08381446	-0.636701	2.83039	-0.2390722	-0.6333013	2.829857	

0.2231287	-0.0259715	2.902296	-0.3349373	-0.02097811	2.894167	0.2338962	-0.200125	2.868966	-0.3493676	-0.2003958	2.859008	0.1891265	-0.1163156	2.818666	-0.2933756	-0.1140802	2.845	-0.05054905	0.7452371	2.92401	-0.07186465	0.5986066	2.968282	-0.07228978	0.5283607	2.973939	-0.07412488	0.3134157	2.983999	-0.07990167	0.02138909	2.991419	0.09621464	0.4814229	2.984241	-0.2388665	0.4899645	2.969614	-0.002612612	0.01897331	2.961188	-0.155397	0.02341904	2.951414	0.1702038	0.2236186	2.995626	-0.3121485	0.2227208	2.981103	0.02706687	-0.3038834	2.790464	-0.2046771	-0.3008412	2.790758	0.0798028	-0.6400187	2.83637	-0.2206831	-0.6403336	2.838611	

0.2173028	-0.02789266	2.903401	-0.3387639	-0.02263581	2.892853	0.2215249	-0.200878	2.857056	-0.3500982	-0.2008621	2.8675	0.1807945	-0.1206878	2.815143	-0.2832523	-0.108899	2.850828	-0.05513019	0.7455958	2.926152	-0.07543083	0.5983528	2.968698	-0.07607324	0.5281959	2.974394	-0.07813369	0.3135165	2.984064	-0.08266629	0.02161685	2.990353	0.09129731	0.4821075	2.98615	-0.2431413	0.4896153	2.970424	-0.00527802	0.01906871	2.960306	-0.1581686	0.02375007	2.950166	0.1664585	0.2226591	2.996005	-0.3180629	0.2214447	2.981818	0.02336774	-0.3037875	2.789137	-0.2138562	-0.302168	2.796607	0.07460552	-0.6416095	2.826444	-0.2301125	-0.6437334	2.831763	

0.1954344	-0.0342942	2.907436	-0.3486207	-0.02382451	2.893186	0.2028863	-0.2069211	2.87265	-0.3591644	-0.2026161	2.867094	0.1566679	-0.1187431	2.8241	-0.2982053	-0.1221394	2.8516	-0.06244084	0.745019	2.928334	-0.08738733	0.5965303	2.97119	-0.08798316	0.5264515	2.976792	-0.08947223	0.3119954	2.985557	-0.09164543	0.02027043	2.989802	0.07866752	0.48195	2.989158	-0.2534702	0.4868134	2.972228	-0.01577435	0.01912652	2.960062	-0.1657618	0.0211411	2.949348	0.1517897	0.2146294	2.99885	-0.3289881	0.2181307	2.982452	0.01340713	-0.2959491	2.77165	-0.2312896	-0.3077857	2.81029	0.0727415	-0.6329015	2.806488	-0.2157855	-0.6443257	2.873225	

0.162333	-0.01979166	2.915799	-0.3659585	-0.04191327	2.897638	0.1557662	-0.1931152	2.857375	-0.3767989	-0.2156993	2.895142	0.1154637	-0.1142564	2.831083	-0.3429283	-0.1233468	2.870789	-0.06995784	0.746128	2.930055	-0.09067114	0.5968187	2.972375	-0.08993006	0.5266709	2.977353	-0.08956394	0.3120632	2.985364	-0.08841483	0.0204305	2.98613	0.07487004	0.4816853	2.991154	-0.2570625	0.4868056	2.972264	-0.01175798	0.01918829	2.955968	-0.1631374	0.02132442	2.946001	0.1351076	0.2186781	3.004773	-0.3392646	0.2070387	2.978498	0.01321097	-0.2979511	2.770929	-0.1986079	-0.2974069	2.767046	0.06247	-0.6368605	2.803443	-0.2326139	-0.6312591	2.835346	

0.1737524	-0.01819099	2.914583	-0.3562526	-0.04558472	2.89937	0.1841103	-0.1875479	2.858143	-0.3495066	-0.2097722	2.895515	0.1318734	-0.117158	2.8415	-0.3195017	-0.1505302	2.869833	-0.06372635	0.7481412	2.927042	-0.08349743	0.599021	2.968103	-0.08275996	0.5289094	2.972393	-0.08037038	0.3146516	2.976305	-0.07663457	0.02292728	2.970861	0.08423407	0.4843564	2.989841	-0.2492144	0.4869254	2.966275	-0.0008835146	0.02120163	2.942327	-0.1506014	0.02419288	2.929045	0.1461074	0.221602	2.998883	-0.3245258	0.204257	2.974608	0.0656103	-0.2912923	2.759958	-0.2023292	-0.3047196	2.781266	0.06092348	-0.6322002	2.802894	-0.2230515	-0.5822065	2.879168	

0.1791619	-0.01973007	2.912071	-0.3509279	-0.04196678	2.901564	0.192218	-0.1936009	2.857249	-0.3411261	-0.2092827	2.890941	0.1472582	-0.1139236	2.839357	-0.303184	-0.1342143	2.857917	-0.05937176	0.7486984	2.925535	-0.0805733	0.6003881	2.96648	-0.08001265	0.5301911	2.970599	-0.07809237	0.3155907	2.974089	-0.07513487	0.02335638	2.968753	0.08814514	0.484901	2.988814	-0.2462318	0.4876706	2.964825	0.001046826	0.02125835	2.939517	-0.1494814	0.02487469	2.927531	0.1509425	0.2215751	2.997676	-0.3185948	0.2032634	2.973522	0.06174878	-0.2967531	2.766564	-0.2052611	-0.3046395	2.783319	0.06567315	-0.6321054	2.836073	-0.2206137	-0.5829433	2.892304	

0.1893685	-0.02423901	2.910787	-0.3428346	-0.03962791	2.900714	0.2003274	-0.2021945	2.865323	-0.3322083	-0.2097486	2.889724	0.167768	-0.117872	2.833154	-0.2937262	-0.1289001	2.855053	-0.05641421	0.7483972	2.924426	-0.07738924	0.6003312	2.964145	-0.07729827	0.5300405	2.968237	-0.07653354	0.3151095	2.971642	-0.07484835	0.02243384	2.966341	0.09031769	0.4847648	2.987332	-0.2437274	0.4878362	2.962787	0.001472466	0.01908252	2.936347	-0.1493096	0.02484926	2.925703	0.1569051	0.2207748	2.996064	-0.31376	0.2013767	2.971553	0.04111076	-0.2937495	2.744964	-0.2064967	-0.3053177	2.784015	0.06768611	-0.6292023	2.810066	-0.2089078	-0.637683	2.864663	

0.2121361	-0.02895656	2.907127	-0.327086	-0.02136655	2.89852	0.2275204	-0.1999768	2.874953	-0.3184558	-0.200693	2.868454	0.1949473	-0.1259205	2.835437	-0.2698351	-0.1077474	2.843333	-0.05147713	0.7479456	2.922051	-0.07348973	0.5993813	2.961724	-0.07422651	0.5289776	2.965736	-0.07538836	0.3135628	2.968735	-0.07641762	0.01953757	2.962117	0.09206617	0.4842165	2.986313	-0.2411111	0.4872899	2.960056	0.0002393088	0.01079856	2.92922	-0.1510285	0.02499563	2.923169	0.1618078	0.2210831	2.995743	-0.3093529	0.2025792	2.969017	0.03748602	-0.3069365	2.747412	-0.2144596	-0.3013633	2.773354	0.08115488	-0.6254157	2.860219	-0.2149095	-0.6335869	2.854762	

0.2157742	-0.02840452	2.907729	-0.3248676	-0.02213316	2.892597	0.2366375	-0.2012206	2.876017	-0.3126571	-0.2014892	2.855524	0.2189516	-0.1521268	2.8255	-0.2693011	-0.1097339	2.84088	-0.04993644	0.7469542	2.920311	-0.07166129	0.5988969	2.960047	-0.0727681	0.528611	2.963903	-0.07506892	0.3134761	2.96632	-0.07808828	0.0200652	2.958692	0.09277602	0.4838436	2.985387	-0.2405032	0.4867029	2.958221	-0.001952721	0.01360821	2.926409	-0.1524627	0.02416137	2.919089	0.1634781	0.220865	2.995248	-0.3056398	0.2076616	2.964647	0.03850611	-0.3063462	2.750106	-0.1876397	-0.3058608	2.766922	0.07909982	-0.6263128	2.860181	-0.2194382	-0.6318454	2.862976	

0.2166438	-0.02821216	2.907684	-0.3244219	-0.02085433	2.891523	0.2336592	-0.2024284	2.880741	-0.3114707	-0.2013263	2.857923	0.2075995	-0.136111	2.842556	-0.2679618	-0.1019006	2.831286	-0.04920142	0.7464676	2.919541	-0.07071441	0.5983541	2.959054	-0.07187063	0.5280477	2.962715	-0.07454095	0.312849	2.964606	-0.07815837	0.01946896	2.956781	0.09359172	0.4826498	2.984	-0.2399614	0.4860271	2.95634	-0.00185341	0.01325297	2.925609	-0.1527754	0.02385326	2.91644	0.1638204	0.2210923	2.995042	-0.3053915	0.2096231	2.963125	0.03864544	-0.3070606	2.749951	-0.2320279	-0.2941852	2.753555	0.08470572	-0.6298599	2.850456	-0.2353081	-0.6313603	2.815805	

0.2162147	-0.0288044	2.907649	-0.324844	-0.01961483	2.88999	0.2258872	-0.194377	2.876975	-0.317516	-0.2004336	2.852399	0.1937917	-0.1370663	2.8343	-0.2665142	-0.1111946	2.831385	-0.04898101	0.7457989	2.918968	-0.07071734	0.5974114	2.958313	-0.07196301	0.5272605	2.961892	-0.07503025	0.3124354	2.96348	-0.07933635	0.01970288	2.955339	0.09363714	0.482487	2.984018	-0.2400237	0.4852766	2.95508	-0.003052403	0.01415265	2.924963	-0.1539667	0.02356515	2.914137	0.163827	0.2211202	2.994962	-0.305668	0.2110702	2.961643	0.03785556	-0.3068301	2.750736	-0.3934075	-0.2311605	2.884239	0.08114194	-0.6312092	2.847832	-0.2690641	-0.55412	2.856559	

0.2152516	-0.028981	2.908195	-0.3264455	-0.01761794	2.888506	0.2175769	-0.1909096	2.871578	-0.3256459	-0.1927058	2.853784	0.1830374	-0.1323322	2.8445	-0.278784	-0.1163312	2.828708	-0.04886862	0.7454885	2.918447	-0.07109986	0.5969502	2.957437	-0.07238474	0.5268912	2.960962	-0.07566873	0.3123623	2.962431	-0.08019926	0.02008242	2.954417	0.09355318	0.4818564	2.98405	-0.2403878	0.4850511	2.954244	-0.004456939	0.01579528	2.924431	-0.1545903	0.02322007	2.912835	0.1630146	0.2167247	2.99381	-0.3066928	0.209682	2.960465	0.03995633	-0.3056138	2.752029	-0.2325222	-0.2977123	2.756138	0.07962221	-0.6310012	2.847653	-0.2245444	-0.6293889	2.839442	

0.1878426	-0.02473874	2.913457	-0.3316884	-0.02731322	2.87987	0.1937722	-0.1938607	2.868702	-0.3339004	-0.2079932	2.857415	0.1595976	-0.1270927	2.84425	-0.2870918	-0.124541	2.825778	-0.0498476	0.7443142	2.916413	-0.07177228	0.5961936	2.95661	-0.07306956	0.526131	2.959833	-0.07647549	0.3116135	2.960172	-0.08100404	0.01952602	2.950553	0.09227766	0.480512	2.983725	-0.2413481	0.4847031	2.952929	-0.00556702	0.01612522	2.921524	-0.1547827	0.02184514	2.908474	0.1555861	0.2087184	2.991651	-0.3085151	0.2081572	2.958316	0.04083301	-0.3066656	2.752859	-0.2253198	-0.3043987	2.761563	0.07622813	-0.6343088	2.84322	-0.2201606	-0.6330587	2.854705	

0.1769269	-0.02126843	2.914305	-0.3335752	-0.02954968	2.878397	0.1724092	-0.1945469	2.866991	-0.3347838	-0.2084718	2.855639	0.136074	-0.1220985	2.848706	-0.2813473	-0.1208353	2.881333	-0.05152538	0.7441159	2.915632	-0.07470623	0.5950796	2.956019	-0.0751831	0.5252244	2.959095	-0.07707687	0.3111071	2.959281	-0.08027246	0.01911019	2.949166	0.0898319	0.478449	2.982343	-0.2427845	0.4839939	2.951238	-0.004996248	0.01599769	2.921025	-0.1539338	0.02117051	2.906045	0.1487533	0.2122154	2.991458	-0.3116122	0.2064024	2.955881	0.05328951	-0.3077074	2.759249	-0.2249661	-0.3039386	2.755938	0.07479204	-0.6336523	2.85837	-0.2236752	-0.6327885	2.84869	

0.1685843	-0.01638604	2.912996	-0.3371516	-0.03132502	2.875143	0.1591006	-0.186133	2.86194	-0.3383039	-0.2073638	2.850267	0.1233313	-0.1112269	2.840823	-0.2802319	-0.1323361	2.817333	-0.05489059	0.7432355	2.915282	-0.07760312	0.594189	2.953967	-0.07769902	0.5242127	2.957054	-0.07840151	0.3098586	2.957403	-0.08020659	0.01762077	2.947714	0.08739907	0.4772741	2.981895	-0.2455081	0.4824165	2.947483	-0.004622939	0.01414676	2.919605	-0.1540705	0.02024549	2.904881	0.1442739	0.2132402	2.990776	-0.3152374	0.2035097	2.953341	0.06231004	-0.3056161	2.752042	-0.222456	-0.3104098	2.769933	0.07616004	-0.631609	2.85236	-0.2183745	-0.638145	2.865983	

0.1667355	-0.01489197	2.912187	-0.3387657	-0.03230841	2.873626	0.1586346	-0.1848044	2.849965	-0.3376961	-0.2069907	2.845176	0.1118712	-0.09928703	2.843889	-0.279233	-0.1190536	2.8235	-0.05609107	0.7430432	2.914973	-0.08018171	0.5938465	2.952626	-0.07996827	0.523728	2.955721	-0.07970669	0.3090533	2.956182	-0.08039887	0.01650782	2.946805	0.08582266	0.476552	2.98162	-0.2470694	0.4822748	2.946665	-0.004589888	0.0126183	2.918633	-0.1543842	0.01961325	2.904189	0.1413745	0.212331	2.990391	-0.3171498	0.2031201	2.95222	0.06634091	-0.3063285	2.751027	-0.2272489	-0.3045728	2.75225	0.07659735	-0.6322511	2.852018	-0.2260593	-0.6336438	2.844535	

0.165051	-0.01413946	2.911218	-0.3394684	-0.03264073	2.873165	0.1572505	-0.1858963	2.848336	-0.3425844	-0.2058349	2.855471	0.1145893	-0.09705729	2.844938	-0.2797976	-0.1147224	2.824313	-0.05801246	0.7431816	2.914836	-0.0819807	0.5936378	2.952189	-0.08163447	0.5235083	2.955243	-0.08082511	0.3088196	2.955665	-0.08071684	0.01633148	2.946513	0.08459188	0.4761653	2.98174	-0.2484704	0.4820016	2.946394	-0.004812328	0.01261468	2.918591	-0.154799	0.01919079	2.903538	0.1394326	0.2129474	2.990949	-0.3184821	0.2025294	2.951035	0.06631442	-0.3061977	2.750569	-0.217248	-0.3096186	2.758373	0.0756746	-0.6326103	2.850355	-0.223093	-0.6376635	2.853558	

0.1647412	-0.01452264	2.910438	-0.340106	-0.03304224	2.870731	0.1709193	-0.1851621	2.855718	-0.3390576	-0.2067606	2.84411	0.1244539	-0.1284133	2.8365	-0.2778645	-0.1178852	2.810667	-0.06026798	0.7430404	2.914304	-0.08632816	0.5936732	2.951057	-0.08633262	0.5234041	2.953773	-0.08641462	0.3082105	2.953092	-0.08679365	0.01493472	2.942732	0.08163468	0.4758535	2.981419	-0.2511669	0.4808803	2.943117	-0.01089993	0.01013375	2.914655	-0.1606567	0.01902129	2.900161	0.1371396	0.2144663	2.990541	-0.3203673	0.2018136	2.948892	0.04384176	-0.310898	2.744065	-0.2342102	-0.2866842	2.705981	0.07152022	-0.6353952	2.846231	-0.239896	-0.615616	2.798963	

0.1649523	-0.01543966	2.910006	-0.3399525	-0.03415894	2.869054	0.1698752	-0.1856145	2.852629	-0.3346001	-0.215341	2.843055	0.1064346	-0.1260978	2.84925	-0.276897	-0.1068128	2.8173	-0.06192753	0.7427578	2.913757	-0.08885068	0.5933568	2.950897	-0.08873333	0.5231557	2.953527	-0.08835477	0.3081602	2.952663	-0.08804877	0.01509982	2.942264	0.07912606	0.4761909	2.981194	-0.2531026	0.4800504	2.942291	-0.01236896	0.01084346	2.914771	-0.1619775	0.01872307	2.899032	0.1365111	0.2110258	2.989111	-0.3213605	0.2014314	2.948123	0.04518064	-0.3101515	2.745048	-0.2493678	-0.2957598	2.731174	0.07126985	-0.6363156	2.842868	-0.248082	-0.6293033	2.808881	

0.1650277	-0.0155471	2.910079	-0.3401409	-0.03397325	2.868128	0.1747611	-0.1866066	2.857878	-0.3266515	-0.2164465	2.841648	0.1305635	-0.118918	2.840546	-0.2783646	-0.1100004	2.813423	-0.06330432	0.7429302	2.913353	-0.08998542	0.5933421	2.950512	-0.08999785	0.5230973	2.953117	-0.08996697	0.3079576	2.952207	-0.08999654	0.01470292	2.941861	0.0773531	0.4758441	2.98067	-0.2542219	0.4799201	2.94212	-0.0139587	0.01045918	2.91441	-0.1641046	0.01840002	2.898702	0.1357092	0.212875	2.989131	-0.322284	0.2013896	2.947152	0.04563574	-0.3121951	2.749468	-0.2431337	-0.3039383	2.745003	0.07346249	-0.6392689	2.844143	-0.2406201	-0.6367409	2.82516	

0.1665507	-0.01571973	2.910298	-0.3406002	-0.03449903	2.866792	0.1840459	-0.1862427	2.863254	-0.3363163	-0.2131442	2.843507	0.1485828	-0.1590548	2.832667	-0.286663	-0.1319164	2.8148	-0.06529841	0.7424907	2.91275	-0.09166409	0.5934187	2.95012	-0.09178568	0.5231186	2.952668	-0.09203057	0.3078043	2.95159	-0.09231188	0.01431245	2.941094	0.07523856	0.4753321	2.980211	-0.257084	0.4795014	2.941412	-0.01596606	0.009870151	2.913391	-0.1666434	0.0182703	2.898278	0.1343612	0.2149373	2.989584	-0.3234148	0.2019787	2.94628	0.04042551	-0.3150832	2.752657	-0.223185	-0.3096869	2.746579	0.07184479	-0.6422107	2.846248	-0.2333791	-0.6334158	2.85368	

0.1698933	-0.01958631	2.910003	-0.3413857	-0.03459005	2.86577	0.1870456	-0.1850148	2.86287	-0.3341932	-0.2132729	2.839492	0.1478028	-0.1294919	2.838857	-0.2790492	-0.125341	2.8055	-0.06730156	0.7421402	2.913059	-0.09246139	0.5932726	2.95015	-0.09262652	0.5229921	2.952631	-0.09300201	0.3077535	2.951341	-0.09346162	0.01440644	2.940545	0.07379959	0.4753816	2.980247	-0.2579244	0.4789597	2.940776	-0.01730522	0.01026898	2.913119	-0.1676343	0.01809932	2.897466	0.1344064	0.2130462	2.989895	-0.3247221	0.201876	2.945159	0.03486969	-0.3156373	2.75283	-0.2101179	-0.3195419	2.769775	0.07522484	-0.6412743	2.848036	-0.2292522	-0.6429331	2.876533	

0.1704972	-0.01989624	2.910416	-0.338718	-0.06049632	2.852793	0.181708	-0.1873113	2.867298	-0.3360431	-0.2129815	2.841295	0.1477487	-0.1172096	2.85395	-0.2788594	-0.1072906	2.823308	-0.06932595	0.7417616	2.912918	-0.09338889	0.5932691	2.950448	-0.09357151	0.5230497	2.952858	-0.09401348	0.3080118	2.951373	-0.09461094	0.01501004	2.940328	0.07308953	0.4753199	2.980509	-0.2592563	0.478793	2.940517	-0.01878486	0.01159483	2.913099	-0.1685198	0.01821524	2.897144	0.1337427	0.2136946	2.990358	-0.3257529	0.2017732	2.943925	0.0630706	-0.3109841	2.760047	-0.2212267	-0.3089586	2.741013	0.06905191	-0.6286892	2.882502	-0.23543	-0.6362931	2.837793	

0.1706558	-0.02053261	2.911489	-0.3423214	-0.05040827	2.85452	0.1788153	-0.1871074	2.873969	-0.3346517	-0.2155841	2.838415	0.1406386	-0.1329222	2.842	-0.2814279	-0.1192826	2.817258	-0.07004482	0.7417628	2.912732	-0.09446049	0.5931202	2.950143	-0.09475462	0.5229263	2.952549	-0.09551434	0.3079901	2.951068	-0.09650284	0.0151631	2.940103	0.07199128	0.4752189	2.980497	-0.2601817	0.4788464	2.940337	-0.02107575	0.01202225	2.912808	-0.1699185	0.01812092	2.897008	0.1322142	0.2096076	2.990601	-0.3271819	0.2013323	2.943257	0.03429031	-0.3098352	2.743239	-0.2218391	-0.3088444	2.739767	0.07515709	-0.6353866	2.83882	-0.2322798	-0.6371501	2.83422	

0.1697714	-0.02084545	2.912894	-0.342503	-0.04732464	2.855524	0.1763477	-0.1874418	2.866696	-0.3330492	-0.2159436	2.838099	0.1412946	-0.1269179	2.848226	-0.2842822	-0.1178878	2.812548	-0.07133301	0.7415213	2.912673	-0.09555665	0.5930657	2.949564	-0.09584364	0.5229042	2.95204	-0.0965548	0.3080613	2.950765	-0.0974621	0.01534553	2.940071	0.07084423	0.4748152	2.980181	-0.2611199	0.4788247	2.940182	-0.0219221	0.01245337	2.913088	-0.1710595	0.01802125	2.896648	0.1317529	0.2093751	2.990874	-0.3281662	0.200903	2.942441	0.03656908	-0.3095673	2.745047	-0.2180597	-0.3157729	2.757068	0.07553428	-0.6354831	2.840333	-0.2288552	-0.6416671	2.858455	

0.1686246	-0.02103074	2.91326	-0.3447021	-0.04260254	2.857135	0.17213	-0.1867579	2.877935	-0.3391677	-0.2134151	2.845813	0.1363463	-0.1196052	2.855357	-0.2873245	-0.1346805	2.8095	-0.07214215	0.7413906	2.912377	-0.09594794	0.5924159	2.949422	-0.09623529	0.5224047	2.951917	-0.09694724	0.3078901	2.950685	-0.09798732	0.01551424	2.940034	0.07003906	0.474791	2.980467	-0.2622947	0.4789941	2.94003	-0.02276004	0.01287076	2.913298	-0.1713492	0.01802372	2.896476	0.1310243	0.2080975	2.991267	-0.3289912	0.2007482	2.941844	0.03936606	-0.3091056	2.746607	-0.2206215	-0.3150488	2.755446	0.07491229	-0.6358107	2.840803	-0.2275233	-0.6377428	2.865866	

0.1674784	-0.01997538	2.914933	-0.3457344	-0.04127264	2.857756	0.1686035	-0.1847242	2.873133	-0.3403169	-0.2123829	2.845322	0.1293935	-0.1238295	2.847445	-0.2872172	-0.1207827	2.816329	-0.0726916	0.7412655	2.912587	-0.09659446	0.5922843	2.949529	-0.09695052	0.5222725	2.952024	-0.0978564	0.3077827	2.950796	-0.09909373	0.01547169	2.940178	0.06952784	0.474528	2.980679	-0.2629718	0.4788653	2.939687	-0.02394584	0.01290499	2.913353	-0.1722474	0.01788393	2.896698	0.1299188	0.2084295	2.991883	-0.330033	0.2007566	2.941608	0.03896028	-0.3089749	2.746601	-0.2191178	-0.3152565	2.754514	0.0734921	-0.635343	2.842232	-0.2286462	-0.6434354	2.849615	

0.1661427	-0.01988713	2.915668	-0.3463907	-0.04071366	2.858439	0.1622759	-0.1854274	2.879885	-0.342049	-0.2127305	2.846267	0.1412883	-0.168717	2.8426	-0.2867548	-0.1113987	2.811917	-0.07320914	0.7413155	2.912564	-0.09703493	0.5922353	2.949607	-0.09742047	0.5222369	2.952115	-0.09840292	0.3078066	2.950932	-0.09970893	0.01559781	2.940404	0.06863649	0.4747806	2.981577	-0.2637788	0.4787783	2.939875	-0.02505034	0.01339742	2.914181	-0.1725496	0.01781139	2.896631	0.1283286	0.208766	2.992887	-0.3304199	0.2005537	2.941661	0.02353059	-0.3105529	2.746273	-0.2215794	-0.3163763	2.758644	0.07001618	-0.6349168	2.843527	-0.2222615	-0.6523865	2.827407	

0.1644644	-0.01892175	2.916818	-0.3466652	-0.04046775	2.858618	0.1636384	-0.1858101	2.86557	-0.3421143	-0.2127586	2.840798	0.1133678	-0.1236289	2.8466	-0.2881471	-0.1279731	2.8067	-0.07390679	0.7410592	2.91278	-0.0980293	0.5922379	2.949999	-0.0982061	0.522261	2.952379	-0.09871013	0.3078704	2.950953	-0.09974305	0.0156889	2.940299	0.06824904	0.4747174	2.981846	-0.264494	0.4788564	2.939794	-0.025041	0.01342492	2.914124	-0.172618	0.01796953	2.896446	0.1277849	0.208662	2.993129	-0.3315459	0.1999143	2.941093	0.0265129	-0.3101572	2.746246	-0.2173989	-0.3141274	2.749665	0.07059741	-0.6356977	2.84113	-0.2258548	-0.6503613	2.81719	

0.1631002	-0.01908642	2.917212	-0.3468355	-0.04023949	2.858978	0.1562391	-0.1863833	2.874341	-0.3353329	-0.2135223	2.841947	0.119621	-0.110527	2.858733	-0.2862856	-0.1258278	2.814029	-0.07417364	0.7410731	2.912896	-0.09867722	0.5922406	2.950039	-0.0988114	0.5222731	2.952418	-0.09914704	0.3079175	2.950978	-0.09992251	0.01575725	2.940309	0.06762595	0.4746401	2.982425	-0.2647908	0.4789405	2.939748	-0.02524887	0.01347978	2.914243	-0.1727544	0.01803142	2.896347	0.1254154	0.2109582	2.994151	-0.3319503	0.2002783	2.941001	0.0289089	-0.3092567	2.745156	-0.214096	-0.3128261	2.744341	0.07045194	-0.6357955	2.838158	-0.231588	-0.641225	2.838081	

0.162168	-0.01853033	2.917501	-0.3476387	-0.03905904	2.859974	0.1585685	-0.1869736	2.87253	-0.3356745	-0.2137384	2.844836	0.1192483	-0.1179281	2.85126	-0.3001302	-0.1226163	2.828143	-0.07451841	0.7411085	2.912933	-0.0992471	0.592135	2.949861	-0.09939934	0.5221986	2.952283	-0.09977219	0.3079513	2.950966	-0.1005362	0.01595585	2.940462	0.06708778	0.4746965	2.982884	-0.2652064	0.4789166	2.939879	-0.02617943	0.01407444	2.914799	-0.1731172	0.01796922	2.896254	0.1249583	0.2105387	2.994257	-0.3324856	0.2008797	2.94115	0.05645609	-0.3128858	2.773259	-0.2130133	-0.3143792	2.747838	0.05856328	-0.6304661	2.896731	-0.2324529	-0.6395693	2.8506	

0.1616845	-0.01837992	2.917672	-0.3491311	-0.02682152	2.865247	0.1601145	-0.1862179	2.871903	-0.3446574	-0.1989989	2.83896	0.1172275	-0.1151602	2.85288	-0.2941046	-0.1214572	2.819432	-0.0748338	0.7412157	2.91325	-0.0997099	0.5919925	2.950116	-0.09978491	0.5220852	2.952525	-0.09994783	0.3079168	2.951153	-0.1005248	0.0159866	2.940615	0.06642509	0.4746848	2.983643	-0.2656738	0.4788101	2.940229	-0.02602752	0.01405279	2.915233	-0.1731297	0.01798696	2.896266	0.1232957	0.2123265	2.995347	-0.3326385	0.2008895	2.941209	0.05881849	-0.3122826	2.773288	-0.2092787	-0.3135603	2.743992	0.06137673	-0.6349486	2.884524	-0.2415785	-0.6390865	2.842926	

0.1603032	-0.01715869	2.918787	-0.3495368	-0.02880464	2.865062	0.1570788	-0.186055	2.869387	-0.3375489	-0.2043576	2.838091	0.1156023	-0.1162293	2.858153	-0.290847	-0.1124844	2.820333	-0.07509368	0.7411383	2.913412	-0.09987137	0.591576	2.950335	-0.1000374	0.5215995	2.952761	-0.100526	0.3072054	2.951431	-0.1015694	0.01496059	2.940914	0.06598446	0.4747034	2.983912	-0.265844	0.4787878	2.940285	-0.02689992	0.0116368	2.915654	-0.1743519	0.01772563	2.896442	0.1231109	0.2120164	2.995497	-0.3327236	0.2008351	2.941401	0.02984387	-0.3119021	2.749127	-0.2085502	-0.3165654	2.751463	0.0694434	-0.6395581	2.839684	-0.2359538	-0.643513	2.847646	

0.1599521	-0.01711638	2.918818	-0.3494259	-0.02901893	2.865012	0.1612164	-0.1853191	2.868985	-0.3373597	-0.2064125	2.842799	0.1202335	-0.1286387	2.845429	-0.285902	-0.1185055	2.805556	-0.07528751	0.7413402	2.913656	-0.1008034	0.5917397	2.95061	-0.1009132	0.521756	2.953048	-0.1011842	0.3073537	2.951732	-0.1018934	0.01509997	2.941196	0.06524121	0.4749649	2.984914	-0.2665071	0.4786012	2.940388	-0.02723473	0.01194786	2.916062	-0.1745874	0.01774758	2.896571	0.1225108	0.2126853	2.995997	-0.3328644	0.2007348	2.941599	0.03980545	-0.3117858	2.754786	-0.2234136	-0.3178024	2.761648	0.07259957	-0.641283	2.841948	-0.2312328	-0.6421409	2.868355	

0.1596572	-0.01723372	2.918845	-0.3494558	-0.02908951	2.864985	0.1600612	-0.1861559	2.870903	-0.3405457	-0.2044483	2.839453	0.1166134	-0.1194018	2.856478	-0.2904558	-0.111513	2.808923	-0.07563299	0.7413033	2.914013	-0.1012466	0.5917894	2.950775	-0.101366	0.5218291	2.953226	-0.1016313	0.3075114	2.951946	-0.1022525	0.01538436	2.941453	0.06497736	0.4750451	2.985215	-0.2668912	0.4785848	2.94065	-0.02783358	0.01279835	2.91701	-0.1747772	0.01778617	2.8965	0.1222924	0.2120454	2.99612	-0.3330651	0.2008666	2.941798	0.0273427	-0.3155375	2.761895	-0.2281851	-0.3155839	2.756535	0.06716368	-0.6390641	2.864573	-0.2404401	-0.6385703	2.866515	

0.1594526	-0.01707022	2.919264	-0.3513177	-0.02487272	2.865676	0.1585056	-0.1868965	2.871349	-0.3478333	-0.1992437	2.842548	0.1240134	-0.12021	2.856259	-0.2939295	-0.1183603	2.82525	-0.07596366	0.7415763	2.914485	-0.1016124	0.5917222	2.95145	-0.1018026	0.5217713	2.953871	-0.1022778	0.307498	2.95251	-0.103145	0.01545669	2.941904	0.06461076	0.4751402	2.985805	-0.2672642	0.478622	2.941138	-0.02853683	0.01281354	2.917513	-0.1756917	0.01788503	2.896737	0.1219489	0.2118203	2.996408	-0.3333372	0.2009118	2.941988	0.03325517	-0.3149216	2.763789	-0.2307245	-0.3104227	2.742282	0.06791086	-0.6414955	2.859544	-0.2771655	-0.6204413	2.874904	

0.1593841	-0.01703767	2.919561	-0.3510083	-0.02655698	2.866158	0.1607473	-0.1865923	2.868265	-0.341084	-0.1990706	2.841299	0.1245608	-0.1052091	2.867905	-0.2848013	-0.1104736	2.8115	-0.07642508	0.7416195	2.914899	-0.1022681	0.5915899	2.952099	-0.1023993	0.5216656	2.954441	-0.1026788	0.3074712	2.952859	-0.1032949	0.01549439	2.942034	0.06410027	0.4749522	2.98635	-0.2681972	0.4786293	2.942096	-0.02868577	0.01282104	2.917802	-0.1758204	0.01793379	2.896729	0.1213801	0.2134208	2.997293	-0.3338073	0.2012494	2.942494	0.03285298	-0.3156066	2.765693	-0.2356613	-0.3107203	2.745509	0.06531969	-0.6399646	2.868504	-0.2774448	-0.6261238	2.86785	

0.1596001	-0.01681363	2.920698	-0.3509947	-0.02732521	2.866422	0.1629094	-0.186922	2.883919	-0.3483025	-0.199524	2.84649	0.1196973	-0.1165502	2.859449	-0.2922108	-0.112407	2.826294	-0.07683901	0.7415665	2.915556	-0.102906	0.5916854	2.953001	-0.103044	0.5217458	2.955261	-0.103306	0.3075232	2.953445	-0.1038056	0.01553019	2.942343	0.063606	0.4749387	2.987143	-0.2683937	0.4786007	2.942162	-0.02910451	0.01288729	2.918047	-0.176314	0.01791754	2.896989	0.1215135	0.211799	2.998404	-0.3340667	0.2012199	2.942822	0.04151917	-0.3083208	2.751583	-0.2462041	-0.3114989	2.75393	0.07086038	-0.6380054	2.839566	-0.2412221	-0.6434858	2.838582	

0.159679	-0.01630392	2.922134	-0.3473372	-0.04157606	2.864227	0.1634941	-0.1865948	2.883743	-0.3461384	-0.2051322	2.848716	0.118579	-0.1304351	2.8598	-0.290176	-0.1167769	2.817631	-0.07751642	0.7413994	2.915886	-0.1033749	0.5915284	2.953356	-0.1033996	0.5216237	2.955506	-0.1034039	0.3074862	2.953476	-0.1037812	0.01552909	2.942258	0.06334554	0.4749568	2.987699	-0.2685475	0.4786637	2.942218	-0.02897805	0.01268142	2.917855	-0.1763278	0.01807976	2.896844	0.1214474	0.2111831	2.998991	-0.3344266	0.2013771	2.943151	0.04087749	-0.3095453	2.753332	-0.2174546	-0.3217304	2.77228	0.06957126	-0.6384835	2.843941	-0.2309964	-0.6470914	2.87593	

0.1597805	-0.0163497	2.923062	-0.3477022	-0.03980478	2.865022	0.1630329	-0.1875218	2.881932	-0.3420436	-0.2113281	2.847503	0.1181836	-0.1235106	2.849667	-0.2884245	-0.1186755	2.818012	-0.07772642	0.7412266	2.916322	-0.1035549	0.5914696	2.953573	-0.1035726	0.5215831	2.955693	-0.1035333	0.307496	2.95357	-0.1038392	0.01558304	2.942265	0.06319064	0.4749234	2.988125	-0.2687629	0.4786148	2.942279	-0.02905347	0.0127572	2.917845	-0.1763584	0.01810828	2.896847	0.1207134	0.2130097	3.000256	-0.3347745	0.2014043	2.943427	0.06212975	-0.3104124	2.769893	-0.2144343	-0.3194588	2.762436	0.06053426	-0.630555	2.888014	-0.2291952	-0.6433465	2.870041	

0.1597333	-0.01544605	2.925139	-0.3477982	-0.03966065	2.865274	0.1613197	-0.1861424	2.885171	-0.3440208	-0.2064481	2.85131	0.1226653	-0.1204117	2.8444	-0.2883292	-0.1220082	2.834769	-0.07784509	0.7412694	2.916433	-0.1039584	0.5914431	2.954104	-0.1040124	0.5215909	2.956188	-0.1040584	0.3076198	2.953943	-0.1044144	0.01589235	2.94245	0.06285805	0.4751808	2.988932	-0.2689523	0.4786758	2.942491	-0.02967036	0.01329473	2.918224	-0.1768769	0.01823279	2.896842	0.1205797	0.214354	3.001511	-0.3347992	0.2027659	2.944245	0.03848403	-0.3105595	2.756536	-0.2138841	-0.3093629	2.732524	0.07229417	-0.6417898	2.838117	-0.2330461	-0.6403106	2.818911	

0.1599216	-0.01545216	2.925469	-0.3503736	-0.03101799	2.868258	0.1617809	-0.1859451	2.878714	-0.3448882	-0.1991378	2.840904	0.1172286	-0.1223904	2.860413	-0.2918189	-0.1139833	2.820672	-0.07806658	0.7413772	2.916567	-0.1043877	0.5915709	2.954314	-0.1045387	0.5217474	2.956454	-0.1048851	0.3078868	2.954382	-0.1055676	0.01635821	2.943096	0.06258573	0.4754738	2.989566	-0.269031	0.4788595	2.942682	-0.03085718	0.01384749	2.918877	-0.1778882	0.01856857	2.897384	0.1206152	0.2140038	3.001839	-0.3349793	0.2030043	2.944236	0.03863502	-0.3098148	2.757226	-0.2105678	-0.3224116	2.77281	0.07465693	-0.638982	2.84501	-0.2303446	-0.6462483	2.879826	

0.1599656	-0.01542357	2.925713	-0.3506688	-0.03197857	2.867274	0.1629101	-0.1867231	2.879721	-0.3396913	-0.2067492	2.846462	0.11695	-0.1232372	2.859384	-0.2885663	-0.1086399	2.832631	-0.07842651	0.7413335	2.916933	-0.1047201	0.5915278	2.955055	-0.1048487	0.5217562	2.957151	-0.1051087	0.3080422	2.954933	-0.1056515	0.01670061	2.943488	0.06250251	0.4753867	2.989733	-0.2692574	0.4790171	2.943124	-0.03099106	0.01474029	2.9198	-0.1779147	0.01860629	2.897446	0.1206045	0.2135689	3.002151	-0.3351418	0.2032593	2.944607	0.06034194	-0.3042625	2.759963	-0.2247954	-0.317581	2.76163	0.07311969	-0.6314868	2.859084	-0.2322343	-0.6477141	2.852272	

0.1600707	-0.01535124	2.925947	-0.3507053	-0.03209054	2.867323	0.1618832	-0.1874942	2.880351	-0.3356221	-0.2059046	2.844286	0.123803	-0.1209366	2.860453	-0.2859771	-0.1159197	2.81692	-0.07865763	0.7413428	2.917105	-0.1048455	0.591566	2.955119	-0.1049961	0.521792	2.957237	-0.1053116	0.3080696	2.955085	-0.1058734	0.01672004	2.943706	0.06207176	0.4755076	2.989977	-0.2694317	0.4790083	2.943464	-0.03116369	0.01475814	2.919941	-0.1781496	0.0185965	2.897681	0.1205592	0.2134716	3.002187	-0.3352361	0.2034073	2.9447	0.04330854	-0.3070947	2.75613	-0.2293711	-0.3184004	2.766783	0.06917834	-0.6310098	2.862316	-0.2250236	-0.6521627	2.845682	

0.1600115	-0.0150177	2.926225	-0.3507323	-0.03209005	2.867142	0.1642793	-0.1866591	2.886012	-0.3323643	-0.2074707	2.841914	0.1272581	-0.1262352	2.862	-0.2928548	-0.1149039	2.831133	-0.07867609	0.7413565	2.91711	-0.1052081	0.5916685	2.955215	-0.1053807	0.5219315	2.957329	-0.1057506	0.3083454	2.955143	-0.1063494	0.01724877	2.943677	0.06191057	0.4755136	2.990122	-0.2695455	0.4790581	2.943553	-0.03173535	0.01550671	2.920187	-0.1785737	0.01895067	2.897375	0.1206641	0.2128682	3.002051	-0.3357538	0.2030466	2.944636	0.03902909	-0.3058948	2.753004	-0.2384766	-0.3054768	2.733359	0.07061654	-0.6323276	2.850791	-0.2394354	-0.6407801	2.806924	

0.1600901	-0.01497775	2.92601	-0.3508827	-0.0323065	2.866633	0.1617633	-0.1873466	2.87826	-0.3381329	-0.2083551	2.845313	0.1220069	-0.1202105	2.855501	-0.2866371	-0.1136668	2.812833	-0.07896158	0.741366	2.917049	-0.1054212	0.591674	2.955154	-0.1055241	0.5219238	2.957302	-0.1057726	0.3083257	2.955161	-0.1062232	0.01715382	2.943799	0.06186666	0.4755063	2.990215	-0.2698356	0.4790059	2.943352	-0.03138074	0.01531421	2.920456	-0.1785577	0.01890569	2.897397	0.1204844	0.2133198	3.002136	-0.3359798	0.2027281	2.944403	0.037802	-0.3062861	2.752766	-0.2269154	-0.3120352	2.74536	0.07192844	-0.6326372	2.850133	-0.2344317	-0.6386712	2.846678	

0.1600405	-0.01532231	2.925732	-0.3509271	-0.03232686	2.866268	0.1624065	-0.185001	2.87052	-0.3402703	-0.2061625	2.838328	0.1135078	-0.1128272	2.85	-0.2898843	-0.1181853	2.818625	-0.07926205	0.7412895	2.916813	-0.1054666	0.5916767	2.955126	-0.1055656	0.5219148	2.957271	-0.1058002	0.308272	2.955106	-0.1061861	0.01697673	2.943654	0.06173552	0.4754082	2.989877	-0.2698301	0.4788164	2.942971	-0.03127108	0.01493663	2.920071	-0.1785553	0.01882354	2.897346	0.1205438	0.2127778	3.001781	-0.3362552	0.2023663	2.943924	0.0388905	-0.3069099	2.753345	-0.2294116	-0.3094583	2.738864	0.06996977	-0.6374182	2.838852	-0.2414406	-0.635201	2.84238	

0.1599683	-0.01461917	2.925881	-0.3507753	-0.03262354	2.865874	0.16365	-0.1863411	2.873896	-0.3403358	-0.2064024	2.834103	0.1146038	-0.1191263	2.850651	-0.2873307	-0.1144311	2.818982	-0.07948451	0.7412517	2.916845	-0.1054983	0.5916646	2.955102	-0.1055872	0.5218916	2.957233	-0.1057498	0.3081714	2.95496	-0.1058021	0.01665801	2.943158	0.06167705	0.4754063	2.98981	-0.2699151	0.4787847	2.94288	-0.03072328	0.01422058	2.919283	-0.1782844	0.01873805	2.896997	0.1204836	0.2129368	3.001733	-0.3362665	0.2026632	2.94394	0.0624468	-0.3032274	2.756012	-0.223644	-0.3130287	2.745686	0.07688232	-0.6366488	2.835512	-0.2378061	-0.6401671	2.84495	

0.160086	-0.01464924	2.925411	-0.3508947	-0.03282399	2.865568	0.1667106	-0.1865432	2.876896	-0.3382964	-0.2050835	2.838366	0.1201553	-0.1165649	2.856211	-0.2907961	-0.1159487	2.82155	-0.07978466	0.7411457	2.916372	-0.1055532	0.5916269	2.95465	-0.1056215	0.521848	2.956825	-0.1057169	0.3081206	2.95467	-0.1056928	0.01661973	2.942975	0.06148735	0.4754024	2.989189	-0.2699394	0.4788208	2.942811	-0.03047868	0.01419071	2.918829	-0.1782557	0.01870564	2.896948	0.1201645	0.2147533	3.0012	-0.3361983	0.2026348	2.943293	0.0543618	-0.3069398	2.758867	-0.2143274	-0.3092031	2.731794	0.07391834	-0.6396425	2.839895	-0.2361687	-0.6374871	2.826467	

0.1600375	-0.01459187	2.925284	-0.3508408	-0.0329563	2.865332	0.1626128	-0.1863873	2.874556	-0.3445168	-0.2067069	2.837962	0.130614	-0.1239193	2.856818	-0.2928248	-0.1259908	2.810556	-0.07998902	0.741023	2.915836	-0.1057528	0.5916725	2.954482	-0.1057725	0.5218886	2.956641	-0.1057331	0.3081597	2.954396	-0.1053989	0.01670085	2.942414	0.06144569	0.4753855	2.989019	-0.2701862	0.4787468	2.942151	-0.03013532	0.01429219	2.918495	-0.1780468	0.01875177	2.896035	0.1198732	0.2154517	3.000922	-0.3362994	0.202177	2.942967	0.0579574	-0.3098381	2.768864	-0.2173302	-0.3116962	2.738382	0.06432909	-0.630752	2.885414	-0.2316742	-0.6450503	2.81801	

0.1599717	-0.0141958	2.924824	-0.350692	-0.03310459	2.864814	0.1581689	-0.1773606	2.864476	-0.3409736	-0.2067971	2.840515	0.1188855	-0.1110811	2.86625	-0.2879838	-0.1194514	2.81538	-0.08004841	0.7410514	2.915249	-0.1059598	0.591812	2.95371	-0.1059623	0.5219792	2.955876	-0.1058472	0.3081144	2.953656	-0.1054123	0.01650778	2.941722	0.06150953	0.4753608	2.98858	-0.2703728	0.478671	2.941194	-0.03011214	0.01412498	2.917643	-0.1781015	0.01853863	2.895482	0.1195661	0.215784	3.000491	-0.336603	0.2018707	2.942001	0.03548715	-0.3100776	2.753774	-0.2157505	-0.3128738	2.739749	0.07119361	-0.6351126	2.85463	-0.2311962	-0.6459096	2.820397	

0.1598486	-0.01447447	2.924464	-0.3505427	-0.03292682	2.864379	0.1616161	-0.1785365	2.866024	-0.3408383	-0.2067198	2.838416	0.1085947	-0.1243725	2.8545	-0.2893957	-0.1195648	2.817121	-0.08020699	0.7408646	2.914543	-0.1064661	0.591676	2.953014	-0.1064097	0.5217864	2.955233	-0.106121	0.3077728	2.953149	-0.1054987	0.01597464	2.941347	0.0613962	0.475394	2.98781	-0.270391	0.4786453	2.9405	-0.03002417	0.01270547	2.916882	-0.1782429	0.0184474	2.895328	0.1200284	0.2141382	2.999413	-0.3368554	0.2020611	2.941295	0.02603408	-0.3112703	2.747914	-0.2579052	-0.312484	2.761597	0.06933095	-0.6382244	2.840562	-0.2468577	-0.6481258	2.833718	

0.1596859	-0.01456523	2.924193	-0.3509601	-0.03229052	2.862977	0.1573357	-0.1765624	2.858163	-0.3379411	-0.2072083	2.838418	0.1332305	-0.1644889	2.837	-0.2917816	-0.1192132	2.816401	-0.08044178	0.7405614	2.913209	-0.1064311	0.5916246	2.952155	-0.1063693	0.5217531	2.954311	-0.1060334	0.307805	2.95205	-0.1053257	0.01614121	2.940056	0.06133009	0.4749632	2.986656	-0.2702807	0.4785212	2.938835	-0.02978608	0.01305269	2.915578	-0.1781713	0.01850181	2.894092	0.119617	0.2148749	2.998397	-0.3369111	0.2032306	2.940005	0.0262119	-0.3120348	2.749141	-0.2540277	-0.3124791	2.757205	0.0690697	-0.6390276	2.841924	-0.2437142	-0.6470799	2.833466	

0.1598981	-0.01446234	2.923191	-0.3508449	-0.03279253	2.862031	0.1598299	-0.1763605	2.856743	-0.3387617	-0.206917	2.834463	0.1180528	-0.1155284	2.846	-0.2914758	-0.119278	2.818811	-0.08044855	0.7405615	2.912317	-0.1065783	0.591585	2.951491	-0.1065409	0.521706	2.953714	-0.1062465	0.3077405	2.951636	-0.1055703	0.01607309	2.939843	0.06124353	0.47489	2.98628	-0.2703737	0.4784976	2.938571	-0.03020147	0.01317621	2.91538	-0.1783367	0.01827201	2.893819	0.1196789	0.2140244	2.997597	-0.3370568	0.2020044	2.938515	0.02000036	-0.3140398	2.751779	-0.2188517	-0.3182838	2.754006	0.06757935	-0.6386559	2.849732	-0.2335363	-0.6400206	2.867971	

0.1598554	-0.01416314	2.922422	-0.3509079	-0.03268875	2.861413	0.1608645	-0.1775416	2.85904	-0.3383203	-0.207641	2.836802	0.1235603	-0.1137699	2.848372	-0.2843232	-0.09341332	2.817	-0.08050868	0.7404594	2.911395	-0.1067823	0.5916852	2.950493	-0.1067073	0.5217683	2.952818	-0.1063018	0.3077104	2.95103	-0.1055283	0.01598337	2.939551	0.06101753	0.4748896	2.98557	-0.2703641	0.4784149	2.938021	-0.03009821	0.01318241	2.915092	-0.1783655	0.01810663	2.893528	0.1195359	0.2145269	2.997328	-0.3370419	0.2017087	2.938096	0.03637899	-0.3095999	2.747506	-0.2208922	-0.31715	2.750207	0.07432241	-0.637302	2.840174	-0.2338233	-0.6443337	2.849946	

0.1595401	-0.01564669	2.920362	-0.3504003	-0.03306688	2.859759	0.15941	-0.1844183	2.864392	-0.3335409	-0.2068794	2.8339	0.1113254	-0.1205425	2.841	-0.2886937	-0.1124342	2.821618	-0.08058348	0.7401121	2.910136	-0.1070534	0.5915056	2.94972	-0.1069795	0.521585	2.952013	-0.1065514	0.3075168	2.950158	-0.1057211	0.01579256	2.938673	0.06042885	0.4747488	2.983849	-0.2704393	0.4779819	2.936494	-0.03028183	0.01330098	2.914107	-0.1785842	0.01765103	2.892727	0.1194361	0.2150962	2.996435	-0.3370268	0.2018337	2.937439	0.01900009	-0.3135407	2.748878	-0.2182273	-0.3171609	2.746704	0.06842941	-0.6324741	2.861485	-0.2300583	-0.6449272	2.844978	

0.1592363	-0.0154476	2.919755	-0.3502971	-0.03305382	2.859529	0.1622811	-0.1859915	2.868391	-0.3415519	-0.2063096	2.832435	0.1102567	-0.1252168	2.847	-0.2898025	-0.1100282	2.818235	-0.08075806	0.7401133	2.907947	-0.1074045	0.5914685	2.948024	-0.1073299	0.5215135	2.950431	-0.1068738	0.3073512	2.948915	-0.1059878	0.01554733	2.937865	0.06050271	0.4749945	2.983232	-0.2706441	0.4781468	2.935925	-0.03052217	0.0130059	2.913203	-0.1788637	0.01749516	2.892061	0.1194385	0.2152599	2.99618	-0.3370464	0.202154	2.93642	0.03984209	-0.3187764	2.772473	-0.2129845	-0.3178438	2.745499	0.06906312	-0.6424274	2.879209	-0.2308125	-0.6449341	2.844953	

0.1587081	-0.01466682	2.919674	-0.3500006	-0.03289634	2.85896	0.1634334	-0.1848378	2.872332	-0.3397921	-0.2060678	2.829543	0.1252295	-0.1334728	2.848182	-0.2884277	-0.1194544	2.811866	-0.08113043	0.7398545	2.905818	-0.1077518	0.5912877	2.946865	-0.1076067	0.5212821	2.949296	-0.1069343	0.3069609	2.94784	-0.1057477	0.01491822	2.936852	0.06048715	0.4749149	2.982336	-0.2710524	0.4782633	2.935004	-0.02998094	0.01173567	2.912145	-0.1788539	0.01736219	2.891025	0.1192224	0.215578	2.99559	-0.3374655	0.2013563	2.935454	0.04555332	-0.3106053	2.747952	-0.213357	-0.3180698	2.744689	0.077998	-0.6395524	2.838816	-0.2306315	-0.645573	2.843123	

0.1583251	-0.01633219	2.918354	-0.343905	-0.06120839	2.846188	0.1613336	-0.1837453	2.876708	-0.3393219	-0.2133491	2.832575	0.1261088	-0.1219168	2.851575	-0.2886105	-0.1229295	2.804588	-0.08121972	0.7393963	2.903756	-0.1083162	0.5911902	2.944728	-0.1080342	0.5211746	2.947443	-0.1070232	0.3068331	2.946733	-0.1055926	0.01479905	2.936439	0.06033989	0.475069	2.981122	-0.270935	0.4777964	2.932356	-0.02994072	0.01171019	2.911904	-0.1785638	0.01716226	2.890446	0.1193892	0.2133405	2.993555	-0.337635	0.2011547	2.934458	0.02715087	-0.3175706	2.755961	-0.2170143	-0.3151626	2.736179	0.07088263	-0.6401075	2.86151	-0.2321967	-0.6413915	2.838681	

0.1585652	-0.01652175	2.917777	-0.3455866	-0.05086702	2.850144	0.1604263	-0.1843874	2.867876	-0.3399996	-0.2126715	2.837229	0.1192425	-0.1236225	2.850065	-0.2863843	-0.1188373	2.814318	-0.08149527	0.7388445	2.899881	-0.1086621	0.5912252	2.941858	-0.1082026	0.5212108	2.944922	-0.1067506	0.3068605	2.945146	-0.1049184	0.0148158	2.93573	0.06016068	0.4755261	2.979613	-0.2712209	0.4776533	2.930788	-0.02916185	0.01195608	2.911114	-0.1780249	0.01703097	2.889847	0.1189435	0.214672	2.992355	-0.3375039	0.2007226	2.93365	0.04213448	-0.3096875	2.742519	-0.2266144	-0.311439	2.728759	0.07210614	-0.6347592	2.845542	-0.2336211	-0.6407595	2.823258	

0.1581347	-0.01687654	2.917216	-0.3460753	-0.04755266	2.849774	0.1533495	-0.1860304	2.868629	-0.3385106	-0.2052263	2.837899	0.133284	-0.1637902	2.8384	-0.2856668	-0.1295286	2.802769	-0.0788762	0.7370341	2.864085	-0.1068482	0.5902042	2.909262	-0.1065179	0.5201756	2.917376	-0.1053367	0.3058481	2.930519	-0.1039858	0.01414913	2.932414	0.06200141	0.4796935	2.952929	-0.2729236	0.479713	2.909374	-0.02839719	0.0116475	2.907775	-0.1769942	0.01610451	2.886651	0.1193718	0.2148216	2.986704	-0.3374778	0.2005073	2.92796	0.03364158	-0.313176	2.742149	-0.2004508	-0.3184863	2.734224	0.06908791	-0.6404505	2.837353	-0.2223665	-0.6492981	2.821871	

0.1585412	-0.01892478	2.916389	-0.3472227	-0.04535444	2.850415	0.1483346	-0.1892267	2.8777	-0.3423043	-0.2138216	2.847394	0.1222025	-0.1190532	2.860273	-0.2884203	-0.1206738	2.799523	-0.06976432	0.7258913	2.79704	-0.09493741	0.5807057	2.850737	-0.09557943	0.510541	2.863552	-0.09895447	0.2978031	2.901257	-0.1025925	0.01090938	2.930048	0.07028466	0.4731372	2.904462	-0.2674187	0.4789181	2.859094	-0.02659223	0.00756364	2.904416	-0.1760263	0.01377167	2.885163	0.1244204	0.2046682	2.967593	-0.336854	0.2017011	2.909057	0.02263257	-0.3148199	2.727665	-0.1893584	-0.3174014	2.72156	0.05095049	-0.6553483	2.773656	-0.2095709	-0.6593441	2.762197	

0.1582749	-0.02284143	2.915516	-0.347259	-0.04539301	2.850523	0.1549625	-0.19474	2.889665	-0.3469317	-0.2082821	2.848061	0.1241216	-0.1275274	2.866552	-0.2957749	-0.148753	2.816273	-0.06926264	0.7242794	2.794713	-0.09550747	0.5787569	2.846588	-0.09603454	0.5088526	2.860444	-0.09878086	0.2951978	2.896972	-0.1017579	0.00709775	2.929075	0.07026739	0.47268	2.902423	-0.2669203	0.4787734	2.857122	-0.02561862	0.003202811	2.902726	-0.1753677	0.0106229	2.884854	0.1263082	0.2007963	2.962742	-0.3364993	0.1965096	2.902707	0.01579951	-0.3197146	2.724652	-0.1939302	-0.3207984	2.722543	0.05402093	-0.6593748	2.770224	-0.2059295	-0.6600826	2.779901	

0.158637	-0.02593487	2.91445	-0.3411546	-0.07890328	2.847422	0.1510463	-0.1956443	2.879208	-0.3458251	-0.222817	2.848269	0.1238632	-0.1452859	2.864715	-0.2829615	-0.132624	2.803	-0.06607202	0.7167577	2.782977	-0.09450851	0.5744492	2.83821	-0.09511599	0.5047379	2.853794	-0.09739339	0.2907452	2.892272	-0.09980463	0.0007510022	2.928992	0.07202194	0.4690077	2.893888	-0.2645311	0.4749292	2.848543	-0.02350921	-0.003126425	2.902447	-0.1736662	0.004543997	2.88506	0.1280154	0.1958673	2.957059	-0.3360854	0.1911495	2.896117	0.01468122	-0.3245619	2.720206	-0.1926185	-0.3253007	2.718756	0.05757935	-0.6662275	2.748809	-0.2024888	-0.6665847	2.766384	

0.158833	-0.05952013	2.903701	-0.3435779	-0.08070971	2.845082	0.1532255	-0.233498	2.880795	-0.3454453	-0.2507387	2.851258	0.120041	-0.1632219	2.852556	-0.2871222	-0.1590078	2.7971	-0.05646196	0.6762421	2.719189	-0.08402703	0.5331885	2.780553	-0.08546131	0.4637727	2.802217	-0.08952825	0.2512001	2.858471	-0.09595793	-0.02868163	2.925605	0.08333495	0.4352558	2.847682	-0.2531108	0.439836	2.79864	-0.01872069	-0.03164118	2.898199	-0.1708964	-0.02505392	2.882685	0.1353673	0.158259	2.929653	-0.3302206	0.1624505	2.863986	0.01860341	-0.3505713	2.711113	-0.1835129	-0.3452011	2.694197	0.03363147	-0.6942682	2.741351	-0.1882479	-0.6914639	2.699976	

0.1638926	-0.1367002	2.866397	-0.338655	-0.1507458	2.805717	0.1522823	-0.310417	2.855539	-0.3272912	-0.3159247	2.818508	0.1248034	-0.2473985	2.8239	-0.2821126	-0.226102	2.776267	-0.03489885	0.6056246	2.651324	-0.07092678	0.4594659	2.71242	-0.07362331	0.3922292	2.745766	-0.08154526	0.1864776	2.83696	-0.09196439	-0.09314189	2.949478	0.09854271	0.357365	2.787297	-0.238561	0.3644336	2.734372	-0.01461488	-0.09400417	2.919929	-0.1671283	-0.09006073	2.908766	0.1454021	0.08906958	2.883828	-0.3249321	0.09545014	2.815037	0.005215865	-0.3739355	2.668308	-0.154836	-0.3715712	2.658527	0.02196897	-0.7200842	2.646974	-0.2037802	-0.7140222	2.624321	

0.1611465	-0.1752618	2.835985	-0.3366305	-0.170449	2.785067	0.1528235	-0.3380924	2.825515	-0.329765	-0.3428754	2.799212	0.1285433	-0.2678817	2.793238	-0.2836993	-0.2599472	2.762231	-0.03107573	0.5796096	2.633839	-0.06720976	0.4297001	2.681892	-0.07069258	0.3616983	2.71857	-0.0807788	0.1529997	2.81836	-0.09401764	-0.1331198	2.940572	0.09993342	0.3149115	2.758088	-0.2327603	0.3350544	2.710645	-0.0144087	-0.1296261	2.915036	-0.1716955	-0.134018	2.895326	0.1519999	0.04354668	2.854701	-0.3203878	0.06277317	2.780154	0.01392177	-0.3343644	2.592988	-0.1608093	-0.364656	2.592155	0.01758004	-0.6811539	2.588457	-0.1853743	-0.7103926	2.570759	

0.156968	-0.2336984	2.798966	-0.3256817	-0.2003213	2.757463	0.1453678	-0.3693238	2.804329	-0.3230287	-0.3588956	2.779566	0.1274146	-0.3065547	2.757842	-0.2731606	-0.291624	2.735875	-0.02877333	0.5706944	2.625173	-0.06568645	0.4233922	2.674807	-0.06933859	0.3547297	2.711043	-0.08019008	0.1446805	2.810529	-0.09457318	-0.1410809	2.933953	0.0995701	0.3072114	2.750977	-0.2307905	0.324041	2.698594	-0.01495487	-0.1407467	2.906742	-0.172088	-0.1387731	2.890604	0.1540371	0.03644491	2.847764	-0.319032	0.05440581	2.775083	0.01417064	-0.3409071	2.5817	-0.1608716	-0.3674593	2.585862	0.02584156	-0.6874406	2.561099	-0.1573086	-0.7135079	2.552317	

0.1574253	-0.2153982	2.743311	-0.3195435	-0.2268562	2.711935	0.1423989	-0.3693166	2.718339	-0.3202146	-0.3804509	2.743344	0.1091322	-0.272938	2.688231	-0.2654792	-0.2950236	2.6813	-0.02512057	0.5605501	2.61063	-0.06057478	0.4114116	2.64572	-0.06423721	0.3410893	2.680162	-0.07522437	0.1256298	2.774337	-0.09004479	-0.1677513	2.890469	0.1022515	0.2904826	2.721494	-0.2255498	0.3024064	2.663874	-0.01076186	-0.1654378	2.867312	-0.1673203	-0.1650125	2.844988	0.1564566	0.01555606	2.795951	-0.3150969	0.02871429	2.726473	0.02090307	-0.3703957	2.546049	-0.1536416	-0.3930271	2.540003	0.02155844	-0.7169781	2.535409	-0.1386062	-0.7387814	2.509525	

0.1457743	-0.2143522	2.651516	-0.3159201	-0.228999	2.641614	0.109683	-0.358108	2.58986	-0.307748	-0.3651313	2.648455	0.05664478	-0.2613826	2.570714	-0.2598085	-0.265312	2.643357	-0.02261179	0.5641598	2.596138	-0.05766685	0.4170339	2.623421	-0.06167051	0.3459901	2.655925	-0.07380721	0.1282173	2.743733	-0.0904583	-0.1686631	2.849817	0.1032184	0.288388	2.693161	-0.2243237	0.3066892	2.639232	-0.01201456	-0.1674099	2.824675	-0.1667281	-0.1657208	2.803429	0.1602022	0.01783115	2.743216	-0.3155437	0.02757674	2.679032	0.04241791	-0.387244	2.518075	-0.1493366	-0.4097495	2.512887	0.03163959	-0.733443	2.49389	-0.1405199	-0.7556792	2.515554	

0.1400633	-0.0990421	2.501183	-0.312365	-0.1342578	2.516656	0.09904324	-0.259394	2.422577	-0.2692626	-0.2870747	2.493578	0.06316511	-0.2059774	2.5192	-0.2297805	-0.1928767	2.512526	-0.02761112	0.6711614	2.567568	-0.06175978	0.5200298	2.585177	-0.0655759	0.445632	2.606946	-0.0769429	0.2176235	2.663499	-0.0920767	-0.09298004	2.729678	0.1003899	0.377909	2.632915	-0.2258719	0.4034317	2.577978	-0.01509897	-0.09393633	2.702888	-0.1666941	-0.08962918	2.686176	0.1589209	0.1147075	2.637716	-0.314703	0.1195984	2.600222	0.035583	-0.3813928	2.466153	-0.2146524	-0.3803931	2.454036	0.04123869	-0.7242751	2.50254	-0.1850982	-0.7229195	2.485151	

0.1564195	0.1023075	2.342964	-0.3177964	0.03219169	2.354626	0.1352549	-0.0550413	2.239724	-0.3034462	-0.08730295	2.322291	0.1558313	-0.03459179	2.247286	-0.2571555	-0.004176814	2.312822	-0.04069107	0.8427396	2.3813	-0.07100647	0.6904551	2.418092	-0.07275833	0.6156824	2.432127	-0.07782781	0.3855692	2.465916	-0.08442558	0.0705881	2.502189	0.09627064	0.5553164	2.448577	-0.2376629	0.5802614	2.428723	-0.004374239	0.06767856	2.473065	-0.1621114	0.07151366	2.460979	0.1620199	0.2935915	2.469535	-0.3222725	0.310639	2.471251	0.05146953	-0.3953258	2.334115	-0.2100774	-0.3987539	2.329254	0.07764614	-0.8341532	2.482873	-0.2058303	-0.8287639	2.466006	

0.1823551	-0.0008105761	2.278513	-0.3350308	-0.01479935	2.323275	0.1854794	-0.1643632	2.208561	-0.3416461	-0.154919	2.28493	0.198957	-0.132471	2.2168	-0.2776441	-0.0924307	2.257334	-0.04260282	0.7769405	2.255634	-0.07297184	0.6212924	2.303084	-0.07492939	0.5473897	2.318567	-0.08060154	0.3198779	2.356596	-0.0879861	0.008366242	2.398276	0.1037362	0.4902984	2.335467	-0.2382886	0.516001	2.319509	-0.006674591	0.008258436	2.368141	-0.1667211	0.008228556	2.358037	0.1752351	0.2296013	2.381711	-0.3266537	0.2403879	2.386107	0.06771845	-0.3226122	2.221969	-0.211183	-0.3237754	2.200854	0.07777232	-0.6685023	2.179403	-0.21879	-0.7910545	2.133964	

0.1886304	-0.01284606	2.275535	-0.3450276	-0.05965158	2.305905	0.2147559	-0.1808265	2.190445	-0.3325821	-0.2094301	2.282412	0.2234785	-0.09129079	2.2251	-0.2826417	-0.1310866	2.238688	-0.04514974	0.7307787	2.225868	-0.06912352	0.5775098	2.274008	-0.07059628	0.5042101	2.287566	-0.07480489	0.2786054	2.319734	-0.08021777	-0.03029976	2.353466	0.1090151	0.4507871	2.304356	-0.2424881	0.467504	2.292342	-0.004162321	-0.02987943	2.324099	-0.1538826	-0.02981408	2.312461	0.1798	0.1958527	2.356718	-0.3282098	0.1972551	2.368834	0.04839028	-0.3858759	2.185633	-0.2012142	-0.4842107	2.130327	0.07903828	-0.7283196	2.125993	-0.2221637	-0.8296424	2.060965	

0.2205061	-0.1397279	2.217887	-0.3545894	-0.144129	2.260693	0.2454664	-0.3097686	2.167521	-0.3425885	-0.3100394	2.250191	0.2477692	-0.1830334	2.19775	-0.3069842	-0.2242033	2.220462	-0.0425544	0.6480269	2.179913	-0.06786058	0.4945559	2.223624	-0.06922195	0.4219723	2.236088	-0.07308738	0.1987241	2.264796	-0.07802784	-0.1067977	2.293623	0.1077641	0.36937	2.261673	-0.2436427	0.3788887	2.241862	0.002317473	-0.1069074	2.262473	-0.1559846	-0.1034135	2.254451	0.1882306	0.09659365	2.291977	-0.3319763	0.1029459	2.305121	0.0610057	-0.4176472	2.032067	-0.1873496	-0.453833	2.019032	0.0797926	-0.7639258	2.014114	-0.2181422	-0.9048126	1.98027	

0.2139193	-0.1809801	2.143634	-0.3367372	-0.1786064	2.163012	0.2563553	-0.3520384	2.104695	-0.3489759	-0.3558818	2.165448	0.2498154	-0.2399437	2.1244	-0.2964769	-0.2800209	2.133647	-0.04329678	0.6174784	2.144402	-0.07002826	0.4630134	2.180773	-0.06962984	0.3901432	2.186648	-0.06812478	0.1659758	2.195541	-0.0657604	-0.1411319	2.197784	0.1020839	0.3263686	2.207112	-0.2469204	0.3436392	2.185295	0.01535983	-0.1397839	2.170971	-0.1447958	-0.1379668	2.154317	0.1662492	0.0563462	2.227566	-0.3168593	0.05959707	2.219503	0.05779936	-0.4408998	1.918564	-0.1807463	-0.4634907	1.887962	0.06712441	-0.7872123	1.917982	-0.2145903	-0.9139004	1.963056	

0.180419	-0.1356227	2.08901	-0.3146999	-0.1352592	2.063444	0.2122651	-0.299808	2.014747	-0.293245	-0.3046483	2.00405	0.2233471	-0.2944356	2.026	-0.2505792	-0.1912015	1.991357	-0.04259917	0.6591297	2.113149	-0.07017982	0.5050441	2.139482	-0.07019292	0.4307766	2.1474	-0.06985138	0.2003835	2.164081	-0.06839188	-0.1188402	2.179254	0.1016825	0.3652321	2.167893	-0.2456486	0.3800366	2.140206	0.01171936	-0.1185425	2.152814	-0.1462912	-0.1152557	2.135333	0.1552697	0.08315363	2.178737	-0.3102965	0.1035562	2.15893	0.05679178	-0.4264485	1.909559	-0.1779268	-0.4499297	1.873131	0.06573959	-0.773155	1.899879	-0.2157514	-0.9070274	1.956871	

0.1756109	-0.1365729	2.061056	-0.3074828	-0.1304997	2.034704	0.1979719	-0.273691	1.984453	-0.2904688	-0.2664534	1.959729	0.2072182	-0.1561725	2.0466	-0.241131	-0.1797939	1.967842	-0.04274008	0.6653382	2.109618	-0.0703189	0.510814	2.13589	-0.07071837	0.4354938	2.145969	-0.07194799	0.2058263	2.167546	-0.07630688	-0.1068165	2.196396	0.09668927	0.3804285	2.161	-0.2453634	0.3825393	2.138536	0.005152692	-0.1065548	2.168268	-0.1554385	-0.1036442	2.154319	0.1553376	0.08532658	2.169349	-0.3127567	0.1081688	2.143193	0.06062064	-0.3486611	1.879505	-0.1751713	-0.3484403	1.863095	0.07198676	-0.6960233	1.870027	-0.2082189	-0.8103178	1.930548	

0.1579008	-0.07434215	1.949893	-0.2888301	-0.03536254	1.892591	0.1351397	-0.2007251	1.902241	-0.259626	-0.1838545	1.851171	0.1711611	-0.1250631	1.892653	-0.2092692	-0.1054436	1.920347	-0.03779683	0.7585787	2.061567	-0.06813113	0.6047186	2.08994	-0.06987604	0.5287236	2.096282	-0.0749206	0.2942242	2.106984	-0.08148308	-0.02810623	2.111999	0.1021011	0.4589233	2.110797	-0.2383979	0.4875524	2.071285	-0.006223008	-0.03033145	2.085899	-0.1540458	-0.02494336	2.067691	0.1559816	0.1819165	2.094646	-0.2765827	0.1871193	2.052029	0.09103414	-0.3426006	1.907245	-0.1943569	-0.3476224	1.885457	0.06889068	-0.5997834	1.981073	-0.2078783	-0.8155932	1.918119	

0.1775146	-0.005354313	1.914242	-0.2847124	0.02999737	1.847665	0.1509361	-0.1464693	1.83913	-0.2457583	-0.1236881	1.772167	0.1908933	-0.08987658	1.839	-0.2241925	-0.0504999	1.791441	-0.03458039	0.7697907	2.05549	-0.06493813	0.6191826	2.077876	-0.06478824	0.5445247	2.079566	-0.06155816	0.314595	2.070626	-0.0576751	-0.008428608	2.053452	0.1058888	0.4748746	2.098277	-0.2328182	0.4970168	2.055606	0.02183583	-0.005927727	2.028011	-0.1352329	-0.01064107	2.008434	0.1669598	0.2146893	2.06944	-0.303686	0.2442152	2.00537	0.06523325	-0.3598348	1.988755	-0.2059892	-0.3582594	1.937433	0.07072692	-0.7009398	2.039443	-0.2258851	-0.8239245	1.985741	

0.1827736	0.00883634	1.920343	-0.2843359	0.03009191	1.847091	0.1580249	-0.1446804	1.827321	-0.241165	-0.1194086	1.761788	0.1955363	-0.07461437	1.826828	-0.2214645	-0.0411952	1.787667	-0.03318078	0.7731446	2.052296	-0.06447284	0.6206563	2.074899	-0.06418646	0.5458547	2.076678	-0.06135752	0.3149922	2.069976	-0.05749435	-0.007527404	2.053348	0.1084038	0.4812226	2.093836	-0.2321968	0.4970038	2.050673	0.02085935	-0.005163961	2.027818	-0.1331026	-0.008628045	2.008357	0.1662711	0.2188143	2.068797	-0.303137	0.243987	2.004891	0.0549067	-0.3833168	2.010728	-0.1877948	-0.4058067	1.994821	0.06115341	-0.7216464	2.073662	-0.2051467	-0.7498041	2.022471	

0.2199109	-0.04540833	1.984508	-0.2892517	-0.04403	1.933615	0.2243082	-0.2191983	1.968556	-0.2691925	-0.193693	1.918392	0.2539237	-0.1326205	1.958182	-0.2224044	-0.08468767	1.907895	-0.01600653	0.7738647	2.017766	-0.05202426	0.6206337	2.04406	-0.05303562	0.5457644	2.048004	-0.05570661	0.3146183	2.052313	-0.05635095	-0.006156853	2.044889	0.1198174	0.481686	2.073251	-0.2240793	0.4946662	2.028527	0.01963944	-0.005117132	2.01929	-0.1297686	-0.006263529	1.99951	0.1709736	0.2133295	2.068206	-0.2961556	0.2376965	2.012271	0.05722032	-0.3809875	2.009168	-0.1872103	-0.403761	1.985359	0.06179805	-0.7165057	2.083634	-0.2044264	-0.7467775	2.020651	

0.2209875	-0.04729244	1.989779	-0.2922505	-0.04242128	1.941155	0.227475	-0.212405	1.978034	-0.2711547	-0.1933395	1.932423	0.2553222	-0.1370146	1.976555	-0.2274922	-0.1166617	1.914867	-0.01519824	0.7737206	2.016706	-0.05111305	0.6204205	2.041892	-0.05208138	0.5455766	2.045542	-0.0546372	0.3144839	2.04849	-0.05620779	-0.005490986	2.041267	0.1210216	0.4813839	2.071771	-0.2224618	0.4942892	2.026098	0.01888741	-0.005341153	2.016183	-0.1287559	-0.004761036	1.995331	0.1734729	0.2101626	2.069625	-0.2938352	0.2339801	2.017221	0.05890573	-0.3785332	2.008846	-0.1873309	-0.3960978	1.978668	0.06231514	-0.7131965	2.086663	-0.2037065	-0.7383754	2.019579	

0.226616	-0.05512583	2.018224	-0.3002186	-0.04398046	1.966094	0.2290325	-0.2258976	2.024865	-0.2845208	-0.2199487	1.966052	0.2611646	-0.1198164	2.021572	-0.2405868	-0.1249838	1.916218	-0.01380323	0.7735629	2.014061	-0.05010479	0.6198211	2.03848	-0.05104461	0.5450286	2.042094	-0.05355396	0.3140505	2.044823	-0.0556552	-0.00529524	2.038424	0.1227653	0.4808987	2.069311	-0.2205217	0.4936599	2.023351	0.01884322	-0.005685481	2.013645	-0.1277197	-0.004143797	1.99233	0.1765696	0.2088979	2.076195	-0.2920893	0.228266	2.02558	0.05987583	-0.3774258	2.009176	-0.1876323	-0.3950257	1.977037	0.07243872	-0.7144983	2.077024	-0.2081469	-0.7874353	1.996622	

0.2272167	-0.0549483	2.02624	-0.3032191	-0.04573586	1.972826	0.2378449	-0.2193529	2.03246	-0.2961555	-0.2153792	1.973611	0.2577474	-0.1514041	2.011053	-0.2401648	-0.1277309	1.919167	-0.01239595	0.7730933	2.011658	-0.048937	0.6194234	2.035715	-0.04997357	0.5446904	2.039465	-0.05278547	0.3138508	2.04254	-0.05547247	-0.00510995	2.0369	0.1241353	0.4813186	2.068264	-0.21915	0.493654	2.021463	0.01862278	-0.005866969	2.012298	-0.1271773	-0.003649352	1.990651	0.1797515	0.2058841	2.081568	-0.2913262	0.224875	2.029477	0.06054319	-0.3779069	2.009511	-0.1880378	-0.3943132	1.975953	0.08942638	-0.7072944	2.100615	-0.2074406	-0.8637903	1.981312	

0.2271723	-0.05481834	2.035693	-0.3059477	-0.04644461	1.980075	0.2352154	-0.2219188	2.039735	-0.3015376	-0.2144682	1.984541	0.2624788	-0.1283094	2.039	-0.2470474	-0.1279106	1.936048	-0.01107576	0.7729907	2.00964	-0.04822973	0.6195685	2.034135	-0.04932454	0.5448114	2.037971	-0.05232594	0.3138943	2.041285	-0.05537047	-0.005009912	2.036095	0.1250703	0.4819613	2.067097	-0.2179391	0.4937004	2.01991	0.01849379	-0.005955296	2.011241	-0.1269604	-0.00347041	1.990103	0.1816422	0.2048835	2.085424	-0.2913584	0.2226783	2.032138	0.06145946	-0.3762744	2.008577	-0.1880668	-0.3941444	1.974823	0.08213449	-0.7068532	2.097645	-0.2073926	-0.8634411	1.981421	

0.2267596	-0.05430597	2.045442	-0.3084342	-0.04744122	1.98465	0.236792	-0.2212497	2.055895	-0.3116177	-0.2095256	2.000872	0.2608114	-0.1246721	2.045333	-0.2513323	-0.1611875	1.9458	-0.009347927	0.773045	2.006769	-0.04642202	0.6196249	2.030015	-0.04765531	0.5448776	2.034158	-0.05108769	0.3139623	2.038326	-0.05482562	-0.004774844	2.034318	0.1264	0.4826131	2.065609	-0.2160825	0.4940881	2.016952	0.01878217	-0.005922567	2.009861	-0.1262382	-0.00309774	1.988054	0.1828234	0.2041499	2.089068	-0.2912872	0.2214216	2.033127	0.06299683	-0.3742258	2.005661	-0.1867794	-0.3934319	1.971567	0.07820318	-0.7053256	2.094091	-0.2054228	-0.7894388	1.9927	

0.2263621	-0.05416466	2.04953	-0.3097889	-0.04796917	1.985938	0.2358401	-0.2227324	2.056053	-0.3135668	-0.2094174	2.002282	0.2615982	-0.1326503	2.048384	-0.256417	-0.135603	1.956589	-0.008231632	0.7730308	2.004455	-0.04544823	0.6195466	2.027963	-0.04671613	0.544791	2.032125	-0.05029104	0.3138399	2.036373	-0.05438837	-0.004799268	2.032661	0.1273839	0.4830016	2.064627	-0.2148968	0.4941065	2.014982	0.01899731	-0.006009397	2.00811	-0.1256715	-0.003126206	1.986573	0.1838201	0.2033095	2.090544	-0.2913701	0.2210217	2.033186	0.06367377	-0.3742501	2.00462	-0.1852918	-0.4034553	1.969254	0.07704043	-0.7053803	2.093212	-0.2045131	-0.8030572	1.993135	

0.226226	-0.0541431	2.04892	-0.3092745	-0.05036828	1.97895	0.2272254	-0.2289225	2.052143	-0.3070915	-0.2148247	1.984101	0.2608354	-0.13091	2.038245	-0.2540678	-0.132128	1.948789	-0.006544468	0.7732176	2.001895	-0.04433531	0.6196005	2.025535	-0.04550094	0.5447959	2.029634	-0.04878073	0.3136693	2.033702	-0.05265878	-0.005082358	2.029899	0.1283919	0.4829451	2.063433	-0.2136622	0.4937802	2.012637	0.02032554	-0.006464836	2.005622	-0.1236571	-0.003278275	1.983615	0.1839822	0.2029403	2.090555	-0.2907178	0.2197385	2.030407	0.06428491	-0.3750555	2.004071	-0.1843472	-0.4003522	1.967152	0.07460374	-0.7061595	2.092824	-0.2102553	-0.868568	1.983658	

0.2207774	-0.05350816	2.020922	-0.2963589	-0.05390712	1.93589	0.224709	-0.2233178	1.999712	-0.2813846	-0.2163213	1.931392	0.2474999	-0.1482412	1.974467	-0.2323597	-0.1461551	1.904474	-0.005723027	0.7732236	2.000871	-0.0437228	0.6195477	2.024389	-0.04482544	0.5447368	2.02837	-0.04792256	0.3135832	2.032064	-0.05163552	-0.005120379	2.027757	0.1290263	0.482943	2.06264	-0.2127495	0.4937066	2.010173	0.02108333	-0.006523531	2.003865	-0.1224319	-0.003345873	1.981112	0.1843182	0.2039951	2.085627	-0.2879707	0.221744	2.021005	0.0647359	-0.3729558	2.000292	-0.1848728	-0.396556	1.964955	0.07372804	-0.7031241	2.091907	-0.2101039	-0.8646078	1.983384	

0.219003	-0.05044024	2.010887	-0.2941884	-0.05136871	1.931604	0.2200157	-0.2219479	1.982819	-0.275577	-0.2175489	1.920394	0.2493606	-0.1376521	1.969706	-0.2298203	-0.1251187	1.894962	-0.004987527	0.7732947	2.000275	-0.04329018	0.6195827	2.023344	-0.04431886	0.544759	2.027203	-0.04718181	0.3135511	2.030507	-0.05060282	-0.005183614	2.025651	0.1296292	0.4829085	2.062009	-0.2117184	0.4933715	2.007862	0.02194352	-0.006803422	2.002048	-0.1212901	-0.003201992	1.978727	0.1840965	0.2036091	2.081403	-0.2863872	0.222939	2.01392	0.06502283	-0.3737755	1.999844	-0.1846418	-0.3954485	1.964069	0.07351013	-0.7040275	2.091226	-0.2036839	-0.7889339	1.994663	

0.2102407	-0.03652204	1.964319	-0.2717993	-0.04033748	1.884804	0.200697	-0.2060407	1.914091	-0.2443967	-0.1952377	1.853852	0.2310285	-0.1374054	1.906866	-0.1994543	-0.1165568	1.861222	-0.004534484	0.7732068	1.999927	-0.04324097	0.6195158	2.023021	-0.04416732	0.5446617	2.026738	-0.04650975	0.3133177	2.029437	-0.04879158	-0.0056305	2.023429	0.1298334	0.4828811	2.061234	-0.2116619	0.4929382	2.00586	0.0237559	-0.007034844	2.000008	-0.1195808	-0.003902508	1.976337	0.1820298	0.2092716	2.071928	-0.2833335	0.2289875	1.999983	0.06535242	-0.3740555	1.999284	-0.1841445	-0.3945043	1.963378	0.07089309	-0.7043068	2.090867	-0.2038237	-0.7887246	1.994664	

0.20929	-0.0349117	1.961422	-0.2704046	-0.03912935	1.88204	0.1946535	-0.2007648	1.899348	-0.2337481	-0.1945714	1.847872	0.2222299	-0.1241101	1.888323	-0.1995042	-0.1130162	1.861542	-0.004402467	0.7732884	1.999926	-0.04325103	0.6195066	2.022963	-0.04413255	0.5446522	2.026611	-0.04613591	0.3133296	2.028917	-0.04764709	-0.005487026	2.02214	0.1299752	0.4829428	2.060644	-0.2117697	0.492978	2.004898	0.0247858	-0.006835685	1.998931	-0.118385	-0.003854338	1.974841	0.1807956	0.2119445	2.067052	-0.2815655	0.2318768	1.995166	0.06545852	-0.3730392	1.998009	-0.1840721	-0.3910294	1.961233	0.06670402	-0.7025933	2.091889	-0.2041498	-0.7869912	1.994303	

0.2071621	-0.03251629	1.955018	-0.2677816	-0.03722662	1.875736	0.188266	-0.1988036	1.889737	-0.2254911	-0.1938109	1.83778	0.2257885	-0.1137907	1.89	-0.19918	-0.0903279	1.863423	-0.004310554	0.7733051	1.999946	-0.04327459	0.6195788	2.022812	-0.04410078	0.5447226	2.026387	-0.04585213	0.3133669	2.028396	-0.04696796	-0.00555031	2.021219	0.1299602	0.4825046	2.059661	-0.211632	0.4927264	2.0039	0.02542032	-0.006746575	1.998194	-0.1176898	-0.004110262	1.973712	0.1797166	0.2133138	2.063077	-0.2803237	0.2328033	1.990916	0.06541254	-0.3729658	1.997328	-0.183806	-0.3910042	1.960917	0.0669141	-0.7026552	2.0908	-0.2045732	-0.788392	1.993667	

0.2038558	-0.02967865	1.950171	-0.2662624	-0.02122105	1.870243	0.1826631	-0.1926641	1.874351	-0.2189843	-0.1876616	1.825809	0.2051988	-0.1234534	1.854913	-0.1962284	-0.09875312	1.8368	-0.004308513	0.7733333	1.999933	-0.04340441	0.6195584	2.022657	-0.04415755	0.5447044	2.026193	-0.04565733	0.3133545	2.027983	-0.0462578	-0.005506421	2.020462	0.129818	0.4824694	2.05899	-0.2117933	0.4927002	2.003386	0.0261346	-0.006543892	1.997629	-0.1170023	-0.004256746	1.972727	0.1788616	0.2145402	2.060127	-0.279266	0.2341335	1.988527	0.065276	-0.3729163	1.996958	-0.1831739	-0.3890843	1.960064	0.06773869	-0.7025477	2.090583	-0.2049175	-0.7868401	1.99295	

0.1959586	-0.02668815	1.942309	-0.2606221	-0.02521821	1.861453	0.170154	-0.1877427	1.863383	-0.2089003	-0.1837808	1.815533	0.2044235	-0.1195066	1.857213	-0.1909188	-0.08375592	1.842258	-0.00437674	0.7733661	1.999932	-0.04390902	0.6196368	2.022293	-0.0444933	0.5447662	2.025784	-0.04565756	0.3133901	2.027378	-0.04577755	-0.005491334	2.019466	0.1292799	0.4825857	2.057895	-0.2121786	0.4926703	2.002497	0.02671973	-0.006324485	1.996727	-0.1166446	-0.004457896	1.971618	0.1767411	0.2144963	2.057368	-0.2780507	0.2346161	1.984753	0.06520844	-0.3729739	1.996294	-0.1831545	-0.3956952	1.960259	0.06785311	-0.7025135	2.090189	-0.2044356	-0.7885157	1.992898	

0.1931085	-0.02713153	1.94061	-0.2600908	-0.02209496	1.861437	0.1689772	-0.1906282	1.868752	-0.2080044	-0.1832554	1.817753	0.1934008	-0.1281087	1.849684	-0.1940957	-0.0757025	1.855667	-0.004461568	0.7734601	1.99998	-0.04440271	0.6197682	2.021842	-0.04480235	0.5448764	2.025307	-0.04555909	0.3134703	2.026768	-0.04506319	-0.005426493	2.018583	0.1289165	0.4825459	2.057481	-0.2124107	0.4925675	2.001357	0.02746364	-0.00599868	1.995933	-0.1159703	-0.004665594	1.970629	0.1751564	0.2143377	2.05572	-0.2773763	0.2354652	1.983012	0.0649645	-0.3731077	1.995723	-0.1832399	-0.3954693	1.959622	0.06589501	-0.7027103	2.089195	-0.2091235	-0.8630962	1.981702	

0.1922181	-0.02735757	1.940609	-0.259158	-0.02488303	1.860708	0.1704859	-0.1937177	1.877783	-0.2124801	-0.1842552	1.824342	0.2008592	-0.1211012	1.867419	-0.1902733	-0.09257835	1.848339	-0.004481432	0.7734937	1.999891	-0.04486942	0.6198352	2.021144	-0.04506784	0.5449195	2.02461	-0.04531638	0.3134475	2.026028	-0.04406713	-0.005553249	2.017752	0.1287567	0.4824551	2.057186	-0.2125867	0.4923313	2.000256	0.02839066	-0.006082209	1.995413	-0.1149539	-0.004838648	1.969453	0.1741613	0.214069	2.054686	-0.2772348	0.2354354	1.982303	0.06494257	-0.3725165	1.994753	-0.1831039	-0.3959353	1.959025	0.06407144	-0.701665	2.089344	-0.2064502	-0.8632454	1.984998	

0.1915549	-0.03116955	1.953065	-0.2634949	-0.03858575	1.873894	0.1790903	-0.2021766	1.911577	-0.2315791	-0.1897738	1.852964	0.2179249	-0.08992577	1.935	-0.1900574	-0.1084551	1.8544	-0.004235075	0.7734093	1.999272	-0.04546183	0.6196474	2.019558	-0.04547311	0.5447706	2.023004	-0.04520458	0.3134043	2.024525	-0.04355441	-0.005447938	2.016562	0.1286745	0.482321	2.056937	-0.2128679	0.4920395	1.997766	0.02877671	-0.006085091	1.99483	-0.1143608	-0.004569681	1.967486	0.173579	0.2138238	2.055725	-0.2773674	0.2352583	1.982215	0.06496241	-0.3734538	1.993877	-0.1819434	-0.3929552	1.956071	0.06605551	-0.703555	2.085317	-0.2067654	-0.8598964	1.984358	

0.1925184	-0.03228627	1.962602	-0.2664793	-0.04247347	1.881399	0.1846115	-0.2027705	1.91963	-0.2384895	-0.1954596	1.868032	0.2237004	-0.07856455	1.9595	-0.1922535	-0.1112922	1.852905	-0.003810764	0.7733333	1.998713	-0.04537474	0.6195956	2.018274	-0.04526011	0.5447341	2.021704	-0.04462467	0.3134099	2.023311	-0.04269107	-0.005367988	2.015658	0.128679	0.4822668	2.05675	-0.2125703	0.4916911	1.995071	0.0294995	-0.006125967	1.994318	-0.1134019	-0.004340738	1.966162	0.1730758	0.213731	2.057611	-0.2775136	0.2348329	1.982195	0.06553474	-0.3739371	1.99323	-0.1809406	-0.3910534	1.953822	0.0651969	-0.7037511	2.085329	-0.2058211	-0.8574207	1.98697	

0.1948605	-0.03304124	1.974265	-0.2704432	-0.04644215	1.890016	0.1919261	-0.2072474	1.93842	-0.2489932	-0.2003076	1.878462	0.2285511	-0.07809931	1.9705	-0.1996915	-0.1294845	1.854833	-0.00305196	0.7731708	1.997759	-0.04482208	0.6193206	2.017233	-0.04460866	0.544509	2.020664	-0.04368909	0.3133432	2.022371	-0.04153837	-0.005192303	2.014996	0.1287809	0.4822517	2.05671	-0.212043	0.4917652	1.993081	0.03066954	-0.00599167	1.993927	-0.1123113	-0.004139614	1.965268	0.1729216	0.2142351	2.061302	-0.2776683	0.2344487	1.982361	0.06587244	-0.3740786	1.992943	-0.1808197	-0.3901306	1.952384	0.06385283	-0.7034853	2.086047	-0.2060535	-0.8563805	1.985664	

0.2109779	-0.03654151	2.021635	-0.2825162	-0.0544774	1.909473	0.2186579	-0.2080214	1.986145	-0.2717309	-0.2138885	1.912858	0.2439556	-0.09756742	2.001167	-0.2229365	-0.1384234	1.884783	0.001406102	0.7722064	1.993801	-0.04266735	0.6187543	2.013587	-0.04256699	0.5439823	2.017254	-0.04204756	0.3129262	2.019797	-0.04059416	-0.005444536	2.013576	0.1304145	0.4818287	2.056916	-0.2084406	0.4916155	1.987344	0.03125607	-0.00634136	1.993065	-0.1109839	-0.004223914	1.963249	0.1758424	0.211632	2.072937	-0.2778238	0.229982	1.981381	0.0669431	-0.3742044	1.992535	-0.1788929	-0.3884609	1.949933	0.06352639	-0.7035706	2.085732	-0.2000979	-0.7790543	1.990806	

0.2253002	-0.04274195	2.036281	-0.2848933	-0.05354017	1.912776	0.2412041	-0.2173499	2.031978	-0.288706	-0.2106845	1.925114	0.263063	-0.1207059	2.021235	-0.2260331	-0.1594308	1.898714	0.01112772	0.7719964	1.986851	-0.03567231	0.6181821	2.007227	-0.03580262	0.5434649	2.01113	-0.03605775	0.3125431	2.014511	-0.03598445	-0.005650402	2.009637	0.1356529	0.4822623	2.057211	-0.2000599	0.4915183	1.978055	0.03470274	-0.006729703	1.989928	-0.1053379	-0.004233985	1.95862	0.1839524	0.2085329	2.083072	-0.2760642	0.2244331	1.978072	0.06931974	-0.3749288	1.991798	-0.1744724	-0.3994199	1.947533	0.06431482	-0.7040736	2.085358	-0.2064772	-0.8650777	1.980644	

0.23068	-0.04352187	2.042659	-0.2855295	-0.05315907	1.913203	0.2462358	-0.2183188	2.041116	-0.2895744	-0.2102924	1.925049	0.2722473	-0.1280368	2.033182	-0.2248032	-0.1320336	1.894529	0.01717331	0.7712696	1.983176	-0.03122016	0.6181062	2.003386	-0.03145874	0.5434618	2.007365	-0.03206475	0.3127362	2.011025	-0.03260295	-0.005221031	2.006637	0.1400522	0.4822419	2.056823	-0.1950947	0.4919589	1.973112	0.03767221	-0.006406944	1.987497	-0.10174	-0.003753245	1.955118	0.187524	0.2077134	2.086771	-0.2749957	0.2232625	1.975424	0.07208476	-0.3751766	1.990456	-0.1702288	-0.3928046	1.941745	0.0674535	-0.7032496	2.086998	-0.2054995	-0.8576471	1.979736	

0.2668585	-0.0526061	2.043834	-0.2473758	-0.05334889	1.864338	0.2847261	-0.2244864	2.048492	-0.236144	-0.2134243	1.863973	0.307194	-0.1337762	2.024667	-0.1855623	-0.1302938	1.855314	0.05313094	0.769049	1.965624	0.0006837568	0.6163713	1.984529	0.0002795643	0.5418317	1.987927	-0.0009222411	0.3113676	1.989894	-0.002541536	-0.00629285	1.983323	0.1689195	0.4810857	2.047	-0.1564955	0.4935247	1.946344	0.06567362	-0.008591831	1.966841	-0.07072884	-0.003662156	1.929179	0.2152938	0.1941767	2.085222	-0.2385458	0.2258731	1.936197	0.08571535	-0.3728546	1.983316	-0.1540106	-0.4052837	1.924197	0.08042657	-0.6990214	2.085069	-0.2042027	-0.8662601	1.978645	

0.2684995	-0.05151772	2.042623	-0.2437308	-0.05337945	1.86097	0.2813406	-0.2280006	2.038613	-0.2196777	-0.2120686	1.849385	0.3107204	-0.1331083	2.017923	-0.1790306	-0.1357734	1.841936	0.05565508	0.7692276	1.964496	0.003532019	0.6164304	1.982974	0.003089383	0.5418335	1.986334	0.001751831	0.3111909	1.988201	-4.943975E-05	-0.006720075	1.981493	0.1734001	0.4802803	2.044871	-0.1549876	0.4931395	1.944944	0.06866589	-0.009097146	1.964593	-0.06878181	-0.004024894	1.927751	0.2187701	0.193953	2.084055	-0.2369386	0.22643	1.935017	0.08946553	-0.3710191	1.980597	-0.1517081	-0.4067185	1.920875	0.08218953	-0.6967232	2.083337	-0.2033263	-0.8670126	1.977845	

0.2721601	-0.0496694	2.036388	-0.2340919	-0.05449693	1.850206	0.2836515	-0.2271188	2.026089	-0.2078836	-0.2096614	1.835917	0.3139118	-0.139972	2.003823	-0.1684669	-0.1202685	1.833784	0.06008974	0.7692631	1.962765	0.007814663	0.6164886	1.980977	0.007378602	0.5418538	1.984268	0.006030422	0.3110856	1.985938	0.004184036	-0.007015769	1.97897	0.1791352	0.4799345	2.043277	-0.1518578	0.493005	1.942611	0.07319449	-0.009556127	1.961882	-0.06501424	-0.00418051	1.925453	0.223696	0.1942963	2.080992	-0.2320275	0.2269517	1.930924	0.09134237	-0.3728501	1.979406	-0.1475347	-0.4057687	1.914764	0.08463649	-0.6979463	2.083605	-0.2023979	-0.8648586	1.976235	

0.2933859	-0.03574715	1.972699	-0.1771481	0.0217572	1.805848	0.2958788	-0.2088929	1.927159	-0.1380527	-0.1563547	1.761562	0.3191469	-0.1335825	1.910167	-0.1119243	-0.05712605	1.80225	0.09435773	0.7693885	1.954576	0.0387056	0.6182318	1.97107	0.03976994	0.5434758	1.973198	0.04309899	0.31224	1.971119	0.04801973	-0.006772844	1.958481	0.2093242	0.4770826	2.03547	-0.1170981	0.4941282	1.922465	0.1152658	-0.009090886	1.945841	-0.02082458	-0.004222178	1.900259	0.2527421	0.2051286	2.058785	-0.1860778	0.2381597	1.890362	0.102421	-0.3753041	1.973564	-0.1304717	-0.4024422	1.882052	0.0869069	-0.698495	2.081916	-0.2005077	-0.8544333	1.968408	

0.293443	-0.03592726	1.970383	-0.1738842	0.02274184	1.80395	0.2962451	-0.2068257	1.916135	-0.13	-0.1543148	1.755816	0.324482	-0.1443637	1.897846	-0.1048903	-0.04812546	1.79176	0.09849957	0.7688902	1.953926	0.04270615	0.6184984	1.970351	0.04342172	0.5436988	1.9724	0.04568701	0.3123552	1.970227	0.04929269	-0.006747399	1.957738	0.2117032	0.4772357	2.034993	-0.1146915	0.4941059	1.921686	0.116976	-0.009018748	1.94465	-0.0200256	-0.004228213	1.899927	0.2546552	0.2050853	2.057667	-0.1840007	0.2389988	1.889515	0.1074312	-0.3748805	1.97133	-0.1283343	-0.403728	1.879257	0.09134486	-0.6975833	2.080763	-0.200632	-0.854883	1.967346	

0.2975216	-0.03479627	1.960663	-0.1370034	-0.0166772	1.776593	0.2980461	-0.1998417	1.889154	-0.0922413	-0.1796574	1.750824	0.3302054	-0.1225532	1.882615	-0.07399594	-0.06615482	1.774889	0.1126515	0.7675688	1.952546	0.05514298	0.6180883	1.969931	0.05552704	0.5432615	1.971318	0.05675559	0.3118427	1.967325	0.05883496	-0.007369372	1.952724	0.2232698	0.4738436	2.036062	-0.1041841	0.4940864	1.91815	0.1263885	-0.009910527	1.940453	-0.01091435	-0.004545148	1.894332	0.2608963	0.203586	2.054617	-0.174354	0.2400358	1.883423	0.1118496	-0.3763863	1.969909	-0.119857	-0.4054683	1.861845	0.09178319	-0.6976935	2.082211	-0.2002318	-0.852208	1.961862	

0.3035032	-0.02910719	1.957073	-0.128041	0.01381465	1.775828	0.3035616	-0.1962067	1.883835	-0.08194944	-0.1617038	1.730196	0.3360477	-0.09918229	1.890572	-0.05211006	-0.07358028	1.745792	0.1355632	0.7659243	1.950374	0.07707354	0.6184785	1.967705	0.07753094	0.5435888	1.967987	0.07887222	0.3119713	1.960609	0.08091122	-0.00758218	1.941261	0.2426043	0.4705374	2.036129	-0.07790627	0.4928232	1.912397	0.1475374	-0.01125226	1.930234	0.01128085	-0.003577874	1.881729	0.2739645	0.2012663	2.05197	-0.1541951	0.2421178	1.874487	0.1209245	-0.3780022	1.965889	-0.09568164	-0.404754	1.809253	0.09231152	-0.6973825	2.081312	-0.195301	-0.8388209	1.938285	

0.30681	-0.02917737	1.956039	-0.1257121	0.02475645	1.776652	0.3079973	-0.1970657	1.885603	-0.08367229	-0.1482964	1.726818	0.3437323	-0.08163121	1.915167	-0.05542564	-0.04552634	1.756679	0.1436732	0.7658901	1.94992	0.0850274	0.6183579	1.967626	0.08548477	0.5434361	1.967641	0.08664659	0.3117245	1.959506	0.08809952	-0.007952608	1.939346	0.2490879	0.4706076	2.036831	-0.07238133	0.492584	1.911352	0.1543027	-0.01224761	1.928586	0.01866936	-0.003301785	1.879579	0.2798296	0.201664	2.05245	-0.1474354	0.2415388	1.872027	0.1254454	-0.3813185	1.966476	-0.0896389	-0.3969527	1.800241	0.09598779	-0.7021388	2.078063	-0.193296	-0.8301378	1.929298	

0.3419619	-0.03987497	2.003872	-0.09072106	-0.0002438621	1.743428	0.3390082	-0.2159585	1.962355	-0.05695345	-0.1537068	1.696035	0.3590567	-0.1501408	1.939	-0.02061917	-0.06487408	1.709226	0.2000874	0.7648243	1.944626	0.1368481	0.620713	1.960569	0.1340814	0.5465539	1.959453	0.1237142	0.3166527	1.948933	0.1125973	-0.001303874	1.926728	0.2856631	0.4723801	2.039468	-0.03023071	0.4988624	1.903088	0.1765062	-0.009448865	1.917877	0.04482036	0.007438465	1.864874	0.3062557	0.2003558	2.063397	-0.1270643	0.2498988	1.861023	0.1370345	-0.4179454	1.970762	-0.04347768	-0.3894197	1.734095	0.08671513	-0.7327452	2.090025	-0.173349	-0.8181494	1.855823	

