0.2818244	0.3989831	2.688736	-0.2225902	0.4106603	2.639906	0.269445	0.2279626	2.647135	-0.2083346	0.2396274	2.626428	0.2980995	0.2856845	2.652302	-0.2522015	0.2914986	2.613429	0.06339194	1.141657	2.601895	0.02471771	1.015456	2.672601	0.02552042	0.9429238	2.674799	0.02724703	0.7196578	2.674053	0.02842856	0.4146909	2.666414	0.197574	0.9013973	2.71861	-0.1375513	0.9183972	2.667404	0.09776106	0.4008681	2.642765	-0.04273112	0.4203388	2.624768	0.2514272	0.6388143	2.746841	-0.2115562	0.653992	2.701247	0.1174486	-0.1184809	2.628223	-0.04816346	-0.09927893	2.619494	0.1326746	-0.5407301	2.67758	-0.02299992	-0.5331631	2.650487	

0.2808596	0.3964975	2.686799	-0.222573	0.4096158	2.639348	0.2738765	0.2308483	2.652712	-0.2090624	0.2405098	2.620554	0.3001358	0.2815971	2.65254	-0.2528271	0.316963	2.610316	0.06274186	1.14221	2.601887	0.02418409	1.015751	2.672441	0.0251089	0.9430575	2.674648	0.02707238	0.7194852	2.673899	0.02868861	0.4133642	2.66588	0.1970726	0.9014542	2.718295	-0.1377846	0.9184082	2.667359	0.0977243	0.4005444	2.642481	-0.04137547	0.4161547	2.623774	0.2509261	0.6386045	2.746258	-0.2118681	0.6539555	2.701075	0.1173957	-0.1187909	2.628203	-0.04821709	-0.1032665	2.620487	0.1315268	-0.54229	2.676882	-0.02620448	-0.5304583	2.651132	

0.2803533	0.3962392	2.685539	-0.2226822	0.4089696	2.63897	0.2701303	0.2298452	2.645869	-0.2039018	0.2390629	2.618295	0.2966038	0.2781196	2.642584	-0.2504842	0.3056211	2.612883	0.06225609	1.143081	2.601875	0.02406842	1.015855	2.672196	0.02499976	0.9431415	2.674422	0.02703426	0.7195072	2.673743	0.02877047	0.4133351	2.665744	0.1967266	0.9018878	2.717721	-0.138108	0.9182979	2.66731	0.09770475	0.4005158	2.642324	-0.04109733	0.4161059	2.623625	0.2501271	0.6395062	2.745587	-0.2120875	0.6542212	2.700911	0.1173017	-0.1188374	2.627719	-0.04828928	-0.1033745	2.619354	0.1327171	-0.5406541	2.677964	-0.02620648	-0.5299177	2.651541	

0.2799186	0.3960181	2.684633	-0.2229383	0.4087225	2.638718	0.2697618	0.2296193	2.641921	-0.2061886	0.2388121	2.615471	0.2980879	0.296141	2.645375	-0.2482323	0.2838853	2.609215	0.06134147	1.14383	2.602167	0.02404616	1.015863	2.672169	0.02497226	0.9431534	2.674381	0.02702445	0.7195333	2.673651	0.02888972	0.4134113	2.665503	0.1963755	0.9017066	2.717535	-0.1382374	0.9182598	2.667281	0.09769798	0.4005799	2.642192	-0.04073349	0.4161831	2.623226	0.2497718	0.6394603	2.744938	-0.2126167	0.6543173	2.700483	0.1171834	-0.1187789	2.627598	-0.04832796	-0.1032731	2.619284	0.1335347	-0.5409061	2.676564	-0.02798519	-0.5251242	2.658511	

0.2791639	0.3944948	2.680907	-0.2246782	0.4133497	2.637692	0.2689446	0.2275345	2.642212	-0.21153	0.2488886	2.616274	0.3080838	0.3541138	2.670333	-0.2582315	0.309352	2.606889	0.06075616	1.144517	2.602386	0.02365129	1.016105	2.672082	0.02464053	0.9433412	2.67421	0.02694962	0.7195756	2.673283	0.02928039	0.4132842	2.664696	0.1953514	0.9012002	2.716912	-0.1388633	0.9181893	2.66735	0.09788817	0.4005782	2.641129	-0.04013561	0.4159347	2.622649	0.2493028	0.6396452	2.744013	-0.2129866	0.654759	2.700176	0.1163456	-0.1188216	2.626652	-0.04894962	-0.1035536	2.617882	0.1340246	-0.5406846	2.675346	-0.01168222	-0.5329371	2.656142	

0.2785785	0.3934985	2.679761	-0.2259703	0.4149841	2.637422	0.2674274	0.2248962	2.65105	-0.2127701	0.2462983	2.613661	0.2974147	0.2825906	2.639067	-0.257791	0.3260721	2.610944	0.05975014	1.145853	2.60409	0.02354925	1.016452	2.672613	0.02444424	0.943518	2.674551	0.02653117	0.71931	2.673245	0.02831447	0.4119708	2.664038	0.1947757	0.9006528	2.71709	-0.1399325	0.9179031	2.668193	0.09667222	0.3998473	2.640461	-0.04109233	0.4128886	2.621811	0.2488661	0.639205	2.7436	-0.2135465	0.6537496	2.70017	0.113959	-0.119586	2.626096	-0.04871255	-0.106522	2.617997	0.1340262	-0.5419605	2.674073	-0.02490305	-0.5302739	2.647743	

0.2782625	0.3942447	2.679692	-0.2272741	0.4084794	2.629921	0.2765048	0.2325457	2.650176	-0.2225268	0.2398169	2.607193	0.2994664	0.2939375	2.634941	-0.2623217	0.2965603	2.592333	0.05854804	1.149497	2.60737	0.02343961	1.017772	2.673377	0.02433582	0.9444776	2.675114	0.02650061	0.7194967	2.673364	0.02834781	0.4119098	2.664017	0.1945014	0.9006742	2.717299	-0.1397822	0.917539	2.66843	0.09708299	0.4001438	2.640522	-0.04131534	0.4123289	2.621668	0.2486484	0.6391664	2.743638	-0.2136447	0.6531273	2.699515	0.1140964	-0.1192923	2.626389	-0.04917808	-0.1070164	2.618678	0.1338573	-0.5417786	2.674226	-0.02529103	-0.5280702	2.649364	

0.2807941	0.3942935	2.67867	-0.2358228	0.3933782	2.612484	0.2773837	0.2275207	2.642144	-0.2390042	0.2278282	2.597464	0.3070721	0.2786532	2.6436	-0.2775553	0.3104436	2.580222	0.0561582	1.157438	2.618181	0.02299281	1.020793	2.675403	0.02404043	0.9471577	2.676898	0.02665877	0.7210797	2.674392	0.02897297	0.4125479	2.664413	0.1937309	0.9013002	2.718354	-0.1393035	0.9175371	2.669291	0.09864917	0.4013869	2.641386	-0.04115491	0.4127688	2.621875	0.2484266	0.6399339	2.74396	-0.2146153	0.6531193	2.696477	0.1144279	-0.1181095	2.627106	-0.04967906	-0.1063895	2.621484	0.1338762	-0.5413067	2.674656	-0.02691176	-0.5271281	2.65097	

0.2822769	0.394185	2.677665	-0.2381774	0.3913335	2.609016	0.2796465	0.2273947	2.640776	-0.2436566	0.225736	2.595177	0.3112595	0.2749541	2.6402	-0.283352	0.2966276	2.5728	0.05547567	1.161463	2.624784	0.0222474	1.024829	2.679181	0.02356428	0.9506087	2.679918	0.02685494	0.7228859	2.675546	0.02972905	0.4131381	2.664313	0.1930175	0.9019299	2.719617	-0.1392548	0.9174831	2.669855	0.0990624	0.4022985	2.641498	-0.03987079	0.4132465	2.621539	0.2484687	0.6396204	2.743815	-0.2158846	0.6528748	2.693816	0.1146627	-0.1172101	2.627329	-0.04951371	-0.1058378	2.621994	0.133803	-0.54088	2.675792	-0.01487961	-0.5337088	2.653929	

0.283731	0.3943678	2.67525	-0.2392147	0.391523	2.606055	0.2820168	0.2268282	2.642675	-0.2459981	0.2239377	2.5904	0.3168553	0.2839046	2.640833	-0.281338	0.3058255	2.566333	0.05500825	1.164123	2.629372	0.02218402	1.025926	2.681239	0.0234977	0.9517474	2.681817	0.02690212	0.723925	2.676758	0.03001079	0.4136322	2.664541	0.1921571	0.90248	2.721095	-0.1390931	0.9172774	2.670357	0.0996188	0.4026259	2.641919	-0.03985623	0.4141853	2.621677	0.248598	0.6391877	2.743659	-0.2172651	0.6525438	2.690573	0.115031	-0.116885	2.62788	-0.04971445	-0.1049184	2.621971	0.1341084	-0.5403399	2.675605	-0.01591482	-0.5330064	2.654044	

0.2853237	0.3969423	2.673742	-0.2397634	0.3915436	2.602755	0.2806619	0.2296524	2.639141	-0.2452781	0.2255699	2.584514	0.310534	0.2916502	2.631095	-0.2777398	0.3095663	2.562579	0.05479117	1.165145	2.631766	0.02195871	1.027258	2.683344	0.02327977	0.9527509	2.683551	0.02680501	0.7241374	2.677469	0.03009797	0.4132891	2.664569	0.1915067	0.9032204	2.722173	-0.1389039	0.9172446	2.671143	0.09955812	0.4027981	2.641938	-0.03929365	0.411859	2.621785	0.2487316	0.6390147	2.74337	-0.2184666	0.6515757	2.687845	0.1154226	-0.1166447	2.629102	-0.04969754	-0.1071699	2.622506	0.1338102	-0.5409718	2.675903	-0.01754839	-0.5325629	2.654922	

0.2858667	0.396766	2.672295	-0.2393496	0.3895327	2.597694	0.2809749	0.2312141	2.63639	-0.248188	0.2229291	2.579321	0.3122098	0.2831873	2.641616	-0.2830564	0.2864766	2.565667	0.05461433	1.16569	2.634263	0.02195765	1.027979	2.685191	0.02328463	0.9534867	2.68513	0.0268815	0.724743	2.678222	0.03031077	0.413522	2.664492	0.190905	0.9034848	2.723358	-0.1389708	0.9175895	2.672272	0.09959172	0.4029087	2.641943	-0.03879262	0.4125569	2.621522	0.2486895	0.6390793	2.743402	-0.2189141	0.6512991	2.686948	0.1155051	-0.1165131	2.629542	-0.04986803	-0.1064546	2.622425	0.133999	-0.5402704	2.675926	-0.02594519	-0.5251923	2.655729	

0.2861241	0.3997457	2.672549	-0.2392023	0.3896057	2.595583	0.2800806	0.2362642	2.630471	-0.2411032	0.2240938	2.5791	0.3070956	0.2887875	2.632485	-0.2789367	0.2994192	2.556778	0.05400623	1.166918	2.638086	0.02196441	1.028441	2.686376	0.0233142	0.9540068	2.686237	0.02702177	0.7253307	2.678979	0.03065822	0.4138862	2.664557	0.1902664	0.9042029	2.725515	-0.1384046	0.9174314	2.673188	0.09969023	0.4033172	2.642005	-0.0381649	0.4130962	2.621629	0.2485195	0.6391175	2.743598	-0.2190183	0.6512867	2.6867	0.1158603	-0.1160914	2.6298	-0.04971813	-0.1059018	2.622658	0.1337843	-0.5403667	2.676685	-0.02622771	-0.5230628	2.65728	

0.2863758	0.3994213	2.672621	-0.238073	0.3892169	2.593945	0.2774082	0.2345792	2.640174	-0.2390896	0.2273585	2.57356	0.3055772	0.2825975	2.633918	-0.2771278	0.2984977	2.561616	0.05348508	1.167148	2.640393	0.02149111	1.028955	2.688543	0.02297449	0.9545797	2.688235	0.0270916	0.7259794	2.680391	0.03123607	0.4143249	2.664979	0.1899034	0.9045519	2.72681	-0.1381538	0.9171364	2.67384	0.1000359	0.4040778	2.642617	-0.03744864	0.4134433	2.621949	0.2482716	0.6390663	2.744054	-0.2191105	0.6507498	2.686036	0.1157712	-0.1153698	2.630047	-0.0494706	-0.1055571	2.622841	0.1345223	-0.5379065	2.677452	-0.009978192	-0.5344189	2.654383	

0.2860543	0.40102	2.67351	-0.2374849	0.3886867	2.59289	0.2783214	0.2363414	2.639723	-0.2381791	0.2234222	2.576419	0.307722	0.2859207	2.634601	-0.2771103	0.3002523	2.562352	0.05318515	1.167207	2.642136	0.02090687	1.029479	2.689991	0.02248377	0.9550701	2.689553	0.02690456	0.7263278	2.681248	0.03136227	0.4143851	2.665113	0.1895648	0.9043357	2.728286	-0.1382791	0.9170515	2.674726	0.1000314	0.4039852	2.642805	-0.03709753	0.4139178	2.622112	0.2480559	0.6388757	2.744451	-0.2190905	0.6507959	2.685905	0.1161122	-0.1154179	2.63087	-0.04970115	-0.1050603	2.623183	0.1339603	-0.538304	2.677033	-0.02281376	-0.5260022	2.661321	

0.285892	0.3974249	2.67347	-0.2373637	0.3884355	2.59277	0.2730667	0.2304057	2.637614	-0.2360234	0.2257905	2.58042	0.3086636	0.2869745	2.639901	-0.2767899	0.2936681	2.564631	0.05254945	1.167253	2.644407	0.02088667	1.029663	2.690866	0.0224188	0.9553249	2.690419	0.02674486	0.7267821	2.682037	0.03129817	0.41482	2.665407	0.1891768	0.9041828	2.729329	-0.1384193	0.9169277	2.675405	0.09971792	0.4046806	2.643298	-0.03708817	0.4142664	2.622294	0.2477184	0.6389657	2.745145	-0.219104	0.6507361	2.685784	0.1162624	-0.1147287	2.631048	-0.04965756	-0.1047232	2.623272	0.1338674	-0.5385362	2.677105	-0.02681243	-0.5401944	2.632353	

0.2845846	0.3970113	2.673777	-0.2369485	0.3882698	2.59282	0.2701524	0.2273287	2.63978	-0.2393512	0.2259145	2.590113	0.304017	0.2862637	2.6464	-0.2770245	0.2853561	2.5705	0.05231039	1.167205	2.645476	0.0205466	1.029696	2.692732	0.02211322	0.9554397	2.692044	0.02657581	0.7270545	2.682986	0.03135025	0.4150295	2.665552	0.1887932	0.9039303	2.730135	-0.1386435	0.9167195	2.676428	0.09971188	0.4053138	2.64362	-0.03706523	0.4142995	2.622336	0.2473348	0.6389131	2.746145	-0.2190515	0.6506785	2.685667	0.1161458	-0.1141156	2.631172	-0.05000613	-0.1046616	2.62357	0.1333533	-0.5391236	2.677484	-0.03039925	-0.5381556	2.633733	

0.2830364	0.3968016	2.67483	-0.2359821	0.3875977	2.593549	0.2716263	0.2294268	2.648824	-0.2341796	0.226277	2.585892	0.2982689	0.2835886	2.642504	-0.274086	0.2955678	2.568811	0.05215116	1.167164	2.646508	0.02037389	1.029875	2.693946	0.02201157	0.9556366	2.693162	0.02668717	0.7272902	2.683784	0.03178588	0.4152429	2.665835	0.1883992	0.9034299	2.731279	-0.138696	0.9163543	2.677736	0.1000267	0.4058413	2.644012	-0.03656618	0.4142908	2.622537	0.2469064	0.6389429	2.747423	-0.2190826	0.6506765	2.685738	0.1162316	-0.1136188	2.631187	-0.04967417	-0.1046461	2.624019	0.1346207	-0.5394058	2.676064	-0.03071469	-0.5309212	2.644295	

0.2824994	0.396563	2.675107	-0.2357796	0.3867599	2.594429	0.2741962	0.230706	2.652296	-0.2379948	0.2314248	2.587614	0.3031359	0.2910154	2.640511	-0.2719859	0.2968709	2.571001	0.05202212	1.166911	2.647091	0.020492	1.029696	2.695392	0.02211957	0.9555609	2.694479	0.02680104	0.72747	2.68471	0.03200961	0.4155755	2.666152	0.1879984	0.9033255	2.732584	-0.138682	0.9163711	2.678615	0.1000331	0.4061805	2.644355	-0.03616527	0.4146499	2.622824	0.2464503	0.6387049	2.748935	-0.2190637	0.6505683	2.685831	0.1160474	-0.1132977	2.631338	-0.05014075	-0.1043068	2.623775	0.1345099	-0.5394369	2.676065	-0.03183244	-0.5288385	2.647906	

0.2819495	0.3959946	2.67568	-0.2353089	0.3870588	2.59601	0.267074	0.2280075	2.647649	-0.2299212	0.2327734	2.585908	0.3009648	0.289359	2.642695	-0.27573	0.2870239	2.577	0.05199797	1.166844	2.647942	0.02006838	1.029867	2.69646	0.02176629	0.9557327	2.695482	0.02666796	0.7276458	2.685473	0.03216393	0.415699	2.66643	0.1876792	0.9031819	2.73351	-0.1386104	0.9162115	2.678941	0.1001164	0.4062673	2.644652	-0.03600413	0.4148125	2.623052	0.2461786	0.638413	2.750567	-0.2188215	0.6506508	2.686986	0.1155338	-0.1132257	2.631735	-0.05052388	-0.1041062	2.624313	0.1345623	-0.5395628	2.676183	-0.03091669	-0.5308229	2.644983	

0.2815045	0.3952737	2.677606	-0.2359805	0.3857333	2.597441	0.2756158	0.2316983	2.657224	-0.2366525	0.2297424	2.595225	0.3061218	0.2973198	2.65225	-0.27916	0.2832535	2.5772	0.05157482	1.166669	2.649483	0.01978743	1.029528	2.697776	0.02153799	0.955426	2.696723	0.02661276	0.7274447	2.686438	0.03236783	0.41561	2.666848	0.1870345	0.9031006	2.735441	-0.1388535	0.9160241	2.68007	0.1001614	0.4061786	2.64493	-0.03566652	0.4147549	2.623596	0.2455484	0.6394014	2.752542	-0.2188253	0.6498923	2.687299	0.1148257	-0.1133096	2.632565	-0.05002404	-0.1042089	2.624272	0.1334515	-0.5407356	2.677325	-0.03050387	-0.5303905	2.646289	

0.2804219	0.3953705	2.680382	-0.2362765	0.3851155	2.598264	0.2746307	0.2309626	2.658297	-0.2367561	0.2297682	2.596926	0.3010558	0.2854722	2.653071	-0.2752934	0.2951748	2.572989	0.05165897	1.166554	2.650491	0.01951083	1.029225	2.699289	0.02130926	0.9552354	2.69808	0.0265311	0.7275333	2.687357	0.03251735	0.4159019	2.667199	0.1867297	0.9031279	2.736646	-0.139028	0.9158894	2.68088	0.1001956	0.4062182	2.645093	-0.0354025	0.4155075	2.624195	0.2451435	0.6399173	2.754344	-0.2190674	0.6495944	2.687498	0.1149298	-0.1132397	2.633299	-0.05017291	-0.1034452	2.624952	0.1337654	-0.5402707	2.677625	-0.02583709	-0.5321339	2.650762	

0.2803595	0.394375	2.681121	-0.2366992	0.3850843	2.599835	0.2719781	0.2297111	2.659008	-0.2413755	0.2290947	2.596783	0.2984505	0.2827338	2.6516	-0.279287	0.2897737	2.5828	0.05155956	1.166384	2.65074	0.01939936	1.029183	2.699818	0.02118799	0.9551461	2.698593	0.0264011	0.7273192	2.687801	0.0324817	0.4155727	2.667407	0.186663	0.9030179	2.737485	-0.1390797	0.9157837	2.681146	0.1000453	0.4062955	2.645401	-0.03533339	0.4140925	2.624341	0.2449235	0.6399347	2.754973	-0.2190548	0.6492121	2.688261	0.1153954	-0.1131465	2.633517	-0.05043812	-0.1048602	2.624691	0.1325084	-0.5415866	2.676938	-0.02683026	-0.5303006	2.652053	

0.2800465	0.3933249	2.682142	-0.236709	0.3855716	2.6005	0.2735331	0.2282901	2.660595	-0.2400568	0.2308347	2.595895	0.3062292	0.2958551	2.662143	-0.2789691	0.2961689	2.583842	0.05166044	1.166088	2.651123	0.01926316	1.029148	2.700253	0.02105071	0.9551319	2.699028	0.02628104	0.7273756	2.688203	0.03246952	0.4156865	2.66761	0.1864812	0.9030477	2.738137	-0.139188	0.9156433	2.681709	0.09997017	0.4064616	2.645802	-0.03533914	0.4141994	2.624412	0.2447304	0.6402321	2.755524	-0.2192062	0.6491693	2.688496	0.1154343	-0.1129973	2.633496	-0.05064338	-0.1047647	2.624539	0.1324466	-0.5413253	2.677021	-0.02739487	-0.5294222	2.653196	

0.2796865	0.3932594	2.68373	-0.2377848	0.3868093	2.603055	0.2695931	0.2267058	2.662022	-0.2428828	0.2317049	2.597896	0.2985435	0.2849732	2.645842	-0.2780305	0.3015565	2.582158	0.05163422	1.166023	2.651526	0.0191815	1.02912	2.700602	0.02096351	0.9551637	2.699445	0.02619193	0.7276794	2.688878	0.03253634	0.416557	2.668546	0.1862433	0.9032961	2.739144	-0.139165	0.9154255	2.682179	0.1007517	0.4074164	2.647196	-0.03596564	0.4152711	2.625115	0.2443741	0.6398538	2.756419	-0.2192964	0.6487504	2.689078	0.1156589	-0.1121198	2.633734	-0.05071785	-0.1037571	2.624734	0.1320138	-0.5414891	2.677119	-0.03165076	-0.5231088	2.658941	

0.279543	0.3932934	2.683982	-0.2378237	0.3866946	2.603382	0.2680088	0.223255	2.648761	-0.2369201	0.2299676	2.593759	0.301358	0.2787962	2.659154	-0.2783685	0.2960225	2.578384	0.05157014	1.165969	2.651865	0.01891437	1.029204	2.701306	0.02076	0.9552292	2.700086	0.02616008	0.7277012	2.689316	0.03269386	0.4165325	2.668728	0.1860897	0.9033522	2.739857	-0.1391005	0.9152478	2.682562	0.1008048	0.4074707	2.647337	-0.03572517	0.4151591	2.625291	0.2440275	0.6398791	2.757064	-0.2192896	0.648698	2.689446	0.1158093	-0.11209	2.633264	-0.05054055	-0.1038516	2.625093	0.1327236	-0.5399042	2.677668	-0.03133316	-0.5234263	2.658708	

0.2792827	0.3930502	2.684275	-0.2377847	0.386935	2.603704	0.2668153	0.2215381	2.656985	-0.2369881	0.2329137	2.594267	0.3009066	0.2760136	2.6571	-0.2788255	0.2928106	2.584954	0.05141169	1.165958	2.652331	0.01891868	1.029235	2.701283	0.02076839	0.9552987	2.700077	0.02621144	0.7280526	2.689434	0.0329698	0.4175751	2.669118	0.1859226	0.9036337	2.740923	-0.1391372	0.9152277	2.682849	0.1012566	0.4069525	2.647891	-0.0358257	0.4214688	2.625482	0.2435506	0.6405553	2.757748	-0.2193325	0.6486932	2.689753	0.115474	-0.112613	2.634035	-0.05042688	-0.09765586	2.62496	0.1331699	-0.5418688	2.676936	-0.02842877	-0.5280303	2.655935	

0.2789885	0.3930944	2.684788	-0.2379686	0.3875461	2.604429	0.27189	0.2273966	2.665643	-0.2413715	0.2301603	2.594835	0.3063838	0.3012361	2.6625	-0.2780661	0.293877	2.578877	0.0513236	1.165949	2.652699	0.01872563	1.029079	2.701839	0.02055148	0.9551235	2.700668	0.02594207	0.7278045	2.690074	0.03273026	0.4172079	2.669624	0.1857875	0.9038125	2.742231	-0.1391719	0.9151999	2.683442	0.1013595	0.4064812	2.648379	-0.03675027	0.4204721	2.626201	0.2428537	0.6413066	2.759255	-0.2195346	0.6489244	2.690097	0.1163033	-0.1130814	2.633878	-0.05053189	-0.09870439	2.625031	0.1325091	-0.542329	2.677075	-0.02841001	-0.5277921	2.65682	

0.2786672	0.3929785	2.685607	-0.2379424	0.3875495	2.604385	0.2652622	0.2226816	2.659736	-0.2427365	0.2266376	2.594389	0.2974024	0.3046666	2.659087	-0.2781486	0.3026749	2.579387	0.0513392	1.166116	2.653397	0.01874953	1.028961	2.702259	0.02055265	0.9550263	2.701014	0.025907	0.7277507	2.690224	0.03270163	0.4171762	2.66962	0.1855663	0.9036854	2.742465	-0.1392491	0.9150352	2.68366	0.1012692	0.4064535	2.648354	-0.03673907	0.4201121	2.62617	0.242301	0.6417668	2.759566	-0.2196063	0.6490103	2.690163	0.1164244	-0.1130983	2.633941	-0.0508072	-0.09905011	2.62502	0.1338888	-0.537826	2.677983	-0.02800163	-0.5348952	2.645676	

0.2783259	0.3939741	2.686951	-0.2379647	0.3874521	2.604153	0.2670256	0.2290048	2.659183	-0.2392675	0.2305776	2.594577	0.2954208	0.3018802	2.6474	-0.2780049	0.3043326	2.573438	0.05116008	1.166206	2.654167	0.01858004	1.029037	2.702629	0.02040953	0.955071	2.701315	0.02583833	0.7277262	2.690342	0.03268835	0.4170744	2.669594	0.1854649	0.9037535	2.74263	-0.1393616	0.9149662	2.683837	0.1011072	0.4062914	2.648346	-0.03654928	0.4196689	2.626004	0.2414453	0.6425788	2.759905	-0.2197301	0.6490696	2.690124	0.1168296	-0.1132506	2.633686	-0.05082019	-0.09942992	2.625593	0.1338234	-0.5378382	2.678081	-0.02598951	-0.5326116	2.653231	

0.2775575	0.4020153	2.692097	-0.2384518	0.3881101	2.603741	0.2691945	0.2387879	2.655978	-0.236371	0.2268122	2.585325	0.2946899	0.3066767	2.658467	-0.2777593	0.3069843	2.571222	0.05100043	1.166299	2.65444	0.01853696	1.029168	2.702399	0.02036227	0.9551308	2.701172	0.02577359	0.7276664	2.690301	0.03248943	0.4165406	2.669611	0.1850927	0.9037551	2.74267	-0.1394746	0.9149672	2.683991	0.100745	0.4055442	2.648313	-0.03665996	0.418909	2.626015	0.2403465	0.6432043	2.7602	-0.2200826	0.6490309	2.68988	0.1168171	-0.1139747	2.633695	-0.05128674	-0.1001375	2.626039	0.1332997	-0.5382823	2.677842	-0.02609383	-0.5312933	2.653803	

0.2762635	0.401019	2.691111	-0.2408426	0.3946054	2.604206	0.2654081	0.232585	2.650381	-0.2354372	0.2297177	2.580107	0.2933452	0.2939502	2.653419	-0.2783329	0.2940088	2.56935	0.05097851	1.166301	2.654472	0.01850822	1.029222	2.702309	0.02033617	0.9551956	2.701115	0.02574746	0.7277839	2.690315	0.03250072	0.4168005	2.669724	0.1847322	0.90367	2.742535	-0.1395652	0.9149897	2.684007	0.1010965	0.4063711	2.648663	-0.03675628	0.41888	2.626018	0.2397485	0.6432394	2.760372	-0.2202765	0.6492718	2.689844	0.1168673	-0.1131634	2.634123	-0.05171808	-0.1001384	2.626284	0.1354686	-0.5375972	2.67537	-0.02704955	-0.5307525	2.653333	

0.2743828	0.404045	2.691062	-0.2409313	0.3947736	2.602588	0.2636813	0.2354793	2.649981	-0.2397921	0.2296173	2.577603	0.2903438	0.295755	2.653778	-0.2835106	0.3061731	2.570133	0.05099387	1.166315	2.654452	0.01813202	1.029188	2.702318	0.02008012	0.955163	2.701117	0.02571203	0.7277555	2.690305	0.03269047	0.4166733	2.669599	0.1844793	0.9037493	2.742575	-0.1398625	0.9147723	2.683869	0.1011083	0.4061225	2.648549	-0.03618331	0.4186498	2.625723	0.2390571	0.6432151	2.760305	-0.2207524	0.6491019	2.689595	0.1168451	-0.1133944	2.634373	-0.05188091	-0.1003389	2.626067	0.1352297	-0.5378115	2.675875	-0.027643	-0.5285264	2.653621	

0.272958	0.400934	2.68942	-0.2414463	0.3941842	2.601322	0.2602703	0.2322838	2.652317	-0.2447293	0.229763	2.580186	0.2948954	0.3039153	2.659249	-0.2844221	0.305833	2.563875	0.0505145	1.165915	2.65413	0.01784986	1.029162	2.702326	0.01983377	0.9551313	2.70112	0.02557705	0.7277007	2.690293	0.03266384	0.4165823	2.669528	0.1840413	0.9036477	2.742213	-0.1400481	0.9144394	2.683741	0.1009825	0.4060119	2.648417	-0.03614592	0.4183702	2.625621	0.2384366	0.6432517	2.760019	-0.2211503	0.6493421	2.689579	0.1171314	-0.1134899	2.634253	-0.05194805	-0.1006101	2.625989	0.1355247	-0.5363534	2.675215	-0.02663281	-0.5277154	2.654946	

0.2725713	0.4005448	2.689158	-0.244146	0.3937856	2.599806	0.2602415	0.2322558	2.651984	-0.2442448	0.2335417	2.573546	0.2895583	0.2861857	2.649917	-0.2872973	0.3063233	2.565849	0.050258	1.165574	2.653628	0.01763013	1.02914	2.702333	0.01964741	0.955092	2.701134	0.0254747	0.7276019	2.690319	0.03268112	0.4163324	2.669529	0.1837415	0.9035797	2.742128	-0.1405468	0.9144945	2.683804	0.1008067	0.4052657	2.648455	-0.03605329	0.4182307	2.625587	0.2381835	0.6431638	2.760003	-0.2217862	0.6491429	2.68933	0.1168449	-0.1142339	2.634202	-0.05172146	-0.1007487	2.626003	0.1359046	-0.5364189	2.675293	-0.02544246	-0.5287398	2.654162	

0.2729389	0.402732	2.690983	-0.2473697	0.3987904	2.600243	0.2674696	0.2364246	2.658672	-0.2519302	0.238712	2.57305	0.2927686	0.2851176	2.655278	-0.2914138	0.3029086	2.560385	0.05017245	1.165497	2.653432	0.01739424	1.029119	2.702339	0.01946819	0.9550856	2.701141	0.02543365	0.7276086	2.690322	0.03272536	0.4163551	2.669507	0.1835316	0.9036984	2.742058	-0.1407945	0.9145297	2.683845	0.1008136	0.4052597	2.648449	-0.03595391	0.4182692	2.625521	0.2377979	0.6434976	2.759982	-0.2237965	0.6497515	2.688946	0.1168242	-0.1142483	2.634025	-0.05162062	-0.1006998	2.62609	0.134471	-0.5370545	2.676644	-0.02492845	-0.5286806	2.654698	

0.2735711	0.4043067	2.69268	-0.2482269	0.3966743	2.599118	0.2692229	0.2354873	2.656979	-0.252186	0.2331449	2.573254	0.2931101	0.2916948	2.656467	-0.2940138	0.3013262	2.559562	0.04988156	1.165004	2.652647	0.01739667	1.029086	2.702341	0.01946184	0.9550376	2.701144	0.025389	0.7274678	2.690327	0.03264939	0.4160211	2.66945	0.1833095	0.9037377	2.741995	-0.1409692	0.9143904	2.683747	0.100456	0.404361	2.648492	-0.03591897	0.4181068	2.625394	0.2375559	0.6436934	2.759967	-0.2247634	0.6498045	2.68874	0.1166522	-0.115139	2.633834	-0.05144985	-0.1008353	2.626362	0.1353705	-0.5381114	2.674872	-0.02819579	-0.5293827	2.650073	

0.2739642	0.4031836	2.693019	-0.253235	0.3955181	2.599749	0.2684107	0.2345725	2.662753	-0.2664893	0.2323118	2.583899	0.2928594	0.2857326	2.658066	-0.3001089	0.3160656	2.557041	0.04904993	1.164051	2.650796	0.01709587	1.028725	2.701912	0.01924318	0.9548016	2.700827	0.02534869	0.7274452	2.690236	0.03275279	0.4161537	2.669394	0.1830575	0.9037011	2.741763	-0.1411953	0.914508	2.683649	0.1005874	0.4047981	2.648246	-0.03582765	0.4180869	2.625403	0.2373182	0.6440565	2.760138	-0.2258378	0.6497072	2.688553	0.1165095	-0.1147159	2.633641	-0.05104942	-0.1008644	2.626374	0.1350098	-0.5381091	2.674977	-0.03191563	-0.5246893	2.65493	

0.2742606	0.4019532	2.692999	-0.2592767	0.3961316	2.601609	0.2704906	0.2354525	2.657342	-0.2670211	0.2314885	2.582547	0.2925795	0.2828845	2.656584	-0.3074315	0.2861596	2.573833	0.04887412	1.163254	2.649869	0.01657743	1.028379	2.7015	0.0187108	0.9544957	2.700454	0.02483624	0.7272558	2.689979	0.03237944	0.4161161	2.669236	0.1830436	0.9036927	2.74175	-0.141301	0.9145437	2.683424	0.09956123	0.4045013	2.647904	-0.03588704	0.4181033	2.625344	0.2371332	0.6440536	2.760242	-0.2265892	0.6496378	2.68842	0.1130745	-0.1150587	2.633932	-0.05133007	-0.1008592	2.626081	0.134898	-0.5380726	2.675191	-0.03300144	-0.5253077	2.650867	

0.2750416	0.4032609	2.694112	-0.2619964	0.3979321	2.603024	0.2715481	0.2360022	2.655977	-0.268073	0.2360808	2.583512	0.294775	0.2924866	2.659629	-0.3048933	0.3050747	2.569539	0.04885475	1.163101	2.649133	0.0163976	1.02816	2.70124	0.01859321	0.954357	2.700271	0.02483441	0.7272495	2.689947	0.03257181	0.4162721	2.669243	0.1828028	0.9038241	2.741537	-0.1417401	0.9148476	2.683319	0.1004153	0.4050479	2.648047	-0.03589223	0.4181041	2.625326	0.2370838	0.6442313	2.760215	-0.2274441	0.6492304	2.688291	0.1139376	-0.1145547	2.633239	-0.05169312	-0.1008513	2.626007	0.1348673	-0.5381336	2.675366	-0.02949734	-0.530883	2.647015	

0.2752624	0.4025314	2.69396	-0.2627127	0.3967299	2.60234	0.271762	0.2361841	2.658061	-0.2690149	0.230436	2.582842	0.2937447	0.2851305	2.653502	-0.3082997	0.2810796	2.581	0.04890107	1.16251	2.64736	0.016462	1.028176	2.700958	0.01864727	0.9543648	2.699999	0.02488586	0.7272418	2.689709	0.03267477	0.4162585	2.669008	0.1826833	0.9037306	2.74114	-0.1419027	0.9149683	2.682821	0.1004769	0.4052306	2.647615	-0.03571933	0.4178412	2.625127	0.2370735	0.6442358	2.760208	-0.2279963	0.648991	2.687968	0.1140568	-0.1143623	2.633099	-0.05179838	-0.1011459	2.625223	0.1353093	-0.5375223	2.675456	-0.02670508	-0.5258043	2.65593	

0.2754135	0.4016279	2.693532	-0.2632428	0.3964478	2.602646	0.2700734	0.2397933	2.657914	-0.2663141	0.2295858	2.583843	0.2956232	0.3094746	2.65925	-0.3046736	0.3033547	2.570667	0.04906552	1.161983	2.645865	0.01628591	1.027703	2.700041	0.01853658	0.9540146	2.699195	0.0249574	0.7271764	2.689189	0.03305116	0.416511	2.668575	0.1825196	0.903491	2.740402	-0.1423177	0.9150875	2.682329	0.100794	0.4057866	2.647127	-0.03527499	0.4177656	2.62468	0.237032	0.644385	2.760051	-0.2281826	0.6490378	2.687792	0.1140899	-0.113817	2.632773	-0.05176744	-0.1012084	2.624794	0.1351412	-0.5374174	2.675648	-0.008205343	-0.5375068	2.657645	

0.2758915	0.4002815	2.692709	-0.2627472	0.395272	2.602396	0.26691	0.2313273	2.658065	-0.2692862	0.2306609	2.585375	0.2948079	0.2828723	2.650769	-0.2978289	0.3140548	2.563783	0.04890756	1.161769	2.645327	0.01616567	1.027443	2.699719	0.0184445	0.953807	2.698884	0.02496345	0.7271117	2.688915	0.03324547	0.41664	2.66825	0.1822311	0.9037703	2.739779	-0.1423821	0.9152529	2.681998	0.1009312	0.4060149	2.646787	-0.03504474	0.4177357	2.624359	0.237057	0.6447994	2.760026	-0.2285707	0.6485456	2.68725	0.1144559	-0.1135789	2.632614	-0.05240194	-0.1012131	2.624436	0.133923	-0.5379243	2.67572	-0.02160348	-0.5172712	2.665256	

0.2758525	0.3995866	2.692225	-0.2613847	0.3957499	2.601823	0.267474	0.2309019	2.655289	-0.2646168	0.2326495	2.586713	0.2989196	0.2997633	2.659491	-0.2982438	0.3050108	2.565188	0.0485451	1.161483	2.644639	0.01601746	1.027475	2.699483	0.01831967	0.9539168	2.698675	0.02490651	0.7276278	2.688721	0.03354864	0.4185705	2.668195	0.1822105	0.903729	2.73937	-0.1426393	0.9153687	2.681676	0.10088	0.4062595	2.646352	-0.03389894	0.4233399	2.625662	0.2371065	0.6450644	2.759617	-0.2287891	0.6482551	2.686875	0.1145449	-0.1133377	2.632135	-0.05169357	-0.09578543	2.624019	0.1338671	-0.5381902	2.675747	-0.02489248	-0.5191706	2.663315	

0.2759956	0.3993731	2.691174	-0.2612096	0.395138	2.601504	0.2690205	0.2289505	2.650181	-0.2588695	0.2294275	2.581908	0.3014301	0.2900045	2.652042	-0.2953696	0.288215	2.5635	0.0485891	1.161436	2.643995	0.01558643	1.02724	2.698452	0.01792587	0.9536568	2.697802	0.02466349	0.7273352	2.688278	0.03343118	0.418152	2.668079	0.1821705	0.9038668	2.739009	-0.1425596	0.9156734	2.681083	0.1008033	0.4062092	2.64631	-0.03421269	0.4211297	2.625132	0.2374605	0.6450587	2.758898	-0.2290592	0.6479377	2.686221	0.1147404	-0.1133739	2.63222	-0.05193613	-0.09791915	2.624227	0.1339057	-0.5383077	2.675764	-0.02572634	-0.5193452	2.662615	

0.2760903	0.3992526	2.689868	-0.2590782	0.3939398	2.600007	0.2721931	0.2321494	2.653836	-0.2582494	0.2298821	2.577104	0.2968347	0.2954462	2.648945	-0.2972569	0.2995099	2.56376	0.04859035	1.161234	2.643459	0.01540216	1.027013	2.69808	0.01775858	0.9534657	2.697473	0.0245755	0.7272404	2.688101	0.03342185	0.4181206	2.668046	0.1821072	0.9040363	2.738338	-0.1425613	0.9155254	2.680229	0.101218	0.4057352	2.646324	-0.0347725	0.42124	2.624796	0.2375842	0.6450547	2.75839	-0.2293135	0.6476191	2.685284	0.1163172	-0.1136294	2.635877	-0.05115565	-0.09783257	2.624242	0.1317613	-0.5409363	2.675844	-0.02633481	-0.51876	2.662857	

0.2759275	0.3986269	2.687516	-0.2564934	0.3984075	2.59844	0.2715845	0.2305112	2.652837	-0.2549446	0.2372048	2.57305	0.3004972	0.2710181	2.655667	-0.2930255	0.3115462	2.557579	0.0487309	1.161121	2.643026	0.01539494	1.026851	2.696978	0.01771218	0.9533439	2.696491	0.02447676	0.7272156	2.687483	0.03333517	0.4181344	2.667829	0.1821596	0.9040144	2.73783	-0.1425765	0.915527	2.679594	0.1014127	0.4061077	2.646058	-0.03551826	0.42058	2.624189	0.2379294	0.6444309	2.757385	-0.2294526	0.6477051	2.684125	0.1147404	-0.1135836	2.629833	-0.05099547	-0.09845094	2.624526	0.1319288	-0.5405161	2.675443	-0.02494786	-0.5222817	2.65791	

0.2761218	0.3984199	2.686111	-0.2548828	0.3983716	2.596363	0.2709395	0.2323666	2.647979	-0.2566892	0.2368713	2.572389	0.2945002	0.2885173	2.642875	-0.2943033	0.2981776	2.553357	0.04877144	1.160809	2.642618	0.01531913	1.026767	2.696588	0.0175975	0.9532565	2.696025	0.02424902	0.7271281	2.686805	0.0329713	0.4180124	2.666938	0.1820492	0.9042386	2.73639	-0.1426732	0.9157863	2.679327	0.1008155	0.4059478	2.644907	-0.0357005	0.4204101	2.62352	0.2380991	0.644672	2.756265	-0.2295042	0.6476393	2.683297	0.1146547	-0.1136875	2.629776	-0.05099583	-0.09857427	2.624576	0.1311873	-0.5408024	2.676093	-0.02674501	-0.5219136	2.658038	

0.2761173	0.3987745	2.685104	-0.2544665	0.399039	2.595623	0.2724237	0.2300819	2.654879	-0.2572548	0.2395217	2.568926	0.298452	0.2746703	2.648444	-0.2919352	0.3124373	2.551778	0.04893267	1.160572	2.641714	0.01521346	1.026863	2.696252	0.0175062	0.9533298	2.695701	0.02421607	0.7271372	2.686544	0.03301416	0.4179361	2.666766	0.1822154	0.9039739	2.73611	-0.1428026	0.9159133	2.679122	0.1007968	0.4058522	2.644775	-0.03557264	0.4203094	2.623286	0.23814	0.6446893	2.756148	-0.2295338	0.6479821	2.683151	0.1144804	-0.1137747	2.629933	-0.0508583	-0.09860969	2.625206	0.1315177	-0.5407379	2.676261	-0.02696207	-0.5221114	2.658504	

0.2762367	0.3982986	2.683792	-0.2538042	0.3987639	2.594653	0.2727508	0.2338247	2.649192	-0.2565185	0.2362984	2.570741	0.3003241	0.2670121	2.648625	-0.2968727	0.2932837	2.553875	0.04923732	1.160576	2.641015	0.01532967	1.026946	2.695963	0.01759495	0.9534099	2.695462	0.02425244	0.7272021	2.686436	0.03302128	0.4179648	2.666762	0.1823144	0.9039318	2.735929	-0.1429085	0.9159247	2.678699	0.1011428	0.4061911	2.644926	-0.03578377	0.4201964	2.623164	0.2382848	0.644794	2.755378	-0.2295147	0.64795	2.682557	0.1142837	-0.1134946	2.629145	-0.05109101	-0.09872871	2.624986	0.1315199	-0.5408373	2.676143	-0.02647449	-0.5225241	2.658511	

0.2762281	0.3983758	2.683638	-0.2534731	0.3989879	2.594312	0.2690489	0.2276128	2.643203	-0.2580216	0.2367445	2.57181	0.2979432	0.2757108	2.649252	-0.2896135	0.3169192	2.5545	0.0494096	1.160694	2.640775	0.01528263	1.026944	2.694918	0.01750285	0.9534311	2.694618	0.02410498	0.727262	2.686083	0.03286103	0.418027	2.666748	0.1823381	0.9038988	2.735787	-0.142891	0.9159339	2.678361	0.1011653	0.4064011	2.645012	-0.03653511	0.4199827	2.622952	0.2383085	0.6447131	2.755311	-0.2295813	0.6481664	2.682323	0.113515	-0.1130582	2.634605	-0.05142516	-0.09894934	2.624821	0.1321468	-0.5412702	2.675603	-0.02635368	-0.5220416	2.658974	

0.276218	0.3981793	2.683459	-0.2530427	0.3977534	2.594146	0.2685216	0.2281982	2.649898	-0.2545479	0.2375607	2.5722	0.2986715	0.2907145	2.643278	-0.2931226	0.3068388	2.556629	0.04972927	1.160685	2.639831	0.01541975	1.027108	2.69483	0.01759702	0.953528	2.694516	0.02413528	0.7272271	2.685919	0.03277384	0.4176159	2.666393	0.1824184	0.9039226	2.735645	-0.1427967	0.9158895	2.677698	0.1008173	0.4054339	2.644649	-0.03644356	0.4198198	2.622571	0.2383081	0.6446305	2.755076	-0.229483	0.6479665	2.681853	0.1142148	-0.1141894	2.62997	-0.05112941	-0.09904069	2.625439	0.132642	-0.5411988	2.675651	-0.02886439	-0.5214362	2.658885	

0.2762137	0.398176	2.683455	-0.2537365	0.3981838	2.594554	0.2696894	0.2275035	2.649436	-0.2571134	0.2358101	2.574415	0.2970954	0.2869303	2.647815	-0.2970504	0.3107301	2.567308	0.05027093	1.160601	2.638809	0.01540013	1.027099	2.694732	0.01756415	0.9535033	2.694385	0.02405226	0.7271309	2.685698	0.03262948	0.4173947	2.666139	0.1824466	0.9039417	2.735532	-0.1426392	0.9160131	2.677153	0.1006509	0.4053342	2.644522	-0.03650298	0.4193887	2.622148	0.2382357	0.6446671	2.75511	-0.2292642	0.6472557	2.681289	0.1138416	-0.1142727	2.630337	-0.05088675	-0.09946799	2.625131	0.1321471	-0.5409958	2.6771	-0.02789311	-0.5394158	2.640469	

0.2762704	0.3981743	2.683523	-0.2531958	0.3967103	2.594329	0.2690524	0.2287374	2.649064	-0.2582911	0.2327514	2.578434	0.2987487	0.2780299	2.651254	-0.2921346	0.3037128	2.559435	0.05045696	1.160486	2.638125	0.01559482	1.026953	2.693978	0.0177346	0.9534299	2.693781	0.0241574	0.727192	2.685471	0.03273145	0.4175788	2.666175	0.1824661	0.9039588	2.73543	-0.1428113	0.9160844	2.676296	0.1015597	0.4064686	2.645031	-0.0365946	0.419337	2.62207	0.2381943	0.6446447	2.755068	-0.229311	0.6469027	2.68093	0.1140217	-0.113196	2.630262	-0.0508631	-0.09953497	2.624898	0.1340228	-0.5388702	2.6778	-0.02753309	-0.5359381	2.647707	

0.2763012	0.3980492	2.683609	-0.253989	0.3985367	2.59534	0.2705348	0.2311717	2.661911	-0.2583323	0.2375865	2.57366	0.2964475	0.3046892	2.651316	-0.2913706	0.3103017	2.556725	0.05076448	1.160706	2.637328	0.01583702	1.026951	2.693386	0.0179464	0.9534057	2.693252	0.02428258	0.7271268	2.68517	0.0327731	0.4175155	2.666137	0.1825453	0.9040775	2.735073	-0.1427473	0.9156213	2.675554	0.1018288	0.4064509	2.645082	-0.03678984	0.418972	2.621807	0.2382106	0.6445338	2.754853	-0.2292918	0.6465476	2.680618	0.1140781	-0.1132223	2.630232	-0.0521528	-0.09993651	2.623695	0.1340071	-0.5386916	2.67769	-0.02767399	-0.5368687	2.645985	

0.2761862	0.3983549	2.684256	-0.2539733	0.398294	2.595332	0.2707545	0.2291728	2.653526	-0.2565451	0.234753	2.573764	0.3025945	0.2787551	2.648286	-0.2923412	0.3092767	2.553727	0.05168679	1.160501	2.635467	0.01573079	1.026852	2.692932	0.0178571	0.9533015	2.69274	0.02426461	0.7270149	2.684535	0.03286821	0.4174076	2.665557	0.1825898	0.9040668	2.735	-0.1429083	0.9155642	2.675053	0.1016687	0.4063572	2.644709	-0.03632697	0.4187431	2.620862	0.2381397	0.6444638	2.754902	-0.2291073	0.646288	2.679642	0.1142541	-0.1132959	2.630132	-0.05160658	-0.1000828	2.623873	0.1353085	-0.5373245	2.677381	-0.008121911	-0.5316116	2.658675	

0.2762239	0.3984525	2.684714	-0.2537182	0.3963837	2.594054	0.2707137	0.2291384	2.653071	-0.2563388	0.2294116	2.57704	0.3002658	0.2860832	2.652722	-0.2950701	0.309081	2.560743	0.05218612	1.16059	2.634773	0.01581201	1.026864	2.692171	0.01789357	0.9532782	2.692034	0.02418806	0.7269068	2.684028	0.0326938	0.417221	2.665333	0.1827228	0.9038097	2.734656	-0.1427848	0.9158183	2.674603	0.1013948	0.4061291	2.644573	-0.03646336	0.4185219	2.620518	0.2381191	0.6439831	2.755	-0.22937	0.6456059	2.678761	0.1143011	-0.1134944	2.63042	-0.0514056	-0.1003	2.623695	0.1349943	-0.537019	2.678879	-0.01332205	-0.5300202	2.657997	

0.2762867	0.3981344	2.685162	-0.2534152	0.3963009	2.593125	0.2717946	0.228777	2.656147	-0.2565358	0.2309261	2.570862	0.30182	0.2837617	2.655967	-0.2931769	0.3039807	2.5442	0.053198	1.160761	2.634043	0.01590694	1.026983	2.691571	0.01795179	0.9533477	2.691436	0.02413736	0.7268307	2.683461	0.03250042	0.4169448	2.664891	0.182967	0.9036093	2.734548	-0.142512	0.9161125	2.673827	0.1011547	0.4059231	2.644378	-0.03662692	0.4180804	2.619715	0.2382255	0.6436719	2.755259	-0.2294001	0.6451268	2.678142	0.1144573	-0.1137149	2.629601	-0.05141659	-0.1007096	2.623328	0.1348742	-0.5371357	2.679111	-0.02058096	-0.5363088	2.643305	

0.2762903	0.39799	2.685482	-0.2531587	0.3962688	2.59243	0.2748181	0.232015	2.660742	-0.2523834	0.2290843	2.572268	0.2992833	0.2868658	2.650419	-0.2863522	0.3105991	2.5414	0.05386176	1.160826	2.633182	0.01611966	1.02684	2.690628	0.01815124	0.9531421	2.690605	0.02430113	0.7264659	2.682938	0.03264874	0.4163232	2.664717	0.1832199	0.9035522	2.7346	-0.1422687	0.9162186	2.673254	0.1013941	0.405835	2.644336	-0.03685315	0.4160914	2.619287	0.2384538	0.6432419	2.755531	-0.229232	0.6450428	2.677729	0.1146583	-0.1138226	2.629104	-0.05131277	-0.1026485	2.623334	0.1349464	-0.5374559	2.679024	-0.02558091	-0.5385218	2.636678	

0.2763105	0.3978119	2.685318	-0.252251	0.397227	2.591078	0.270941	0.229328	2.655253	-0.2536145	0.2363648	2.570112	0.3038723	0.29664	2.650714	-0.2887176	0.2951362	2.547437	0.05417727	1.161273	2.633165	0.01617926	1.027245	2.689864	0.01818844	0.9534789	2.689842	0.02427271	0.7266014	2.682221	0.03254335	0.4162204	2.664176	0.1834274	0.9034039	2.734318	-0.1420426	0.9163334	2.672378	0.1010815	0.4055607	2.643827	-0.03677686	0.4161974	2.618715	0.2383561	0.6434708	2.755556	-0.2287547	0.6455952	2.677204	0.1137953	-0.1141037	2.628778	-0.05148925	-0.1024818	2.62347	0.1340896	-0.5384704	2.678531	-0.02459591	-0.5352991	2.63973	

0.2762661	0.3973241	2.68326	-0.2526041	0.3972811	2.590707	0.2695681	0.2273937	2.648254	-0.2528093	0.2351125	2.566716	0.3002213	0.2784887	2.641214	-0.2906566	0.3078216	2.550976	0.05383807	1.162802	2.634275	0.01643322	1.027634	2.689535	0.01836715	0.9537906	2.689512	0.0242769	0.7267389	2.681898	0.03232479	0.4161721	2.663831	0.1831733	0.9032184	2.732732	-0.1419786	0.9169199	2.671592	0.1007299	0.4055178	2.643537	-0.03687213	0.4161853	2.618363	0.2386145	0.6425961	2.754208	-0.2284943	0.6456162	2.676106	0.1138451	-0.1141238	2.628785	-0.05154714	-0.1024349	2.62386	0.1341605	-0.5383872	2.678384	-0.01216949	-0.5287704	2.655824	

0.2768444	0.4006238	2.681003	-0.251477	0.3954266	2.588413	0.2770799	0.2345069	2.639391	-0.2486304	0.2308961	2.56867	0.3091228	0.3027582	2.647	-0.28813	0.3032469	2.550452	0.05217541	1.165194	2.638127	0.01638451	1.028	2.689462	0.01830883	0.9540523	2.6894	0.02417101	0.7268079	2.681671	0.03203316	0.4158704	2.663293	0.1829119	0.9031552	2.731021	-0.1420271	0.917087	2.671098	0.099639	0.4044462	2.642359	-0.03683573	0.4162315	2.618198	0.2391492	0.6421757	2.752091	-0.2283536	0.6457682	2.6757	0.1137343	-0.1151022	2.628889	-0.05150986	-0.1024255	2.623272	0.1318311	-0.5416324	2.678283	-0.02832095	-0.5365123	2.634619	

0.2777994	0.4018333	2.678004	-0.2513316	0.3947123	2.587719	0.2779086	0.2361066	2.63433	-0.2472568	0.2295706	2.566412	0.3066657	0.2982977	2.628727	-0.2873144	0.3073713	2.5376	0.048709	1.168678	2.642196	0.01595712	1.02883	2.689078	0.01793688	0.9547208	2.689028	0.02393837	0.727069	2.681381	0.03191991	0.4158368	2.663144	0.1819867	0.9036237	2.729021	-0.142335	0.9169801	2.670639	0.09908454	0.404844	2.641842	-0.03676257	0.4160082	2.618188	0.2392525	0.6421582	2.750136	-0.2278378	0.6447222	2.674684	0.1137038	-0.1146583	2.629193	-0.0512967	-0.1027245	2.622356	0.1326252	-0.5405528	2.67792	-0.03191657	-0.5323047	2.635438	

0.2785232	0.4030952	2.67715	-0.2506807	0.395217	2.58712	0.2765507	0.2358199	2.631116	-0.2493699	0.232773	2.560431	0.3025073	0.2715331	2.634071	-0.2819668	0.3083975	2.540789	0.04698072	1.171074	2.644459	0.01505176	1.030329	2.689367	0.01722191	0.9558908	2.689184	0.02366306	0.7274574	2.681321	0.03189187	0.4158182	2.663072	0.1813832	0.9041897	2.727714	-0.1426859	0.9169445	2.670641	0.09899364	0.4050067	2.641604	-0.03673803	0.4158917	2.618206	0.2393882	0.642647	2.748124	-0.2275116	0.6451681	2.67407	0.1141754	-0.1144339	2.62993	-0.05100059	-0.1028492	2.622351	0.1336185	-0.5402501	2.677339	-0.03037349	-0.5239931	2.656081	

0.2797563	0.4011075	2.672944	-0.2483857	0.3948217	2.585299	0.2780116	0.23819	2.632305	-0.2397027	0.2290574	2.556828	0.3053207	0.285544	2.633816	-0.277647	0.302432	2.542428	0.04175142	1.175433	2.650304	0.01386036	1.031778	2.689609	0.01598193	0.9572883	2.689288	0.02230927	0.7285959	2.68103	0.03047306	0.416456	2.662396	0.179524	0.9055799	2.725717	-0.1437106	0.9166694	2.670358	0.09701132	0.4063351	2.640519	-0.03748884	0.4160941	2.618	0.2395915	0.6425382	2.746181	-0.2267641	0.6453142	2.673496	0.1145995	-0.1129646	2.630457	-0.05157462	-0.102583	2.623026	0.1325271	-0.543331	2.67472	-0.03075258	-0.5249285	2.655215	

0.280669	0.4019182	2.671507	-0.2460527	0.3945526	2.584913	0.2786335	0.2373949	2.631472	-0.2417486	0.2303675	2.557319	0.3035465	0.2804974	2.630488	-0.2812725	0.3018455	2.553636	0.0391485	1.178635	2.654339	0.01252925	1.033186	2.690202	0.01483474	0.9584936	2.689724	0.02167139	0.7292029	2.68111	0.03031599	0.4165289	2.662322	0.1785642	0.9064574	2.724587	-0.1440441	0.9164288	2.670206	0.0966542	0.4065256	2.640507	-0.03750297	0.4161094	2.617957	0.2396461	0.64214	2.744882	-0.225399	0.6464107	2.673186	0.1149169	-0.1127619	2.63025	-0.05168086	-0.1025581	2.623073	0.1330641	-0.5429587	2.674653	-0.03246903	-0.5235429	2.654687	

0.2811166	0.403441	2.669796	-0.2449248	0.3945166	2.584387	0.2803414	0.243096	2.624199	-0.2331962	0.2275592	2.560491	0.3065464	0.2988823	2.620571	-0.2757975	0.3000953	2.5422	0.03652766	1.179479	2.656399	0.01183096	1.033843	2.690538	0.01431315	0.9590572	2.689947	0.02154287	0.7294793	2.6811	0.03048057	0.4166195	2.662144	0.1773744	0.9071192	2.723233	-0.144702	0.9158139	2.669718	0.09697082	0.4068777	2.640156	-0.03738528	0.416081	2.617913	0.2401365	0.6406865	2.742325	-0.2249964	0.6457215	2.672405	0.1150513	-0.1124165	2.630026	-0.05175557	-0.1025396	2.623522	0.1329937	-0.5428572	2.675235	-0.02013469	-0.5244122	2.656621	

0.2810999	0.4046127	2.668679	-0.2433631	0.3939304	2.583863	0.2807959	0.2417611	2.633739	-0.2385246	0.2283588	2.559054	0.3072934	0.3029734	2.621222	-0.2748798	0.3060334	2.543783	0.03557085	1.180166	2.657427	0.01119527	1.034808	2.691184	0.01371668	0.9598545	2.690412	0.02111576	0.729821	2.681148	0.03016886	0.4165416	2.661861	0.1766559	0.90754	2.722371	-0.1449971	0.9155185	2.669627	0.09650813	0.4069394	2.639726	-0.0375122	0.4159404	2.61782	0.2403068	0.6407694	2.741961	-0.2240937	0.6442852	2.671542	0.1150946	-0.1123217	2.62992	-0.05110877	-0.1026865	2.623596	0.1325955	-0.5426723	2.675521	-0.0209826	-0.5237328	2.656914	

0.2810088	0.404854	2.668108	-0.2424147	0.393074	2.583491	0.2772	0.2400087	2.629193	-0.2357145	0.2275712	2.556048	0.3061672	0.2992969	2.625921	-0.2739488	0.2964775	2.541083	0.03454195	1.180442	2.658206	0.01061773	1.035467	2.691108	0.01323729	0.960476	2.690339	0.02092358	0.730249	2.681058	0.03025863	0.416673	2.661764	0.1764574	0.9079462	2.722292	-0.1456479	0.9148161	2.669219	0.09670733	0.407148	2.639555	-0.03746907	0.4160094	2.61781	0.2402309	0.6413439	2.741519	-0.2236637	0.643278	2.670983	0.1147836	-0.112094	2.630529	-0.05040991	-0.1025942	2.624078	0.1336063	-0.5431699	2.673568	-0.02151396	-0.525426	2.657224	

0.2804535	0.4056124	2.667742	-0.2408681	0.3908317	2.583044	0.276558	0.2413048	2.634555	-0.2390931	0.2304984	2.561281	0.3048148	0.2988137	2.627546	-0.2761588	0.2900131	2.5515	0.03427953	1.180514	2.658217	0.00999958	1.036032	2.691297	0.01275355	0.9610376	2.690507	0.02079397	0.730743	2.68114	0.03059707	0.4170607	2.661752	0.1762194	0.9080886	2.722385	-0.1464819	0.9140261	2.669444	0.09838812	0.4083757	2.639521	-0.03751408	0.4160727	2.617841	0.2400905	0.6417993	2.74117	-0.2232474	0.642368	2.670833	0.1149157	-0.1109834	2.629654	-0.05020898	-0.1026281	2.623043	0.1336316	-0.5431784	2.673582	-0.0222319	-0.5250967	2.657395	

0.2799414	0.4070776	2.668829	-0.2408145	0.3900889	2.583652	0.2778079	0.2432547	2.633541	-0.2411079	0.2306448	2.572209	0.3057606	0.3109303	2.633052	-0.277436	0.3015255	2.557278	0.03402368	1.1799	2.657887	0.009204542	1.036163	2.692518	0.01216132	0.9612445	2.691463	0.02066215	0.7310152	2.681481	0.03088095	0.4173705	2.661723	0.175567	0.9084796	2.723112	-0.1466884	0.9136054	2.669788	0.09940706	0.4087803	2.639599	-0.03759883	0.4163222	2.617816	0.2400955	0.6417816	2.741196	-0.2228414	0.6421162	2.670935	0.1149202	-0.1106197	2.629691	-0.04936855	-0.1024106	2.622952	0.1353487	-0.5394972	2.679812	-0.02314102	-0.5265177	2.656882	

0.2799022	0.4071177	2.66885	-0.2402428	0.3876134	2.583627	0.2804889	0.2418574	2.633515	-0.2412623	0.2254509	2.561988	0.3070447	0.3019266	2.639555	-0.2768439	0.285057	2.554846	0.03382136	1.179174	2.657099	0.008620179	1.035927	2.693886	0.01177719	0.9611201	2.692528	0.02069735	0.731067	2.681824	0.03153338	0.4175073	2.661662	0.1753007	0.9083855	2.723306	-0.1468516	0.9131966	2.670081	0.1010967	0.4094183	2.639504	-0.03753204	0.4162515	2.617822	0.2399903	0.641836	2.741399	-0.2227406	0.6418754	2.671004	0.1141495	-0.1100184	2.630459	-0.04961365	-0.1024677	2.623019	0.1351992	-0.5393797	2.679823	-0.02542713	-0.5259863	2.652487	

0.2795701	0.4078376	2.669489	-0.2393679	0.3857788	2.583213	0.279352	0.2408514	2.641379	-0.2379709	0.2245006	2.563123	0.3065926	0.3113927	2.639637	-0.2786598	0.2858887	2.558545	0.03405825	1.175069	2.655187	0.008058734	1.035243	2.694979	0.01135505	0.9605762	2.693345	0.02063769	0.7308807	2.681975	0.03187362	0.4172428	2.661267	0.1749766	0.908375	2.724101	-0.147345	0.9125332	2.670735	0.1011357	0.4093891	2.639296	-0.03686457	0.415438	2.617285	0.2399355	0.6418216	2.741561	-0.2227354	0.6411515	2.671109	0.1144707	-0.1100492	2.630088	-0.04946115	-0.1032305	2.622838	0.1351626	-0.5394778	2.679831	-0.02614204	-0.5259016	2.652755	

0.2794364	0.40835	2.66969	-0.2393478	0.3856931	2.583339	0.2783124	0.2443283	2.62854	-0.2377807	0.2214224	2.565679	0.307032	0.2770588	2.641857	-0.2772537	0.290467	2.552171	0.03463701	1.172084	2.65379	0.007827342	1.034168	2.695901	0.01115687	0.9597688	2.694062	0.02059925	0.7306919	2.682132	0.03200018	0.4172713	2.661075	0.1752241	0.9080784	2.72583	-0.1472613	0.9119202	2.67122	0.1011543	0.409361	2.639163	-0.03673235	0.415489	2.617121	0.2397489	0.6415857	2.742048	-0.2226148	0.6399477	2.671229	0.1148816	-0.110051	2.630235	-0.04951968	-0.1031481	2.623006	0.1353572	-0.5386317	2.679594	-0.02955718	-0.5343598	2.637661	

0.2789904	0.4088768	2.670982	-0.2392145	0.3856941	2.584083	0.2762443	0.2399898	2.635972	-0.2317872	0.2231222	2.567136	0.3032601	0.2925676	2.638895	-0.2759238	0.2911818	2.553471	0.03647821	1.165565	2.649006	0.007399307	1.032058	2.697385	0.01090119	0.9581531	2.695312	0.02074648	0.7302296	2.682642	0.0327341	0.4174668	2.661057	0.1752949	0.9077391	2.726509	-0.1472759	0.9116081	2.671539	0.1024866	0.4097996	2.639253	-0.03658751	0.4154888	2.617105	0.2397538	0.6415849	2.742773	-0.2224121	0.6397206	2.671716	0.1155913	-0.1096489	2.630068	-0.04964285	-0.1031524	2.622862	0.1345272	-0.5392611	2.679651	-0.04174706	-0.5518311	2.606687	

0.2789416	0.408227	2.67399	-0.2384761	0.3839476	2.585195	0.2781126	0.2432795	2.643781	-0.232295	0.2233261	2.571749	0.3050165	0.3397132	2.658077	-0.2730582	0.2934053	2.563765	0.03821248	1.161053	2.643789	0.007847444	1.030286	2.69685	0.01119261	0.9565693	2.694937	0.02078469	0.7292389	2.682513	0.03271717	0.4171337	2.660902	0.175484	0.9073929	2.726592	-0.1472949	0.9115955	2.671518	0.1020236	0.408627	2.639269	-0.03649056	0.4154222	2.616856	0.2398778	0.641111	2.744531	-0.2221495	0.6396484	2.671884	0.115147	-0.1108095	2.630012	-0.04984784	-0.1031863	2.622908	0.1344727	-0.5392474	2.679392	-0.04092849	-0.5529441	2.605358	

0.2779378	0.4049936	2.675998	-0.2379183	0.3829229	2.586812	0.2738831	0.2360076	2.65144	-0.2317161	0.2175112	2.573079	0.2982673	0.2958486	2.643905	-0.2721755	0.3001035	2.551076	0.03909009	1.158888	2.640904	0.007866996	1.029167	2.696512	0.01117815	0.9556957	2.694748	0.02076469	0.7289782	2.682537	0.03273395	0.4171756	2.660919	0.1759456	0.9071319	2.727191	-0.1472789	0.9115098	2.671483	0.1022	0.4087654	2.639331	-0.03661471	0.4154541	2.616884	0.2399397	0.640876	2.745176	-0.2218389	0.6397454	2.672049	0.1145715	-0.1107239	2.629502	-0.04964776	-0.1031853	2.622677	0.1363641	-0.5413849	2.675253	-0.03493042	-0.5183662	2.662494	

0.2781636	0.4059592	2.677858	-0.2378246	0.3837599	2.587474	0.2774433	0.239718	2.651254	-0.2341385	0.2243332	2.576844	0.3036034	0.3137123	2.657	-0.2743975	0.2908385	2.561919	0.04100552	1.157893	2.638061	0.009118327	1.028274	2.694869	0.01214761	0.9547954	2.69347	0.02118993	0.7281834	2.681983	0.03284694	0.4166413	2.660722	0.1764845	0.9066013	2.72698	-0.1471532	0.9114485	2.671297	0.1019287	0.4073378	2.638823	-0.03643751	0.4153346	2.616851	0.2401022	0.6408184	2.74539	-0.2216875	0.6398921	2.671895	0.1150828	-0.1120883	2.629468	-0.04936642	-0.1032804	2.622948	0.1357041	-0.5405276	2.676024	-0.03419792	-0.5211052	2.660428	

0.2781576	0.4061021	2.677935	-0.2377568	0.3850622	2.587468	0.2748574	0.2340718	2.641142	-0.2335478	0.2228769	2.570064	0.299843	0.2898597	2.643733	-0.2756586	0.2934164	2.554387	0.04309088	1.156687	2.63469	0.009857984	1.027725	2.693858	0.01280129	0.9542359	2.692541	0.02162197	0.7276929	2.681287	0.03313735	0.4163749	2.660089	0.1772654	0.9059188	2.726765	-0.1464685	0.911538	2.670687	0.1020095	0.4068358	2.63837	-0.03596822	0.4153844	2.616013	0.2402049	0.6408548	2.745425	-0.2211697	0.6399357	2.671687	0.1155828	-0.1125389	2.629651	-0.04925584	-0.1031651	2.622825	0.1350384	-0.5425131	2.675209	-0.03462502	-0.5213286	2.660241	

0.2777151	0.4116333	2.678351	-0.2372628	0.3856125	2.586938	0.2767266	0.2432026	2.63297	-0.2350254	0.226702	2.566181	0.3009953	0.3154982	2.64585	-0.2742299	0.2791929	2.556	0.04520636	1.15576	2.631929	0.01012656	1.027295	2.692757	0.01301803	0.9538455	2.691648	0.02172194	0.7274734	2.680897	0.03317302	0.416359	2.659998	0.1782623	0.9056098	2.726277	-0.1461096	0.9116135	2.669927	0.1022001	0.4067261	2.638318	-0.03610406	0.4154742	2.615807	0.2402601	0.640864	2.745376	-0.2203208	0.6415787	2.670944	0.115879	-0.11267	2.629131	-0.04869315	-0.103095	2.62263	0.1357987	-0.5419487	2.674774	-0.005273351	-0.5313984	2.658919	

0.277505	0.4115972	2.678104	-0.2369886	0.386038	2.586555	0.2770645	0.2417448	2.639388	-0.2346939	0.2224044	2.569531	0.3005299	0.302992	2.643957	-0.273774	0.2925321	2.543286	0.04618435	1.154858	2.629797	0.01055918	1.027141	2.692302	0.0134236	0.9536538	2.691205	0.02204962	0.72722	2.680508	0.03344407	0.4161588	2.659609	0.179224	0.9047554	2.725829	-0.1453562	0.9118332	2.669179	0.1022261	0.4066799	2.638166	-0.03552895	0.4150929	2.6152	0.2404805	0.6406446	2.745279	-0.2202875	0.6416004	2.670454	0.1159238	-0.1127137	2.629018	-0.04870145	-0.1034025	2.622674	0.1335725	-0.542091	2.677079	-0.01789175	-0.528815	2.658743	

0.2775569	0.411507	2.677922	-0.236912	0.3866599	2.585881	0.2778423	0.2409619	2.636971	-0.2323239	0.2221151	2.56786	0.301619	0.2754031	2.6443	-0.2756348	0.2886215	2.552431	0.04710876	1.154373	2.628428	0.01143135	1.02643	2.691363	0.01421368	0.9529769	2.690282	0.0226055	0.7267063	2.679666	0.03379387	0.4159725	2.658759	0.1801181	0.9046337	2.725513	-0.1448648	0.91202	2.668265	0.1022757	0.4066274	2.637582	-0.03491069	0.4147938	2.614177	0.2405335	0.6405764	2.745075	-0.2201635	0.641477	2.670027	0.1160712	-0.1127445	2.628817	-0.04859176	-0.1036069	2.622577	0.1334686	-0.5404513	2.678025	-0.02265848	-0.5323358	2.652081	

0.2776179	0.4112609	2.677709	-0.2370418	0.3888999	2.585795	0.2778678	0.2418354	2.633334	-0.235848	0.2252222	2.559306	0.301109	0.2889822	2.637254	-0.2758539	0.2839605	2.548928	0.04843071	1.152412	2.625425	0.01224602	1.025745	2.689669	0.01502019	0.9522914	2.688678	0.02337874	0.7260869	2.67835	0.03455042	0.4156068	2.657708	0.1812328	0.9052582	2.724844	-0.1442256	0.9123769	2.667017	0.1026857	0.4059891	2.636829	-0.03386065	0.4148369	2.61284	0.2409831	0.6399311	2.743958	-0.2202341	0.6413722	2.668763	0.1162579	-0.1134437	2.626974	-0.04845742	-0.1035697	2.620977	0.1334965	-0.5393552	2.678323	-0.02221498	-0.5310584	2.65386	

0.277525	0.4112322	2.677316	-0.237073	0.3891223	2.585003	0.2778495	0.2428013	2.63537	-0.2372072	0.2245615	2.571487	0.3008163	0.294436	2.641458	-0.2780596	0.2985551	2.551848	0.04892644	1.151579	2.623635	0.01237168	1.025163	2.688613	0.01506257	0.9517736	2.687661	0.02319849	0.7257719	2.677434	0.03407588	0.4156468	2.656759	0.1818533	0.9055555	2.724102	-0.143606	0.9121618	2.665592	0.1015811	0.4060535	2.635468	-0.03398341	0.4148749	2.612256	0.2411585	0.6396573	2.743593	-0.2203399	0.6416301	2.668257	0.1164475	-0.1132798	2.626879	-0.04789368	-0.1035126	2.620866	0.132309	-0.5400469	2.678601	-0.02998925	-0.5255573	2.653367	

0.2773732	0.411511	2.676555	-0.2371589	0.3890841	2.583276	0.2826225	0.2436624	2.639501	-0.2369509	0.2262778	2.568847	0.3061818	0.3455741	2.65375	-0.2777013	0.2965081	2.551907	0.0495149	1.150625	2.621392	0.01269711	1.024809	2.68735	0.01538925	0.951432	2.686409	0.02352479	0.7255054	2.676244	0.03442397	0.415601	2.65562	0.1826891	0.9058083	2.722499	-0.1429681	0.9126037	2.663253	0.1019231	0.406128	2.633964	-0.03370926	0.4147642	2.611544	0.2415285	0.6390785	2.742389	-0.220197	0.6412428	2.666883	0.1164322	-0.1131613	2.626502	-0.0480802	-0.1036348	2.619908	0.1324925	-0.5396546	2.678352	-0.03214087	-0.52845	2.647229	

0.2767808	0.4106798	2.673945	-0.2374735	0.388763	2.581414	0.2773829	0.240452	2.630638	-0.2325196	0.2238789	2.558635	0.3054176	0.3620437	2.6475	-0.2752686	0.3024995	2.540429	0.05022012	1.149397	2.617431	0.01338498	1.0241	2.684187	0.01597399	0.9508337	2.68354	0.02384123	0.7252288	2.674184	0.0345018	0.4157346	2.654374	0.1831344	0.9060064	2.720898	-0.1425615	0.9133755	2.661036	0.1019112	0.4061183	2.633243	-0.03355039	0.4151079	2.609769	0.241707	0.6385866	2.740349	-0.2208734	0.642595	2.664268	0.1164621	-0.1131332	2.626466	-0.04799562	-0.103163	2.619669	0.1309089	-0.5423591	2.677779	-0.03187179	-0.5286069	2.647889	

0.2764934	0.4105144	2.672492	-0.2378779	0.3890882	2.579503	0.2724677	0.2435749	2.627148	-0.234645	0.2290853	2.555988	0.2978983	0.2943537	2.625944	-0.2795787	0.3052445	2.543	0.05112859	1.146236	2.61126	0.01411718	1.023381	2.681554	0.01667516	0.9501189	2.681107	0.02443388	0.7245809	2.67235	0.0349342	0.4153225	2.653289	0.1836702	0.9059873	2.718395	-0.1421065	0.9143098	2.658864	0.102104	0.4055802	2.632313	-0.03290779	0.4148527	2.6086	0.2416405	0.6385976	2.739097	-0.2210572	0.6429624	2.662918	0.1163781	-0.1136853	2.625401	-0.04807427	-0.1033331	2.619214	0.1300983	-0.5405118	2.680334	-0.02187423	-0.5297527	2.659072	

0.2760502	0.4105681	2.671874	-0.2384029	0.3905497	2.578804	0.2691522	0.2402082	2.62259	-0.23688	0.2297549	2.559044	0.29402	0.3092807	2.632818	-0.2761505	0.2871954	2.5431	0.05169978	1.141974	2.6037	0.01450531	1.021999	2.679065	0.01698987	0.9488382	2.678932	0.02455817	0.7236264	2.671028	0.03490154	0.4148473	2.652832	0.1837958	0.9058712	2.716174	-0.1417108	0.9141876	2.656942	0.1020375	0.404801	2.631805	-0.03293418	0.4146192	2.608233	0.2413978	0.6390561	2.737538	-0.2213088	0.6434654	2.661897	0.1159413	-0.1144279	2.625564	-0.04809043	-0.103558	2.618928	0.1309393	-0.5400246	2.680009	-0.02944807	-0.5320155	2.648925	

0.2750174	0.405008	2.668924	-0.2382235	0.3907526	2.57824	0.2686604	0.2360357	2.634844	-0.2357862	0.2293658	2.565055	0.2978367	0.2932169	2.634286	-0.276372	0.2971569	2.546726	0.05204963	1.140204	2.601018	0.01501883	1.020936	2.677506	0.01740919	0.9479556	2.677613	0.02473482	0.7232159	2.670356	0.0349024	0.4148275	2.652738	0.1838126	0.9055438	2.714761	-0.1420086	0.9142486	2.65621	0.1024613	0.4047001	2.631457	-0.03327971	0.4146293	2.608177	0.2412608	0.6384354	2.736403	-0.2212407	0.6432706	2.661225	0.1160816	-0.1145262	2.6254	-0.04835859	-0.1035708	2.618656	0.1318354	-0.5397373	2.679429	-0.02940465	-0.5336894	2.647178	

0.2748358	0.4053067	2.6688	-0.2382334	0.3908309	2.578095	0.2702258	0.2370768	2.632788	-0.2360599	0.227903	2.559812	0.3005295	0.3399611	2.65175	-0.2756951	0.2964451	2.54586	0.05223788	1.139482	2.600113	0.01489146	1.020457	2.676592	0.01731731	0.947514	2.67675	0.02472566	0.7229165	2.669702	0.03493654	0.4147677	2.652455	0.1838586	0.9053904	2.713799	-0.141986	0.9142402	2.655218	0.1024107	0.4046851	2.631262	-0.03315876	0.4145261	2.607853	0.2411122	0.6382808	2.735674	-0.2213419	0.6433765	2.660706	0.116045	-0.1145316	2.625371	-0.04860485	-0.1036932	2.618012	0.1319138	-0.5398731	2.679346	-0.03037042	-0.529037	2.650358	

0.27465	0.4055127	2.6687	-0.2382383	0.3903385	2.577578	0.2700446	0.2369205	2.631038	-0.2366107	0.22835	2.566952	0.2975363	0.2865121	2.634546	-0.2766966	0.2970751	2.544841	0.05235749	1.138739	2.598955	0.01483701	1.020008	2.675424	0.01721055	0.9470793	2.675673	0.02447709	0.7225503	2.668917	0.03455332	0.4145748	2.652077	0.1838629	0.9052147	2.713076	-0.1419542	0.9141736	2.654482	0.1024247	0.4044837	2.631137	-0.03450852	0.4144276	2.606992	0.241066	0.6382173	2.735132	-0.2213956	0.6436846	2.660228	0.1161326	-0.1147295	2.625233	-0.04946597	-0.1037957	2.617297	0.1319215	-0.5398932	2.679308	-0.03025848	-0.5283318	2.65094	

0.2747454	0.4037183	2.667661	-0.2382498	0.3903406	2.577662	0.268877	0.2360228	2.625284	-0.2384252	0.2299461	2.563141	0.2945392	0.2903289	2.626851	-0.2765074	0.2975979	2.547523	0.05232976	1.138046	2.598734	0.01494805	1.019556	2.67493	0.01732199	0.9466264	2.675153	0.02457386	0.722129	2.668359	0.03459239	0.4143215	2.651627	0.183961	0.905148	2.71301	-0.1418489	0.9141753	2.653907	0.1023391	0.4041314	2.630704	-0.03432894	0.4142767	2.606602	0.2410372	0.6382416	2.734983	-0.2215311	0.6440676	2.660033	0.1156794	-0.1150767	2.625021	-0.04947072	-0.1039158	2.617177	0.1331805	-0.5383582	2.678214	-0.02997634	-0.525516	2.654375	

0.2748705	0.4046281	2.668204	-0.2384935	0.3903818	2.577515	0.2697622	0.2358401	2.640678	-0.2392033	0.2297149	2.563043	0.2964749	0.287943	2.635176	-0.2823265	0.2856843	2.543334	0.05240026	1.137824	2.598615	0.01489644	1.019336	2.67459	0.01725698	0.9464357	2.67482	0.02446632	0.7220297	2.668059	0.03441587	0.4143685	2.651397	0.183871	0.9050565	2.712945	-0.1420459	0.9140193	2.653405	0.1020823	0.404217	2.630571	-0.03440077	0.414286	2.606322	0.2406388	0.6379763	2.734719	-0.2215996	0.6442121	2.65971	0.1150942	-0.1150739	2.623701	-0.04970345	-0.1039407	2.616497	0.1341211	-0.5378909	2.67819	-0.0218676	-0.5245693	2.658678	

0.2744554	0.403636	2.668694	-0.238295	0.3894087	2.576573	0.2687541	0.2346735	2.638482	-0.2415412	0.227829	2.554986	0.2944429	0.2901556	2.634414	-0.2808026	0.3020478	2.5455	0.05259884	1.137607	2.597958	0.01477793	1.019311	2.673999	0.01716775	0.9464276	2.674339	0.02443796	0.7220575	2.667856	0.03441514	0.4144228	2.651384	0.1837416	0.9047638	2.712852	-0.1424411	0.9138401	2.653181	0.1023274	0.4044096	2.630584	-0.0345732	0.4143351	2.606298	0.2402457	0.6379048	2.734691	-0.2217204	0.6443394	2.659425	0.1145966	-0.1149218	2.623413	-0.05042454	-0.1039928	2.615198	0.133597	-0.5386489	2.677591	-0.02447974	-0.5254069	2.656609	

0.2738443	0.40598	2.670279	-0.2384281	0.3891392	2.57605	0.2701215	0.2404433	2.630308	-0.2383799	0.2242067	2.562407	0.2917644	0.2910767	2.63312	-0.2791174	0.2995266	2.539244	0.05263653	1.137052	2.59776	0.014442	1.018984	2.673415	0.01689379	0.9461548	2.673849	0.02431569	0.7219337	2.667625	0.03440499	0.4144233	2.651374	0.1835645	0.9047766	2.712622	-0.1425712	0.9138274	2.652837	0.1025109	0.4041938	2.630639	-0.03488651	0.4145917	2.606175	0.2398174	0.6381778	2.734662	-0.2219649	0.6446277	2.659107	0.1145862	-0.1151192	2.623813	-0.05042344	-0.1037512	2.615064	0.1331382	-0.5391379	2.677155	-0.02932556	-0.5360897	2.636725	

0.2735685	0.4068636	2.670716	-0.2388708	0.3895325	2.575789	0.265689	0.2410946	2.63213	-0.2367264	0.226964	2.558802	0.2881134	0.2772813	2.629571	-0.2761286	0.2921426	2.542502	0.05266073	1.136913	2.597724	0.01432007	1.018812	2.673252	0.01677083	0.9460056	2.673658	0.02418434	0.7218645	2.667353	0.03425542	0.4145368	2.651043	0.1834001	0.9049647	2.712702	-0.1426425	0.9137971	2.652756	0.1022458	0.4045092	2.630363	-0.03492097	0.4145247	2.605811	0.2390687	0.6383584	2.73463	-0.2220517	0.6446378	2.658923	0.1145494	-0.1147974	2.623644	-0.04975207	-0.1038268	2.614856	0.1332206	-0.539344	2.676621	-0.02437388	-0.5328285	2.65103	

0.2731403	0.4070575	2.670989	-0.2391301	0.3892887	2.575373	0.2665333	0.2403337	2.630393	-0.2380969	0.2282717	2.555487	0.2909417	0.2845766	2.632088	-0.280283	0.2925727	2.547076	0.05261484	1.136641	2.597391	0.01415913	1.018668	2.673244	0.01659829	0.9458242	2.673619	0.02397076	0.7215438	2.667202	0.03400778	0.4140718	2.650782	0.1829631	0.9044361	2.712826	-0.1428592	0.9136995	2.652436	0.1017852	0.4040103	2.629974	-0.03497253	0.4140684	2.605699	0.2383527	0.6386434	2.734847	-0.2222661	0.6446876	2.658712	0.1146853	-0.1152748	2.623267	-0.0500377	-0.1042529	2.614932	0.1334608	-0.5392836	2.676424	-0.02440531	-0.5303582	2.652347	

0.2720265	0.4070092	2.671687	-0.2395811	0.3880005	2.575107	0.2639111	0.2392944	2.628178	-0.2388673	0.2286908	2.562799	0.2924064	0.2850578	2.633113	-0.2823741	0.2867657	2.5535	0.05227499	1.136447	2.597276	0.01350148	1.018426	2.673231	0.01594958	0.9456106	2.67362	0.02334515	0.7214265	2.667268	0.03334201	0.4141359	2.651025	0.1826311	0.9043937	2.712902	-0.1431484	0.9137367	2.652333	0.1002923	0.4043845	2.630356	-0.03514468	0.4139831	2.605882	0.2375285	0.6387727	2.735044	-0.2230555	0.6442356	2.658641	0.1142502	-0.1148846	2.623468	-0.05009245	-0.1043514	2.614985	0.1365027	-0.5368385	2.675222	-0.0176891	-0.5312377	2.661979	

0.2711001	0.4072632	2.672222	-0.2402447	0.3886479	2.575465	0.2662936	0.242656	2.636636	-0.2399038	0.2240813	2.56558	0.2969251	0.344349	2.6618	-0.2802851	0.2995461	2.546811	0.05159223	1.13607	2.596328	0.0125471	1.018128	2.672231	0.01504645	0.9454073	2.672771	0.02257919	0.7214698	2.666817	0.03259261	0.4145154	2.651	0.1821407	0.904246	2.71279	-0.1436836	0.9139023	2.651968	0.09955403	0.404889	2.630484	-0.03574737	0.4141842	2.605786	0.2367247	0.6393892	2.73523	-0.22353	0.6441903	2.65839	0.1144254	-0.1143699	2.623402	-0.04970668	-0.1041808	2.614905	0.1362586	-0.5372233	2.675514	-0.02013304	-0.5325277	2.655618	

0.2698809	0.4073774	2.672093	-0.2405367	0.3884105	2.575914	0.2631784	0.2406945	2.632911	-0.2429986	0.2189328	2.564172	0.2872838	0.3026337	2.640118	-0.2815372	0.2947717	2.549575	0.05112271	1.135665	2.595188	0.01168981	1.017961	2.671045	0.01429116	0.9453231	2.671874	0.02208313	0.7215636	2.66656	0.03209312	0.4149078	2.651336	0.1813159	0.904129	2.712064	-0.1450348	0.9143137	2.651104	0.09951694	0.4055604	2.631025	-0.03689587	0.4143634	2.606083	0.2360725	0.6394746	2.735135	-0.2240697	0.6442546	2.658154	0.1144202	-0.1137355	2.623397	-0.04993683	-0.1040582	2.614861	0.1359154	-0.537721	2.675805	-0.02545237	-0.52947	2.656655	

0.2652243	0.4161399	2.669112	-0.2410407	0.3880235	2.576725	0.2519042	0.2472778	2.626479	-0.2400727	0.2319334	2.570498	0.2773285	0.3181471	2.626105	-0.2807208	0.2938077	2.549049	0.04919424	1.13003	2.578061	0.009477243	1.015948	2.659781	0.01233766	0.943939	2.66397	0.02110495	0.7214015	2.665232	0.03078098	0.4155853	2.653603	0.1799751	0.905422	2.706709	-0.1474859	0.9150771	2.64677	0.09826148	0.4067884	2.633316	-0.03808408	0.4144454	2.608428	0.2337535	0.641988	2.733302	-0.2245047	0.6441615	2.657965	0.1143118	-0.112661	2.622254	-0.05105948	-0.1048768	2.605674	0.1364128	-0.537535	2.675386	-0.02545618	-0.5290451	2.655865	

0.253646	0.387966	2.647697	-0.2429872	0.3624081	2.598254	0.2332439	0.221096	2.584566	-0.233462	0.1971473	2.602361	0.2635371	0.3463418	2.617875	-0.2782613	0.2723958	2.57925	0.04931032	1.05838	2.486128	0.009149784	0.9620345	2.587335	0.009820839	0.8924312	2.603831	0.01231524	0.6803126	2.646943	0.01452343	0.3846723	2.694713	0.177767	0.875046	2.639548	-0.1512322	0.8778177	2.586729	0.09130365	0.3773983	2.667988	-0.06226211	0.3841241	2.654165	0.2320176	0.6138849	2.704607	-0.2371741	0.6201757	2.649367	0.1115205	-0.1381412	2.569762	-0.04649423	-0.1309051	2.549159	0.1359499	-0.5400185	2.673001	-0.02534558	-0.5350465	2.642552	

0.2309911	0.3369491	2.612894	-0.2473438	0.3264069	2.611047	0.2175831	0.1774063	2.561246	-0.2410471	0.1609922	2.612895	0.2480632	0.2125258	2.567667	-0.2778037	0.2287566	2.5885	0.04830899	1.00842	2.450469	0.007763319	0.9155034	2.560222	0.007700392	0.849669	2.583259	0.008375491	0.6501551	2.643322	0.009302221	0.3670256	2.707635	0.1774733	0.842736	2.617249	-0.150535	0.8470066	2.570648	0.08842155	0.3605332	2.681101	-0.0706006	0.3636688	2.669082	0.2287835	0.5690979	2.683964	-0.2379359	0.5667965	2.640768	0.1084654	-0.1403731	2.531691	-0.04331947	-0.13976	2.532632	0.1357204	-0.5405238	2.672688	-0.02566683	-0.534517	2.642594	

0.2204455	0.2533092	2.568048	-0.2385148	0.2675599	2.597325	0.1899786	0.09734663	2.521711	-0.2349241	0.1034629	2.595362	0.2363372	0.1393747	2.5398	-0.2701647	0.1568673	2.5771	0.03921308	0.9553746	2.414862	-0.002318277	0.8610675	2.521413	-0.002034767	0.7946636	2.546544	-0.001165993	0.5901086	2.614381	1.751777E-05	0.3103298	2.697206	0.1702935	0.7816099	2.571556	-0.1579034	0.785787	2.532422	0.08263835	0.3036488	2.670599	-0.08261482	0.30945	2.658096	0.222375	0.5188751	2.646757	-0.2403142	0.5169534	2.621339	0.1095476	-0.1313698	2.4928	-0.03968941	-0.1219254	2.474532	0.1394257	-0.5362009	2.668013	-0.01318098	-0.5351309	2.652476	

0.2280577	0.2939067	2.573169	-0.2393444	0.2578904	2.588297	0.220731	0.1277072	2.510168	-0.2403471	0.09438749	2.567901	0.2457371	0.192931	2.534846	-0.269232	0.1328378	2.557636	0.03809376	0.9537096	2.413074	-0.002310887	0.8604659	2.520574	-0.001952862	0.7939392	2.545632	-0.0007965538	0.5889241	2.613211	0.0009451467	0.3083016	2.695605	0.1690449	0.7771202	2.568291	-0.1590388	0.7825485	2.530211	0.08346573	0.3020228	2.669095	-0.08160193	0.3070191	2.656388	0.2220364	0.5169491	2.644965	-0.2403858	0.5137348	2.619176	0.1107584	-0.1315127	2.487321	-0.03913305	-0.121937	2.473211	0.1591737	-0.5320827	2.64753	-0.03338043	-0.5547225	2.604492	

0.2744483	0.305485	2.513369	-0.2775286	0.259552	2.458603	0.2864789	0.1432768	2.441429	-0.2815216	0.09620158	2.391222	0.2959345	0.1435454	2.446	-0.3083242	0.1110263	2.39625	0.02183104	0.9488085	2.39529	-0.008816969	0.844102	2.490261	-0.005655034	0.7770761	2.514019	0.004649083	0.5699263	2.576338	0.02073991	0.2864158	2.651151	0.1566793	0.7575321	2.522786	-0.1713013	0.7551407	2.502328	0.1021239	0.2863075	2.624006	-0.06117153	0.2794186	2.61253	0.2346432	0.5165582	2.609054	-0.2620371	0.4949041	2.539288	0.1174191	-0.1150583	2.439336	-0.02620459	-0.1173545	2.442156	0.149687	-0.5126312	2.646806	-0.02154606	-0.5265183	2.630262	

0.411353	0.3715513	2.525557	-0.3617239	0.3862127	2.281305	0.4668475	0.2207118	2.477833	-0.358423	0.2521078	2.119837	0.4545062	0.2789514	2.486059	-0.3659438	0.2946267	2.105	0.003735257	0.9552126	2.367151	-0.02145622	0.8481516	2.441241	-0.01544819	0.7817891	2.464647	0.002903339	0.577136	2.527983	0.02766873	0.2970632	2.60401	0.155118	0.772544	2.489315	-0.1816443	0.7563117	2.458807	0.1080138	0.3001774	2.573121	-0.05383684	0.2861563	2.571457	0.3005126	0.5684037	2.584013	-0.3108591	0.5554411	2.439391	0.1271844	-0.09113014	2.363168	-0.0295507	-0.1113972	2.430639	0.1696104	-0.4899171	2.567184	-0.02314578	-0.5187344	2.622423	

0.4898242	0.4779204	2.638639	-0.4551564	0.5243056	2.204394	0.5433608	0.3493743	2.655745	-0.4896569	0.4416202	2.03202	0.5330637	0.3936768	2.648833	-0.4752211	0.4879565	2.031	0.02028816	0.9738951	2.288882	-0.01164539	0.8765068	2.368614	-0.00610115	0.8111274	2.391856	0.0107915	0.6093262	2.454177	0.0337153	0.3327354	2.529783	0.1686998	0.8211052	2.430471	-0.1751196	0.7940747	2.379735	0.1118132	0.3343849	2.501402	-0.04526926	0.3224592	2.492581	0.3557988	0.6597102	2.601284	-0.358629	0.6361336	2.3902	0.1542618	-0.1091029	2.281084	-0.03161942	-0.1001287	2.405051	0.2098795	-0.5248843	2.41615	-0.02321579	-0.4959067	2.61816	

0.4863896	0.5133368	2.688261	-0.4827282	0.5264242	2.216713	0.5242326	0.3976813	2.71508	-0.5322415	0.4419863	2.079602	0.5256253	0.481383	2.68	-0.4922689	0.496359	2.100615	0.03185873	0.9769394	2.263096	-0.005897189	0.8804588	2.345548	-0.000791306	0.8155843	2.370563	0.0149027	0.6150207	2.437654	0.03652797	0.3396579	2.518341	0.1740566	0.8291464	2.416968	-0.1683792	0.8063309	2.361072	0.1147003	0.3394917	2.489465	-0.04256596	0.331151	2.481498	0.3559404	0.6794436	2.606192	-0.369613	0.6461667	2.386932	0.1620481	-0.113041	2.262223	-0.03433362	-0.1008415	2.392984	0.1989443	-0.4642033	2.361597	-0.02791909	-0.4946941	2.609454	

0.3386377	0.5725378	2.713556	-0.4450972	0.4880252	2.465227	0.3220016	0.4772149	2.793505	-0.5035228	0.3652523	2.450716	0.3100546	0.5020231	2.77275	-0.4854056	0.4276567	2.398167	0.09698138	0.842944	2.10506	0.05073032	0.7552071	2.197148	0.05125221	0.6946173	2.224558	0.05263893	0.5073481	2.299238	0.05430249	0.2504639	2.391093	0.214403	0.7464862	2.270355	-0.1107436	0.7333885	2.223598	0.13074	0.2396078	2.359592	-0.02363427	0.2544298	2.356811	0.2840725	0.7194322	2.554813	-0.3421943	0.6848351	2.410026	0.1830308	-0.266853	2.216899	-0.06408626	-0.1159033	2.14443	0.2261264	-0.6885338	2.139904	0.01039042	-0.4998878	2.366035	

0.317188	0.4829018	2.663007	-0.4075817	0.4652841	2.493029	0.2991024	0.4206247	2.722875	-0.4722039	0.3341578	2.494632	0.3319199	0.46429	2.648667	-0.4576875	0.3917887	2.435688	0.1125465	0.7960104	2.083644	0.06312562	0.708007	2.172021	0.06239366	0.646822	2.199662	0.05991137	0.4578343	2.274945	0.05627327	0.1987326	2.367447	0.2219573	0.6934141	2.243252	-0.09494539	0.6902399	2.200389	0.1338217	0.1879082	2.337457	-0.02285166	0.204025	2.331523	0.2854764	0.6601485	2.528458	-0.3139872	0.650598	2.401515	0.1808803	-0.2893232	2.211317	-0.05818297	-0.193611	2.11502	0.2242442	-0.7381934	2.130249	0.000690405	-0.5752833	2.275389	

0.3496046	-0.2549303	2.143978	-0.1905048	-0.2022797	2.15204	0.3934334	-0.411378	2.08173	-0.2516866	-0.3718477	2.166605	0.326445	-0.3268079	2.121889	-0.2246861	-0.2828137	2.091952	0.2017331	0.425581	1.95433	0.1316628	0.3457559	2.062509	0.1238166	0.2785817	2.087017	0.09932566	0.07250823	2.152118	0.06548439	-0.2083515	2.229759	0.285173	0.2262405	2.135551	-0.01996455	0.2836903	2.061566	0.1473032	-0.2159838	2.214731	-0.01832817	-0.1945578	2.178917	0.3159007	-0.02635602	2.180334	-0.1581557	0.02552862	2.159672	0.1870832	-0.4996192	1.931355	0.06629604	-0.478374	1.905981	0.2168806	-0.8305697	1.881864	0.05761527	-0.7992655	1.990457	

0.334948	-0.01395494	1.802472	-0.09031806	0.04204216	1.699766	0.3122428	-0.1036664	1.592775	-0.01128983	-0.01828383	1.491636	0.3096772	-0.09059717	1.7129	-0.003023615	0.04507656	1.5638	0.219595	0.4982202	1.925491	0.1502209	0.419434	2.009147	0.1398482	0.3536666	2.043669	0.1075578	0.1515134	2.138979	0.0630718	-0.1241914	2.257113	0.2930289	0.2977753	2.088424	0.008198688	0.3543959	1.996822	0.1371471	-0.1314076	2.246691	-0.01291108	-0.1133351	2.201498	0.3159106	0.07087766	2.024316	-0.1251016	0.1919916	1.881027	0.1703239	-0.4415135	1.987437	0.02266727	-0.4335724	1.960828	0.1942132	-0.8191885	1.923252	0.03068568	-0.7540084	2.047846	

0.3044046	0.1291763	1.723119	-0.04588344	0.162628	1.634121	0.2871906	0.05863448	1.549308	0.05513065	0.1550255	1.451445	0.2755242	0.0469984	1.55	0.05839758	0.1946395	1.5098	0.2034309	0.5911448	1.93073	0.1334311	0.5001472	2.021637	0.1266235	0.4295109	2.050118	0.1052796	0.2121359	2.12747	0.07567299	-0.08490673	2.221692	0.2832807	0.40044	2.074394	-0.01195671	0.4431327	1.988596	0.1455045	-0.09037961	2.203398	0.002707249	-0.07876794	2.175326	0.3224072	0.1808691	1.990104	-0.1163999	0.2723036	1.833577	0.1603282	-0.4760602	1.981218	0.03370518	-0.411071	1.939686	0.228424	-0.6928284	2.214041	0.0179508	-0.721919	2.052764	

0.3015642	0.1474531	1.722911	-0.04081687	0.1768635	1.628369	0.2643631	0.06866707	1.528898	0.06665451	0.1809708	1.460716	0.2654446	0.1154613	1.577538	0.0626943	0.2178852	1.502125	0.2006556	0.6059	1.933186	0.1306337	0.5127963	2.023545	0.1249707	0.4422566	2.051286	0.1071004	0.2259749	2.126479	0.08343324	-0.06775782	2.217155	0.2830942	0.4021726	2.074569	-0.01266787	0.4468407	1.988976	0.1549776	-0.06921545	2.202299	0.01007448	-0.06266151	2.166157	0.3240025	0.1854044	1.983189	-0.1179487	0.274931	1.831453	0.18411	-0.3910156	1.962843	0.03783489	-0.4033061	1.933266	0.1600099	-0.678189	2.122233	-0.04074088	-0.6693119	2.109304	

0.3041333	0.2033871	1.727596	-0.03091015	0.2076966	1.637696	0.2615968	0.1273752	1.553027	0.07991227	0.1976617	1.502026	0.2525564	0.1062603	1.554727	0.06391758	0.2376162	1.527833	0.1838908	0.6618785	1.954827	0.1193522	0.5620699	2.038881	0.1146934	0.4915766	2.064888	0.1002881	0.2722762	2.134605	0.07998975	-0.0291081	2.219384	0.2770114	0.4485768	2.077958	-0.033811	0.5042276	2.003911	0.1512926	-0.03696739	2.205371	0.006510388	-0.02110001	2.167102	0.3288993	0.2384286	1.975699	-0.1338171	0.2962742	1.843364	0.1839178	-0.3609895	1.97581	0.02211537	-0.3722986	1.951761	0.1840104	-0.697583	1.969646	-0.02772241	-0.6671313	2.091939	

0.3527312	0.1657309	1.725154	-0.07040475	0.1828339	1.715051	0.2557774	0.1011179	1.584091	0.06250605	0.1315971	1.59147	0.2610475	0.153763	1.64	0.04035482	0.1874404	1.619615	0.1672335	0.6873974	1.96875	0.1082632	0.577735	2.052868	0.1056715	0.505874	2.072452	0.09309802	0.290024	2.128017	0.07340982	0.006655123	2.177642	0.2753597	0.4547544	2.080128	-0.05202024	0.5111985	2.018017	0.1481953	-0.0004660726	2.156695	-0.003463015	0.01295709	2.133075	0.3409921	0.2699525	1.93917	-0.1525655	0.2994207	1.905766	0.1885592	-0.3562621	1.996218	-0.03280201	-0.3428328	1.967917	0.1828093	-0.6915275	2.013163	-0.007032345	-0.5677596	2.059326	

0.3299364	0.06391726	1.892807	-0.122932	0.05465522	1.884998	0.3011967	-0.06541636	1.732733	-0.0516953	-0.09230229	1.762291	0.281725	-0.0672691	1.739	-0.03652471	-0.05671624	1.809286	0.1551271	0.6956702	1.97613	0.09766781	0.5820599	2.061487	0.09858096	0.5099782	2.075144	0.09024798	0.2959022	2.112311	0.08754457	0.00419078	2.121711	0.2702318	0.4633949	2.089163	-0.07298328	0.5063708	2.050173	0.1675641	-0.004074388	2.090718	0.004314863	0.01236249	2.089185	0.3136621	0.2323331	2.059011	-0.1503287	0.2500517	2.015298	0.1746524	-0.3814937	2.019037	-0.02562952	-0.3623209	1.999954	0.165467	-0.7142559	2.054574	-0.01372701	-0.6917362	2.054379	

0.3264253	0.002191667	2.007405	-0.1526361	-0.04044177	1.987107	0.3399305	-0.1453654	1.897814	-0.1566855	-0.2020832	1.925217	0.3281546	-0.1485116	1.933286	-0.09280097	-0.119162	1.96365	0.1504523	0.6994759	1.977576	0.09313108	0.5837073	2.061418	0.092834	0.512448	2.072967	0.08502767	0.2978913	2.096251	0.0831494	0.002394116	2.108778	0.2665352	0.475199	2.093405	-0.07466164	0.5032891	2.050875	0.159316	-0.003296171	2.082336	0.005036564	0.006384496	2.064584	0.2957066	0.2158931	2.111836	-0.1444594	0.216007	2.055415	0.1658434	-0.3821579	2.052322	-0.007317084	-0.3721972	2.046238	0.1714046	-0.7081622	2.121306	-0.008770411	-0.699443	2.11076	

0.3529063	0.0325776	2.346017	-0.2944913	0.06898381	2.267151	0.3561943	-0.1207806	2.450675	-0.3283286	-0.06274277	2.379569	0.3890733	-0.04158465	2.395571	-0.287509	-0.03068847	2.337667	0.1451508	0.7072017	1.972557	0.08538575	0.5881891	2.053806	0.08463038	0.5182249	2.061952	0.0814089	0.3040685	2.076812	0.08191904	0.008696231	2.085486	0.261957	0.4881665	2.105237	-0.07740953	0.5039775	2.051322	0.1542327	0.003757658	2.065323	0.007931741	0.01219121	2.039345	0.3018744	0.2291918	2.24858	-0.2039058	0.2579173	2.182263	0.1678459	-0.3744669	2.049074	-0.00954183	-0.3651402	2.046187	0.1719872	-0.6996436	2.121538	-0.02317248	-0.6906151	2.116829	

0.3597442	0.04546984	2.363469	-0.2995939	0.07490669	2.275072	0.3716347	-0.1079625	2.482317	-0.3452843	-0.06231891	2.389059	0.4000031	-0.01936904	2.399364	-0.3093864	-0.03078498	2.348947	0.1439687	0.7106663	1.970842	0.08284049	0.5902134	2.050795	0.08249703	0.5203108	2.05843	0.08086581	0.30576	2.072397	0.08199521	0.01023516	2.080614	0.2607761	0.4906057	2.107285	-0.07910082	0.5047497	2.050842	0.1534102	0.005844088	2.06021	0.008545522	0.01357628	2.034622	0.3021919	0.2322462	2.253084	-0.2063059	0.2589353	2.183679	0.1683825	-0.37217	2.047098	-0.01138785	-0.3623101	2.044022	0.1351568	-0.6905825	2.1372	-0.02477328	-0.6875966	2.115499	

0.3782811	0.04282309	2.349177	-0.3082697	0.04075475	2.245872	0.4059073	-0.1101409	2.446276	-0.3509245	-0.1061119	2.344142	0.4131567	-0.07747264	2.378206	-0.3112417	-0.06683451	2.2919	0.1438573	0.7129846	1.969089	0.08178492	0.5908208	2.048847	0.08159402	0.5209236	2.056144	0.08063058	0.3060943	2.069374	0.08187791	0.0103208	2.077203	0.2600728	0.4910649	2.107543	-0.08075915	0.5051538	2.047711	0.1528545	0.006144213	2.057321	0.00876019	0.01361402	2.030727	0.3029105	0.2315611	2.252385	-0.2096947	0.2553592	2.174667	0.1684343	-0.3718229	2.044696	-0.01225382	-0.3621478	2.040738	0.2043815	-0.6962487	2.112177	-0.02442324	-0.687161	2.113429	

0.3611293	-0.001606266	2.048373	-0.161206	-0.02666194	1.924597	0.3886997	-0.1622532	1.977704	-0.1506505	-0.18819	1.860558	0.3954107	-0.08462325	1.969455	-0.111708	-0.09736316	1.906643	0.1376479	0.723115	1.974838	0.07613298	0.5957436	2.047178	0.07651135	0.5248802	2.053505	0.07639113	0.3075884	2.063798	0.07624556	0.007865017	2.064695	0.2579859	0.4902898	2.107087	-0.08682311	0.5004618	2.037461	0.1461299	0.004565666	2.046672	0.004182649	0.01055715	2.016191	0.3033208	0.2054354	2.145053	-0.1734907	0.2315276	2.039725	0.16898	-0.3726736	2.038141	-0.01291224	-0.3647544	2.030699	0.1394494	-0.6965523	2.111126	-0.0299778	-0.6885048	2.10713	

0.2871115	0.1186716	1.895259	-0.09581976	0.1285309	1.829897	0.2255514	0.02284562	1.758738	0.02963428	0.04063236	1.710796	0.260302	0.0222221	1.768625	0.01428566	0.09478453	1.705233	0.1110972	0.7532636	1.991407	0.05575958	0.6115847	2.045237	0.05923295	0.5388685	2.047443	0.06534268	0.3181516	2.045191	0.07339459	0.01615072	2.020255	0.2445016	0.4946401	2.096903	-0.1041656	0.5006294	2.01637	0.1400549	0.01280553	2.011354	0.004993571	0.01843128	1.964362	0.2746769	0.2543488	2.090321	-0.1806136	0.2771227	1.994688	0.1695298	-0.3636245	1.997784	-0.0125438	-0.358102	1.992395	0.1744166	-0.680223	2.097805	-0.05911356	-0.6777552	2.073193	

0.2859786	0.1069015	1.904231	-0.09506438	0.117367	1.830852	0.2321016	-0.004892905	1.773558	0.02318628	0.01118894	1.72347	0.265725	0.00434146	1.776625	0.01568347	0.09466147	1.8524	0.1107813	0.7536982	1.991457	0.05363555	0.6132215	2.044362	0.05707173	0.5407152	2.045995	0.06455406	0.3194233	2.042506	0.07390665	0.01621956	2.019761	0.241793	0.495431	2.095052	-0.1051442	0.5006406	2.014971	0.1412438	0.01342939	2.009126	0.005132266	0.01837402	1.964368	0.2746425	0.254303	2.090411	-0.1800984	0.275645	1.995221	0.1690055	-0.3621576	1.996376	-0.01272041	-0.3586859	1.991567	0.1308828	-0.6722615	2.107903	-0.02961761	-0.6788675	2.080064	

0.3145163	-0.04039376	2.0504	-0.1898112	-0.05337667	1.950933	0.3311974	-0.2072623	2.038657	-0.1979926	-0.2245268	1.947338	0.349118	-0.1103019	2.033818	-0.1443335	-0.1420049	1.9192	0.1080448	0.7535385	1.987781	0.04940351	0.6120808	2.038964	0.05268769	0.5393977	2.040029	0.06111855	0.3166307	2.035322	0.07270002	0.01209013	2.016227	0.2334749	0.4904576	2.083647	-0.1091135	0.4969238	2.010928	0.1400973	0.008877992	2.002869	0.003555133	0.01453598	1.962692	0.2744466	0.214341	2.097383	-0.1771405	0.2131144	2.002631	0.1669816	-0.3659258	1.988499	-0.01388706	-0.3674865	1.985687	0.1721808	-0.6809916	2.092602	-0.02914049	-0.6847671	2.082821	

0.3417367	-0.0229612	2.146087	-0.2664465	-0.03635884	2.032888	0.3630707	-0.1907294	2.202216	-0.3090839	-0.1947227	2.10048	0.3819636	-0.1132377	2.162941	-0.2574434	-0.1400297	2.050364	0.1055578	0.7537644	1.983605	0.04752149	0.612399	2.035164	0.05094156	0.5398865	2.035985	0.06029884	0.3172115	2.030662	0.07308098	0.01219019	2.012958	0.2325743	0.4904307	2.082759	-0.1103708	0.496547	2.009568	0.1410915	0.009513567	1.998234	0.003357264	0.01435511	1.960788	0.2781463	0.2130002	2.120857	-0.2045192	0.211236	2.034865	0.1657061	-0.3647052	1.982913	-0.01543427	-0.3695621	1.984748	0.173059	-0.6777863	2.092038	0.01207942	-0.6855882	2.083105	

0.3697305	-0.01371854	2.212467	-0.328256	-0.02068555	2.095314	0.3876054	-0.1800295	2.274712	-0.3576253	-0.1865457	2.147179	0.4158293	-0.1225656	2.223917	-0.3169121	-0.1203937	2.102118	0.103213	0.7534437	1.977675	0.04568784	0.6121796	2.030283	0.04923171	0.5399064	2.031236	0.05923416	0.3175976	2.026363	0.07277672	0.01260751	2.010233	0.2320014	0.4908098	2.082418	-0.1108507	0.4970994	2.009349	0.1410775	0.01041531	1.994694	0.002720625	0.01440556	1.958971	0.2874148	0.2108535	2.170478	-0.2437223	0.2237634	2.078706	0.1639187	-0.3630803	1.980095	-0.0162071	-0.3683867	1.982457	0.1723598	-0.675001	2.092062	-0.02312322	-0.686244	2.078761	

0.3709566	-0.01561757	2.208236	-0.3280036	-0.02292087	2.092776	0.3975053	-0.1832397	2.262021	-0.3519353	-0.1911153	2.129807	0.4250757	-0.12884	2.209762	-0.3159244	-0.1224038	2.08376	0.1024694	0.7531604	1.97643	0.04502903	0.6121097	2.029527	0.04853376	0.5399569	2.030421	0.05851907	0.3179559	2.025371	0.07208573	0.01328872	2.009253	0.2310358	0.4916215	2.082982	-0.1111717	0.4975135	2.009388	0.1405149	0.01110873	1.993706	0.001804904	0.01504758	1.95811	0.2873958	0.2108049	2.170168	-0.2437407	0.223641	2.078706	0.1621402	-0.3617424	1.977836	-0.0175095	-0.367194	1.981743	0.1666847	-0.6727	2.092402	-0.02106906	-0.6842476	2.0805	

0.3512049	-0.04010864	2.083553	-0.2559046	-0.04660944	1.984063	0.3763982	-0.2095314	2.095789	-0.2742492	-0.2143532	1.999551	0.3887238	-0.139206	2.049406	-0.229918	-0.14912	1.97388	0.1011086	0.7524181	1.978339	0.04346751	0.6115019	2.030778	0.04701512	0.5393355	2.031647	0.05725436	0.3171994	2.026506	0.07098336	0.01213629	2.010594	0.2280556	0.4886514	2.083266	-0.1129607	0.4966704	2.010272	0.1396661	0.01022479	1.994955	0.0002370949	0.01353908	1.959767	0.2738837	0.2016329	2.121669	-0.2124398	0.2141761	2.031882	0.161205	-0.361813	1.978675	-0.01769429	-0.3669896	1.981812	0.1273272	-0.6661185	2.104617	-0.02132167	-0.6844088	2.079547	

0.3445323	-0.03656459	2.065036	-0.2425474	-0.0401612	1.969669	0.36484	-0.2012314	2.040576	-0.2417269	-0.2106715	1.957837	0.3729067	-0.1312549	2.004778	-0.2007059	-0.1516877	1.947693	0.09995168	0.7524978	1.981471	0.04180266	0.6112666	2.03349	0.04521868	0.5389858	2.034411	0.05515886	0.3163567	2.029428	0.06832591	0.01035481	2.014087	0.2260933	0.4866013	2.084395	-0.1146886	0.4954995	2.011684	0.1371179	0.008538842	1.998474	-0.00261094	0.01170834	1.963425	0.27372	0.2020304	2.120888	-0.2107134	0.2148828	2.031309	0.1595739	-0.3626129	1.981613	-0.01785593	-0.3670117	1.982487	0.1600963	-0.6709102	2.102482	-0.0216468	-0.6838256	2.081906	

0.3040552	0.02289052	1.959576	-0.1582916	-0.001117039	1.873817	0.296955	-0.1201745	1.852183	-0.103338	-0.1527769	1.802691	0.3261589	-0.08453722	1.866667	-0.09335832	-0.06080426	1.851437	0.09657511	0.7531196	1.99316	0.03811101	0.6109302	2.042004	0.04221711	0.538519	2.041976	0.05397553	0.3155146	2.034552	0.06879367	0.009183075	2.017125	0.2231193	0.4854065	2.089741	-0.1166417	0.4946988	2.014956	0.1376443	0.007961159	2.000816	-0.002290578	0.009857325	1.967357	0.2716592	0.2109372	2.111251	-0.1981476	0.2338768	2.020695	0.157417	-0.3622767	1.988366	-0.01896598	-0.3693665	1.986911	0.1934957	-0.6702783	2.104756	-0.021148	-0.6858791	2.087152	

0.3013879	0.0354349	1.955546	-0.1535739	0.007460061	1.867199	0.2874849	-0.09865496	1.829295	-0.08207525	-0.1332396	1.781041	0.3149122	-0.0761404	1.8386	-0.07886007	-0.043929	1.8205	0.09555858	0.753776	1.997799	0.03658968	0.6112568	2.046847	0.04118648	0.5387187	2.046392	0.05431972	0.3153273	2.037785	0.07106765	0.008450443	2.019426	0.2219308	0.4842933	2.092869	-0.1179511	0.4942611	2.01744	0.1406046	0.007735277	2.003636	-0.0006601828	0.008793891	1.969222	0.2702755	0.2157311	2.108876	-0.1951734	0.2390959	2.019133	0.1564903	-0.3619413	1.991334	-0.01963908	-0.3693207	1.988791	0.1977429	-0.6707837	2.104151	-0.02505562	-0.688628	2.08092	

0.2954267	0.06008561	1.940144	-0.1374496	0.05279398	1.845505	0.2624683	-0.06432848	1.799515	-0.05827839	-0.07957543	1.747048	0.2934015	-0.008341424	1.804962	-0.05609155	-0.0008335483	1.788571	0.09311347	0.7541344	2.009169	0.03481115	0.6108996	2.05514	0.03995552	0.5384237	2.054502	0.05495187	0.3151101	2.045171	0.07443769	0.0082634	2.025542	0.2200748	0.4841018	2.103029	-0.1201351	0.494633	2.023415	0.144486	0.008657007	2.011292	0.002096111	0.007756133	1.97398	0.2674668	0.2232192	2.110072	-0.1944887	0.2428732	2.016811	0.1561084	-0.3615169	1.999902	-0.02149949	-0.3683804	1.994461	0.1735581	-0.6739433	2.109624	-0.03311961	-0.6828062	2.099746	

0.2947747	0.0607953	1.941541	-0.1374336	0.05194534	1.845378	0.2660559	-0.06624582	1.808292	-0.05731298	-0.08178253	1.748996	0.2954925	-0.0142571	1.813087	-0.05700063	-0.007030225	1.786536	0.09249751	0.7539695	2.012473	0.03419512	0.6108969	2.058012	0.03950449	0.5383871	2.057452	0.05516644	0.3149296	2.048268	0.07581358	0.007857372	2.028498	0.2192539	0.4836632	2.106138	-0.1209398	0.4944075	2.025483	0.1458577	0.008890028	2.014004	0.003391668	0.006625189	1.977143	0.2667904	0.2249744	2.110421	-0.1936044	0.2445593	2.015664	0.156108	-0.3610722	2.001953	-0.02194835	-0.3685129	1.996041	0.1313736	-0.6681674	2.123563	-0.03297659	-0.6840115	2.098536	

0.2929485	0.04495074	1.960953	-0.1407042	0.03240469	1.855157	0.2785839	-0.09228583	1.842022	-0.07045866	-0.1139622	1.773516	0.306587	-0.07864007	1.8585	-0.07506356	-0.02994068	1.816765	0.09162891	0.7536949	2.015898	0.03359551	0.6110184	2.061389	0.03901174	0.5384395	2.061007	0.05515289	0.3147252	2.052279	0.07669348	0.007266387	2.032745	0.218407	0.4835806	2.109622	-0.1220037	0.4940435	2.028839	0.1468174	0.008499528	2.017957	0.004101279	0.005836915	1.981539	0.267006	0.2251998	2.112167	-0.1930346	0.2452423	2.016326	0.1550113	-0.3597312	2.005599	-0.02201537	-0.3687124	1.998936	0.1265741	-0.6702242	2.11859	-0.03461988	-0.6864545	2.095042	

0.2985528	0.0162847	2.006472	-0.1603725	-0.00595687	1.892371	0.294966	-0.1358805	1.910583	-0.1039639	-0.1579778	1.820072	0.3209542	-0.07473706	1.9265	-0.09535833	-0.06747164	1.859709	0.09141487	0.7541238	2.017571	0.03325907	0.6108913	2.063235	0.03852628	0.5382639	2.063234	0.05417029	0.3143541	2.055771	0.07497198	0.006574131	2.03797	0.2180811	0.483312	2.113262	-0.1223291	0.4936583	2.030623	0.1447443	0.007498631	2.023107	0.00275852	0.005457676	1.9868	0.2667571	0.222919	2.116262	-0.1920686	0.2440466	2.018581	0.1549975	-0.3605148	2.010207	-0.02192077	-0.3694209	2.00192	0.1368287	-0.6731064	2.119777	-0.03296936	-0.6870766	2.098421	

0.3077992	-0.03056719	2.089483	-0.1986833	-0.04698674	1.962645	0.3151467	-0.198256	2.060505	-0.1864716	-0.2132821	1.939479	0.3411306	-0.1118238	2.058928	-0.1502423	-0.1259064	1.925793	0.09137844	0.7542121	2.018052	0.03316848	0.6107726	2.063906	0.03809484	0.5380769	2.064494	0.05169366	0.3138805	2.059881	0.06757256	0.005635782	2.047925	0.2174252	0.4835363	2.114638	-0.1237482	0.4938986	2.034427	0.1360258	0.005057881	2.033222	-0.003291287	0.00592325	1.996686	0.2644278	0.2145104	2.139163	-0.1955617	0.2268119	2.036154	0.1540872	-0.3614946	2.014525	-0.02402905	-0.3782625	2.01299	0.1408656	-0.673022	2.127269	-0.02866399	-0.6991776	2.099997	

0.3192059	-0.01964225	2.216447	-0.2683568	-0.05293757	2.079765	0.333897	-0.1890975	2.267918	-0.2873464	-0.217874	2.127417	0.3574686	-0.1123873	2.223727	-0.2445219	-0.144066	2.083305	0.09158654	0.7542034	2.018018	0.03320917	0.6107768	2.063944	0.03814583	0.5381233	2.064688	0.05181474	0.3142848	2.061016	0.06835306	0.006927792	2.050394	0.2164595	0.48667	2.120628	-0.1247777	0.4945961	2.038756	0.136836	0.006381893	2.036231	-0.002530133	0.007157152	1.998627	0.2648197	0.2206005	2.199812	-0.2235534	0.2017404	2.090199	0.1551288	-0.3615021	2.017567	-0.02450136	-0.3779089	2.014948	0.1407062	-0.6741471	2.127428	-0.0324111	-0.6984586	2.102902	

