-0.29343	-0.1056668	3.296656	-0.567763	-0.1365212	2.823702	-0.2837225	-0.2114417	3.309002	-0.5368642	-0.2751198	2.882471	-0.2950721	-0.1507897	3.2475	-0.492128	-0.134844	2.885094	-0.4761752	0.6836342	3.014715	-0.5207866	0.5487484	2.999891	-0.5102134	0.4652097	3.018048	-0.4761386	0.2091539	3.062185	-0.4279255	-0.1399553	3.110232	-0.4294704	0.45611	3.119076	-0.6242163	0.4188033	2.891737	-0.3777949	-0.1293949	3.110725	-0.4666103	-0.1467678	3.026265	-0.358528	0.1853219	3.234169	-0.6527276	0.1109959	2.850607	-0.4149369	-0.5970922	3.297656	-0.5574102	-0.6046062	3.088112	-0.4218759	-0.9302018	3.402671	-0.5541472	-0.9718585	3.167685	

-0.293674	-0.1061916	3.29642	-0.5711243	-0.1388175	2.825496	-0.285234	-0.2041339	3.326481	-0.5506564	-0.2651658	2.881776	-0.2931601	-0.1745222	3.283125	-0.496246	-0.1362201	2.883995	-0.4775121	0.6837091	3.013751	-0.5229011	0.5484233	2.999005	-0.5120969	0.4650683	3.017172	-0.4774745	0.2094749	3.061323	-0.42882	-0.1390428	3.109281	-0.4295164	0.4561818	3.119134	-0.6257806	0.4181033	2.891326	-0.3785847	-0.1283577	3.10999	-0.4676186	-0.1459944	3.025132	-0.3577998	0.1831246	3.245354	-0.6535752	0.1110274	2.850835	-0.4152568	-0.5966855	3.297618	-0.5578498	-0.602277	3.087208	-0.4209218	-0.9319953	3.402243	-0.5568008	-0.9575465	3.167699	

-0.2937995	-0.1072778	3.297452	-0.5775356	-0.1401267	2.829518	-0.2905061	-0.2195626	3.317555	-0.5521023	-0.2650501	2.880616	-0.2995768	-0.1566761	3.271545	-0.4985444	-0.1394056	2.887958	-0.4803914	0.6829775	3.012628	-0.5252786	0.5478227	2.998688	-0.5144188	0.4646462	3.016733	-0.4796612	0.2095902	3.060542	-0.4309357	-0.1381539	3.108018	-0.4301318	0.4572331	3.120593	-0.6262803	0.4178808	2.891305	-0.3811126	-0.126997	3.108325	-0.4693194	-0.1455128	3.024287	-0.3573672	0.1815358	3.253505	-0.6572574	0.1118147	2.853715	-0.4156885	-0.5964915	3.298865	-0.5579838	-0.6022204	3.087356	-0.4208921	-0.931999	3.402577	-0.5559633	-0.9568018	3.167666	

-0.297766	-0.100947	3.288608	-0.582189	-0.141413	2.832327	-0.2936451	-0.2258475	3.293504	-0.5520531	-0.2722774	2.893972	-0.3042322	-0.2406818	3.176333	-0.5061281	-0.1363464	2.8846	-0.4828007	0.6833881	3.010979	-0.5265006	0.5472412	2.99856	-0.5159457	0.4638418	3.016606	-0.4822253	0.2079583	3.060436	-0.4351028	-0.1412811	3.108025	-0.4301458	0.457267	3.120549	-0.6302553	0.4167099	2.891962	-0.3839284	-0.1294337	3.108146	-0.4749651	-0.1493695	3.024577	-0.3574483	0.1811263	3.253529	-0.6599563	0.1116696	2.855366	-0.4165482	-0.5964225	3.299958	-0.5582283	-0.6022153	3.087277	-0.4204944	-0.9328169	3.402588	-0.5562336	-0.9577352	3.168642	

-0.2989023	-0.09902021	3.287312	-0.590789	-0.1429645	2.835934	-0.2920904	-0.2207578	3.335551	-0.5527332	-0.2737108	2.896888	-0.3056069	-0.1408609	3.2644	-0.5067319	-0.1333611	2.885964	-0.4868777	0.6823281	3.009343	-0.5285943	0.546369	2.999209	-0.5178303	0.4632986	3.017064	-0.4836222	0.2082196	3.060469	-0.436341	-0.1397518	3.107568	-0.4305496	0.4579945	3.121526	-0.6335253	0.4152748	2.891835	-0.3851932	-0.1275717	3.10778	-0.4760754	-0.1481888	3.024089	-0.3571434	0.1770305	3.256685	-0.6635813	0.1121354	2.858739	-0.4175444	-0.5969095	3.301322	-0.5595205	-0.5985833	3.086382	-0.4211228	-0.9325306	3.403083	-0.557398	-0.9543422	3.169425	

-0.3003387	-0.09600355	3.28137	-0.594464	-0.1407139	2.836452	-0.2858626	-0.2194904	3.316301	-0.5601059	-0.2727475	2.892713	-0.3063948	-0.1492966	3.2538	-0.5082226	-0.1363188	2.888909	-0.4932237	0.6791742	3.007166	-0.5317241	0.5450408	2.999333	-0.5212448	0.4617743	3.017263	-0.4876573	0.2062553	3.06087	-0.4406301	-0.1421559	3.108241	-0.4307927	0.4577264	3.121467	-0.6372108	0.4136592	2.892301	-0.3885211	-0.1297527	3.10824	-0.4811996	-0.1507271	3.025024	-0.3571839	0.1769347	3.256627	-0.6685258	0.1141263	2.860533	-0.4186368	-0.5964689	3.301639	-0.5618663	-0.594879	3.085114	-0.421119	-0.9325244	3.403071	-0.5584056	-0.9527327	3.169845	

-0.3006067	-0.09647256	3.274888	-0.5968521	-0.139675	2.836153	-0.2843797	-0.2156052	3.30659	-0.5628349	-0.2730706	2.894188	-0.3077857	-0.1770963	3.200572	-0.5062196	-0.1370697	2.887264	-0.4963394	0.6773589	3.00595	-0.5344428	0.5442603	2.998964	-0.5238623	0.4608768	3.017059	-0.4899312	0.2050929	3.061101	-0.4424214	-0.1436808	3.10902	-0.4310781	0.4576567	3.121581	-0.6414527	0.4127377	2.893232	-0.3898736	-0.1311992	3.109103	-0.4833762	-0.1522966	3.025696	-0.3591053	0.1761929	3.247934	-0.6712675	0.1147569	2.861403	-0.4196692	-0.5964826	3.302589	-0.5625513	-0.5961246	3.085615	-0.4209704	-0.9325052	3.403049	-0.5586872	-0.9541278	3.170137	

-0.2997087	-0.0967188	3.272112	-0.5978928	-0.1390412	2.836074	-0.2766891	-0.23536	3.315555	-0.563323	-0.2740231	2.892423	-0.3089373	-0.180319	3.197187	-0.5046813	-0.136057	2.886818	-0.4980953	0.6765309	3.005112	-0.5366737	0.5437176	2.998295	-0.5260643	0.4602041	3.016535	-0.4920237	0.2040725	3.06098	-0.4443167	-0.1451997	3.109437	-0.4314546	0.4573672	3.121324	-0.6439539	0.412135	2.893303	-0.3912621	-0.1326572	3.109201	-0.4857667	-0.153842	3.026476	-0.3590208	0.1737418	3.249287	-0.6730088	0.1150647	2.861933	-0.4203639	-0.5960515	3.302458	-0.5627996	-0.5963477	3.08584	-0.4207418	-0.9323874	3.403369	-0.5590777	-0.9561711	3.170846	

-0.2987154	-0.09709749	3.26965	-0.6011011	-0.1388419	2.836826	-0.2651092	-0.2339155	3.308743	-0.5622815	-0.2735161	2.887053	-0.3122558	-0.1756108	3.177091	-0.515508	-0.1356191	2.886563	-0.5000259	0.6751943	3.004182	-0.5394343	0.543012	2.997722	-0.5285952	0.4594024	3.01616	-0.4939184	0.2030556	3.061103	-0.4455272	-0.1465164	3.11012	-0.4321609	0.4574541	3.121295	-0.646065	0.4116494	2.89377	-0.3921159	-0.133719	3.109443	-0.4873204	-0.1554185	3.027691	-0.3617119	0.1762079	3.24131	-0.6744686	0.1153569	2.86233	-0.4220245	-0.5947811	3.301424	-0.5637924	-0.5952545	3.085203	-0.4208392	-0.9324434	3.403603	-0.5581838	-0.9548934	3.170287	

-0.2980411	-0.09811413	3.265541	-0.6033408	-0.1390227	2.836747	-0.2578499	-0.2370548	3.30707	-0.5647987	-0.2740537	2.89277	-0.3067603	-0.1546676	3.231125	-0.5143649	-0.1351368	2.886619	-0.5017175	0.6738325	3.003492	-0.5409945	0.5424976	2.997014	-0.5300643	0.4589603	3.0156	-0.4950691	0.2028217	3.060931	-0.4462405	-0.146536	3.110318	-0.4351532	0.4519977	3.111881	-0.6476674	0.4114993	2.893736	-0.3926305	-0.1344303	3.109582	-0.4887151	-0.1544832	3.028035	-0.3617747	0.1761216	3.241477	-0.6758864	0.1150896	2.862314	-0.4230984	-0.5945349	3.301443	-0.5640199	-0.5953968	3.085135	-0.4208282	-0.9324251	3.403637	-0.5581075	-0.9539834	3.170211	

-0.297116	-0.09885023	3.260426	-0.6040621	-0.1380394	2.836485	-0.2622816	-0.2369539	3.30582	-0.5701306	-0.2759477	2.892051	-0.3044721	-0.1723065	3.2336	-0.5132315	-0.1376477	2.887242	-0.5045413	0.6720989	3.002289	-0.5422695	0.5417553	2.996474	-0.5313551	0.4582557	3.015065	-0.4963235	0.2022681	3.060441	-0.4472374	-0.1468436	3.109962	-0.4345782	0.4460934	3.112337	-0.6492822	0.411057	2.893703	-0.3935073	-0.1356995	3.109113	-0.4900196	-0.1540187	3.027598	-0.3630593	0.1786907	3.239555	-0.6770131	0.1153198	2.862301	-0.4245549	-0.5937294	3.301101	-0.565	-0.5964473	3.08497	-0.4205763	-0.9323337	3.403712	-0.558185	-0.9552635	3.170436	

-0.2967119	-0.1001691	3.254799	-0.6063083	-0.1377559	2.83709	-0.2641581	-0.2374372	3.291652	-0.566299	-0.2751885	2.890888	-0.312772	-0.14518	3.20725	-0.5136876	-0.1362727	2.888546	-0.5072014	0.6701915	3.001409	-0.5438271	0.5405833	2.996353	-0.5328247	0.4572604	3.015117	-0.4975985	0.2017108	3.060959	-0.4484386	-0.1468945	3.111262	-0.4348493	0.4460615	3.112252	-0.6505114	0.4107407	2.893675	-0.3948628	-0.1364255	3.110667	-0.4909157	-0.1535183	3.028693	-0.3651472	0.1839197	3.234394	-0.6787959	0.1149517	2.862654	-0.4253829	-0.5932314	3.301157	-0.5659132	-0.5951794	3.08408	-0.4205003	-0.9321177	3.403463	-0.5585658	-0.9545792	3.170851	

-0.2985417	-0.1018337	3.247415	-0.6081138	-0.1370655	2.837459	-0.273021	-0.232238	3.271567	-0.5707233	-0.2762317	2.895052	-0.3017483	-0.2077446	3.274833	-0.5158384	-0.1404403	2.888766	-0.508708	0.6694538	3.00033	-0.5452296	0.5403617	2.996271	-0.5343314	0.4569456	3.015	-0.4993589	0.2011211	3.060753	-0.450316	-0.1478226	3.110937	-0.4346069	0.4422111	3.111433	-0.6520042	0.410316	2.893651	-0.3961	-0.1377465	3.110456	-0.4933231	-0.1539549	3.028201	-0.3660471	0.1859404	3.233924	-0.6795342	0.1150945	2.8626	-0.4258353	-0.5932725	3.301649	-0.5669993	-0.5968741	3.084483	-0.42032	-0.9315081	3.403595	-0.5581778	-0.9581167	3.170524	

-0.2990588	-0.1012811	3.245521	-0.6094702	-0.136533	2.838152	-0.2829851	-0.2353077	3.283146	-0.5705065	-0.2761241	2.893927	-0.3090486	-0.1921885	3.20325	-0.522915	-0.1409223	2.889816	-0.5111433	0.6684333	2.99904	-0.5470426	0.5400528	2.996562	-0.5361496	0.4566711	3.015268	-0.5011243	0.2009881	3.060973	-0.4518549	-0.1477392	3.111099	-0.4376909	0.4447019	3.111362	-0.6528596	0.4101839	2.893635	-0.3976502	-0.1380718	3.110996	-0.4947233	-0.1534856	3.028	-0.3668988	0.186256	3.23302	-0.6804699	0.1150824	2.862814	-0.4273772	-0.5934283	3.302759	-0.5675701	-0.5968471	3.084908	-0.4209473	-0.9311735	3.403714	-0.5590687	-0.9594551	3.171076	

-0.299593	-0.1010877	3.242864	-0.6104682	-0.1372331	2.838984	-0.278045	-0.2259423	3.277817	-0.5672759	-0.2756595	2.895889	-0.3141203	-0.1646547	3.210125	-0.5309538	-0.1377938	2.88848	-0.5139357	0.6683176	2.998277	-0.5479479	0.5398747	2.996725	-0.5371353	0.4565412	3.015427	-0.5023605	0.2010513	3.061129	-0.4534187	-0.1473136	3.111256	-0.4433475	0.4512681	3.112073	-0.654483	0.4094602	2.89361	-0.3992691	-0.1377108	3.111074	-0.4959725	-0.1530387	3.028208	-0.3674607	0.1847831	3.231652	-0.6813963	0.11403	2.863382	-0.4281756	-0.5933703	3.303825	-0.5688215	-0.5981052	3.085927	-0.4208269	-0.9312894	3.403764	-0.5591786	-0.9618645	3.171613	

-0.3005812	-0.1008475	3.242439	-0.6109552	-0.1373781	2.839599	-0.28043	-0.2179668	3.270653	-0.5678694	-0.2823766	2.897053	-0.3181636	-0.1486546	3.202471	-0.5310358	-0.1377981	2.88888	-0.5161307	0.666411	2.997714	-0.5496538	0.5391739	2.996176	-0.538818	0.4557353	3.014982	-0.503973	0.1999309	3.061007	-0.4549392	-0.1489265	3.111589	-0.4432787	0.4365623	3.099441	-0.6556583	0.4087737	2.893273	-0.4001725	-0.1398133	3.111125	-0.4981283	-0.1542209	3.028858	-0.3686907	0.1828828	3.229917	-0.6824142	0.1132719	2.863505	-0.4304754	-0.5886215	3.303083	-0.5704619	-0.5986885	3.086715	-0.4210154	-0.9312809	3.403973	-0.5608445	-0.9639364	3.173034	

-0.3083227	-0.09348871	3.238482	-0.610622	-0.1383692	2.839346	-0.295853	-0.2242983	3.275978	-0.5684549	-0.2795595	2.89522	-0.3240872	-0.1400784	3.199667	-0.5292965	-0.1376577	2.885674	-0.5171672	0.6663777	2.996761	-0.552121	0.5383801	2.995183	-0.5410723	0.4549984	3.014139	-0.5055874	0.1993811	3.060573	-0.4557889	-0.1492344	3.111534	-0.4473598	0.4403127	3.099439	-0.6570166	0.4079028	2.892172	-0.401275	-0.14043	3.110997	-0.4986459	-0.1542735	3.028847	-0.3729968	0.182679	3.216685	-0.6832059	0.1114881	2.862849	-0.4315001	-0.5899345	3.304353	-0.571547	-0.5997036	3.08694	-0.4210985	-0.9311991	3.403905	-0.5610591	-0.964372	3.173083	

-0.3108638	-0.09189484	3.241106	-0.6105479	-0.1381829	2.839091	-0.2900812	-0.2154726	3.278318	-0.5664027	-0.2743451	2.895837	-0.3177889	-0.1518853	3.219375	-0.5285851	-0.1348817	2.884712	-0.5199898	0.6625364	2.996224	-0.5529327	0.5377151	2.995002	-0.5419503	0.4542232	3.013913	-0.5066327	0.1982586	3.060214	-0.4569412	-0.1508301	3.111005	-0.4485826	0.4401724	3.096492	-0.6573703	0.4072797	2.891562	-0.4023777	-0.1426352	3.110123	-0.4996683	-0.1552669	3.028588	-0.3733883	0.1826185	3.216248	-0.6834652	0.1111662	2.862597	-0.4324953	-0.5919493	3.305974	-0.5720294	-0.599899	3.086856	-0.4276969	-0.9407991	3.410248	-0.5646093	-0.9618662	3.174394	

-0.31552	-0.09077139	3.257627	-0.6094064	-0.1385485	2.838638	-0.3041402	-0.221022	3.3106	-0.559293	-0.2743263	2.886288	-0.3212661	-0.1545587	3.247286	-0.523778	-0.1379525	2.887418	-0.5212718	0.6631899	2.995049	-0.5547523	0.5373357	2.994406	-0.5435045	0.4538431	3.013559	-0.5075721	0.1978944	3.060404	-0.4574662	-0.151273	3.111874	-0.4523289	0.4439829	3.098116	-0.6581017	0.4065163	2.890966	-0.4036021	-0.1434793	3.111014	-0.4996746	-0.1554171	3.029546	-0.3776527	0.1908698	3.206211	-0.6836223	0.109863	2.86186	-0.4327318	-0.5926976	3.306425	-0.5719818	-0.5974164	3.084665	-0.4284219	-0.9453805	3.412143	-0.5658131	-0.9610076	3.174938	

-0.3169419	-0.0893583	3.262815	-0.6075715	-0.1405783	2.837865	-0.3089233	-0.2265854	3.321969	-0.5597373	-0.280482	2.890898	-0.3228787	-0.1362205	3.2402	-0.5237201	-0.1374754	2.887127	-0.5220193	0.6634535	2.994655	-0.5558253	0.5369433	2.994031	-0.5445414	0.4534648	3.013143	-0.508413	0.197584	3.059935	-0.4579358	-0.1514527	3.111422	-0.455478	0.4474945	3.100426	-0.6585518	0.4062434	2.8906	-0.4044449	-0.1438768	3.110334	-0.499824	-0.1554199	3.029268	-0.3795388	0.1819238	3.245111	-0.6841424	0.1073025	2.861036	-0.4333826	-0.594707	3.307472	-0.5722638	-0.5985247	3.084285	-0.4284947	-0.9456315	3.411467	-0.5653331	-0.9631683	3.175053	

-0.3179306	-0.08885254	3.26519	-0.605709	-0.1403452	2.837507	-0.3039041	-0.2193715	3.314818	-0.5611704	-0.2795938	2.891494	-0.3294039	-0.1162629	3.23	-0.5236545	-0.1378981	2.886633	-0.5224383	0.6629153	2.994475	-0.5562243	0.5366736	2.993826	-0.544996	0.4531363	3.012858	-0.5090029	0.1970635	3.059389	-0.4585831	-0.1522298	3.110467	-0.4559545	0.4468096	3.09872	-0.6586829	0.4057971	2.890009	-0.4049606	-0.1447346	3.109523	-0.5004628	-0.1559923	3.028181	-0.3796734	0.1819566	3.243477	-0.6843417	0.1070441	2.860795	-0.4334601	-0.5950848	3.307468	-0.5722454	-0.5985535	3.084198	-0.4346361	-0.9711101	3.417766	-0.5652477	-0.9637119	3.175102	

-0.3188057	-0.08885732	3.269127	-0.6048174	-0.1408185	2.837092	-0.3064545	-0.2237933	3.313117	-0.5590057	-0.273848	2.890447	-0.3303953	-0.1664161	3.1596	-0.5235842	-0.1374892	2.886805	-0.5237585	0.6632451	2.994235	-0.5571076	0.536485	2.993577	-0.5456532	0.4529785	3.012707	-0.5091681	0.1969937	3.059428	-0.4584666	-0.1522801	3.110697	-0.4572313	0.4483932	3.101456	-0.6591345	0.4053712	2.889748	-0.4050232	-0.1447519	3.10996	-0.5000485	-0.1560742	3.028327	-0.3806658	0.1844849	3.246327	-0.6843473	0.1064124	2.860221	-0.4337591	-0.5954737	3.307463	-0.5722507	-0.5984517	3.084095	-0.4405326	-0.9785612	3.4224	-0.5656629	-0.96324	3.17515	

-0.3197429	-0.09316692	3.271664	-0.6044633	-0.1408866	2.837322	-0.3099939	-0.2182591	3.311919	-0.564921	-0.2758086	2.892735	-0.3307915	-0.1750752	3.1635	-0.5236812	-0.1374853	2.887039	-0.5237117	0.6634667	2.994164	-0.5576762	0.5362974	2.993404	-0.546265	0.4527514	3.012584	-0.5098594	0.1966485	3.059514	-0.4591512	-0.152764	3.111142	-0.4575913	0.4485577	3.101638	-0.6591914	0.4052704	2.889637	-0.4065334	-0.1458333	3.110887	-0.5001737	-0.1561539	3.028432	-0.3809411	0.1848559	3.246475	-0.6843508	0.1063539	2.859922	-0.4344386	-0.5968461	3.308161	-0.5722609	-0.599458	3.084107	-0.4358319	-0.9613257	3.41872	-0.564975	-0.9655667	3.174796	

-0.3204208	-0.09239482	3.272194	-0.6039485	-0.1411268	2.836966	-0.3103617	-0.219071	3.296919	-0.5588653	-0.2756218	2.885359	-0.3305059	-0.1687058	3.159162	-0.524407	-0.1537406	2.887535	-0.5237418	0.6635595	2.99435	-0.5580415	0.5361624	2.993281	-0.5467147	0.4525857	3.012369	-0.5105448	0.1963882	3.058965	-0.4600385	-0.1531146	3.110022	-0.4584031	0.4490586	3.102554	-0.6592287	0.4051292	2.889314	-0.4075339	-0.1463482	3.110192	-0.5008392	-0.1562152	3.026615	-0.3815966	0.1856562	3.247333	-0.6842732	0.1060565	2.859797	-0.4351149	-0.5971752	3.30807	-0.5723557	-0.5996209	3.084116	-0.433404	-0.9571594	3.417968	-0.5646339	-0.9657505	3.17448	

-0.321659	-0.09428176	3.2706	-0.6033636	-0.1416958	2.836707	-0.3131023	-0.2168687	3.299988	-0.5651743	-0.2759325	2.894071	-0.3282242	-0.191396	3.143714	-0.5229117	-0.1535908	2.88768	-0.5235265	0.66344	2.994831	-0.5583047	0.536213	2.993502	-0.5470179	0.4525981	3.012626	-0.510968	0.1962535	3.059401	-0.4605598	-0.1535086	3.110815	-0.459083	0.4487197	3.102159	-0.6592247	0.405209	2.889247	-0.4083016	-0.1468596	3.110942	-0.5010556	-0.156438	3.027412	-0.3820856	0.1855348	3.246953	-0.6840453	0.1054709	2.859384	-0.4351469	-0.5974849	3.308177	-0.572175	-0.5990888	3.08366	-0.4333782	-0.9562525	3.418009	-0.5656679	-0.9648858	3.174654	

-0.3223631	-0.0939658	3.269836	-0.6025115	-0.1417417	2.836739	-0.3112687	-0.2156013	3.280657	-0.560557	-0.2764501	2.894078	-0.3269283	-0.1528818	3.240286	-0.5173694	-0.1540102	2.892215	-0.5235076	0.6634589	2.995183	-0.5588905	0.5365505	2.994083	-0.5475662	0.4528287	3.01311	-0.5113952	0.1962491	3.059694	-0.4608417	-0.1537047	3.110959	-0.4608467	0.4494314	3.103225	-0.6591782	0.4052593	2.889189	-0.4088477	-0.1470386	3.111242	-0.501125	-0.1565866	3.027447	-0.3836803	0.1864975	3.247928	-0.6838189	0.105322	2.85913	-0.435556	-0.5978876	3.308856	-0.5727197	-0.5998449	3.08433	-0.433133	-0.955892	3.418036	-0.5654489	-0.9657486	3.17451	

-0.323128	-0.09535453	3.271959	-0.6012571	-0.1424036	2.837072	-0.314181	-0.2080393	3.279827	-0.5538948	-0.2755741	2.894587	-0.3266478	-0.1500324	3.241934	-0.5174026	-0.150539	2.893333	-0.5230579	0.6633835	2.995959	-0.5592848	0.5369294	2.994535	-0.5479856	0.4531463	3.01362	-0.5118816	0.1963769	3.060454	-0.4613587	-0.1538884	3.112207	-0.461383	0.4494311	3.103459	-0.6591058	0.4054756	2.889096	-0.4097674	-0.1471205	3.112444	-0.5011788	-0.1568175	3.028764	-0.3841224	0.1865997	3.248115	-0.6829178	0.1046612	2.858717	-0.4376557	-0.6008506	3.311301	-0.5727671	-0.5998379	3.084415	-0.4331746	-0.9561024	3.418196	-0.5660763	-0.9643679	3.175047	

-0.3244776	-0.09384353	3.274179	-0.5989147	-0.1425029	2.837264	-0.3098148	-0.2076339	3.296999	-0.5522745	-0.2727859	2.892926	-0.3280269	-0.1410256	3.2474	-0.5178376	-0.1483899	2.891643	-0.5226714	0.6635062	2.99728	-0.5596479	0.5371755	2.994893	-0.5482748	0.4533625	3.014051	-0.5119219	0.1965329	3.061251	-0.4606668	-0.1538115	3.113951	-0.4629247	0.4499059	3.105125	-0.6589853	0.4056218	2.889142	-0.4094333	-0.1466441	3.114963	-0.5000659	-0.1570056	3.029993	-0.3855476	0.1872649	3.249704	-0.6824095	0.1040758	2.858428	-0.4383673	-0.601535	3.312279	-0.573115	-0.6002148	3.084844	-0.4314804	-0.9550902	3.416952	-0.5661348	-0.9645601	3.175083	

-0.3253512	-0.09437142	3.275404	-0.597577	-0.144455	2.837586	-0.3134443	-0.196899	3.319339	-0.5518118	-0.2758499	2.897429	-0.3231591	-0.1556255	3.2707	-0.5177871	-0.1497055	2.892753	-0.5221453	0.6639011	2.998886	-0.560317	0.5375172	2.996037	-0.5487614	0.4534713	3.014939	-0.5120498	0.1961979	3.061687	-0.460332	-0.1552155	3.114055	-0.4564728	0.422093	3.097965	-0.6588197	0.4056659	2.889191	-0.408155	-0.1487107	3.11541	-0.500265	-0.1580154	3.029799	-0.37901	0.1606176	3.24248	-0.6809118	0.1022901	2.858005	-0.4390149	-0.6018829	3.312982	-0.5734994	-0.6014264	3.085772	-0.4321248	-0.9550648	3.416886	-0.5658586	-0.965389	3.175149	

-0.3261643	-0.09468773	3.276773	-0.5969588	-0.1444445	2.837719	-0.3146288	-0.2012671	3.32199	-0.559889	-0.2754226	2.903005	-0.3272694	-0.1517563	3.275625	-0.5161909	-0.1380912	2.894	-0.521665	0.6642054	3.000961	-0.5605603	0.5381626	2.997388	-0.5491078	0.453901	3.016346	-0.5126714	0.1959049	3.063328	-0.4614542	-0.1566749	3.11606	-0.4558548	0.4210547	3.097939	-0.6586667	0.4057693	2.889388	-0.4089565	-0.1499552	3.11691	-0.5016551	-0.1594776	3.032123	-0.3783427	0.1595041	3.242419	-0.6807372	0.1022554	2.858041	-0.4390457	-0.6024855	3.313903	-0.5737132	-0.6018618	3.086293	-0.4325501	-0.9543626	3.417696	-0.5655646	-0.9666701	3.175221	

-0.3273377	-0.09917393	3.278738	-0.5964954	-0.1444132	2.83804	-0.3179998	-0.2057979	3.331223	-0.5570578	-0.2735622	2.89924	-0.3319268	-0.1832658	3.172889	-0.5166607	-0.1384357	2.895823	-0.5214832	0.6638581	3.002573	-0.5610237	0.5384684	2.998326	-0.5496147	0.4541394	3.017128	-0.5132058	0.1959539	3.063675	-0.462138	-0.1567217	3.115919	-0.4630475	0.4350939	3.107111	-0.6585647	0.405888	2.889539	-0.4102305	-0.1500572	3.116934	-0.501974	-0.1594667	3.031863	-0.3853756	0.1732614	3.251475	-0.68058	0.1022873	2.858061	-0.439617	-0.6029964	3.314672	-0.5738602	-0.6020708	3.086646	-0.4326813	-0.9544638	3.417871	-0.5654249	-0.9675565	3.175261	

-0.3275831	-0.1085162	3.279727	-0.5944843	-0.1458045	2.838499	-0.3137346	-0.1949868	3.338679	-0.5523466	-0.2744646	2.896726	-0.321347	-0.1731382	3.287286	-0.5149862	-0.1378305	2.892815	-0.5210282	0.6641152	3.004008	-0.5613605	0.5386904	2.999007	-0.5498236	0.4543951	3.017764	-0.5130444	0.1962928	3.064182	-0.4611351	-0.1559189	3.116325	-0.4678789	0.447909	3.116127	-0.6584792	0.4060154	2.889903	-0.4097549	-0.1494408	3.117689	-0.4999778	-0.158201	3.03175	-0.390203	0.1860564	3.260544	-0.6794897	0.1007025	2.858129	-0.4388952	-0.6046834	3.316039	-0.5734717	-0.6009343	3.086578	-0.4325118	-0.9546851	3.41775	-0.5677382	-0.9633901	3.175961	

-0.3270517	-0.11572	3.278736	-0.5931272	-0.1458382	2.839268	-0.3084625	-0.2245306	3.318589	-0.5485651	-0.2748942	2.901105	-0.3160912	-0.2025404	3.267203	-0.5110629	-0.1412754	2.897569	-0.5200903	0.6642381	3.005182	-0.5615621	0.5389141	2.999526	-0.5499216	0.4546362	3.018446	-0.5125875	0.19657	3.065516	-0.4592716	-0.1555311	3.118739	-0.4680537	0.4481792	3.116392	-0.6581066	0.4061842	2.890642	-0.408203	-0.1480637	3.120672	-0.4978119	-0.1587006	3.033763	-0.3903763	0.1863247	3.26081	-0.6786185	0.1006142	2.858737	-0.4378849	-0.605995	3.318092	-0.5730538	-0.6012225	3.087303	-0.4341929	-0.9782621	3.424882	-0.5671608	-0.9640768	3.175635	

-0.3271706	-0.116634	3.279055	-0.5907699	-0.1452462	2.840698	-0.308533	-0.225146	3.318498	-0.5469106	-0.2731415	2.899307	-0.3161614	-0.203153	3.267112	-0.5102001	-0.1359568	2.898834	-0.5195329	0.6646384	3.005649	-0.5614586	0.5394358	3.000036	-0.5498064	0.455207	3.01917	-0.5124171	0.1972177	3.066933	-0.4591419	-0.1548145	3.120977	-0.4688005	0.4498802	3.117799	-0.6578974	0.4063216	2.890894	-0.4088861	-0.1475361	3.122823	-0.4968741	-0.1577887	3.036153	-0.3911193	0.1880162	3.262218	-0.6783837	0.100612	2.859053	-0.4378904	-0.6058059	3.318158	-0.5730065	-0.6013115	3.087481	-0.4327822	-0.9657976	3.419395	-0.5670409	-0.9641793	3.175631	

-0.3271706	-0.1180582	3.278726	-0.589099	-0.1453901	2.843494	-0.316642	-0.2051304	3.30534	-0.5464025	-0.273811	2.903608	-0.3151725	-0.2041785	3.29	-0.5035593	-0.1569496	2.9055	-0.5181727	0.6655754	3.007134	-0.5611247	0.5400699	3.000875	-0.5493131	0.4559138	3.020296	-0.5112802	0.198076	3.068967	-0.4570012	-0.1537493	3.124129	-0.4689655	0.4501687	3.117902	-0.6574883	0.4065028	2.891868	-0.4073794	-0.1464867	3.126144	-0.4942731	-0.1568042	3.038944	-0.3912831	0.1883028	3.262321	-0.677725	0.1002438	2.860259	-0.4375018	-0.6060684	3.318762	-0.5728688	-0.6027175	3.088741	-0.4330434	-0.9651847	3.419731	-0.5638887	-0.9619752	3.173925	

-0.3271716	-0.1195411	3.277186	-0.5885839	-0.1449946	2.844705	-0.3233083	-0.1225675	3.280354	-0.5539989	-0.2680614	2.90096	-0.3255888	-0.1172691	3.25825	-0.5074366	-0.162414	2.907097	-0.5173122	0.6669778	3.008745	-0.5610172	0.5404364	3.001436	-0.5491546	0.4563229	3.021018	-0.5109501	0.1985703	3.070086	-0.4565157	-0.1531253	3.125563	-0.46918	0.4505135	3.117352	-0.6573103	0.406828	2.892592	-0.4069123	-0.1456466	3.127776	-0.4938388	-0.1564197	3.040106	-0.3914953	0.1886442	3.261772	-0.6775874	0.1006147	2.860691	-0.4373968	-0.6060324	3.318901	-0.5728582	-0.6034068	3.089486	-0.4327355	-0.9652268	3.41961	-0.562612	-0.9640402	3.174282	

-0.3273997	-0.1192658	3.277582	-0.588369	-0.145202	2.845886	-0.3216298	-0.1690863	3.309847	-0.5533363	-0.2688765	2.897531	-0.3254981	-0.1274759	3.2664	-0.5085528	-0.1643425	2.9093	-0.516628	0.6675476	3.010511	-0.5609432	0.5412487	3.003623	-0.5488601	0.4572523	3.023222	-0.5099597	0.1998765	3.072195	-0.4544894	-0.1510546	3.127424	-0.4701622	0.4533417	3.118777	-0.6570576	0.4070807	2.893605	-0.4053668	-0.1437767	3.129862	-0.491395	-0.1542183	3.041663	-0.392473	0.1914564	3.263202	-0.6772658	0.1005432	2.861368	-0.4369724	-0.6048284	3.318631	-0.5727772	-0.6031137	3.089533	-0.4321598	-0.9620482	3.418764	-0.5621649	-0.9598396	3.173529	

-0.3268143	-0.1236346	3.281423	-0.5885269	-0.1452864	2.847592	-0.314819	-0.1794676	3.333849	-0.5534855	-0.2752346	2.90975	-0.3237859	-0.1499144	3.285666	-0.5054784	-0.158529	2.907638	-0.5160803	0.6678372	3.011663	-0.5607777	0.541572	3.004411	-0.5486463	0.4576109	3.024089	-0.5096105	0.2003223	3.073187	-0.4540609	-0.1505033	3.12839	-0.4704655	0.4545978	3.119133	-0.6569393	0.4071989	2.894322	-0.4051246	-0.1433044	3.131159	-0.4908243	-0.1536097	3.042348	-0.3927748	0.1927049	3.26356	-0.6772202	0.1006252	2.862298	-0.4370973	-0.6046261	3.318529	-0.5727334	-0.6032036	3.089943	-0.4325515	-0.9617388	3.419142	-0.5616109	-0.9587892	3.173243	

-0.3226713	-0.1294283	3.293682	-0.5901922	-0.1423962	2.848533	-0.3116916	-0.2119258	3.317008	-0.5593567	-0.2717472	2.911731	-0.3208969	-0.1660207	3.2838	-0.5068951	-0.1562125	2.908405	-0.5153636	0.668782	3.013228	-0.56086	0.5427689	3.006351	-0.5487067	0.4587411	3.025975	-0.5096247	0.2012283	3.074785	-0.4541008	-0.1498698	3.129498	-0.4685301	0.4560675	3.125647	-0.6567622	0.4080729	2.896156	-0.4053336	-0.1426933	3.132154	-0.490703	-0.1529908	3.043535	-0.3908612	0.1941773	3.270071	-0.6783909	0.1037508	2.864496	-0.4371493	-0.6042843	3.318581	-0.5728426	-0.6028857	3.090361	-0.4323425	-0.9605641	3.418693	-0.5617192	-0.9581349	3.173289	

-0.3263165	-0.1031867	3.28872	-0.5906539	-0.1424524	2.849589	-0.3136577	-0.2152703	3.321839	-0.5582192	-0.2684545	2.905243	-0.3202086	-0.1713169	3.275714	-0.5113171	-0.1525818	2.91031	-0.5149141	0.6695334	3.014059	-0.5603296	0.543255	3.007545	-0.5482478	0.459227	3.027176	-0.5093918	0.2017095	3.075947	-0.4542091	-0.1493788	3.130544	-0.4672088	0.4551589	3.126232	-0.656963	0.4084556	2.897284	-0.4053985	-0.142229	3.133225	-0.4908665	-0.1525063	3.044514	-0.389549	0.1932755	3.270652	-0.679095	0.1036607	2.866428	-0.4374415	-0.604017	3.318823	-0.5728375	-0.6023244	3.090792	-0.4322365	-0.9613154	3.418637	-0.5622182	-0.9566256	3.173352	

-0.326041	-0.1023082	3.289316	-0.591318	-0.1423865	2.850697	-0.3114709	-0.2117774	3.314674	-0.5602993	-0.2688164	2.907265	-0.3265935	-0.1438829	3.263667	-0.5114181	-0.1550457	2.906705	-0.5144909	0.6689325	3.015351	-0.5603023	0.5434851	3.008823	-0.5483626	0.4594236	3.028278	-0.5098717	0.2018375	3.07665	-0.455484	-0.14928	3.130927	-0.4668284	0.4550064	3.126485	-0.6572334	0.4088532	2.898667	-0.4065513	-0.1423218	3.133675	-0.4922911	-0.1522067	3.044819	-0.3891714	0.1931243	3.270904	-0.6798351	0.1037607	2.867749	-0.4375125	-0.6039591	3.31895	-0.5728759	-0.6025581	3.091063	-0.4318438	-0.9609973	3.418391	-0.5608042	-0.9565213	3.17231	

-0.3259972	-0.1015476	3.289259	-0.5931808	-0.1411829	2.851838	-0.3134769	-0.2171298	3.304004	-0.5609812	-0.2694171	2.911839	-0.3228474	-0.1679453	3.264875	-0.5107207	-0.1540433	2.908996	-0.5141729	0.6697853	3.017563	-0.5600771	0.5435812	3.009739	-0.5481464	0.4595338	3.029253	-0.5097151	0.2019873	3.077719	-0.4554293	-0.1490793	3.131967	-0.4627889	0.4518281	3.128564	-0.6574962	0.4091694	2.89964	-0.4063918	-0.1419853	3.134505	-0.4923707	-0.1521821	3.046108	-0.3851605	0.1899699	3.27297	-0.6803371	0.105491	2.868605	-0.4375311	-0.6035693	3.318969	-0.5730348	-0.6028435	3.091614	-0.4315389	-0.9604604	3.417514	-0.5606247	-0.9562412	3.17226	

-0.3259657	-0.1010658	3.289414	-0.5946981	-0.1407983	2.853385	-0.3111623	-0.2024743	3.311343	-0.5610701	-0.2744592	2.912266	-0.3242446	-0.1463599	3.269231	-0.5128229	-0.1552095	2.912875	-0.513926	0.6704607	3.018964	-0.5601674	0.5438322	3.01095	-0.5482068	0.459806	3.030467	-0.509699	0.2023158	3.078871	-0.4553233	-0.1486887	3.132936	-0.4622621	0.4515249	3.128378	-0.6576642	0.4095502	2.900884	-0.406037	-0.1414719	3.135379	-0.4925233	-0.1519129	3.047207	-0.3846369	0.1896682	3.272783	-0.6806951	0.1063135	2.869915	-0.4376411	-0.603564	3.319091	-0.5732026	-0.6027241	3.092032	-0.4311085	-0.9606538	3.417173	-0.5609723	-0.9592004	3.172584	

-0.3243251	-0.1190191	3.289073	-0.5952435	-0.1404134	2.853883	-0.3128968	-0.2147519	3.313839	-0.5651254	-0.2699167	2.904926	-0.3204633	-0.1779052	3.2704	-0.512089	-0.1552545	2.911101	-0.5141113	0.6709099	3.019693	-0.5601666	0.5440708	3.01141	-0.5482681	0.4600398	3.031061	-0.5100518	0.2025021	3.079991	-0.4563178	-0.1486622	3.134986	-0.462093	0.4514204	3.128408	-0.6578586	0.4099367	2.901799	-0.4068568	-0.1415275	3.136985	-0.4936728	-0.1517985	3.049686	-0.3844689	0.1895643	3.272812	-0.6809621	0.1068305	2.870423	-0.4378254	-0.6036	3.319446	-0.5732787	-0.6034263	3.092545	-0.4317257	-0.9602448	3.417886	-0.5609853	-0.9601037	3.172458	

-0.3253988	-0.1105412	3.290601	-0.5962689	-0.1380522	2.854787	-0.3120584	-0.2051043	3.304842	-0.5664502	-0.2705527	2.91176	-0.3230416	-0.1642637	3.267959	-0.515303	-0.1550635	2.917215	-0.514173	0.6711421	3.020202	-0.5600825	0.5438445	3.012704	-0.5481572	0.4598816	3.032627	-0.5098358	0.2026583	3.082438	-0.4558549	-0.147814	3.138708	-0.4620892	0.4517362	3.128613	-0.6579377	0.4101513	2.902445	-0.4066761	-0.1405128	3.140023	-0.492909	-0.1512056	3.054106	-0.3844655	0.1898785	3.273017	-0.6818072	0.10926	2.872307	-0.4379082	-0.6033741	3.319568	-0.571969	-0.5992362	3.092989	-0.4316396	-0.9600314	3.417576	-0.5618529	-0.9584793	3.17231	

-0.327345	-0.1030746	3.291446	-0.5965949	-0.1378378	2.85575	-0.3142928	-0.1883028	3.328347	-0.559549	-0.2690931	2.912243	-0.3265779	-0.1468364	3.275	-0.5130181	-0.1529636	2.913202	-0.5138915	0.6723845	3.021343	-0.5600205	0.5441729	3.013649	-0.5481027	0.4602021	3.033403	-0.5098031	0.2029179	3.082761	-0.4558295	-0.1476058	3.138688	-0.4617727	0.4512303	3.127824	-0.6583126	0.4111609	2.903673	-0.406363	-0.1401846	3.14012	-0.493126	-0.1509488	3.053949	-0.3841498	0.1893743	3.272227	-0.6822619	0.1094623	2.872722	-0.4381139	-0.6036841	3.319919	-0.5717594	-0.599296	3.092927	-0.432922	-0.9596983	3.418819	-0.5606707	-0.9571723	3.171822	

-0.3284638	-0.09751695	3.293238	-0.5973188	-0.1378138	2.856461	-0.3203298	-0.2045979	3.296838	-0.5636057	-0.2711228	2.912095	-0.3318507	-0.1386169	3.256667	-0.5121884	-0.1531671	2.913896	-0.5138683	0.6723521	3.021868	-0.5601587	0.5444186	3.014356	-0.5482305	0.4604706	3.033977	-0.5099033	0.2032222	3.082989	-0.4559345	-0.1471312	3.138534	-0.4617753	0.4517856	3.128887	-0.6585217	0.4113877	2.904359	-0.4063504	-0.1397347	3.140109	-0.4933947	-0.1504263	3.053581	-0.3841541	0.189928	3.273291	-0.6826935	0.109611	2.873067	-0.4380738	-0.6031518	3.319842	-0.5716742	-0.5992887	3.092974	-0.4325051	-0.9595585	3.418567	-0.5606008	-0.9569715	3.171813	

-0.3288704	-0.0952492	3.293554	-0.5981548	-0.1367671	2.856814	-0.3183901	-0.2038968	3.323176	-0.5639937	-0.2714054	2.914854	-0.3317325	-0.1319841	3.254769	-0.5132884	-0.1505742	2.91347	-0.5139232	0.6722298	3.022154	-0.5601053	0.5445484	3.01488	-0.5481701	0.4606709	3.034689	-0.5098291	0.2036992	3.084295	-0.455827	-0.1462443	3.140508	-0.4617415	0.4518946	3.128884	-0.6587525	0.41192	2.904698	-0.4063641	-0.1388697	3.141295	-0.493138	-0.1496415	3.056557	-0.3841205	0.1900363	3.273289	-0.6832897	0.110756	2.873543	-0.4380169	-0.6031401	3.320056	-0.5715718	-0.5993897	3.093032	-0.4321018	-0.9600967	3.41853	-0.561294	-0.9588801	3.172174	

-0.3290227	-0.09484225	3.294177	-0.5985045	-0.1364148	2.857326	-0.3251121	-0.2002275	3.299337	-0.5650654	-0.2708588	2.911469	-0.3355434	-0.1200916	3.253834	-0.5196751	-0.1451457	2.911334	-0.5137836	0.67241	3.022435	-0.5601094	0.5445661	3.016297	-0.5481775	0.46074	3.036193	-0.5098453	0.2039235	3.085899	-0.4558323	-0.1458769	3.141958	-0.4619478	0.4522469	3.128879	-0.6589651	0.4123519	2.905248	-0.4064048	-0.1384452	3.1425	-0.4931218	-0.1493823	3.05817	-0.3843254	0.1903864	3.273284	-0.6833957	0.1112086	2.87379	-0.4379337	-0.6032767	3.32057	-0.5713145	-0.6001453	3.093742	-0.4322028	-0.9598815	3.419192	-0.5615008	-0.9590763	3.172134	

-0.3291459	-0.094316	3.295117	-0.5987137	-0.1365257	2.857495	-0.3175229	-0.196607	3.314743	-0.5618725	-0.2695747	2.915431	-0.3320373	-0.142193	3.2635	-0.5190715	-0.1436072	2.912714	-0.5136541	0.6726859	3.022998	-0.559998	0.5448628	3.016874	-0.5482025	0.4609424	3.036592	-0.5101836	0.2039834	3.086019	-0.4574835	-0.1461452	3.141427	-0.4622448	0.4528279	3.129369	-0.6589698	0.4124056	2.905576	-0.408052	-0.1390561	3.142486	-0.4949813	-0.1493059	3.056938	-0.3846213	0.1909646	3.273776	-0.683275	0.1112208	2.873919	-0.4381711	-0.6032137	3.320767	-0.5712456	-0.6003136	3.093894	-0.4315835	-0.9604539	3.418472	-0.5624284	-0.960148	3.17238	

-0.329562	-0.09685338	3.298368	-0.59838	-0.1365112	2.857703	-0.3203392	-0.2016964	3.325254	-0.5580253	-0.269647	2.916102	-0.330491	-0.1532901	3.2808	-0.5130305	-0.1472692	2.911836	-0.5127186	0.6729513	3.024612	-0.5598367	0.5455574	3.018415	-0.5482125	0.4614657	3.03792	-0.5105764	0.2040937	3.086769	-0.4582945	-0.1464563	3.141779	-0.4609099	0.4512993	3.131644	-0.6586167	0.4125505	2.905734	-0.4091848	-0.1394828	3.142935	-0.4954756	-0.1495138	3.057198	-0.3832979	0.1894502	3.276045	-0.6830477	0.1112173	2.873926	-0.4382844	-0.603192	3.321144	-0.5710928	-0.6008208	3.094113	-0.4316006	-0.9603599	3.418463	-0.5617624	-0.956297	3.17107	

-0.3300342	-0.09718604	3.299255	-0.59823	-0.1366845	2.857738	-0.3213928	-0.202501	3.328515	-0.5586874	-0.2686599	2.919029	-0.3249254	-0.1895526	3.297333	-0.5127869	-0.1467351	2.912195	-0.5122381	0.673066	3.026541	-0.5593707	0.5463444	3.019589	-0.5478187	0.4621349	3.038857	-0.5104148	0.2043867	3.087045	-0.4582114	-0.146383	3.141688	-0.4614015	0.4516957	3.131767	-0.6584587	0.4128692	2.906086	-0.4090594	-0.1394197	3.142943	-0.4954028	-0.1493935	3.056904	-0.3837864	0.1898444	3.276169	-0.6828443	0.1110771	2.874081	-0.4383875	-0.6031803	3.321247	-0.570535	-0.6000528	3.093518	-0.4316663	-0.9598265	3.418649	-0.5618027	-0.9554139	3.171154	

-0.3305282	-0.09830396	3.301947	-0.5978039	-0.1373884	2.857851	-0.3227038	-0.2243358	3.321332	-0.5605456	-0.2695701	2.917386	-0.3335647	-0.1402477	3.271125	-0.5142457	-0.149933	2.912145	-0.5117877	0.6735837	3.027391	-0.5593381	0.5467739	3.020327	-0.5478827	0.4624713	3.039427	-0.5106787	0.2045093	3.087218	-0.4590372	-0.1465119	3.141313	-0.4615158	0.4516336	3.132261	-0.6583164	0.4132307	2.906404	-0.4098011	-0.1396752	3.142829	-0.4963226	-0.1493821	3.056207	-0.3839005	0.1897838	3.276663	-0.6823256	0.1104238	2.874331	-0.4387086	-0.6028231	3.321234	-0.5698838	-0.6026822	3.094567	-0.4334102	-0.9610019	3.419843	-0.5612873	-0.9557987	3.170736	

-0.3307346	-0.09795139	3.301998	-0.5972945	-0.1380589	2.857641	-0.3231012	-0.2063666	3.325338	-0.5582244	-0.26974	2.917102	-0.3205802	-0.1956957	3.29925	-0.5143765	-0.1503674	2.91121	-0.5115467	0.6735249	3.027928	-0.5591574	0.5469274	3.020571	-0.5477848	0.4626265	3.039668	-0.5108271	0.2046662	3.087427	-0.4596104	-0.1463487	3.141422	-0.464426	0.4574354	3.145055	-0.658143	0.4133109	2.906461	-0.4115375	-0.139419	3.143029	-0.4963598	-0.14932	3.056252	-0.3868098	0.1955737	3.289464	-0.6819601	0.109731	2.874293	-0.4387082	-0.6027157	3.321537	-0.5694883	-0.6028216	3.094321	-0.4332379	-0.9616654	3.421315	-0.560846	-0.9561405	3.170628	

-0.3333127	-0.09581836	3.296632	-0.5965118	-0.1386471	2.857625	-0.3183899	-0.183454	3.323346	-0.5575246	-0.2694081	2.913435	-0.3349259	-0.1129171	3.26225	-0.5142169	-0.1513471	2.911582	-0.5112093	0.6738442	3.029085	-0.5586161	0.5471885	3.021588	-0.5472695	0.4629334	3.040405	-0.5103955	0.2050349	3.087511	-0.4585557	-0.145478	3.140211	-0.466228	0.4591846	3.144003	-0.6575354	0.4135132	2.906799	-0.4106454	-0.1388762	3.14289	-0.4947922	-0.1478668	3.052978	-0.388599	0.1973099	3.288419	-0.6810917	0.1091991	2.874537	-0.4387619	-0.6026621	3.321789	-0.5693687	-0.6027818	3.094412	-0.4332342	-0.960887	3.420585	-0.5610811	-0.9553128	3.171043	

-0.3331886	-0.09494179	3.299516	-0.5953994	-0.1404544	2.857515	-0.3204017	-0.1934814	3.313008	-0.5585687	-0.272572	2.918934	-0.3306729	-0.1413999	3.274556	-0.5135618	-0.1506181	2.911276	-0.5104768	0.6743117	3.029694	-0.5580409	0.5479018	3.022116	-0.5468644	0.4634939	3.040937	-0.5103925	0.2052181	3.08791	-0.4589964	-0.1457286	3.140652	-0.4662739	0.4545328	3.130821	-0.6568522	0.4137614	2.907109	-0.4109623	-0.1391555	3.143287	-0.4953577	-0.1481466	3.05367	-0.3886257	0.1926624	3.275235	-0.6796947	0.1075316	2.874022	-0.4387119	-0.6027128	3.321763	-0.5690902	-0.6025373	3.094196	-0.4329967	-0.9598541	3.419909	-0.5616707	-0.9580986	3.171656	

-0.3331525	-0.09427218	3.302841	-0.5946891	-0.1407955	2.857626	-0.3224954	-0.1831934	3.318844	-0.5582424	-0.2724159	2.917268	-0.3325162	-0.1330448	3.271308	-0.5136777	-0.1521763	2.911941	-0.5100579	0.6747718	3.030478	-0.5578294	0.5483691	3.022462	-0.5466045	0.4638832	3.041335	-0.510041	0.2053307	3.088367	-0.4583474	-0.1462	3.141231	-0.4647049	0.4536333	3.135963	-0.6561117	0.4141446	2.907139	-0.4102841	-0.1406619	3.144959	-0.4945008	-0.1481479	3.053863	-0.3870737	0.1917786	3.28037	-0.6790801	0.1072114	2.874024	-0.4387118	-0.6027066	3.321797	-0.5687624	-0.602326	3.094181	-0.4333749	-0.9601964	3.42041	-0.5600519	-0.9561468	3.170765	

-0.3330415	-0.09412877	3.30314	-0.5936736	-0.1409652	2.857054	-0.3212194	-0.1848545	3.321344	-0.5574483	-0.2720289	2.9131	-0.332069	-0.1398015	3.278417	-0.513831	-0.1499601	2.911389	-0.5093188	0.6755127	3.031059	-0.55759	0.54857	3.022709	-0.5464454	0.4640552	3.041532	-0.510054	0.205399	3.088408	-0.4586231	-0.1461869	3.14108	-0.4663007	0.4558644	3.13469	-0.6557025	0.4146153	2.907385	-0.4105615	-0.1406523	3.144874	-0.4947418	-0.1481091	3.053662	-0.3886578	0.1939931	3.279105	-0.6785635	0.1069281	2.873808	-0.4390153	-0.6031232	3.322155	-0.568519	-0.6022399	3.09417	-0.4333943	-0.9603183	3.420282	-0.560374	-0.9573997	3.170907	

-0.3329229	-0.09351166	3.304312	-0.5928558	-0.1415355	2.857239	-0.3184671	-0.2017462	3.324341	-0.55364	-0.268127	2.913857	-0.3290601	-0.1505325	3.283154	-0.5082275	-0.1544026	2.913643	-0.5086821	0.6760316	3.031494	-0.5572522	0.5489195	3.022767	-0.5461986	0.4643686	3.04157	-0.5100342	0.2055958	3.088361	-0.4589011	-0.1460382	3.140776	-0.4671599	0.457691	3.13341	-0.655166	0.414761	2.907381	-0.4108768	-0.1404696	3.144603	-0.4949541	-0.1479746	3.053346	-0.3895102	0.1958053	3.27783	-0.6778052	0.1063968	2.873841	-0.4391193	-0.6031164	3.322104	-0.567773	-0.6018295	3.09441	-0.4334466	-0.9607358	3.420459	-0.5607246	-0.955287	3.170669	

-0.3327146	-0.09377258	3.305098	-0.5924978	-0.1415892	2.857486	-0.3185815	-0.1835699	3.325346	-0.5563273	-0.2714613	2.915503	-0.3314285	-0.1398133	3.27559	-0.5079188	-0.1545784	2.914517	-0.5083429	0.6763844	3.031789	-0.5569596	0.5491652	3.023261	-0.54587	0.4646256	3.042003	-0.5096909	0.2058303	3.088533	-0.4584413	-0.1458755	3.140595	-0.4676307	0.4584241	3.133316	-0.6545541	0.4150891	2.90761	-0.4103452	-0.1401501	3.144583	-0.4944766	-0.1479164	3.052989	-0.3899779	0.1965335	3.277738	-0.6774815	0.1063973	2.873694	-0.4394336	-0.6034635	3.322701	-0.5677772	-0.6021086	3.09438	-0.4330872	-0.9601387	3.420192	-0.5606905	-0.9521533	3.170932	

-0.3322855	-0.0954781	3.306155	-0.5920835	-0.14166	2.857287	-0.3198251	-0.1931319	3.307009	-0.5574839	-0.2720474	2.913267	-0.3313946	-0.1405761	3.275144	-0.5066065	-0.1524336	2.91291	-0.508147	0.6764519	3.032227	-0.5569437	0.5492862	3.023262	-0.545872	0.4647208	3.042006	-0.5097536	0.2058744	3.088516	-0.4587666	-0.1459928	3.14043	-0.4685061	0.4593413	3.13254	-0.6541389	0.4152205	2.907586	-0.4108486	-0.1403197	3.144111	-0.4946779	-0.1479853	3.05301	-0.3908468	0.1974435	3.276966	-0.6773139	0.1063038	2.873588	-0.4392965	-0.6032911	3.32259	-0.5676393	-0.6022514	3.094213	-0.43305	-0.9601232	3.420109	-0.5604831	-0.9523882	3.170835	

-0.3304515	-0.1150098	3.308769	-0.5920116	-0.1415366	2.857249	-0.3217825	-0.2034484	3.327339	-0.5569799	-0.2717979	2.910601	-0.3302059	-0.1634641	3.2869	-0.5076061	-0.1523936	2.912716	-0.5081441	0.676455	3.032252	-0.556753	0.5492763	3.023398	-0.5457401	0.4647179	3.042173	-0.5098099	0.2058731	3.088797	-0.4593183	-0.1461049	3.140995	-0.4681759	0.4600304	3.137589	-0.6540197	0.4153371	2.907571	-0.4121084	-0.1404174	3.144573	-0.4947808	-0.1481137	3.053861	-0.3905256	0.1981381	3.282013	-0.6772563	0.1064824	2.87349	-0.4396632	-0.6029593	3.32244	-0.5679187	-0.6036339	3.094175	-0.4481725	-0.9826413	3.420094	-0.561151	-0.9615128	3.171168	

-0.3307968	-0.1181908	3.308668	-0.5912938	-0.1434398	2.857326	-0.321726	-0.2034116	3.326673	-0.5575222	-0.2694012	2.913435	-0.3312036	-0.1526097	3.282377	-0.5069145	-0.1563445	2.914937	-0.5081666	0.6764309	3.032437	-0.5567504	0.5492511	3.023396	-0.5457463	0.4646948	3.042183	-0.5099042	0.2058241	3.088873	-0.4596402	-0.1462541	3.141175	-0.4684978	0.4601162	3.139171	-0.6540067	0.4153003	2.907564	-0.4127344	-0.1405254	3.144717	-0.4948774	-0.1482821	3.054086	-0.3908475	0.1982265	3.283594	-0.6763012	0.1047159	2.873602	-0.4398074	-0.6030663	3.322623	-0.5680212	-0.6038856	3.094161	-0.4451536	-0.9739223	3.420135	-0.5618946	-0.9637929	3.1717	

-0.3297923	-0.1211977	3.307585	-0.5912474	-0.1435042	2.857332	-0.3136853	-0.1857909	3.338015	-0.5565385	-0.276355	2.916701	-0.324973	-0.1634658	3.297778	-0.5065287	-0.1522066	2.914967	-0.5080553	0.6764143	3.032481	-0.5560975	0.548791	3.023637	-0.5451112	0.4642928	3.042373	-0.5093677	0.2055562	3.088857	-0.4589874	-0.1465299	3.140764	-0.4681422	0.4599295	3.139509	-0.6490337	0.4157562	2.904889	-0.4123576	-0.1407277	3.144359	-0.4937562	-0.1486278	3.053611	-0.3904946	0.1980416	3.283931	-0.6763029	0.1047069	2.873608	-0.4397178	-0.6028622	3.322653	-0.5681297	-0.6047968	3.094404	-0.4401302	-0.9640443	3.419261	-0.5640817	-0.9625809	3.172585	

-0.3302035	-0.1135884	3.309439	-0.5911604	-0.1435539	2.857406	-0.3255982	-0.2120629	3.275998	-0.5554782	-0.2710538	2.911103	-0.3342928	-0.1860191	3.178	-0.5055891	-0.154237	2.913345	-0.507924	0.6764522	3.032421	-0.5559239	0.548947	3.024285	-0.5450175	0.4643992	3.042861	-0.5094187	0.2055581	3.088961	-0.459299	-0.1466991	3.140577	-0.467446	0.4599442	3.141195	-0.6491683	0.4158228	2.905052	-0.4126552	-0.1409408	3.144264	-0.4940447	-0.1487288	3.053341	-0.3898053	0.1980593	3.285615	-0.6762469	0.1047181	2.873546	-0.4397355	-0.6025674	3.322685	-0.5680068	-0.6049114	3.095517	-0.4380551	-0.9600998	3.41838	-0.5636551	-0.963406	3.172173	

-0.3301855	-0.112135	3.30891	-0.5910844	-0.1433738	2.857356	-0.3167569	-0.228567	3.338668	-0.5570744	-0.2691865	2.911102	-0.3345588	-0.2030985	3.185125	-0.5086181	-0.1540762	2.912901	-0.5075937	0.6764089	3.031415	-0.5557956	0.5490341	3.024073	-0.544867	0.4644785	3.042653	-0.5092094	0.2055977	3.088692	-0.4588926	-0.1468056	3.140014	-0.464191	0.4556913	3.13901	-0.649383	0.4158738	2.905222	-0.4116306	-0.1409182	3.143708	-0.4940076	-0.1489414	3.052643	-0.3865679	0.1938289	3.283419	-0.6761016	0.1049889	2.873428	-0.4397289	-0.6025423	3.322694	-0.5679549	-0.6049635	3.095449	-0.4383394	-0.9601524	3.418525	-0.5635656	-0.9642938	3.171513	

-0.330062	-0.111072	3.308537	-0.5910805	-0.1433532	2.857342	-0.3199714	-0.2302122	3.340583	-0.5540533	-0.2723215	2.916105	-0.3297481	-0.1799858	3.237222	-0.5079004	-0.1539769	2.9126	-0.507244	0.6761867	3.03099	-0.5552711	0.5488607	3.023482	-0.5445209	0.4643311	3.042291	-0.5091757	0.2055141	3.088654	-0.459118	-0.1470587	3.140177	-0.4638416	0.4555116	3.138531	-0.649564	0.4158662	2.905365	-0.4117637	-0.1410595	3.143706	-0.4943751	-0.1493531	3.053138	-0.3862201	0.1936494	3.28294	-0.6760405	0.1050925	2.873357	-0.4397867	-0.6032789	3.322982	-0.5678557	-0.6051226	3.09548	-0.4361365	-0.9579052	3.417459	-0.5631802	-0.9653805	3.171832	

-0.3294003	-0.1036607	3.306169	-0.5908123	-0.1433307	2.857471	-0.3231759	-0.2246735	3.326332	-0.5548896	-0.2701771	2.911532	-0.3268827	-0.1496624	3.2805	-0.5079072	-0.1549112	2.913218	-0.5064015	0.6767738	3.030288	-0.5546104	0.5488356	3.022955	-0.543747	0.4643133	3.041819	-0.5081138	0.2054909	3.088336	-0.4574986	-0.1471259	3.140023	-0.4618751	0.45351	3.136513	-0.6493551	0.4161672	2.905777	-0.4088846	-0.1409312	3.144353	-0.4934538	-0.1495165	3.052472	-0.3842635	0.1916563	3.280916	-0.6758974	0.1051375	2.873395	-0.4401016	-0.6028316	3.322528	-0.5678518	-0.605564	3.095722	-0.4357473	-0.9573475	3.417798	-0.5630951	-0.9644454	3.171809	

-0.3291124	-0.09696577	3.304079	-0.5908037	-0.1426677	2.85667	-0.3156402	-0.2095005	3.326674	-0.5590455	-0.2711378	2.90967	-0.3256013	-0.1511114	3.280117	-0.508061	-0.1539879	2.913204	-0.5049124	0.6786015	3.028102	-0.5535438	0.5493441	3.020915	-0.5426965	0.4647924	3.039886	-0.5072328	0.205844	3.086665	-0.4568283	-0.1469443	3.138533	-0.4594784	0.4521339	3.136556	-0.6493407	0.416301	2.905757	-0.4079311	-0.1406335	3.142839	-0.4931359	-0.149423	3.05091	-0.3818825	0.1902887	3.280954	-0.675572	0.1059577	2.873221	-0.4399341	-0.6028111	3.322559	-0.5678307	-0.6055245	3.095652	-0.4346305	-0.9577995	3.417869	-0.5629697	-0.9649872	3.171313	

-0.3259331	-0.102983	3.300406	-0.5883256	-0.1412242	2.854089	-0.3171108	-0.2145199	3.310337	-0.5492085	-0.2758857	2.911535	-0.3209565	-0.1524281	3.26825	-0.5110053	-0.1380357	2.904539	-0.5021349	0.6784496	3.02727	-0.5507363	0.5494342	3.019013	-0.5402773	0.4649772	3.038116	-0.5059021	0.2062105	3.085228	-0.4564768	-0.1464178	3.137275	-0.4580764	0.4548984	3.136094	-0.6435515	0.4168902	2.902446	-0.4080837	-0.1403773	3.141726	-0.4921824	-0.1484903	3.049318	-0.3804902	0.1930337	3.280496	-0.6743739	0.1069997	2.87266	-0.4395654	-0.6032515	3.322612	-0.5671477	-0.6043386	3.095037	-0.4345953	-0.9579024	3.417788	-0.5648628	-0.9628683	3.171395	

-0.3216805	-0.1036842	3.295547	-0.5844467	-0.1411353	2.851071	-0.3026731	-0.2028787	3.31768	-0.5481096	-0.2753362	2.905678	-0.3150787	-0.1380107	3.2606	-0.510164	-0.1298575	2.899654	-0.4971201	0.6801094	3.02353	-0.5454829	0.5496947	3.016516	-0.5350397	0.4653304	3.03549	-0.5010082	0.2068155	3.082218	-0.4523433	-0.1455288	3.133796	-0.455805	0.4574683	3.135732	-0.6413487	0.4168165	2.901841	-0.4042355	-0.1392548	3.138291	-0.4881503	-0.1479025	3.045883	-0.3782343	0.1955852	3.280137	-0.6709991	0.1069391	2.870901	-0.437474	-0.6028684	3.321428	-0.5661655	-0.6033682	3.094534	-0.4334784	-0.957721	3.416871	-0.5635192	-0.958088	3.170878	

-0.3100981	-0.06000925	3.273287	-0.5815032	-0.1426092	2.848686	-0.2926058	-0.1931403	3.306687	-0.5391458	-0.2675965	2.899935	-0.3044854	-0.1248119	3.24775	-0.5007723	-0.1351575	2.893261	-0.4887767	0.6822073	3.017345	-0.5388587	0.5503241	3.011336	-0.5280203	0.4660309	3.030153	-0.4929104	0.2077184	3.076367	-0.4430076	-0.1443751	3.127254	-0.4461785	0.4574035	3.135312	-0.6375782	0.4170278	2.90008	-0.3950277	-0.1387825	3.133025	-0.4790342	-0.146048	3.037891	-0.3686717	0.195517	3.279704	-0.666468	0.1060568	2.868108	-0.4293068	-0.6035893	3.316149	-0.5632641	-0.6034305	3.093446	-0.4313204	-0.9581997	3.415395	-0.5613038	-0.955977	3.170109	

-0.2998453	-0.1246278	3.279096	-0.5782127	-0.1417816	2.846923	-0.2935275	-0.2138968	3.300347	-0.5374261	-0.2719708	2.901367	-0.3047931	-0.1345424	3.243	-0.5014075	-0.1308455	2.892536	-0.486655	0.6814401	3.015878	-0.5356309	0.5496335	3.009862	-0.5248382	0.4653671	3.028639	-0.4899324	0.2071301	3.074714	-0.4403657	-0.1448761	3.125404	-0.4408259	0.4561291	3.133826	-0.6356353	0.4173947	2.899172	-0.3916669	-0.1395196	3.130414	-0.4771404	-0.1463525	3.0367	-0.3633528	0.1942464	3.278209	-0.6644092	0.1065181	2.866839	-0.4251895	-0.6040348	3.313428	-0.5596468	-0.6038879	3.092548	-0.4288779	-0.9816378	3.418637	-0.5606668	-0.9601279	3.169985	

-0.3072528	-0.06591903	3.251759	-0.5755792	-0.141402	2.845903	-0.2865824	-0.2246137	3.324847	-0.5388359	-0.2671159	2.902518	-0.2928834	-0.2110116	3.283	-0.4923543	-0.130141	2.892999	-0.4845503	0.6814857	3.015051	-0.5339126	0.5493476	3.008626	-0.5232419	0.4650948	3.027574	-0.4886982	0.2068943	3.074076	-0.4395615	-0.145065	3.125174	-0.4386206	0.4560606	3.131632	-0.6337692	0.417377	2.898487	-0.3909388	-0.1398311	3.130076	-0.4762995	-0.1464179	3.036594	-0.3611595	0.1941733	3.276013	-0.6623377	0.1067721	2.865397	-0.4236796	-0.6041214	3.312697	-0.556811	-0.6024997	3.090875	-0.4283879	-0.9787049	3.414881	-0.5603092	-0.957498	3.169931	

-0.2936886	-0.1144106	3.28301	-0.5721797	-0.1410965	2.843586	-0.2876065	-0.2196524	3.305147	-0.5341883	-0.2683686	2.896899	-0.2924348	-0.2078539	3.277871	-0.4926279	-0.1313786	2.891852	-0.4824303	0.6820433	3.01369	-0.5316257	0.5490749	3.006451	-0.52083	0.4648399	3.025529	-0.4859182	0.2066855	3.072404	-0.4362857	-0.1452177	3.124005	-0.4370773	0.456508	3.131495	-0.6315471	0.4170319	2.897443	-0.3878514	-0.139727	3.128549	-0.472957	-0.1468238	3.035808	-0.3596266	0.194617	3.275875	-0.6600724	0.1067053	2.864285	-0.4210252	-0.6038574	3.311436	-0.555666	-0.6039842	3.090345	-0.4266142	-0.9796574	3.413452	-0.5592146	-0.9607469	3.169355	

-0.2918528	-0.1095988	3.281746	-0.5654989	-0.1447974	2.839362	-0.2791551	-0.2268429	3.291098	-0.5304495	-0.2694673	2.89204	-0.2885898	-0.155522	3.248818	-0.4911163	-0.133219	2.883792	-0.4788972	0.6817957	3.010453	-0.5271457	0.5483531	3.004427	-0.5156559	0.463964	3.023413	-0.4784181	0.2052585	3.070045	-0.4251624	-0.1475784	3.121421	-0.42008	0.4462757	3.119166	-0.6238565	0.4158558	2.895216	-0.374606	-0.1412597	3.125046	-0.4640419	-0.1497883	3.034037	-0.3427257	0.1844225	3.263512	-0.6504048	0.104056	2.859766	-0.4180353	-0.601432	3.308371	-0.5536098	-0.602892	3.08692	-0.4283569	-0.9705659	3.409482	-0.5579913	-0.959501	3.169061	

-0.285143	-0.09603944	3.259929	-0.5561998	-0.1445268	2.8316	-0.2653284	-0.2220993	3.287354	-0.5145521	-0.2658178	2.881291	-0.2831408	-0.1467094	3.232818	-0.4757667	-0.1344001	2.883871	-0.4707658	0.6815752	3.007059	-0.5156193	0.5478352	3.001352	-0.5050349	0.4633823	3.020884	-0.4705602	0.2045641	3.068919	-0.4206929	-0.1482471	3.121576	-0.4149362	0.4477872	3.116497	-0.6146234	0.4137868	2.890081	-0.3716266	-0.141628	3.123987	-0.4575895	-0.1509434	3.03602	-0.3376139	0.1859172	3.260841	-0.6413565	0.104143	2.855761	-0.4157773	-0.6133798	3.308857	-0.5507718	-0.6033432	3.085245	-0.4284933	-0.9756678	3.412465	-0.5573931	-0.9588894	3.168614	

-0.2822754	-0.09216963	3.257935	-0.5492224	-0.1473411	2.828003	-0.2620338	-0.2252036	3.279954	-0.5029882	-0.2652798	2.873964	-0.2745948	-0.1566313	3.23675	-0.4681169	-0.1341523	2.881083	-0.4607689	0.6820278	3.003572	-0.5080275	0.5476226	2.99849	-0.4964563	0.463239	3.017741	-0.4590393	0.2046698	3.065021	-0.4058402	-0.1477337	3.117045	-0.4055897	0.4463043	3.109299	-0.6051309	0.4142717	2.886541	-0.3553141	-0.1405347	3.119131	-0.4453065	-0.1509385	3.031649	-0.3283219	0.184427	3.253633	-0.6307722	0.1026022	2.850474	-0.4098904	-0.6048415	3.303513	-0.5462651	-0.6021429	3.082367	-0.4288675	-0.971269	3.412443	-0.5568533	-0.9586802	3.168294	

-0.2732953	-0.08989825	3.253381	-0.5151599	-0.1374484	2.819813	-0.2510092	-0.225909	3.276858	-0.4699636	-0.263127	2.871675	-0.2629901	-0.1621866	3.225	-0.4417221	-0.1345479	2.887483	-0.4395255	0.6826059	2.997034	-0.4857565	0.5477754	2.990254	-0.4772992	0.4635695	3.010224	-0.4481778	0.2053198	3.059621	-0.402562	-0.1470443	3.114092	-0.3886254	0.4497912	3.10101	-0.5820946	0.4136735	2.878121	-0.3524299	-0.1396244	3.115869	-0.4417186	-0.1504871	3.028854	-0.3114647	0.1878691	3.245335	-0.6112496	0.1074338	2.843051	-0.3987246	-0.6019937	3.298714	-0.5352761	-0.6054686	3.081446	-0.4284143	-0.9741799	3.411444	-0.5543659	-0.959203	3.168179	

-0.2541542	-0.09892591	3.238232	-0.5034989	-0.137069	2.818689	-0.236726	-0.2122671	3.274796	-0.4614757	-0.2588402	2.87282	-0.2496878	-0.1918037	3.23075	-0.4295672	-0.1362851	2.885536	-0.4201242	0.6812546	2.991285	-0.4710555	0.5498118	2.9837	-0.4609206	0.4656853	3.003598	-0.4281241	0.2076434	3.05324	-0.3824418	-0.1445431	3.109169	-0.3751471	0.4518438	3.098317	-0.5651992	0.4147156	2.872497	-0.3335737	-0.1364214	3.113537	-0.4207123	-0.148807	3.020879	-0.3036612	0.1959864	3.062692	-0.5969296	0.1089124	2.838781	-0.387466	-0.5981968	3.292158	-0.5230816	-0.6030071	3.075874	-0.4281105	-0.9734092	3.411564	-0.5506693	-0.9535268	3.168772	

-0.2534433	-0.09772725	3.23811	-0.4947586	-0.1395294	2.819123	-0.2355619	-0.2216851	3.280865	-0.4486204	-0.2659771	2.877192	-0.2504814	-0.1674951	3.218333	-0.4221416	-0.14382	2.887322	-0.4135228	0.6808753	2.990062	-0.4658785	0.5503154	2.982708	-0.4560946	0.4661892	3.002594	-0.4243681	0.2081786	3.052125	-0.3795176	-0.1438528	3.107711	-0.3706819	0.4546973	3.098778	-0.5611365	0.4145636	2.871387	-0.3303361	-0.1350992	3.112425	-0.4181955	-0.1486985	3.019128	-0.3040663	0.1975346	3.063374	-0.5909075	0.1054664	2.836697	-0.3845187	-0.6088834	3.293849	-0.5172592	-0.6035959	3.074082	-0.4294688	-0.9785394	3.413103	-0.5495732	-0.9536852	3.168628	

-0.2418398	-0.09005105	3.241669	-0.478402	-0.1419196	2.818258	-0.2325725	-0.2254733	3.270365	-0.4358954	-0.2761404	2.873834	-0.2407614	-0.1771161	3.217	-0.4050774	-0.1574693	2.889162	-0.3988325	0.6792904	2.984596	-0.4516365	0.5495611	2.979535	-0.442277	0.4656912	2.999279	-0.4119648	0.2084661	3.048288	-0.3686873	-0.142479	3.102957	-0.3602121	0.4571393	3.096524	-0.5464109	0.4146423	2.867792	-0.3195227	-0.1330941	3.107758	-0.4078953	-0.1480054	3.014373	-0.2988891	0.1988233	3.059134	-0.5767075	0.1022359	2.833814	-0.3823673	-0.6108125	3.293846	-0.5094977	-0.6048397	3.07196	-0.4278789	-0.9817555	3.410564	-0.5487665	-0.9542246	3.168787	

-0.2396232	-0.08998353	3.240496	-0.4740301	-0.1436273	2.818222	-0.2239241	-0.2183097	3.275038	-0.4301696	-0.2783494	2.872452	-0.2393065	-0.1883054	3.21	-0.4016126	-0.1567549	2.88725	-0.3896468	0.6790718	2.983161	-0.4448138	0.5498791	2.977791	-0.4358625	0.465918	2.997721	-0.4068	0.2084795	3.047179	-0.3651884	-0.1426194	3.102287	-0.3548506	0.4586554	3.097616	-0.5420538	0.4147362	2.866914	-0.3169515	-0.1331445	3.107103	-0.4034471	-0.1482574	3.0137	-0.2958908	0.1998804	3.059176	-0.5690409	0.1017932	2.83209	-0.380401	-0.6118998	3.293847	-0.5050593	-0.6049517	3.071017	-0.4271376	-0.9825833	3.409	-0.5466318	-0.9555416	3.168123	

-0.2302877	-0.08087345	3.234329	-0.4588505	-0.1440107	2.813724	-0.2158561	-0.2114493	3.261576	-0.4137491	-0.273857	2.869359	-0.2251499	-0.1832781	3.237143	-0.4013039	-0.2047645	2.8095	-0.3695684	0.6769994	2.978276	-0.4261343	0.5493063	2.972381	-0.421149	0.4650654	2.992609	-0.4010201	0.2072035	3.043106	-0.3652928	-0.1442864	3.098545	-0.3397158	0.4577086	3.078837	-0.5251077	0.4137099	2.86227	-0.3171607	-0.1349974	3.102769	-0.4034888	-0.1497009	3.010504	-0.2816608	0.1989185	3.037888	-0.5565538	0.1003516	2.828784	-0.3755389	-0.6133508	3.294469	-0.5006073	-0.60579	3.069747	-0.4262893	-0.9841267	3.407646	-0.5457194	-0.9629856	3.168731	

-0.2128608	-0.08956273	3.231613	-0.4436048	-0.1380277	2.810492	-0.1992238	-0.2055251	3.23838	-0.3740743	-0.2560278	2.872152	-0.2053501	-0.144994	3.178	-0.3734939	-0.1820451	2.806844	-0.3550251	0.6776014	2.975204	-0.4117668	0.5480523	2.969559	-0.4063595	0.4640941	2.989743	-0.388386	0.206939	3.040298	-0.3602936	-0.1439389	3.096907	-0.3265599	0.4609291	3.087329	-0.5127463	0.4142267	2.859692	-0.3135162	-0.1352021	3.1017	-0.3970786	-0.1486255	3.00818	-0.2617204	0.2032646	3.052759	-0.5488036	0.1032811	2.825813	-0.3701327	-0.6155915	3.294254	-0.4945768	-0.603635	3.068721	-0.4245481	-0.9839979	3.406136	-0.5458481	-0.9660116	3.168484	

-0.2050228	-0.08702731	3.217492	-0.4328601	-0.1301067	2.808277	-0.1875832	-0.1938766	3.229386	-0.3572187	-0.2322758	2.860362	-0.2051547	-0.1578681	3.2	-0.3554054	-0.1640462	2.801731	-0.3467884	0.6778172	2.97375	-0.4029758	0.5490718	2.967713	-0.3982747	0.4650123	2.988331	-0.3821956	0.2074991	3.039822	-0.3572407	-0.1437031	3.097221	-0.3191114	0.4633167	3.089191	-0.5007789	0.4126405	2.856491	-0.311563	-0.1353647	3.101641	-0.392839	-0.1478701	3.009064	-0.2563331	0.2051898	3.054018	-0.5443498	0.1084435	2.823509	-0.3536071	-0.6018248	3.283214	-0.4906267	-0.6032445	3.068202	-0.4212292	-0.9780855	3.404079	-0.5456459	-0.9677458	3.168343	

-0.1681924	-0.01905401	3.171769	-0.3500437	-0.05241411	2.816126	-0.1402663	-0.1194463	3.137038	-0.2517986	-0.09599216	2.836656	-0.2147143	-0.1446276	3.078	-0.2881063	-0.05461152	2.788522	-0.292704	0.675157	2.968855	-0.3504358	0.5475091	2.963343	-0.351675	0.4635577	2.984368	-0.3556126	0.2063374	3.03722	-0.3500242	-0.1443138	3.09621	-0.2831095	0.4652385	3.07462	-0.4568884	0.4183358	2.85901	-0.3047363	-0.1379204	3.098485	-0.3847448	-0.1466751	3.010068	-0.221126	0.2069476	3.039079	-0.5421847	0.1362055	2.825016	-0.2931796	-0.5873522	3.251042	-0.4251795	-0.5983824	3.041612	-0.4153772	-0.9640979	3.396707	-0.5425224	-0.969957	3.166467	

-0.1660824	-0.01560352	3.170038	-0.3492279	-0.04183064	2.804668	-0.1274796	-0.1050274	3.113751	-0.250252	-0.08627095	2.855374	-0.1274825	-0.07427171	3.084846	-0.2691484	-0.04301021	2.79077	-0.2881304	0.6748619	2.968585	-0.3479197	0.5472884	2.962912	-0.3482104	0.4634576	2.983654	-0.3471148	0.2068637	3.034999	-0.3406729	-0.1427831	3.092451	-0.2776971	0.4650027	3.073291	-0.45196	0.4175271	2.859698	-0.2946678	-0.1375195	3.094472	-0.3770665	-0.144272	3.006673	-0.2157863	0.2067008	3.037734	-0.5410732	0.1394674	2.82567	-0.2802669	-0.5837488	3.248019	-0.4044947	-0.5973931	3.027962	-0.4112725	-0.9588085	3.390781	-0.5342539	-0.9734616	3.159687	

-0.1570312	-0.01693561	3.167527	-0.3478264	-0.04170735	2.804093	-0.1139337	-0.08807237	3.093673	-0.2271394	-0.06520151	2.822586	-0.1502561	-0.06547285	3.042111	-0.282582	-0.02486099	2.776348	-0.2772546	0.6706867	2.968339	-0.3395411	0.5446957	2.962314	-0.3389682	0.461125	2.983146	-0.335478	0.2053081	3.034992	-0.3287649	-0.1430432	3.093173	-0.2616243	0.4556966	3.072891	-0.4423212	0.4139411	2.859517	-0.2824488	-0.1371182	3.093617	-0.3659284	-0.1451197	3.008846	-0.1998194	0.1974462	3.037288	-0.538896	0.1403481	2.826072	-0.2391306	-0.5186922	3.212739	-0.3614237	-0.5891156	2.998772	-0.3765699	-0.892983	3.352905	-0.5164875	-0.9552652	3.140028	

-0.03223588	-0.06527372	2.953724	-0.342916	-0.03671479	2.801561	0.03038185	-0.1466068	2.862546	-0.2324576	-0.05493597	2.83093	-0.006672129	-0.1236567	2.810989	-0.2861059	0.003411838	2.782611	-0.2250704	0.6449893	2.962513	-0.2977847	0.5265788	2.956077	-0.3006178	0.4454616	2.976898	-0.3070724	0.1958526	3.028982	-0.3117178	-0.1465239	3.087761	-0.2270582	0.4384577	3.071031	-0.4167367	0.4039249	2.856545	-0.263357	-0.1402515	3.090172	-0.3512117	-0.1488424	3.001522	-0.154236	0.09701741	3.13192	-0.5377231	0.1412076	2.826319	-0.2209119	-0.5169436	3.219727	-0.2921814	-0.5813788	2.944194	-0.3365507	-0.9052563	3.342726	-0.454153	-0.9390918	3.097732	

-0.06181227	0.120808	2.878191	-0.3465455	-0.001357935	2.801788	-0.0007919109	0.02990223	2.790819	-0.2610575	-0.03916243	2.837932	-0.03767787	0.05189728	2.739242	-0.2771153	0.01107384	2.78495	-0.2088401	0.6448029	2.947828	-0.2811685	0.5276408	2.941697	-0.2835585	0.4455404	2.962312	-0.2895665	0.1934289	3.013797	-0.2963534	-0.1508878	3.072162	-0.1870923	0.4015882	3.055259	-0.3991978	0.4037378	2.845948	-0.2440176	-0.1440599	3.073473	-0.339974	-0.1535164	2.986874	-0.1492399	0.1585746	3.133785	-0.5486642	0.1688226	2.819619	-0.203762	-0.5187586	3.207332	-0.2602925	-0.572485	2.919526	-0.3228471	-0.9061029	3.33046	-0.3922139	-0.9451711	3.058576	

-0.02526542	0.2429827	2.752485	-0.3689922	0.04466942	2.760714	0.03562963	0.1515331	2.665164	-0.2887251	0.003861927	2.822788	-0.001466755	0.1728172	2.613612	-0.2629129	0.08924227	2.8152	-0.1586255	0.6558181	2.898976	-0.2370622	0.5418564	2.893233	-0.241477	0.4586743	2.914189	-0.2539704	0.2034864	2.966503	-0.2698935	-0.1446182	3.025109	-0.1480235	0.4047911	3.028875	-0.3610675	0.4162133	2.806695	-0.2149507	-0.1399188	3.025022	-0.3173888	-0.1453053	2.941184	-0.1017662	0.1436491	2.993909	-0.5568383	0.2291261	2.798063	-0.1920027	-0.4946371	3.196625	-0.2153083	-0.5716678	2.885703	-0.3108449	-0.8826818	3.318459	-0.2997784	-0.9547399	3.01955	

-0.03717687	0.256719	2.75316	-0.3677438	0.04507779	2.759972	-0.04706965	0.1880552	2.817767	-0.2817934	0.01273142	2.811104	-0.05842704	0.1619047	2.835	-0.2527061	0.09834834	2.797875	-0.1540386	0.6561585	2.888882	-0.2329973	0.5415245	2.888392	-0.2378526	0.4582283	2.909518	-0.2515289	0.2027237	2.962266	-0.2687446	-0.1457735	3.021235	-0.1355104	0.3922259	3.011904	-0.3637307	0.414714	2.809137	-0.2109361	-0.141298	3.01809	-0.31784	-0.1462487	2.93915	-0.0969749	0.1295313	2.98567	-0.5551904	0.2303762	2.793898	-0.1811123	-0.5007249	3.18136	-0.2148049	-0.5733128	2.885698	-0.3003707	-0.8889947	3.302176	-0.2852214	-0.9661462	3.017151	

-0.01390966	0.2515199	2.678868	-0.3548155	0.03078771	2.75007	0.01755068	0.2836367	2.577704	-0.2071531	-0.06826157	2.812086	0.005831487	0.2568255	2.594994	-0.2101798	0.0621923	2.783	-0.1213961	0.6397807	2.847331	-0.2036595	0.5265893	2.844482	-0.2094958	0.4432678	2.865175	-0.2264331	0.1876096	2.916664	-0.2485038	-0.1612055	2.974074	-0.110521	0.3776826	2.983447	-0.336747	0.4063929	2.759877	-0.1926546	-0.1594588	2.972823	-0.2973812	-0.1583991	2.891297	-0.0674045	0.1211588	2.911153	-0.532275	0.2264339	2.752251	-0.1495363	-0.507028	3.152276	-0.2117828	-0.5793155	2.882708	-0.2696154	-0.8949645	3.273391	-0.2275697	-0.976571	3.001941	

0.0175931	0.2213974	2.602806	-0.3377586	0.01965968	2.726167	0.05553845	0.2401459	2.496958	-0.1964798	-0.06261929	2.791787	0.043582	0.2135457	2.51423	-0.1971031	0.05410548	2.765474	-0.1167706	0.6340423	2.839185	-0.1933945	0.5130381	2.833419	-0.1999978	0.4309482	2.855917	-0.2190345	0.1785743	2.911883	-0.2432551	-0.1669552	2.973338	-0.1028145	0.3761203	2.95977	-0.331636	0.4001597	2.750092	-0.1860954	-0.1676839	2.971632	-0.2934131	-0.1620018	2.890914	-0.05579694	0.1316489	2.849107	-0.5203294	0.210798	2.741153	-0.1322187	-0.5621622	3.135985	-0.2059841	-0.5838675	2.880826	-0.2521176	-0.9499472	3.256896	-0.2271109	-0.9796206	3.00193	

0.05458261	0.1361242	2.629997	-0.2837631	-0.04960996	2.690298	0.1028344	0.1462673	2.52516	-0.1867034	-0.1064015	2.758448	0.09059247	0.1202527	2.542395	-0.1543973	-0.01975071	2.75181	-0.08458478	0.5961213	2.800824	-0.1606123	0.4820869	2.791951	-0.1666515	0.3991585	2.814943	-0.1843586	0.14478	2.873237	-0.2076263	-0.2021326	2.939576	-0.08079867	0.3623471	2.916732	-0.2912152	0.3618961	2.707353	-0.1532293	-0.2009918	2.938599	-0.2561383	-0.1974959	2.856518	-0.05031167	0.07319187	2.873183	-0.4666989	0.1406541	2.70849	-0.04599527	-0.5641309	3.067899	-0.1712534	-0.6067957	2.846048	-0.2718056	-0.8403018	3.289264	-0.2260216	-0.9946625	3.002312	

0.08174663	0.0192917	2.632897	-0.1735112	-0.1040225	2.679585	0.1288681	0.002748989	2.525061	-0.05795104	-0.1528578	2.718126	0.1164665	-0.02239032	2.542278	-0.07770655	-0.06887376	2.684455	-0.04670802	0.5872075	2.771375	-0.1263842	0.4647435	2.754925	-0.1313272	0.3831594	2.779476	-0.1461173	0.1329685	2.842654	-0.16661	-0.2081789	2.915941	-0.05997104	0.3944641	2.906322	-0.2458561	0.3370528	2.668438	-0.1266876	-0.2043249	2.923102	-0.206042	-0.2055697	2.827184	-0.01996684	0.03812595	2.885035	-0.3604915	0.07989572	2.667736	0.03671922	-0.5722983	2.991327	-0.1531377	-0.6178743	2.831827	-0.2157733	-0.8189974	3.219073	-0.2266065	-0.9830677	2.997561	

0.01651208	0.008890456	2.588685	-0.03521677	-0.01369621	2.636337	0.0314978	-0.02302052	2.476568	0.08460983	0.002895748	2.683682	0.01968677	-0.04799955	2.493766	0.009133177	0.06525688	2.671	-0.01206093	0.6099674	2.742388	-0.09337157	0.4973976	2.723546	-0.09535661	0.4150155	2.748845	-0.100996	0.1621046	2.814101	-0.1082003	-0.1830142	2.889739	-0.02425823	0.4312852	2.873572	-0.2008254	0.3666595	2.629351	-0.06997615	-0.1778015	2.891774	-0.1433142	-0.1829004	2.803508	0.01259047	0.07430057	2.853657	-0.2718351	0.0961096	2.613189	0.06788344	-0.5595877	2.948002	-0.1491491	-0.6062015	2.82866	-0.053457	-0.9054629	3.153664	-0.2265978	-0.9830881	2.997571	

0.1010635	0.1104481	2.379661	0.03797868	0.105619	2.599062	0.1138447	0.09525955	2.264967	0.1416498	0.1656658	2.658787	0.1014557	0.06948909	2.282198	0.02840896	0.1917297	2.667556	0.02571893	0.6536934	2.715145	-0.05273411	0.5453051	2.695981	-0.0527023	0.4614744	2.721331	-0.05237709	0.2038866	2.786835	-0.05168603	-0.1479181	2.862852	0.02844561	0.4284308	2.830588	-0.1506256	0.4097517	2.598011	-0.0111913	-0.143689	2.872916	-0.09071423	-0.1477982	2.768492	0.1029748	0.1242393	2.652422	-0.2173326	0.151587	2.568296	0.07566344	-0.568999	2.94447	-0.1437975	-0.6060424	2.828762	0.019768	-0.9635295	3.085862	-0.2258169	-0.9831189	2.997555	

0.1015025	0.1738064	2.362037	0.06217787	0.1152278	2.592874	0.1142797	0.1583171	2.247364	0.150955	0.1921999	2.643373	0.1018829	0.1321112	2.26462	0.08624718	0.2240706	2.6115	0.03471863	0.6636576	2.710972	-0.04589498	0.5477886	2.69448	-0.04559448	0.4639435	2.719804	-0.0444493	0.2062901	2.785233	-0.042604	-0.1456443	2.861149	0.03526228	0.430904	2.829088	-0.1439722	0.4150453	2.594693	-0.001306191	-0.1414391	2.868338	-0.08205105	-0.145425	2.769258	0.1034172	0.1878622	2.634783	-0.1944097	0.1535399	2.562992	0.07734454	-0.5708085	2.943573	-0.1366006	-0.6070444	2.82884	0.05808789	-0.9665033	3.05878	-0.2257297	-0.9827495	2.997147	

0.1649619	0.1668757	2.377629	0.123446	0.08759501	2.578769	0.1774459	0.1514253	2.262965	0.2196875	0.1605602	2.621356	0.1646271	0.1252752	2.280245	0.1258987	0.14486	2.556516	0.1150043	0.6441776	2.695556	0.0425396	0.5298826	2.678461	0.04421304	0.4477923	2.702877	0.04912337	0.1955245	2.765562	0.0555797	-0.1490759	2.837832	0.1267112	0.4304813	2.810981	-0.06044907	0.3995765	2.582494	0.09782494	-0.144875	2.844591	0.01162737	-0.1488553	2.746788	0.1671358	0.1808984	2.650367	-0.1315078	0.1388276	2.554725	0.1727453	-0.587508	2.907195	0.004027265	-0.5911947	2.73135	0.1001197	-0.9681739	3.007919	-0.1735779	-0.9266056	2.91408	

0.1968354	0.1135414	2.36201	0.1226309	0.06278734	2.579117	0.2091652	0.09833536	2.247341	0.23193	0.1043741	2.622699	0.1961212	0.07254086	2.26462	0.1325097	0.1489549	2.591	0.1227775	0.6404074	2.693565	0.05251888	0.5233514	2.679432	0.05407247	0.4410299	2.703843	0.05860332	0.1880699	2.766499	0.06455748	-0.1574819	2.83871	0.1366556	0.4239706	2.811935	-0.05234257	0.3924061	2.580714	0.1041773	-0.153337	2.844152	0.02365422	-0.1571383	2.749271	0.1991441	0.1273481	2.634754	-0.1275871	0.1342355	2.556096	0.1894285	-0.5862657	2.867232	0.03228974	-0.5832804	2.703341	0.1004872	-0.9681286	3.008095	-0.1510619	-0.9125376	2.891376	

0.2635177	0.1247753	2.456567	0.1612523	0.0002368721	2.572141	0.2749942	0.1308238	2.343452	0.2722684	0.05423207	2.673355	0.2615831	0.1048467	2.36078	0.1894205	0.07933611	2.595467	0.2002518	0.6336824	2.668999	0.1216156	0.5255395	2.643228	0.1228902	0.4415605	2.667704	0.1262345	0.1834793	2.730559	0.1301785	-0.169078	2.802948	0.2055265	0.4260922	2.775715	0.01327253	0.3879519	2.549327	0.1685929	-0.1613269	2.797535	0.08781452	-0.1717599	2.724194	0.2678435	0.07421763	2.724717	-0.1262415	0.1335062	2.554015	0.2523509	-0.5584239	2.851101	0.1375637	-0.591125	2.627665	0.1388665	-0.9438951	2.985501	-0.0181713	-0.9533786	2.780262	

0.4346214	0.1728747	2.441676	0.06715604	0.02674525	2.511159	0.490179	0.1648413	2.33879	0.1856504	0.02815397	2.570195	0.4754054	0.1386565	2.356355	0.1720277	0.1088025	2.544773	0.2208436	0.6537573	2.642279	0.1434093	0.5411601	2.622376	0.1436212	0.4573601	2.647437	0.1438542	0.1997067	2.71198	0.1439621	-0.1523796	2.786391	0.2272509	0.4416314	2.754887	0.02706033	0.4039301	2.532101	0.1844538	-0.1389337	2.778388	0.09933367	-0.1603131	2.709961	0.3039473	0.1644935	2.679496	-0.138733	0.1907269	2.517546	0.1006597	-0.6252219	2.926656	0.1773573	-0.5703354	2.596422	0.1851464	-0.9948683	2.999941	0.06721686	-0.9596549	2.72282	

0.4009779	0.3165129	2.411836	0.06975344	0.07388563	2.485006	0.4394325	0.3285052	2.315746	0.2111412	0.06152944	2.568713	0.4249676	0.3012519	2.333362	0.1789562	0.1537314	2.50087	0.2452324	0.6713926	2.609119	0.1733056	0.5572445	2.589464	0.1720906	0.4736095	2.612999	0.1677907	0.2164542	2.672774	0.1609013	-0.1352135	2.740875	0.2642197	0.4575146	2.70513	0.04977538	0.4229359	2.498564	0.202761	-0.1247748	2.732107	0.1140578	-0.1415105	2.665483	0.3357899	0.1766826	2.634492	-0.1439226	0.2273936	2.484603	0.1056805	-0.6315574	2.920471	0.1907064	-0.574454	2.586097	0.0612778	-0.9873703	3.027408	0.1403221	-0.9769294	2.689033	

0.4047754	0.3006837	2.40263	0.07014995	0.07360972	2.48014	0.4429805	0.3109827	2.305868	0.2332496	0.04697696	2.5546	0.4284788	0.2838334	2.323477	0.1861833	0.1536864	2.481723	0.2525803	0.6723821	2.599218	0.1792299	0.5586241	2.582136	0.1776257	0.4749591	2.604948	0.171984	0.2176192	2.662454	0.163086	-0.1344086	2.726679	0.2692212	0.4585334	2.698867	0.0551321	0.424033	2.490864	0.2051523	-0.1242511	2.719595	0.1158962	-0.1403977	2.64948	0.3358191	0.1775396	2.634232	-0.1412929	0.2300975	2.478618	0.1153048	-0.632274	2.908109	0.195443	-0.5778065	2.581858	0.07090922	-0.9776128	3.017179	0.1545092	-0.9733484	2.677062	

0.4307622	0.1783014	2.329272	0.09576876	0.02904004	2.422298	0.4663279	0.1837794	2.219561	0.2595929	-0.006131795	2.497543	0.45155	0.1574102	2.237141	0.2116975	0.103972	2.442118	0.293865	0.6521774	2.542978	0.2197858	0.5336044	2.529606	0.2194462	0.4496294	2.55354	0.2174008	0.1912539	2.614852	0.2135031	-0.1621366	2.685156	0.3094456	0.4332488	2.646465	0.09721521	0.4006293	2.437829	0.2565779	-0.156639	2.679866	0.1636982	-0.1625692	2.60646	0.3604076	0.1288587	2.587592	-0.1024373	0.202267	2.427701	0.3580345	-0.5298597	2.788728	0.2030353	-0.5886149	2.573599	0.1653028	-0.8697245	2.95267	0.1956075	-0.9854584	2.658413	

0.4784296	0.1521616	2.268613	0.3674138	-0.04530943	2.396091	0.5137261	0.1577483	2.158937	0.411067	-0.07023844	2.415211	0.498547	0.1315313	2.176594	0.4061615	-0.02428566	2.396818	0.344838	0.6228419	2.485198	0.2682277	0.5073494	2.469	0.2713859	0.422665	2.491261	0.2797515	0.1620807	2.547504	0.2896981	-0.1944136	2.610871	0.3577254	0.406972	2.585822	0.153965	0.3678123	2.379254	0.3297412	-0.1900658	2.60551	0.2403195	-0.192537	2.532572	0.4082939	0.1026008	2.526931	0.06540518	0.08571619	2.369245	0.4676489	-0.5721304	2.650734	0.2467959	-0.6107116	2.514362	0.3786486	-0.9280002	2.857173	0.1979645	-0.9864349	2.656785	

0.5050738	0.1756289	2.090191	0.4387256	0.08052681	2.334225	0.5403263	0.1765718	1.979876	0.5099109	0.1412228	2.35306	0.5246625	0.1501261	1.997675	0.4147822	0.1471723	2.338417	0.3587931	0.6507336	2.461941	0.2886436	0.537407	2.443232	0.294155	0.4528772	2.464235	0.3098517	0.1922324	2.516798	0.3280471	-0.1667806	2.577162	0.3780732	0.4368899	2.560113	0.1838338	0.3967402	2.345855	0.3634825	-0.1604909	2.573952	0.2819265	-0.1676719	2.496822	0.4343552	0.1397026	2.350632	0.1818058	0.1147004	2.316377	0.4663849	-0.5506545	2.633085	0.2462305	-0.6085253	2.516792	0.3960891	-0.9248134	2.814944	0.1998047	-0.9874505	2.656553	

0.5110474	0.2093653	1.974101	0.465648	0.184086	2.296519	0.5413352	0.1832089	1.863032	0.5401724	0.2481624	2.329671	0.5254325	0.1566351	1.880911	0.4734114	0.2583873	2.297714	0.3989518	0.6687142	2.443981	0.3223066	0.5571543	2.427153	0.3295116	0.4738122	2.44751	0.3501497	0.2171402	2.498144	0.3738993	-0.1360576	2.555425	0.4173317	0.4693419	2.536497	0.2216355	0.4158605	2.327101	0.4099889	-0.1316433	2.558278	0.3255498	-0.1360395	2.469181	0.4549681	0.2550286	2.236871	0.2100816	0.1506621	2.271368	0.4741486	-0.5641242	2.63163	0.2481621	-0.6079953	2.517855	0.4713887	-0.9671222	2.761585	0.2005872	-0.987263	2.656442	

0.5140773	0.2106629	1.971539	0.4702021	0.1840345	2.293706	0.5442639	0.1843456	1.860484	0.5515327	0.2512423	2.327338	0.5265984	0.1570877	1.879891	0.4475096	0.2446693	2.3745	0.4052503	0.6686765	2.443278	0.3272979	0.5571683	2.425352	0.3342967	0.4738958	2.445747	0.3542201	0.217368	2.496531	0.3786328	-0.135116	2.553311	0.420336	0.468844	2.535509	0.2258159	0.4156408	2.32625	0.4143122	-0.1308517	2.557399	0.330737	-0.1349209	2.465544	0.458264	0.2567964	2.234283	0.21435	0.1510766	2.270177	0.4786171	-0.5820886	2.632307	0.2579594	-0.6084548	2.516134	0.4743641	-0.9754206	2.760236	0.2020825	-0.9874046	2.655118	

0.6100873	0.2131441	2.045334	0.5061808	0.1142201	2.271234	0.6445268	0.218355	1.935864	0.5918549	0.1929095	2.312191	0.6280636	0.1915899	1.953938	0.4991492	0.1982794	2.345834	0.4611467	0.6491547	2.432015	0.3882963	0.5250911	2.417628	0.396487	0.442083	2.437715	0.4196316	0.1864253	2.487544	0.449027	-0.1636924	2.542482	0.4796067	0.4353469	2.528563	0.2814856	0.3807449	2.328084	0.4852251	-0.161456	2.542156	0.3981235	-0.1605923	2.459865	0.5406323	0.1638543	2.30365	0.2454574	0.1171906	2.282193	0.5412104	-0.5900488	2.593424	0.3682936	-0.5868744	2.447306	0.4795095	-0.9715295	2.727122	0.2313785	-0.9476669	2.619674	

0.3163696	0.06197811	2.233493	0.5077683	0.09758738	2.277143	0.1944826	0.07402211	2.283295	0.5997534	0.1314105	2.301665	0.2194047	0.1262518	2.2395	0.515204	0.1568887	2.3508	0.4618282	0.648532	2.431751	0.3927629	0.5232172	2.416399	0.4011013	0.4402449	2.436565	0.4247025	0.184702	2.486629	0.4547649	-0.1652426	2.541894	0.4840558	0.4334777	2.527331	0.2855321	0.3790485	2.328652	0.4915944	-0.1624439	2.53833	0.4044295	-0.1630159	2.462356	0.5581684	0.1349978	2.326346	0.2476093	0.115294	2.2876	0.5779225	-0.5705827	2.586243	0.4095327	-0.5830859	2.411932	0.4834204	-0.9614084	2.72164	0.2544303	-0.9295142	2.597487	

0.3397571	0.010293	2.29268	0.5325842	-0.009178493	2.274599	0.1973678	0.05251151	2.315814	0.6140747	0.0327774	2.331926	0.2992729	0.05582836	2.254481	0.5304213	-0.03961448	2.301	0.5053254	0.6391256	2.423526	0.4242833	0.5174927	2.407843	0.4327992	0.4339238	2.428174	0.4567999	0.1765662	2.478727	0.4872532	-0.175854	2.534582	0.5154525	0.4277627	2.518766	0.312954	0.3714947	2.323766	0.5291368	-0.1723678	2.516376	0.4328847	-0.1743255	2.467093	0.5801052	0.0987071	2.373645	0.2478419	0.1050358	2.308663	0.6225168	-0.562239	2.581922	0.4667504	-0.5890385	2.366627	0.4978081	-0.9475821	2.710989	0.3167491	-0.9330254	2.560264	

0.4758523	-0.02335977	2.332589	0.5237148	-0.07300021	2.122845	0.342586	-0.1241814	2.309581	0.6288605	-0.09871347	2.1478	0.375446	-0.08530141	2.2108	0.5265536	-0.1676179	2.146454	0.6302738	0.6256337	2.288061	0.5564345	0.4996349	2.273992	0.5639977	0.4140031	2.289458	0.5843611	0.1500809	2.325525	0.608963	-0.2117952	2.361909	0.6470528	0.4097584	2.384959	0.4448267	0.3511922	2.17694	0.6449201	-0.2116735	2.346931	0.5519606	-0.2046144	2.295469	0.7227511	0.06811494	2.306843	0.3137858	0.08118367	2.15594	0.7650758	-0.5820588	2.440334	0.5820953	-0.6201248	2.286864	0.5743495	-0.896449	2.6506	0.5484833	-1.000263	2.418087	

0.5400459	-0.09713875	2.060408	0.7023	-0.03088418	2.077515	0.4924685	-0.2142102	2.129217	0.7860257	-0.0176916	2.083942	0.5528637	-0.1931237	2.108583	0.706604	-0.04293137	2.068667	0.6567025	0.6301565	2.250532	0.577852	0.5026695	2.24108	0.587239	0.419066	2.254591	0.6135252	0.1620119	2.284386	0.6428959	-0.1914033	2.31715	0.6683729	0.4127281	2.352076	0.4751846	0.3491466	2.141019	0.6732804	-0.1890669	2.318824	0.5882168	-0.1884412	2.236147	0.6918732	0.1052143	2.151682	0.4574864	0.05525679	2.100754	0.7931921	-0.5740138	2.369234	0.5856492	-0.6146916	2.285023	0.604121	-0.8721873	2.602182	0.5485049	-1.000274	2.418087	

0.533786	-0.02771803	2.041397	0.7781438	0.07063361	2.070436	0.4834234	-0.1084233	2.12966	0.8582907	0.09423405	2.07611	0.5583588	-0.1156766	2.087889	0.7973676	0.05512857	2.049571	0.6668586	0.6451941	2.232005	0.5973699	0.5176024	2.220238	0.6070106	0.4332461	2.236004	0.633332	0.1733695	2.272379	0.6685503	-0.1812321	2.308003	0.687808	0.4275766	2.331281	0.4902873	0.3616687	2.122873	0.69776	-0.1776219	2.304332	0.6179811	-0.1778533	2.230454	0.7339988	0.1392508	2.106798	0.5008794	0.08065851	2.071231	0.7904854	-0.5687992	2.363317	0.586002	-0.6153543	2.285367	0.7108351	-0.9371918	2.554185	0.547534	-1.000474	2.420197	

0.6277691	-0.01723872	2.012415	0.8698679	0.02705661	2.020698	0.561812	-0.05653372	2.088735	0.9443387	0.09886627	2.088051	0.6391823	-0.1045737	2.059174	0.9163159	0.0348744	2.019454	0.7975866	0.6292933	2.172327	0.7344542	0.4990264	2.15507	0.7346644	0.4165444	2.173406	0.7315975	0.1620595	2.218536	0.7232136	-0.1872217	2.26762	0.8242749	0.4090067	2.266192	0.6261445	0.3485001	2.057332	0.7568007	-0.1887181	2.269992	0.6639966	-0.1791055	2.185105	0.8624942	0.1023293	2.067505	0.6166015	0.06412556	2.002212	0.9381766	-0.5578811	2.256514	0.7319677	-0.6039734	2.143906	0.8237017	-0.946207	2.389251	0.5905302	-0.9458403	2.348824	

0.8103536	-0.0249651	1.955391	0.7939558	-0.02455038	1.992518	0.7177693	-0.04678664	1.99352	0.8816655	-0.03870685	2.01179	0.7117215	0.01816129	1.965625	0.8118849	-0.1011023	2.037679	0.8352641	0.6311704	2.144715	0.7690786	0.5076168	2.12707	0.7794811	0.425134	2.139946	0.8005384	0.1688456	2.174068	0.8247758	-0.1830848	2.208306	0.8587397	0.4175321	2.238256	0.64665	0.3537461	2.039057	0.8586218	-0.1849291	2.213513	0.7614228	-0.1747037	2.124295	0.9491588	0.07476837	2.167765	0.5607909	0.08771696	2.023031	0.7839127	-0.6606623	2.341259	0.7773117	-0.6102448	2.078834	0.8059387	-0.9947954	2.38953	0.6458785	-0.9617402	2.274681	

1.062058	0.1073013	1.78988	0.8136588	-0.001873373	1.860923	1.055983	0.09167244	1.702391	0.9086877	-0.03139725	1.947605	1.047036	0.155574	1.675913	0.8379571	-0.0899712	1.903458	0.9060413	0.6203316	2.013425	0.8377107	0.5004603	2.005871	0.842618	0.415718	2.018368	0.8532708	0.1539018	2.04616	0.862752	-0.2061595	2.071978	0.9269696	0.4102035	2.117212	0.7086673	0.3523204	1.909576	0.8988079	-0.2043208	2.064839	0.7943142	-0.2002829	2.001551	1.014288	0.08694788	2.05642	0.5400082	0.1240324	1.905736	0.8110138	-0.6881095	2.306647	0.8264503	-0.6125854	2.015786	0.7742175	-0.9823545	2.401653	0.7772764	-0.9888545	2.089955	

1.073662	0.04264898	1.781954	0.8555606	-0.03041667	1.85972	1.071012	0.01262413	1.695355	0.9228073	-0.06191059	1.942651	1.061949	0.07713412	1.66893	0.8522091	-0.1098144	1.885556	0.9082051	0.6164235	2.006165	0.8401381	0.4959236	1.998388	0.8450233	0.4121639	2.01152	0.8556058	0.1527507	2.040836	0.8652399	-0.2048479	2.067727	0.9293754	0.40567	2.109729	0.7111877	0.3468053	1.901787	0.8994313	-0.2040203	2.064802	0.8000419	-0.1970643	1.986364	1.015368	0.06668027	2.045899	0.6198313	0.07592061	1.876947	0.8166041	-0.6940928	2.297186	0.8276621	-0.6082957	2.010877	0.7726769	-0.9825039	2.404633	0.7774008	-0.9889478	2.089831	

