0.1948355	-0.09379019	2.941271	-0.3332617	-0.1315312	2.890732	0.1959218	-0.270225	2.948562	-0.3470109	-0.2859047	2.907372	0.2289317	-0.1674975	2.921167	-0.2995935	-0.2022572	2.877435	-0.07332144	0.6789199	2.856304	-0.09541013	0.5296541	2.897373	-0.0918473	0.4500533	2.913163	-0.08066624	0.2060978	2.950586	-0.06514888	-0.1264617	2.990071	0.09163229	0.4265383	2.948169	-0.2682506	0.421679	2.895214	0.01775644	-0.1236328	2.961131	-0.1463391	-0.1259292	2.939526	0.1594176	0.1493999	2.980083	-0.3174201	0.1311244	2.919374	0.1003377	-0.5862649	3.097623	-0.1745133	-0.5312355	3.078187	0.1497092	-0.9274066	3.162175	-0.1615643	-0.9239306	3.168045	

0.1948485	-0.093789	2.941289	-0.3322178	-0.1312614	2.890739	0.2005942	-0.2614798	2.951123	-0.3353871	-0.2890508	2.918757	0.2294704	-0.1487522	2.922214	-0.2898604	-0.2001655	2.883727	-0.07327885	0.6789441	2.856301	-0.09528601	0.5298342	2.897527	-0.09177945	0.4501629	2.913277	-0.08067492	0.2061026	2.950633	-0.06531654	-0.1266112	2.990104	0.09164896	0.4265168	2.948183	-0.2682138	0.421808	2.895227	0.01755844	-0.1238727	2.961077	-0.1464911	-0.1260163	2.939607	0.1594329	0.1494004	2.980093	-0.3171725	0.1312048	2.919384	0.09803437	-0.566204	3.09004	-0.1744327	-0.5312374	3.078298	0.1492492	-0.9257527	3.161824	-0.1617354	-0.9241037	3.168053	

0.1948722	-0.09364036	2.941405	-0.3310591	-0.131039	2.890738	0.1995586	-0.2633877	2.956399	-0.3376056	-0.2864455	2.914936	0.2285405	-0.1521292	2.922421	-0.2868542	-0.2213121	2.880924	-0.07316461	0.6788272	2.856507	-0.09510655	0.5299032	2.897849	-0.09163489	0.4502611	2.913518	-0.08060442	0.2062633	2.950712	-0.0652992	-0.1262311	2.990008	0.09165628	0.4264739	2.948093	-0.26814	0.4219136	2.895222	0.01758215	-0.1235732	2.960917	-0.1464791	-0.1255286	2.939593	0.1594601	0.1494156	2.980089	-0.3162974	0.1321271	2.919067	0.09806273	-0.5645571	3.088827	-0.1746198	-0.5320815	3.078832	0.1488632	-0.9239835	3.162272	-0.1617661	-0.924007	3.16805	

0.1947932	-0.09307875	2.941463	-0.3301259	-0.1307113	2.890736	0.1981293	-0.267769	2.960969	-0.3327554	-0.2938909	2.915806	0.2324533	-0.1425502	2.923714	-0.283454	-0.2328081	2.877375	-0.07292303	0.6789348	2.85672	-0.09469813	0.5299305	2.898518	-0.09124721	0.4503232	2.914109	-0.08029561	0.2064002	2.95108	-0.06506523	-0.1260344	2.99016	0.09170484	0.4265914	2.947979	-0.2679414	0.4220508	2.895215	0.01782896	-0.1233606	2.961093	-0.1462618	-0.1253524	2.939732	0.1595891	0.1497574	2.979909	-0.3156496	0.1339281	2.919124	0.09778396	-0.5617167	3.087641	-0.1745647	-0.5327178	3.078974	0.1484483	-0.9215655	3.162692	-0.1618299	-0.9240208	3.168046	

0.1950725	-0.09348202	2.941616	-0.3282663	-0.1299078	2.891553	0.1983581	-0.2629957	2.938054	-0.3282454	-0.2874989	2.919185	0.2288487	-0.1426835	2.92275	-0.2760094	-0.1868347	2.902188	-0.07221819	0.6788452	2.85773	-0.09404594	0.5302001	2.899584	-0.09065926	0.450513	2.915075	-0.07990133	0.2063869	2.951751	-0.06485794	-0.1262304	2.990533	0.0918428	0.426796	2.947995	-0.2676027	0.4220619	2.895388	0.01799648	-0.1234609	2.961328	-0.1460161	-0.1256708	2.940279	0.1601169	0.1490579	2.980199	-0.3140688	0.1366727	2.920196	0.09796616	-0.5591881	3.086325	-0.1746877	-0.5340471	3.07988	0.1485031	-0.9211397	3.163055	-0.1620468	-0.9246526	3.168277	

0.1953058	-0.09315625	2.941613	-0.3265364	-0.1300495	2.891767	0.2006526	-0.2633459	2.941953	-0.3220725	-0.288832	2.922101	0.2277591	-0.1947584	2.914727	-0.2754146	-0.204303	2.906625	-0.07151191	0.6789202	2.858513	-0.0938474	0.5302296	2.899699	-0.09044605	0.4505628	2.915179	-0.07964874	0.2064972	2.95181	-0.0645386	-0.1260298	2.990495	0.09193703	0.4267277	2.947898	-0.2672682	0.4221327	2.895375	0.01831563	-0.1233021	2.961229	-0.1456906	-0.1254208	2.9403	0.1601651	0.1490726	2.980196	-0.3133488	0.1376894	2.920376	0.09798936	-0.5581581	3.085667	-0.1744847	-0.5338321	3.079901	0.1483217	-0.9201249	3.163216	-0.1620474	-0.924688	3.168176	

0.1954872	-0.09327542	2.941586	-0.3255473	-0.1294728	2.89222	0.196932	-0.2627958	2.946956	-0.3214902	-0.2883251	2.91696	0.2361889	-0.1538034	2.925308	-0.2758082	-0.1985248	2.904969	-0.07138446	0.6789209	2.858558	-0.09345793	0.5301164	2.900073	-0.0900448	0.4504213	2.915586	-0.07923266	0.2062543	2.952299	-0.06412435	-0.1264514	2.991069	0.09258914	0.4267347	2.948164	-0.2668882	0.4223264	2.89555	0.01870861	-0.1237548	2.961701	-0.1452631	-0.1257979	2.940979	0.1605791	0.1487544	2.980187	-0.3125993	0.138531	2.92083	0.09868266	-0.5667761	3.091057	-0.1739492	-0.5346391	3.080922	0.1484277	-0.9200484	3.163011	-0.1621701	-0.9246757	3.168172	

0.1960161	-0.09396511	2.941298	-0.325198	-0.1288398	2.892042	0.2041997	-0.2623927	2.951344	-0.3302802	-0.2879236	2.920719	0.2352038	-0.169221	2.926812	-0.280456	-0.2402424	2.879	-0.07113518	0.6788825	2.85869	-0.09283943	0.5303249	2.900784	-0.08946064	0.4506288	2.916224	-0.07877033	0.2064426	2.952719	-0.063823	-0.1263116	2.991243	0.09346295	0.4265393	2.948434	-0.2662915	0.4225323	2.895517	0.01899778	-0.1236785	2.961905	-0.144948	-0.1255897	2.941117	0.1612955	0.1478682	2.980175	-0.3119397	0.1396717	2.920914	0.09884311	-0.563826	3.089217	-0.1738514	-0.5346662	3.080981	0.1486024	-0.9203263	3.162947	-0.1625749	-0.9244555	3.168356	

0.1966261	-0.09379537	2.941276	-0.3251476	-0.128647	2.892091	0.2022513	-0.2630966	2.949236	-0.3292517	-0.2881001	2.914818	0.2368725	-0.1419523	2.924467	-0.2848853	-0.2103835	2.880682	-0.07087845	0.6789667	2.858836	-0.09259306	0.5305726	2.901672	-0.08923405	0.4507445	2.917086	-0.07859125	0.2061717	2.953568	-0.0636994	-0.1273154	2.992209	0.0939462	0.4266942	2.948622	-0.2661577	0.4226765	2.895642	0.01912848	-0.124741	2.962971	-0.1448376	-0.1265074	2.941962	0.161719	0.1478259	2.980363	-0.3111812	0.1403489	2.922003	0.09828088	-0.5549896	3.085268	-0.1714353	-0.549112	3.087048	0.1485408	-0.9195492	3.162866	-0.1626399	-0.9251963	3.167788	

0.196974	-0.09379061	2.941248	-0.3250159	-0.1277886	2.891918	0.201768	-0.2651526	2.958352	-0.330046	-0.2888055	2.921951	0.2407365	-0.1323482	2.926857	-0.2852189	-0.1955336	2.891318	-0.07064747	0.6789846	2.858959	-0.09147379	0.5304879	2.903093	-0.08822533	0.4506813	2.918367	-0.07791708	0.2061528	2.954419	-0.06340723	-0.1272928	2.992558	0.09472463	0.4268413	2.9491	-0.2658551	0.4229646	2.89602	0.01936193	-0.1245263	2.963206	-0.1444183	-0.1267437	2.942509	0.1623755	0.1477355	2.980567	-0.310714	0.1404503	2.922676	0.09838788	-0.5550457	3.085215	-0.1716898	-0.5490381	3.086979	0.1482265	-0.9213095	3.162745	-0.1625932	-0.9255791	3.167418	

0.1976552	-0.09344175	2.94179	-0.3250834	-0.1276313	2.891852	0.2057123	-0.2643342	2.952891	-0.3316674	-0.287967	2.921226	0.2373289	-0.1455867	2.923882	-0.2852048	-0.1893845	2.884484	-0.07045046	0.6788982	2.85907	-0.09134823	0.5306869	2.903263	-0.08805878	0.4508768	2.918572	-0.07760662	0.2063229	2.954734	-0.06287172	-0.1271808	2.992994	0.09529009	0.4269708	2.949223	-0.2651409	0.4231199	2.896433	0.01980099	-0.1240526	2.963507	-0.143653	-0.1270392	2.943185	0.1629802	0.1480009	2.980746	-0.3102225	0.1410794	2.923331	0.09857398	-0.5547556	3.085127	-0.1717733	-0.5491145	3.087034	0.1477437	-0.9212038	3.163448	-0.1625293	-0.9253239	3.167639	

0.1982551	-0.0930448	2.941959	-0.3250854	-0.1276009	2.891823	0.2055518	-0.264952	2.965212	-0.3386251	-0.2868694	2.923725	0.2389727	-0.1516065	2.92618	-0.2863586	-0.1845443	2.896333	-0.07022221	0.6788449	2.859254	-0.09116553	0.5307528	2.903407	-0.0878787	0.4509416	2.918741	-0.07744986	0.2063787	2.954962	-0.06277528	-0.1271331	2.993252	0.09589348	0.4272197	2.94958	-0.2648128	0.4231935	2.89669	0.01985892	-0.1238222	2.963702	-0.143502	-0.127185	2.943566	0.1634601	0.1482968	2.980892	-0.3097614	0.1408407	2.923793	0.09850787	-0.5541127	3.085017	-0.1721411	-0.547807	3.086875	0.1476422	-0.9206055	3.163768	-0.1625179	-0.9253525	3.167655	

0.1986272	-0.09341183	2.942002	-0.3252378	-0.1273735	2.891747	0.2135766	-0.2559272	2.949467	-0.3424948	-0.2841141	2.920964	0.2379005	-0.1498118	2.921916	-0.2880128	-0.1965298	2.890109	-0.06969715	0.678853	2.859742	-0.09004962	0.5309187	2.904896	-0.08683213	0.451084	2.920101	-0.07663987	0.2064526	2.955919	-0.06229633	-0.1271136	2.993704	0.09630562	0.4271361	2.949642	-0.264696	0.4232747	2.896861	0.0203893	-0.1235957	2.964068	-0.1430966	-0.1273572	2.944072	0.1640213	0.1478861	2.981037	-0.3094311	0.1408771	2.924449	0.09880843	-0.5533418	3.085157	-0.1719301	-0.5464095	3.086401	0.1476577	-0.919283	3.16417	-0.1624343	-0.9253142	3.167678	

0.2171572	-0.09343612	2.93951	-0.3436261	-0.125707	2.888759	0.2415717	-0.2554427	2.944258	-0.3711318	-0.2840404	2.917278	0.2592427	-0.1574388	2.90671	-0.3193289	-0.2048766	2.872615	-0.06961609	0.6788751	2.859912	-0.08907884	0.5311816	2.905564	-0.08580559	0.4513065	2.920928	-0.07544069	0.2065141	2.957285	-0.06091051	-0.1273363	2.995863	0.09685726	0.4270434	2.949928	-0.2642124	0.423188	2.897114	0.02149896	-0.1233923	2.965881	-0.1415182	-0.1280478	2.946499	0.16764	0.1465475	2.981878	-0.3109519	0.1373508	2.927082	0.1006352	-0.564518	3.092701	-0.1725372	-0.5485744	3.087637	0.1477911	-0.9198637	3.164397	-0.1625894	-0.9253229	3.16784	

0.2337752	-0.09579191	2.933826	-0.3534052	-0.1262129	2.887908	0.2614603	-0.2545043	2.945452	-0.3903853	-0.2842903	2.912117	0.2621207	-0.1768785	2.88504	-0.3343747	-0.2117921	2.8724	-0.06899109	0.6788778	2.860663	-0.08853096	0.5312931	2.905996	-0.08527353	0.451441	2.921288	-0.07495459	0.206711	2.957439	-0.06040149	-0.1270027	2.995721	0.09772546	0.4268051	2.950238	-0.2633266	0.4235584	2.897724	0.02246161	-0.1223617	2.965634	-0.1412989	-0.1280503	2.946402	0.1711302	0.1452685	2.982468	-0.3138935	0.1331421	2.929787	0.09971431	-0.5525505	3.088411	-0.1729238	-0.5488265	3.087873	0.1478236	-0.9197605	3.164278	-0.1627234	-0.9251494	3.168006	

0.2525951	-0.09050775	2.928881	-0.3708091	-0.1276142	2.884943	0.2822149	-0.2518668	2.930301	-0.4171355	-0.2864046	2.909949	0.2816558	-0.1779118	2.873722	-0.3514742	-0.1993419	2.874	-0.06854578	0.6785978	2.861243	-0.0884704	0.5312875	2.906049	-0.08518858	0.4514499	2.921347	-0.07476863	0.2067911	2.957502	-0.06002161	-0.1267414	2.995726	0.09861258	0.4269695	2.950235	-0.262417	0.4238872	2.897935	0.02305443	-0.1219173	2.965822	-0.1411039	-0.1279344	2.94628	0.1767956	0.1441129	2.982999	-0.3186802	0.1302505	2.929589	0.09946087	-0.5499293	3.087883	-0.1728829	-0.5451347	3.087386	0.1475989	-0.9195832	3.164432	-0.1628147	-0.9254695	3.167848	

0.3061955	-0.06785288	2.916075	-0.4199685	-0.11466	2.88091	0.3470539	-0.2330756	2.918792	-0.4797795	-0.2737844	2.904308	0.341375	-0.1520429	2.865637	-0.3996897	-0.2157931	2.85925	-0.06814255	0.6786745	2.861444	-0.08778162	0.5314755	2.906774	-0.08454888	0.4516724	2.921942	-0.07426965	0.2070906	2.957762	-0.05961518	-0.1263012	2.995624	0.09995826	0.4272263	2.95023	-0.2617442	0.4247653	2.899255	0.02362818	-0.1213883	2.965757	-0.1408954	-0.1276258	2.946134	0.2040226	0.1510972	2.976382	-0.3353082	0.1318179	2.928216	0.09893717	-0.5461496	3.087399	-0.1724229	-0.5428441	3.08667	0.1474995	-0.9197995	3.164766	-0.1625009	-0.9256899	3.167694	

0.3199553	-0.06815238	2.915595	-0.4283865	-0.1161812	2.880898	0.3778252	-0.2183321	2.909653	-0.5040788	-0.2768411	2.911988	0.3710562	-0.1352997	2.8657	-0.4217697	-0.2127649	2.866615	-0.06758793	0.67878	2.861645	-0.08653269	0.5315789	2.907161	-0.0834291	0.4518447	2.922223	-0.07347716	0.2074345	2.957752	-0.05908343	-0.125677	2.995201	0.1023872	0.4264545	2.950663	-0.2610778	0.4251191	2.899773	0.02439794	-0.1204365	2.965236	-0.1406166	-0.1273055	2.945788	0.2194319	0.1530083	2.971845	-0.3434139	0.1309918	2.927804	0.09837561	-0.5382416	3.084492	-0.1711788	-0.5585068	3.093054	0.1474872	-0.9198219	3.16481	-0.1622222	-0.9262033	3.167522	

0.3255422	-0.06904788	2.915241	-0.4324808	-0.1129012	2.882172	0.3792833	-0.2256003	2.918828	-0.4974235	-0.2759018	2.910293	0.3791514	-0.1381488	2.8677	-0.4213344	-0.2071536	2.870357	-0.06731069	0.6787691	2.861691	-0.08530485	0.5315851	2.907478	-0.08237394	0.451928	2.922451	-0.07286362	0.2076889	2.957746	-0.05882974	-0.1251931	2.994906	0.1037051	0.4265888	2.950584	-0.26005	0.4257237	2.900306	0.02478959	-0.1198071	2.964788	-0.1405166	-0.1269976	2.945605	0.2234734	0.1521802	2.970833	-0.348857	0.1305042	2.92824	0.1025714	-0.5686418	3.096766	-0.1718127	-0.5499555	3.089193	0.1485194	-0.9220343	3.164668	-0.1623908	-0.9241382	3.167244	

0.3283493	-0.06956562	2.915552	-0.4342559	-0.1092423	2.882921	0.377899	-0.2103989	2.910154	-0.4803003	-0.2733769	2.914807	0.3435961	-0.1518315	2.8659	-0.4153876	-0.2100542	2.870836	-0.06657203	0.6788129	2.862008	-0.08406153	0.5315111	2.907744	-0.08128997	0.4519352	2.922644	-0.07222294	0.2078868	2.957733	-0.05858894	-0.124796	2.994654	0.104644	0.4265818	2.950526	-0.2594016	0.4260715	2.901385	0.02511659	-0.1193019	2.96454	-0.1403928	-0.1267344	2.945351	0.2253426	0.1518826	2.970728	-0.3501576	0.1327512	2.928892	0.09951859	-0.5491923	3.088574	-0.1720455	-0.544807	3.087528	0.1480491	-0.9211352	3.165185	-0.162429	-0.9233204	3.167618	

0.3302566	-0.07093098	2.917008	-0.4325431	-0.103558	2.887399	0.355779	-0.216339	2.926749	-0.4357343	-0.2672823	2.926343	0.3668795	-0.1124748	2.887954	-0.399456	-0.1592077	2.901706	-0.06630043	0.6787958	2.86218	-0.08261392	0.5317926	2.908338	-0.08007196	0.4522195	2.923066	-0.07161293	0.2081685	2.95774	-0.05845682	-0.1244486	2.994256	0.1059992	0.4261318	2.949764	-0.258753	0.4264138	2.902216	0.02542575	-0.1188021	2.963754	-0.1403952	-0.1265356	2.945195	0.2266967	0.1510739	2.97065	-0.3515764	0.1340801	2.930205	0.09840843	-0.5387022	3.082586	-0.1717902	-0.5408862	3.085974	0.1475921	-0.9204514	3.165576	-0.1624348	-0.923209	3.167638	

0.3313718	-0.07132357	2.918737	-0.432309	-0.1026915	2.888205	0.3627559	-0.2129494	2.92992	-0.4364822	-0.2763668	2.927671	0.3714117	-0.0909688	2.899529	-0.3956416	-0.193197	2.881667	-0.06582216	0.6788273	2.862183	-0.08180515	0.5318335	2.908702	-0.07931858	0.4522899	2.923326	-0.0710575	0.2083283	2.9577	-0.05813932	-0.124146	2.993772	0.1067265	0.4261511	2.949572	-0.2582267	0.4267398	2.902846	0.025888	-0.1185859	2.963079	-0.1402408	-0.1262059	2.944869	0.2271907	0.1511687	2.97081	-0.3528766	0.1342985	2.931044	0.09836014	-0.5365795	3.081667	-0.1716175	-0.5390839	3.085219	0.1476009	-0.9204285	3.165586	-0.1622738	-0.9225972	3.168202	

0.3330131	-0.07267076	2.919669	-0.4313811	-0.1029557	2.889283	0.3745323	-0.2172193	2.94426	-0.4455359	-0.2716527	2.895577	0.3701522	-0.1364816	2.884136	-0.403329	-0.1812447	2.86715	-0.06546593	0.6787837	2.861788	-0.08131868	0.5318117	2.908547	-0.07887015	0.4522932	2.923193	-0.07075725	0.2084072	2.95759	-0.05807427	-0.1240166	2.99365	0.1072013	0.4260304	2.949204	-0.2576504	0.426946	2.903366	0.0259141	-0.1183212	2.962775	-0.1401869	-0.1261652	2.944849	0.2283062	0.1503227	2.970387	-0.3541317	0.1327864	2.932309	0.09814254	-0.5344135	3.080487	-0.1715756	-0.538841	3.085134	0.1474004	-0.9203954	3.165769	-0.1623057	-0.9232598	3.168183	

0.334524	-0.07354135	2.921686	-0.4310196	-0.1043009	2.889346	0.3650497	-0.221296	2.935154	-0.4402597	-0.270344	2.896885	0.3756913	-0.09885877	2.907474	-0.4001291	-0.2045898	2.857584	-0.06475437	0.678291	2.860218	-0.07981827	0.5313368	2.908304	-0.07756469	0.4519394	2.922859	-0.06994629	0.2083638	2.956973	-0.05783443	-0.1236645	2.992299	0.1079168	0.4256707	2.948483	-0.2573829	0.4269787	2.903486	0.02626715	-0.1177145	2.960524	-0.1400884	-0.1260387	2.94421	0.2288126	0.1498552	2.970136	-0.3550145	0.1315371	2.932429	0.09787447	-0.5320182	3.078474	-0.171402	-0.5387068	3.084885	0.1473306	-0.9201998	3.165656	-0.1619253	-0.9233685	3.167985	

0.332644	-0.07557386	2.924159	-0.4248322	-0.1070343	2.891932	0.3520907	-0.2264132	2.936032	-0.4298314	-0.2737175	2.90962	0.357369	-0.1425631	2.88505	-0.3831823	-0.1174918	2.93125	-0.0634814	0.677602	2.859124	-0.07875949	0.5310751	2.907828	-0.07659936	0.4517708	2.92235	-0.06926471	0.2084752	2.956302	-0.05762867	-0.123134	2.991213	0.1086016	0.4256251	2.948204	-0.2570384	0.4270774	2.90361	0.02641416	-0.117213	2.959627	-0.1398864	-0.125568	2.943041	0.2285984	0.1494334	2.970342	-0.3540788	0.1311885	2.932793	0.09763838	-0.5308024	3.077371	-0.1714021	-0.5383952	3.084631	0.147301	-0.9201789	3.165663	-0.161578	-0.9222165	3.168303	

0.3291268	-0.0779594	2.925748	-0.4228337	-0.1132926	2.892566	0.3475603	-0.2261764	2.940264	-0.4234072	-0.2727506	2.906711	0.3536643	-0.1254086	2.895824	-0.3806874	-0.1407154	2.914572	-0.0629603	0.6772487	2.858787	-0.07811302	0.5305809	2.907166	-0.07597674	0.451335	2.921768	-0.06878754	0.2082311	2.9559	-0.05747354	-0.1231868	2.991029	0.1093798	0.4252216	2.948193	-0.2564246	0.4265505	2.903534	0.02653237	-0.1173685	2.959344	-0.1397127	-0.1255593	2.942947	0.2277119	0.1489974	2.970328	-0.352976	0.125646	2.933522	0.09753822	-0.5309503	3.077296	-0.1712774	-0.5375759	3.083979	0.1481982	-0.9219606	3.164945	-0.1618615	-0.9217929	3.168274	

0.2993529	-0.08951241	2.930884	-0.3997427	-0.1218022	2.897687	0.3134933	-0.2399843	2.941543	-0.3984379	-0.2858079	2.927597	0.3300539	-0.1415928	2.901913	-0.3587225	-0.1935675	2.912375	-0.06185324	0.6768581	2.858057	-0.07758906	0.5301459	2.906292	-0.07546447	0.4509292	2.920917	-0.06836859	0.2079426	2.955081	-0.05733437	-0.1233305	2.990272	0.1095496	0.4252934	2.947835	-0.2552322	0.4260994	2.902778	0.02668799	-0.1176578	2.958592	-0.1396236	-0.1255815	2.942238	0.2201788	0.147154	2.971852	-0.3464044	0.1225262	2.93259	0.09742949	-0.5304145	3.076658	-0.1711121	-0.5378909	3.083575	0.1483982	-0.9207912	3.164509	-0.1624874	-0.9212283	3.168498	

0.2855058	-0.09524217	2.933808	-0.3873318	-0.1218029	2.903015	0.2798451	-0.2469903	2.954001	-0.3815914	-0.2853449	2.936356	0.305941	-0.1501433	2.906	-0.3425193	-0.1946718	2.9069	-0.06093267	0.6768624	2.85734	-0.07709558	0.5298314	2.905192	-0.07499781	0.4506793	2.919936	-0.06802163	0.2078788	2.954376	-0.05722515	-0.1232308	2.98986	0.1096345	0.42533	2.947555	-0.2547847	0.4259804	2.902603	0.02673006	-0.1175616	2.95832	-0.1394598	-0.1255067	2.941714	0.2087585	0.142689	2.973983	-0.3371361	0.1238651	2.934479	0.09778567	-0.5318069	3.076584	-0.1708434	-0.5368339	3.082197	0.1478992	-0.9206012	3.164671	-0.162426	-0.9210669	3.168466	

0.2765474	-0.09750621	2.936661	-0.3815415	-0.1231291	2.906218	0.2707424	-0.2475477	2.958805	-0.3750299	-0.280261	2.932109	0.2841237	-0.1721141	2.901421	-0.3343131	-0.1944823	2.912667	-0.06069686	0.6766326	2.856923	-0.07678718	0.5296779	2.90443	-0.07470264	0.4505618	2.919267	-0.06779946	0.2078708	2.953929	-0.05716128	-0.1231488	2.989644	0.1094168	0.4252702	2.946954	-0.2542885	0.4257071	2.902187	0.0267727	-0.117452	2.958077	-0.1393978	-0.1254617	2.941561	0.2027556	0.1417728	2.976146	-0.332868	0.1233424	2.935198	0.09777474	-0.5323276	3.076333	-0.1708279	-0.5367376	3.081852	0.1475787	-0.9203073	3.164801	-0.162522	-0.9216571	3.168628	

0.2700487	-0.09943918	2.938763	-0.3760915	-0.123265	2.908128	0.2712866	-0.2453896	2.948713	-0.3651876	-0.2845803	2.938075	0.2924713	-0.1390952	2.917	-0.3331068	-0.2001044	2.901048	-0.06037187	0.676433	2.856399	-0.076709	0.5296518	2.904366	-0.07460956	0.4505327	2.91919	-0.06767906	0.2078467	2.953808	-0.05708244	-0.1231498	2.989489	0.1093272	0.4251504	2.946487	-0.2538369	0.4257	2.902071	0.02680712	-0.1174375	2.958033	-0.1392786	-0.1255127	2.941245	0.1998737	0.1412888	2.977634	-0.3282615	0.1236634	2.93696	0.09844112	-0.5345226	3.076305	-0.1709354	-0.5374417	3.08136	0.1473497	-0.9190884	3.165003	-0.1624261	-0.922126	3.168756	

0.2647987	-0.1014335	2.94028	-0.3712544	-0.1234741	2.910048	0.2719833	-0.2464658	2.950094	-0.3639661	-0.2873834	2.943161	0.2918019	-0.1389349	2.921715	-0.3256704	-0.1945156	2.9162	-0.06013061	0.6761105	2.856306	-0.07630757	0.5294411	2.904043	-0.07422712	0.4503563	2.918926	-0.06738313	0.2077757	2.953686	-0.05695352	-0.1231258	2.989494	0.1093615	0.4251766	2.946479	-0.2535671	0.4256008	2.901995	0.02684647	-0.1174154	2.958025	-0.1390259	-0.1255034	2.941296	0.1978658	0.140584	2.978137	-0.3252923	0.1241556	2.937437	0.09840202	-0.5352688	3.076297	-0.1704998	-0.549042	3.083554	0.1472679	-0.9187502	3.164932	-0.1621961	-0.9232509	3.168337	

0.2623812	-0.1025229	2.941702	-0.3677954	-0.122984	2.911085	0.2707084	-0.2482482	2.955142	-0.3589553	-0.2865373	2.948198	0.287114	-0.1317417	2.9244	-0.3230718	-0.1937057	2.9109	-0.05950796	0.675998	2.856084	-0.07607274	0.5294537	2.904123	-0.07398916	0.4503558	2.918991	-0.06716184	0.207751	2.953705	-0.05683556	-0.1231594	2.989471	0.1093943	0.4251824	2.946373	-0.2533102	0.4255491	2.902071	0.02691552	-0.1174681	2.958038	-0.1388557	-0.1255118	2.941233	0.1967102	0.1400999	2.979185	-0.3226172	0.1250256	2.93826	0.09931306	-0.5376675	3.077186	-0.1700482	-0.5469975	3.082376	0.1483647	-0.920504	3.165164	-0.1622354	-0.9229412	3.168474	

0.2598218	-0.1035293	2.942255	-0.3657612	-0.1221258	2.911265	0.2632774	-0.2544868	2.952227	-0.356187	-0.2824605	2.939653	0.2855301	-0.1650483	2.917	-0.323556	-0.1318403	2.93625	-0.05913321	0.6760329	2.855931	-0.07579421	0.5294203	2.903601	-0.07370837	0.450336	2.918527	-0.06690019	0.2077824	2.953387	-0.0566772	-0.123076	2.989328	0.1095188	0.425259	2.946013	-0.252525	0.425687	2.901947	0.02712993	-0.1174293	2.957769	-0.1387548	-0.1254067	2.941188	0.196307	0.1399154	2.979267	-0.3202413	0.12599	2.938852	0.09921245	-0.5380045	3.077107	-0.1696934	-0.5423167	3.080424	0.147839	-0.9191625	3.164994	-0.1621918	-0.922926	3.16846	

0.258037	-0.1044226	2.942571	-0.3634924	-0.1212886	2.912336	0.2593324	-0.2567416	2.959595	-0.3574497	-0.2792608	2.942368	0.2862415	-0.1566994	2.927158	-0.3207001	-0.177322	2.923714	-0.05822816	0.6760526	2.855263	-0.0753968	0.5295315	2.903748	-0.07327319	0.450442	2.918671	-0.06637368	0.207885	2.953515	-0.05615276	-0.122971	2.989435	0.1095585	0.4253189	2.94593	-0.2519368	0.425935	2.902069	0.02763926	-0.1173903	2.957875	-0.1382637	-0.1252445	2.941318	0.1958027	0.1395283	2.979593	-0.3188361	0.1271813	2.939639	0.1014034	-0.5628291	3.08786	-0.1698006	-0.5424516	3.080405	0.1475778	-0.9185913	3.164901	-0.1621654	-0.9230096	3.168442	

0.2569121	-0.1046355	2.942768	-0.36191	-0.1209141	2.912997	0.2574365	-0.2535002	2.953264	-0.3559094	-0.2741988	2.937371	0.282817	-0.1442247	2.922158	-0.3174042	-0.2026414	2.912813	-0.05680609	0.676406	2.855436	-0.0746917	0.5296059	2.904181	-0.07267838	0.4505262	2.91903	-0.06607462	0.2079945	2.953689	-0.05610797	-0.1228576	2.98948	0.1097153	0.4252872	2.945826	-0.2513313	0.4260125	2.902176	0.02769181	-0.1172963	2.957904	-0.1382395	-0.1251116	2.941394	0.1953107	0.1395992	2.980115	-0.3177949	0.1278362	2.93983	0.1007442	-0.5538813	3.083572	-0.1694107	-0.5419555	3.080143	0.1474498	-0.9184234	3.165158	-0.1623959	-0.9220181	3.168387	

0.2554121	-0.1049224	2.942964	-0.3567687	-0.1201229	2.913998	0.2584939	-0.2464691	2.953033	-0.3523341	-0.2717842	2.936088	0.2745045	-0.1738902	2.906187	-0.3094189	-0.1908525	2.915442	-0.05516526	0.6767232	2.855953	-0.07259096	0.5300249	2.904799	-0.07065193	0.4509606	2.919618	-0.06433941	0.2084951	2.954175	-0.05492611	-0.1222877	2.98983	0.1104485	0.4255758	2.946123	-0.2501279	0.4262258	2.902309	0.02903962	-0.1165495	2.958215	-0.1372747	-0.1247209	2.941796	0.1950689	0.1397609	2.980267	-0.3156063	0.1293226	2.940066	0.1005897	-0.5512773	3.081084	-0.1698819	-0.5444267	3.080126	0.1472188	-0.9178467	3.164807	-0.1620114	-0.9224548	3.168127	

0.2539051	-0.1044767	2.943505	-0.3511364	-0.1185688	2.913906	0.2547447	-0.2395105	2.947037	-0.3415109	-0.2794263	2.943777	0.280044	-0.1376693	2.923916	-0.3051064	-0.1979155	2.905421	-0.05215903	0.6777737	2.857881	-0.0700386	0.5309995	2.905824	-0.06808176	0.4519117	2.920597	-0.06177858	0.2094031	2.955004	-0.05260305	-0.1214173	2.990453	0.1121286	0.4263487	2.947363	-0.2482074	0.4269985	2.903293	0.03138086	-0.1155908	2.958775	-0.1350868	-0.1239787	2.942512	0.1947921	0.1405706	2.981148	-0.3121435	0.1313209	2.940291	0.100862	-0.5498691	3.079738	-0.1680614	-0.5438687	3.079334	0.1470156	-0.9170461	3.164725	-0.1615872	-0.9230664	3.168357	

0.2528861	-0.1045176	2.94387	-0.345225	-0.1169517	2.914612	0.2498156	-0.248549	2.94788	-0.3380305	-0.2805682	2.941545	0.2772654	-0.1691863	2.919556	-0.2996795	-0.1852446	2.9197	-0.04945869	0.6790472	2.85893	-0.06793137	0.5316595	2.906518	-0.06590511	0.4525974	2.921339	-0.05942734	0.2101915	2.955887	-0.05014625	-0.1204488	2.99153	0.1141503	0.4274417	2.948402	-0.2460848	0.4278404	2.904089	0.03356373	-0.1146408	2.959772	-0.1324459	-0.1230343	2.943701	0.1948238	0.1408669	2.981394	-0.3083988	0.133356	2.941031	0.1015952	-0.548238	3.076756	-0.1654034	-0.5422722	3.076801	0.1468728	-0.916277	3.164093	-0.1613639	-0.9228545	3.168491	

0.2522713	-0.104183	2.944111	-0.3420116	-0.1155538	2.914505	0.249539	-0.2476345	2.947561	-0.331526	-0.2807294	2.943216	0.2779252	-0.1500859	2.920999	-0.3003461	-0.191638	2.900584	-0.04612602	0.6799277	2.859767	-0.06553023	0.532089	2.907087	-0.06354814	0.4530497	2.921958	-0.05722505	0.2107312	2.956646	-0.04820494	-0.1197616	2.992474	0.1163464	0.4277253	2.949182	-0.2436853	0.4289106	2.90523	0.03543447	-0.1138985	2.960891	-0.1305017	-0.1224229	2.944498	0.1948947	0.1413839	2.98195	-0.305125	0.1347684	2.94151	0.1027538	-0.550683	3.075156	-0.1627406	-0.5444617	3.076124	0.1477762	-0.9178835	3.162874	-0.1608696	-0.9238418	3.168123	

0.2518125	-0.1029238	2.944043	-0.3341239	-0.1137812	2.915103	0.2411969	-0.2534565	2.952604	-0.3249106	-0.2781571	2.94422	0.2847246	-0.1606736	2.927556	-0.2875741	-0.1989232	2.900963	-0.04058129	0.6812034	2.861916	-0.0596941	0.5340489	2.909193	-0.05756068	0.4549278	2.92405	-0.05081308	0.2123777	2.958689	-0.04132648	-0.1184028	2.994456	0.123641	0.430127	2.951876	-0.2371506	0.4309197	2.90659	0.0413462	-0.1125191	2.962275	-0.1227997	-0.12115	2.947181	0.1970065	0.1432229	2.982422	-0.2999203	0.1369535	2.942615	0.1049762	-0.5512557	3.07143	-0.160248	-0.5456771	3.074104	0.1476793	-0.9179665	3.162839	-0.159896	-0.9259132	3.16619	

0.2509767	-0.09966213	2.944518	-0.3292872	-0.1115823	2.915297	0.2586856	-0.2394062	2.956991	-0.3178464	-0.2778732	2.941057	0.2869374	-0.1456611	2.9305	-0.2819064	-0.1874649	2.9096	-0.03752156	0.6817549	2.862953	-0.05389614	0.5344042	2.911191	-0.05204729	0.4553497	2.925844	-0.04614321	0.2129928	2.959926	-0.03770337	-0.1175629	2.995087	0.1273468	0.4312095	2.953012	-0.23386	0.4324699	2.907759	0.0448538	-0.1115886	2.962697	-0.1192027	-0.1204271	2.948014	0.2002074	0.1472302	2.984198	-0.2928584	0.1387452	2.944202	0.1064712	-0.5517383	3.070005	-0.1575976	-0.5458208	3.070713	0.1474444	-0.917634	3.162316	-0.1593774	-0.9279347	3.16366	

0.2510558	-0.09848579	2.945208	-0.3257149	-0.1102323	2.915627	0.2491822	-0.2468624	2.959707	-0.3168233	-0.269954	2.928121	0.2833792	-0.1633275	2.918333	-0.276564	-0.1938531	2.9094	-0.0339443	0.6825377	2.86378	-0.04974348	0.5344523	2.912886	-0.04795172	0.4555164	2.927576	-0.04226087	0.2135336	2.961742	-0.03417803	-0.1164909	2.99699	0.1321675	0.4324108	2.954562	-0.2291801	0.4336084	2.909358	0.04848031	-0.1107788	2.964563	-0.1158885	-0.1191236	2.949946	0.2031046	0.1489366	2.985155	-0.2894568	0.1400501	2.945444	0.1078159	-0.551717	3.068512	-0.1557176	-0.5461301	3.06882	0.1474648	-0.9177431	3.161592	-0.1589557	-0.9302198	3.161251	

0.251265	-0.09769735	2.945929	-0.3226099	-0.1088633	2.916296	0.2531274	-0.2451406	2.954061	-0.312012	-0.2741935	2.938995	0.2894208	-0.1379922	2.9265	-0.2758228	-0.1919373	2.910105	-0.02986989	0.68336	2.864418	-0.04699815	0.5349601	2.913852	-0.04496656	0.456112	2.928786	-0.03849965	0.2144546	2.963804	-0.02929162	-0.1149726	3.000464	0.1364189	0.4343733	2.956199	-0.2250983	0.4350677	2.911647	0.05280457	-0.1091579	2.967785	-0.110567	-0.1177647	2.953671	0.2057283	0.1501211	2.986304	-0.2849048	0.142349	2.947837	0.1101707	-0.5514749	3.067611	-0.1532652	-0.546496	3.06731	0.1474805	-0.9176701	3.161034	-0.1586052	-0.9317597	3.160297	

0.25498	-0.09591153	2.949183	-0.3142308	-0.1066201	2.919606	0.2579677	-0.2459064	2.959267	-0.3039035	-0.2709284	2.938401	0.2921411	-0.1540375	2.925843	-0.2709853	-0.1892262	2.908696	-0.02504617	0.6840071	2.866497	-0.03916588	0.5368695	2.91757	-0.03725031	0.4579129	2.932642	-0.03124243	0.2159254	2.967981	-0.02284595	-0.1139454	3.004857	0.1434749	0.4354517	2.958323	-0.2175286	0.4368056	2.915349	0.05950052	-0.1083056	2.971376	-0.1045125	-0.1165699	2.958926	0.2134039	0.1525196	2.990235	-0.278249	0.1434824	2.952066	0.1125983	-0.5505257	3.065858	-0.1466541	-0.5488503	3.064716	0.1475505	-0.9179039	3.160977	-0.157393	-0.9319413	3.159629	

0.257505	-0.09484828	2.950877	-0.3072532	-0.1071555	2.923857	0.2594923	-0.2463442	2.967604	-0.2972419	-0.2673493	2.952006	0.3040144	-0.126522	2.940214	-0.2639297	-0.1849165	2.922565	-0.01971666	0.685216	2.86795	-0.03405432	0.5379063	2.91927	-0.03211134	0.4590428	2.934604	-0.02601505	0.2173603	2.970764	-0.01749987	-0.1120397	3.008839	0.1487655	0.4374039	2.960155	-0.2132547	0.4372802	2.918303	0.06475036	-0.106786	2.975884	-0.09923756	-0.1143418	2.962374	0.2188449	0.1540316	2.992086	-0.2726553	0.1433539	2.95358	0.1152098	-0.5499713	3.065079	-0.142481	-0.5495425	3.062873	0.1477013	-0.9179476	3.160789	-0.1565088	-0.9317973	3.159442	

0.2620409	-0.09326448	2.952247	-0.3029411	-0.107464	2.926385	0.2688349	-0.2344144	2.959559	-0.2981978	-0.2635286	2.945532	0.3015305	-0.1229079	2.933522	-0.2607843	-0.1873585	2.925667	-0.01596777	0.6857484	2.867956	-0.02975889	0.5385452	2.920911	-0.02779009	0.4596775	2.936451	-0.02164274	0.2179781	2.973228	-0.01311165	-0.1114615	3.012115	0.1524367	0.4382975	2.960586	-0.2085355	0.4380785	2.920302	0.06893735	-0.1061777	2.978888	-0.09480382	-0.1138147	2.965889	0.2228289	0.1554952	2.993737	-0.2668342	0.1426256	2.958552	0.1188507	-0.5487905	3.064917	-0.1347602	-0.5587661	3.062676	0.1488983	-0.9180396	3.160392	-0.154413	-0.9334894	3.158198	

0.269469	-0.09104215	2.956966	-0.2941447	-0.1057393	2.93475	0.2748074	-0.236064	2.980432	-0.2867346	-0.2648862	2.960413	0.3105778	-0.1283713	2.942429	-0.2563348	-0.1865723	2.927434	-0.01078233	0.6857944	2.868898	-0.02334727	0.5398169	2.92302	-0.02146955	0.4609018	2.938869	-0.01558256	0.2190643	2.976568	-0.007355909	-0.1105549	3.016717	0.1602713	0.4401842	2.963455	-0.2011012	0.4381574	2.924453	0.07500285	-0.1051199	2.983442	-0.08951032	-0.1130783	2.970516	0.2314436	0.157939	2.998037	-0.2579199	0.1444708	2.964951	0.1258247	-0.5458803	3.068737	-0.1329749	-0.5575635	3.063472	0.150126	-0.9179605	3.160057	-0.1535537	-0.9327035	3.158508	

0.274935	-0.09062246	2.960777	-0.2905644	-0.1056387	2.939875	0.2775562	-0.2397197	2.978715	-0.2861986	-0.2652371	2.964414	0.317382	-0.1596608	2.949556	-0.2464269	-0.1962737	2.939	-0.006370079	0.6858882	2.871025	-0.01915441	0.5401711	2.924687	-0.0173889	0.4613498	2.940722	-0.01184475	0.2197973	2.97897	-0.004076078	-0.1094177	3.019844	0.1646737	0.441791	2.964725	-0.1970442	0.4385076	2.927608	0.07836737	-0.1041918	2.986559	-0.08640542	-0.1117659	2.973648	0.2364888	0.1583553	3.001243	-0.2542541	0.1447521	2.967044	0.1282704	-0.5422715	3.069806	-0.1311181	-0.5576658	3.06447	0.151439	-0.9184738	3.160417	-0.1533193	-0.9325717	3.158093	

0.2793096	-0.09055007	2.964149	-0.2868638	-0.1061001	2.943536	0.2901468	-0.2346231	2.988283	-0.2769673	-0.2680545	2.977418	0.3192877	-0.1668951	2.950556	-0.2446467	-0.166624	2.9457	-0.002998909	0.6858768	2.872286	-0.01535295	0.5404074	2.926369	-0.0134758	0.4616134	2.942621	-0.007640571	0.2201468	2.981536	0.0004287257	-0.1089484	3.023311	0.1678631	0.4418185	2.965447	-0.1933169	0.4394886	2.930246	0.08228572	-0.1038923	2.989394	-0.08140667	-0.1111209	2.977804	0.2402026	0.1584426	3.003622	-0.2516036	0.1444886	2.970194	0.1309046	-0.5387052	3.0718	-0.1290081	-0.5566068	3.065829	0.1519003	-0.9189397	3.160622	-0.1520911	-0.9315533	3.158474	

0.3043628	-0.08709311	2.984064	-0.2770839	-0.102569	2.960578	0.3123995	-0.2309016	3.004218	-0.2718966	-0.2467113	2.991096	0.3373069	-0.1359698	2.9714	-0.2343805	-0.189796	2.960867	0.004731947	0.6866632	2.875259	-0.007049734	0.5419455	2.930713	-0.006163517	0.4631195	2.947131	-0.002863638	0.2215895	2.986502	0.002611439	-0.107452	3.02916	0.1736465	0.4440369	2.968375	-0.1884445	0.4403183	2.932911	0.08448261	-0.1028849	2.994383	-0.07933878	-0.1091321	2.984555	0.2494799	0.1598711	3.011163	-0.2417757	0.1483132	2.980886	0.1338021	-0.5344381	3.078392	-0.1258443	-0.5590552	3.072046	0.1530373	-0.9190253	3.160563	-0.1509573	-0.9297507	3.160892	

0.3065922	-0.08995191	2.987808	-0.2747867	-0.1003772	2.968357	0.3189048	-0.2350245	3.011414	-0.276946	-0.2489015	3.000458	0.3410192	-0.1204599	2.97825	-0.2334134	-0.2010658	2.976111	0.007824332	0.6873447	2.876128	-0.006150362	0.5423595	2.93165	-0.005239799	0.4635842	2.948422	-0.002049502	0.2222353	2.989251	0.002615408	-0.1065572	3.034663	0.1746794	0.4443046	2.96854	-0.1857889	0.4416103	2.935486	0.08469135	-0.1022284	2.998791	-0.07958478	-0.108027	2.991197	0.2526677	0.1572425	3.015144	-0.2406769	0.1508292	2.983272	0.1366618	-0.5364046	3.086505	-0.1259277	-0.5636626	3.080828	0.1540638	-0.9182379	3.162045	-0.1510142	-0.9283	3.163641	

0.3076031	-0.09281727	2.992091	-0.2751149	-0.09962256	2.970937	0.3172662	-0.2363676	3.019408	-0.2764923	-0.2546335	3.007402	0.3400519	-0.1244581	2.984666	-0.2372951	-0.1541184	2.981	0.008685026	0.6874123	2.876477	-0.004847842	0.5425403	2.931789	-0.004208691	0.463743	2.948799	-0.001536628	0.2223733	2.990384	0.00208256	-0.1064383	3.037604	0.1751473	0.4440372	2.968215	-0.1851444	0.442123	2.936589	0.08438855	-0.1023437	3.001457	-0.08033878	-0.107674	2.99437	0.2543661	0.1547	3.017267	-0.2406933	0.1516158	2.984321	0.1375561	-0.5360442	3.088421	-0.1252452	-0.5586729	3.083178	0.1549731	-0.9178168	3.16356	-0.1514378	-0.926854	3.164894	

0.30735	-0.09339576	2.993863	-0.2754204	-0.09931794	2.971683	0.3161147	-0.2363428	3.02025	-0.2784264	-0.2546397	3.009782	0.3396442	-0.1299636	2.989	-0.2124646	-0.210054	2.987667	0.009324894	0.6875792	2.876621	-0.004196012	0.5427063	2.931872	-0.003669892	0.4638946	2.949004	-0.00129069	0.2225032	2.990934	0.001865066	-0.1063346	3.038591	0.175726	0.4433709	2.96786	-0.1845706	0.4429129	2.937124	0.08421613	-0.10236	3.002597	-0.08058123	-0.1074795	2.995198	0.2545569	0.1543595	3.01743	-0.2409777	0.1519854	2.985028	0.1377947	-0.5360571	3.089044	-0.1263527	-0.5512545	3.08504	0.1554906	-0.9173008	3.163395	-0.1516394	-0.9258451	3.166743	

0.3072892	-0.09363096	2.994171	-0.2761286	-0.0988335	2.972916	0.3116192	-0.2361728	3.026154	-0.2797626	-0.2544399	3.012729	0.3337829	-0.131264	2.98237	-0.2093482	-0.1889008	2.9896	0.009928628	0.6876391	2.876531	-0.003817396	0.5428283	2.932122	-0.003331638	0.4640231	2.949342	-0.00116841	0.2226457	2.991543	0.001609161	-0.1061985	3.039347	0.1762092	0.4431713	2.967831	-0.1843844	0.4438606	2.937913	0.08401699	-0.1023225	3.003212	-0.0808848	-0.107239	2.996086	0.2544878	0.1541906	3.017728	-0.2412024	0.1524697	2.985626	0.1378227	-0.5353074	3.089407	-0.1262509	-0.5510359	3.085277	0.1559426	-0.9170175	3.16398	-0.1515205	-0.9257797	3.167774	

0.3006159	-0.09522267	2.993837	-0.2770739	-0.09915378	2.972625	0.2927277	-0.2446727	3.011089	-0.2782771	-0.2643251	3.009221	0.3157489	-0.1433729	2.966973	-0.2337771	-0.1147412	2.997	0.01052763	0.6875485	2.876087	-0.003760804	0.5427272	2.931854	-0.003290791	0.4639682	2.949211	-0.00116736	0.222644	2.991547	0.001579996	-0.1061576	3.039461	0.176525	0.4426625	2.967582	-0.1844324	0.444156	2.937937	0.08398949	-0.1022364	3.003367	-0.08091111	-0.1072341	2.996161	0.2535858	0.1538558	3.01736	-0.2416224	0.1521387	2.985861	0.138023	-0.5355011	3.08961	-0.1300374	-0.5559737	3.089264	0.1560508	-0.9168696	3.16399	-0.1516796	-0.9260093	3.167793	

0.2718665	-0.09535918	2.964544	-0.2785419	-0.0987958	2.967564	0.2687749	-0.2477278	2.968329	-0.2785124	-0.2598016	2.979421	0.3035257	-0.1350315	2.943158	-0.2089339	-0.1752314	2.964	0.01073411	0.6872329	2.871599	-0.006232996	0.5417489	2.925645	-0.005607441	0.4630474	2.94365	-0.003297873	0.2218467	2.987526	-0.0004560833	-0.1069082	3.036285	0.1766051	0.4418838	2.962632	-0.1857003	0.4438702	2.935084	0.08208681	-0.1026782	3.000725	-0.08303531	-0.1083424	2.992329	0.2468125	0.1554097	3.007739	-0.242131	0.1523602	2.98388	0.1373824	-0.5362673	3.088225	-0.129922	-0.5565766	3.088865	0.1559417	-0.916758	3.16388	-0.1499177	-0.9272513	3.167007	

0.271037	-0.09575604	2.961505	-0.2786156	-0.09852029	2.965389	0.2701478	-0.2472276	2.964539	-0.2693453	-0.2690147	2.983421	0.2907094	-0.182983	2.9101	-0.210268	-0.1539655	2.966857	0.009843119	0.6867546	2.866177	-0.006706028	0.5417072	2.923305	-0.006228982	0.4629921	2.941259	-0.004500642	0.2217426	2.985	-0.002597526	-0.1070995	3.033234	0.1747108	0.4410541	2.955513	-0.1867542	0.4447101	2.93174	0.0800778	-0.1030067	2.998035	-0.08524315	-0.1083729	2.988899	0.2428039	0.1550461	3.001616	-0.2427649	0.1527507	2.981053	0.1347942	-0.5355083	3.084648	-0.1283948	-0.5503009	3.08272	0.1557574	-0.9166979	3.163569	-0.1434312	-0.9328595	3.160179	

0.2706586	-0.09576918	2.958334	-0.279076	-0.09956013	2.963084	0.2698942	-0.2470053	2.961762	-0.2795079	-0.2689392	2.990251	0.305245	-0.1312952	2.93	-0.2104261	-0.1633152	2.964297	0.008558472	0.6860717	2.862619	-0.008778292	0.5413851	2.919808	-0.008195056	0.4626387	2.938076	-0.006217234	0.2213132	2.982708	-0.003905497	-0.107579	3.03184	0.1740845	0.4409873	2.953642	-0.1882654	0.4447989	2.928073	0.07848046	-0.1036073	2.996697	-0.08625951	-0.108735	2.987449	0.2408903	0.1548852	2.998364	-0.243632	0.1517951	2.978446	0.1332875	-0.5354446	3.082825	-0.1281398	-0.5501744	3.082238	0.1555026	-0.9165956	3.16327	-0.1405084	-0.9355062	3.157098	

0.270233	-0.09637928	2.9576	-0.281649	-0.09978495	2.960441	0.2666257	-0.2545543	2.965594	-0.2849637	-0.2710922	2.993014	0.2874963	-0.1882199	2.9126	-0.2156899	-0.1807185	2.968125	0.006563473	0.6854852	2.860942	-0.01011223	0.5413238	2.918493	-0.009658189	0.4624753	2.936771	-0.008177462	0.2207934	2.981464	-0.006582214	-0.1086994	3.030704	0.1715386	0.4402219	2.951722	-0.1899762	0.4444401	2.925853	0.07594735	-0.1047503	2.995682	-0.08898503	-0.1097944	2.986205	0.2387465	0.1542277	2.996233	-0.247766	0.1518231	2.974311	0.1328579	-0.5357836	3.082954	-0.1286211	-0.549423	3.084247	0.1555426	-0.9164038	3.163326	-0.1402937	-0.9355604	3.157176	

0.2690952	-0.0971329	2.957603	-0.2838954	-0.1012932	2.959217	0.2638258	-0.2552192	2.968857	-0.2917722	-0.2672682	2.987112	0.2980991	-0.1541215	2.936222	-0.2185404	-0.1522258	2.969895	0.005180348	0.6848866	2.860085	-0.01291228	0.5401027	2.917078	-0.0122749	0.4613276	2.935425	-0.01027464	0.219865	2.980366	-0.007923943	-0.1093225	3.029927	0.1702166	0.4395793	2.95143	-0.1923863	0.4439542	2.925123	0.07457415	-0.1051978	2.994459	-0.09032661	-0.1105952	2.985801	0.2370418	0.1534757	2.995735	-0.2502885	0.1503711	2.973301	0.1320778	-0.5348434	3.082824	-0.1293047	-0.5469801	3.088455	0.1555138	-0.9165469	3.163371	-0.1394067	-0.9352092	3.158958	

0.2625883	-0.09829046	2.961766	-0.2881714	-0.1020339	2.959847	0.2574641	-0.2558305	2.97586	-0.2964703	-0.2694374	2.996077	0.2867022	-0.167774	2.943692	-0.2246656	-0.1666776	2.971091	0.0008356614	0.6840931	2.858652	-0.01716065	0.5387404	2.915848	-0.01656224	0.4599578	2.934222	-0.01466077	0.2184878	2.979291	-0.01219694	-0.1106426	3.029042	0.1641361	0.4385863	2.950942	-0.1960083	0.4431449	2.923881	0.07018945	-0.1061345	2.993362	-0.09435559	-0.112252	2.985153	0.2300934	0.1527359	2.994975	-0.2534499	0.1494927	2.973011	0.1299341	-0.5327317	3.082172	-0.1313301	-0.5478999	3.094631	0.1549714	-0.9159077	3.163474	-0.1394985	-0.9347237	3.159083	

0.2584692	-0.09913556	2.965021	-0.2944859	-0.1027501	2.959595	0.2516816	-0.2497463	2.984936	-0.3094823	-0.2701048	2.996153	0.2866589	-0.1504753	2.96	-0.2287056	-0.1529601	2.969714	-0.003042676	0.6841251	2.859338	-0.02182175	0.5382318	2.914975	-0.0211562	0.4593688	2.933438	-0.01906193	0.2176673	2.978799	-0.0162743	-0.1117424	3.028906	0.1590322	0.4376648	2.951908	-0.2022178	0.4421377	2.923427	0.06584613	-0.1072979	2.993195	-0.09802619	-0.1132545	2.985068	0.224072	0.1518264	2.995893	-0.2600577	0.1488285	2.971987	0.1288659	-0.5330687	3.083172	-0.1326472	-0.5478115	3.09727	0.1545609	-0.9158229	3.163735	-0.1394601	-0.9341468	3.159748	

0.2508857	-0.09743892	2.966267	-0.3083036	-0.1057103	2.960422	0.2420322	-0.2523713	2.979564	-0.3167661	-0.2666965	2.999402	0.2644109	-0.1840718	2.942455	-0.2379646	-0.168235	2.973	-0.01444403	0.6839109	2.86158	-0.02985498	0.5377659	2.915739	-0.02909212	0.459065	2.934207	-0.0266957	0.2178463	2.979617	-0.02343231	-0.11094	3.029791	0.1503569	0.4395698	2.953584	-0.2090584	0.441907	2.924555	0.05847752	-0.1060191	2.994421	-0.1047932	-0.1129237	2.985653	0.2155737	0.1534788	2.996604	-0.2682611	0.1461796	2.973682	0.1251925	-0.5364175	3.086908	-0.134188	-0.5469673	3.099128	0.1541784	-0.9152597	3.164312	-0.1407126	-0.9275234	3.162141	

0.2438359	-0.09876836	2.966816	-0.3113894	-0.1052483	2.960079	0.2283118	-0.2570833	2.981843	-0.3166262	-0.2742634	3.000113	0.2618723	-0.1550107	2.94279	-0.2406503	-0.1322674	2.9706	-0.01875744	0.6829367	2.862616	-0.03474016	0.5381657	2.916095	-0.03384627	0.4593433	2.934546	-0.03104683	0.2177838	2.979925	-0.0272378	-0.1114025	3.030062	0.1455748	0.4384532	2.953699	-0.2134428	0.4412742	2.925126	0.05505313	-0.1066451	2.99487	-0.1088874	-0.1132043	2.985736	0.2118177	0.152692	2.996345	-0.2712308	0.1454908	2.974777	0.122759	-0.5395969	3.088964	-0.1362253	-0.545146	3.099253	0.1534678	-0.9147342	3.164851	-0.140921	-0.9278219	3.162317	

0.2316918	-0.09747548	2.963666	-0.3151915	-0.1086983	2.96144	0.2178874	-0.2546612	2.966113	-0.3272325	-0.2762674	3.006504	0.2535292	-0.154152	2.937944	-0.2486024	-0.1623438	2.973818	-0.02577963	0.6829261	2.863157	-0.04206882	0.5371675	2.91715	-0.04068436	0.4583673	2.935544	-0.0364595	0.216883	2.980769	-0.0309237	-0.1121874	3.030714	0.1405749	0.4379832	2.954396	-0.2189147	0.4406994	2.924927	0.05135277	-0.1076268	2.995725	-0.112447	-0.113789	2.986203	0.2045645	0.1544138	2.996085	-0.2768802	0.1423538	2.975938	0.118611	-0.5422043	3.092705	-0.1386968	-0.5447639	3.097416	0.1531218	-0.9145138	3.16518	-0.1409261	-0.9278244	3.162382	

0.2276914	-0.0969523	2.96305	-0.3181064	-0.1110833	2.963679	0.2172739	-0.256891	2.976279	-0.3325822	-0.2835307	3.00122	0.2518597	-0.1801822	2.95	-0.276585	-0.1819066	2.967944	-0.02961493	0.682913	2.864226	-0.04749142	0.5367973	2.918356	-0.04564046	0.4579921	2.936654	-0.04004989	0.2165081	2.981612	-0.03288464	-0.1125268	3.031238	0.1361697	0.4388644	2.954264	-0.224278	0.43769	2.925471	0.04952742	-0.1078091	2.996167	-0.1144869	-0.114292	2.986818	0.2010491	0.1549831	2.995974	-0.2806517	0.1401211	2.976548	0.115166	-0.5478941	3.100154	-0.1417582	-0.5438028	3.095946	0.1524748	-0.9145849	3.165836	-0.1409648	-0.9278709	3.162459	

0.2256703	-0.0958587	2.962878	-0.3211925	-0.1130465	2.964812	0.2212184	-0.2569482	2.97473	-0.3357395	-0.2810561	3.008942	0.2543261	-0.1366221	2.944786	-0.2522987	-0.1682524	2.973889	-0.03136538	0.6831924	2.864562	-0.04877203	0.5366796	2.918122	-0.04696131	0.457869	2.936451	-0.04142879	0.2163672	2.981507	-0.03416235	-0.1126923	3.031258	0.1340302	0.4387304	2.953794	-0.2261728	0.4376115	2.925287	0.04820187	-0.1079878	2.996444	-0.1157199	-0.1144464	2.986592	0.1989323	0.1561203	2.995476	-0.2830502	0.1397963	2.976437	0.1148183	-0.5477597	3.100497	-0.1430927	-0.5425021	3.094666	0.1523607	-0.9144876	3.165979	-0.1411554	-0.928054	3.162791	

0.2244495	-0.09515902	2.962742	-0.3248424	-0.1161982	2.965463	0.2153636	-0.2580557	2.974017	-0.3395357	-0.2875955	3.010382	0.2548762	-0.1470041	2.944674	-0.2956258	-0.2242291	2.9595	-0.03284599	0.6834161	2.863957	-0.05104791	0.5366544	2.917862	-0.04920692	0.4578174	2.936235	-0.04352243	0.2162355	2.981419	-0.03591485	-0.1129254	3.031315	0.1328782	0.4381684	2.953507	-0.2283931	0.4379677	2.924705	0.04652874	-0.1081593	2.996509	-0.1174779	-0.1147338	2.98664	0.1970161	0.1567511	2.995514	-0.2851547	0.1392949	2.975945	0.1136709	-0.5481225	3.100053	-0.1444748	-0.5426115	3.093808	0.1515106	-0.9148614	3.166577	-0.1412958	-0.9283792	3.162904	

0.2230128	-0.09493207	2.962618	-0.3279273	-0.1191937	2.965314	0.2200379	-0.2522315	2.974161	-0.3409615	-0.2800969	3.002684	0.2544777	-0.1428656	2.943696	-0.2954963	-0.2049362	2.944583	-0.03389893	0.6834236	2.863199	-0.05215502	0.5366415	2.916622	-0.05033053	0.4577815	2.935107	-0.04467852	0.2161297	2.980589	-0.03707583	-0.1131274	3.030823	0.1316176	0.4376683	2.952918	-0.2300733	0.4375242	2.923464	0.04559636	-0.1083118	2.996096	-0.1188424	-0.1149837	2.986066	0.1957877	0.1570372	2.995227	-0.2872059	0.1378394	2.975071	0.1135169	-0.5685242	3.100988	-0.1455575	-0.5426983	3.092801	0.1516048	-0.9173373	3.166027	-0.1408347	-0.9296111	3.163815	

0.2228063	-0.09457736	2.962484	-0.3289192	-0.1189745	2.965263	0.2167791	-0.2560022	2.977304	-0.3424691	-0.2840744	3.011938	0.2537414	-0.1587486	2.948333	-0.2948331	-0.2087867	2.95012	-0.03626487	0.6833795	2.861555	-0.05305504	0.5365427	2.915264	-0.05129352	0.4577033	2.933898	-0.04583307	0.2161018	2.979764	-0.03854451	-0.1131023	3.030427	0.1297566	0.4372721	2.951928	-0.2314875	0.4380557	2.922957	0.04409009	-0.1081926	2.995847	-0.1202378	-0.1150507	2.98552	0.1951578	0.1573935	2.994776	-0.2886017	0.1376793	2.974567	0.1110526	-0.5596148	3.093741	-0.1457577	-0.5429712	3.092248	0.1513781	-0.9173163	3.166032	-0.1408477	-0.9303945	3.163603	

0.2231195	-0.09664062	2.962502	-0.3322168	-0.1191239	2.965182	0.2239908	-0.2529657	2.987038	-0.3485276	-0.2811974	3.012094	0.256135	-0.126392	2.948692	-0.311435	-0.1961742	2.939706	-0.03835573	0.6751516	2.835039	-0.05617088	0.5300592	2.88917	-0.05479864	0.452176	2.911391	-0.04995413	0.2129662	2.966371	-0.04245919	-0.1141387	3.025216	0.1263372	0.432232	2.933926	-0.2344326	0.4337176	2.902314	0.0410363	-0.1092728	2.991508	-0.1249764	-0.1159784	2.979361	0.1939674	0.1553223	2.993114	-0.2930833	0.1347163	2.969023	0.09844629	-0.5526896	3.041034	-0.1476485	-0.549326	3.066157	0.1483649	-0.9170734	3.161575	-0.1407932	-0.931192	3.163141	

0.2317909	-0.1283927	2.974961	-0.3410287	-0.130224	2.980634	0.2248388	-0.2682171	3.023156	-0.3623299	-0.2855585	3.067543	0.2655046	-0.1573017	2.978188	-0.3158318	-0.213619	2.990833	-0.03513968	0.6345175	2.76667	-0.04323633	0.4952355	2.831059	-0.04350856	0.4189517	2.85928	-0.04503033	0.1893201	2.938783	-0.04335103	-0.1211732	3.024426	0.1266174	0.4045777	2.87589	-0.2263601	0.4038852	2.850368	0.04054738	-0.1173658	2.989804	-0.1261503	-0.1219716	2.979384	0.199927	0.1235498	2.978936	-0.2967527	0.117706	2.961351	0.1014426	-0.5591379	3.009742	-0.1461425	-0.5642068	3.005792	0.146874	-0.9242227	3.152431	-0.140649	-0.9366724	3.15614	

0.2391434	-0.1428685	2.992701	-0.3451067	-0.1368939	2.995163	0.2337646	-0.2738816	3.046724	-0.3710831	-0.2756389	3.082044	0.2752542	-0.1804815	3.006917	-0.3141837	-0.2345051	3.032572	-0.03153349	0.6202155	2.751659	-0.04379785	0.4766772	2.816419	-0.04361263	0.4033501	2.848406	-0.04360656	0.1762767	2.932549	-0.04184923	-0.1339211	3.027568	0.1291083	0.3932196	2.867612	-0.2244726	0.3892564	2.838428	0.04265005	-0.1302303	2.992973	-0.1252599	-0.1341572	2.982596	0.2016242	0.1065704	2.976172	-0.2973842	0.1070867	2.957199	0.1036329	-0.5628998	2.994222	-0.146587	-0.5648149	2.998122	0.1472501	-0.9271567	3.148852	-0.1410248	-0.9384299	3.153039	

0.2433432	-0.1490462	3.00117	-0.3482052	-0.1452155	3.003912	0.2402942	-0.2676836	3.061189	-0.364177	-0.2769028	3.094224	0.2762096	-0.1667127	3.006526	-0.3156822	-0.2297256	3.028907	-0.02984307	0.6030854	2.738767	-0.0424581	0.4646564	2.807419	-0.04229673	0.3910157	2.840462	-0.0421062	0.1651885	2.928817	-0.04069326	-0.1442303	3.031333	0.1311705	0.3735926	2.853026	-0.2234704	0.374316	2.828071	0.04445221	-0.1403266	2.996686	-0.1247796	-0.1444173	2.986482	0.2032734	0.09851177	2.974578	-0.2955783	0.09554167	2.956879	0.1038768	-0.5660127	2.982722	-0.1443009	-0.5693275	2.987731	0.1470354	-0.9278517	3.145843	-0.1407854	-0.9407092	3.149405	

0.2582732	-0.2417447	3.06181	-0.3391276	-0.2173333	3.065578	0.2536776	-0.3356874	3.141743	-0.3863783	-0.2993442	3.18487	0.2874652	-0.2370759	3.072	-0.3066817	-0.2909594	3.113778	-0.01286039	0.4472122	2.652836	-0.03362213	0.3127233	2.741766	-0.03346806	0.2446952	2.786181	-0.03285439	0.03673529	2.909187	-0.03187163	-0.2454817	3.062692	0.1423522	0.2403284	2.794192	-0.2040941	0.2411227	2.764807	0.05606099	-0.2401817	3.02916	-0.1189885	-0.2444263	3.016929	0.2150727	-0.0119502	2.97812	-0.2849818	-0.008704685	2.946791	0.1010864	-0.6214406	2.907048	-0.1351433	-0.6294398	2.902675	0.1475052	-0.9342068	3.135642	-0.1354201	-0.9465749	3.140296	

0.2453962	-0.3388948	3.057393	-0.3336983	-0.3142635	3.044696	0.2367936	-0.4342594	3.12936	-0.3343506	-0.4188885	3.176335	0.2749342	-0.345526	3.063375	-0.2791891	-0.3821701	3.086	0.004073316	0.3149818	2.603849	-0.02194256	0.2010801	2.674249	-0.02447042	0.142588	2.740663	-0.03203636	-0.03580725	2.929595	-0.04212138	-0.2770654	3.171176	0.1528746	0.1174615	2.757229	-0.1907032	0.113499	2.723976	0.04552374	-0.2740994	3.135978	-0.1287197	-0.2731084	3.127134	0.2226373	-0.1156477	2.954645	-0.27314	-0.1123239	2.91943	0.09039726	-0.6217841	2.866867	-0.1235837	-0.6188504	2.853174	0.1429752	-0.943267	3.124437	-0.1290944	-0.9578727	3.122304	

0.2349428	-0.4156895	3.044609	-0.3247444	-0.3943716	3.027524	0.2166864	-0.4947067	3.100922	-0.3271747	-0.4562053	3.117108	0.2660686	-0.4256757	3.047584	-0.2722518	-0.4403968	3.060111	0.006566191	0.2678675	2.588842	-0.02159673	0.1558755	2.659165	-0.02672534	0.08608616	2.713938	-0.04222962	-0.1216789	2.869398	-0.06302708	-0.4025427	3.065998	0.1557587	0.06378748	2.745543	-0.1847397	0.06015578	2.710347	0.02787754	-0.4020471	3.032258	-0.152319	-0.3926836	3.020874	0.2210398	-0.1882578	2.949354	-0.2723984	-0.18197	2.915479	0.1246446	-0.6709527	2.723953	-0.08407804	-0.6781247	2.720505	0.1799369	-1.032659	2.966925	-0.09643232	-1.041415	2.966848	

0.245427	-0.4836215	2.942885	-0.2935942	-0.4683369	2.932439	0.2207607	-0.5855874	2.986829	-0.3095646	-0.5748544	3.009874	0.2621218	-0.4969161	2.940937	-0.2331174	-0.5513069	2.937692	0.01196146	0.2430372	2.573895	-0.01889171	0.1228605	2.637209	-0.0234783	0.06858289	2.705101	-0.03745982	-0.1235294	2.875972	-0.04242343	-0.3749966	3.122973	0.1561151	0.03547222	2.720144	-0.1796335	0.03645748	2.684053	0.04374411	-0.3722295	3.088408	-0.1275252	-0.3682807	3.078566	0.2137239	-0.2404612	2.896678	-0.2530603	-0.2333434	2.863606	0.08418882	-0.6744455	2.801945	-0.1012959	-0.6808221	2.803091	0.1409665	-0.9435458	3.098275	-0.1206437	-0.9552421	3.091558	

0.2241608	-0.496695	2.759452	-0.2608387	-0.5203801	2.74882	0.210523	-0.6225293	2.775772	-0.1730053	-0.6920412	2.76341	0.2521397	-0.5313956	2.751625	-0.1576941	-0.5288433	2.7545	0.01328149	0.2628127	2.563584	-0.01867796	0.1238575	2.633042	-0.02340691	0.06044418	2.683275	-0.03911686	-0.1553987	2.812895	-0.06026411	-0.4420566	2.988519	0.1552644	0.03557077	2.6981	-0.1820028	0.04165978	2.657286	0.03318738	-0.4482587	2.951566	-0.1521334	-0.4242132	2.946775	0.2134992	-0.2467927	2.80804	-0.2769966	-0.2684319	2.75363	0.05708647	-0.8000705	2.743297	-0.07672188	-0.7301031	2.673492	0.1403344	-0.9440634	3.091555	-0.08757729	-1.07211	2.946615	

0.21908	-0.4467497	2.695987	-0.2570711	-0.4623328	2.679073	0.1985957	-0.6021882	2.706155	-0.2490564	-0.6210907	2.686574	0.2456671	-0.4686894	2.663928	-0.1705714	-0.5181533	2.753191	0.01335548	0.3063462	2.552955	-0.02082519	0.1636326	2.608346	-0.02403642	0.09359686	2.659536	-0.03388514	-0.1106709	2.79517	-0.0465665	-0.3889669	2.967681	0.1546112	0.07792952	2.665452	-0.1823742	0.08120082	2.624391	0.03978285	-0.3844182	2.936905	-0.1316926	-0.3831781	2.919586	0.2134228	-0.2006719	2.767068	-0.2766326	-0.2106321	2.708374	0.1074371	-0.7425133	2.754402	-0.09899907	-0.7497653	2.746411	0.1427762	-0.950492	3.094625	-0.1247192	-0.9536372	3.071102	

0.2100719	-0.3048631	2.562572	-0.2554774	-0.3338961	2.540964	0.1710634	-0.4594046	2.529273	-0.2305318	-0.4758633	2.497105	0.2009853	-0.4289644	2.492444	-0.2044594	-0.3490742	2.512215	6.409485E-05	0.4180266	2.527901	-0.02471028	0.2739258	2.567991	-0.02356858	0.2030804	2.615085	-0.01998252	-0.01348326	2.746029	-0.01501619	-0.3072575	2.909873	0.14518	0.1740162	2.618482	-0.1890551	0.1799395	2.579341	0.06600082	-0.2987916	2.879504	-0.09564088	-0.3073712	2.861132	0.2215731	-0.07573614	2.683152	-0.2878975	-0.09575937	2.63617	0.1089503	-0.6816308	2.768813	-0.1112307	-0.694955	2.769644	0.1491582	-1.003966	3.061628	-0.1284897	-1.016736	3.065109	

0.1967719	-0.1376243	2.482385	-0.2599236	-0.1535942	2.459334	0.1583921	-0.2714263	2.468464	-0.2272489	-0.2939705	2.430021	0.2092535	-0.2330651	2.472	-0.194766	-0.1673393	2.4765	-0.02020646	0.575844	2.495153	-0.03718867	0.4297357	2.530332	-0.03690113	0.3571974	2.57281	-0.03585326	0.1346366	2.690152	-0.03424933	-0.16837	2.836009	0.1349885	0.331415	2.565407	-0.2124489	0.329227	2.539894	0.04869827	-0.1634874	2.802353	-0.1162481	-0.1685384	2.790253	0.2191814	0.08648309	2.61283	-0.298633	0.06963973	2.587327	0.1091407	-0.5719172	2.781151	-0.1312938	-0.5739131	2.779052	0.1442066	-0.9090819	3.059142	-0.1335855	-0.9155666	3.053996	

0.1858152	0.01277788	2.406466	-0.2610868	0.01189142	2.39272	0.1713724	-0.1198655	2.409783	-0.2351387	-0.1367106	2.371555	0.120386	-0.01579374	2.498375	-0.1880851	-0.01658694	2.402	-0.04453127	0.7700003	2.436924	-0.05441381	0.6291714	2.472603	-0.05075043	0.5500929	2.497701	-0.03935505	0.3064891	2.563355	-0.02363486	-0.02700133	2.640537	0.1260328	0.522118	2.502169	-0.2303655	0.5201963	2.478553	0.05996286	-0.01685977	2.602277	-0.1065221	-0.03632946	2.599231	0.2063833	0.2682362	2.52866	-0.3094026	0.2665127	2.510921	0.1114507	-0.3750819	2.713802	-0.1586877	-0.4788487	2.755892	0.1599875	-0.7746182	2.899497	-0.1651983	-0.8826287	2.937594	

0.2384805	0.04973687	2.282406	-0.2876366	0.006238043	2.281341	0.2221545	-0.1022859	2.242375	-0.2708636	-0.1496084	2.272183	0.1944825	-0.02716857	2.256572	-0.2318897	-0.0500196	2.2465	-0.05597442	0.8082568	2.26065	-0.05848285	0.6652933	2.309963	-0.05819193	0.5858901	2.332269	-0.05703735	0.3406782	2.38974	-0.05516976	0.004033925	2.456057	0.1284849	0.5594785	2.325989	-0.23871	0.5544878	2.316037	0.02813035	0.006815154	2.418806	-0.1366845	0.001121948	2.413742	0.2167554	0.2915714	2.374259	-0.2995211	0.2779317	2.36242	0.1144201	-0.5101032	2.485498	-0.1645381	-0.5234047	2.474274	0.1671504	-0.9532184	2.527716	-0.1902416	-1.002732	2.488995	

0.2455476	0.009237356	2.271224	-0.2911103	-0.01343534	2.276348	0.2405389	-0.1338722	2.223011	-0.281162	-0.1860166	2.258301	0.2077463	-0.04726359	2.253684	-0.2364147	-0.09887411	2.220722	-0.05324958	0.7683333	2.240131	-0.05390431	0.6331273	2.295451	-0.05402183	0.5538489	2.318003	-0.05409838	0.3090734	2.376105	-0.05385325	-0.02692094	2.44308	0.1323541	0.5267805	2.3095	-0.2370577	0.5282087	2.3044	0.02987752	-0.02350036	2.404919	-0.135825	-0.02949044	2.401658	0.2258504	0.2532967	2.356253	-0.2993544	0.2484884	2.351715	0.1137322	-0.5455864	2.44508	-0.1637171	-0.5583508	2.435835	0.1668597	-1.001406	2.459664	-0.1730731	-1.013908	2.432191	

0.2563209	-0.3207715	2.230337	-0.2878958	-0.3209816	2.249834	0.2773424	-0.4851592	2.267616	-0.3015876	-0.4924021	2.262372	0.1902492	-0.3593757	2.192423	-0.2246638	-0.4190951	2.202455	-0.01564673	0.4889159	2.090287	-0.02577701	0.3319084	2.137903	-0.02532459	0.2541797	2.163629	-0.02380348	0.01519656	2.230457	-0.02157972	-0.3112127	2.307953	0.1496174	0.2249905	2.165126	-0.203287	0.2298736	2.163044	0.06511988	-0.3048854	2.26974	-0.1075426	-0.3069018	2.267273	0.2222164	-0.06608111	2.235827	-0.2647998	-0.0684977	2.241608	0.1088572	-0.6890336	2.164289	-0.1438554	-0.6963001	2.187801	0.1445203	-1.075485	2.37184	-0.1766652	-1.090517	2.38186	

0.2539053	-0.2389624	2.199195	-0.2849801	-0.2434925	2.226499	0.2672459	-0.415935	2.236751	-0.2899436	-0.4276011	2.259395	0.1904628	-0.3268287	2.165158	-0.218042	-0.3455157	2.197846	-0.01510716	0.5703844	2.0833	-0.02407916	0.4119408	2.12186	-0.0229168	0.3329461	2.145397	-0.01923907	0.08957567	2.205868	-0.01409469	-0.2436043	2.275016	0.1533995	0.3010292	2.145335	-0.2038152	0.3045312	2.143258	0.07016426	-0.2366965	2.236294	-0.09786341	-0.2420365	2.234584	0.2230111	0.01434974	2.208493	-0.2611322	0.01317618	2.214282	0.1139706	-0.6658888	2.205061	-0.1433931	-0.6741989	2.218298	0.1482938	-1.061941	2.381134	-0.1688413	-1.079201	2.392537	

0.256932	-0.193089	2.114558	-0.2586804	-0.2216202	2.140599	0.2514928	-0.3560796	2.102185	-0.2339699	-0.3966422	2.15037	0.2158524	-0.2221852	2.1214	-0.2150542	-0.2574582	2.170294	-0.01480888	0.6185817	2.130153	-0.02614225	0.4565069	2.148978	-0.02526162	0.3716645	2.164488	-0.0219113	0.1123824	2.207108	-0.01805485	-0.2282817	2.259742	0.158673	0.33179	2.161446	-0.206769	0.331706	2.15041	0.06521402	-0.2209048	2.222284	-0.1007029	-0.2275687	2.217876	0.2276836	0.05344775	2.184208	-0.2565075	0.06412687	2.167389	0.1221422	-0.6552509	2.299616	-0.137715	-0.6626286	2.315208	0.1528954	-1.050078	2.39566	-0.1633429	-1.076106	2.408847	

0.2557723	-0.1965614	2.118918	-0.2583891	-0.2226247	2.139606	0.2497649	-0.373702	2.110553	-0.2261141	-0.4060562	2.140515	0.2180567	-0.2534045	2.108147	-0.2053962	-0.305376	2.164714	-0.0153056	0.6149018	2.132809	-0.0267688	0.453228	2.150016	-0.02573381	0.369734	2.165838	-0.02220273	0.1123969	2.208097	-0.01809971	-0.2283872	2.259765	0.1576201	0.3299383	2.163117	-0.2075039	0.3322357	2.153542	0.06513315	-0.2209791	2.222375	-0.1007234	-0.2277571	2.217838	0.2259252	0.05070892	2.184923	-0.2564519	0.06168426	2.167822	0.1224908	-0.6580616	2.306314	-0.137313	-0.6616793	2.316692	0.1548191	-1.049126	2.402956	-0.1626579	-1.074808	2.410956	

0.2478417	-0.202521	2.132795	-0.2582095	-0.2226543	2.139547	0.2409058	-0.3846842	2.130147	-0.2233646	-0.4054057	2.139084	0.2122379	-0.2810259	2.115762	-0.2080965	-0.257271	2.165429	-0.0166488	0.6117076	2.136265	-0.02819023	0.4506623	2.153137	-0.02697905	0.3678121	2.169565	-0.02287333	0.1125611	2.211865	-0.01794577	-0.2286423	2.261098	0.1546939	0.3291436	2.167449	-0.2086728	0.3318919	2.159411	0.06512351	-0.2207287	2.224298	-0.1004221	-0.2284524	2.218871	0.2210131	0.04735538	2.187038	-0.2568363	0.05955199	2.170173	0.1257577	-0.6560669	2.327615	-0.1376027	-0.667752	2.333176	0.1567458	-1.047249	2.408231	-0.1604582	-1.068464	2.416397	

0.2417261	-0.2038389	2.141771	-0.2574431	-0.2234055	2.1408	0.2310449	-0.3794321	2.149853	-0.2275673	-0.3967213	2.152039	0.1962101	-0.2347161	2.154	-0.2072378	-0.2707988	2.16555	-0.01861129	0.6085901	2.139598	-0.03079811	0.4478838	2.157787	-0.02948947	0.3655464	2.175019	-0.02497216	0.1121428	2.218409	-0.01893418	-0.2294976	2.266692	0.1517332	0.3281182	2.170753	-0.211064	0.3322842	2.165566	0.06397487	-0.2210449	2.229409	-0.1011848	-0.2299161	2.224907	0.216004	0.04702837	2.190407	-0.2589366	0.05401927	2.175211	0.1260501	-0.6598662	2.34042	-0.1400181	-0.6655937	2.342588	0.1569396	-1.04597	2.410556	-0.1607168	-1.066554	2.419543	

0.2368105	-0.2037123	2.147516	-0.2600515	-0.2252129	2.152015	0.2202981	-0.3751929	2.156179	-0.240929	-0.3945265	2.171657	0.1899066	-0.2566497	2.1506	-0.2196336	-0.2617244	2.188846	-0.02143097	0.6076097	2.141848	-0.03494885	0.4470819	2.162219	-0.03376252	0.3651787	2.180463	-0.02958191	0.113335	2.226567	-0.02333468	-0.22836	2.277601	0.1467261	0.3284326	2.175857	-0.2156298	0.3340874	2.172345	0.05957649	-0.2195515	2.23945	-0.1054109	-0.2292501	2.23662	0.2095346	0.04865088	2.197504	-0.2624919	0.05057285	2.183939	0.1251448	-0.6606494	2.343491	-0.1416672	-0.669264	2.348461	0.157028	-1.045413	2.411868	-0.160979	-1.066527	2.420424	

0.2161397	-0.1995751	2.167539	-0.3025259	-0.2181891	2.218688	0.1964786	-0.3722526	2.173973	-0.2980834	-0.3953948	2.251968	0.17257	-0.2557559	2.160094	-0.2398494	-0.2812096	2.238455	-0.03338107	0.6050736	2.146911	-0.05041156	0.4460296	2.170536	-0.04867033	0.3647649	2.189936	-0.04313252	0.1146293	2.238873	-0.03532462	-0.2265922	2.293598	0.1314441	0.3302618	2.187024	-0.2294229	0.3341364	2.179974	0.04744178	-0.2187732	2.257161	-0.1168868	-0.2266616	2.250975	0.1909214	0.05141433	2.215165	-0.2903019	0.04181256	2.218086	0.1192537	-0.6652431	2.355448	-0.1459292	-0.6657725	2.352829	0.1568557	-1.04559	2.41207	-0.1614012	-1.065225	2.423336	

0.2133534	-0.1991726	2.169707	-0.3029674	-0.2179167	2.218482	0.1898863	-0.3730978	2.178459	-0.3002361	-0.3965312	2.251832	0.1634418	-0.2841628	2.19925	-0.2396968	-0.2797079	2.237484	-0.03728933	0.6042112	2.148341	-0.05342747	0.4457094	2.172045	-0.05162695	0.3645634	2.191638	-0.04584761	0.1147372	2.240927	-0.03763869	-0.2264279	2.295843	0.1284185	0.3299066	2.18891	-0.2328517	0.3345594	2.181639	0.04535465	-0.2188663	2.259655	-0.1193618	-0.2262364	2.252954	0.1886565	0.05185307	2.21684	-0.290773	0.0419432	2.218538	0.1170176	-0.6673226	2.358567	-0.1476823	-0.6639407	2.354659	0.1566362	-1.045801	2.412516	-0.1614925	-1.064709	2.42489	

0.200617	-0.1987637	2.1735	-0.3061059	-0.21838	2.216987	0.174322	-0.3722348	2.175439	-0.3097022	-0.3962722	2.243801	0.1436579	-0.2455512	2.189273	-0.2425748	-0.2815604	2.234013	-0.04240392	0.6039164	2.150121	-0.05998157	0.4456358	2.175154	-0.05821694	0.3645278	2.194584	-0.05246505	0.1147531	2.243172	-0.04433013	-0.2267308	2.296997	0.1204993	0.3294022	2.191838	-0.2398811	0.3357388	2.183292	0.03932158	-0.2191098	2.26049	-0.1264846	-0.2265742	2.254405	0.1788543	0.05261656	2.220164	-0.2939029	0.04270328	2.217929	0.1150564	-0.6694579	2.359953	-0.1529399	-0.6756745	2.363029	0.1559017	-1.045469	2.413418	-0.1661108	-1.072582	2.426179	

0.1966133	-0.1988779	2.17387	-0.3079235	-0.218867	2.215679	0.1720743	-0.3721785	2.179196	-0.3066245	-0.4000616	2.238645	0.1392798	-0.2454567	2.1976	-0.2522028	-0.2858786	2.241196	-0.04507408	0.6036529	2.150993	-0.06240228	0.4455556	2.175862	-0.06070033	0.364712	2.195156	-0.05535362	0.1158069	2.243261	-0.04813677	-0.2242409	2.296123	0.116815	0.3287829	2.193022	-0.2428478	0.3356043	2.183478	0.03580076	-0.216704	2.260216	-0.1305177	-0.2240268	2.252827	0.1742665	0.05232984	2.221399	-0.2959795	0.04338769	2.217127	0.09336279	-0.6052054	2.340992	-0.154029	-0.6106284	2.348724	0.1417463	-0.9813204	2.424555	-0.1469459	-0.9897164	2.426466	

0.1935906	-0.1990759	2.174205	-0.3098123	-0.2189552	2.207124	0.1686545	-0.3779214	2.181533	-0.3037927	-0.3977948	2.217403	0.1351297	-0.2960637	2.1925	-0.256797	-0.2877394	2.237	-0.04778264	0.6033771	2.152146	-0.06586698	0.445284	2.176514	-0.06402849	0.3646733	2.195538	-0.05838787	0.116385	2.242844	-0.05100076	-0.2230029	2.294557	0.113834	0.3285082	2.193784	-0.2459414	0.3361818	2.183618	0.03325201	-0.215707	2.259145	-0.1335897	-0.2225625	2.250692	0.169971	0.05202316	2.221648	-0.2996356	0.04388622	2.213738	0.09214601	-0.6062878	2.340634	-0.15447	-0.6103374	2.348264	0.1416747	-0.9819447	2.424777	-0.1469533	-0.9896723	2.426466	

0.1909006	-0.1995928	2.174337	-0.3144419	-0.222585	2.200479	0.1697666	-0.385338	2.188498	-0.3107034	-0.4039274	2.21926	0.1391741	-0.2595287	2.201823	-0.2574861	-0.2829426	2.221925	-0.05066814	0.6031643	2.153032	-0.06914704	0.4447735	2.175985	-0.0674161	0.3643469	2.194735	-0.0621429	0.1166459	2.241027	-0.05522009	-0.2220066	2.290991	0.1102895	0.3278213	2.193889	-0.2494213	0.3359149	2.182138	0.02925119	-0.2151497	2.256596	-0.1378766	-0.2210876	2.245951	0.1674491	0.05158251	2.221344	-0.3051855	0.04368528	2.207574	0.08923014	-0.606979	2.337985	-0.1551929	-0.6101652	2.347471	0.1412206	-0.9821371	2.424551	-0.1473404	-0.9896317	2.426286	

0.1909649	-0.2001136	2.174786	-0.3226597	-0.2231371	2.193516	0.1772699	-0.3917253	2.190934	-0.3217762	-0.4013525	2.207391	0.1330423	-0.280419	2.196975	-0.2575967	-0.2569404	2.208909	-0.05305895	0.6033069	2.153012	-0.07221331	0.4442672	2.174584	-0.07043854	0.3639373	2.192987	-0.06502251	0.116507	2.238032	-0.05770429	-0.2219595	2.285886	0.1071827	0.3269537	2.192971	-0.2531409	0.3353945	2.179119	0.02673879	-0.2148592	2.252939	-0.1401345	-0.2213704	2.239214	0.1653245	0.05104484	2.22026	-0.3087935	0.04057295	2.203757	0.08755437	-0.6073867	2.335993	-0.1562109	-0.6088096	2.344875	0.1407261	-0.9819607	2.423739	-0.1482016	-0.9894161	2.425388	

0.1911461	-0.2007162	2.174701	-0.3258894	-0.2234899	2.191249	0.1822623	-0.3892464	2.189368	-0.3242579	-0.3987625	2.199159	0.1318769	-0.2822171	2.19563	-0.2979997	-0.3036704	2.178966	-0.05488034	0.6032618	2.153001	-0.07435376	0.4440648	2.173728	-0.07246617	0.3637874	2.191973	-0.06666143	0.1164877	2.236566	-0.05875562	-0.2219398	2.283953	0.1056084	0.326571	2.192092	-0.2546736	0.3352601	2.177755	0.02545023	-0.2145761	2.251307	-0.1409073	-0.2216222	2.237035	0.1638602	0.05039821	2.219115	-0.3106308	0.03973743	2.20153	0.08681243	-0.607731	2.3353	-0.1568243	-0.6076572	2.342654	0.1401408	-0.9815996	2.423036	-0.1486708	-0.9880022	2.424048	

0.191266	-0.2012178	2.174636	-0.3295517	-0.2223507	2.188219	0.1820004	-0.3914976	2.193884	-0.3276131	-0.4009044	2.208241	0.1239293	-0.2763113	2.185571	-0.2667072	-0.2384159	2.2095	-0.05655073	0.6030911	2.152819	-0.07562905	0.4437109	2.17282	-0.07372863	0.3634552	2.190931	-0.06780683	0.1162125	2.235111	-0.05960108	-0.2222266	2.282045	0.104262	0.3260288	2.191018	-0.2564956	0.3348954	2.175518	0.02411389	-0.2147823	2.248064	-0.1413413	-0.2218931	2.236183	0.1626577	0.05007613	2.217882	-0.3120526	0.03802559	2.200438	0.08587288	-0.6080716	2.334289	-0.1569829	-0.6071777	2.341416	0.1397363	-0.9813565	2.422145	-0.1490113	-0.98818	2.423701	

0.1913836	-0.2049363	2.174439	-0.3311987	-0.2228325	2.186813	0.1831021	-0.3904405	2.193124	-0.3290828	-0.4002687	2.206696	0.1292991	-0.2735274	2.191271	-0.3019744	-0.302977	2.1722	-0.05796887	0.6031456	2.15197	-0.07714637	0.4435801	2.171085	-0.07512099	0.3633288	2.189152	-0.06877096	0.1160808	2.233228	-0.0599575	-0.2224514	2.280148	0.1031464	0.3257443	2.189829	-0.2573636	0.3347826	2.174295	0.02381456	-0.2149839	2.246003	-0.141696	-0.2221216	2.234659	0.1618429	0.04953459	2.216555	-0.3131828	0.03720362	2.198849	0.08501085	-0.6082133	2.33252	-0.1572261	-0.6073554	2.340009	0.1395946	-0.9815794	2.421836	-0.1491729	-0.9881911	2.423172	

0.1915211	-0.2067285	2.173557	-0.3322633	-0.2232974	2.186281	0.1839212	-0.3910282	2.190824	-0.32596	-0.4062044	2.210711	0.1229616	-0.2830352	2.180686	-0.3057836	-0.2876028	2.175902	-0.0596704	0.6027873	2.15079	-0.07922731	0.4431911	2.169656	-0.07686294	0.3629943	2.187649	-0.06964561	0.1158599	2.231456	-0.05972963	-0.2226429	2.277716	0.1014055	0.3252019	2.187614	-0.2589008	0.3342923	2.17262	0.02424673	-0.2149587	2.2438	-0.1416887	-0.2225398	2.232131	0.1610417	0.04909037	2.215073	-0.3144993	0.03694898	2.197172	0.08430593	-0.607834	2.330711	-0.1572205	-0.6073424	2.339522	0.1393016	-0.9818532	2.421221	-0.1492153	-0.9881384	2.423151	

0.1916208	-0.206825	2.170974	-0.3332902	-0.2234139	2.187089	0.1808734	-0.3915312	2.186158	-0.3343136	-0.3959656	2.206033	0.1288375	-0.2754743	2.18882	-0.3093856	-0.2862489	2.179477	-0.06141297	0.6027117	2.148845	-0.08099599	0.4428239	2.167592	-0.07852868	0.3626748	2.185552	-0.07088846	0.1156792	2.229329	-0.06034009	-0.2226997	2.275797	0.1003986	0.3251612	2.186347	-0.2602919	0.3339697	2.170923	0.02379307	-0.2150409	2.241778	-0.1424025	-0.2225712	2.2304	0.1600714	0.04853298	2.212697	-0.3154846	0.035575	2.1967	0.08383142	-0.6072326	2.329468	-0.1574306	-0.6071942	2.338668	0.1386677	-0.9817695	2.419699	-0.1492421	-0.9881424	2.423197	

