0.129206	0.01645716	2.623865	-0.1772396	-0.04013802	3.003654	0.07391614	-0.1297892	2.608417	-0.1998666	-0.1925968	2.983325	0.1432327	-0.07089124	2.623333	-0.1775463	-0.1853991	2.986	-0.04082337	0.737938	2.820103	0.007629873	0.5996596	2.853291	0.004548565	0.5277046	2.856416	-0.006222259	0.3081414	2.856319	-0.02477074	0.008294558	2.848836	0.1326182	0.4820321	2.769547	-0.1054697	0.4888106	2.920536	0.04286448	0.007987449	2.780432	-0.09314334	0.008820015	2.846014	0.1860486	0.235503	2.687852	-0.1559085	0.229064	3.058353	0.05465032	-0.3484886	2.605026	-0.045825	-0.3658227	2.7483	0.1177666	-0.8284455	2.651943	-0.05507958	-0.6804283	2.908819	

0.1308202	0.009075671	2.624166	-0.176828	-0.05043258	2.996814	0.08263775	-0.1434671	2.60037	-0.1977675	-0.193363	2.982526	0.1529801	-0.08051485	2.625667	-0.1724166	-0.1324909	3.003273	-0.0403865	0.7381384	2.819819	0.00791436	0.5996816	2.852628	0.004518919	0.5276825	2.855894	-0.007318958	0.3077649	2.855826	-0.0278922	0.007010783	2.848275	0.1327974	0.4819385	2.769288	-0.1064464	0.4848877	2.920044	0.04008135	0.007091585	2.779819	-0.09596642	0.007140456	2.845465	0.1841098	0.2337148	2.689058	-0.157012	0.224402	3.056566	0.05755638	-0.3481253	2.601861	-0.0442535	-0.3669887	2.748198	0.1194191	-0.8280513	2.650276	-0.02002333	-0.6918742	2.887366	

0.1313144	0.008557942	2.625154	-0.1735889	-0.06467912	2.988246	0.07755477	-0.1437224	2.597349	-0.1900504	-0.1958739	2.982258	0.1426299	-0.08002879	2.6151	-0.1672246	-0.1909516	2.9702	-0.04019521	0.7381512	2.819726	0.007934535	0.5997206	2.852454	0.004474782	0.5276867	2.855756	-0.007525515	0.3075891	2.855792	-0.02799877	0.00651393	2.848352	0.1330081	0.4816166	2.769001	-0.1063958	0.4846721	2.920091	0.03998967	0.006685219	2.779962	-0.09599841	0.006467499	2.845431	0.182414	0.2310274	2.691188	-0.156928	0.2241228	3.056517	0.0616529	-0.3458086	2.595957	-0.04425345	-0.3675343	2.747437	0.1214017	-0.8255497	2.647804	-0.01993911	-0.6918362	2.887807	

0.1490153	0.006300042	2.643512	-0.1727714	-0.03313058	3.006537	0.1155679	-0.1483633	2.620613	-0.1777772	-0.198669	2.979444	0.1705081	-0.07601987	2.649417	-0.1576981	-0.1236301	2.952091	-0.03987344	0.738493	2.819682	0.008692017	0.6012141	2.850698	0.004608897	0.528828	2.854228	-0.008371188	0.3078449	2.855024	-0.02912502	0.005984114	2.847791	0.1333675	0.481621	2.76793	-0.1083294	0.4811327	2.919838	0.03945439	0.005979614	2.779347	-0.09759506	0.006201066	2.844439	0.187301	0.2251638	2.701513	-0.157673	0.219838	3.055375	0.075004	-0.3562982	2.62471	-0.05390364	-0.3723155	2.777266	0.1293835	-0.836163	2.679688	-0.03558847	-0.6971557	2.917323	

0.1545905	0.004545819	2.649094	-0.1772372	-0.05922419	3.010689	0.1214054	-0.149678	2.626637	-0.1827474	-0.2039433	3.010766	0.1695982	-0.07464591	2.638377	-0.162668	-0.1357588	2.97575	-0.03976003	0.73971	2.819059	0.008810783	0.6018181	2.850203	0.004736934	0.529388	2.853653	-0.008112677	0.3080256	2.854436	-0.02754831	0.005547721	2.846593	0.1336991	0.4817497	2.768233	-0.1082783	0.4811524	2.919386	0.04180916	0.005412908	2.778308	-0.0961095	0.005489955	2.842573	0.1911363	0.2223467	2.707077	-0.1555434	0.2178176	3.052159	0.071366	-0.3485954	2.59943	-0.05249422	-0.3736197	2.785752	0.1267606	-0.8292145	2.64869	-0.02203378	-0.7138342	2.885784	

0.1615016	-0.00817303	2.648517	-0.177625	-0.06458993	3.010678	0.1280956	-0.1639452	2.617992	-0.1816974	-0.2076943	3.022194	0.172184	-0.1022453	2.620261	-0.1631923	-0.2043774	3.024	-0.04038729	0.7403495	2.818456	0.008675985	0.6024182	2.84849	0.004827518	0.529933	2.851828	-0.006999379	0.3082191	2.852465	-0.02283197	0.005504834	2.843723	0.1343531	0.4818188	2.768497	-0.1094691	0.4798823	2.916643	0.04823816	0.005445094	2.775642	-0.09305643	0.005423222	2.839854	0.1940776	0.2207275	2.709381	-0.1555772	0.2047116	3.027571	0.06930318	-0.3529453	2.606494	-0.04990821	-0.3704886	2.747604	0.1247304	-0.8333872	2.657551	-0.01696342	-0.7025006	2.869223	

0.1621624	-0.008962627	2.648164	-0.1766465	-0.05578234	3.01014	0.1316065	-0.1640935	2.623164	-0.1816167	-0.2064293	3.010884	0.1726091	-0.1071052	2.622637	-0.1711123	-0.2001625	3.0104	-0.0407279	0.7408432	2.818546	0.008500756	0.6034259	2.847755	0.004740512	0.5307785	2.851197	-0.006899448	0.3085787	2.852192	-0.02263618	0.005583254	2.843704	0.1343607	0.4820583	2.768624	-0.1096074	0.4795053	2.915912	0.04865788	0.005501117	2.775523	-0.09299225	0.005512484	2.839908	0.1945027	0.2209968	2.709712	-0.1553932	0.2041927	3.026657	0.07126705	-0.3546042	2.611374	-0.05031398	-0.3709046	2.750977	0.1276028	-0.8347563	2.663619	-0.01736796	-0.7029128	2.872597	

0.1625297	-0.00927811	2.647954	-0.1777887	-0.06961977	3.000672	0.1284733	-0.1639108	2.623586	-0.1769579	-0.2138875	3.012026	0.1722817	-0.1004531	2.622936	-0.1850302	-0.1500718	2.999857	-0.04121342	0.7417076	2.81909	0.008239289	0.6036313	2.847586	0.004533833	0.5309743	2.851018	-0.006949266	0.3087031	2.852043	-0.02255712	0.005651316	2.843613	0.1341904	0.4823777	2.768595	-0.1100272	0.4787428	2.915502	0.04877138	0.005579559	2.775439	-0.09296457	0.005562516	2.83984	0.1945698	0.2210928	2.709749	-0.1553019	0.2023817	3.024209	0.07059148	-0.3571621	2.61885	-0.05027026	-0.3709097	2.751336	0.1282305	-0.8370206	2.6719	-0.02899676	-0.6083453	2.905235	

0.1627135	-0.009570985	2.647793	-0.1778727	-0.06992107	2.999073	0.1284721	-0.1639182	2.623767	-0.1783412	-0.2116466	2.99647	0.1756526	-0.08515237	2.625053	-0.2121758	-0.1437776	2.962765	-0.04162262	0.7428025	2.819261	0.007537066	0.6049632	2.84727	0.003902862	0.5321046	2.85076	-0.007328706	0.3092309	2.851993	-0.02273413	0.005745048	2.843742	0.1341362	0.4827549	2.768741	-0.1103865	0.4788074	2.915262	0.04868149	0.005559346	2.775631	-0.09337681	0.005872223	2.839966	0.194647	0.2211614	2.709781	-0.1556152	0.2024163	3.023923	0.05791828	-0.3532404	2.606179	-0.05034933	-0.3707502	2.752883	0.1183395	-0.8336783	2.652829	-0.03098192	-0.6947855	2.894669	

0.1625816	-0.009174625	2.647074	-0.1758488	-0.07209601	2.992688	0.1298004	-0.1640106	2.624469	-0.1765225	-0.2121233	2.987026	0.1767883	-0.07948562	2.636625	-0.2051181	-0.0997889	2.9752	-0.04244527	0.7442929	2.820212	0.006917993	0.6063069	2.84701	0.003215803	0.5332729	2.850481	-0.008161262	0.3098779	2.851737	-0.02387911	0.005794521	2.843596	0.1337656	0.4829702	2.768699	-0.1120062	0.4781396	2.915192	0.04757405	0.005354998	2.775484	-0.09462285	0.006179794	2.839864	0.194561	0.2213528	2.709981	-0.1556715	0.199111	3.018634	0.06140674	-0.3520045	2.602627	-0.03818825	-0.3716345	2.800034	0.1203322	-0.8323848	2.651195	-0.01708028	-0.6998362	2.932631	

0.1623872	-0.0093128	2.646835	-0.1757059	-0.07235886	2.990404	0.128423	-0.1637167	2.628943	-0.1785339	-0.2098785	2.984248	0.1692012	-0.08522541	2.6205	-0.2125422	-0.1603176	2.957733	-0.04278675	0.7447689	2.821054	0.006293474	0.6070724	2.847108	0.00274135	0.5339167	2.850444	-0.008317215	0.3102331	2.851456	-0.02368788	0.0059126	2.842943	0.1330907	0.4835891	2.768642	-0.114674	0.4756907	2.915636	0.0479136	0.005619496	2.77447	-0.09455114	0.006188833	2.839535	0.1945179	0.2213853	2.709997	-0.1565977	0.1961601	3.018521	0.06106125	-0.3522085	2.602758	-0.0438228	-0.3722571	2.787735	0.1237081	-0.8326593	2.647127	-0.03702022	-0.6943312	2.93445	

0.1620161	-0.009142249	2.646572	-0.1757848	-0.07207295	2.989538	0.130014	-0.1634955	2.622222	-0.1803422	-0.2078159	2.986845	0.1689867	-0.09121621	2.62313	-0.2136658	-0.1463657	2.956942	-0.0429612	0.7460409	2.822393	0.006021748	0.6076635	2.847177	0.002488849	0.534453	2.850452	-0.008482553	0.3105521	2.851346	-0.02374312	0.00597961	2.842822	0.1326991	0.4840651	2.76882	-0.1156632	0.4746418	2.915842	0.04791009	0.00563759	2.774421	-0.09469771	0.006317466	2.839341	0.1944499	0.2216106	2.710183	-0.1568473	0.1947799	3.018213	0.05981001	-0.3523379	2.602977	-0.04821207	-0.3718971	2.77233	0.1230193	-0.8326564	2.647812	-0.02341989	-0.7016706	2.900838	

0.1612459	-0.009085029	2.646263	-0.1760843	-0.07225568	2.989397	0.1291836	-0.1620923	2.626799	-0.1892993	-0.2025417	2.984925	0.1666688	-0.09477462	2.616636	-0.2131288	-0.178275	2.958667	-0.04311308	0.7471747	2.822974	0.005808529	0.6083184	2.847239	0.002312212	0.5349971	2.850429	-0.008559088	0.310807	2.851162	-0.02371069	0.005954622	2.842435	0.1322997	0.4845841	2.768982	-0.1162241	0.4741307	2.915965	0.04792124	0.005639417	2.774334	-0.09464502	0.006221043	2.838521	0.1945518	0.2225846	2.710819	-0.1569544	0.1940197	3.017915	0.05977919	-0.3522455	2.602646	-0.05442885	-0.3729349	2.775234	0.1197832	-0.8327847	2.648985	-0.02917282	-0.6995295	2.910741	

0.1586082	-0.008959784	2.644791	-0.1763915	-0.07239518	2.989062	0.1244401	-0.1628103	2.621678	-0.186785	-0.1975614	2.996428	0.1696036	-0.07201827	2.632941	-0.2124472	-0.1310409	2.962072	-0.04278781	0.7503658	2.824552	0.005788222	0.6095619	2.84731	0.002280826	0.5361801	2.850379	-0.008588453	0.3117419	2.850797	-0.02368755	0.006498871	2.8418	0.1320632	0.4855915	2.76946	-0.1163603	0.4740946	2.916013	0.04795229	0.006136863	2.774039	-0.09464284	0.006765153	2.837512	0.1949275	0.2242113	2.711108	-0.1568097	0.1937753	3.017581	0.06119542	-0.3504058	2.598969	-0.05442469	-0.3724612	2.775245	0.1225776	-0.830159	2.649976	-0.02699449	-0.7001332	2.908022	

0.1572578	-0.009369319	2.642311	-0.1769402	-0.07244094	2.988939	0.1205232	-0.1631236	2.619866	-0.1874892	-0.195104	2.981361	0.1713768	-0.0615016	2.628727	-0.2133825	-0.1228712	2.961611	-0.04223034	0.7516798	2.825339	0.005678089	0.6109115	2.847051	0.002123818	0.5374928	2.85003	-0.00884942	0.3128499	2.850199	-0.02401632	0.007185016	2.841004	0.1318923	0.4860626	2.769536	-0.1165496	0.4741504	2.91594	0.04773318	0.006726514	2.773403	-0.09507436	0.007490491	2.836655	0.1949362	0.2248546	2.710798	-0.1567772	0.1935832	3.017015	0.06260968	-0.3489893	2.596377	-0.051136	-0.3711565	2.771296	0.1239413	-0.8286587	2.648105	-0.02355676	-0.6997966	2.901898	

0.1572336	-0.008106492	2.640718	-0.1768381	-0.07339922	2.988164	0.1163717	-0.1627353	2.614306	-0.1818333	-0.1970275	2.984743	0.1627259	-0.09382445	2.613048	-0.2008325	-0.1402053	2.982	-0.04142638	0.7532639	2.826469	0.005768375	0.6121414	2.846845	0.002226923	0.5386587	2.849718	-0.008684272	0.3137962	2.849581	-0.02371145	0.007781228	2.839994	0.1318984	0.4863553	2.769437	-0.1166339	0.4742443	2.915885	0.04798267	0.007169851	2.772943	-0.09474687	0.008212766	2.834987	0.1950464	0.2253406	2.710557	-0.1566005	0.1934864	3.01661	0.06163598	-0.3484122	2.595433	-0.05138685	-0.3704135	2.768178	0.1231863	-0.8282038	2.646124	-0.02346023	-0.6996878	2.89729	

0.1576863	-0.008910924	2.639136	-0.1774877	-0.07230347	2.988775	0.1236689	-0.1638774	2.611422	-0.1849851	-0.2010776	2.990652	0.1670516	-0.09337756	2.611238	-0.207668	-0.1374018	2.97274	-0.0400265	0.755051	2.827678	0.006499854	0.6137465	2.847	0.00276953	0.5401296	2.849794	-0.008582092	0.3148595	2.849472	-0.02398166	0.008390511	2.83977	0.1318927	0.4868927	2.769517	-0.116475	0.4745538	2.915964	0.04782735	0.007518382	2.772812	-0.09514751	0.009113243	2.834721	0.1951485	0.2254216	2.710214	-0.1558962	0.1936634	3.016572	0.06154214	-0.3480125	2.595167	-0.05170206	-0.3693777	2.765997	0.1221764	-0.8278605	2.646314	-0.02402984	-0.6965822	2.899802	

0.1581055	-0.01032901	2.637245	-0.178073	-0.07265192	2.989153	0.1247963	-0.1697904	2.613039	-0.1867779	-0.2043638	2.989311	0.1718569	-0.08194005	2.615293	-0.1991565	-0.1711247	2.981429	-0.03921952	0.7555106	2.828937	0.007004764	0.6145157	2.847369	0.003264781	0.5408758	2.850043	-0.008100934	0.3155174	2.849399	-0.02346341	0.00890234	2.839315	0.1317703	0.4871839	2.769573	-0.1163028	0.4747045	2.91619	0.04841848	0.00824182	2.772074	-0.09471989	0.009431622	2.834534	0.1950615	0.2254311	2.709933	-0.1554121	0.1937364	3.016723	0.06090264	-0.3477432	2.595428	-0.05480287	-0.3680962	2.751679	0.1202516	-0.8278088	2.64618	-0.03564093	-0.6902351	2.897374	

0.1584698	-0.01141148	2.636008	-0.1784052	-0.07259653	2.989662	0.1274686	-0.1695565	2.609675	-0.1833769	-0.2019998	2.989027	0.1717728	-0.08936102	2.607765	-0.199698	-0.1619518	2.978846	-0.03755672	0.7563251	2.829506	0.007060003	0.6148213	2.847236	0.003312931	0.5411646	2.849904	-0.008075663	0.3157218	2.849247	-0.02346588	0.008959283	2.839184	0.1318832	0.4873596	2.769485	-0.1163165	0.474728	2.916149	0.04838622	0.008343739	2.771982	-0.09469021	0.009436195	2.834385	0.1952044	0.2253419	2.709664	-0.1552947	0.1936522	3.016477	0.06153565	-0.3465658	2.592702	-0.05319989	-0.3673094	2.746448	0.1204948	-0.8265011	2.644801	-0.03620375	-0.6879876	2.895275	

0.1587871	-0.01196004	2.635226	-0.178188	-0.07275233	2.989676	0.1249147	-0.1705343	2.6088	-0.1785775	-0.2054385	3.001633	0.1688147	-0.08928882	2.608085	-0.2080682	-0.1258647	2.98275	-0.03593544	0.7568517	2.829582	0.007661285	0.6154727	2.847295	0.003920414	0.5417978	2.849896	-0.007448567	0.3162652	2.849032	-0.02279885	0.009296767	2.838712	0.1321422	0.4874452	2.769207	-0.1160281	0.4749107	2.916206	0.04895455	0.008603284	2.771542	-0.0939567	0.009825277	2.833955	0.1952963	0.2256683	2.709073	-0.1546531	0.1937387	3.01643	0.06071414	-0.3467755	2.593291	-0.03885659	-0.3637642	2.735863	0.1197615	-0.826737	2.645118	-0.04100536	-0.6030999	2.930648	

0.158907	-0.01193189	2.635041	-0.1781277	-0.07371102	2.989979	0.1293521	-0.1706624	2.616037	-0.1742293	-0.2059242	2.994885	0.1716047	-0.08644113	2.610936	-0.1865675	-0.1752878	2.9802	-0.03507118	0.7573302	2.829908	0.008184177	0.6157843	2.847121	0.004331597	0.5420859	2.849775	-0.007293029	0.3164595	2.849017	-0.02281625	0.009390275	2.838771	0.132522	0.4879276	2.769101	-0.1157025	0.4749559	2.916097	0.04895818	0.008651305	2.771572	-0.09400892	0.009982463	2.834083	0.1955426	0.2263501	2.709003	-0.154006	0.1936551	3.016128	0.06029546	-0.3465961	2.592956	-0.03881517	-0.3636654	2.736436	0.117537	-0.8267998	2.644632	-0.01725926	-0.6783156	2.896072	

0.1594875	-0.01186351	2.634971	-0.1780151	-0.07485136	2.98966	0.1255717	-0.168226	2.615277	-0.1700267	-0.2050874	2.982744	0.1709757	-0.08862825	2.613684	-0.2056408	-0.1404065	2.959467	-0.03369437	0.7580664	2.829563	0.008654878	0.6160711	2.846736	0.004842719	0.542412	2.849408	-0.006672096	0.3168765	2.84871	-0.02211662	0.009815548	2.838604	0.1335299	0.4883274	2.768678	-0.1153678	0.475004	2.915798	0.04974604	0.009022975	2.771229	-0.09337522	0.01045111	2.834111	0.1966949	0.2259879	2.708264	-0.1534275	0.1935686	3.015598	0.06203334	-0.3454905	2.590868	-0.04154155	-0.3650602	2.746179	0.1179197	-0.8255396	2.644801	-0.01986167	-0.6800878	2.905104	

0.1600249	-0.01194416	2.63491	-0.1775073	-0.07282719	2.990104	0.1267717	-0.1692853	2.618136	-0.1619878	-0.20413	2.985746	0.1752703	-0.08588317	2.614336	-0.2024836	-0.1456173	2.962647	-0.03233844	0.7574934	2.8293	0.009790061	0.6161082	2.845922	0.006225698	0.5423813	2.8485	-0.004399641	0.3165141	2.847478	-0.01832883	0.008608919	2.836913	0.1347636	0.4887769	2.768288	-0.1182776	0.4440624	2.886159	0.05565008	0.0082003	2.769412	-0.09119728	0.008996641	2.832603	0.1987207	0.2259485	2.707916	-0.155748	0.1622396	2.984898	0.05936211	-0.3473608	2.591147	-0.04279518	-0.3673933	2.748323	0.1153044	-0.8273963	2.645061	-0.02122741	-0.6824772	2.907135	

0.1646707	-0.01234495	2.635952	-0.1737345	-0.07330967	2.986969	0.1279891	-0.1677418	2.623002	-0.162602	-0.2029262	2.975698	0.1907765	-0.07153136	2.6311	-0.1848101	-0.1603826	2.962909	-0.02943938	0.7574407	2.826796	0.01305771	0.6160237	2.842988	0.009730217	0.5421498	2.845626	-0.0002128628	0.3157689	2.844786	-0.01332298	0.007014837	2.834573	0.1378176	0.4888636	2.76616	-0.1172331	0.4434442	2.884468	0.06160289	0.007053813	2.767226	-0.08740505	0.007015842	2.830241	0.2020789	0.2256413	2.706494	-0.1547163	0.1616525	2.983278	0.05594479	-0.3491908	2.590722	-0.04228448	-0.3697266	2.745822	0.1127373	-0.8291223	2.644604	-0.01430732	-0.6813204	2.90991	

0.1666644	-0.0129149	2.636031	-0.1728862	-0.07305857	2.985791	0.1352533	-0.1639067	2.617372	-0.1576272	-0.2026174	2.973833	0.1846291	-0.07561836	2.617585	-0.1809384	-0.1548831	2.967539	-0.02634042	0.7575664	2.823299	0.01497125	0.6163348	2.840838	0.01203683	0.5424091	2.843196	0.003413043	0.3157848	2.84143	-0.007694607	0.006499607	2.829841	0.1402403	0.4888613	2.764268	-0.1171031	0.4434597	2.884429	0.06757899	0.007172266	2.761781	-0.08247073	0.005878484	2.826258	0.2035486	0.2261233	2.705784	-0.1545804	0.1616701	2.983246	0.08392649	-0.360985	2.621914	-0.04534372	-0.3705871	2.733337	0.129288	-0.8409972	2.682847	-0.02257603	-0.6826409	2.897438	

0.1685033	-0.01238248	2.636091	-0.1688565	-0.06023026	2.984869	0.1412061	-0.1644312	2.620322	-0.1590441	-0.2012633	2.977851	0.1889287	-0.07292059	2.617581	-0.1678142	-0.1763646	2.971222	-0.02470715	0.7582382	2.818589	0.01737486	0.6164619	2.838598	0.01464052	0.5425336	2.840839	0.006497738	0.3159015	2.838782	-0.004243013	0.006622469	2.826969	0.142461	0.4901817	2.762306	-0.1163917	0.4434339	2.884096	0.07081866	0.007877003	2.758807	-0.07895172	0.005349913	2.823497	0.2047658	0.2260704	2.705273	-0.1450998	0.212031	3.024992	0.07543613	-0.347757	2.580711	-0.04267009	-0.3728176	2.743677	0.1224052	-0.8276019	2.642538	-0.02427523	-0.6816458	2.913718	

0.1708421	-0.01332482	2.635251	-0.1666135	-0.06828486	2.982055	0.1366709	-0.1694699	2.619036	-0.1584211	-0.1955126	2.973368	0.1877357	-0.09018146	2.619067	-0.1779479	-0.1330176	2.969308	-0.02279948	0.7582226	2.816035	0.02083226	0.6175746	2.834512	0.01779772	0.5434502	2.837359	0.008747661	0.3163298	2.836848	-0.003029976	0.006653445	2.826413	0.1456275	0.4911107	2.759458	-0.1143547	0.4441103	2.882125	0.07190057	0.007928398	2.758427	-0.07768401	0.005331044	2.822767	0.209387	0.2265493	2.702484	-0.1445893	0.2124697	3.024126	0.07251337	-0.3488601	2.58315	-0.04387537	-0.3731526	2.743847	0.1211836	-0.8287526	2.643573	-0.02203721	-0.6923949	2.894923	

0.1729061	-0.01504669	2.633562	-0.1653132	-0.06804544	2.980975	0.1329032	-0.1684167	2.618181	-0.1637631	-0.1923015	2.966034	0.1853978	-0.1121183	2.603084	-0.1857761	-0.1454261	2.9622	-0.01946013	0.7587177	2.806436	0.02406733	0.6194479	2.825791	0.02038402	0.5449662	2.830876	0.009711394	0.3169327	2.835193	-0.002886	0.006797398	2.826821	0.1491966	0.493317	2.751657	-0.1116817	0.4457399	2.875088	0.07204577	0.00785861	2.758926	-0.0775335	0.005705857	2.823164	0.2149189	0.226261	2.697206	-0.1434191	0.2140595	3.01824	0.07669778	-0.3562273	2.604246	-0.04045787	-0.3718354	2.738419	0.1250863	-0.836035	2.664928	0.07530369	-0.712323	2.749689	

0.1806753	-0.02056457	2.613159	-0.1549547	-0.05398195	2.969002	0.1517537	-0.1804698	2.594387	-0.1672853	-0.1859217	2.942234	0.2012713	-0.09322269	2.578617	-0.1857337	-0.1230799	2.942923	-0.01844397	0.7558056	2.790089	0.02640501	0.6196826	2.814918	0.02315445	0.5453274	2.821755	0.01282925	0.3174099	2.831363	0.0005243268	0.007207335	2.82799	0.1511208	0.4916487	2.737495	-0.08966065	0.480483	2.859385	0.07445243	0.00801745	2.760198	-0.07306781	0.006375502	2.824159	0.2211719	0.2328615	2.677719	-0.1366023	0.2283455	3.010086	0.09338336	-0.3480789	2.584574	-0.05104279	-0.3733463	2.749293	0.132029	-0.8283573	2.648221	-0.06511743	-0.6959465	2.894563	

0.1832978	-0.02747881	2.60337	-0.1547017	-0.05219188	2.969645	0.1474942	-0.1856412	2.582549	-0.160559	-0.1848771	2.958608	0.2013554	-0.1119514	2.567067	-0.179021	-0.1146853	2.951455	-0.01912655	0.7559715	2.789157	0.02581341	0.6189744	2.813863	0.02283317	0.5447232	2.820563	0.01339339	0.3170916	2.830049	0.00197147	0.007182824	2.827791	0.1508548	0.4914493	2.736624	-0.09026486	0.480229	2.860015	0.07573928	0.00805916	2.759982	-0.07158583	0.006254323	2.823994	0.2209709	0.2327659	2.676881	-0.1364335	0.2280594	3.010876	0.09749153	-0.3545324	2.602788	-0.03534405	-0.373318	2.761088	0.1347864	-0.8352061	2.664634	-0.07202502	-0.6866203	2.920635	

0.1829538	-0.02929641	2.599149	-0.1549928	-0.0560381	2.969296	0.1422773	-0.1913698	2.570475	-0.1595752	-0.1917169	2.956785	0.2006694	-0.1224865	2.568529	-0.1822037	-0.1061983	2.950167	-0.01973043	0.7558655	2.789459	0.02470689	0.6181408	2.813963	0.02208755	0.544185	2.820501	0.01330216	0.3170486	2.829953	0.002133073	0.007418961	2.827974	0.1498153	0.4908662	2.73733	-0.09445897	0.4845529	2.87152	0.07578584	0.008453972	2.760697	-0.07130383	0.006466208	2.823905	0.2204977	0.232003	2.676371	-0.1370574	0.2254979	3.012916	0.09377558	-0.3563805	2.609789	-0.03462845	-0.373155	2.762504	0.1338274	-0.8356639	2.678564	-0.06880263	-0.6874629	2.920789	

0.1806727	-0.03229303	2.594434	-0.157632	-0.05960947	2.972167	0.1315909	-0.1980705	2.563319	-0.1649361	-0.1915526	2.959638	0.1832073	-0.1068467	2.54408	-0.1869359	-0.1388534	2.955875	-0.02210104	0.755007	2.791532	0.02199615	0.6169145	2.815612	0.01986372	0.5429616	2.821672	0.01231592	0.3159752	2.830348	0.001871752	0.00602944	2.828722	0.1458164	0.4902948	2.741092	-0.1161045	0.438313	2.870043	0.0757697	0.007656233	2.761315	-0.07197363	0.004215889	2.824763	0.2153761	0.227299	2.67817	-0.1551506	0.1729157	3.001294	0.08957244	-0.3438547	2.573963	-0.04728717	-0.3768624	2.781659	0.1305285	-0.8233442	2.641808	-0.05345391	-0.697157	2.932043	

0.1790095	-0.03423603	2.593741	-0.1640428	-0.0547376	2.980735	0.1423901	-0.1934828	2.575239	-0.1680074	-0.1907401	2.966189	0.1868936	-0.1048725	2.54415	-0.1878901	-0.1678805	2.966	-0.02500207	0.7548564	2.794007	0.01810245	0.6159329	2.819029	0.01633455	0.5420748	2.824607	0.01009009	0.3154342	2.832189	0.0005921853	0.005809043	2.830713	0.1426876	0.4893019	2.743891	-0.1098167	0.4797917	2.890581	0.0737002	0.007589585	2.763976	-0.07262429	0.003913944	2.826149	0.2116897	0.2239149	2.679761	-0.1489086	0.2141851	3.021908	0.08306914	-0.344287	2.57712	-0.0509169	-0.3773097	2.780667	0.1275155	-0.8240093	2.641766	-0.078256	-0.6934425	2.936774	

0.1715033	-0.03418365	2.599515	-0.1695641	-0.05609103	2.98685	0.1376167	-0.1949584	2.584348	-0.1884544	-0.2025519	2.997151	0.172254	-0.1333176	2.56448	-0.2168475	-0.07620344	2.990333	-0.03058422	0.7531852	2.799287	0.0117315	0.6137533	2.825467	0.009575785	0.5401235	2.830422	0.00246221	0.3142394	2.836434	-0.008312144	0.005781201	2.834234	0.1377914	0.4881456	2.746861	-0.111195	0.47951	2.892447	0.06380545	0.006846218	2.76802	-0.08027316	0.00450098	2.829058	0.2025494	0.2226343	2.684862	-0.1502782	0.2139091	3.023773	0.08013501	-0.3432548	2.577746	-0.05439445	-0.3763944	2.778818	0.1288209	-0.8231145	2.639088	-0.0823141	-0.6929367	2.93408	

0.1643282	-0.03112868	2.606525	-0.1819474	-0.06770746	2.995965	0.1230207	-0.1997385	2.580396	-0.1898299	-0.2029359	3.005701	0.1648222	-0.1167121	2.570091	-0.2223139	-0.1478831	2.967077	-0.0341168	0.7521658	2.803222	0.00866122	0.6131463	2.829405	0.005990305	0.5395384	2.834013	-0.002807767	0.313766	2.839122	-0.0162568	0.005605715	2.836046	0.1347102	0.487419	2.749663	-0.1127392	0.4794992	2.895088	0.05560109	0.006129008	2.77001	-0.0877073	0.004870698	2.830629	0.196353	0.2200989	2.688772	-0.1518128	0.213904	3.026413	0.07798632	-0.3557679	2.610953	-0.05327271	-0.3753048	2.777664	0.1318724	-0.8347714	2.673792	-0.06638545	-0.6991312	2.920723	

0.1558529	-0.03201264	2.612024	-0.1878219	-0.06687581	3.003563	0.1245388	-0.1945276	2.584329	-0.2065794	-0.2041912	3.021688	0.1614871	-0.1166876	2.5902	-0.2311681	-0.1438605	2.986643	-0.03704162	0.7514581	2.805428	0.006143258	0.6128442	2.830482	0.003086249	0.5392997	2.834839	-0.006947052	0.3138053	2.839024	-0.02186344	0.006217753	2.834557	0.1303869	0.485746	2.751857	-0.1144531	0.479495	2.89589	0.05055444	0.006510453	2.768305	-0.09375787	0.005740867	2.829332	0.1906366	0.219621	2.691631	-0.1535159	0.2139015	3.027214	0.07812213	-0.3559182	2.611899	-0.05850002	-0.3745541	2.784108	0.1303665	-0.8352163	2.674397	-0.06371788	-0.7010963	2.922078	

0.1391909	-0.008231044	2.63054	-0.1911237	-0.06588843	3.008188	0.1020758	-0.1630159	2.594871	-0.1966539	-0.2040679	3.027071	0.1514842	-0.08040789	2.634583	-0.2067503	-0.1657953	3.024667	-0.03951569	0.7516617	2.806829	0.002898799	0.6128417	2.831936	-0.0005323011	0.5394405	2.835928	-0.01175297	0.3144755	2.838915	-0.02822587	0.007815299	2.832707	0.1275968	0.4860453	2.754164	-0.1171611	0.4797314	2.897179	0.04435945	0.007995792	2.765876	-0.1001298	0.007427745	2.828017	0.1803129	0.2229492	2.695996	-0.1562066	0.2141393	3.028504	0.07174748	-0.3556756	2.613162	-0.06162924	-0.3726239	2.787368	0.1268719	-0.8347439	2.675488	-0.0563117	-0.6987679	2.926329	

0.1374988	-0.008413957	2.632242	-0.1929876	-0.05869296	3.013738	0.09753866	-0.1626847	2.601695	-0.1959067	-0.1976237	3.022726	0.1462097	-0.08010032	2.6482	-0.2233755	-0.1232625	3.0013	-0.04152497	0.7516414	2.807774	0.001181793	0.6128405	2.832715	-0.002783832	0.5396578	2.836769	-0.01578168	0.3156431	2.839946	-0.03482625	0.01081209	2.834357	0.1256526	0.4866651	2.755554	-0.11998	0.4848782	2.897198	0.03861791	0.009983941	2.767034	-0.1074592	0.01150848	2.830217	0.1772061	0.2240614	2.697241	-0.1590079	0.2192557	3.028534	0.04301157	-0.3430633	2.582586	-0.05472635	-0.3665727	2.772555	0.1104353	-0.8210946	2.642402	-0.003930397	-0.7029834	2.877684	

0.1343636	-0.007264204	2.636026	-0.1924663	-0.05870045	3.013591	0.09666064	-0.1628157	2.603316	-0.1900616	-0.1994054	3.022361	0.1498927	-0.08080725	2.649	-0.2039807	-0.1576412	3.010444	-0.04258201	0.7520305	2.80727	0.0006121451	0.6130042	2.832858	-0.00337421	0.5398746	2.8368	-0.01634833	0.3160072	2.839636	-0.0351718	0.01132993	2.833583	0.1244316	0.4868996	2.756033	-0.1208158	0.48763	2.896739	0.03811563	0.01053126	2.766268	-0.1076373	0.01197545	2.829409	0.1759371	0.2244256	2.697487	-0.1640743	0.2233901	3.02932	0.06334408	-0.3555412	2.620732	-0.05535537	-0.3661363	2.770909	0.1246283	-0.833974	2.682474	-0.005112336	-0.7017536	2.878517	

0.1333801	-0.00269035	2.636727	-0.1849951	-0.0299493	3.008839	0.09523201	-0.1567519	2.602458	-0.1929626	-0.2022689	3.003358	0.1548651	-0.0705937	2.644222	-0.2224208	-0.127408	2.971706	-0.04366465	0.7491339	2.804913	0.0006389747	0.6120355	2.831712	-0.003362762	0.539021	2.835923	-0.01626941	0.3153849	2.839359	-0.03479657	0.01051796	2.833957	0.1245225	0.4867606	2.755765	-0.119894	0.4872813	2.89588	0.03840508	0.009759348	2.766903	-0.1071322	0.01104582	2.829546	0.1760397	0.2243509	2.697452	-0.1638044	0.2235197	3.029089	0.06695139	-0.3559662	2.621076	-0.04995649	-0.3664018	2.771897	0.1259923	-0.8349991	2.681022	-0.008077547	-0.6982994	2.892132	

0.1388737	0.001908842	2.635848	-0.1782955	-0.05591249	2.992267	0.1060049	-0.1489933	2.602626	-0.1807006	-0.2046678	2.991927	0.1510236	-0.1282212	2.5938	-0.1891341	-0.1738091	2.9824	-0.04348731	0.748261	2.802314	0.002152865	0.611488	2.828781	-0.002011585	0.5385585	2.833765	-0.01517376	0.3150738	2.8388	-0.03281026	0.0100777	2.835096	0.1253562	0.4865282	2.754558	-0.1168943	0.4879821	2.894185	0.04017705	0.009212897	2.767759	-0.1049356	0.01072942	2.830988	0.1778954	0.2246929	2.696043	-0.1607713	0.2231882	3.025657	0.08867035	-0.3513443	2.612302	-0.04997424	-0.3669906	2.772581	0.1403537	-0.8313136	2.672155	-0.01247853	-0.6962194	2.900461	

0.1460055	0.0002576164	2.632105	-0.1733918	-0.06812432	2.984478	0.1097437	-0.1534831	2.59947	-0.1644141	-0.2039308	2.965888	0.1672727	-0.09938264	2.6105	-0.1879845	-0.1768635	2.957167	-0.04259416	0.7482519	2.799571	0.002965175	0.611284	2.827183	-0.0008291631	0.538262	2.832088	-0.0123521	0.3143767	2.8371	-0.02647726	0.008549291	2.834014	0.1270357	0.4862031	2.752226	-0.1138615	0.4876489	2.892422	0.04557803	0.008331011	2.766402	-0.09767804	0.008473257	2.83018	0.1834642	0.2219694	2.692673	-0.1585532	0.222832	3.02362	0.09666105	-0.3481609	2.600301	-0.04877974	-0.3690425	2.821022	0.1426047	-0.8299479	2.65211	-0.02382592	-0.6997515	2.94812	

0.1505982	-0.001858415	2.629603	-0.1710119	-0.0701254	2.979711	0.1176314	-0.1554936	2.595644	-0.1660861	-0.2007668	2.953745	0.175053	-0.09414064	2.612412	-0.186967	-0.1536257	2.956562	-0.04199466	0.7473727	2.797486	0.004152202	0.611307	2.825916	0.0005048271	0.5381386	2.830961	-0.01044074	0.3137691	2.836532	-0.02375443	0.007133386	2.834562	0.1284326	0.4861456	2.750737	-0.1110787	0.4876646	2.891219	0.04713505	0.007773837	2.766893	-0.0935782	0.005920932	2.830696	0.1869228	0.2214932	2.689813	-0.1549989	0.2218883	3.020988	0.1012158	-0.3534964	2.616251	-0.05327307	-0.3738984	2.792977	0.1445556	-0.8349465	2.671423	-0.03307101	-0.6973176	2.936501	

0.1763212	-0.03266668	2.60603	-0.1675466	-0.07375068	2.974724	0.1595317	-0.1915533	2.585146	-0.15824	-0.2014427	2.950657	0.1996938	-0.09945396	2.587944	-0.1770392	-0.1676032	2.9435	-0.04153524	0.7472153	2.796739	0.005387811	0.6109906	2.825315	0.002632705	0.5375817	2.829972	-0.004372018	0.3121452	2.834157	-0.01084383	0.003704611	2.829917	0.1313225	0.4858983	2.749237	-0.1096812	0.4866622	2.892013	0.05730491	0.0069338	2.763789	-0.07815178	-0.0004228562	2.824188	0.1949541	0.2210794	2.686195	-0.1544323	0.2208703	3.021491	0.1031692	-0.3488103	2.593808	-0.05287489	-0.3813487	2.789764	0.1430935	-0.8298073	2.654238	0.0006646457	-0.7177064	2.893746	

0.176978	-0.03335001	2.605277	-0.1666304	-0.0731042	2.975636	0.1585999	-0.1948598	2.578454	-0.1563296	-0.2039949	2.966747	0.20214	-0.1156417	2.571353	-0.1793633	-0.134243	2.965	-0.04111636	0.7466511	2.796235	0.00636322	0.6106186	2.825165	0.004141084	0.5370947	2.829634	-0.00129739	0.3114467	2.833291	-0.006717753	0.003146854	2.828556	0.1329537	0.485568	2.748391	-0.108436	0.4856589	2.893033	0.0626407	0.006055933	2.762564	-0.07539774	-0.00049915	2.822881	0.1998541	0.2204185	2.684577	-0.1538403	0.21981	3.022196	0.1017625	-0.3533577	2.600512	-0.0458708	-0.3811858	2.779807	0.1424024	-0.8334707	2.666099	-9.223122E-05	-0.7167733	2.88917	

0.1773384	-0.03420611	2.604979	-0.1665059	-0.07481794	2.977523	0.1563427	-0.1953611	2.576925	-0.1604009	-0.203869	2.977237	0.1981621	-0.1090059	2.580496	-0.1841081	-0.1246635	2.970334	-0.04094459	0.746574	2.796267	0.007163967	0.6102613	2.825047	0.005248018	0.5366679	2.829402	0.0004842997	0.3109296	2.832834	-0.004653581	0.00271856	2.827953	0.13405	0.485471	2.74815	-0.1076511	0.4853449	2.893077	0.06460004	0.006157489	2.761853	-0.07338776	-0.001322658	2.822417	0.2011931	0.220061	2.684331	-0.1531523	0.2194457	3.022119	0.1010067	-0.3539132	2.600854	-0.04692444	-0.3822155	2.779886	0.1415942	-0.8340732	2.666544	-0.002810818	-0.7156445	2.895604	

0.1759926	-0.03340371	2.606679	-0.1662338	-0.07285549	2.989262	0.1494693	-0.1952694	2.588156	-0.1647895	-0.2048167	2.990198	0.1814663	-0.1295908	2.5815	-0.1946863	-0.1469107	2.973687	-0.04067294	0.7464002	2.796229	0.008177287	0.6093542	2.82558	0.006039582	0.5360019	2.829767	0.0006561143	0.3108006	2.832928	-0.004826094	0.002843458	2.827978	0.1346979	0.4851181	2.74847	-0.1065923	0.484444	2.89382	0.06459071	0.006157184	2.761833	-0.07410286	-0.0007197442	2.822661	0.201319	0.2192698	2.684998	-0.1524538	0.2185148	3.022684	0.07246594	-0.3500991	2.58554	-0.06178596	-0.381373	2.807778	0.1261597	-0.830505	2.641981	-0.02617612	-0.7062607	2.945667	

0.1733648	-0.03057801	2.610706	-0.1669797	-0.07219699	2.993449	0.1455152	-0.187528	2.593415	-0.166436	-0.2064386	3.002316	0.1718878	-0.1336268	2.582727	-0.1857318	-0.1628445	2.9925	-0.04022707	0.7461091	2.796625	0.008929987	0.609298	2.825659	0.00659342	0.5359301	2.829874	0.0007395214	0.3107376	2.833102	-0.005731931	0.00274281	2.82878	0.134947	0.4850219	2.748647	-0.1079767	0.4767427	2.894431	0.06425291	0.005822559	2.762448	-0.07591873	-0.0003943537	2.823757	0.2012062	0.2190871	2.685363	-0.1538717	0.2108798	3.023299	0.07240281	-0.3503375	2.585943	-0.05909489	-0.3812255	2.803655	0.1274164	-0.8306643	2.641898	-0.02117155	-0.7074734	2.938065	

0.1656209	-0.01276634	2.625932	-0.1663441	-0.05041764	3.004573	0.1311677	-0.1697742	2.600879	-0.170946	-0.203748	3.004684	0.1710103	-0.093234	2.609552	-0.1606979	-0.1955591	3.016	-0.03975856	0.7454667	2.796897	0.009393478	0.6089975	2.826217	0.006881486	0.5356688	2.830348	0.0005293681	0.3105355	2.833563	-0.007757866	0.00262983	2.829653	0.135392	0.4845643	2.749155	-0.1091234	0.4725802	2.895885	0.0629668	0.005389148	2.763208	-0.07870246	-5.982041E-05	2.824689	0.1996559	0.21881	2.68756	-0.1546232	0.2089316	3.028653	0.07942377	-0.3573867	2.605785	-0.05742742	-0.3812599	2.78772	0.1325918	-0.8381012	2.660046	-0.01816254	-0.7082604	2.920141	

0.1611956	-0.01124778	2.632438	-0.1691094	-0.05811008	3.004154	0.1299527	-0.1680853	2.614158	-0.1717379	-0.2021659	2.991655	0.1714539	-0.08480202	2.631188	-0.1930266	-0.143524	2.989652	-0.03933398	0.744974	2.797726	0.009646451	0.6087244	2.826628	0.006999836	0.5354049	2.830736	5.356206E-05	0.3102083	2.834131	-0.01024605	0.002254842	2.830658	0.1353841	0.4842719	2.750284	-0.10991	0.4702936	2.896645	0.0611325	0.004750791	2.763938	-0.0817017	-0.0001098288	2.82595	0.1975192	0.2182358	2.691503	-0.1554258	0.2099997	3.034951	0.06980492	-0.3563133	2.600685	-0.05891003	-0.3812481	2.784386	0.1271957	-0.8368992	2.652577	-0.0259364	-0.7085969	2.917553	

0.1568948	0.0002313065	2.638549	-0.170439	-0.0560961	3.00489	0.1224084	-0.1488566	2.612872	-0.1763551	-0.2013993	3.000529	0.1683321	-0.08566926	2.653286	-0.189761	-0.1726481	2.9916	-0.03910596	0.7448097	2.797982	0.009766069	0.6085708	2.826921	0.007008351	0.5352663	2.831064	-0.0006744242	0.3101214	2.834878	-0.01303042	0.002649379	2.83213	0.1352013	0.4841581	2.751096	-0.110499	0.4690262	2.897094	0.05933838	0.004852665	2.764346	-0.0855211	0.0006406033	2.828926	0.1962365	0.2183126	2.692913	-0.1558723	0.2099476	3.037377	0.06927843	-0.356128	2.600953	-0.06152893	-0.3802946	2.777666	0.1271981	-0.8367921	2.651838	-0.03025796	-0.7079321	2.910578	

0.1558882	0.0003940176	2.639879	-0.173795	-0.05473166	3.004525	0.1191498	-0.1496418	2.622158	-0.1777123	-0.2026418	2.985028	0.1637732	-0.06439066	2.638222	-0.1860387	-0.1727405	2.987222	-0.03929011	0.7446591	2.798653	0.009969487	0.6078759	2.828105	0.006916014	0.5346553	2.832242	-0.0020362	0.3097209	2.83638	-0.01680828	0.002879213	2.833993	0.1346504	0.4839083	2.752317	-0.1111428	0.4671374	2.898422	0.05588552	0.004901252	2.765646	-0.08923369	0.000975333	2.831146	0.1924358	0.2186022	2.69594	-0.1561414	0.2098363	3.038562	0.06914408	-0.3556055	2.601234	-0.05877377	-0.3796169	2.784266	0.1283579	-0.8362688	2.650995	-0.02856589	-0.7075523	2.916734	

0.154311	-0.0006291005	2.641145	-0.1739246	-0.04971784	3.002608	0.1209306	-0.1562722	2.616226	-0.1759208	-0.1968365	2.993697	0.1671433	-0.08689867	2.634083	-0.1679373	-0.1861107	2.99725	-0.0396813	0.7444474	2.800283	0.01002626	0.607633	2.829374	0.006638322	0.534407	2.833622	-0.003904712	0.3095284	2.838343	-0.02125857	0.002903125	2.83644	0.1337964	0.483575	2.754521	-0.111663	0.4662974	2.899595	0.05224853	0.004413825	2.767033	-0.09439135	0.001582471	2.834743	0.1908315	0.2184041	2.69732	-0.1562979	0.2113768	3.039299	0.06907705	-0.3550435	2.600151	-0.04306786	-0.3765039	2.776924	0.1289262	-0.83569	2.649492	-0.01328334	-0.7045098	2.909344	

0.1531191	-0.004507701	2.641448	-0.1755467	-0.04969631	3.001653	0.1165729	-0.1564558	2.613863	-0.1801218	-0.1972887	2.995404	0.1638	-0.09357171	2.62228	-0.1891862	-0.1336244	2.9865	-0.04073913	0.7432317	2.803552	0.00895811	0.6064744	2.833795	0.005416156	0.5334186	2.837606	-0.005371843	0.3091185	2.840876	-0.0221059	0.002979802	2.837264	0.1331313	0.4832726	2.756577	-0.1129812	0.4673483	2.90182	0.05090668	0.004405918	2.768901	-0.09481343	0.001654811	2.834895	0.1887122	0.2179621	2.699642	-0.157596	0.2165717	3.041745	0.06877382	-0.353784	2.598728	-0.0788931	-0.3798095	2.796966	0.1276201	-0.8345036	2.648516	-0.04893573	-0.7077893	2.9294	

0.1547692	-0.01234013	2.640973	-0.1756255	-0.05006913	3.001468	0.1207887	-0.170435	2.613221	-0.1889281	-0.1989106	3.004402	0.1645533	-0.1160985	2.619769	-0.211426	-0.08232952	2.995	-0.04190846	0.7430422	2.804837	0.008349938	0.6063082	2.834702	0.004702065	0.5332812	2.838601	-0.006407735	0.3091623	2.841999	-0.02303831	0.003301483	2.838166	0.131967	0.4830724	2.758736	-0.1139671	0.4681612	2.902367	0.05021876	0.004514647	2.769531	-0.09585495	0.002165848	2.835879	0.1879817	0.217831	2.702089	-0.1586069	0.2193581	3.04194	0.0665621	-0.3537268	2.599293	-0.06536981	-0.3783848	2.786303	0.1212688	-0.8348205	2.649936	-0.008872717	-0.7154422	2.887266	

0.1563263	-0.0141204	2.641241	-0.1757694	-0.03002733	3.009201	0.1255125	-0.1704582	2.61483	-0.1822299	-0.1978695	3.007565	0.1694751	-0.1001326	2.62084	-0.2011792	-0.1715017	2.982	-0.04302267	0.7434971	2.805614	0.007764698	0.6064318	2.835088	0.004169647	0.5333964	2.839023	-0.006784816	0.309285	2.842468	-0.02306759	0.003437286	2.838584	0.1316472	0.4834839	2.759501	-0.1150839	0.4692231	2.902505	0.05012697	0.004709349	2.770141	-0.09583128	0.002226881	2.836059	0.1886281	0.2178392	2.703612	-0.1583009	0.2212585	3.042449	0.0645038	-0.3532865	2.599022	-0.06399224	-0.3780442	2.780938	0.118628	-0.8342714	2.650951	-0.01000931	-0.7147275	2.884158	

0.1580084	-0.01347886	2.642708	-0.1785102	-0.06940766	3.012834	0.1268074	-0.1705608	2.619753	-0.1740844	-0.2018487	3.020121	0.1811703	-0.08625097	2.636154	-0.2059038	-0.1262149	2.98953	-0.04328942	0.743138	2.805313	0.00812556	0.6065729	2.834795	0.004376804	0.5334944	2.838947	-0.006697558	0.3094321	2.842841	-0.023156	0.003886807	2.840861	0.1318891	0.4834941	2.759569	-0.1139965	0.4699041	2.902611	0.04998735	0.004778321	2.772357	-0.09581967	0.003002969	2.838195	0.1897904	0.217709	2.704076	-0.1576887	0.218209	3.046107	0.06493566	-0.3519435	2.597978	-0.06262508	-0.3769841	2.778989	0.1195369	-0.8328859	2.649892	-0.06536385	-0.7002332	2.924232	

0.1603927	-0.0134286	2.643466	-0.1765518	-0.07027733	3.012931	0.1368314	-0.170581	2.626036	-0.1658574	-0.1991313	3.020033	0.1850755	-0.08000027	2.629526	-0.1966921	-0.1414269	2.985091	-0.04235811	0.7427909	2.802946	0.01024685	0.6066527	2.832719	0.006728966	0.5335579	2.837084	-0.003601725	0.3094618	2.841519	-0.01761859	0.003833359	2.839647	0.1351201	0.4840392	2.757026	-0.107828	0.4748439	2.900476	0.0532762	0.005648954	2.771861	-0.08712986	0.001400149	2.835729	0.1923696	0.2188324	2.703736	-0.1532004	0.2176779	3.043827	0.06518257	-0.3516792	2.598717	-0.0563736	-0.3788797	2.779199	0.1184179	-0.8326772	2.651327	-0.03246496	-0.7015226	2.923949	

0.1749167	-0.02200114	2.626388	-0.1627656	-0.0660164	3.009967	0.1403807	-0.1840499	2.599291	-0.1536981	-0.1890931	2.992238	0.1986716	-0.1045023	2.608579	-0.1549336	-0.1056127	2.970333	-0.03904752	0.742443	2.794522	0.02031342	0.6083086	2.818534	0.01698509	0.534961	2.824634	0.007042916	0.3102185	2.833418	-0.0055016	0.003863976	2.835256	0.1448121	0.4857309	2.743095	-0.09606644	0.48078	2.888034	0.06484423	0.005827372	2.76743	-0.07561132	0.001536949	2.831595	0.2134602	0.2217407	2.685406	-0.1426149	0.2228121	3.029931	0.08303609	-0.3473682	2.58463	-0.05334152	-0.3793376	2.775745	0.1290548	-0.8278844	2.645589	-0.07974283	-0.7156938	2.888573	

0.183624	-0.02954758	2.604595	-0.1587061	-0.06254239	3.010421	0.1535081	-0.1893925	2.575067	-0.1551425	-0.1958455	2.988786	0.1989569	-0.1300263	2.562826	-0.1424344	-0.09848884	2.971545	-0.03927609	0.7412716	2.793084	0.02147263	0.60868	2.816309	0.01862727	0.5352711	2.822217	0.0104353	0.3102327	2.830602	0.0006779814	0.003188056	2.832285	0.1459981	0.4853418	2.740017	-0.09473098	0.4817733	2.886183	0.07061643	0.005567341	2.764562	-0.06918366	0.0005397244	2.828488	0.2180112	0.2229667	2.676479	-0.1409023	0.2233054	3.027423	0.09480164	-0.3498474	2.588162	-0.05495017	-0.380827	2.776695	0.1342459	-0.8277956	2.666937	0.03077032	-0.727396	2.81458	

0.1863565	-0.03058496	2.599357	-0.1414632	-0.003094507	3.017225	0.1576305	-0.1962304	2.574519	-0.1590056	-0.1793157	3.003665	0.2103933	-0.1313459	2.570286	-0.1409973	-0.1094336	2.9635	-0.03952605	0.740844	2.791041	0.02228146	0.6089493	2.8143	0.019786	0.5354849	2.820001	0.01270884	0.3102147	2.827915	0.004297734	0.002757933	2.829206	0.1467014	0.4853648	2.738315	-0.09380864	0.4824794	2.884473	0.07440861	0.005494498	2.761075	-0.06581733	-0.0001541584	2.825766	0.2191644	0.2231757	2.672961	-0.1397178	0.2236617	3.025252	0.09208135	-0.3448693	2.571582	-0.05033337	-0.3807738	2.759608	0.1308906	-0.8235435	2.647432	-0.04816232	-0.7207683	2.865617	

0.1763346	-0.05764907	2.586909	-0.1682771	-0.07183758	3.021115	0.1275905	-0.2276659	2.566753	-0.1599484	-0.2056327	3.018033	0.1912189	-0.1221991	2.547714	-0.1436471	-0.1598897	2.968572	-0.04272895	0.7397118	2.795593	0.02163419	0.6092077	2.815722	0.01933027	0.5355858	2.821057	0.01255199	0.3100559	2.828324	0.004203692	0.002327972	2.829287	0.1457133	0.4849666	2.738703	-0.09441563	0.4831206	2.88624	0.07411766	0.005375184	2.761217	-0.06559369	-0.001295666	2.825772	0.2164274	0.2195636	2.669861	-0.1400954	0.2239889	3.026586	0.08338767	-0.3583685	2.605928	-0.05123959	-0.3820741	2.761664	0.1287156	-0.8381923	2.671916	-0.06198394	-0.6846771	2.942941	

0.1632796	-0.02770279	2.610111	-0.1680323	-0.07282526	3.021115	0.1259511	-0.1890881	2.587489	-0.1651383	-0.2073153	3.021531	0.1757068	-0.1108507	2.588048	-0.153592	-0.1228366	2.982308	-0.04583369	0.7422933	2.804939	0.01602537	0.611531	2.826904	0.01365131	0.5378681	2.831384	0.006541446	0.3121803	2.836381	-0.002799984	0.004390457	2.834906	0.1414944	0.484842	2.744803	-0.09985159	0.4862177	2.897945	0.06660014	0.00741774	2.766853	-0.07208802	0.0009788263	2.831455	0.2057117	0.2199795	2.677653	-0.1449781	0.226428	3.03738	0.0838045	-0.353821	2.604978	-0.0396331	-0.3776962	2.754205	0.1298398	-0.834105	2.66799	-0.06162294	-0.6808637	2.933706	

0.1529666	-0.01613725	2.630141	-0.1686728	-0.07332936	3.021369	0.1211941	-0.1751719	2.615811	-0.1632201	-0.2056115	3.026424	0.1634782	-0.08629534	2.6218	-0.1579862	-0.1475383	3.007555	-0.04732624	0.7430035	2.812504	0.01385212	0.6114514	2.832957	0.01112783	0.5378351	2.837756	0.002820046	0.3122769	2.843582	-0.008447292	0.004684594	2.842782	0.1368305	0.4839675	2.753485	-0.101868	0.4863675	2.90397	0.0615102	0.007273371	2.77338	-0.07816726	0.001902551	2.840795	0.1978642	0.2199128	2.691872	-0.1469093	0.2265282	3.043325	0.06746205	-0.3517832	2.604367	-0.06663508	-0.379529	2.788542	0.1212803	-0.8332456	2.654304	-0.1138137	-0.6764501	2.973066	

0.1509003	0.001695802	2.643386	-0.168924	-0.07335878	3.02135	0.1112257	-0.150194	2.621148	-0.1727745	-0.2120038	3.034362	0.1640812	-0.08852968	2.649889	-0.1542484	-0.1518684	2.971	-0.04808072	0.7429385	2.817416	0.01183225	0.6117436	2.838852	0.008265813	0.5382277	2.844099	-0.003225052	0.313025	2.85147	-0.02051214	0.006089451	2.852984	0.1356277	0.4846961	2.75925	-0.1037958	0.4868073	2.909876	0.05050245	0.006800965	2.782369	-0.09111221	0.005413935	2.852281	0.1935116	0.2213514	2.701242	-0.1487566	0.2268937	3.049114	0.07135859	-0.3477733	2.603339	-0.05456115	-0.3737505	2.784537	0.1250065	-0.8291439	2.654251	-0.09877947	-0.6731879	2.966027	

0.1556786	-0.006624889	2.64728	-0.1712459	-0.06671123	3.022363	0.1211724	-0.1633816	2.624602	-0.1714513	-0.2077248	3.019252	0.168323	-0.08880563	2.634502	-0.1593754	-0.1208822	2.968429	-0.04840095	0.7435794	2.823597	0.009828629	0.6107785	2.846101	0.006059352	0.5371987	2.850721	-0.005681254	0.3118337	2.856175	-0.02255759	0.004799795	2.855345	0.1344041	0.4833976	2.766517	-0.1070226	0.4811129	2.917281	0.0475631	0.006321317	2.785983	-0.092505	0.003401587	2.853757	0.1942272	0.220099	2.708585	-0.1519357	0.2212089	3.056448	0.07288512	-0.3461497	2.602595	-0.05967367	-0.3761763	2.787659	0.1244889	-0.8278865	2.652546	-0.1025739	-0.6771246	2.967101	

0.1652797	-0.02264147	2.645373	-0.1740495	-0.06913614	3.02148	0.1351959	-0.1836611	2.615352	-0.1764448	-0.2114266	3.026028	0.1802093	-0.1110248	2.617147	-0.1648345	-0.1412612	2.9706	-0.04895971	0.7442325	2.825883	0.008780299	0.6107751	2.848102	0.005417336	0.5372229	2.852242	-0.005582194	0.3118799	2.856659	-0.02129578	0.004889047	2.855232	0.1332693	0.4830078	2.769393	-0.108297	0.4798769	2.918885	0.04914322	0.007009293	2.786013	-0.09120657	0.00292175	2.853384	0.1955193	0.2169213	2.710168	-0.1525314	0.2194994	3.057459	0.07119343	-0.3456252	2.602459	-0.05188895	-0.3750691	2.775615	0.1225722	-0.8274343	2.65209	-0.05588623	-0.6997168	2.918281	

0.1688739	-0.02750388	2.642817	-0.1756489	-0.06878018	3.021413	0.1441375	-0.1845167	2.610862	-0.1864377	-0.2075718	3.030526	0.1926772	-0.1044955	2.613926	-0.1704886	-0.1482563	2.979929	-0.0505542	0.7438649	2.826667	0.005660202	0.6109063	2.850114	0.003185208	0.5372616	2.853774	-0.005890425	0.3117976	2.856992	-0.02042053	0.004524144	2.854897	0.1315357	0.4822117	2.770859	-0.111676	0.4787827	2.920482	0.0501701	0.006687127	2.786064	-0.0903126	0.002385407	2.852443	0.1957913	0.2168299	2.710593	-0.1549909	0.2178513	3.058389	0.07670984	-0.3541361	2.624805	-0.05757472	-0.3780035	2.816606	0.1268766	-0.8353485	2.679015	-0.0579197	-0.7129655	2.936011	

0.170131	-0.02930584	2.641827	-0.1779559	-0.07054898	3.02134	0.1425024	-0.1913007	2.609331	-0.1849688	-0.2050014	3.01617	0.1872604	-0.1514406	2.613	-0.1727435	-0.1386306	2.989866	-0.05221851	0.7441298	2.826923	0.002951834	0.6106458	2.850466	0.0009566153	0.5369968	2.854165	-0.006565292	0.3115709	2.857214	-0.02012899	0.004265893	2.85483	0.1300754	0.4821888	2.771837	-0.114725	0.4776888	2.920548	0.05057666	0.00643427	2.786219	-0.09006214	0.002021499	2.852082	0.1958679	0.2163327	2.711372	-0.1579747	0.2164568	3.057964	0.07427099	-0.3546273	2.625073	-0.06562299	-0.3783796	2.789745	0.1251007	-0.8356188	2.680303	-0.06164752	-0.7207318	2.888998	

0.1701363	-0.02957354	2.641505	-0.1822983	-0.04901848	3.023777	0.1378626	-0.1913687	2.61366	-0.1932846	-0.2041136	3.020625	0.1858637	-0.107675	2.619473	-0.1761695	-0.1387416	2.977147	-0.06264022	0.7423645	2.822901	-0.006041898	0.6092081	2.847589	-0.006777241	0.5356233	2.851825	-0.01035795	0.3104239	2.856032	-0.02039531	0.003575168	2.854209	0.1219431	0.4817586	2.771207	-0.1240984	0.4751187	2.917114	0.05049356	0.006216251	2.786066	-0.09066382	0.0005782646	2.850606	0.1938899	0.214708	2.710721	-0.1676287	0.2134242	3.053656	0.05383654	-0.3449288	2.597394	-0.05126749	-0.3792169	2.809597	0.1134957	-0.8247137	2.654527	-0.04624792	-0.7213073	2.909531	

0.1698562	-0.02960407	2.641408	-0.1871519	-0.06267905	3.021277	0.1393218	-0.1903359	2.620216	-0.1900282	-0.2062802	3.021775	0.1799333	-0.1054328	2.620286	-0.1779108	-0.133042	2.982091	-0.07171097	0.7408103	2.818227	-0.01523327	0.6083612	2.842282	-0.01497689	0.5347611	2.847484	-0.01516868	0.3095123	2.854074	-0.02090394	0.003052819	2.853922	0.1159209	0.4819798	2.768772	-0.1331653	0.4736869	2.911592	0.05027321	0.005863884	2.785966	-0.09156746	-8.389814E-05	2.850079	0.1912857	0.2126932	2.709074	-0.169087	0.2136377	3.052731	0.05135139	-0.3454514	2.597654	-0.08060689	-0.3803731	2.778268	0.1124061	-0.8252165	2.653743	-0.1235155	-0.7005263	2.924141	

0.1651655	-0.03407243	2.644677	-0.1878381	-0.05906253	3.021761	0.1413128	-0.1913746	2.638829	-0.1901094	-0.1980483	3.022778	0.1753483	-0.08982461	2.637684	-0.1821326	-0.1216904	2.991133	-0.1359585	0.7243504	2.769441	-0.06821607	0.6000522	2.796921	-0.06375357	0.5257899	2.807447	-0.04487068	0.2998393	2.833737	-0.02449518	-0.002318852	2.853091	0.06550436	0.4745179	2.735134	-0.1720223	0.473073	2.882186	0.04695635	0.002477475	2.786193	-0.0953346	-0.00780333	2.847916	0.1734246	0.1979672	2.695926	-0.1797757	0.2232426	3.0422	0.04682846	-0.3485759	2.59737	-0.06790257	-0.3842507	2.751032	0.1106403	-0.8281789	2.65203	-0.1018651	-0.7218248	2.859024	

0.1584931	-0.04621917	2.65754	-0.1840348	-0.0596939	3.02838	0.1492181	-0.1938539	2.657374	-0.1821831	-0.1922222	3.028865	0.1759081	-0.1560356	2.649083	-0.1685227	-0.1066821	2.998889	-0.1852781	0.6951264	2.723594	-0.1169082	0.574321	2.755943	-0.1055441	0.50108	2.772286	-0.06533197	0.2813765	2.816863	-0.02367246	-0.01645337	2.855134	0.02723858	0.4569734	2.700026	-0.2213622	0.4473245	2.840598	0.04742413	-0.007360404	2.787481	-0.09408888	-0.0257686	2.851124	0.1532829	0.1803793	2.686385	-0.2384561	0.1968092	2.9988	0.03591838	-0.3589505	2.600585	-0.07904785	-0.4009546	2.744278	0.1049083	-0.837837	2.65484	-0.1039602	-0.7396005	2.85124	

0.1565496	-0.06020057	2.661928	-0.182033	-0.05462133	3.035095	0.1524881	-0.2104422	2.66962	-0.1856471	-0.1915632	3.040364	0.180652	-0.1084235	2.658059	-0.1656302	-0.1166043	2.996693	-0.1981719	0.6846445	2.712681	-0.1270563	0.5643804	2.745606	-0.1144388	0.492218	2.764564	-0.07650946	0.2700087	2.811666	-0.02971261	-0.03147418	2.860797	0.01747512	0.4485314	2.693822	-0.2220774	0.4477851	2.840337	0.03881793	-0.02438424	2.792848	-0.09773673	-0.03816837	2.857008	0.1488369	0.1756935	2.682941	-0.2391665	0.1972666	2.998541	0.02925813	-0.3866532	2.634421	-0.09252048	-0.4190485	2.802802	0.1148015	-0.8609008	2.700079	-0.1040352	-0.7602975	2.904199	

0.1633245	-0.1074791	2.665942	-0.1730476	-0.06583215	3.053037	0.1656854	-0.2562142	2.690581	-0.178762	-0.1596121	3.041041	0.1865371	-0.1283701	2.665462	-0.1539122	-0.04465691	3.016667	-0.2629603	0.596001	2.656694	-0.1850651	0.4833641	2.69367	-0.1657201	0.4120294	2.720207	-0.1062861	0.1936002	2.790884	-0.02520543	-0.1036071	2.875798	-0.03623043	0.3725136	2.65142	-0.2614369	0.3450171	2.789987	0.04373077	-0.09056288	2.809822	-0.09346785	-0.1140677	2.870261	0.1288266	0.1142345	2.6595	-0.2782184	0.09506529	2.94803	6.402445E-05	-0.4419308	2.631049	-0.1251755	-0.4840009	2.74945	0.117872	-0.9077032	2.703156	-0.1365182	-0.8248835	2.850794	

0.1500212	-0.1781556	2.659452	-0.1900196	-0.1523372	3.035704	0.1596212	-0.3285591	2.69332	-0.1986166	-0.1795759	3.02603	0.1801426	-0.2648128	2.676	-0.178455	-0.1382143	2.9938	-0.3095348	0.4967323	2.613255	-0.2271867	0.3875025	2.652882	-0.2032968	0.3192194	2.68394	-0.1298786	0.1103782	2.768067	-0.02974475	-0.1733902	2.870799	-0.07466283	0.2832081	2.62036	-0.3005422	0.2500372	2.770561	0.04074249	-0.1559536	2.803185	-0.09944038	-0.1865027	2.866984	0.1105127	0.04090696	2.640067	-0.246645	0.05473071	2.980757	-0.06588477	-0.4875233	2.612295	-0.186263	-0.5450056	2.740531	0.1058859	-0.9338046	2.695574	-0.1972989	-0.8855231	2.841864	

0.1285561	-0.2444905	2.650915	-0.2062003	-0.2037465	3.016092	0.1334203	-0.406846	2.709921	-0.2319349	-0.2212001	3.028009	0.1508846	-0.2519631	2.634231	-0.2054269	-0.1997617	2.9804	-0.3404434	0.4331642	2.59007	-0.2483275	0.3254463	2.631523	-0.2231165	0.2604426	2.668499	-0.1453856	0.0624677	2.770296	-0.03847916	-0.2029785	2.893072	-0.0980309	0.2314376	2.602864	-0.3190201	0.2057953	2.741283	0.03410313	-0.1839367	2.82095	-0.1103058	-0.21717	2.894387	0.09002746	-0.008258584	2.623719	-0.254642	-0.005828805	2.933853	-0.09462778	-0.499037	2.613936	-0.2008558	-0.5348765	2.670728	0.1177403	-0.8752294	2.690348	-0.2117926	-0.8754598	2.772041	

0.07580213	-0.2975434	2.604982	-0.2470198	-0.310497	2.974079	0.0656831	-0.4556887	2.632704	-0.2654147	-0.3275985	2.940949	0.09653344	-0.3521411	2.595792	-0.2642461	-0.3261561	2.928	-0.3672633	0.3811535	2.560903	-0.2813462	0.2741066	2.602265	-0.2570007	0.2054312	2.636141	-0.1819492	-0.004201637	2.728598	-0.0793777	-0.2884995	2.842262	-0.1208551	0.1753022	2.575584	-0.3407674	0.131926	2.702243	-0.004056612	-0.2748511	2.774043	-0.1526528	-0.2949182	2.839306	0.05344791	-0.0744016	2.596409	-0.2860288	-0.09768014	2.877813	-0.1251825	-0.5987203	2.572565	-0.1941313	-0.5086818	2.493022	0.1482163	-0.7949776	2.705297	-0.2050282	-0.8494493	2.594259	

-0.009347037	-0.2566728	2.53654	-0.3414946	-0.3026652	2.865708	-0.03589762	-0.4088117	2.537282	-0.3493232	-0.3863621	2.871121	0.02269943	-0.2742958	2.550571	-0.361797	-0.3433208	2.847385	-0.407424	0.4562333	2.539614	-0.3295484	0.3450272	2.580464	-0.3143831	0.2756205	2.616313	-0.2670093	0.06347635	2.714815	-0.2016075	-0.2245219	2.836714	-0.176831	0.2307901	2.544174	-0.4135006	0.22928	2.66871	-0.1276801	-0.2182282	2.771	-0.2704228	-0.2251828	2.831271	-0.01955567	-0.03227143	2.552225	-0.3582284	-0.001056472	2.844528	-0.1587106	-0.5349548	2.526952	-0.2737484	-0.5533777	2.603671	0.09685696	-0.9092816	2.694187	-0.09504201	-0.7981139	2.396125	

-0.05534643	-0.227792	2.515198	-0.3605487	-0.2020549	2.860763	-0.0750903	-0.3894716	2.512721	-0.3819104	-0.3288652	2.849715	-0.03817475	-0.3209433	2.498291	-0.3807034	-0.2130065	2.839	-0.417701	0.5158187	2.53322	-0.3402792	0.4016942	2.572441	-0.3285351	0.3291515	2.602245	-0.2915218	0.1071993	2.682685	-0.2400453	-0.1945287	2.780505	-0.195283	0.2804	2.532323	-0.4338938	0.3041987	2.664601	-0.1697761	-0.1867228	2.715612	-0.3041219	-0.1973566	2.774282	-0.04257799	0.02979841	2.534876	-0.3784951	0.0733351	2.840578	-0.1814568	-0.5065886	2.473547	-0.2885641	-0.5344032	2.562236	0.05329221	-0.9016775	2.624611	-0.1106109	-0.814455	2.407799	

-0.1763336	-0.01599494	2.414764	-0.4275925	-0.09206655	2.772828	-0.2113496	-0.1685733	2.381824	-0.4524041	-0.243353	2.76074	-0.1631477	-0.09542933	2.39095	-0.450816	-0.1278472	2.750046	-0.4835689	0.7036278	2.477096	-0.4106933	0.5877033	2.522581	-0.4064035	0.5095474	2.543771	-0.3918175	0.2697111	2.598721	-0.370386	-0.0574813	2.662822	-0.2577668	0.4719076	2.47496	-0.5018249	0.4156555	2.576118	-0.2905216	-0.04581963	2.613927	-0.4403485	-0.06760669	2.640847	-0.1436306	0.2052927	2.456578	-0.4458613	0.1838688	2.752481	-0.312098	-0.3835272	2.389267	-0.4935128	-0.420267	2.470271	-0.06620108	-0.768306	2.551871	-0.2177406	-0.6133249	2.323158	

-0.2003236	-0.014943	2.398891	-0.4557096	-0.07275531	2.751894	-0.2359864	-0.1721439	2.366033	-0.4804116	-0.224114	2.739825	-0.19597	-0.1141463	2.373261	-0.478679	-0.1086914	2.729149	-0.5159431	0.7215673	2.455266	-0.4392289	0.6073511	2.501452	-0.4398336	0.5346637	2.510886	-0.4295192	0.3040458	2.53837	-0.413827	-0.01112448	2.56605	-0.2925128	0.487033	2.455123	-0.5302949	0.4352349	2.555028	-0.3330223	-0.002826055	2.503706	-0.4831637	-0.01910818	2.557744	-0.1749644	0.2238188	2.444639	-0.4741082	0.2032804	2.731501	-0.3680697	-0.3663727	2.352781	-0.5060384	-0.4312262	2.537151	-0.2036263	-0.8149422	2.445933	-0.2764287	-0.468457	2.250176	

-0.2655285	-0.03186588	2.354994	-0.5697737	-0.08716504	2.663212	-0.2822786	-0.1895189	2.336483	-0.5940148	-0.2384803	2.651221	-0.2413421	-0.1159184	2.3447	-0.5916851	-0.1229644	2.640671	-0.5994815	0.7113317	2.372817	-0.5551278	0.5931023	2.412382	-0.5461155	0.5183969	2.430066	-0.5165911	0.288843	2.474733	-0.4742847	-0.02486389	2.525436	-0.4048754	0.4737267	2.372874	-0.6458933	0.4208772	2.465957	-0.3913461	-0.01882501	2.462397	-0.5439333	-0.03020411	2.518147	-0.2643296	0.2157742	2.382187	-0.5887315	0.188884	2.642712	-0.4548085	-0.4789554	2.320096	-0.6072258	-0.4652414	2.440839	-0.3646995	-0.8969603	2.376054	-0.3653794	-0.6785219	2.263793	

-0.4060002	-0.1782109	2.219928	-0.8772683	-0.1779411	2.498318	-0.3817438	-0.3313522	2.221455	-0.8977084	-0.2986827	2.485392	-0.3437844	-0.2511785	2.198682	-0.8999464	-0.225361	2.487714	-0.735698	0.6035842	2.276345	-0.67604	0.4835286	2.324137	-0.6756495	0.4086551	2.337589	-0.6718099	0.1788441	2.369421	-0.6637272	-0.1349767	2.402725	-0.5292298	0.3609747	2.288669	-0.7996376	0.3407433	2.392931	-0.5833281	-0.1322107	2.345381	-0.7250261	-0.1338748	2.39121	-0.4241482	0.07188953	2.262785	-0.841342	0.07113464	2.515282	-0.6634338	-0.566185	2.1975	-0.6681483	-0.4566554	2.158184	-0.5711709	-0.9091763	2.24856	-0.7621307	-0.9051221	2.30866	

-0.642479	0.02991574	2.108042	-0.9947079	0.01195823	2.293509	-0.738867	-0.1067774	2.042678	-1.033666	-0.08984847	2.191342	-0.6564726	-0.07036277	2.165412	-1.01867	-0.0426812	2.276857	-0.771969	0.7221563	2.250001	-0.726442	0.5964524	2.297817	-0.7305617	0.5201207	2.307114	-0.7403552	0.2854236	2.326723	-0.7506912	-0.03571993	2.343978	-0.5891405	0.4683168	2.254711	-0.8769698	0.455436	2.337257	-0.6724789	-0.03502877	2.293713	-0.8070177	-0.03537301	2.326119	-0.5389888	0.224372	2.209507	-0.9472352	0.1962271	2.423022	-0.6829293	-0.4948871	2.195735	-0.8249075	-0.5174329	2.302577	-0.6231066	-0.9138566	2.193256	-0.7892815	-0.9450873	2.387785	

-0.6811392	0.03089935	2.091901	-1.005612	0.02291588	2.276161	-0.7977611	-0.1011804	2.031246	-1.045189	-0.06197343	2.15865	-0.7123694	-0.104454	2.1271	-1.036576	-0.06734722	2.192714	-0.7739216	0.7237168	2.249742	-0.7294371	0.5981439	2.297277	-0.7337289	0.5212885	2.306231	-0.7447548	0.2849183	2.324447	-0.7582813	-0.04019997	2.338296	-0.5910116	0.4696926	2.253833	-0.8798822	0.4556271	2.335745	-0.6812386	-0.03445358	2.290738	-0.8145392	-0.04789285	2.315322	-0.5462045	0.2284033	2.205296	-0.9522336	0.1976253	2.416698	-0.6805201	-0.4910342	2.194571	-0.8281896	-0.5095854	2.307796	-0.6232277	-0.9171582	2.193743	-0.789212	-0.9438486	2.391059	

-0.7387676	0.03729	2.056903	-1.045162	0.04759552	2.235891	-0.8533192	-0.07768795	2.009649	-1.075478	-0.04185868	2.097067	-0.8014675	-0.0612758	2.005445	-1.06769	-0.02364315	2.176667	-0.7912264	0.7233741	2.245633	-0.7503042	0.597362	2.291089	-0.7552183	0.5204983	2.297537	-0.7681335	0.284132	2.307284	-0.7831528	-0.03961613	2.308161	-0.6141526	0.4673494	2.244744	-0.9035367	0.4556625	2.328439	-0.7051608	-0.03205122	2.262726	-0.8368561	-0.04653175	2.287265	-0.6040624	0.2126369	2.164309	-0.9881778	0.2068162	2.393242	-0.6774661	-0.4854418	2.192922	-0.8552523	-0.4204169	2.31766	-0.6208375	-0.912661	2.193613	-0.7961365	-0.8986942	2.387469	

-0.648429	-0.04996456	2.096291	-1.037115	-0.08619015	2.362947	-0.6759269	-0.2117532	2.069752	-1.028004	-0.2264318	2.353214	-0.6260738	-0.1505877	2.080455	-1.022025	-0.1985448	2.3592	-0.859489	0.7246271	2.224199	-0.8159268	0.5999461	2.267797	-0.8204451	0.5236811	2.27367	-0.8311675	0.2891597	2.283111	-0.8424894	-0.0318885	2.286913	-0.6765564	0.4680972	2.2229	-0.9681708	0.4586597	2.305264	-0.7597674	-0.02970025	2.239947	-0.9004082	-0.03313902	2.266755	-0.612433	0.2092802	2.165107	-1.027411	0.1748065	2.389641	-0.6965404	-0.4309781	2.176315	-0.8700057	-0.4310295	2.317482	-0.6209349	-0.9127136	2.193887	-0.7916653	-0.9061241	2.390593	

-0.6365793	-0.04175149	2.100595	-1.038127	-0.06996448	2.384442	-0.6501771	-0.2005294	2.080652	-1.014816	-0.2307975	2.39373	-0.6007882	-0.1290748	2.085389	-1.023709	-0.2144924	2.391167	-0.8602448	0.7239188	2.223763	-0.8167552	0.5990425	2.267149	-0.8211173	0.5229966	2.272654	-0.8314531	0.2891561	2.27988	-0.8412442	-0.0294421	2.277359	-0.6768151	0.4678167	2.222899	-0.9689961	0.4577572	2.304614	-0.7561508	-0.02870042	2.229834	-0.9013349	-0.02919406	2.257156	-0.6156235	0.1992182	2.16473	-1.028983	0.17525	2.39211	-0.6967992	-0.431089	2.176313	-0.8715163	-0.4323815	2.317233	-0.6213027	-0.9134877	2.19434	-0.7921296	-0.9071017	2.391456	

-0.5877293	-0.07636533	2.114049	-1.025303	-0.07950056	2.372082	-0.5862897	-0.2400534	2.127148	-1.033487	-0.08965071	2.419022	-0.5429161	-0.1689906	2.119	-1.033786	-0.0805489	2.4095	-0.8638499	0.7207041	2.222979	-0.820045	0.5956333	2.266135	-0.8236604	0.5194086	2.271543	-0.8320447	0.2845771	2.278684	-0.8387566	-0.03796754	2.277011	-0.6790426	0.4653381	2.222896	-0.954855	0.4357499	2.27841	-0.7540563	-0.03635267	2.230738	-0.8984948	-0.03861889	2.255652	-0.6068298	0.1820118	2.1694	-1.018645	0.159481	2.378674	-0.6904746	-0.4864708	2.182019	-0.8717112	-0.4326795	2.316958	-0.6157829	-0.8903554	2.193728	-0.7923213	-0.9069704	2.393432	

-0.584852	-0.07893474	2.114599	-1.02445	-0.08047866	2.37011	-0.5713058	-0.2393546	2.12463	-1.018629	-0.167977	2.359776	-0.5327861	-0.1712016	2.110622	-1.018891	-0.1584676	2.350292	-0.8671278	0.7189505	2.222485	-0.822917	0.5938771	2.265011	-0.8251938	0.5178063	2.27034	-0.830601	0.2824276	2.276675	-0.828489	-0.04236915	2.272818	-0.6809476	0.464119	2.223306	-0.9550155	0.4353891	2.277544	-0.7444397	-0.03953629	2.228626	-0.8878082	-0.0441997	2.249228	-0.6004284	0.1750903	2.171489	-1.018178	0.1585024	2.376757	-0.6910156	-0.4848964	2.182023	-0.8723928	-0.4341159	2.31718	-0.6193989	-0.9246743	2.203167	-0.7912754	-0.9080027	2.394301	

-0.5836303	-0.07984404	2.114848	-1.021876	-0.08158044	2.368279	-0.5730953	-0.2445237	2.126453	-1.015877	-0.1690802	2.357886	-0.5274653	-0.1742191	2.122941	-1.017928	-0.1588525	2.349627	-0.8687267	0.7177646	2.222419	-0.8242324	0.5926751	2.264791	-0.8261554	0.5165692	2.269923	-0.8304334	0.281249	2.275955	-0.8280107	-0.04303081	2.272347	-0.6819413	0.4632159	2.223556	-0.9539998	0.4348773	2.276626	-0.7438226	-0.04026008	2.228374	-0.8874953	-0.04474219	2.248627	-0.5992724	0.1743054	2.171947	-1.016155	0.1574151	2.375101	-0.6909744	-0.4845949	2.182024	-0.8726524	-0.4359177	2.315721	-0.6193302	-0.9248077	2.202809	-0.7895687	-0.9089238	2.395663	

-0.583017	-0.08140203	2.114338	-0.9328784	-0.08735051	2.210873	-0.5750915	-0.2445409	2.124704	-0.855224	-0.1916913	2.17947	-0.5358809	-0.1718373	2.108209	-0.9021021	-0.1664371	2.198133	-0.8697881	0.717209	2.222069	-0.8254811	0.5919465	2.264285	-0.8270932	0.5159186	2.269404	-0.8305027	0.2810193	2.27568	-0.8279665	-0.04298291	2.272339	-0.6823819	0.4628272	2.223483	-0.9557957	0.4383596	2.280672	-0.7437555	-0.04025784	2.228399	-0.887466	-0.04458216	2.248592	-0.5987226	0.1739406	2.172211	-1.017274	0.1604003	2.378417	-0.6915336	-0.4834639	2.181712	-0.8746481	-0.4333723	2.315362	-0.6192139	-0.9252226	2.20264	-0.7895421	-0.9060861	2.3952	

-0.5857018	-0.08223239	2.112782	-0.9308125	-0.09057169	2.207699	-0.5972889	-0.2428197	2.106258	-0.8490281	-0.187374	2.158759	-0.5522584	-0.1682771	2.117769	-0.9015306	-0.1825823	2.195929	-0.8701907	0.7169901	2.222169	-0.8257049	0.5917946	2.2644	-0.8273536	0.5156819	2.269433	-0.8307288	0.2805712	2.275453	-0.8285922	-0.0435003	2.271994	-0.6831177	0.4621903	2.224322	-0.9543818	0.4345769	2.278725	-0.7440537	-0.04123037	2.228129	-0.8886548	-0.04472381	2.248134	-0.5987503	0.1741989	2.172361	-1.01546	0.1564418	2.376236	-0.6915314	-0.4835258	2.181723	-0.875154	-0.435521	2.315962	-0.6184745	-0.9248228	2.202954	-0.7897182	-0.9080508	2.396369	

-0.6326455	-0.0564113	2.098291	-1.030616	-0.08781423	2.394262	-0.6816089	-0.2276021	2.073099	-1.015177	-0.2354265	2.380807	-0.620642	-0.1768961	2.069286	-1.049426	-0.1891865	2.359917	-0.8694165	0.7165563	2.22464	-0.8250514	0.5915897	2.266989	-0.8270673	0.5156003	2.271161	-0.8308316	0.2807667	2.275862	-0.8303212	-0.04189949	2.272056	-0.6823535	0.4620286	2.225877	-0.9540676	0.435259	2.27914	-0.7443326	-0.04097918	2.228044	-0.8930449	-0.04052119	2.248881	-0.6048835	0.1821338	2.174007	-1.015087	0.1571076	2.37666	-0.6975504	-0.4272496	2.174364	-0.8747238	-0.4363986	2.315729	-0.6222962	-0.9091406	2.201642	-0.7894124	-0.908758	2.397051	

-0.6380495	-0.05664666	2.096977	-1.029022	-0.08773519	2.389144	-0.6928557	-0.2202628	2.072218	-1.009885	-0.2384901	2.369268	-0.6364005	-0.1777891	2.106	-1.039778	-0.1861572	2.337536	-0.8658441	0.7163219	2.228664	-0.8233833	0.5911693	2.269646	-0.8259276	0.5150803	2.273344	-0.8306794	0.2802923	2.276913	-0.8315353	-0.0424286	2.272811	-0.6804568	0.4619073	2.228649	-0.9538126	0.4235644	2.277689	-0.7449536	-0.04143964	2.228274	-0.8946775	-0.04125829	2.250378	-0.6075104	0.1853002	2.175163	-1.014584	0.1454182	2.375149	-0.6967716	-0.4305345	2.174864	-0.8761127	-0.4196101	2.312669	-0.6157472	-0.9116354	2.200905	-0.7920285	-0.8922279	2.3943	

-0.6400768	-0.05548331	2.097252	-1.027901	-0.08757889	2.385857	-0.6960393	-0.2177032	2.072931	-1.009525	-0.2348725	2.366298	-0.6381406	-0.1650808	2.080414	-1.038689	-0.1888749	2.338556	-0.8630279	0.7160085	2.232411	-0.8218457	0.5908697	2.271993	-0.8247135	0.5148311	2.275465	-0.8302668	0.2803147	2.278254	-0.832176	-0.04193628	2.273751	-0.6792107	0.4614855	2.230914	-0.9527424	0.4265515	2.279958	-0.7453654	-0.04113425	2.2289	-0.8952822	-0.04078327	2.251512	-0.6089733	0.1874611	2.176833	-1.013474	0.1483947	2.377466	-0.6965669	-0.4303617	2.174975	-0.8739344	-0.4273129	2.312547	-0.6170338	-0.8745265	2.192646	-0.7896247	-0.8993154	2.396714	

-0.63143	-0.0369605	2.107141	-1.02656	-0.0731473	2.396791	-0.6789249	-0.2125272	2.081311	-0.9990644	-0.2411894	2.384013	-0.6220643	-0.1574602	2.101	-1.0161	-0.2074999	2.376154	-0.8603817	0.7159032	2.234067	-0.8193853	0.5906323	2.273879	-0.8225812	0.5145346	2.27733	-0.8290688	0.2800308	2.279868	-0.8322606	-0.04200916	2.274972	-0.6754652	0.4617349	2.233883	-0.9508384	0.428463	2.281418	-0.7454718	-0.04130743	2.230188	-0.8952103	-0.04086832	2.252644	-0.6082662	0.1898534	2.179904	-1.011545	0.1502946	2.378949	-0.684016	-0.4810032	2.182076	-0.8734948	-0.4313236	2.315579	-0.6235912	-0.9035537	2.193114	-0.788788	-0.9035953	2.397982	

-0.6302624	-0.04033993	2.108474	-1.026852	-0.07195673	2.400424	-0.6744519	-0.2146613	2.084074	-1.009979	-0.2247648	2.389122	-0.6164681	-0.1602027	2.086	-1.02434	-0.1796137	2.389	-0.8581079	0.7157573	2.236007	-0.8172743	0.590344	2.275689	-0.8207127	0.5142899	2.278938	-0.8279511	0.2799949	2.280824	-0.8321402	-0.04185952	2.275193	-0.6733047	0.4618638	2.235417	-0.9489696	0.4298923	2.282428	-0.7453043	-0.04119316	2.230531	-0.8950728	-0.04073305	2.252771	-0.606941	0.1913758	2.183163	-1.009665	0.1517128	2.379967	-0.6955602	-0.4279987	2.174373	-0.8770226	-0.4091464	2.313921	-0.6231276	-0.9085039	2.192536	-0.7912261	-0.8819032	2.393794	

-0.6140741	-0.05033427	2.114406	-1.027465	-0.06631023	2.416871	-0.6482723	-0.2278868	2.098813	-1.014579	-0.2202149	2.415819	-0.5895878	-0.1672375	2.095551	-1.040615	-0.1256783	2.4165	-0.8562795	0.7161938	2.237291	-0.8149928	0.5906885	2.276562	-0.8190105	0.5146714	2.279497	-0.8274263	0.2804385	2.280772	-0.8329291	-0.0404251	2.274087	-0.6708976	0.4622303	2.237769	-0.9459298	0.4308375	2.283329	-0.7454094	-0.04066952	2.229965	-0.8967273	-0.03819511	2.250986	-0.6039214	0.1897359	2.185001	-1.006623	0.1526473	2.380869	-0.6947244	-0.4317992	2.174908	-0.8766401	-0.4063686	2.313136	-0.6230051	-0.9091474	2.192859	-0.7921293	-0.8791594	2.394002	

-0.5965092	-0.06427363	2.115473	-1.025752	-0.06630955	2.421406	-0.6167666	-0.2362878	2.110063	-1.011332	-0.2223	2.429034	-0.5631685	-0.1657871	2.098667	-1.020235	-0.1969948	2.42275	-0.8546921	0.71641	2.23821	-0.8127534	0.590737	2.277687	-0.816169	0.5147208	2.280497	-0.8226101	0.2806377	2.280959	-0.8261589	-0.03992585	2.272439	-0.6687569	0.4624068	2.238812	-0.9433733	0.431252	2.284411	-0.7398694	-0.03914515	2.229143	-0.8877065	-0.03933835	2.248116	-0.5970807	0.1867204	2.187688	-1.004072	0.1530568	2.381948	-0.6927336	-0.4365951	2.17599	-0.8681067	-0.4213106	2.312163	-0.6202666	-0.91899	2.20115	-0.7881232	-0.89421	2.395528	

-0.5867082	-0.06999016	2.116669	-1.02404	-0.0675424	2.424788	-0.6006711	-0.2416407	2.104118	-0.9981536	-0.2323642	2.411372	-0.5403698	-0.1756919	2.1216	-1.006899	-0.2018489	2.404444	-0.8519566	0.7160773	2.239682	-0.81011	0.5905348	2.27913	-0.8136916	0.5144137	2.281975	-0.8209439	0.2801529	2.282373	-0.8256891	-0.04057734	2.273833	-0.6659509	0.4626351	2.240821	-0.9405696	0.4313395	2.285775	-0.7397049	-0.03972977	2.230105	-0.8868815	-0.04009761	2.250191	-0.5893815	0.1836787	2.189377	-1.001281	0.1531428	2.383306	-0.6892647	-0.4461954	2.177891	-0.8669603	-0.4238179	2.312224	-0.6192013	-0.9208101	2.201166	-0.7875927	-0.8966998	2.396046	

-0.5863139	-0.06992587	2.116611	-1.021871	-0.06847226	2.428499	-0.6085792	-0.2362342	2.102493	-0.9902312	-0.2305204	2.392261	-0.5519618	-0.1724144	2.121974	-1.004658	-0.1858582	2.38575	-0.8492569	0.7160833	2.240283	-0.8070056	0.5903569	2.281458	-0.8108435	0.5142363	2.284005	-0.8190702	0.2800375	2.283541	-0.8252096	-0.04062209	2.274156	-0.6630693	0.4627388	2.242839	-0.9373745	0.4314107	2.288015	-0.7390483	-0.0398465	2.230465	-0.8865921	-0.04009778	2.250479	-0.5871552	0.1828761	2.189911	-0.9981071	0.1532147	2.385535	-0.6891674	-0.4461832	2.177907	-0.8666335	-0.425402	2.312612	-0.6189513	-0.9214609	2.200916	-0.7874644	-0.898308	2.39641	

-0.5869564	-0.0682352	2.116867	-1.019933	-0.06864827	2.430612	-0.6191037	-0.234034	2.105924	-0.9814333	-0.222995	2.374669	-0.5684478	-0.178686	2.101286	-1.001989	-0.190987	2.3848	-0.8464474	0.7160825	2.241492	-0.8042232	0.5906155	2.282987	-0.8078902	0.5145663	2.285339	-0.8157326	0.2806314	2.284241	-0.8220576	-0.03972004	2.273956	-0.6615979	0.4630554	2.244415	-0.9345122	0.431836	2.289497	-0.7357337	-0.03835158	2.229896	-0.8837276	-0.03976677	2.250605	-0.5865269	0.1834353	2.19082	-0.9952651	0.1536371	2.387008	-0.6890022	-0.4456678	2.177947	-0.8669758	-0.4239986	2.312916	-0.612296	-0.8649424	2.189602	-0.7869035	-0.8966243	2.397427	

-0.5900174	-0.06358308	2.117882	-1.017496	-0.06547347	2.421752	-0.6317855	-0.2305081	2.100458	-0.9821213	-0.2166735	2.376297	-0.5794253	-0.1659891	2.10344	-0.9948472	-0.1948441	2.3765	-0.8435422	0.7164001	2.243217	-0.8016918	0.5905544	2.285172	-0.8060535	0.5147486	2.287011	-0.8153071	0.2812008	2.284868	-0.8230813	-0.03799904	2.274081	-0.6599342	0.4629378	2.24616	-0.9319593	0.4319003	2.291622	-0.7357948	-0.03806349	2.22987	-0.8868812	-0.03545037	2.251186	-0.586157	0.1847403	2.192146	-0.9927324	0.1537032	2.389124	-0.6890566	-0.4451775	2.177979	-0.8663041	-0.4278013	2.31445	-0.5940568	-0.7943848	2.164259	-0.7874034	-0.9005933	2.398825	

-0.5981589	-0.03257932	2.127476	-1.018045	-0.06432813	2.421521	-0.6370943	-0.2086321	2.097429	-0.9908319	-0.2116075	2.38968	-0.5868104	-0.1364975	2.1105	-1.003754	-0.1730584	2.39	-0.8406032	0.716642	2.245662	-0.7997366	0.5901608	2.287117	-0.8041279	0.5144692	2.288917	-0.8138689	0.2813439	2.286375	-0.8225591	-0.03761562	2.274856	-0.6571907	0.4631533	2.24832	-0.9302753	0.433304	2.294243	-0.7353163	-0.03772991	2.230565	-0.8861993	-0.03522551	2.25201	-0.5860168	0.1859221	2.194949	-0.9910665	0.1551016	2.39174	-0.6892681	-0.444218	2.178301	-0.8655387	-0.4305149	2.315376	-0.6025355	-0.7951677	2.180172	-0.7870959	-0.9034512	2.39948	

