0.45882	-0.0428306	3.071096	0.1124136	-0.03342777	2.510756	0.4502989	-0.1005188	3.119311	0.1359515	-0.1857817	2.415463	0.4863524	-0.09079197	3.014625	0.1786404	-0.1250589	2.461556	0.3088755	0.6926687	2.892384	0.2476702	0.571893	2.885983	0.2515741	0.4838782	2.901784	0.2624626	0.2135647	2.938258	0.2761604	-0.155782	2.975182	0.3934814	0.3969724	3.020182	0.1416617	0.431731	2.77627	0.329439	-0.1611107	2.993854	0.2146901	-0.1458747	2.869209	0.4202238	0.160834	3.007188	0.07753736	0.1627664	2.663811	0.1658605	-0.6848596	2.813154	0.200634	-0.5853381	2.809623	0.1345777	-0.9770195	2.837148	0.1450076	-0.9830638	2.826412	

0.4646778	-0.08791081	3.094584	0.1165854	-0.04820761	2.493134	0.4420002	-0.09945922	3.123157	0.1600908	-0.1907524	2.419987	0.4766436	-0.08529003	3.035455	0.1872303	-0.1226642	2.4529	0.3034787	0.6884812	2.88385	0.2401435	0.568608	2.876528	0.2459355	0.4828218	2.893342	0.2601975	0.2178736	2.930662	0.2790112	-0.1371236	2.965085	0.3866721	0.393006	3.01215	0.1361266	0.4310756	2.76776	0.3320955	-0.1426853	2.979329	0.2178668	-0.1267704	2.864078	0.4205734	0.1195555	3.019214	0.07426185	0.1596325	2.651446	0.3327382	-0.5158809	3.146973	0.166417	-0.5908709	2.829776	0.1245055	-0.959318	3.011773	0.1378845	-0.9919846	2.831651	

0.4520536	-0.09228006	3.097018	0.1214654	-0.06707241	2.480819	0.4129583	-0.0996859	3.129569	0.1740223	-0.2079843	2.439837	0.4515268	-0.09719904	3.082111	0.189426	-0.1310097	2.455	0.2919361	0.6851787	2.868713	0.2318236	0.5662704	2.865114	0.2384151	0.4813421	2.881979	0.2564338	0.2193407	2.921484	0.2786588	-0.1356072	2.960165	0.3825659	0.3866588	3.005419	0.1291442	0.4282216	2.752653	0.3317572	-0.1423621	2.97924	0.2179492	-0.1223093	2.843013	0.4198129	0.1186243	3.017681	0.0703429	0.155846	2.633268	0.3295764	-0.4834257	3.119888	0.1609553	-0.5882849	2.830276	0.1586961	-0.9246792	2.865724	0.1359457	-0.9917761	2.83242	

0.446898	-0.1052827	3.108957	0.1173946	-0.07380705	2.436387	0.4281193	-0.1729767	3.163415	0.1552479	-0.2152907	2.393539	0.4666272	-0.1701312	3.115899	0.1741434	-0.1527267	2.399619	0.2613662	0.6753187	2.823037	0.1956785	0.5575085	2.816569	0.2023463	0.4696853	2.833131	0.2218495	0.1999603	2.872026	0.2474435	-0.1685508	2.912249	0.3519568	0.3809223	2.974532	0.09946238	0.4148431	2.704977	0.2986891	-0.1732433	2.94825	0.1887944	-0.158881	2.790349	0.412099	0.09195977	2.997147	0.05711522	0.1425864	2.575242	0.3079699	-0.5070124	3.088166	0.1327938	-0.5732318	2.815714	0.2151059	-0.8304449	3.22556	0.1324167	-0.9914516	2.834276	

0.4509935	-0.09125881	3.044846	0.11472	-0.06783227	2.417884	0.4216727	-0.09773409	3.068686	0.1559497	-0.2046615	2.346246	0.4688615	-0.08714394	2.995429	0.1655016	-0.1085461	2.366684	0.2576006	0.6734009	2.818041	0.1925645	0.5565699	2.812214	0.1993296	0.4687192	2.828794	0.2191301	0.1988816	2.867694	0.2451211	-0.1698261	2.907855	0.3448638	0.3829221	2.9676	0.09833656	0.4134718	2.701095	0.2937813	-0.1744676	2.927245	0.1876483	-0.1598874	2.791187	0.4013253	0.1196218	2.963759	0.05387531	0.1453869	2.571378	0.3071213	-0.5085376	3.084353	0.1268463	-0.5774834	2.810478	0.2186231	-0.8184685	3.220962	0.1310157	-0.9905922	2.834468	

0.4497938	-0.08361967	3.036546	0.1047949	-0.04871939	2.386044	0.4088531	-0.1060925	3.066725	0.1572875	-0.1862856	2.295357	0.4362758	-0.0897852	3.004	0.1647354	-0.09862794	2.322467	0.2476263	0.6700074	2.805909	0.1849431	0.5518657	2.801302	0.1920907	0.463985	2.818055	0.2130291	0.1940348	2.857424	0.2404722	-0.1748585	2.898102	0.3338191	0.3704232	2.943001	0.09145018	0.4091695	2.690073	0.2908192	-0.1809656	2.912993	0.1839826	-0.1626128	2.790062	0.394208	0.1241063	2.953867	0.04321984	0.144102	2.542306	0.3001045	-0.5439498	3.079599	0.1244265	-0.5820005	2.803426	0.2131894	-0.8338685	3.229177	0.1296502	-0.9905219	2.8346	

0.4142697	-0.07126459	2.996669	0.08576093	-0.004220853	2.311344	0.4509588	-0.09530026	2.955463	0.1357734	-0.1278066	2.191549	0.4491009	-0.06283496	2.891769	0.1456158	-0.04445205	2.241913	0.2234108	0.663536	2.771675	0.1612994	0.5443202	2.770347	0.1684986	0.4548566	2.786429	0.1896487	0.1797317	2.823469	0.2174735	-0.1971159	2.860303	0.3191673	0.3746015	2.929976	0.07321016	0.4001983	2.660107	0.2700197	-0.1976681	2.878551	0.1600114	-0.1890424	2.758067	0.3658943	0.1321629	2.909318	0.01573013	0.1825223	2.513096	0.3031206	-0.5410436	3.065467	0.1229243	-0.5817221	2.790455	0.2195201	-0.8228364	3.215464	0.1294742	-0.9904949	2.834449	

0.4134065	-0.08488356	2.968874	0.07377965	0.01568232	2.285407	0.4136412	-0.1031163	2.981083	0.1200024	-0.09779189	2.143381	0.447607	-0.09104891	2.895286	0.149081	-0.04477759	2.191667	0.2194328	0.6611165	2.768449	0.1563408	0.543013	2.764353	0.1633183	0.4533121	2.779913	0.1839179	0.1774975	2.815421	0.2112569	-0.2000111	2.850473	0.3011852	0.3721921	2.902557	0.06942243	0.3961702	2.651803	0.2643582	-0.2004505	2.871913	0.1514468	-0.1931911	2.740456	0.3639545	0.12657	2.906653	0.01007526	0.1855155	2.502533	0.3034185	-0.5459571	3.060422	0.1212592	-0.5839854	2.783494	0.2105916	-0.8211082	3.202151	0.12909	-0.990552	2.834246	

0.4118422	-0.08158407	2.958865	0.06034598	0.03756636	2.243447	0.3856703	-0.1114553	2.984806	0.10596	-0.06749259	2.099647	0.433231	-0.09559269	2.8779	0.1407773	-0.01480906	2.17175	0.2094505	0.6561549	2.755675	0.148822	0.5376011	2.752836	0.1563694	0.4506199	2.766865	0.1776594	0.184803	2.793932	0.2069295	-0.1675926	2.809319	0.2964757	0.3691055	2.896197	0.06023346	0.3913864	2.633634	0.2577607	-0.1702165	2.827292	0.14968	-0.1610478	2.70587	0.3540856	0.1212733	2.885651	-0.005259442	0.185957	2.473001	0.3081104	-0.5467404	3.049401	0.1171733	-0.5882862	2.773235	0.3526614	-0.8310104	3.202688	0.1282749	-0.990529	2.83297	

0.4005209	-0.08338583	2.942559	0.05423884	0.04889124	2.233109	0.410869	-0.117486	2.931766	0.09446083	-0.03754799	2.067313	0.4183823	-0.0984472	2.846333	0.127437	0.004460511	2.134454	0.2008002	0.6531045	2.743575	0.1395908	0.5333824	2.740841	0.149115	0.4467445	2.75746	0.1755454	0.1820046	2.791888	0.2075146	-0.1815691	2.819439	0.2935067	0.365474	2.893162	0.05580938	0.3872326	2.622802	0.2572611	-0.1824435	2.834082	0.1514744	-0.1750135	2.718552	0.3471091	0.1207892	2.873311	-0.01285512	0.1865228	2.453419	0.3130991	-0.543872	3.037428	0.1139855	-0.5931927	2.768183	0.3370761	-0.8159366	3.197135	0.126159	-0.9905288	2.83255	

0.3672934	-0.08845055	2.926419	0.0343504	0.05336525	2.166765	0.3712444	-0.1204335	2.905967	0.09351016	-0.02123926	2.034891	0.3795089	-0.08652141	2.806666	0.109587	0.008089811	2.074572	0.1770534	0.6455469	2.720151	0.124264	0.5260378	2.72145	0.1336789	0.4401148	2.736134	0.1628992	0.1771463	2.770215	0.2020209	-0.1828506	2.805173	0.2561778	0.3933106	2.877558	0.04041274	0.3832927	2.597903	0.2512702	-0.1828763	2.826662	0.1471768	-0.1776115	2.693669	0.3233359	0.108556	2.835755	-0.03546012	0.194044	2.409675	0.3312004	-0.5238652	3.005839	0.1079465	-0.5925567	2.75589	0.3389215	-0.7943769	3.163007	0.1226524	-0.9911807	2.832099	

0.3519574	-0.1377242	2.869346	0.03676896	0.01136467	2.135507	0.3688834	-0.1197241	2.795749	0.08754354	-0.0980128	2.084931	0.3538921	-0.09750425	2.774	0.08436911	0.007444602	2.10847	0.1698435	0.6424038	2.707869	0.1127296	0.523304	2.705547	0.1222762	0.4369589	2.719764	0.1506866	0.1716256	2.750834	0.1883119	-0.1922148	2.779377	0.243463	0.3901059	2.849811	0.03240084	0.3803335	2.5793	0.2336796	-0.1940687	2.787789	0.1375335	-0.1841094	2.681347	0.3097146	0.08047126	2.82035	-0.06003429	0.1935267	2.360603	0.3349664	-0.5181927	2.995503	0.1041563	-0.5990031	2.747899	0.3311091	-0.7908575	3.14425	0.120619	-0.991048	2.831457	

0.342881	-0.1625166	2.822009	0.03321831	0.01253423	2.132482	0.3456608	-0.2869711	2.858701	0.07808963	-0.09427477	2.072977	0.3127905	-0.2242873	2.808417	0.08986182	-0.04494074	2.093473	0.164074	0.64325	2.697475	0.1075141	0.5222036	2.69821	0.1174473	0.4358058	2.712389	0.1471732	0.1703016	2.743778	0.1866433	-0.1933706	2.77334	0.2424379	0.3786191	2.837415	0.02715152	0.3791546	2.5683	0.2337773	-0.1939975	2.786146	0.1323676	-0.1876151	2.67051	0.307168	0.06622718	2.810183	-0.0613794	0.1945988	2.356534	0.3353887	-0.52252	2.992754	0.1021877	-0.602166	2.744326	0.3371524	-0.8059006	3.136531	0.1187428	-0.9902847	2.830049	

0.3883046	0.04729323	3.082772	0.01188679	0.04122495	2.119868	0.4624942	-0.03573211	3.227872	0.07520159	-0.07523237	2.030368	0.4422774	-0.01864315	3.218	0.08133377	-0.02143587	2.06553	0.1599728	0.6429205	2.690204	0.1033006	0.5214011	2.690918	0.1146753	0.4351759	2.708425	0.1466435	0.1700402	2.74405	0.1873384	-0.1943114	2.784353	0.2403704	0.370922	2.825207	0.02257524	0.3785673	2.561302	0.2339111	-0.1914914	2.796026	0.1347046	-0.1927904	2.687508	0.2997167	0.06188212	2.796783	-0.06585332	0.1958089	2.349329	0.3359961	-0.5317152	2.99019	0.1014252	-0.6039059	2.74261	0.3355721	-0.8107309	3.133878	0.1183185	-0.9886537	2.828024	

0.4141713	0.05134349	3.134855	0.001420989	0.0596567	2.102591	0.5008931	-0.05445482	3.249698	0.06593006	-0.02988655	1.98275	0.4476566	-0.02220081	3.235778	0.07551597	0.01060381	2.02225	0.1569081	0.6434203	2.684124	0.09764227	0.5220144	2.682784	0.1102789	0.4358051	2.702845	0.1457996	0.1703953	2.744231	0.1886732	-0.1919705	2.791741	0.2347122	0.3789113	2.822244	0.01792266	0.3783364	2.554969	0.2352229	-0.1851096	2.80443	0.136155	-0.1930327	2.693951	0.3372396	0.2003285	2.986474	-0.0705561	0.1968261	2.345797	0.3362635	-0.535875	2.986473	0.1003772	-0.6043992	2.741068	0.3418883	-0.8416661	3.134295	0.1169922	-0.9883898	2.827525	

0.4154775	0.07042392	3.119112	-0.03481958	0.1001027	2.119132	0.5246425	-0.02327467	3.249475	0.05370775	0.02763074	1.945926	0.4663474	-0.01178288	3.236857	0.03587299	0.08991748	2.024875	0.148699	0.6414073	2.675778	0.09443636	0.5198059	2.67777	0.1069625	0.4339625	2.69751	0.144175	0.1700903	2.742167	0.1887374	-0.1915552	2.791015	0.2142858	0.3870404	2.792269	0.01120971	0.3790589	2.548182	0.2360705	-0.183875	2.804172	0.1352667	-0.1931587	2.691443	0.3291909	0.2204462	2.961982	-0.07479876	0.1992819	2.342066	0.3327679	-0.5904267	2.998393	0.1000481	-0.6046164	2.738926	0.3413055	-0.8967925	3.147925	0.1168204	-0.9884687	2.827335	

0.3922973	0.09241912	3.066857	-0.04017727	0.1271435	2.099194	0.5043869	0.04760842	3.221673	0.008430274	0.08711194	1.919891	0.36983	0.05420002	3.091	0.04319166	0.1060847	1.9415	0.1445032	0.6387171	2.667562	0.08698825	0.5168537	2.668427	0.0994179	0.4315799	2.687199	0.13745	0.1696798	2.73184	0.1856564	-0.1890264	2.779945	0.2143572	0.3883127	2.797839	0.006772211	0.3790358	2.544522	0.2346761	-0.181971	2.799796	0.1300234	-0.1904546	2.670476	0.2876341	0.07229123	2.782726	-0.07963923	0.2017308	2.341031	0.3331768	-0.5867096	2.994543	0.09862121	-0.605542	2.736438	0.3380639	-0.9014245	3.148537	0.1163821	-0.988561	2.827276	

0.3919387	0.0933255	3.065123	-0.05654356	0.1330309	2.102773	0.5270066	0.0704968	3.159635	-0.001915482	0.09398314	1.91622	0.4101545	0.05690068	3.1012	0.03439108	0.1212826	1.97175	0.1414179	0.637877	2.662533	0.08133429	0.5164377	2.662058	0.09470154	0.4314904	2.681731	0.1349303	0.1701919	2.728877	0.1854214	-0.1881935	2.778952	0.2141965	0.3884504	2.798804	-0.002502572	0.3779424	2.537269	0.2344052	-0.1802433	2.798455	0.1299662	-0.1903051	2.670275	0.2850986	0.07445534	2.78099	-0.08204688	0.202371	2.340546	0.3332971	-0.5857897	2.993918	0.09747034	-0.6060828	2.732582	0.3368707	-0.9039898	3.149286	0.1160945	-0.9883578	2.826434	

0.3855183	0.09439854	3.050653	-0.05279208	0.1150785	2.109082	0.5345488	0.06359435	3.140615	-0.009696944	0.0445409	1.932163	0.431241	0.05513827	3.087187	0.02221185	0.08943648	2.003632	0.1366139	0.6360294	2.657403	0.07504117	0.5153919	2.656764	0.08933122	0.4307845	2.677103	0.1320919	0.1702934	2.726356	0.1852486	-0.1876398	2.778392	0.2130674	0.3882976	2.797778	-0.01518402	0.3738852	2.529787	0.2346684	-0.1777116	2.795813	0.1296031	-0.1903511	2.670757	0.2753384	0.09004302	2.767372	-0.08388085	0.2003152	2.340605	0.3320011	-0.5828317	2.991218	0.09608454	-0.6069639	2.729493	0.3431631	-0.8565096	3.133569	0.1159259	-0.9883299	2.82632	

0.3809392	0.1002138	3.044502	-0.05191397	0.09000231	2.120877	0.5338151	0.05205777	3.136272	-0.0005937994	-0.01557637	1.951373	0.4092554	0.04548089	3.077857	0.03695016	0.03820584	2.017	0.1338136	0.6353302	2.65356	0.0728308	0.5144525	2.654814	0.08712741	0.4298254	2.675026	0.1301849	0.1694343	2.724266	0.1849072	-0.1878573	2.777218	0.212748	0.3877742	2.797119	-0.01808698	0.372682	2.527512	0.2341888	-0.1776599	2.793401	0.1294271	-0.1907755	2.670729	0.2723408	0.08762859	2.761081	-0.08617952	0.1965459	2.342472	0.3318582	-0.5834623	2.991095	0.09478087	-0.6069605	2.726969	0.3323795	-0.9140436	3.15167	0.1150834	-0.9891049	2.826089	

0.3796733	0.09944218	3.043216	-0.0309736	0.02805098	2.109978	0.5203216	0.03380425	3.114034	0.004852435	-0.08415698	1.988266	0.4120015	0.02698432	3.069364	0.04281117	-0.01404486	2.0515	0.1314646	0.6354616	2.650259	0.07072455	0.5138615	2.653464	0.08564816	0.4293878	2.673767	0.129964	0.1693312	2.723289	0.1871925	-0.1872628	2.77564	0.2122579	0.3874148	2.796199	-0.02090951	0.3716084	2.525962	0.2370623	-0.1774072	2.79089	0.1311367	-0.1902833	2.670719	0.2720353	0.08769371	2.758991	-0.08977591	0.1696768	2.336978	0.3306653	-0.5840238	2.989827	0.09362601	-0.6071532	2.725343	0.3299353	-0.9411704	3.16039	0.1141159	-0.9895963	2.825898	

0.394194	0.03735603	3.029305	-0.02919753	-0.06157912	2.182226	0.5147517	-0.04431555	3.103802	-0.011786	-0.2240864	2.10637	0.3745125	-0.004165318	3.025889	0.04605787	-0.136652	2.166	0.1293387	0.6343712	2.647851	0.06739408	0.511939	2.649318	0.08330707	0.4273683	2.669764	0.1303484	0.1669274	2.719383	0.1936634	-0.1910224	2.770848	0.218756	0.3676958	2.788976	-0.02446919	0.3702148	2.524123	0.2465584	-0.1827725	2.781055	0.1353233	-0.1930719	2.670341	0.2705257	0.08680182	2.754797	-0.09022419	0.1263954	2.36005	0.3275886	-0.5870432	2.986849	0.09277523	-0.6096951	2.723717	0.3297331	-0.9619138	3.161534	0.1143302	-0.9884558	2.824069	

0.3924536	0.03068118	3.026104	-0.03606507	-0.0998202	2.231028	0.5132873	-0.06500087	3.115598	-0.0162694	-0.2436223	2.185529	0.3767928	-0.02589816	3.0309	0.03511115	-0.1862561	2.228727	0.1267235	0.6338558	2.644784	0.06624926	0.5110745	2.647563	0.08231222	0.4263404	2.667528	0.130373	0.1654231	2.715594	0.1958092	-0.1925646	2.76566	0.2195351	0.3652684	2.788093	-0.02727761	0.3688222	2.522959	0.2492425	-0.1831486	2.770932	0.1366011	-0.1948792	2.669429	0.2698928	0.0857811	2.751848	-0.09029808	0.1136288	2.376694	0.3260886	-0.5875034	2.984397	0.09242862	-0.6117934	2.722143	0.3331992	-0.9582599	3.158798	0.114426	-0.9886786	2.823511	

0.3830456	0.009141554	3.021408	-0.04294412	-0.1376683	2.281785	0.4970522	-0.09933341	3.120607	-0.03821972	-0.3059596	2.267573	0.4441766	-0.05707286	3.028	0.01955347	-0.2239946	2.297889	0.1258421	0.6330686	2.642654	0.0657476	0.5102561	2.645922	0.08177534	0.42504	2.665239	0.1300701	0.1623084	2.711225	0.1960009	-0.1982038	2.759054	0.2159644	0.3414941	2.747404	-0.02922863	0.3675839	2.522665	0.2514006	-0.1892388	2.763883	0.1349954	-0.1998705	2.665548	0.2696612	0.08671079	2.748526	-0.09107541	0.08827218	2.404999	0.3252741	-0.5882564	2.982292	0.09201349	-0.6125055	2.720902	0.3341115	-0.9584342	3.158303	0.1144613	-0.9886745	2.823496	

0.3762245	-0.003116463	3.015204	-0.05244178	-0.1808593	2.344253	0.4413696	-0.1060403	3.150985	-0.06403881	-0.3434855	2.358142	0.4454994	-0.08422416	3.045455	0.002594446	-0.2591616	2.3713	0.1256251	0.6329325	2.640831	0.06558173	0.5089725	2.64337	0.08136763	0.423436	2.662269	0.1288691	0.1599291	2.707414	0.1933386	-0.2012004	2.754796	0.2164335	0.3412213	2.747702	-0.03160514	0.3652727	2.522397	0.249125	-0.1916223	2.758366	0.1317954	-0.2037703	2.663209	0.2696989	0.09489627	2.745466	-0.08865827	0.05270218	2.427111	0.3250966	-0.588529	2.981602	0.09094157	-0.6147724	2.719978	0.3380084	-0.950899	3.1526	0.1145485	-0.9887127	2.823475	

0.3689499	-0.01988926	3.00744	-0.06415889	-0.1952555	2.40284	0.4174078	-0.1246305	3.163418	-0.0813264	-0.361893	2.432421	0.4236678	-0.09979103	3.031769	-0.01622775	-0.2783997	2.423846	0.1248511	0.6327599	2.638484	0.06510367	0.5080183	2.639331	0.08068101	0.4220943	2.658212	0.12762	0.1575141	2.703546	0.1911307	-0.2049952	2.751416	0.217166	0.340756	2.748345	-0.03253295	0.3638719	2.52299	0.2477415	-0.1968521	2.754731	0.1288055	-0.2064721	2.660611	0.269906	0.1018942	2.74385	-0.09223365	0.04634225	2.453506	0.3251575	-0.5893458	2.981482	0.09037708	-0.6165751	2.719371	0.3380842	-0.9519068	3.152724	0.1144198	-0.9887866	2.823456	

0.3561072	-0.06542938	2.984697	-0.08285201	-0.1949443	2.459456	0.3919078	-0.1470663	3.132679	-0.1026077	-0.3591804	2.502979	0.4039668	-0.1328308	3.0427	-0.03104791	-0.2747231	2.48565	0.1243824	0.6319674	2.63386	0.06539363	0.5066462	2.637685	0.08068281	0.4207255	2.656524	0.126752	0.1561927	2.701736	0.1886885	-0.2061801	2.749364	0.2256303	0.3425445	2.764897	-0.0337049	0.3625759	2.523878	0.2446915	-0.1982297	2.751913	0.1269551	-0.2074586	2.659549	0.2700866	0.1052182	2.742581	-0.09925769	0.04295796	2.481355	0.3250128	-0.5893207	2.981292	0.09045109	-0.6170269	2.718858	0.3380799	-0.9527567	3.15195	0.1143689	-0.9885887	2.823284	

0.3594748	-0.09190209	2.969623	-0.1101128	-0.1943728	2.547329	0.3928564	-0.186797	3.124197	-0.1385228	-0.3402495	2.616266	0.4049067	-0.1723608	3.034228	-0.0799587	-0.2551612	2.568562	0.124017	0.6309164	2.627789	0.0651402	0.5038428	2.63399	0.08005385	0.4181376	2.653204	0.1252185	0.1542607	2.699464	0.1860154	-0.2073982	2.748188	0.2259587	0.3429093	2.764786	-0.03620899	0.3597112	2.525464	0.2431245	-0.2001863	2.750762	0.1225461	-0.2079024	2.658535	0.2742764	0.08523639	2.730911	-0.1141012	0.04344813	2.539322	0.3250402	-0.5893118	2.981276	0.09086712	-0.6165894	2.717522	0.3382053	-0.9514359	3.151196	0.1142827	-0.9886435	2.823157	

0.3594026	-0.09141789	2.969462	-0.1466911	-0.2094883	2.633285	0.3927829	-0.1862935	3.124208	-0.188975	-0.307778	2.717681	0.4048113	-0.1698592	3.034692	-0.08670308	-0.2084252	2.652667	0.1223451	0.6298367	2.622298	0.06474394	0.501161	2.629272	0.07950722	0.4159285	2.650074	0.1245191	0.1531262	2.699179	0.1838884	-0.2087575	2.75164	0.2252576	0.3398161	2.748398	-0.03892258	0.3564008	2.527259	0.242934	-0.201152	2.751681	0.116651	-0.2095353	2.667359	0.2742091	0.08565903	2.730232	-0.1243295	0.04530631	2.564286	0.3250635	-0.5896618	2.981384	0.09152777	-0.6153007	2.716259	0.3379785	-0.9506347	3.150697	0.1141974	-0.9882252	2.823142	

0.3587277	-0.08961578	2.96665	-0.157244	-0.1847484	2.622498	0.3920613	-0.1843768	3.121601	-0.2237402	-0.2630737	2.699889	0.4043653	-0.1681931	3.033209	-0.09476159	-0.2064716	2.6745	0.1190988	0.6285104	2.614836	0.06416427	0.4986318	2.625912	0.07877079	0.4139198	2.64767	0.123611	0.1523932	2.699017	0.1813511	-0.2081697	2.754878	0.2240564	0.335743	2.730449	-0.04333887	0.3536718	2.528599	0.2425309	-0.2006033	2.752313	0.1118052	-0.2096672	2.6738	0.2736781	0.08710346	2.726809	-0.1298431	0.04515132	2.577284	0.3250124	-0.5898994	2.980888	0.09237531	-0.6143743	2.714875	0.350413	-0.9047057	3.142059	0.1141977	-0.9881961	2.823133	

0.3584996	-0.09034434	2.961584	-0.1574092	-0.1875496	2.62146	0.3917754	-0.1849183	3.116796	-0.2170835	-0.2673297	2.695071	0.403828	-0.1704835	3.026843	-0.09579387	-0.1999337	2.669	0.1183092	0.6278505	2.612626	0.06349681	0.4973505	2.623505	0.07792538	0.4127373	2.645813	0.1222418	0.1516048	2.698868	0.1783943	-0.2081832	2.757778	0.2240737	0.3359566	2.72856	-0.04598918	0.3521343	2.529286	0.2415953	-0.200313	2.752597	0.1074854	-0.2103453	2.67995	0.273623	0.08581688	2.72096	-0.1324121	0.04397275	2.580723	0.3250295	-0.5886738	2.978595	0.09288769	-0.6139368	2.714374	0.3461993	-0.9535318	3.157338	0.114402	-0.9878572	2.822932	

0.3585695	-0.09031256	2.960833	-0.1575776	-0.1909701	2.61622	0.3918501	-0.1848955	3.116141	-0.213986	-0.2982	2.698667	0.4039954	-0.1699065	3.02728	-0.09792665	-0.2082847	2.671666	0.1172233	0.6275079	2.610466	0.06331354	0.4967212	2.622155	0.07757694	0.4121374	2.644648	0.1214445	0.1512472	2.698589	0.1770612	-0.2079148	2.758575	0.2242055	0.3357243	2.727826	-0.04838061	0.3509757	2.530231	0.2411295	-0.2001585	2.752509	0.1057223	-0.2098681	2.68145	0.2736776	0.08587619	2.719928	-0.1337905	0.0421875	2.581259	0.3245787	-0.5880321	2.977694	0.09292285	-0.6136054	2.714249	0.3419003	-0.9578204	3.158	0.1141609	-0.9870146	2.823197	

0.3585917	-0.09059764	2.960357	-0.1473888	-0.2022268	2.567888	0.391887	-0.1852003	3.11577	-0.1849646	-0.2928765	2.628506	0.4040475	-0.1700116	3.027255	-0.1274071	-0.2572429	2.592235	0.1155168	0.6274106	2.609071	0.06216703	0.496095	2.620402	0.07643126	0.4115353	2.643023	0.1203657	0.1509284	2.697911	0.1766005	-0.2077245	2.758642	0.2243428	0.3360878	2.727705	-0.05124035	0.3493637	2.53102	0.2409337	-0.1998785	2.752665	0.1050803	-0.2097192	2.681071	0.2736558	0.085653	2.71914	-0.131666	0.03694625	2.573234	0.3245784	-0.5879255	2.977188	0.09250926	-0.6139061	2.71452	0.3420859	-0.9573293	3.157923	0.1141245	-0.9870844	2.823272	

0.3582358	-0.09249849	2.95953	-0.1357885	-0.2554711	2.544344	0.3915475	-0.1870733	3.115054	-0.1551548	-0.3357976	2.583423	0.403701	-0.1719952	3.025966	-0.09062145	-0.2852298	2.55875	0.1135557	0.6270624	2.607943	0.06116695	0.4955027	2.620272	0.07541033	0.4109516	2.642808	0.1191494	0.1504701	2.697751	0.1759343	-0.2076264	2.758636	0.2224514	0.336815	2.725537	-0.05243002	0.3486356	2.531067	0.2403374	-0.199525	2.752939	0.1044036	-0.2098019	2.680447	0.2732531	0.08368162	2.717989	-0.1216328	0.02954759	2.537601	0.3245421	-0.5870596	2.976532	0.09179889	-0.6144149	2.715133	0.3420688	-0.9557964	3.158155	0.1139534	-0.9872163	2.823378	

0.3581727	-0.09245833	2.959949	-0.1007344	-0.2099867	2.488731	0.3914899	-0.1870472	3.115522	-0.1296217	-0.3461162	2.546066	0.4037572	-0.1713611	3.027139	-0.04207002	-0.2188812	2.548778	0.1129863	0.6267961	2.607999	0.06082302	0.4950329	2.620399	0.07521231	0.4105571	2.642866	0.1191821	0.1502475	2.697795	0.17673	-0.207618	2.758822	0.221389	0.3370205	2.724747	-0.05345021	0.3481224	2.531099	0.2407859	-0.199195	2.753238	0.1064204	-0.2102632	2.680115	0.273175	0.08376358	2.718261	-0.1171691	0.03291854	2.529055	0.3254729	-0.5866873	2.976818	0.09095609	-0.6149886	2.716051	0.3440039	-0.8972294	3.147722	0.1133448	-0.9868405	2.823321	

0.3510585	-0.04902799	2.98837	-0.07255561	-0.2129452	2.454893	0.382293	-0.1295904	3.152793	-0.09171156	-0.3571486	2.509201	0.3944136	-0.1154468	3.062824	-0.02879537	-0.2919765	2.502706	0.1121934	0.6266534	2.608047	0.06001685	0.4947031	2.620811	0.0747532	0.4103747	2.643113	0.1191655	0.1502949	2.697895	0.1780899	-0.2063507	2.759286	0.220386	0.3416974	2.731986	-0.05392851	0.3479173	2.531316	0.2412297	-0.196397	2.754735	0.1097462	-0.2096206	2.679426	0.272479	0.0843668	2.720127	-0.1044613	0.02203171	2.509477	0.3299804	-0.5728475	2.973574	0.08951238	-0.6164469	2.717028	0.3363004	-0.8634562	3.137925	0.1126337	-0.9865523	2.82351	

0.3507759	-0.04877688	2.989947	-0.05885819	-0.2038453	2.435587	0.3824221	-0.1298349	3.154109	-0.07418089	-0.3767616	2.483462	0.3944311	-0.1154798	3.063002	0.001813657	-0.2999182	2.486833	0.111373	0.6265418	2.608469	0.05968314	0.4943248	2.62135	0.07466244	0.4102443	2.643396	0.1196813	0.1508	2.698148	0.1823129	-0.2019527	2.759364	0.2176262	0.3472072	2.736717	-0.05419168	0.3478227	2.530916	0.2437782	-0.1895787	2.757365	0.1166748	-0.2066137	2.676343	0.2709523	0.08611736	2.722493	-0.09609336	0.03007644	2.492945	0.3371258	-0.5398162	2.957861	0.08772753	-0.6125033	2.717535	0.3369862	-0.8291491	3.13163	0.1002245	-0.9665596	2.816366	

0.3618163	-0.05456967	2.993443	0.03071084	-0.176514	2.365707	0.3995373	-0.1499252	3.10331	0.03161144	-0.3269731	2.372766	0.418339	-0.1340107	3.006369	0.09607489	-0.2571581	2.414	0.1098327	0.627763	2.613157	0.05812668	0.4954725	2.625546	0.07443837	0.4119675	2.646754	0.1248581	0.1568493	2.701373	0.203548	-0.1841146	2.760903	0.2077089	0.3661689	2.757339	-0.05249466	0.349346	2.531414	0.2597331	-0.1695279	2.766989	0.1433011	-0.1914686	2.668622	0.268502	0.08633463	2.732902	-0.05961853	0.0565134	2.448334	0.3370585	-0.5376697	2.956385	0.08727086	-0.6055058	2.71951	0.2493624	-0.8832107	3.202676	0.09938359	-0.9653209	2.816507	

0.3702327	-0.04937857	2.998996	0.04514086	-0.1639685	2.355469	0.4528135	-0.1473417	3.053602	0.07359333	-0.3099602	2.350948	0.4321009	-0.1097751	2.976444	0.1205707	-0.2429165	2.389	0.1086865	0.629505	2.617989	0.05696262	0.4966471	2.63059	0.07479469	0.4141412	2.65139	0.1312475	0.1634439	2.705609	0.2156111	-0.1741909	2.763385	0.2075371	0.3864716	2.79022	-0.04854048	0.3514848	2.532552	0.2715898	-0.155162	2.772957	0.1534275	-0.1864537	2.668448	0.2665263	0.093536	2.742793	-0.05444067	0.06096748	2.445339	0.3340068	-0.537966	2.955098	0.0878277	-0.5982817	2.722317	0.247489	-0.8897714	3.195151	0.09905126	-0.9646591	2.816588	

0.3836066	-0.03274747	2.995167	0.06560057	-0.1498884	2.344356	0.4956407	-0.1349939	3.025568	0.1163774	-0.306829	2.335166	0.447557	-0.08812253	2.952455	0.1455425	-0.2195103	2.340222	0.1086977	0.630323	2.624469	0.05705877	0.4985043	2.636185	0.07589013	0.4166402	2.656323	0.1344213	0.1668432	2.707913	0.2187736	-0.1713648	2.763402	0.2072856	0.3881422	2.793641	-0.04457519	0.353653	2.534594	0.2755791	-0.1509621	2.774995	0.1559277	-0.1849074	2.666827	0.2680279	0.09081054	2.751143	-0.04282027	0.07055543	2.441597	0.3255583	-0.5388958	2.946596	0.08811069	-0.5965617	2.723626	0.2418166	-0.8927973	3.186551	0.09886939	-0.9634523	2.816683	

0.3918836	-0.01951617	2.989127	0.08837516	-0.146298	2.331555	0.514286	-0.1127207	3.021956	0.1636575	-0.2998623	2.315399	0.4691785	-0.06953496	2.9455	0.1637856	-0.1821954	2.312769	0.1089799	0.6323023	2.631413	0.05776988	0.5007392	2.642077	0.0774119	0.4194192	2.661458	0.1378282	0.1706214	2.710412	0.2232881	-0.1670342	2.763186	0.2081472	0.3916218	2.802821	-0.03904134	0.3567353	2.539485	0.2799755	-0.1475767	2.776175	0.160064	-0.1803093	2.664786	0.2692419	0.096015	2.761283	-0.03302758	0.07490588	2.437363	0.3118934	-0.5658675	2.951748	0.08893703	-0.594151	2.726678	0.2384189	-0.9136512	3.164735	0.09923336	-0.9623606	2.817064	

0.4119763	0.01061015	2.983659	0.1324548	-0.1220758	2.309062	0.5507032	-0.07218494	3.020641	0.2344547	-0.2441916	2.275092	0.514805	-0.03584243	2.941833	0.2217193	-0.1575077	2.29	0.1151821	0.6350411	2.648171	0.06309016	0.503557	2.658984	0.0848194	0.4231321	2.677691	0.1514845	0.1764867	2.723761	0.2447071	-0.1593191	2.773258	0.2090279	0.3913866	2.804825	-0.02925752	0.3594362	2.551164	0.3078039	-0.1441241	2.795137	0.1761507	-0.1701227	2.66808	0.2762911	0.09884708	2.779088	-0.01275582	0.08462566	2.439465	0.2782706	-0.5910088	2.949533	0.0896415	-0.5944119	2.7329	0.2263327	-0.9216565	3.094945	0.09835892	-0.9615402	2.817729	

0.4939082	0.03386456	3.002134	0.1761545	-0.0805419	2.352021	0.6117215	-0.004149979	3.028367	0.288953	-0.1846656	2.306619	0.5715854	0.02336087	2.955167	0.267832	-0.094016	2.327611	0.1388644	0.6540377	2.700245	0.08886191	0.5245295	2.709317	0.1022447	0.4417139	2.731369	0.1426179	0.1871726	2.786669	0.1969659	-0.1606645	2.848736	0.2425703	0.369835	2.833399	0.002394023	0.3772277	2.601571	0.2556546	-0.1551406	2.858171	0.1322407	-0.1613464	2.753282	0.2796361	0.1038164	2.786289	0.01224695	0.1112004	2.479565	0.2803233	-0.5905208	2.982911	0.09541818	-0.5840018	2.743748	0.2271084	-0.9226061	3.102676	0.0993997	-0.9594728	2.819477	

0.4763336	0.04402019	3.005907	0.1745192	-0.07789559	2.357598	0.6159108	-0.006259267	3.03958	0.2918794	-0.185414	2.322651	0.5683578	0.03621901	2.956333	0.2718882	-0.09181736	2.346823	0.1412856	0.6544119	2.70282	0.08959999	0.524874	2.709858	0.1029359	0.4421981	2.731983	0.1431865	0.1882299	2.787617	0.1972428	-0.1583505	2.850412	0.2427583	0.3714078	2.834668	0.003414115	0.3779296	2.602216	0.2555718	-0.1502836	2.865669	0.1326777	-0.1599928	2.752655	0.2904378	0.1047773	2.805544	0.01354042	0.1126859	2.482001	0.2796285	-0.5893722	2.985755	0.09730252	-0.5789268	2.748366	0.2277238	-0.9212493	3.104346	0.09939338	-0.9582189	2.820463	

0.4745061	0.04691344	3.011687	0.1771673	-0.08065448	2.369416	0.6190013	-0.008410961	3.052435	0.2953183	-0.1900213	2.344338	0.583329	0.03572406	2.972545	0.2835468	-0.1038966	2.3745	0.1490369	0.6561984	2.7114	0.09590073	0.527275	2.716333	0.1083275	0.4444971	2.738478	0.1461831	0.1902582	2.794289	0.1974962	-0.1566463	2.857828	0.2514942	0.3648337	2.843524	0.007846431	0.3808618	2.609314	0.256452	-0.1500707	2.871375	0.1322715	-0.1576252	2.759322	0.3052072	0.0921514	2.820499	0.01777555	0.112134	2.488855	0.2785188	-0.5882962	2.989141	0.09874287	-0.5774186	2.753533	0.2275783	-0.9207224	3.104387	0.09960763	-0.9564819	2.821833	

0.4762751	0.04832281	3.018385	0.1785293	-0.08746885	2.385843	0.6142327	-0.02101807	3.064149	0.2844361	-0.2093231	2.36831	0.590852	0.03116038	2.983143	0.2751724	-0.1128548	2.3894	0.1571353	0.6590188	2.719038	0.1028316	0.5287498	2.72497	0.1143308	0.4465564	2.746445	0.1496313	0.1937562	2.800491	0.1982085	-0.1514904	2.862311	0.2585043	0.3962402	2.890457	0.01421191	0.3835134	2.615096	0.2562998	-0.1459189	2.876709	0.1338905	-0.1520512	2.762502	0.3046149	0.09664614	2.822535	0.02200999	0.1119452	2.499246	0.2767373	-0.5858124	2.991041	0.09965784	-0.5765731	2.758914	0.2268485	-0.9119843	3.102919	0.09949008	-0.9553007	2.823754	

0.4809362	0.04444708	3.030108	0.171884	-0.09089679	2.403652	0.6241654	-0.02192506	3.064473	0.2665408	-0.2254544	2.379757	0.5843453	0.03138383	2.991111	0.2734655	-0.1277608	2.415	0.1650465	0.6598831	2.729244	0.1089166	0.5333449	2.732013	0.1196709	0.4509233	2.752807	0.1526443	0.1974059	2.80476	0.1987047	-0.1489723	2.864063	0.258686	0.3961281	2.890103	0.02240677	0.3874984	2.626822	0.2561238	-0.1443509	2.88017	0.1352765	-0.1480005	2.762816	0.3047327	0.09811556	2.822628	0.02491042	0.1135239	2.510531	0.2754951	-0.5809983	2.996898	0.1039122	-0.5746735	2.765646	0.2284377	-0.9120355	3.105185	0.1001334	-0.9541507	2.824299	

0.4987426	-0.0149301	3.080465	0.1344494	-0.1241404	2.469226	0.5794513	-0.09303383	3.126103	0.1760357	-0.2856352	2.469091	0.5753973	-0.0415119	3.053867	0.2113654	-0.1838251	2.5165	0.195889	0.6687204	2.759287	0.1354886	0.5432954	2.762874	0.1373133	0.4589158	2.769914	0.1560739	0.2014211	2.802761	0.1878207	-0.1359389	2.816444	0.2737747	0.4136981	2.923886	0.03393592	0.3960872	2.652196	0.2417829	-0.138322	2.837556	0.1287555	-0.1297074	2.711446	0.3201023	0.1257987	2.864073	0.02770688	0.1068561	2.563553	0.2782498	-0.5382085	3.023704	0.1132146	-0.5698624	2.776417	0.2297206	-0.9144835	3.111584	0.1006485	-0.9530752	2.82606	

0.4647803	-0.05873568	3.105571	0.09047955	-0.1268936	2.514171	0.5500193	-0.1494665	3.137203	0.1075435	-0.3015287	2.541667	0.5209931	-0.06924249	3.067125	0.1563429	-0.2135486	2.577	0.2038594	0.6695616	2.767271	0.1425236	0.5434749	2.7704	0.1511734	0.4607669	2.782058	0.1766765	0.2075417	2.807928	0.2141756	-0.1337024	2.8239	0.2813612	0.4109706	2.929835	0.03979658	0.3980948	2.666348	0.2699765	-0.1321392	2.839833	0.1524522	-0.1310679	2.722449	0.3368916	0.1259667	2.885681	0.02487419	0.101392	2.577596	0.276555	-0.5362777	3.030366	0.1178178	-0.5658566	2.780602	0.2287625	-0.9209784	3.120202	0.101782	-0.9511822	2.827132	

0.4298721	-0.09496601	3.086211	0.05370806	-0.1493484	2.560099	0.4576221	-0.2102723	3.180971	0.03505293	-0.3134286	2.567423	0.4701957	-0.1844267	3.12225	0.08733872	-0.2151086	2.558778	0.2204243	0.667682	2.783123	0.1564854	0.5425553	2.788354	0.1629539	0.4601465	2.797038	0.1827588	0.2071777	2.814519	0.2153754	-0.1352468	2.826837	0.2976634	0.4091693	2.950871	0.04911689	0.3995777	2.68502	0.2703368	-0.1345153	2.840555	0.1550655	-0.1314108	2.729708	0.3385674	0.1230249	2.886149	0.0127908	0.08480109	2.621333	0.275085	-0.5099919	3.050372	0.121471	-0.5665957	2.786913	0.226416	-0.9228749	3.122365	0.1032671	-0.9509726	2.830129	

0.3707052	-0.08988456	2.981064	0.04167244	-0.1533778	2.572368	0.4250522	-0.159497	3.124626	0.02490463	-0.3231961	2.593668	0.4229265	-0.1586994	3.109	0.06347251	-0.2145165	2.581214	0.2263143	0.6679959	2.788509	0.160481	0.5427368	2.792683	0.1661994	0.4599624	2.801366	0.1837767	0.2060267	2.817996	0.2109845	-0.1402735	2.831323	0.3089717	0.3942195	2.948544	0.05285598	0.4005415	2.691126	0.2654698	-0.1465713	2.844844	0.1501427	-0.1321878	2.733941	0.3423865	0.1263708	2.891027	0.01187168	0.0838533	2.626894	0.2762302	-0.511146	3.053005	0.1228879	-0.5666468	2.790137	0.2262755	-0.9233459	3.122806	0.1060627	-0.9525666	2.833282	

0.3721034	-0.09564925	2.990826	0.02184259	-0.1580625	2.600596	0.3932887	-0.1863988	3.144141	0.0110366	-0.3223822	2.633388	0.3896815	-0.1620341	3.080667	0.04854123	-0.211674	2.612445	0.2344184	0.668994	2.79538	0.1674051	0.5440465	2.80114	0.1717332	0.4605783	2.809607	0.1854753	0.2047297	2.825158	0.2064334	-0.1449407	2.838143	0.3267607	0.3652531	2.940872	0.05900126	0.4022561	2.699163	0.2630585	-0.1520654	2.848256	0.1429639	-0.134167	2.744057	0.3513907	0.1220187	2.902008	0.00651766	0.08210503	2.643944	0.2763547	-0.525604	3.062157	0.1253449	-0.5642349	2.794369	0.2261571	-0.9233825	3.122885	0.1079264	-0.9521841	2.834937	

0.3723591	-0.1021169	3.016783	0.004802132	-0.1607604	2.622015	0.3343625	-0.2327683	2.965644	0.007988613	-0.2991093	2.650691	0.3739058	-0.1116221	2.989	0.03141107	-0.1988215	2.629083	0.2413514	0.6695819	2.801852	0.1743888	0.5461812	2.806945	0.1765886	0.4621116	2.815263	0.1853977	0.2047975	2.830818	0.1958358	-0.1476087	2.846415	0.3292692	0.3632265	2.941969	0.06369531	0.4038579	2.706561	0.2554597	-0.1566076	2.853111	0.1296295	-0.1337137	2.75519	0.3577193	0.1051637	2.907777	-0.001243246	0.08026443	2.662249	0.276797	-0.5253293	3.062449	0.1277181	-0.5635618	2.797281	0.2259817	-0.9233937	3.123151	0.1108871	-0.9495919	2.837973	

0.3999	-0.159161	3.040548	-0.0260498	-0.1546881	2.669567	0.3357638	-0.2337438	2.978072	-0.03655039	-0.2878276	2.715576	0.3393402	-0.2300982	2.968554	0.01443161	-0.1963787	2.686572	0.252137	0.668996	2.810943	0.1837044	0.5478466	2.815792	0.1870647	0.4642923	2.826547	0.1968692	0.2080264	2.848913	0.2073718	-0.1427765	2.868312	0.3395833	0.3551453	2.944576	0.07095037	0.4094138	2.718529	0.2655946	-0.1512631	2.873282	0.1423812	-0.1300569	2.777138	0.369253	0.05305999	2.944118	-0.00935917	0.0869582	2.69556	0.2830331	-0.5058598	3.056455	0.1325427	-0.5632946	2.800544	0.228891	-0.9271727	3.124721	0.1130906	-0.9486393	2.836802	

0.3736925	-0.09354662	3.054415	-0.02924366	-0.1509907	2.67798	0.3689047	-0.1138604	3.048665	-0.05426729	-0.2796523	2.732705	0.3640239	-0.09379674	3.031	0.008725405	-0.2027424	2.703385	0.2572954	0.6699669	2.814505	0.1897584	0.5489151	2.821754	0.1937173	0.4654647	2.835222	0.2049691	0.209226	2.868391	0.2183944	-0.1413991	2.908841	0.3455228	0.3553573	2.952659	0.07427595	0.4123299	2.725837	0.2715977	-0.1483251	2.904167	0.1591199	-0.1307999	2.826974	0.3681571	0.1059705	2.932378	-0.009920597	0.09063694	2.703775	0.2857671	-0.50165	3.058588	0.1368613	-0.5632899	2.801853	0.2310551	-0.9253109	3.126645	0.1153136	-0.9506186	2.836787	

0.3724135	-0.1343386	3.10445	-0.03823005	-0.1485687	2.688128	0.3694178	-0.2027247	3.154433	-0.05060016	-0.2854814	2.750304	0.3645995	-0.1822403	3.136781	0.0007380562	-0.193916	2.715111	0.2606738	0.6698785	2.817665	0.1940645	0.5489179	2.826071	0.1976795	0.4654907	2.840296	0.2074516	0.2092863	2.873979	0.2189903	-0.1412309	2.911232	0.3497733	0.3571179	2.958881	0.07624488	0.4131581	2.731489	0.2726614	-0.1477229	2.908849	0.1593256	-0.1307921	2.827977	0.3736855	0.04528677	2.957787	-0.01156237	0.09243805	2.712059	0.2903133	-0.4844432	3.062406	0.1425093	-0.5648158	2.802899	0.2327172	-0.9211911	3.127123	0.1165765	-0.9499664	2.836094	

0.381004	-0.1417935	3.096409	-0.04280435	-0.1452947	2.700071	0.380706	-0.2126138	3.143466	-0.06452229	-0.2704138	2.756211	0.3758265	-0.1920774	3.125826	-0.006297174	-0.189195	2.720353	0.2647507	0.6698797	2.82135	0.1965856	0.5498875	2.828859	0.1998495	0.4664956	2.843693	0.2085099	0.2103916	2.878923	0.2184368	-0.1399675	2.916722	0.3515698	0.3568377	2.960589	0.07765172	0.4150182	2.735202	0.2721557	-0.145443	2.914807	0.158587	-0.1304028	2.832917	0.3740355	0.04525466	2.958542	-0.01493669	0.09569526	2.720576	0.2869221	-0.4834133	3.053077	0.1466545	-0.5655243	2.802353	0.2331952	-0.9194745	3.126929	0.1178881	-0.95185	2.834915	

0.3821855	-0.1458972	3.089609	-0.04185203	-0.1426955	2.704253	0.381619	-0.2192203	3.133466	-0.0596981	-0.269031	2.751712	0.3767294	-0.1986478	3.115829	-0.01047994	-0.1841094	2.722889	0.2681865	0.670744	2.826361	0.1993733	0.551407	2.832245	0.2026375	0.4678282	2.847369	0.2113168	0.2110632	2.882873	0.2214019	-0.1400874	2.920145	0.3541168	0.3579575	2.964127	0.07980137	0.4161202	2.739032	0.2765197	-0.1446858	2.920531	0.1602717	-0.1310083	2.834568	0.3760046	0.04875689	2.961347	-0.01805935	0.09853565	2.730103	0.2876969	-0.4840924	3.057024	0.1605767	-0.5694517	2.798421	0.2336574	-0.92159	3.126596	0.1170251	-0.9523396	2.835865	

0.4333687	-0.1602834	3.052439	-0.04081228	-0.1420955	2.70399	0.4395305	-0.240651	3.0402	-0.05215876	-0.2804462	2.752706	0.4342927	-0.2199392	3.02262	-0.002982911	-0.192001	2.718617	0.2693906	0.6716965	2.828496	0.2000405	0.5517588	2.833622	0.2033469	0.4681252	2.848793	0.2121965	0.2111826	2.884207	0.2226432	-0.1401584	2.92111	0.3552415	0.3575759	2.965273	0.08034058	0.4167224	2.740206	0.2775577	-0.1443181	2.920909	0.1616469	-0.1317702	2.836197	0.3766748	0.04937638	2.961663	-0.01795656	0.09922516	2.729948	0.2882241	-0.482399	3.056288	0.1632938	-0.5716206	2.798059	0.2345059	-0.9204652	3.126292	0.1162902	-0.9543914	2.837418	

0.4096209	-0.1615043	3.056975	-0.04264634	-0.1414953	2.696519	0.4235817	-0.2191868	3.00259	-0.05197272	-0.2766896	2.743458	0.4183965	-0.1985698	2.984995	0.002795746	-0.1885879	2.704056	0.2695552	0.6718934	2.828925	0.200174	0.5520503	2.834496	0.2034782	0.4682849	2.849493	0.2123387	0.2110954	2.884462	0.2230246	-0.1406182	2.92098	0.3550839	0.358206	2.96542	0.08070992	0.4170862	2.740403	0.2785436	-0.1449908	2.917697	0.1622342	-0.1330757	2.838188	0.3779346	0.05130011	2.961665	-0.01674182	0.09924219	2.727156	0.2887783	-0.4814702	3.054451	0.1640629	-0.5719758	2.798453	0.2351782	-0.9198758	3.125844	0.1161962	-0.9543784	2.838446	

0.4072638	-0.1590052	3.060287	-0.03918478	-0.1419922	2.686784	0.3359536	-0.2257015	2.979647	-0.04753917	-0.2757752	2.723435	0.3288769	-0.2058528	2.965083	0.01005265	-0.1949205	2.688158	0.2693895	0.6720834	2.829287	0.2001174	0.5520886	2.834569	0.2034572	0.4682988	2.849555	0.2124379	0.2110344	2.884522	0.2237781	-0.1410197	2.920872	0.3545495	0.3591785	2.966256	0.08099025	0.4171589	2.740222	0.2791863	-0.1450372	2.916411	0.1635125	-0.1340539	2.839379	0.3789548	0.05274978	2.962036	-0.0147244	0.09870552	2.720068	0.2897951	-0.4787063	3.052599	0.1649368	-0.5725405	2.799571	0.2365144	-0.917452	3.12561	0.1165085	-0.9553384	2.840656	

0.4067644	-0.1592588	3.060469	-0.02212972	-0.1404582	2.644059	0.3353642	-0.2416257	2.97464	-0.01943744	-0.2919581	2.691243	0.333333	-0.2150468	2.9445	0.03546451	-0.2156908	2.652308	0.2685294	0.672637	2.829507	0.1989206	0.5523009	2.834199	0.2022359	0.4683163	2.848908	0.2108833	0.2101227	2.882262	0.2216367	-0.1446055	2.913482	0.3518197	0.3569565	2.962658	0.08082233	0.417128	2.738278	0.276815	-0.1488355	2.910017	0.1608756	-0.1367972	2.830798	0.3788622	0.05278712	2.96265	-0.01061002	0.09779199	2.702789	0.3106331	-0.4623818	3.0687	0.1640703	-0.5726597	2.800844	0.2495722	-0.9003351	3.141315	0.1154986	-0.9575607	2.843256	

0.4065092	-0.1549493	3.061168	0.004422854	-0.1438758	2.598155	0.4271471	-0.2287396	3.01468	0.03662978	-0.2917999	2.617686	0.424671	-0.2022486	2.984595	0.05371812	-0.2071826	2.597714	0.2643009	0.6739693	2.827798	0.194536	0.5533438	2.830935	0.1962387	0.4691631	2.841684	0.1987289	0.2088817	2.852271	0.2050372	-0.1494166	2.850362	0.350033	0.3569899	2.961431	0.08032548	0.4154868	2.730384	0.2637795	-0.1606527	2.855978	0.1400244	-0.133657	2.758759	0.3768974	0.05545092	2.960763	-0.002727087	0.09547576	2.675111	0.2965649	-0.5265083	3.076519	0.1603141	-0.5712868	2.800868	0.237033	-0.9206964	3.127345	0.1149118	-0.9576635	2.844395	

0.4424414	-0.1678186	2.966855	0.01185333	-0.1438794	2.591091	0.4642728	-0.268963	2.977648	0.03256918	-0.3017528	2.607945	0.4615838	-0.2422519	2.94762	0.06539206	-0.1913464	2.573154	0.2605977	0.6748279	2.826412	0.1919211	0.5539914	2.829278	0.1943701	0.4695836	2.839547	0.198954	0.2089748	2.851693	0.2080359	-0.1489278	2.851515	0.3459425	0.3596731	2.960571	0.07833177	0.416034	2.726189	0.2664202	-0.1595081	2.857503	0.1434923	-0.1338426	2.759639	0.3738725	0.06259301	2.956186	0.001947972	0.09527209	2.663617	0.2968644	-0.5284231	3.077287	0.1558736	-0.5694271	2.801491	0.2371054	-0.9205372	3.127531	0.1143452	-0.9566143	2.845456	

0.4062899	-0.1434409	3.055181	0.06235693	-0.138475	2.547347	0.4067729	-0.1711875	3.182123	0.07929429	-0.2931664	2.579464	0.4094263	-0.1704764	3.169	0.1265678	-0.213581	2.582583	0.2544496	0.6749343	2.822067	0.1835741	0.5556178	2.822446	0.1892194	0.4708045	2.832793	0.2008649	0.209735	2.847661	0.2238285	-0.1470404	2.848909	0.3325206	0.3673654	2.945231	0.07464271	0.4157334	2.718019	0.2812093	-0.1556055	2.857561	0.1603584	-0.134116	2.754098	0.3725424	0.06507327	2.952497	0.01591428	0.09473781	2.634981	0.286154	-0.531928	3.056691	0.1468839	-0.5672272	2.800424	0.2364753	-0.920823	3.127589	0.1106619	-0.954477	2.84633	

0.4074357	-0.1372578	3.053449	0.1016192	-0.1355977	2.527221	0.4090297	-0.1732038	3.165953	0.1383913	-0.2743791	2.540075	0.3980915	-0.1779883	3.148	0.179754	-0.2044172	2.558	0.2481989	0.6753072	2.818357	0.1790824	0.5548902	2.81835	0.1861943	0.4705399	2.827891	0.2039395	0.2111369	2.841092	0.2365835	-0.1419167	2.841388	0.3294449	0.3690266	2.94356	0.07211602	0.4141611	2.710331	0.2953583	-0.1453722	2.850943	0.1716523	-0.133337	2.745647	0.36985	0.06762064	2.94575	0.02592887	0.09262422	2.62026	0.2750626	-0.5733595	3.071607	0.1368968	-0.5661402	2.800672	0.2330814	-0.9223655	3.12827	0.1091525	-0.9536164	2.846364	

0.4041636	-0.1249298	3.043484	0.1090778	-0.1337264	2.5243	0.406323	-0.1720531	3.144953	0.1714823	-0.2673394	2.532579	0.3951829	-0.1766879	3.125	0.1970418	-0.1843499	2.539333	0.2433386	0.6776285	2.8139	0.1749768	0.554778	2.81529	0.1832569	0.4711996	2.824196	0.205331	0.2146799	2.835909	0.2430428	-0.1326237	2.835385	0.3117177	0.4106806	2.966442	0.07071955	0.4131351	2.706507	0.3011948	-0.1283428	2.845051	0.1780689	-0.1299112	2.739561	0.3666184	0.08390583	2.942371	0.03410175	0.09148732	2.611653	0.2766338	-0.5433187	3.05463	0.1313234	-0.5655238	2.800776	0.2312111	-0.9189975	3.128245	0.1071133	-0.9519482	2.846852	

0.4057631	-0.1301199	3.027521	0.1211749	-0.1317006	2.517951	0.4082027	-0.1853342	3.126613	0.1981892	-0.2581116	2.517893	0.3939295	-0.1677995	3.092667	0.2020197	-0.1620093	2.515	0.2381476	0.676335	2.812399	0.1722955	0.5542161	2.813646	0.1813662	0.4709214	2.822632	0.2053666	0.21481	2.835496	0.2435085	-0.1324672	2.835807	0.3116175	0.4105756	2.966443	0.06870136	0.4109617	2.701204	0.3012118	-0.1288957	2.846621	0.1792179	-0.1294804	2.73944	0.3654419	0.08372665	2.936841	0.04100087	0.09049001	2.603983	0.2749235	-0.5430859	3.050745	0.1278551	-0.5648016	2.800316	0.2305445	-0.9189452	3.128465	0.1059861	-0.9516209	2.847101	

0.4091107	-0.1340822	3.016707	0.1300646	-0.1283825	2.515398	0.3988111	-0.1935136	3.120116	0.2191628	-0.2538263	2.521218	0.3925053	-0.1925198	3.104	0.216306	-0.1578995	2.5065	0.2338267	0.6787224	2.810776	0.1695295	0.5538856	2.810549	0.1779628	0.4708169	2.818944	0.2017628	0.2155305	2.831974	0.2367308	-0.131478	2.833969	0.3111527	0.4103907	2.965642	0.06786922	0.4091065	2.696966	0.2908314	-0.1306336	2.846344	0.174148	-0.1271071	2.735956	0.3658356	0.08370242	2.935613	0.04400509	0.09095123	2.601388	0.2741173	-0.5433788	3.048795	0.1257262	-0.564379	2.799633	0.2301755	-0.9168025	3.128814	0.1053133	-0.951758	2.847032	

0.4148844	-0.1520415	2.934876	0.1484556	-0.1200099	2.517056	0.4499621	-0.2188465	2.927851	0.2395397	-0.2481567	2.527082	0.443263	-0.2176592	2.911804	0.2387483	-0.1549852	2.516818	0.2255898	0.6835921	2.805562	0.1655336	0.5544869	2.805781	0.1737554	0.4714389	2.813709	0.1977876	0.2161369	2.826326	0.2321508	-0.1317576	2.829523	0.3092045	0.4107456	2.962772	0.06586105	0.4089507	2.690609	0.2858282	-0.1338137	2.84288	0.1699138	-0.124752	2.729625	0.3668517	0.08457951	2.93273	0.04985359	0.09752131	2.597659	0.2836947	-0.5181394	3.037184	0.1253943	-0.5639946	2.796553	0.2308192	-0.9157622	3.128042	0.1045532	-0.9509345	2.846656	

0.4157721	-0.1396099	2.844336	0.1493706	-0.119094	2.51791	0.4264373	-0.2088462	2.871146	0.2297877	-0.2519969	2.541341	0.4198163	-0.2076891	2.855085	0.2278163	-0.165829	2.516886	0.2148782	0.6915498	2.796646	0.1622586	0.5565136	2.800507	0.1707554	0.4733441	2.808992	0.195729	0.2176422	2.823321	0.2306556	-0.1310532	2.828647	0.3068373	0.412557	2.958192	0.06357688	0.4096746	2.684473	0.284137	-0.133466	2.842513	0.1690014	-0.1239242	2.72841	0.3672211	0.08688324	2.928117	0.0518974	0.09848014	2.596067	0.2831907	-0.5264815	3.035666	0.1257985	-0.5647706	2.794672	0.2308572	-0.9163308	3.126099	0.1050001	-0.9506605	2.846433	

0.4125212	-0.1400582	2.849168	0.1485817	-0.1193058	2.520001	0.4233391	-0.211282	2.871397	0.2145988	-0.2518702	2.542058	0.418606	-0.2086406	2.855183	0.2145707	-0.1651734	2.527546	0.2136123	0.6925364	2.79519	0.1576178	0.5591743	2.794389	0.1664215	0.4758487	2.802913	0.1924521	0.2196668	2.817611	0.2282967	-0.1301115	2.824552	0.302729	0.4151672	2.952275	0.0621985	0.4105924	2.680902	0.281332	-0.1331451	2.836964	0.1674875	-0.1228229	2.725827	0.3633598	0.08951736	2.921772	0.05271512	0.09879076	2.595267	0.2828801	-0.528705	3.035616	0.1257811	-0.5650654	2.792909	0.2311372	-0.9162425	3.125382	0.1070163	-0.9537987	2.844776	

0.4133376	-0.1440366	2.882366	0.1260456	-0.1326199	2.535107	0.4300803	-0.2112833	2.908681	0.1730516	-0.2849086	2.572642	0.4234693	-0.2101276	2.892618	0.1797322	-0.1576218	2.6078	0.206102	0.6927873	2.789948	0.1536216	0.5576816	2.78879	0.1627973	0.4745027	2.797968	0.1899384	0.218743	2.814465	0.2267109	-0.1307556	2.823377	0.2989671	0.4137332	2.946684	0.05944163	0.4069418	2.67619	0.2796529	-0.1333155	2.83733	0.1657469	-0.1245718	2.721734	0.3396	0.08633132	2.89387	0.0495092	0.09465353	2.595734	0.2800007	-0.5324993	3.034958	0.12411	-0.5645394	2.792207	0.2302674	-0.9160724	3.124612	0.1060872	-0.9525732	2.844393	

0.3914328	-0.1521811	2.900251	0.1187312	-0.1369562	2.540581	0.4124596	-0.2247596	2.906151	0.1518518	-0.2930792	2.571978	0.4059399	-0.2235302	2.890081	0.1668644	-0.1642537	2.6165	0.2042844	0.6904016	2.786263	0.1516576	0.5559545	2.785529	0.1606646	0.4731193	2.794659	0.1872982	0.2184124	2.811019	0.2230581	-0.129695	2.820104	0.2970936	0.4120301	2.943392	0.0567511	0.4063907	2.673291	0.2743765	-0.1305324	2.833033	0.1639588	-0.1246354	2.720003	0.3419253	0.08433827	2.900551	0.04627107	0.09144011	2.59603	0.2755545	-0.5354831	3.036408	0.1194694	-0.5652369	2.791304	0.2298144	-0.9162756	3.124773	0.105289	-0.9520488	2.844692	

0.3891953	-0.1534206	2.899981	0.1057819	-0.1441254	2.546574	0.4055171	-0.2273779	2.907108	0.1290604	-0.2954425	2.566872	0.3990348	-0.2261345	2.891034	0.1384247	-0.1984808	2.536333	0.2030736	0.6895941	2.784166	0.1493205	0.5552644	2.783517	0.1583626	0.4725271	2.792319	0.1851702	0.2181671	2.807632	0.2212444	-0.1295092	2.815517	0.294825	0.4113537	2.941367	0.05426806	0.4058871	2.670812	0.2726381	-0.1288965	2.827745	0.1624417	-0.1257286	2.716516	0.3422152	0.08376438	2.902754	0.04093696	0.08702265	2.597755	0.2621649	-0.5629402	3.049832	0.1161044	-0.5644664	2.790243	0.226855	-0.9169607	3.125124	0.1045843	-0.9516435	2.844676	

0.3710507	-0.1498683	2.958771	0.08215977	-0.1512766	2.556275	0.3758125	-0.2339407	2.9723	0.0856901	-0.2970099	2.580161	0.3695302	-0.2326876	2.956199	0.1073537	-0.2156183	2.548905	0.1990495	0.6882642	2.781641	0.14572	0.5551015	2.781194	0.1538959	0.4722398	2.789714	0.1776566	0.2173883	2.804286	0.2081869	-0.1314646	2.811639	0.291288	0.4111965	2.93903	0.05054448	0.4045893	2.668783	0.2610342	-0.1329277	2.826189	0.1482873	-0.1255601	2.710434	0.3435849	0.08386251	2.916385	0.03194299	0.08410172	2.601681	0.2616319	-0.5577896	3.047637	0.112164	-0.5641498	2.78942	0.226425	-0.9170345	3.125733	0.1038977	-0.9512177	2.844408	

0.37037	-0.1501374	2.956337	0.07184911	-0.1505065	2.56083	0.375063	-0.2343792	2.969197	0.0700544	-0.2943386	2.584221	0.3692893	-0.2328277	2.9552	0.09148309	-0.220177	2.554111	0.1962799	0.6878839	2.779022	0.1431196	0.5550035	2.779268	0.1510983	0.4719904	2.787862	0.1744659	0.216691	2.80278	0.2048958	-0.132737	2.810819	0.2887207	0.4111007	2.93709	0.04769837	0.4043183	2.667588	0.2571113	-0.1349754	2.823559	0.145466	-0.1264024	2.711101	0.343113	0.08410936	2.915962	0.02112106	0.08468336	2.606878	0.2606935	-0.5594604	3.047914	0.1110697	-0.5641778	2.789105	0.2261516	-0.9168363	3.125772	0.1030822	-0.9509068	2.844429	

0.3527575	-0.1489799	2.966198	0.05124762	-0.1512007	2.567894	0.3523151	-0.2327402	2.982718	0.04528579	-0.2958389	2.598169	0.3461606	-0.2314965	2.966601	0.06799629	-0.2138808	2.562044	0.1944607	0.6874151	2.778012	0.1412924	0.5547178	2.777562	0.1493394	0.4717101	2.786338	0.1730323	0.2164541	2.8018	0.2040333	-0.1328993	2.810477	0.2869135	0.4108162	2.935373	0.0447868	0.4041771	2.666696	0.2562641	-0.1353793	2.823187	0.1448097	-0.1263478	2.71094	0.3411949	0.08379993	2.914805	0.009593001	0.08622948	2.610517	0.2596051	-0.5456756	3.037109	0.110037	-0.5652561	2.788013	0.2259685	-0.9168851	3.125673	0.1028187	-0.9513702	2.844233	

0.3448513	-0.1456866	3.022156	0.02767858	-0.1562067	2.580319	0.3423662	-0.2210418	3.058134	0.02416323	-0.2968191	2.610307	0.3363061	-0.2198865	3.042	0.05395479	-0.224465	2.585444	0.1881459	0.684868	2.776228	0.1386998	0.5541089	2.776114	0.1460402	0.4706631	2.784632	0.1671787	0.2136023	2.799261	0.1940048	-0.1392867	2.806854	0.2804615	0.3652986	2.889452	0.03925128	0.4042845	2.665113	0.2491717	-0.1441269	2.816603	0.1312754	-0.1307802	2.710439	0.3396414	0.0616063	2.912378	0.0009842686	0.08420651	2.614762	0.2598914	-0.5451865	3.03714	0.1098848	-0.565988	2.78696	0.2247205	-0.9174077	3.125437	0.1025815	-0.9514401	2.844112	

0.3485235	-0.1380044	3.013546	0.02471865	-0.1548929	2.582127	0.3491971	-0.2140445	3.04812	0.02133048	-0.2992561	2.61242	0.3430965	-0.2129216	3.031988	0.0524772	-0.2506943	2.60075	0.1863439	0.685449	2.774407	0.1367059	0.5531535	2.77514	0.1440485	0.4697902	2.783766	0.1654605	0.2131098	2.798766	0.1929537	-0.1392134	2.806812	0.2706816	0.395938	2.906798	0.03576398	0.4038763	2.664283	0.2478666	-0.1439526	2.816241	0.1307249	-0.1307201	2.710693	0.3337114	0.07131432	2.907986	-0.006022529	0.08502068	2.616817	0.2598752	-0.5476315	3.038078	0.1097095	-0.5674722	2.785908	0.2245462	-0.9173753	3.124891	0.1021567	-0.9516703	2.844155	

0.3492326	-0.141322	3.00302	0.02464586	-0.153175	2.58268	0.351747	-0.2185367	3.035163	0.03016451	-0.29916	2.622233	0.3456261	-0.2173863	3.019036	0.06041529	-0.2113123	2.598105	0.1856323	0.6854757	2.773665	0.1343869	0.552501	2.774361	0.1418132	0.4691297	2.783164	0.1636073	0.2125304	2.79867	0.1917593	-0.1395061	2.807283	0.2695493	0.3972127	2.907795	0.03332184	0.4036265	2.663774	0.2464677	-0.1441788	2.816537	0.1299874	-0.1309743	2.711397	0.328826	0.07158244	2.904762	-0.008401821	0.08632205	2.618664	0.2596812	-0.5480456	3.038011	0.1093252	-0.5682576	2.785249	0.2243277	-0.9173155	3.124689	0.1016766	-0.9514305	2.844197	

0.3364779	-0.1662991	2.928282	0.03118937	-0.1498557	2.585964	0.2974926	-0.2374504	2.922641	0.04866688	-0.2993383	2.621001	0.3055603	-0.1773497	2.9225	0.08215237	-0.2084646	2.593652	0.1827566	0.684761	2.772571	0.1290674	0.5514272	2.773475	0.137051	0.4681325	2.782518	0.160493	0.2118459	2.798642	0.1905031	-0.1397037	2.807778	0.2660618	0.3983626	2.908913	0.02636489	0.4021797	2.663841	0.245472	-0.1441212	2.816798	0.1287276	-0.131398	2.712268	0.3222066	0.07192443	2.901323	-0.01274696	0.08803748	2.620354	0.2589614	-0.5501744	3.038712	0.1091858	-0.568716	2.784817	0.2245148	-0.9171408	3.124499	0.1010973	-0.9514736	2.844022	

0.3334118	-0.1465948	2.98535	0.03675817	-0.1421378	2.587611	0.2881763	-0.2523527	2.909638	0.06542002	-0.2999894	2.619776	0.2892075	-0.2416272	2.904417	0.09525659	-0.1881188	2.598375	0.1799455	0.6842446	2.772249	0.1255288	0.5511066	2.77246	0.1338989	0.4679738	2.781635	0.1585053	0.212109	2.798164	0.1897979	-0.1390557	2.807768	0.2633224	0.3993292	2.909153	0.02331966	0.402009	2.664348	0.2449729	-0.142831	2.816824	0.1279121	-0.131147	2.712294	0.3192967	0.07274794	2.898746	-0.01562125	0.09403179	2.622451	0.2590643	-0.5470437	3.036778	0.1092426	-0.5690997	2.784158	0.2246396	-0.9171377	3.124133	0.1011347	-0.9523811	2.843184	

0.3376986	-0.1439905	2.985892	0.06774426	-0.1561632	2.59007	0.2972644	-0.2532942	2.920633	0.1108153	-0.2922177	2.616495	0.3069742	-0.241126	2.924538	0.124303	-0.1814324	2.596667	0.1761312	0.6839985	2.771699	0.1214347	0.5502803	2.772793	0.1303089	0.4675633	2.781737	0.1561761	0.2127253	2.797796	0.1886142	-0.1368555	2.806981	0.2595763	0.3996293	2.910463	0.0207491	0.4020019	2.665153	0.2434761	-0.1377038	2.815005	0.1272687	-0.1306423	2.712155	0.3113005	0.07219849	2.895319	-0.02081879	0.1215903	2.62804	0.2596674	-0.5452002	3.033837	0.1103209	-0.5698352	2.783339	0.2256245	-0.9180055	3.124147	0.1006398	-0.9515331	2.842491	

0.3378291	-0.144008	2.98532	0.07518589	-0.1493181	2.586584	0.2974805	-0.2454595	2.922637	0.1316363	-0.2860448	2.606044	0.2961349	-0.2439062	2.907708	0.1404527	-0.1760853	2.587667	0.1731786	0.684027	2.771109	0.1191921	0.5497367	2.772554	0.1280668	0.4670841	2.781709	0.1541022	0.2125526	2.798377	0.1870895	-0.1364455	2.808555	0.2576081	0.3996848	2.910744	0.01770727	0.4015689	2.665338	0.2420601	-0.1375528	2.816386	0.1258006	-0.1302127	2.714141	0.3106563	0.07247185	2.895542	-0.009421086	0.1079507	2.623293	0.2598628	-0.5448377	3.032982	0.1114645	-0.5709425	2.782618	0.226301	-0.9182566	3.124398	0.1002961	-0.9521813	2.842744	

0.3377565	-0.1446083	2.983752	0.07912657	-0.1466419	2.583958	0.3298118	-0.225795	3.035638	0.1333466	-0.2866059	2.606567	0.3326384	-0.2166047	3.0235	0.1403173	-0.1715998	2.577182	0.1716706	0.6836847	2.771297	0.1176279	0.5491918	2.772748	0.1263294	0.4666066	2.781862	0.1519646	0.2124193	2.798395	0.1849948	-0.1359205	2.808491	0.2561335	0.3995481	2.91129	0.01648332	0.4012409	2.665428	0.2401424	-0.1373735	2.816737	0.123742	-0.1295458	2.713762	0.3098511	0.07243776	2.895341	-0.008322182	0.1071023	2.622367	0.259908	-0.5467806	3.03229	0.1121831	-0.5713298	2.782192	0.2272219	-0.9183663	3.124376	0.1001156	-0.9524467	2.842564	

0.3383429	-0.1445967	2.984482	0.08196798	-0.1467923	2.582047	0.3160216	-0.2416596	2.982134	0.1374899	-0.288024	2.600405	0.3246408	-0.208115	3.000333	0.1376519	-0.1651226	2.573875	0.1706415	0.6839648	2.77114	0.1168484	0.5489963	2.773121	0.1254862	0.4664557	2.782265	0.1510008	0.2124688	2.798891	0.1840859	-0.1354873	2.809182	0.2553098	0.3995986	2.911938	0.01590761	0.4011269	2.665702	0.2391876	-0.1369417	2.817437	0.1229741	-0.1292448	2.714504	0.3100065	0.07266751	2.896648	-0.00587242	0.1063277	2.620885	0.260018	-0.546818	3.03235	0.1126208	-0.5716621	2.781887	0.227392	-0.9184135	3.124236	0.09974051	-0.951618	2.842304	

0.3559017	-0.1588588	2.941784	0.08243724	-0.1469791	2.580868	0.3070263	-0.1902744	2.936655	0.125742	-0.2965404	2.596925	0.3112866	-0.1786218	2.933213	0.135258	-0.1755278	2.581423	0.1702955	0.6838217	2.77123	0.1162181	0.5487189	2.773419	0.1248001	0.4662355	2.782506	0.150154	0.2124557	2.79897	0.1831272	-0.1351238	2.809069	0.2546908	0.3995117	2.912419	0.01535897	0.4010014	2.665938	0.238284	-0.1367441	2.817591	0.122032	-0.1288076	2.714165	0.3138372	0.07356103	2.903581	-0.005651688	0.1068009	2.62081	0.2603122	-0.546131	3.031269	0.1128774	-0.5722762	2.781307	0.2276575	-0.9185385	3.124235	0.09917514	-0.9515302	2.842554	

0.3567758	-0.1593784	2.938642	0.08241651	-0.1472623	2.580681	0.3045171	-0.1887194	2.912655	0.1232977	-0.2955646	2.599746	0.3054423	-0.1822819	2.903701	0.1335182	-0.1743653	2.5866	0.1703523	0.683529	2.771959	0.1157482	0.5485406	2.773901	0.124312	0.4660781	2.783009	0.149663	0.212395	2.799528	0.1827544	-0.135008	2.809756	0.2541993	0.3994965	2.91311	0.0153264	0.4008741	2.666261	0.2375874	-0.1367572	2.819628	0.1218976	-0.1287289	2.714257	0.3138871	0.07363198	2.903788	-0.004586037	0.1062279	2.620708	0.2614541	-0.5458089	3.032877	0.1131227	-0.5727324	2.781315	0.22787	-0.9191632	3.124233	0.09901474	-0.9516972	2.842701	

0.3569545	-0.1610382	2.933494	0.07770205	-0.1428818	2.582044	0.306449	-0.2301352	2.931639	0.1034692	-0.2947508	2.604535	0.3123901	-0.222897	2.919734	0.116615	-0.1648489	2.59725	0.1992536	0.6529644	2.786858	0.11635	0.5478437	2.775263	0.1251661	0.4652935	2.784371	0.1516049	0.21127	2.800989	0.1874825	-0.136827	2.811535	0.2548791	0.3989975	2.914745	0.01512309	0.3999963	2.668977	0.244171	-0.1384623	2.817732	0.1266699	-0.1315985	2.720818	0.3140153	0.07297869	2.903636	-0.003529619	0.1032626	2.622091	0.2583431	-0.557993	3.041821	0.111858	-0.5716434	2.782521	0.2271913	-0.9189079	3.124475	0.09879339	-0.9509677	2.842937	

0.35673	-0.1631896	2.932269	0.07464574	-0.14203	2.585875	0.4161475	-0.1829114	2.962313	0.09936094	-0.2931367	2.608663	0.4215334	-0.1759383	2.950457	0.1059377	-0.1961959	2.573518	0.2057784	0.6425197	2.788488	0.1187762	0.5462646	2.778926	0.1278443	0.4637128	2.788164	0.1550692	0.2098021	2.805151	0.1919373	-0.1378888	2.816229	0.2574002	0.3977144	2.918718	0.01606411	0.3989101	2.673398	0.248799	-0.1392961	2.824226	0.1298277	-0.1324928	2.72321	0.3143001	0.07121804	2.904018	-0.002377153	0.09565135	2.625268	0.2574629	-0.5596116	3.043412	0.1091344	-0.5697869	2.784359	0.2263854	-0.9187355	3.1247	0.09882037	-0.9509926	2.843194	

0.3586235	-0.1669781	2.934978	0.0719031	-0.1485802	2.591815	0.419784	-0.1915951	2.959773	0.09428273	-0.2941159	2.622664	0.4250416	-0.1843176	2.947998	0.1120912	-0.1831922	2.604714	0.2235212	0.6175296	2.795238	0.1240597	0.5431974	2.782835	0.1339861	0.460098	2.794161	0.1643482	0.204226	2.820272	0.2059957	-0.1463609	2.850718	0.2626716	0.3949512	2.922765	0.01799955	0.3978986	2.677765	0.2619657	-0.1452568	2.863088	0.1434848	-0.1426725	2.752289	0.3166283	0.06800271	2.909606	-0.001488512	0.08137538	2.631077	0.2577844	-0.5599812	3.04383	0.1082499	-0.5687217	2.785697	0.2262631	-0.9186085	3.124673	0.09894741	-0.9508597	2.84346	

0.3585819	-0.1953981	3.012506	0.05174303	-0.1598956	2.646755	0.328596	-0.3041167	2.988098	0.0766509	-0.2935013	2.677006	0.3270379	-0.3067507	2.974	0.09780923	-0.2099277	2.654182	0.270789	0.6041416	2.814722	0.1662806	0.5334991	2.816635	0.1732685	0.4511356	2.834034	0.1938627	0.1981524	2.875435	0.221072	-0.1474775	2.919164	0.29143	0.3580212	2.952958	0.04772471	0.4030364	2.722557	0.2747247	-0.1464305	2.933284	0.160831	-0.1441876	2.819149	0.3405933	0.03075011	2.943418	-0.003719725	0.07508294	2.684715	0.2871079	-0.5891644	3.055724	0.136103	-0.5720797	2.808506	0.2359417	-0.9183792	3.121854	0.1047654	-0.9513741	2.846699	

0.3446423	-0.1429358	3.023938	0.04558221	-0.1604727	2.658052	0.3290899	-0.2430184	2.991627	0.06774767	-0.2973779	2.712257	0.3273709	-0.2417489	2.976	0.1219428	-0.1833112	2.706564	0.2720578	0.6050661	2.815423	0.1675959	0.5345665	2.81897	0.1747928	0.4527605	2.837354	0.195994	0.2022167	2.882867	0.2238999	-0.138279	2.934837	0.2899869	0.4183991	2.980158	0.04844516	0.4043229	2.725597	0.2743572	-0.1364295	2.939739	0.169085	-0.1365891	2.85073	0.3256633	0.08897451	2.971479	-0.003897345	0.0764301	2.689275	0.2950693	-0.5889316	3.061308	0.1549163	-0.5667583	2.814883	0.2427134	-0.9210852	3.121256	0.1360319	-0.9451681	2.895413	

0.3489476	-0.1634499	3.090151	0.03599695	-0.1623525	2.669542	0.3555541	-0.2718186	3.133023	0.05180921	-0.2959667	2.716754	0.3526314	-0.2411583	3.106576	0.116824	-0.1895102	2.710486	0.2723591	0.6089357	2.813487	0.1677847	0.5345616	2.818806	0.1749173	0.4528429	2.837266	0.1960433	0.2027427	2.882854	0.2236219	-0.1368288	2.934673	0.2908518	0.4184937	2.978734	0.04841216	0.4048952	2.726211	0.2740754	-0.133498	2.938891	0.1683406	-0.1356563	2.849845	0.3295538	0.08934338	2.967415	-0.003559273	0.07667387	2.696456	0.3035588	-0.5781511	3.054521	0.1703594	-0.5618823	2.84827	0.24403	-0.9204332	3.111077	0.1559241	-0.9330697	2.952163	

0.3497547	-0.1626748	3.09015	0.03069245	-0.1461115	2.67255	0.3546873	-0.2564798	3.132591	0.04778371	-0.2934632	2.706567	0.3517679	-0.2258953	3.106137	0.07322018	-0.1949448	2.683444	0.2725714	0.610849	2.811765	0.1671725	0.5344679	2.8174	0.1745776	0.4527391	2.836261	0.1961585	0.2025238	2.882401	0.2247485	-0.1379596	2.933991	0.3042901	0.3683906	2.943134	0.04807484	0.4047288	2.72606	0.2764455	-0.1344257	2.938593	0.1682659	-0.1380685	2.846628	0.3354251	0.04601632	2.968735	-0.01761948	0.09285627	2.703406	0.3085853	-0.5758415	3.044327	0.1699982	-0.5638961	2.853263	0.249107	-0.9209725	3.113505	0.1550011	-0.9348611	2.952551	

0.3744564	-0.1549538	3.081287	0.02859166	-0.1492673	2.674167	0.3871409	-0.2465568	3.12063	0.04643616	-0.301048	2.710245	0.3840543	-0.2160183	3.094192	0.07257722	-0.1945632	2.689201	0.2715498	0.6123334	2.809711	0.1663633	0.5341018	2.814167	0.1740196	0.452375	2.83359	0.1961903	0.2020256	2.880906	0.2253841	-0.1389899	2.932925	0.3051859	0.3703272	2.946394	0.04777218	0.4042281	2.725491	0.2775123	-0.1352469	2.937989	0.1679779	-0.1396339	2.843602	0.3364756	0.04701838	2.96921	-0.01824735	0.0921682	2.703507	0.3208367	-0.5727107	3.033508	0.1688368	-0.5670888	2.856336	0.2540023	-0.9240322	3.116651	0.1543526	-0.9380552	2.952937	

0.3881136	-0.1690897	3.010761	0.02449228	-0.154314	2.674648	0.3893306	-0.2154003	2.951596	0.03561531	-0.3151518	2.694808	0.3850301	-0.1967183	2.954118	0.05519224	-0.2126227	2.652572	0.2695	0.627634	2.808527	0.1674444	0.5337761	2.815831	0.1752659	0.4521945	2.835125	0.1982464	0.2021612	2.882254	0.2291265	-0.1385145	2.933926	0.3197655	0.3673477	2.942429	0.04458146	0.4053096	2.734451	0.287028	-0.1336417	2.938458	0.1683947	-0.1395557	2.84414	0.3510785	0.05615234	2.945603	-0.0151103	0.08421624	2.709058	0.3545514	-0.5295894	3.035318	0.1711085	-0.5697081	2.864103	0.3360051	-0.877223	3.216155	0.1543769	-0.9380831	2.952913	

0.389917	-0.1632863	3.006322	0.02431384	-0.1532861	2.676261	0.4113583	-0.2636603	2.995067	0.04597647	-0.3150247	2.71212	0.4094423	-0.2542615	2.981	0.0924039	-0.1776977	2.74	0.2719853	0.6351426	2.813025	0.1797018	0.5318311	2.834678	0.1869963	0.4514249	2.852224	0.2086747	0.2041602	2.894867	0.2379236	-0.1340314	2.941778	0.3389459	0.3854453	2.95308	0.04743444	0.4094539	2.759406	0.2978081	-0.1289955	2.943017	0.1730556	-0.1352244	2.855097	0.3599949	0.06041078	2.934023	-0.01361063	0.08669516	2.723214	0.3560445	-0.5302734	3.065901	0.1727202	-0.5690633	2.876485	0.3512151	-0.8824047	3.252845	0.1545915	-0.938239	2.953485	

0.4119759	-0.1646613	2.979238	0.03319528	-0.1492067	2.711166	0.4163817	-0.3163111	3.020341	0.06712134	-0.2933758	2.72101	0.423595	-0.1909213	2.9996	0.1005251	-0.171883	2.767625	0.2891205	0.6485497	2.833134	0.2154728	0.5317415	2.871304	0.2217641	0.4527611	2.889764	0.2400435	0.2102185	2.934365	0.2635767	-0.1211945	2.982012	0.3734643	0.3998606	2.970297	0.07028628	0.4114806	2.810452	0.3308138	-0.1166356	2.981041	0.1885573	-0.1225722	2.896116	0.3735529	0.06831641	2.941074	-0.001314	0.1062819	2.780311	0.3645769	-0.531333	3.11543	0.1731078	-0.5646746	2.911522	0.3575807	-0.8840221	3.26109	0.1551827	-0.9375188	2.955118	

0.4109185	-0.1427764	2.972058	0.03445247	-0.1439372	2.725237	0.4116837	-0.2872222	3.014844	0.06993344	-0.2855002	2.732904	0.4240348	-0.2109846	3.004375	0.1051722	-0.1634164	2.781556	0.2927043	0.6500343	2.83829	0.2192607	0.5317236	2.875125	0.2251652	0.4531662	2.89373	0.2424788	0.2119771	2.939069	0.2648789	-0.1167449	2.988971	0.3833105	0.4247076	2.98716	0.07262268	0.4130784	2.814865	0.3313874	-0.1128709	2.985754	0.1909301	-0.1171654	2.906754	0.3784899	0.09364178	2.945542	0.0006884691	0.1057321	2.784476	0.3647412	-0.5303352	3.116411	0.1730305	-0.5647185	2.919817	0.3603713	-0.8835897	3.263813	0.1556334	-0.9368312	2.96067	

0.4923483	-0.08454155	3.142754	0.04270951	-0.1331671	2.775149	0.511133	-0.2095211	3.237548	0.06805945	-0.2771005	2.767689	0.5106066	-0.1384628	3.1733	0.09204876	-0.2000374	2.755625	0.3071296	0.6552125	2.857518	0.2379499	0.5373901	2.897703	0.2432492	0.4603262	2.918027	0.2584002	0.2241721	2.969002	0.2773393	-0.09687766	3.027434	0.3999112	0.4582818	3.00332	0.08574325	0.4203668	2.835273	0.3422345	-0.09161022	3.022231	0.2044664	-0.09957928	2.946563	0.3970141	0.1266689	2.96834	0.0138928	0.1048289	2.826269	0.3684574	-0.5261433	3.133296	0.1738815	-0.5585117	2.938357	0.3632628	-0.8829275	3.271359	0.1585802	-0.9305955	2.974326	

0.5349293	-0.02248883	3.156379	0.04447354	-0.1320337	2.834472	0.5657623	-0.1748339	3.207225	0.05930808	-0.2726769	2.842031	0.5655084	-0.1113429	3.1653	0.09489951	-0.18043	2.837769	0.3214141	0.6678245	2.880113	0.254821	0.5447034	2.916702	0.2573472	0.466783	2.935892	0.2653769	0.22809	2.983166	0.2779933	-0.09598428	3.03693	0.4155601	0.4459428	3.006961	0.09937292	0.4314803	2.862274	0.3440062	-0.09156384	3.029362	0.2036685	-0.09751464	2.959273	0.4073217	0.1725855	2.967382	0.02828428	0.1203493	2.869109	0.3706819	-0.5226393	3.150624	0.1802123	-0.5509224	2.978831	0.363983	-0.8824638	3.273998	0.1742924	-0.9183442	3.05389	

0.5487426	-0.02732999	3.157412	0.04323494	-0.1325653	2.854049	0.5924871	-0.1878549	3.233289	0.04829316	-0.2622384	2.884306	0.5838458	-0.1373402	3.1956	0.08331948	-0.1895311	2.861812	0.3257869	0.6730177	2.887482	0.2601928	0.5496531	2.924525	0.263047	0.4716239	2.944317	0.2711841	0.2320719	2.99291	0.282035	-0.09438307	3.046509	0.4286621	0.4525532	3.024038	0.101488	0.4323617	2.866956	0.3475211	-0.09083212	3.03764	0.2082956	-0.09510981	2.969772	0.4136107	0.1693682	2.975514	0.03355029	0.1287745	2.875235	0.3722857	-0.5190108	3.160552	0.1816676	-0.5476873	3.006624	0.3638716	-0.8823087	3.27817	0.1743754	-0.9141725	3.114518	

0.5576472	-0.02891089	3.16125	0.03467979	-0.1196445	2.884766	0.5863698	-0.1863808	3.248801	0.04129031	-0.2655644	2.950541	0.5755018	-0.1294805	3.2105	0.07448826	-0.1718384	2.908666	0.3312623	0.6819607	2.897171	0.2645074	0.555226	2.929994	0.2670598	0.4763654	2.949468	0.2741925	0.2346431	2.997194	0.2837767	-0.09407973	3.0499	0.4323933	0.4441927	3.022661	0.1045612	0.433087	2.870602	0.3496011	-0.09097186	3.040919	0.2097428	-0.09442185	2.973235	0.4145154	0.1659565	2.973154	0.03431147	0.1287012	2.882006	0.3711117	-0.5164514	3.168515	0.1793272	-0.5434807	3.033978	0.3635289	-0.8782111	3.287012	0.1717321	-0.9126966	3.125891	

0.5824041	-0.07838373	3.178451	0.03337201	-0.1180795	2.887414	0.592144	-0.202012	3.237986	0.03718409	-0.2588805	2.945011	0.567046	-0.1525871	3.253875	0.07134745	-0.1729087	2.914662	0.3347237	0.6856775	2.901065	0.2672825	0.5577763	2.932206	0.2697406	0.4786493	2.951965	0.2765307	0.2360536	3.000617	0.2854718	-0.09428523	3.054953	0.4354155	0.4365627	3.021921	0.1076181	0.4340512	2.872248	0.3513875	-0.09173255	3.045156	0.2113481	-0.09402935	2.979143	0.4898116	0.1342807	3.124766	0.03451019	0.1277499	2.885781	0.3705732	-0.5155665	3.172235	0.1791959	-0.5434318	3.034592	0.3639555	-0.8793703	3.290666	0.1707204	-0.9128546	3.12696	

0.525564	-0.1079126	3.15456	0.03010151	-0.1169175	2.893002	0.5527064	-0.2324042	3.248511	0.02502227	-0.2512911	2.941215	0.5419582	-0.1739455	3.236667	0.06546705	-0.1673682	2.91975	0.3428245	0.6893844	2.898694	0.2751921	0.5589527	2.926869	0.2757914	0.4794792	2.94857	0.2786047	0.2361477	3.000619	0.2857805	-0.09495024	3.057762	0.4407542	0.4297242	3.016091	0.1133223	0.4336843	2.869731	0.3518707	-0.0928297	3.04807	0.2115223	-0.09431563	2.981792	0.4808718	0.1247199	3.118077	0.0341497	0.1269032	2.888654	0.3732211	-0.5172004	3.165386	0.1834781	-0.5438637	3.029135	0.3658316	-0.8810566	3.289185	0.1734282	-0.9118571	3.127261	

0.5089729	-0.1035021	3.143643	0.02846989	-0.1192266	2.895085	0.5426055	-0.2385541	3.241265	0.03211065	-0.2604795	2.942585	0.5348716	-0.2296388	3.23	0.06775524	-0.1694271	2.916766	0.3508606	0.6863834	2.896059	0.2847239	0.5530577	2.921528	0.2841969	0.4745263	2.944314	0.2828199	0.2336003	2.999833	0.2862513	-0.09603907	3.059238	0.4458026	0.4237102	3.011465	0.1223582	0.4310986	2.862806	0.3525438	-0.0943123	3.050043	0.2118284	-0.0950541	2.982803	0.4584967	0.1123967	3.0611	0.03344692	0.1265037	2.889377	0.3860783	-0.5269461	3.144903	0.1893199	-0.5467784	3.020228	0.367231	-0.8864487	3.286132	0.1748291	-0.9119194	3.12591	

0.4717835	-0.2384728	3.187775	0.005172266	-0.2451108	2.933491	0.5084167	-0.369316	3.296521	-0.0003574455	-0.3695793	2.999654	0.5008905	-0.3598067	3.285278	0.04579904	-0.282591	2.949944	0.4192065	0.5261422	2.863116	0.3454235	0.3904461	2.875444	0.3376389	0.3143001	2.906918	0.3124987	0.08107632	2.990425	0.2769044	-0.2363684	3.090415	0.4958569	0.2520419	2.997578	0.184389	0.272651	2.824385	0.3443076	-0.2322446	3.086432	0.201755	-0.2339434	3.008723	0.4600715	-0.03065313	3.079683	0.03917532	-0.01102283	2.895605	0.4651317	-0.594546	3.03885	0.2682655	-0.6100277	2.929288	0.3775696	-0.91079	3.259311	0.1908148	-0.9356192	3.112162	

0.4881608	-0.2961723	3.152282	0.002852609	-0.2574723	2.937307	0.5247104	-0.4267781	3.261046	-0.007462502	-0.3895617	3.020043	0.5170888	-0.4169835	3.249852	0.04087225	-0.3038022	2.968333	0.4247298	0.4954143	2.856816	0.3533064	0.3602042	2.870907	0.3457763	0.2859656	2.905207	0.3216924	0.05679243	2.996329	0.2889385	-0.2585987	3.107544	0.4980629	0.2367179	2.996518	0.1896172	0.2460211	2.820133	0.3509726	-0.2488659	3.099876	0.2201636	-0.2621347	3.030186	0.4586344	-0.06373626	3.108	0.03704977	-0.0241017	2.896784	0.4731603	-0.6099353	3.031651	0.2786078	-0.635212	2.919192	0.3796289	-0.9103233	3.249591	0.1940693	-0.936392	3.107709	

0.4974783	-0.3620587	3.114857	-0.003676361	-0.3176887	2.975753	0.5339737	-0.4923969	3.223651	-0.02007205	-0.4134032	3.047629	0.5262884	-0.4822732	3.212514	0.03156636	-0.3193171	2.979143	0.449242	0.4156624	2.845637	0.3747706	0.2824539	2.858063	0.3657406	0.2088148	2.897424	0.3366415	-0.01626527	3.00447	0.2955435	-0.3218872	3.13579	0.5096256	0.1454827	2.985947	0.2096338	0.1655595	2.814761	0.3594298	-0.3111598	3.136561	0.2235362	-0.3238562	3.049582	0.4685751	-0.1239782	3.102209	0.04514692	-0.09524822	2.90922	0.5044239	-0.652801	3.003578	0.3178653	-0.6779513	2.894729	0.3888595	-0.9157897	3.23363	0.201343	-0.9375722	3.099995	

0.5175338	-0.4454296	3.12342	-0.008339603	-0.3821245	3.004371	0.5539602	-0.575439	3.232253	-0.03151988	-0.4374259	3.056184	0.5461994	-0.5649395	3.221191	0.0157288	-0.4071126	3.010524	0.4693021	0.3195538	2.830882	0.3936035	0.1884192	2.842553	0.3840043	0.1174686	2.891033	0.3530486	-0.0989363	3.025364	0.3093556	-0.3920583	3.193082	0.536056	0.05126815	2.983962	0.2291301	0.07491992	2.806999	0.3744742	-0.382443	3.192044	0.2359148	-0.3912187	3.108894	0.4867902	-0.2156775	3.072693	0.05506482	-0.1700196	2.922852	0.5253446	-0.6680815	2.944672	0.3452968	-0.6946893	2.859159	0.4047999	-0.9225286	3.217466	0.2089691	-0.9411073	3.091856	

0.4865301	-0.5069221	3.028255	0.01817278	-0.4060847	2.997339	0.5230383	-0.6366718	3.13714	-0.01615105	-0.5305958	3.101747	0.5153583	-0.6258023	3.126135	0.04591063	-0.4421386	3.030429	0.4780909	0.2828816	2.824961	0.4010032	0.1604121	2.838135	0.3883611	0.08749156	2.887273	0.3470345	-0.1375507	3.023587	0.2853699	-0.4438803	3.194717	0.5371271	0.001184473	2.964423	0.2385504	0.04680967	2.805507	0.3513525	-0.4407766	3.185671	0.2119552	-0.4347491	3.118562	0.5033609	-0.2680137	3.07065	0.05569487	-0.1766328	2.922354	0.5557877	-0.6205649	2.874295	0.3911038	-0.633736	2.801339	0.4695517	-0.966757	3.129553	0.2302579	-0.9264147	3.063836	

0.4869369	-0.5146496	3.025279	0.02182555	-0.416636	2.996866	0.5234536	-0.6443936	3.134193	0.009259444	-0.5539913	3.081324	0.5156978	-0.6321303	3.123714	0.05530193	-0.4731344	3.0109	0.4786673	0.2823201	2.824353	0.4021938	0.1560917	2.836506	0.389347	0.08360943	2.885813	0.347625	-0.1392198	3.022747	0.2863163	-0.4439055	3.194103	0.5370601	0.0008679627	2.964157	0.2382628	0.04777047	2.805579	0.3526109	-0.441056	3.184844	0.2125804	-0.4346415	3.118143	0.503871	-0.2764902	3.073089	0.06507359	-0.1762268	2.915565	0.5561429	-0.6193773	2.871799	0.3920205	-0.6327869	2.800498	0.4705116	-0.9681386	3.12396	0.2311359	-0.9262408	3.063228	

0.5723332	-0.4303407	3.080197	0.1243961	-0.4239897	2.826521	0.6137441	-0.523635	3.142944	0.1442538	-0.5397474	2.847278	0.6119794	-0.4251445	3.087819	0.2014333	-0.447663	2.868475	0.4590824	0.3778346	2.826146	0.3911154	0.2414756	2.834648	0.3851953	0.1653861	2.878454	0.3654362	-0.06693625	2.998761	0.336856	-0.381979	3.147642	0.530715	0.09763858	2.94487	0.2323954	0.1190699	2.795239	0.4013655	-0.3700615	3.135945	0.2631802	-0.3835707	3.074182	0.5170816	-0.1973794	3.069579	0.1113293	-0.1829444	2.835199	0.545173	-0.6348893	2.857619	0.3926286	-0.6516359	2.789996	0.4724658	-0.9923331	3.101689	0.2316668	-0.9264491	3.064139	

0.6469573	-0.3721884	3.043513	0.1703999	-0.4214376	2.757963	0.6516252	-0.447304	3.052269	0.209506	-0.4914918	2.820747	0.6397924	-0.4151656	3.049273	0.2252001	-0.4343241	2.814	0.4428663	0.4345514	2.83373	0.3795811	0.2945069	2.838476	0.376276	0.21714	2.879202	0.3645967	-0.02260358	2.990894	0.3460331	-0.3437773	3.128627	0.5301937	0.1507536	2.948735	0.2290229	0.1718296	2.79323	0.4093921	-0.3266544	3.109757	0.2729668	-0.3509612	3.061293	0.5573392	-0.1489265	3.06154	0.106005	-0.1340325	2.807487	0.5357085	-0.6368138	2.881892	0.3814121	-0.6471781	2.800427	0.4629368	-0.9961891	3.123237	0.2322268	-0.9250333	3.064049	

0.6779374	-0.2753087	2.984904	0.1721421	-0.2867364	2.701256	0.681839	-0.3424155	2.957022	0.2244294	-0.4109747	2.720544	0.6649727	-0.3044405	2.982572	0.2490255	-0.3306172	2.743333	0.4233271	0.4981447	2.840256	0.3670344	0.358778	2.844204	0.3676896	0.282835	2.882363	0.3680663	0.05038564	2.985855	0.3668508	-0.265633	3.112435	0.5217022	0.227933	2.948665	0.2190324	0.2397618	2.789229	0.4315839	-0.2485351	3.098709	0.2920025	-0.2754577	3.040792	0.5439566	-0.08051897	3.043355	0.1000855	-0.06445137	2.77835	0.5152966	-0.5977067	2.92104	0.361665	-0.6140038	2.830128	0.4408083	-0.9642704	3.151926	0.2469178	-0.9899176	3.029852	

0.64511	0.109028	2.857446	0.2087275	0.02964634	2.581483	0.6626431	0.02842844	2.792012	0.2850817	-0.03962589	2.548573	0.6608119	0.05752178	2.8091	0.3005777	-0.04178333	2.561	0.3649155	0.7369863	2.857994	0.3268614	0.601205	2.860976	0.3317395	0.5226992	2.888577	0.3452343	0.2813894	2.960772	0.3620777	-0.04818857	3.04598	0.487521	0.4820348	2.928617	0.1805402	0.4751978	2.782766	0.4190465	-0.03883998	3.030061	0.2948813	-0.0561895	2.976256	0.57866	0.2791824	3.029426	0.08002499	0.2220368	2.729404	0.4472133	-0.499964	3.05865	0.2702761	-0.4711664	2.896882	0.3962922	-0.8988887	3.231648	0.2258178	-0.8831482	3.053279	

0.6925068	0.1789784	2.823202	0.1820934	0.1254258	2.579956	0.6662645	0.1088237	2.765323	0.2837828	0.05428919	2.539991	0.6637586	0.1253801	2.772857	0.2513897	0.05290375	2.549	0.3524063	0.8156819	2.860124	0.3140701	0.6836526	2.858638	0.3186029	0.6032876	2.87785	0.331161	0.3559594	2.925047	0.3468826	0.01752874	2.977098	0.4800797	0.533699	2.908909	0.175286	0.5508274	2.77661	0.4091958	0.02143776	2.960834	0.2745313	0.01311184	2.907679	0.5508206	0.3131632	2.97864	0.07593321	0.3012534	2.72343	0.4311774	-0.4635517	3.10441	0.242267	-0.3877764	2.918651	0.4156049	-0.8938922	3.2341	0.218025	-0.8231673	3.012118	

0.6355017	0.2724095	2.865066	0.1832528	0.1773354	2.560341	0.6700101	0.1572547	2.794015	0.2990875	0.1149464	2.512289	0.6638023	0.1788164	2.803071	0.3149263	0.150155	2.573875	0.3468237	0.8770195	2.860401	0.2942833	0.7490848	2.858323	0.3019934	0.6689534	2.874428	0.3243313	0.4220945	2.912425	0.3534598	0.08391639	2.952381	0.4752516	0.6278507	2.918334	0.172031	0.61272	2.770473	0.4125266	0.08557247	2.947284	0.2840757	0.07982489	2.871865	0.5672184	0.444222	3.035064	0.08174326	0.349948	2.711656	0.4290746	-0.4004333	3.092181	0.2312911	-0.4271664	2.949694	0.445331	-0.8441754	3.184821	0.2181025	-0.9017625	2.985658	

0.7206966	0.3053879	2.9285	0.1985584	0.2735227	2.565456	0.729634	0.2202015	2.861019	0.2910864	0.1552488	2.532349	0.7152253	0.2105429	2.8645	0.2692946	0.2298942	2.507219	0.3385646	1.03088	2.85451	0.287475	0.8924223	2.843753	0.2992419	0.8118349	2.858877	0.3339912	0.5630881	2.894236	0.3800598	0.2217085	2.931077	0.4715008	0.7460234	2.894332	0.1490331	0.7489102	2.761981	0.4404436	0.2249564	2.927764	0.3085417	0.2120041	2.849088	0.5467002	0.4722965	2.922667	0.09769664	0.4669106	2.687897	0.4600467	-0.2703204	3.055508	0.2411302	-0.2998396	2.9113	0.4525396	-0.6879591	3.198936	0.1801661	-0.7187886	3.04871	

0.7151063	0.2938398	2.933241	0.2001948	0.2720219	2.56764	0.7340867	0.2058097	2.878358	0.2918659	0.1429678	2.541045	0.7208598	0.2176681	2.889667	0.2725067	0.2222539	2.518769	0.3386265	1.030655	2.854445	0.2882751	0.8914076	2.844418	0.2999473	0.8109765	2.859441	0.3344447	0.5626251	2.894548	0.3802634	0.2215862	2.931171	0.4721055	0.7476419	2.895519	0.1495786	0.7479363	2.761691	0.4405486	0.2249067	2.927794	0.3088721	0.2117803	2.849281	0.5485809	0.4680896	2.924842	0.1003816	0.4669666	2.688349	0.4616687	-0.2703429	3.05537	0.2413778	-0.3000602	2.911443	0.454028	-0.6877884	3.198933	0.1882241	-0.7226971	3.041509	

0.6817273	0.1924874	2.94625	0.2295825	0.1833245	2.602052	0.7293331	0.1102534	2.938854	0.3079472	0.06106291	2.586301	0.6967875	0.1278876	2.941833	0.3100134	0.1064105	2.554133	0.3498697	0.9547704	2.864311	0.301994	0.8174837	2.855943	0.3131211	0.7384281	2.870322	0.3458571	0.4946153	2.903279	0.3891198	0.1602573	2.936728	0.485687	0.7102335	2.90691	0.1627719	0.6875364	2.770118	0.4513524	0.164959	2.935038	0.3154946	0.1508899	2.85303	0.5889952	0.413995	2.996665	0.1296816	0.388301	2.701742	0.4804672	-0.3264002	3.068367	0.2655015	-0.359449	2.924459	0.4957788	-0.7561554	3.196722	0.2578925	-0.8038722	2.983831	

0.6838111	0.1462138	2.963659	0.2312094	0.1593276	2.615564	0.7237199	0.06250715	2.949406	0.3191327	0.02128371	2.61513	0.6910914	0.06481938	2.955625	0.3035797	0.1239943	2.6095	0.353257	0.9097629	2.866696	0.3064665	0.7773739	2.861411	0.3181915	0.699199	2.874672	0.3526622	0.4578907	2.904373	0.3981914	0.126341	2.933683	0.4959594	0.6498091	2.906437	0.1662611	0.6520082	2.778575	0.4639655	0.1308828	2.932393	0.3209576	0.1178082	2.849561	0.5947944	0.3704614	3.006417	0.1309533	0.3701842	2.705318	0.4846173	-0.3574435	3.073243	0.2746643	-0.3915204	2.923872	0.5107695	-0.8038843	3.200454	0.2768459	-0.8370347	2.973313	

0.6956955	0.03271867	2.983943	0.2427864	0.05955546	2.639069	0.7232975	-0.07603751	2.996327	0.3375362	-0.08018349	2.643194	0.6868755	-0.06431238	3.001	0.3318418	0.03516352	2.688875	0.3698298	0.782568	2.880994	0.3255415	0.6540834	2.876367	0.3354526	0.5751607	2.891617	0.3643568	0.3323577	2.926844	0.4022491	0.0001471345	2.962851	0.5029927	0.5182047	2.91671	0.183604	0.5456946	2.809853	0.4670162	0.005157895	2.952447	0.3258084	-0.004873045	2.887774	0.5989864	0.2544455	3.015723	0.1299203	0.2633118	2.729319	0.5086368	-0.4807605	3.088879	0.2975846	-0.5165431	2.922101	0.513196	-0.8943849	3.233431	0.2691797	-0.9302534	3.034209	

0.6951362	-0.03981476	2.995778	0.2497276	-0.0002844628	2.648263	0.7202846	-0.1448238	3.03533	0.3454486	-0.1425086	2.657149	0.6989421	-0.1380577	3.038	0.3453551	-0.02602094	2.701	0.376654	0.7193338	2.886531	0.3300431	0.5845764	2.890378	0.3408412	0.5067744	2.905464	0.3724155	0.2676653	2.940057	0.4138938	-0.05917897	2.97506	0.508666	0.4660278	2.942284	0.1879631	0.4822639	2.827684	0.4777119	-0.05400831	2.964888	0.3381244	-0.06265549	2.899806	0.6019427	0.1832807	3.025554	0.1290495	0.1963635	2.739172	0.5189988	-0.5097191	3.085577	0.3078658	-0.5409039	2.908562	0.5005246	-0.8963751	3.253711	0.2566383	-0.9351327	3.067157	

0.6788638	-0.1125692	3.070159	0.2443319	-0.1653958	2.695668	0.7316204	-0.2554395	3.119641	0.324105	-0.3196726	2.694718	0.6576344	-0.2038354	3.035385	0.3368284	-0.1971594	2.741348	0.3951611	0.6071146	2.890438	0.3368372	0.4681211	2.894749	0.3526188	0.3925782	2.909915	0.3993036	0.1608028	2.944513	0.4611998	-0.1555096	2.97924	0.5164881	0.3534653	3.001215	0.2010725	0.346978	2.843722	0.5319099	-0.1439369	2.974903	0.3772241	-0.1626516	2.898434	0.5661221	0.1001605	3.009086	0.161126	0.06060816	2.778308	0.5688804	-0.577334	2.991595	0.3695622	-0.5952814	2.868898	0.4885665	-0.9083569	3.242004	0.2680359	-0.9322995	3.060189	

0.6002517	-0.1179066	2.96479	0.22369	-0.2265262	2.746429	0.6109553	-0.2571586	2.972728	0.2256431	-0.3751831	2.733797	0.562017	-0.1952673	2.932824	0.2744685	-0.3084577	2.747083	0.3983438	0.6191393	2.884251	0.3404041	0.4772589	2.892093	0.3550767	0.3993106	2.907584	0.3996341	0.1626146	2.943156	0.4602722	-0.1561943	2.977968	0.5169173	0.3577472	2.994035	0.2025718	0.3454582	2.84046	0.5279039	-0.145183	2.970234	0.3773343	-0.1629521	2.898385	0.5308326	0.09737918	2.872391	0.1935769	0.02300429	2.797818	0.5679243	-0.5731342	3.001633	0.368437	-0.5872369	2.875062	0.4870922	-0.9089319	3.240661	0.2698627	-0.9302946	3.059605	

0.6086674	-0.07774524	2.946324	0.1835772	-0.1537413	2.809014	0.6091684	-0.1996259	2.963416	0.1763709	-0.3192915	2.835358	0.5601029	-0.1327513	2.917385	0.2273925	-0.2120576	2.813	0.4070554	0.681492	2.870086	0.3513466	0.538148	2.878792	0.3623453	0.457625	2.894003	0.3946076	0.2087478	2.929364	0.4419812	-0.133987	2.967256	0.5325773	0.3907063	2.956103	0.2108213	0.3873621	2.818888	0.5077941	-0.1256937	2.95463	0.3628006	-0.1386978	2.893821	0.5392997	0.1377665	2.853881	0.1713631	0.09615165	2.831022	0.5513361	-0.5399017	3.046517	0.3448324	-0.582774	2.916991	0.4817485	-0.9076922	3.242184	0.2661221	-0.9342622	3.066007	

0.6094164	-0.05315676	2.933977	0.1712575	-0.1457728	2.83305	0.6083379	-0.2034119	2.959415	0.1593469	-0.2773862	2.888427	0.5651236	-0.1298763	2.913167	0.2081383	-0.1829031	2.841166	0.4078357	0.6908086	2.867015	0.3541919	0.5522265	2.874491	0.3645404	0.4709339	2.890195	0.3950109	0.2215279	2.926463	0.4368641	-0.1178839	2.963946	0.5372422	0.4212608	2.962153	0.211171	0.401878	2.815295	0.5029655	-0.1142815	2.950753	0.3579606	-0.1171821	2.891814	0.5400581	0.1624957	2.841509	0.1699233	0.09695727	2.832196	0.547894	-0.5388954	3.058023	0.3404651	-0.5781898	2.919483	0.4815485	-0.9060397	3.243632	0.2656821	-0.9344288	3.066695	

0.6467728	-0.02873519	2.983286	0.1259247	-0.09777879	2.921378	0.6170165	-0.1494053	2.956606	0.09219576	-0.1755603	2.957362	0.5922736	-0.06083234	2.919	0.154079	-0.10198	2.9212	0.4245154	0.7412093	2.859571	0.3766228	0.6001956	2.856931	0.3854594	0.5195458	2.874551	0.410856	0.2716613	2.916794	0.4435335	-0.06846616	2.962026	0.5569209	0.4739062	2.963597	0.2245898	0.4556714	2.796449	0.5060943	-0.06595185	2.953813	0.368158	-0.06906483	2.884895	0.5775599	0.1869887	2.890772	0.1422169	0.1457818	2.867289	0.5233383	-0.5208533	3.109216	0.3164343	-0.535351	2.947416	0.4835676	-0.8938756	3.256109	0.2632698	-0.9301716	3.070374	

0.646495	-0.02965381	2.983561	0.09659003	-0.08743996	2.901236	0.6010557	-0.1022925	2.962449	0.08283037	-0.1657905	2.986142	0.5962722	-0.07334607	2.93875	0.1242013	-0.1213007	2.921875	0.425526	0.7410556	2.858794	0.3783764	0.5999066	2.856166	0.386865	0.519293	2.873931	0.4114414	0.2715088	2.916519	0.4435776	-0.06846256	2.961994	0.5584953	0.4703245	2.960539	0.2259229	0.4557208	2.795369	0.5061744	-0.06601766	2.95378	0.3681982	-0.06898946	2.884843	0.5772807	0.1860652	2.891048	0.1383316	0.1473735	2.866627	0.5229967	-0.5205604	3.10941	0.3160413	-0.5347615	2.947932	0.4840518	-0.8925101	3.256981	0.2607094	-0.9296302	3.072701	

0.6524719	-0.05213313	2.990121	0.0932867	-0.09542786	2.952641	0.599238	-0.09389607	2.95345	0.07902678	-0.1541374	2.979079	0.595637	-0.08529691	2.935667	0.1718669	-0.08468264	2.936579	0.4283381	0.7402317	2.857779	0.3812585	0.5981169	2.854799	0.3892365	0.5176696	2.872802	0.4125146	0.2703708	2.915987	0.4436323	-0.06889447	2.961934	0.5619118	0.4660217	2.960262	0.2299379	0.4542667	2.793311	0.5062174	-0.06710815	2.953922	0.3682457	-0.06909228	2.884716	0.5832865	0.1634631	2.897626	0.1342131	0.1484732	2.865055	0.5226946	-0.5204607	3.109557	0.3152241	-0.5343316	2.949234	0.4827955	-0.8919655	3.257659	0.2584229	-0.9288107	3.075539	

0.6555624	-0.06698543	3.000786	0.08236481	-0.08071455	2.915188	0.6008529	-0.102258	2.961449	0.05736239	-0.1695457	2.99437	0.5994591	-0.09374812	2.943106	0.1398129	-0.06797023	2.916215	0.4347291	0.7361357	2.85734	0.3859983	0.5947393	2.853525	0.3932974	0.5141699	2.871845	0.414753	0.2664599	2.915881	0.4435592	-0.07354369	2.963007	0.5696937	0.4452891	2.953309	0.2351642	0.4509738	2.791655	0.5064077	-0.07308491	2.954822	0.3679724	-0.07231291	2.885858	0.5863861	0.1485242	2.908303	0.1334665	0.1482116	2.864469	0.5216025	-0.5208691	3.110513	0.31205	-0.5378414	2.954377	0.4817156	-0.8911395	3.258596	0.2565054	-0.9284825	3.07864	

0.6421707	-0.05882683	3.012432	0.08155052	-0.08273005	2.913295	0.6030756	-0.1107752	2.972447	0.04625279	-0.1929799	3.007238	0.5993022	-0.08986238	2.95375	0.1042533	-0.1276222	2.9194	0.4404993	0.7330381	2.856028	0.3907556	0.5904731	2.852656	0.3977862	0.5098339	2.871627	0.4183698	0.2617558	2.917658	0.4457855	-0.07881787	2.968142	0.5696684	0.4451954	2.953717	0.241682	0.4477611	2.79125	0.5078422	-0.07796562	2.960482	0.3709154	-0.07767272	2.890502	0.5866491	0.1465668	2.911138	0.1336031	0.1460635	2.862883	0.5203397	-0.5217961	3.111372	0.31088	-0.5384215	2.958778	0.4806883	-0.8906956	3.25928	0.2565082	-0.9241067	3.081327	

0.6410268	-0.0553408	3.015507	0.1132539	-0.1117284	2.859853	0.6415054	-0.0799664	3.039427	0.0650784	-0.2330298	2.924719	0.6170756	-0.07447129	2.987667	0.1725407	-0.1207231	2.9085	0.4478578	0.7307791	2.856607	0.394081	0.590014	2.853247	0.4003291	0.5090559	2.872109	0.4192577	0.2602801	2.91799	0.4445149	-0.08214156	2.968436	0.5714412	0.4259031	2.947682	0.2486367	0.4468977	2.78952	0.5065289	-0.08175135	2.962077	0.3695991	-0.08069286	2.889671	0.5859976	0.1491268	2.912347	0.1535503	0.1352853	2.840768	0.5107113	-0.51898	3.120383	0.303549	-0.5328806	2.970766	0.4798436	-0.8887874	3.260489	0.2565971	-0.9191617	3.085484	

0.6361355	-0.05480928	3.014894	0.1430821	-0.1124692	2.823676	0.6351209	-0.07186484	3.048437	0.1126083	-0.2379491	2.868307	0.6005668	-0.09410238	2.96	0.1583169	-0.1745142	2.837333	0.4497811	0.7310656	2.856972	0.3950235	0.5903392	2.853794	0.4010906	0.5091517	2.872603	0.4195216	0.2598525	2.918437	0.4439014	-0.08338939	2.969074	0.5714426	0.4264823	2.947719	0.2505162	0.4474985	2.789336	0.5055637	-0.08323498	2.962954	0.3693129	-0.08156519	2.890062	0.5855731	0.1524099	2.913904	0.1670523	0.1298925	2.829516	0.5040216	-0.5176063	3.131741	0.299032	-0.5324684	2.97585	0.4788878	-0.8853491	3.262897	0.2564455	-0.9192767	3.086112	

0.6375889	-0.07107833	3.02608	0.1634949	-0.1141727	2.799243	0.6390795	-0.07231275	3.067437	0.1484341	-0.2418205	2.831094	0.622767	-0.06312075	3.028667	0.2030108	-0.1771081	2.806125	0.450931	0.731043	2.857898	0.3957122	0.5907313	2.854975	0.4016372	0.5092351	2.87354	0.4196545	0.2592007	2.919012	0.4431449	-0.08540653	2.969285	0.572076	0.4245353	2.945371	0.2516857	0.4476049	2.789521	0.5049782	-0.08520674	2.962819	0.3684339	-0.08346318	2.890591	0.5905857	0.1402364	2.930647	0.1824197	0.1289923	2.814843	0.4983045	-0.5148578	3.139037	0.2959186	-0.5328715	2.979882	0.4788679	-0.8840756	3.264453	0.2562597	-0.9187701	3.086438	

0.6660334	-0.0762958	3.085824	0.1987876	-0.1026595	2.760142	0.6782026	-0.1966164	3.16206	0.1940875	-0.2499706	2.784172	0.688915	-0.1343982	3.079166	0.2429491	-0.1526411	2.76425	0.4514762	0.7312731	2.858657	0.3960287	0.5909867	2.855745	0.4017969	0.5093321	2.873749	0.4196274	0.2590595	2.918103	0.4414576	-0.08598008	2.960962	0.5756902	0.4378633	2.954717	0.2519725	0.4477765	2.789446	0.503322	-0.08532237	2.956285	0.3667914	-0.0844314	2.880139	0.5874071	0.1892491	2.925984	0.196166	0.1403501	2.793411	0.4954966	-0.5133145	3.145587	0.2940645	-0.5328477	2.980842	0.4787477	-0.8822783	3.265764	0.2558979	-0.9178166	3.086819	

0.7144691	-0.07949181	2.994636	0.2957954	-0.08714738	2.666352	0.7350367	-0.1885483	2.984036	0.3638117	-0.2308248	2.675358	0.7521492	-0.1471238	2.945111	0.37157	-0.1060306	2.7201	0.450178	0.7301024	2.862657	0.3942632	0.5882184	2.862085	0.4000084	0.5070308	2.879376	0.4172711	0.25774	2.921666	0.4378752	-0.08553742	2.964813	0.5732358	0.4415146	2.95837	0.2528636	0.4469059	2.79077	0.4982962	-0.08283333	2.960653	0.3641911	-0.0855666	2.883962	0.6361174	0.1501188	3.013761	0.2166546	0.15773	2.753795	0.4928584	-0.5130478	3.14788	0.2935763	-0.5320941	2.982863	0.4777174	-0.8812213	3.267143	0.2559923	-0.9168089	3.087463	

0.7183198	-0.05147582	2.901008	0.3723551	-0.05178795	2.601797	0.7593454	-0.1395543	2.845778	0.458836	-0.163628	2.56395	0.7665863	-0.07511377	2.83575	0.4331192	-0.08090884	2.560769	0.4455014	0.7261646	2.870352	0.3888092	0.5831748	2.872218	0.3949375	0.5027349	2.889393	0.4126841	0.2554879	2.930863	0.4339628	-0.08412732	2.974959	0.571128	0.440555	2.959571	0.253334	0.4459917	2.793588	0.4959398	-0.08378944	2.975833	0.359381	-0.08248257	2.890509	0.6445842	0.1599644	3.007472	0.2144726	0.2007234	2.741822	0.4902787	-0.5138506	3.149477	0.2903741	-0.5333146	2.9857	0.477689	-0.8805999	3.268382	0.2548694	-0.9135025	3.091043	

0.7264549	-0.05314912	2.879034	0.393952	-0.02925587	2.590692	0.759218	-0.1132494	2.798411	0.499112	-0.1197496	2.5447	0.7370785	-0.03934716	2.787111	0.4676574	-0.05008585	2.53787	0.4377906	0.7270228	2.88078	0.3808145	0.5846274	2.882345	0.388834	0.5042686	2.897437	0.4105667	0.2569567	2.934003	0.4343435	-0.08237904	2.975353	0.5632349	0.4421404	2.961231	0.2509155	0.4471831	2.797442	0.4975028	-0.08186611	2.97622	0.358768	-0.0804112	2.890655	0.6343769	0.1526194	2.980809	0.2205362	0.2014815	2.73587	0.4884845	-0.5131491	3.150051	0.2881529	-0.5317014	2.98802	0.4777412	-0.8805439	3.268752	0.2546752	-0.9120284	3.090332	

0.7166715	-0.05525126	2.874551	0.3903653	-0.02849187	2.59725	0.7311302	-0.1205085	2.80336	0.4861862	-0.1285194	2.578797	0.7309586	-0.05807022	2.795167	0.4581631	-0.05993636	2.567307	0.4314126	0.7264893	2.88772	0.3730701	0.5848101	2.890759	0.3812921	0.5046844	2.90589	0.404769	0.2581559	2.940992	0.4325543	-0.08045414	2.978406	0.5514643	0.4434105	2.963404	0.2451028	0.4480086	2.804523	0.4964564	-0.07997804	2.979264	0.3563279	-0.07862442	2.893157	0.6341352	0.1526867	2.980637	0.2247616	0.1925663	2.730994	0.4872631	-0.5130953	3.149469	0.285901	-0.5329922	2.989055	0.4777097	-0.8804944	3.268841	0.2535729	-0.9122145	3.090734	

0.7056251	-0.06059142	2.880674	0.3765363	-0.03164924	2.61659	0.7204871	-0.1371058	2.831269	0.4698148	-0.142694	2.601322	0.7003485	-0.0807595	2.806583	0.4411173	-0.07180358	2.578931	0.4276477	0.7255425	2.89221	0.3694583	0.5839157	2.894359	0.3772656	0.5038079	2.909356	0.3994074	0.257464	2.943921	0.4267453	-0.0802364	2.979701	0.5474405	0.4422781	2.965939	0.2413526	0.4481279	2.809129	0.4923134	-0.08061814	2.980535	0.3485014	-0.07725918	2.894063	0.6330808	0.152804	2.982731	0.2174551	0.1973075	2.737462	0.4861204	-0.5122064	3.149298	0.2843273	-0.5326505	2.990095	0.477696	-0.8803211	3.269167	0.252685	-0.9113775	3.090778	

0.6631824	-0.08479691	2.921837	0.333053	-0.05069807	2.658503	0.6943692	-0.1731675	2.89174	0.4253747	-0.1793183	2.63936	0.7046949	-0.1249465	2.8542	0.3945577	-0.09358021	2.619909	0.4240008	0.7217472	2.896915	0.3647834	0.5786464	2.899112	0.3719868	0.498363	2.913794	0.3922052	0.2515166	2.947289	0.4173672	-0.0862996	2.980999	0.5438894	0.4225596	2.973439	0.2332664	0.4410166	2.816618	0.484742	-0.08715751	2.982474	0.337505	-0.08281869	2.89436	0.6316676	0.144271	3.008451	0.2017461	0.1917721	2.756678	0.4820239	-0.5125454	3.152099	0.2727358	-0.545804	3.001656	0.4717427	-0.8805588	3.274438	0.2509833	-0.9092705	3.094353	

0.6625745	-0.09784715	2.928321	0.320435	-0.08231546	2.668329	0.6820903	-0.1957058	2.922202	0.3944975	-0.205733	2.660223	0.6821176	-0.09266894	2.907524	0.3945932	-0.1439337	2.666111	0.4205543	0.7142584	2.900731	0.359497	0.5722581	2.902866	0.3669401	0.4921319	2.916885	0.3879506	0.2458403	2.948553	0.4142267	-0.09123835	2.980188	0.5408988	0.4147935	2.972734	0.2304785	0.4385515	2.819408	0.4824717	-0.0918149	2.981956	0.3336335	-0.08797631	2.893129	0.6277047	0.1301684	3.015967	0.1960947	0.1913249	2.764342	0.4786474	-0.5116525	3.153802	0.2721289	-0.5426239	3.001802	0.4674014	-0.8815379	3.278573	0.2504856	-0.9086163	3.095935	

0.6370925	-0.120039	2.9982	0.2644246	-0.1238873	2.707392	0.6613246	-0.2262273	3.008488	0.3280554	-0.2671171	2.726808	0.6603325	-0.147493	2.971411	0.3366459	-0.140072	2.764428	0.417351	0.7073156	2.904071	0.3564368	0.565837	2.906455	0.3639097	0.4852453	2.920018	0.3850786	0.2374312	2.950169	0.4118728	-0.1020427	2.979216	0.5372673	0.4060059	2.977649	0.2219769	0.4272014	2.826277	0.4801852	-0.09764554	2.978463	0.3314551	-0.1066841	2.896163	0.6194659	0.1193125	3.047221	0.1822957	0.1471276	2.777895	0.462098	-0.5168508	3.170337	0.2581965	-0.5429018	3.013855	0.4665622	-0.8809538	3.280039	0.2474539	-0.9070551	3.103463	

0.6308577	-0.1168593	3.006631	0.2285234	-0.1169488	2.726905	0.6458871	-0.2117693	3.061175	0.2645165	-0.2751689	2.733076	0.65137	-0.1720249	3.029467	0.2724476	-0.1497942	2.73075	0.415885	0.7056316	2.904933	0.3548763	0.5644497	2.906777	0.3626478	0.4837541	2.92005	0.3845311	0.235331	2.949253	0.4128875	-0.1057508	2.975995	0.5371672	0.4041719	2.98169	0.2194294	0.4267027	2.827585	0.4808422	-0.1023245	2.972769	0.3325879	-0.108546	2.894464	0.6133667	0.1232435	3.051105	0.1799796	0.1415984	2.781688	0.4599277	-0.5184694	3.172248	0.257168	-0.5422469	3.015429	0.4663497	-0.8809513	3.280217	0.2453906	-0.9028268	3.105767	

0.5503836	-0.1543644	2.886729	0.08368496	-0.129704	2.858309	0.5680491	-0.2768501	2.883684	0.04476642	-0.2319631	2.887902	0.5737459	-0.2366917	2.851966	0.09876852	-0.1959024	2.86875	0.412764	0.704326	2.904997	0.3506272	0.5646169	2.906006	0.3573471	0.4833941	2.919653	0.3751298	0.2328662	2.950532	0.395363	-0.1119462	2.981747	0.5286196	0.3879983	2.978077	0.2083904	0.4264214	2.83049	0.4606351	-0.1116936	2.976697	0.3183091	-0.1104798	2.901242	0.5319336	0.0862411	2.92613	0.1146022	0.1106376	2.852542	0.4596193	-0.5189329	3.172	0.2556754	-0.5428776	3.01626	0.4659081	-0.8801152	3.280531	0.245601	-0.9025289	3.105846	

0.5420356	-0.1618082	2.915231	0.04175024	-0.1162578	2.894996	0.5027506	-0.1749612	2.954523	0.006916218	-0.2509795	2.973466	0.5211456	-0.1722738	2.936279	0.05509321	-0.1765912	2.911542	0.4068577	0.7014244	2.904044	0.3463608	0.5637131	2.906036	0.3530641	0.4823413	2.920227	0.3712762	0.2317043	2.952553	0.3928717	-0.1124732	2.985269	0.522903	0.3843492	2.976863	0.2004967	0.4259853	2.833399	0.4588329	-0.1122021	2.978972	0.3152659	-0.11047	2.90627	0.5311063	0.08063084	2.926134	0.09190693	0.1197366	2.878976	0.458885	-0.5189061	3.17147	0.2542126	-0.5400893	3.016183	0.4653776	-0.8796799	3.280761	0.245963	-0.902277	3.105925	

0.5435552	-0.1212566	2.923041	0.04036994	-0.1173049	2.896336	0.5185307	-0.197418	2.968171	-0.003295275	-0.2445211	2.969344	0.5226672	-0.1627293	2.953167	0.04613849	-0.1944301	2.929545	0.4039533	0.7009624	2.902887	0.3434731	0.5633093	2.906054	0.3499737	0.4819773	2.920647	0.3677293	0.2316944	2.954236	0.3891287	-0.1112677	2.988845	0.5160729	0.3979411	2.98959	0.1969139	0.4255952	2.835138	0.4541075	-0.11098	2.982344	0.3125722	-0.1090054	2.910019	0.5262842	0.121021	2.929634	0.08789767	0.1198879	2.884285	0.4586115	-0.5189354	3.171158	0.2522216	-0.5365776	3.015567	0.4653587	-0.8796278	3.280832	0.2453205	-0.9020041	3.107526	

0.5444639	-0.124288	2.938123	0.04128591	-0.116159	2.901076	0.5223868	-0.2158996	2.984097	0.008990571	-0.2524993	2.979341	0.5333091	-0.1843511	2.975334	0.05292215	-0.2016248	2.939273	0.3992809	0.6995647	2.903938	0.3400219	0.5632321	2.906581	0.3464598	0.4818844	2.921432	0.3643406	0.231699	2.955647	0.3864436	-0.1108616	2.990691	0.5134181	0.397405	2.989551	0.1914724	0.4261275	2.838867	0.4520154	-0.1108309	2.983664	0.3094638	-0.1081306	2.912385	0.5254573	0.1172364	2.93178	0.08690857	0.1217467	2.890451	0.4577919	-0.5191807	3.17073	0.2519178	-0.5364974	3.015766	0.4651725	-0.8795258	3.281139	0.2450498	-0.9020373	3.108085	

0.54348	-0.1251394	2.940707	0.04227498	-0.1182287	2.90185	0.5140019	-0.2158173	2.982704	0.01835945	-0.2564749	2.954546	0.5284035	-0.1822678	2.972251	0.06493338	-0.1877704	2.91895	0.3962539	0.6990591	2.904033	0.3353263	0.5630031	2.908274	0.3421228	0.4819336	2.923283	0.3610661	0.2326196	2.957832	0.3843727	-0.1084996	2.99335	0.4998094	0.4314428	3.012883	0.1888984	0.4258696	2.840486	0.4484993	-0.107608	2.986863	0.3085957	-0.1063938	2.914556	0.525179	0.1163464	2.93329	0.08651093	0.1201303	2.893226	0.4570047	-0.5188982	3.170053	0.2515223	-0.5360785	3.015572	0.4646909	-0.8786868	3.281324	0.2443912	-0.9007446	3.108184	

0.5536699	-0.1280788	3.020025	0.1109544	-0.1224814	2.828599	0.5280087	-0.1697803	3.006511	0.1287133	-0.2659079	2.853467	0.546289	-0.175498	3.016681	0.1614805	-0.1726683	2.825215	0.374644	0.6986253	2.912124	0.3202466	0.559482	2.916188	0.3284733	0.4790081	2.930201	0.3517366	0.23142	2.961964	0.3800949	-0.1080817	2.994583	0.4897731	0.4251976	3.00798	0.1767198	0.4227231	2.846151	0.4439306	-0.1065557	2.988364	0.3049831	-0.1065255	2.915441	0.5085769	0.095195	2.951113	0.09308366	0.125967	2.872513	0.4506453	-0.5155888	3.167795	0.2429927	-0.5393775	3.019171	0.4647411	-0.8782525	3.281643	0.2430916	-0.9027047	3.108705	

0.6054257	-0.05483437	3.107425	0.1368626	-0.10351	2.789531	0.6061165	-0.2198766	3.135449	0.1830106	-0.2627321	2.79592	0.5921785	-0.1918428	3.144334	0.1957544	-0.1475891	2.788467	0.368693	0.6971313	2.915431	0.3104798	0.5580167	2.922686	0.3204353	0.4778765	2.935529	0.3482521	0.2312093	2.96423	0.3799621	-0.1078666	2.994638	0.4858494	0.4206818	3.007663	0.1657826	0.4230062	2.852679	0.4441399	-0.1055755	2.988629	0.3045169	-0.1066098	2.915395	0.5048727	0.09056544	2.952132	0.09884213	0.1349723	2.858312	0.4476951	-0.5146469	3.167386	0.2411434	-0.5395309	3.020574	0.4645367	-0.8777099	3.28196	0.2413337	-0.9030135	3.109458	

0.6194596	-0.1034201	3.104599	0.1416329	-0.1007669	2.784189	0.6010342	-0.2123701	3.109285	0.201132	-0.2566213	2.781749	0.5913049	-0.1957842	3.1068	0.2095485	-0.1373305	2.770889	0.3619268	0.6985751	2.918751	0.3056771	0.5588548	2.926485	0.315961	0.4785767	2.938974	0.3454024	0.231666	2.966231	0.3797362	-0.1075861	2.994698	0.4832099	0.4201695	3.008435	0.1628939	0.4218268	2.854408	0.4442143	-0.1046787	2.988797	0.3039165	-0.1066727	2.915383	0.5542831	0.1291368	3.095078	0.1001314	0.1393453	2.851098	0.4455269	-0.5127509	3.166614	0.2402483	-0.5388781	3.020759	0.4643616	-0.8778394	3.282144	0.2407876	-0.9027132	3.109586	

0.596751	-0.09576466	3.01995	0.1657538	-0.06622751	2.725071	0.6126998	-0.1853263	3.010427	0.2560802	-0.2208157	2.711776	0.5538771	-0.0776988	3.0128	0.2522329	-0.095567	2.775667	0.3468258	0.7013485	2.926967	0.2946327	0.5586175	2.934173	0.3067664	0.4787518	2.946297	0.3410556	0.2329409	2.972237	0.3809483	-0.1046223	2.998746	0.4715894	0.4238325	3.012665	0.15462	0.4231826	2.858098	0.4475307	-0.0975646	2.994992	0.3040238	-0.1063337	2.917879	0.5593228	0.133011	3.106572	0.09872992	0.1594173	2.825538	0.4408416	-0.5124531	3.167678	0.2322957	-0.5439895	3.025717	0.4642051	-0.8777096	3.282541	0.2388278	-0.9052607	3.110337	

