0.09008366	0.3389092	2.629819	-0.371594	0.2840585	2.556527	0.1204264	0.2844749	2.566441	-0.3553612	0.1258335	2.579126	0.1173304	0.2966337	2.550333	-0.4146105	0.2451865	2.53587	-0.07933133	1.053914	2.466977	-0.1434865	0.9177128	2.49794	-0.1367625	0.840604	2.516963	-0.1157152	0.602078	2.565168	-0.0865114	0.274063	2.620297	0.03474977	0.8085404	2.55938	-0.306839	0.8089166	2.482675	-0.007159003	0.2698693	2.597437	-0.1632839	0.2699812	2.564029	0.06280497	0.61579	2.620412	-0.3747325	0.5486233	2.550699	0.1270725	-0.1463825	2.557395	-0.155777	-0.182279	2.72336	0.162302	-0.5892888	2.707757	-0.08200399	-0.6080054	2.740976	

0.1105855	0.3555503	2.584027	-0.3722245	0.2843926	2.555645	0.1380466	0.1970473	2.516729	-0.3574756	0.1251127	2.574123	0.04614466	0.2589501	2.477312	-0.4135558	0.2324219	2.534095	-0.07910714	1.053841	2.466832	-0.1433719	0.9178046	2.497818	-0.1366491	0.8406971	2.516841	-0.1156052	0.6021746	2.565046	-0.08640646	0.274164	2.620175	0.03413745	0.8093994	2.559373	-0.3065798	0.8086592	2.482267	-0.007050422	0.2701488	2.597358	-0.1631408	0.269959	2.56382	0.06264091	0.6164887	2.620315	-0.3748077	0.5483345	2.550647	0.1278375	-0.1452493	2.556306	-0.1566361	-0.1808675	2.720258	0.1600395	-0.5983708	2.700669	-0.08106936	-0.6152946	2.73504	

0.1105856	0.3554531	2.58403	-0.3735245	0.2847309	2.554755	0.1374456	0.196732	2.515081	-0.3607405	0.1252966	2.575095	0.04641801	0.2588473	2.477053	-0.415711	0.213768	2.547084	-0.07861958	1.053805	2.46642	-0.1433378	0.9178353	2.497747	-0.1366065	0.8407202	2.516722	-0.115532	0.6021363	2.564683	-0.08628724	0.273933	2.619256	0.03378027	0.8100241	2.559614	-0.3062129	0.8086364	2.481598	-0.007021571	0.2701105	2.596698	-0.1629091	0.2694586	2.562574	0.06257465	0.6168608	2.620406	-0.3748845	0.5482638	2.550383	0.1290243	-0.1445094	2.555831	-0.1568799	-0.180791	2.718758	0.1604538	-0.5987147	2.700593	-0.08144888	-0.6151537	2.73463	

0.1125788	0.4164675	2.628988	-0.3785262	0.2863328	2.55124	0.1109242	0.3194256	2.54263	-0.3639602	0.1305417	2.568729	0.07929441	0.3957476	2.505445	-0.4215974	0.2140428	2.539692	-0.07765079	1.053651	2.466317	-0.1433116	0.9179022	2.497717	-0.1365442	0.8407374	2.516695	-0.1151331	0.6017658	2.564557	-0.08484671	0.2721807	2.618978	0.03377367	0.8098632	2.559644	-0.3060441	0.8087436	2.481306	-0.005636838	0.2681376	2.596729	-0.1614392	0.2679299	2.561944	0.06262192	0.6166992	2.620725	-0.3759034	0.5476888	2.547652	0.1311811	-0.1452365	2.559017	-0.1566278	-0.1805917	2.717741	0.1605434	-0.5989855	2.70091	-0.08178226	-0.6139264	2.735837	

0.1133001	0.4157125	2.603502	-0.3804727	0.2861179	2.547809	0.1298316	0.2714773	2.543474	-0.364049	0.1295229	2.555268	0.07827682	0.3382337	2.484923	-0.4099763	0.2027929	2.527643	-0.076242	1.053425	2.466086	-0.143214	0.9179367	2.497507	-0.1362844	0.8406691	2.516415	-0.11391	0.6010523	2.563945	-0.08143755	0.2700406	2.617898	0.03412987	0.810006	2.558367	-0.3044799	0.8093199	2.478837	-0.00249697	0.2660684	2.595999	-0.1578843	0.2657948	2.56041	0.06297956	0.6168627	2.619431	-0.3763665	0.5483174	2.543519	0.1296638	-0.1497771	2.568023	-0.1449849	-0.2143775	2.724199	0.1596548	-0.5918764	2.708535	-0.08288442	-0.6115955	2.735727	

0.1242171	0.3513834	2.574346	-0.3812664	0.286052	2.545402	0.1438378	0.1891575	2.50623	-0.3638404	0.129459	2.553907	0.06659153	0.2479478	2.472143	-0.4129468	0.2243905	2.5162	-0.07509254	1.05327	2.465456	-0.1428778	0.9179292	2.497267	-0.1357265	0.8404934	2.516122	-0.1124537	0.6000687	2.563539	-0.07877632	0.2677751	2.617533	0.03468593	0.8106237	2.557334	-0.3030031	0.8095992	2.47728	2.0744E-05	0.2640436	2.595316	-0.1551638	0.2633407	2.560279	0.06373125	0.6174105	2.618188	-0.3760793	0.5487604	2.541451	0.1269901	-0.1571685	2.580261	-0.1477792	-0.1963572	2.716487	0.1589992	-0.5902972	2.712291	-0.08314729	-0.6131934	2.734477	

0.1161994	0.4093179	2.57821	-0.381204	0.2872865	2.542227	0.1259991	0.2651916	2.522972	-0.3632884	0.129257	2.549975	0.06562744	0.3450683	2.464056	-0.3955689	0.1627542	2.523429	-0.07404704	1.053237	2.464382	-0.1407377	0.9176813	2.494439	-0.1333443	0.8399152	2.513489	-0.1095892	0.5986862	2.561572	-0.07571582	0.2657463	2.616499	0.03555156	0.8120601	2.55517	-0.3021509	0.8098997	2.475836	0.002843482	0.2624165	2.594589	-0.1519646	0.2609308	2.558789	0.06489847	0.6189103	2.616292	-0.3751014	0.5488884	2.539968	0.1219794	-0.2024895	2.616175	-0.1437657	-0.2099281	2.72376	0.1560083	-0.5828617	2.728434	-0.08379859	-0.6114567	2.734679	

0.1215238	0.3948227	2.586299	-0.3801059	0.2871769	2.53964	0.137086	0.2450425	2.531545	-0.3630784	0.1291764	2.548374	0.08036385	0.3182838	2.468154	-0.4055306	0.2069225	2.520619	-0.07353436	1.053243	2.464102	-0.1398026	0.9176643	2.493535	-0.1322334	0.8397284	2.51255	-0.1080334	0.5979965	2.560584	-0.07378656	0.264504	2.615508	0.03651707	0.8128748	2.553833	-0.301718	0.8099446	2.475359	0.004793418	0.261351	2.593504	-0.1501299	0.2595553	2.557808	0.06644169	0.6198223	2.61589	-0.3731556	0.5482365	2.53909	0.1139492	-0.211937	2.628991	-0.1428509	-0.2157814	2.722407	0.1533465	-0.5838602	2.731612	-0.08355992	-0.6125619	2.734209	

0.1237283	0.3924098	2.588443	-0.3773457	0.2850893	2.537891	0.13982	0.2392013	2.533994	-0.3591509	0.1291172	2.544934	0.08693518	0.3138174	2.469267	-0.4101198	0.2295835	2.5165	-0.07249349	1.053402	2.463388	-0.1385992	0.917812	2.493121	-0.1308865	0.8397033	2.512059	-0.1063254	0.5974316	2.559826	-0.07174479	0.2632028	2.614279	0.03788107	0.8139585	2.553892	-0.300729	0.810068	2.474806	0.006698299	0.2603359	2.592239	-0.148014	0.2579875	2.556529	0.06994759	0.6199663	2.615986	-0.3706416	0.5477433	2.538455	0.1050365	-0.2001975	2.631694	-0.1409109	-0.2236627	2.72139	0.1494911	-0.5862201	2.7341	-0.08340231	-0.6113786	2.73512	

0.1361501	0.3793807	2.599645	-0.3669538	0.2804386	2.534755	0.0884985	0.2422725	2.487117	-0.348142	0.1288196	2.540898	0.06627692	0.3581977	2.450428	-0.3974065	0.2357106	2.509778	-0.0713233	1.052434	2.462741	-0.136078	0.9174117	2.492155	-0.1284811	0.8390133	2.511002	-0.1043523	0.5959587	2.55848	-0.0704579	0.2606557	2.612355	0.04013196	0.8142545	2.553109	-0.2992218	0.8096485	2.474252	0.007751754	0.2593691	2.589383	-0.1462007	0.2529702	2.555225	0.07863232	0.6169039	2.618655	-0.3672033	0.5471517	2.536775	0.0856818	-0.1821054	2.669375	-0.1336681	-0.2361652	2.721633	0.1148981	-0.6141634	2.746547	-0.08346819	-0.6118446	2.735003	

0.07805736	0.356039	2.487572	-0.3562396	0.2770119	2.532246	0.06113637	0.220323	2.485888	-0.3353278	0.1222625	2.541247	0.008740597	0.3279381	2.416732	-0.3796902	0.207455	2.515118	-0.07014956	1.051911	2.461407	-0.1341975	0.9166504	2.491935	-0.1266648	0.838059	2.510647	-0.1028163	0.5944636	2.557696	-0.06944054	0.2584543	2.610873	0.04342363	0.8136239	2.552384	-0.297345	0.8082766	2.474567	0.008567038	0.2581769	2.588049	-0.1451412	0.2499858	2.553653	0.08469561	0.6108673	2.616035	-0.3610865	0.5448433	2.535096	0.08453839	-0.1805693	2.67116	-0.1331645	-0.2376185	2.720596	0.1176566	-0.6174653	2.743634	-0.08332485	-0.6119556	2.735076	

0.1516994	0.3203876	2.669962	-0.3484551	0.2733278	2.531942	0.1646434	0.1518965	2.712656	-0.3277219	0.1220312	2.54414	0.1578285	0.17554	2.67675	-0.3673254	0.1692573	2.532714	-0.06955344	1.051281	2.46095	-0.1322191	0.915823	2.491761	-0.1247759	0.837099	2.510499	-0.1013047	0.5932249	2.557643	-0.0684955	0.2570788	2.610971	0.04827157	0.8133619	2.553569	-0.2958347	0.8073141	2.475178	0.008939706	0.2576442	2.587935	-0.1435033	0.2477035	2.554079	0.09865028	0.5903297	2.620422	-0.357903	0.5432376	2.534334	0.08942245	-0.180428	2.679948	-0.1330396	-0.2375107	2.719197	0.1182318	-0.6190498	2.749812	-0.0819476	-0.6111476	2.737578	

0.1526664	0.3553515	2.648812	-0.3429967	0.2728228	2.531167	0.1838432	0.1859597	2.683729	-0.3218098	0.1214099	2.545043	0.1464356	0.2541304	2.602	-0.3707917	0.2181043	2.516846	-0.0691474	1.050395	2.460392	-0.1302376	0.914731	2.491635	-0.122801	0.835804	2.510431	-0.09943357	0.5913444	2.557775	-0.06688986	0.2544817	2.611428	0.04955485	0.8127798	2.553391	-0.2937859	0.8063455	2.475733	0.01070879	0.2544594	2.588345	-0.1422919	0.2460509	2.55443	0.1062423	0.5768023	2.621494	-0.3529398	0.5455921	2.532984	0.09150325	-0.1788837	2.696341	-0.1324293	-0.2380267	2.719102	0.1220436	-0.6132665	2.748155	-0.08168148	-0.6106604	2.738426	

0.1641315	0.3433357	2.651648	-0.3377638	0.2732119	2.530669	0.1990751	0.1749507	2.675307	-0.3062902	0.1137593	2.545315	0.1516555	0.220447	2.5926	-0.3698192	0.2386477	2.5174	-0.06879811	1.049643	2.460134	-0.1288138	0.9133217	2.491945	-0.1213691	0.8342963	2.510696	-0.09805284	0.589617	2.557895	-0.06568325	0.2526364	2.611364	0.05220745	0.8111774	2.552662	-0.2917224	0.8047356	2.476208	0.01194559	0.2529267	2.587944	-0.1412253	0.2441178	2.554624	0.1124736	0.5655876	2.62098	-0.3467583	0.543163	2.532743	0.0931733	-0.1744313	2.699074	-0.1334899	-0.2361422	2.718074	0.1226871	-0.6120918	2.74734	-0.08202114	-0.6097662	2.738609	

0.2040274	0.2897066	2.633248	-0.3244035	0.2732554	2.527062	0.222453	0.1207468	2.669768	-0.2921817	0.1206827	2.543787	0.1676473	0.2316166	2.615375	-0.3421519	0.1920033	2.52085	-0.06760032	1.048604	2.459449	-0.1275152	0.9121912	2.492197	-0.1199806	0.8329176	2.511005	-0.09642353	0.5874038	2.558402	-0.06378839	0.2491504	2.612196	0.05751266	0.8061517	2.552595	-0.2906958	0.8041468	2.477182	0.01386803	0.249577	2.588582	-0.139499	0.2408281	2.555511	0.1374829	0.5359313	2.612167	-0.343096	0.5410218	2.531482	0.08986675	-0.1963177	2.734302	-0.136236	-0.2106762	2.711138	0.1230499	-0.6099237	2.747378	-0.08226106	-0.6093776	2.738737	

0.2288937	0.2904874	2.590613	-0.3185926	0.2743965	2.525245	0.2622179	0.1315918	2.607127	-0.2879556	0.1200803	2.544322	0.219459	0.2016555	2.563727	-0.338873	0.2090459	2.516708	-0.06615801	1.048882	2.458299	-0.1250427	0.9121922	2.492432	-0.1178324	0.8327264	2.511279	-0.09505416	0.5867956	2.558769	-0.06306767	0.2480891	2.612695	0.06267267	0.8025632	2.552583	-0.2892716	0.803745	2.477665	0.01460438	0.2485711	2.588788	-0.1388111	0.2397622	2.556235	0.1445249	0.5289736	2.606951	-0.340643	0.5408857	2.530823	0.09154413	-0.192489	2.720469	-0.1337274	-0.2248515	2.713914	0.1175285	-0.614675	2.753288	-0.08227941	-0.6096027	2.738697	

0.2325372	0.292593	2.580357	-0.3165257	0.2763406	2.523927	0.2742687	0.1365446	2.576751	-0.2787887	0.1138211	2.538833	0.2121678	0.2465556	2.5606	-0.3377587	0.1918592	2.522572	-0.0653459	1.049389	2.45758	-0.1227531	0.912412	2.492201	-0.1158184	0.8328539	2.51106	-0.09384854	0.5867199	2.558608	-0.06267514	0.2479303	2.612632	0.06551076	0.802059	2.552126	-0.287937	0.8037639	2.477725	0.01529841	0.2483369	2.588631	-0.1386437	0.239678	2.556187	0.1518772	0.5260302	2.60014	-0.3393254	0.5406134	2.529663	0.08925607	-0.1919885	2.721819	-0.1336939	-0.2251794	2.713301	0.11752	-0.6169583	2.753304	-0.08234315	-0.6093588	2.738654	

0.2342169	0.326843	2.512128	-0.3163107	0.2762556	2.520131	0.2950024	0.1691092	2.460595	-0.2859911	0.1068642	2.540449	0.2267122	0.2512244	2.490636	-0.3469631	0.1915874	2.5057	-0.06405896	1.050153	2.456167	-0.1192394	0.9127761	2.490896	-0.1128384	0.8331839	2.510056	-0.09233064	0.5869418	2.558317	-0.06243004	0.2480307	2.612787	0.07126511	0.801685	2.550957	-0.2857311	0.8042208	2.476928	0.01565085	0.2486105	2.588697	-0.1384654	0.2396733	2.55635	0.159923	0.5355055	2.586471	-0.3369742	0.5378966	2.527004	0.1000627	-0.2502813	2.728079	-0.1323603	-0.224221	2.710691	0.1178699	-0.6201075	2.754861	-0.08199272	-0.6085952	2.739411	

0.2267082	0.3334216	2.496803	-0.3195187	0.2758522	2.511792	0.2692868	0.1786433	2.419617	-0.3004242	0.1067561	2.528483	0.2213065	0.2422973	2.454778	-0.360462	0.1952889	2.499412	-0.06273431	1.050584	2.452768	-0.1167243	0.9126601	2.489622	-0.1106473	0.8331454	2.509169	-0.0910648	0.587059	2.558312	-0.06193708	0.2483131	2.613554	0.07365681	0.8017542	2.550022	-0.2841606	0.8049453	2.475977	0.01614075	0.2491852	2.589165	-0.1379249	0.2396528	2.557533	0.1597991	0.5393605	2.578758	-0.3359337	0.5376195	2.525392	0.09897821	-0.2513458	2.728822	-0.1317972	-0.2247383	2.709792	0.1192686	-0.6200926	2.754622	-0.08175328	-0.6087021	2.739845	

0.2211286	0.3365463	2.487361	-0.3221458	0.2763799	2.507592	0.2538048	0.1805064	2.402215	-0.3136208	0.1084501	2.517744	0.1983477	0.2699858	2.456667	-0.3670356	0.2120371	2.486074	-0.06184709	1.05009	2.449224	-0.1156818	0.9127747	2.488588	-0.1096607	0.8332966	2.508374	-0.09034055	0.5872852	2.558149	-0.06154014	0.2486801	2.614046	0.07594152	0.8010347	2.549317	-0.283525	0.8054225	2.475456	0.01662016	0.2497341	2.589467	-0.1376085	0.2398768	2.558177	0.1587585	0.54364	2.573208	-0.3348655	0.5389494	2.524494	0.09824751	-0.2516315	2.728507	-0.1309322	-0.2245321	2.708019	0.1183163	-0.6223654	2.75478	-0.08171063	-0.6087256	2.739942	

0.2040666	0.3329558	2.474098	-0.3284334	0.2765446	2.502325	0.212031	0.1711805	2.407036	-0.3239062	0.1072148	2.511091	0.1831173	0.2257048	2.403333	-0.3707131	0.2011817	2.480334	-0.06176747	1.049518	2.44095	-0.1149847	0.91293	2.48518	-0.1090239	0.8336378	2.506073	-0.089965	0.5878273	2.557853	-0.06118228	0.2507859	2.616153	0.07626549	0.8023679	2.546033	-0.2833364	0.8057294	2.474345	0.01745957	0.2526427	2.592144	-0.1376678	0.2412815	2.559723	0.1568329	0.5437089	2.568323	-0.335517	0.5404392	2.522859	0.09880733	-0.2463022	2.71022	-0.1289406	-0.2256062	2.704988	0.1252932	-0.6144179	2.750401	-0.08122136	-0.6082894	2.740769	

0.1941301	0.3280228	2.472739	-0.330819	0.2755414	2.49969	0.1938698	0.1648397	2.41607	-0.3265148	0.1072723	2.512564	0.1552543	0.2439805	2.431667	-0.3736601	0.1942567	2.485812	-0.06266328	1.048731	2.432968	-0.1152726	0.9127847	2.481562	-0.1090692	0.8337762	2.503489	-0.08973032	0.5883517	2.557485	-0.06052195	0.2529249	2.618286	0.07583639	0.804087	2.543192	-0.2830153	0.8061886	2.472236	0.01851484	0.2552833	2.594584	-0.1374304	0.2428727	2.56147	0.1538099	0.543229	2.562511	-0.3359992	0.5416194	2.521761	0.1007057	-0.2416209	2.694939	-0.126157	-0.2277559	2.699152	0.1241523	-0.6145637	2.752954	-0.08011658	-0.6120712	2.738039	

0.1580864	0.3123823	2.478334	-0.3344715	0.2722175	2.497353	0.1536511	0.1353312	2.460339	-0.3293709	0.1069595	2.509229	0.1278913	0.1910634	2.478	-0.3827803	0.2259465	2.47	-0.06893191	1.042268	2.42129	-0.117664	0.9091965	2.475557	-0.1109959	0.8312969	2.499164	-0.09030577	0.5881894	2.557082	-0.06211856	0.2543025	2.621441	0.07271457	0.8055596	2.537279	-0.2855582	0.8040891	2.467553	0.01760955	0.2568108	2.59693	-0.1399489	0.2439723	2.565595	0.1456207	0.5447894	2.558082	-0.3381949	0.5400457	2.517831	0.1029434	-0.2245825	2.668791	-0.1215007	-0.2367429	2.688454	0.1256112	-0.6127764	2.749803	-0.07953247	-0.6135403	2.738704	

0.1496801	0.3117667	2.486145	-0.3361245	0.2716303	2.496811	0.1412618	0.1273458	2.476705	-0.3287317	0.1022975	2.51675	0.0984171	0.2140503	2.474654	-0.380257	0.2268901	2.469667	-0.07167349	1.038681	2.415139	-0.1189329	0.9065622	2.472062	-0.1123386	0.8291742	2.496406	-0.09136225	0.5877431	2.556786	-0.06507305	0.2553234	2.625391	0.06955398	0.8065912	2.5325	-0.287633	0.8024796	2.464349	0.01569802	0.2579085	2.599421	-0.1440555	0.2447661	2.571203	0.1364093	0.5461158	2.555537	-0.3408722	0.540965	2.515424	0.1033466	-0.2246785	2.668171	-0.1211385	-0.2383837	2.685613	0.1267176	-0.6131872	2.747504	-0.07878078	-0.6143991	2.739158	

0.115421	0.3241062	2.516149	-0.3389221	0.2611406	2.497561	0.1076919	0.1338443	2.513049	-0.3259369	0.1005996	2.522272	0.05881207	0.2328392	2.50605	-0.3767786	0.198056	2.480059	-0.08045813	1.025119	2.400547	-0.1269982	0.8973054	2.462055	-0.1193566	0.8217627	2.488838	-0.09533221	0.5854263	2.555766	-0.0683618	0.2561981	2.630643	0.06272416	0.803916	2.527841	-0.2922896	0.7978965	2.45959	0.01265666	0.2600146	2.605128	-0.1474219	0.2445412	2.575914	0.1227437	0.5498986	2.556877	-0.3468266	0.5348081	2.511813	0.1093034	-0.2131903	2.651326	-0.1223209	-0.2347122	2.681547	0.1377338	-0.6009339	2.741771	-0.07853077	-0.6142555	2.740559	

0.1050765	0.2863561	2.51618	-0.3397674	0.2587446	2.498187	0.1078955	0.1340999	2.517936	-0.3242263	0.1006129	2.522562	0.05782722	0.2420908	2.51416	-0.378075	0.1980926	2.48712	-0.08403315	1.018973	2.395775	-0.1301535	0.8926766	2.458475	-0.122698	0.8175148	2.485904	-0.09895371	0.5830817	2.555808	-0.0724418	0.2568833	2.637231	0.05675218	0.802703	2.52467	-0.2952748	0.794283	2.456546	0.008703167	0.2621798	2.611973	-0.151513	0.2438101	2.58225	0.1153805	0.54658	2.559772	-0.3499924	0.5322505	2.509076	0.1125522	-0.178262	2.622322	-0.1228942	-0.2324972	2.680093	0.1433151	-0.5972351	2.733649	-0.07859895	-0.614089	2.740594	

0.1231807	0.3196841	2.527344	-0.3426027	0.2560706	2.506724	0.1362067	0.1675526	2.513203	-0.3207282	0.09666391	2.542849	0.07919116	0.2485231	2.516105	-0.3698966	0.17945	2.506333	-0.09370869	0.9996585	2.382	-0.1361567	0.8825645	2.453349	-0.1286886	0.8092052	2.482733	-0.105827	0.578868	2.5583	-0.08230274	0.2594088	2.653375	0.05062236	0.8006958	2.524084	-0.2986977	0.7946399	2.458308	-0.001889971	0.2672216	2.628516	-0.1603661	0.2439005	2.597975	0.1081431	0.5438162	2.578584	-0.3542765	0.5291132	2.508351	0.1172764	-0.1885978	2.622422	-0.125924	-0.2307871	2.681394	0.1517051	-0.6117738	2.682888	-0.07906516	-0.6169314	2.735606	

0.1309076	0.2722949	2.525921	-0.3431569	0.2503219	2.522046	0.1298956	0.1207547	2.521894	-0.3130638	0.09369037	2.562325	0.08589257	0.2010099	2.514379	-0.3715037	0.1842652	2.516429	-0.09547174	0.994155	2.377554	-0.1380762	0.8770868	2.45083	-0.130832	0.8042324	2.481132	-0.1084352	0.5759439	2.559906	-0.08383416	0.2591697	2.658801	0.04745392	0.7990485	2.52324	-0.3036838	0.7852986	2.447527	-0.003574553	0.2674885	2.634551	-0.1616729	0.2431824	2.602844	0.1089364	0.5395349	2.583985	-0.3577232	0.5240679	2.509179	0.1161283	-0.1870079	2.61924	-0.1280058	-0.2302053	2.682571	0.1689035	-0.6377906	2.684276	-0.07952085	-0.6161239	2.7353	

0.1383048	0.3158728	2.550454	-0.343787	0.2502758	2.529478	0.1337133	0.1620999	2.529035	-0.3231448	0.08964213	2.577755	0.08700742	0.2518299	2.530429	-0.3830601	0.2131924	2.518682	-0.0955916	0.9876969	2.372175	-0.1382687	0.8709515	2.448451	-0.1314084	0.7985706	2.479667	-0.1098959	0.5721309	2.561518	-0.08487548	0.2574819	2.664076	0.04733391	0.7967239	2.522273	-0.3038824	0.7805468	2.445244	-0.004026255	0.2661829	2.638152	-0.1634121	0.2410998	2.610162	0.1117861	0.5360394	2.587751	-0.3588005	0.5214107	2.510001	0.1075399	-0.1867665	2.622234	-0.1294383	-0.2300423	2.679668	0.1654139	-0.6385496	2.709796	-0.08026055	-0.61501	2.734643	

0.1380514	0.312194	2.550079	-0.3447565	0.2502903	2.535769	0.1294567	0.1627863	2.534278	-0.3199092	0.07861722	2.591682	0.09483327	0.2502114	2.516333	-0.3719125	0.1656839	2.54475	-0.09504891	0.98376	2.369745	-0.1373823	0.8668676	2.447182	-0.1308562	0.7944026	2.478788	-0.1103142	0.5684546	2.562476	-0.08525415	0.2551585	2.666556	0.04914455	0.7915117	2.519784	-0.3035227	0.7769231	2.444977	-0.00394776	0.2628883	2.640627	-0.1641376	0.239631	2.612702	0.1144753	0.5328693	2.589302	-0.3581192	0.5158088	2.513839	0.09039842	-0.2091953	2.650104	-0.1302165	-0.2323169	2.675968	0.1646039	-0.6388393	2.709778	-0.08115561	-0.6144073	2.734143	

0.1384914	0.3090749	2.550546	-0.343075	0.2397688	2.544863	0.1322255	0.1563893	2.542958	-0.3232475	0.08099673	2.592572	0.09502597	0.2378238	2.519097	-0.3669559	0.1400461	2.555267	-0.09397286	0.9793811	2.367468	-0.1348832	0.862105	2.445586	-0.1289615	0.7898758	2.477692	-0.1099438	0.5650429	2.563101	-0.08558411	0.2531115	2.668504	0.05086894	0.7882682	2.517916	-0.3034084	0.7761158	2.444499	-0.003890849	0.2598696	2.642434	-0.1647728	0.2384236	2.614755	0.1171207	0.5304911	2.589275	-0.3568321	0.5115356	2.518272	0.0875071	-0.2411113	2.692679	-0.1310336	-0.2337299	2.6703	0.1115898	-0.6530755	2.75886	-0.0813482	-0.6142347	2.734247	

0.1337987	0.241701	2.557097	-0.3416826	0.2353314	2.550089	0.1129859	0.0953104	2.577549	-0.322997	0.07651459	2.595697	0.06873456	0.1876646	2.555522	-0.3792517	0.1981494	2.5387	-0.08865716	0.9742136	2.363497	-0.1301204	0.8580155	2.444461	-0.124651	0.7854835	2.476795	-0.1071371	0.5602605	2.563428	-0.08390073	0.2486574	2.669956	0.05623017	0.7828814	2.512563	-0.2965641	0.7713234	2.446923	-0.001582013	0.2527439	2.642711	-0.1635287	0.2359513	2.616942	0.1196992	0.5244113	2.582457	-0.3503327	0.5057125	2.524779	0.07049953	-0.2462759	2.710649	-0.1267822	-0.2453036	2.663549	0.1115989	-0.6530755	2.75886	-0.08189167	-0.6147898	2.733906	

0.1334372	0.241249	2.557575	-0.341472	0.2367264	2.5527	0.1084631	0.08926683	2.578194	-0.3237416	0.0793579	2.594919	0.06902836	0.1985497	2.559138	-0.3624489	0.1342632	2.55875	-0.08480998	0.9727942	2.361455	-0.1250112	0.8558547	2.443119	-0.1202161	0.7832468	2.475854	-0.1044923	0.5580634	2.563755	-0.08247393	0.2467009	2.671454	0.05877469	0.7811918	2.50926	-0.2926253	0.7703916	2.446789	0.0002829169	0.2487524	2.643629	-0.1622948	0.235554	2.619134	0.1202987	0.524227	2.580775	-0.3457932	0.5027862	2.530974	0.06868614	-0.2500736	2.71444	-0.1250936	-0.2508181	2.66347	0.1114738	-0.6530245	2.758861	-0.08442673	-0.6206407	2.728102	

0.1452764	0.2414736	2.563314	-0.3253764	0.2638728	2.562423	0.1397998	0.09722972	2.590957	-0.2885775	0.1008593	2.609847	0.09097652	0.1938128	2.57636	-0.3515507	0.21411	2.550625	-0.06656191	0.9720654	2.354915	-0.1078856	0.8571611	2.439235	-0.1055747	0.784452	2.473351	-0.0963392	0.559096	2.56472	-0.07882052	0.248339	2.675366	0.07000124	0.7814512	2.504493	-0.2769379	0.7745097	2.442077	0.003745476	0.2499541	2.647292	-0.1586442	0.2382556	2.623397	0.1297505	0.5219177	2.581043	-0.3375521	0.5120885	2.529677	0.06907868	-0.2467462	2.723959	-0.1243312	-0.2485866	2.676428	0.1118145	-0.6523492	2.758617	-0.08373132	-0.6208354	2.730756	

0.14844	0.2420858	2.564768	-0.3226595	0.2677901	2.561313	0.1409586	0.09817557	2.591984	-0.281192	0.1036534	2.606519	0.09470179	0.1912626	2.573667	-0.3313701	0.1727301	2.563103	-0.06168161	0.9719248	2.353292	-0.1034374	0.8574447	2.437814	-0.1008232	0.7847955	2.472188	-0.09158522	0.5596473	2.564983	-0.07549299	0.2494452	2.677882	0.07527759	0.7818822	2.502153	-0.2718582	0.7751815	2.440309	0.006845291	0.2507593	2.649405	-0.1553028	0.2399797	2.626318	0.1350731	0.5228937	2.58179	-0.3349957	0.5150196	2.528758	0.06837468	-0.2025585	2.716678	-0.1234027	-0.2435393	2.681941	0.1118341	-0.6519507	2.758826	-0.0834236	-0.6203232	2.733084	

0.1612643	0.2638538	2.571882	-0.3188684	0.2723512	2.559057	0.1522583	0.1109289	2.590877	-0.2757564	0.1075383	2.597929	0.101088	0.1935258	2.575419	-0.3302902	0.1869591	2.551479	-0.05668399	0.9722444	2.351529	-0.09878922	0.8582591	2.436805	-0.09627469	0.7856281	2.471448	-0.08770169	0.5605424	2.565326	-0.07314153	0.2506042	2.679748	0.07882382	0.7827808	2.501433	-0.2661202	0.7763647	2.438356	0.009223277	0.251943	2.651381	-0.153123	0.2412509	2.628047	0.1400481	0.5235372	2.583551	-0.329346	0.5237466	2.525858	0.07529929	-0.2249122	2.720305	-0.1214188	-0.2408413	2.689433	0.1117269	-0.6512779	2.758832	-0.08317506	-0.6185642	2.734969	

0.1630736	0.2641762	2.573316	-0.3099301	0.2783228	2.550856	0.1543518	0.1045654	2.596496	-0.260768	0.1090323	2.581328	0.1037932	0.2008159	2.575538	-0.3134467	0.181708	2.538846	-0.04765023	0.9717802	2.350384	-0.09130706	0.8585753	2.436688	-0.08909451	0.7860482	2.471532	-0.08166054	0.561289	2.566262	-0.06938686	0.2518396	2.681891	0.08632461	0.7831327	2.501437	-0.25898	0.777781	2.436965	0.01290129	0.2536889	2.653779	-0.149461	0.2421263	2.629931	0.1457017	0.5260171	2.586318	-0.3253459	0.5239704	2.524904	0.07698813	-0.2304743	2.715723	-0.1217372	-0.2383688	2.698403	0.1117461	-0.6506533	2.758838	-0.08153267	-0.619281	2.736322	

0.1653795	0.2657517	2.575166	-0.3028146	0.285302	2.543128	0.1642259	0.1115322	2.60134	-0.2563566	0.1144433	2.568167	0.1069666	0.1799729	2.57105	-0.3175156	0.2156886	2.525218	-0.04045104	0.9718037	2.35088	-0.08559147	0.8594148	2.43728	-0.08362154	0.7868481	2.472127	-0.07704841	0.5620069	2.567056	-0.0665167	0.2525468	2.683102	0.09313679	0.7842714	2.503647	-0.2536104	0.7780451	2.436234	0.01546316	0.2544746	2.655128	-0.1464055	0.2428163	2.630972	0.1510067	0.5284698	2.58947	-0.3212583	0.5245706	2.523635	0.0772899	-0.2342422	2.715832	-0.1214023	-0.2387569	2.709512	0.109498	-0.6499042	2.760773	-0.08155093	-0.6188389	2.736647	

0.1767179	0.2725978	2.586306	-0.2734203	0.3060749	2.514778	0.1752178	0.1180451	2.608213	-0.241747	0.1436466	2.557013	0.1195103	0.2008285	2.586697	-0.2976248	0.2457386	2.500916	-0.01491528	0.9807891	2.354177	-0.0666041	0.864799	2.440428	-0.06516413	0.7914276	2.474771	-0.06025214	0.5643855	2.568595	-0.05278635	0.2525617	2.683879	0.1101889	0.7871564	2.509315	-0.2317769	0.7844025	2.439143	0.02851894	0.2528749	2.656407	-0.1322987	0.2446416	2.6312	0.1647141	0.5306256	2.598188	-0.3020018	0.5313677	2.516521	0.07539685	-0.2162802	2.717208	-0.1203465	-0.2408839	2.71528	0.1096802	-0.6493679	2.761614	-0.08079475	-0.6178321	2.741024	

0.1830837	0.2779186	2.592523	-0.2691154	0.3106323	2.513227	0.1782815	0.1120721	2.617868	-0.2361511	0.157105	2.556376	0.1155218	0.1981089	2.576771	-0.2882314	0.2612909	2.4971	-0.0008232869	0.9879353	2.358095	-0.05387227	0.8709886	2.44243	-0.05298341	0.7969387	2.476077	-0.04974614	0.5679734	2.568118	-0.04425577	0.253958	2.681611	0.1223162	0.7878623	2.512165	-0.2200525	0.790863	2.439857	0.03533101	0.2534131	2.65468	-0.122289	0.2470303	2.628325	0.171292	0.5308624	2.600639	-0.2948977	0.5363089	2.511338	0.08393446	-0.244521	2.739702	-0.1198897	-0.2417755	2.717698	0.1098224	-0.6483252	2.761787	-0.08148872	-0.622616	2.737003	

0.1879284	0.2798994	2.595809	-0.2664737	0.3130976	2.512548	0.1840807	0.1117057	2.624322	-0.2292933	0.1507787	2.558038	0.1247321	0.1914595	2.577957	-0.2789931	0.2539124	2.50275	0.007574483	0.9924737	2.36106	-0.0475878	0.874774	2.443048	-0.04666974	0.8003427	2.476434	-0.04348306	0.5701572	2.567673	-0.0382541	0.2544169	2.680091	0.1282932	0.7898679	2.513141	-0.2145309	0.7931343	2.440724	0.04063259	0.2535611	2.653384	-0.11591	0.2477674	2.626668	0.1751722	0.5311072	2.601214	-0.2893258	0.5391315	2.508201	0.08514537	-0.2191846	2.732571	-0.1186615	-0.2062547	2.716378	0.1100928	-0.6477314	2.761873	-0.07968442	-0.6207033	2.738013	

0.1917855	0.2811775	2.598274	-0.2652462	0.3131229	2.512226	0.1848713	0.1063294	2.629814	-0.2260041	0.1522242	2.555844	0.1330342	0.1892399	2.57992	-0.2796275	0.2468592	2.507588	0.01345973	0.996102	2.363953	-0.04289423	0.8776374	2.444012	-0.04197879	0.8028746	2.477055	-0.03878609	0.5717059	2.567301	-0.03342597	0.2545863	2.678345	0.1345077	0.7911826	2.515196	-0.2088258	0.7958955	2.441296	0.04477489	0.2532765	2.65153	-0.110512	0.2484045	2.625105	0.1778528	0.5311389	2.601101	-0.2863599	0.5394627	2.506843	0.08791531	-0.2469333	2.742291	-0.1159262	-0.2378307	2.727187	0.1100418	-0.6460498	2.76326	-0.08019614	-0.621124	2.736997	

0.1970483	0.2844703	2.599545	-0.2642886	0.3097563	2.512435	0.19655	0.1127757	2.630634	-0.2189947	0.1574446	2.551334	0.1351803	0.1848368	2.577546	-0.2869246	0.255361	2.503822	0.01928508	1.000457	2.366883	-0.03861007	0.8806505	2.445268	-0.03780703	0.8056207	2.477945	-0.03500875	0.5736362	2.567175	-0.0302244	0.2554852	2.677052	0.1379037	0.7929358	2.516186	-0.2043302	0.798121	2.442237	0.04780411	0.2542673	2.650545	-0.1072844	0.2491434	2.62354	0.1801804	0.5316997	2.601015	-0.2825412	0.5365607	2.506834	0.08958811	-0.2599289	2.750396	-0.1160736	-0.2079369	2.718482	0.1097374	-0.6430047	2.764625	-0.08140268	-0.6214162	2.734938	

0.2026283	0.2827618	2.601735	-0.2640095	0.3076257	2.512228	0.2067109	0.1112401	2.632459	-0.2234377	0.1627931	2.551312	0.1446153	0.1860605	2.574643	-0.2921198	0.2568213	2.494405	0.02941914	1.008543	2.374032	-0.0320865	0.886058	2.448865	-0.03192228	0.8100526	2.480362	-0.0306877	0.5757704	2.566942	-0.02650663	0.2555804	2.673858	0.1439695	0.795775	2.521217	-0.1999504	0.7998959	2.442859	0.05086415	0.254558	2.648104	-0.1030022	0.2489599	2.619529	0.18422	0.5300888	2.602098	-0.2807445	0.5348912	2.507259	0.09099486	-0.2614874	2.74816	-0.1157009	-0.2238741	2.722619	0.1102974	-0.6422942	2.764622	-0.08170798	-0.6194788	2.735844	

0.2087218	0.2818944	2.603889	-0.2649862	0.3121921	2.510359	0.2149346	0.1067674	2.633746	-0.2303082	0.1720162	2.543672	0.1520301	0.1835316	2.573417	-0.2961916	0.2493616	2.48316	0.0362353	1.017623	2.381729	-0.02694738	0.8919212	2.452452	-0.02712439	0.815029	2.482869	-0.02707211	0.5782723	2.566695	-0.0236108	0.2557487	2.670385	0.1494008	0.7987082	2.525549	-0.1951066	0.8028674	2.445408	0.05345177	0.254395	2.644841	-0.09992015	0.2494673	2.615898	0.1892078	0.5301369	2.604213	-0.2764888	0.5403364	2.509289	0.09068339	-0.2599564	2.746775	-0.116122	-0.2316827	2.726328	0.1100207	-0.6421276	2.765018	-0.0819146	-0.6183492	2.736077	

0.2130959	0.2830614	2.604452	-0.2652693	0.315349	2.508912	0.2200665	0.111669	2.629616	-0.221236	0.1710443	2.534292	0.1594221	0.1805088	2.573539	-0.2918814	0.2473224	2.481059	0.0381141	1.022428	2.385656	-0.02493728	0.8950799	2.454506	-0.02514153	0.8178011	2.484215	-0.02523155	0.5799185	2.566095	-0.02164854	0.2559211	2.665922	0.1524071	0.8001195	2.528836	-0.1932179	0.8047886	2.446538	0.05506907	0.2546704	2.639732	-0.0977198	0.2495224	2.612041	0.193658	0.5289479	2.605554	-0.2741351	0.5439961	2.509696	0.09074025	-0.2600208	2.746179	-0.1161545	-0.2322046	2.726701	0.1099837	-0.6421277	2.765006	-0.08206195	-0.6185138	2.735616	

0.2176781	0.2853428	2.60487	-0.2647566	0.3154687	2.506552	0.2258832	0.1134661	2.632768	-0.2295844	0.1699537	2.532765	0.1617769	0.1974525	2.5788	-0.2927825	0.2545018	2.4805	0.03897862	1.027744	2.391585	-0.02264774	0.8988462	2.458177	-0.02304112	0.8209192	2.486663	-0.02374778	0.5813348	2.5658	-0.02033954	0.2557466	2.661542	0.1537245	0.8011077	2.531059	-0.1924446	0.806349	2.448793	0.05619105	0.2541518	2.63574	-0.09626197	0.2497077	2.607291	0.1964193	0.5290238	2.607945	-0.2733625	0.5445224	2.509834	0.09076131	-0.2599511	2.74571	-0.11623	-0.2321412	2.726749	0.1095614	-0.6420767	2.765387	-0.0824544	-0.6185669	2.735172	

0.2210632	0.2874819	2.604571	-0.261438	0.3145613	2.502013	0.2255358	0.1132941	2.628692	-0.2278837	0.1684455	2.526791	0.1614036	0.1970436	2.573	-0.2921189	0.261592	2.475842	0.03838747	1.033015	2.395926	-0.02237542	0.9019265	2.460769	-0.02260118	0.8234596	2.488272	-0.02305757	0.5826054	2.565127	-0.01943101	0.2554391	2.655401	0.1540317	0.8015439	2.532221	-0.1920539	0.8078148	2.450869	0.05718943	0.2534872	2.629146	-0.09547532	0.2497061	2.601624	0.1978925	0.5285707	2.609247	-0.2724335	0.54393	2.509014	0.09074777	-0.2598777	2.745783	-0.1164041	-0.2328022	2.726637	0.1093904	-0.6424446	2.765503	-0.08232305	-0.6174306	2.735856	

0.2239471	0.288278	2.603904	-0.2572781	0.311971	2.49584	0.231057	0.1123337	2.622258	-0.2252053	0.1567335	2.522161	0.1673505	0.2053674	2.578923	-0.2849772	0.2540197	2.47552	0.03710563	1.03724	2.400723	-0.02294772	0.9042891	2.462939	-0.0228306	0.8253528	2.489608	-0.02272308	0.5833727	2.564573	-0.01850711	0.2544663	2.650749	0.1543202	0.8016762	2.533564	-0.1919743	0.808686	2.452106	0.05788702	0.2524977	2.62424	-0.09436882	0.2487626	2.597226	0.1987739	0.5284566	2.609708	-0.2713606	0.5441009	2.507958	0.09076802	-0.2591909	2.746556	-0.1163364	-0.2326423	2.726161	0.1089168	-0.6426606	2.766155	-0.08314665	-0.6178262	2.734298	

0.22712	0.2891076	2.602863	-0.2540007	0.3114635	2.492368	0.2395506	0.11274	2.62225	-0.2226565	0.1503391	2.519017	0.1709259	0.1871827	2.5834	-0.2798936	0.2456576	2.476621	0.03431557	1.041621	2.40687	-0.02434842	0.9064593	2.465087	-0.02372937	0.8271674	2.490856	-0.02270819	0.5843687	2.563612	-0.01784388	0.2541127	2.644854	0.1537788	0.8026193	2.535335	-0.1926511	0.8101346	2.454425	0.05853621	0.2520169	2.619069	-0.09371798	0.2485453	2.590568	0.1994835	0.5278156	2.609832	-0.270046	0.54661	2.506152	0.09004766	-0.2563436	2.749588	-0.116246	-0.2324991	2.725772	0.1078686	-0.6430975	2.767293	-0.08230905	-0.616201	2.737137	

0.2301671	0.2902461	2.601574	-0.2451681	0.2974864	2.484146	0.2434892	0.1114372	2.622343	-0.2168214	0.1480962	2.505517	0.1704242	0.2219807	2.576333	-0.271619	0.2397598	2.468909	0.03137623	1.044255	2.410525	-0.02555471	0.9080402	2.467659	-0.02445828	0.8283672	2.49231	-0.02262212	0.5847347	2.562883	-0.01669747	0.2522524	2.63882	0.1532273	0.8027167	2.535996	-0.1944387	0.8111721	2.456781	0.05960764	0.249688	2.613364	-0.09252349	0.2471905	2.584169	0.199836	0.5271335	2.609689	-0.2693332	0.5464958	2.504969	0.08766744	-0.1992272	2.733681	-0.1146779	-0.2447107	2.725773	0.1070511	-0.6429045	2.76913	-0.0832561	-0.6174407	2.734192	

0.2324473	0.2890602	2.600248	-0.2430245	0.2951356	2.482157	0.2504619	0.1113429	2.619981	-0.2155961	0.1469305	2.497163	0.2056115	0.1950073	2.579	-0.2638908	0.2146786	2.463762	0.02697777	1.048044	2.416328	-0.02690125	0.9098764	2.470111	-0.02538936	0.8298108	2.493875	-0.02262909	0.5850466	2.56234	-0.01600034	0.2507421	2.635286	0.1522133	0.8027417	2.536685	-0.1967191	0.8121119	2.460728	0.06028721	0.2477617	2.609469	-0.09183566	0.2460845	2.58097	0.2001779	0.5258076	2.608345	-0.2687372	0.5462674	2.504106	0.08876109	-0.274967	2.785923	-0.1052324	-0.2420039	2.726664	0.1070098	-0.643141	2.769435	-0.08288914	-0.6169764	2.73535	

0.2362785	0.2859122	2.595893	-0.2410423	0.2932609	2.477025	0.2574027	0.1066533	2.617621	-0.210448	0.1404178	2.477106	0.2209973	0.1910172	2.571464	-0.2665787	0.2357173	2.452545	0.02096075	1.052324	2.423239	-0.02897668	0.9114017	2.472498	-0.02680097	0.8309189	2.495277	-0.02278142	0.5851409	2.561373	-0.01457744	0.2477903	2.629366	0.1508022	0.8024871	2.537764	-0.1998765	0.8116363	2.465925	0.06194077	0.2439052	2.603845	-0.09065934	0.2440533	2.574645	0.2005295	0.5231021	2.605771	-0.2686785	0.5491247	2.504298	0.08372199	-0.2188217	2.778625	-0.110026	-0.2302693	2.714715	0.1059542	-0.6426182	2.771338	-0.08165932	-0.6170947	2.7376	

0.2375454	0.284088	2.592663	-0.2414212	0.2939453	2.475591	0.25733	0.1060416	2.609295	-0.2103839	0.1403098	2.466509	0.19589	0.2380943	2.581222	-0.2674516	0.233075	2.447424	0.01795021	1.055104	2.427094	-0.03094624	0.9133169	2.475511	-0.02836585	0.8324763	2.49736	-0.02300533	0.5853714	2.560914	-0.01426134	0.2466685	2.626603	0.1494355	0.8019542	2.53825	-0.2014867	0.811902	2.468247	0.06240856	0.2425791	2.601126	-0.09050895	0.2431778	2.571843	0.2006706	0.5215684	2.603109	-0.2676516	0.5527626	2.50683	0.08724477	-0.2638426	2.784116	-0.1108695	-0.2293752	2.713019	0.106052	-0.6424187	2.77162	-0.08169749	-0.6170084	2.737613	

0.2345307	0.2867029	2.580575	-0.254943	0.304603	2.483535	0.2371998	0.1127575	2.576302	-0.2281433	0.1330507	2.48822	0.1746592	0.2203574	2.5658	-0.2833475	0.2284741	2.473928	0.01115962	1.061589	2.433983	-0.03489138	0.918376	2.4791	-0.0319012	0.8370606	2.499817	-0.02470246	0.5878195	2.559027	-0.01526538	0.2477505	2.620987	0.1473382	0.8034993	2.539715	-0.204215	0.8130437	2.470199	0.06157929	0.243621	2.59564	-0.09166268	0.2442657	2.56615	0.1999448	0.5241823	2.599504	-0.2682942	0.5559535	2.509006	0.0890876	-0.2182397	2.753255	-0.1111763	-0.229632	2.709851	0.1063026	-0.6419175	2.772668	-0.08146308	-0.6171656	2.737757	

0.2316813	0.2873159	2.573742	-0.2570956	0.3025666	2.486008	0.2338095	0.1143093	2.567053	-0.2354503	0.1261988	2.493277	0.1725987	0.2242461	2.564316	-0.2937904	0.2393904	2.473682	0.007891012	1.063723	2.436553	-0.03691112	0.9199956	2.480508	-0.033786	0.8386528	2.500832	-0.02579103	0.5888499	2.557932	-0.01569709	0.2478937	2.618179	0.1453982	0.8042035	2.540685	-0.2056282	0.8128165	2.47081	0.06123888	0.2441857	2.592147	-0.0921539	0.2440664	2.563925	0.1994287	0.5264474	2.597399	-0.2684386	0.5562376	2.510202	0.08636099	-0.2518539	2.77195	-0.1122382	-0.2282254	2.705988	0.1044682	-0.6421688	2.773874	-0.08151143	-0.6171588	2.737647	

0.2262467	0.2868767	2.565397	-0.2705912	0.2592446	2.512033	0.2189703	0.1124574	2.551226	-0.2678456	0.1084141	2.545357	0.1685175	0.2102334	2.550206	-0.3085228	0.1859476	2.507348	0.004811325	1.064391	2.43941	-0.0380076	0.9201228	2.482859	-0.03493604	0.8388068	2.502772	-0.02639455	0.5887933	2.557988	-0.01646326	0.2471298	2.617465	0.1433665	0.8043607	2.543795	-0.2081147	0.8114911	2.473893	0.06052856	0.2429254	2.591872	-0.09313095	0.2436842	2.5626	0.1987722	0.529901	2.596206	-0.2753404	0.52395	2.517111	0.08788577	-0.239545	2.771394	-0.1023233	-0.2365384	2.707147	0.1063523	-0.6408738	2.773167	-0.08150189	-0.6155789	2.738341	

0.22321	0.2855152	2.561445	-0.2723699	0.2583544	2.512424	0.2163918	0.1134812	2.548311	-0.2870583	0.1107359	2.549668	0.1683033	0.2099076	2.549049	-0.3237215	0.2050456	2.500696	0.002746036	1.064987	2.440754	-0.03996862	0.9210613	2.484764	-0.0368076	0.8396744	2.504342	-0.02752689	0.5891087	2.557906	-0.01717101	0.2467513	2.616582	0.1413927	0.805206	2.544743	-0.210377	0.8108111	2.475753	0.06002962	0.2424663	2.59142	-0.09404827	0.2434699	2.561199	0.1976947	0.5308801	2.594777	-0.2756109	0.521844	2.517034	0.08903232	-0.2654713	2.781009	-0.1056408	-0.2365552	2.706937	0.1063939	-0.640343	2.773107	-0.0815699	-0.6154345	2.73814	

0.2222101	0.2846179	2.560662	-0.2748125	0.2572465	2.512784	0.2122389	0.1107051	2.557647	-0.2889296	0.110377	2.549989	0.1635532	0.2061575	2.544625	-0.3293705	0.2265579	2.496278	-4.120481E-05	1.065701	2.443792	-0.04115454	0.9213562	2.486371	-0.0380228	0.8399539	2.505813	-0.02841169	0.5891312	2.558208	-0.01771473	0.2463063	2.616412	0.1394126	0.8058406	2.547062	-0.2117384	0.8098099	2.477435	0.05952431	0.2418009	2.591242	-0.09459372	0.2432219	2.561076	0.1966754	0.5320883	2.594808	-0.2755864	0.5219663	2.517123	0.08975334	-0.2675453	2.781312	-0.1067139	-0.2366954	2.707443	0.1064502	-0.6400512	2.77342	-0.08123676	-0.6155387	2.738452	

0.2210248	0.2839616	2.560379	-0.2758204	0.2577368	2.512017	0.2099019	0.1098068	2.565449	-0.2837754	0.1081829	2.544292	0.159126	0.2011648	2.536688	-0.3250868	0.209729	2.495135	-0.00182327	1.065972	2.445179	-0.0421899	0.9214655	2.487074	-0.03911759	0.8400405	2.506518	-0.02951698	0.5890055	2.558384	-0.01856644	0.2455966	2.616291	0.1383357	0.8055528	2.548355	-0.2127868	0.8095567	2.47808	0.05865232	0.2408826	2.591219	-0.09537216	0.2427271	2.560918	0.1956877	0.5334882	2.594834	-0.2755978	0.5228698	2.516794	0.09002848	-0.2667671	2.779663	-0.107355	-0.2372141	2.707815	0.1071344	-0.6396958	2.773558	-0.08104592	-0.6143261	2.739741	

0.2194837	0.2834382	2.561677	-0.2753288	0.25981	2.508752	0.2189872	0.1150918	2.574879	-0.2628972	0.1015679	2.523231	0.1584282	0.1982847	2.54	-0.3126577	0.1945304	2.488485	-0.003197012	1.066064	2.446339	-0.04329001	0.9213925	2.48805	-0.04018784	0.8399679	2.507434	-0.03036733	0.5888405	2.558693	-0.01900783	0.2451417	2.616282	0.1368648	0.8059077	2.549962	-0.2134942	0.8090938	2.478559	0.05814729	0.2402858	2.591426	-0.09575457	0.2423886	2.560762	0.1944369	0.5349125	2.596106	-0.2757149	0.5248539	2.515965	0.09003978	-0.2672052	2.780232	-0.1078031	-0.2370066	2.708068	0.1072534	-0.6395346	2.773621	-0.08103442	-0.6144601	2.740026	

0.217493	0.2839662	2.566467	-0.2702539	0.2609029	2.502081	0.218915	0.115141	2.580756	-0.2464121	0.1013352	2.504158	0.1568852	0.1984819	2.537421	-0.2943671	0.1660937	2.48279	-0.004220492	1.065895	2.446963	-0.04468273	0.9215077	2.488902	-0.04138659	0.840072	2.508142	-0.03103035	0.5888298	2.558785	-0.01914456	0.2449244	2.616088	0.1355644	0.8059716	2.551083	-0.2141234	0.8089371	2.478675	0.05807666	0.240187	2.591406	-0.09595925	0.2420184	2.560281	0.1925631	0.5366983	2.597746	-0.275775	0.5280134	2.51339	0.0895462	-0.2636033	2.779793	-0.108571	-0.2357547	2.708106	0.1075821	-0.6383632	2.773141	-0.08074891	-0.6147775	2.740372	

0.216652	0.2847267	2.571651	-0.2658781	0.2630025	2.494823	0.2183827	0.1115821	2.591017	-0.2375059	0.1011785	2.49632	0.1554704	0.1898118	2.537715	-0.2906489	0.1721229	2.479076	-0.004909139	1.065903	2.44755	-0.04563408	0.9215119	2.489478	-0.04222718	0.8400711	2.50862	-0.03156211	0.5887567	2.558817	-0.01929672	0.2446156	2.615802	0.1344294	0.8062059	2.552362	-0.2144374	0.8087468	2.478754	0.05798234	0.2400188	2.591333	-0.09615087	0.2415655	2.559716	0.1910066	0.537149	2.599777	-0.274961	0.5334064	2.510426	0.08935262	-0.2634526	2.780009	-0.1095326	-0.2349133	2.707822	0.1075675	-0.6383598	2.773131	-0.08192202	-0.6161087	2.737644	

0.2183476	0.2858646	2.583729	-0.2597386	0.2654842	2.486588	0.2264574	0.1132791	2.605753	-0.2256525	0.102115	2.493345	0.1600322	0.2032574	2.546745	-0.2790148	0.1713392	2.478813	-0.005334517	1.06602	2.447967	-0.04700087	0.9220143	2.490937	-0.04333972	0.8404944	2.509738	-0.03199877	0.5888934	2.558962	-0.01928109	0.2444954	2.615427	0.1324354	0.80689	2.555523	-0.2148776	0.8084331	2.478637	0.0579677	0.2401749	2.591049	-0.09606766	0.2410012	2.559147	0.1891776	0.5371565	2.604425	-0.2737853	0.5356313	2.505265	0.08845004	-0.2651885	2.781396	-0.1034056	-0.2363815	2.71012	0.1080444	-0.6378021	2.773065	-0.08161588	-0.6147893	2.739193	

0.2211367	0.2873072	2.593933	-0.2553626	0.2654741	2.479414	0.2386099	0.119353	2.617302	-0.2231745	0.1003762	2.483307	0.166672	0.2127264	2.565875	-0.2717121	0.1704364	2.458667	-0.005415077	1.06585	2.449057	-0.04837713	0.9221976	2.492009	-0.04448806	0.8406071	2.510622	-0.03250246	0.5888112	2.559151	-0.01922267	0.2440385	2.615127	0.13049	0.8072845	2.559935	-0.2159765	0.8068441	2.477624	0.05796066	0.2398849	2.591187	-0.09584782	0.240194	2.55794	0.1879599	0.5327429	2.613273	-0.2734464	0.5362421	2.500129	0.08638078	-0.2630666	2.78071	-0.1059112	-0.2359574	2.710146	0.1089949	-0.6380391	2.771983	-0.07963158	-0.6172696	2.740254	

0.2257828	0.2920496	2.612367	-0.2488051	0.2593245	2.459806	0.2440569	0.1274366	2.628449	-0.220068	0.09561795	2.477976	0.1687364	0.2226212	2.583692	-0.2735812	0.1779434	2.437999	-0.003927879	1.066327	2.451485	-0.04882785	0.9225778	2.492321	-0.04479137	0.8408481	2.510934	-0.03252181	0.5887658	2.55931	-0.0180281	0.2428289	2.615415	0.1253948	0.8066734	2.571905	-0.2158239	0.8037714	2.470857	0.0585524	0.2390037	2.593018	-0.09311728	0.2379373	2.556638	0.1866083	0.5329541	2.627532	-0.2727329	0.5298505	2.482932	0.0849632	-0.2670443	2.781796	-0.1111452	-0.2099126	2.695093	0.1080342	-0.6384062	2.773106	-0.07990324	-0.6164582	2.740404	

0.2235771	0.2930967	2.624795	-0.2448781	0.2572068	2.449321	0.2449658	0.1338401	2.638357	-0.2184253	0.09431989	2.463865	0.169922	0.2223179	2.591714	-0.2722363	0.1868263	2.428861	0.003906396	1.067672	2.459191	-0.04956606	0.9240142	2.49275	-0.04520021	0.841813	2.511389	-0.0323906	0.5888645	2.5596	-0.01569216	0.2412646	2.616176	0.1201762	0.8070953	2.583712	-0.2127639	0.8019931	2.463237	0.06002983	0.237497	2.597362	-0.08863372	0.2356782	2.554503	0.1814624	0.5312886	2.644034	-0.2713724	0.5253131	2.467864	0.08493128	-0.2677903	2.782129	-0.1101925	-0.2195558	2.696599	0.1071772	-0.6373809	2.774073	-0.08030506	-0.6156821	2.740277	

0.2220489	0.2912619	2.633178	-0.2424975	0.2564839	2.445129	0.2419213	0.1355818	2.653854	-0.2146152	0.09838	2.457739	0.1810165	0.2628032	2.639667	-0.2643984	0.1736558	2.423951	0.006534398	1.067949	2.461861	-0.05001913	0.9252244	2.493062	-0.04541574	0.8426881	2.511751	-0.03211425	0.5890111	2.559926	-0.01348941	0.2401121	2.616805	0.1178092	0.8077872	2.590136	-0.2116786	0.8014674	2.457431	0.06114767	0.2370705	2.599483	-0.08527516	0.2339244	2.553502	0.179871	0.530251	2.649116	-0.2711703	0.5209844	2.462914	0.08497673	-0.2674427	2.782964	-0.1116094	-0.2347617	2.698717	0.1118948	-0.6382465	2.764251	-0.08122152	-0.6168591	2.737684	

0.2198127	0.2906406	2.63849	-0.2405566	0.2564516	2.441264	0.238865	0.1353053	2.657539	-0.2104248	0.09467003	2.459331	0.1729687	0.2401757	2.6145	-0.2591252	0.1549072	2.425639	0.009410288	1.067702	2.465106	-0.05010014	0.9261211	2.493575	-0.04537268	0.84341	2.512249	-0.0316943	0.5891733	2.560278	-0.01194946	0.2394317	2.616925	0.1145043	0.8082749	2.592726	-0.2085101	0.802174	2.452188	0.06203061	0.2368502	2.601252	-0.0827217	0.2327743	2.551688	0.1782187	0.5294418	2.653522	-0.2706158	0.51763	2.457816	0.08489981	-0.2672239	2.782931	-0.1122734	-0.2298042	2.695271	0.1099929	-0.6389963	2.766903	-0.08125948	-0.6146566	2.738485	

0.210454	0.2933777	2.652467	-0.2345376	0.255738	2.432474	0.2239619	0.1237152	2.68777	-0.2003044	0.09407172	2.452809	0.1718195	0.1952946	2.597	-0.2528798	0.1736116	2.415844	0.0120569	1.066688	2.471215	-0.05041647	0.9273123	2.494068	-0.04548799	0.8442641	2.512718	-0.03134941	0.5892597	2.560608	-0.01022667	0.2381895	2.617201	0.1073129	0.8083462	2.597839	-0.2042348	0.8017166	2.445039	0.06250374	0.2361739	2.602922	-0.07954994	0.2309175	2.550247	0.1695734	0.5391177	2.669981	-0.2684329	0.5121384	2.448945	0.08210114	-0.2563495	2.773154	-0.1122777	-0.2237311	2.691341	0.1101508	-0.6391979	2.767036	-0.08121683	-0.6146694	2.738452	

0.2074998	0.2784425	2.664824	-0.2286516	0.256202	2.426745	0.2160128	0.1228444	2.693205	-0.1954452	0.0951733	2.447471	0.189787	0.1872397	2.66075	-0.2459251	0.1635524	2.41069	0.01396197	1.065046	2.477743	-0.05081338	0.9292473	2.494574	-0.04559066	0.8456904	2.513221	-0.03078704	0.5895233	2.56099	-0.007925658	0.2369207	2.61752	0.1030497	0.8095022	2.600779	-0.201591	0.8010654	2.441293	0.06341344	0.2356431	2.604529	-0.07604159	0.2290962	2.549018	0.1634038	0.550474	2.679456	-0.2671371	0.507852	2.442546	0.08275023	-0.2577002	2.772361	-0.1128939	-0.2269752	2.693319	0.1096445	-0.6399288	2.767253	-0.08118971	-0.6146318	2.738485	

0.202506	0.2725212	2.675725	-0.2064459	0.2283106	2.414431	0.1967135	0.1226039	2.700515	-0.1799526	0.09520114	2.44016	0.1966544	0.1678187	2.709833	-0.2208745	0.1433139	2.400156	0.01488761	1.064051	2.483589	-0.05122814	0.9311076	2.495376	-0.04552098	0.8472244	2.513917	-0.02898567	0.5902787	2.561511	-0.001372702	0.2361688	2.61709	0.09637578	0.8110379	2.604751	-0.2011179	0.8008003	2.440291	0.0684546	0.2359979	2.606802	-0.06904204	0.2277663	2.545899	0.1560178	0.5625877	2.689478	-0.2608415	0.5023534	2.433948	0.08252189	-0.2345463	2.761569	-0.1123969	-0.2287462	2.694383	0.110216	-0.6408486	2.766121	-0.08122913	-0.6145259	2.738285	

0.2000044	0.2679949	2.68351	-0.2052952	0.2465835	2.408392	0.196251	0.1282749	2.717457	-0.1697114	0.09588344	2.435349	0.1903073	0.1641097	2.7182	-0.218532	0.1530286	2.395472	0.01458243	1.063502	2.487565	-0.05159247	0.9319323	2.496171	-0.045524	0.8479289	2.514551	-0.02761656	0.590636	2.561874	0.002642781	0.235831	2.61635	0.09318884	0.8111342	2.605815	-0.1969994	0.8005467	2.434493	0.0712046	0.2361634	2.608207	-0.06382834	0.2271625	2.542504	0.1533114	0.5671445	2.695383	-0.2551516	0.4964868	2.428216	0.08783112	-0.2642463	2.765644	-0.1127345	-0.2345684	2.694453	0.1103388	-0.6408663	2.766048	-0.0811911	-0.6145868	2.738119	

0.196221	0.2730656	2.694597	-0.1998875	0.2571603	2.401321	0.1923518	0.1636404	2.713791	-0.1491786	0.1045722	2.427847	0.2020444	0.2068673	2.698	-0.1979725	0.1615282	2.384561	0.01412917	1.063136	2.494001	-0.05234143	0.9338601	2.498808	-0.04566182	0.8496308	2.516714	-0.02621944	0.591458	2.562877	0.00549953	0.2360994	2.616128	0.08817485	0.8156044	2.606916	-0.1969973	0.8005374	2.434477	0.07386452	0.2370361	2.608981	-0.06154614	0.2270947	2.541787	0.1490583	0.5732958	2.701969	-0.2503183	0.4926055	2.421956	0.08579487	-0.2567223	2.761239	-0.1128652	-0.2354811	2.694472	0.1089148	-0.6417043	2.767941	-0.08118324	-0.6144897	2.738182	

0.1922347	0.2743911	2.701838	-0.1784268	0.2615192	2.385057	0.1831303	0.2411215	2.71212	-0.1220204	0.1161311	2.41405	0.1848523	0.2538258	2.705	-0.1631447	0.1355807	2.372143	0.01238997	1.064633	2.498104	-0.05374165	0.9355419	2.500054	-0.04647888	0.8509053	2.517669	-0.02600287	0.5916387	2.563055	0.006674292	0.2355051	2.615681	0.08130547	0.8168673	2.604686	-0.1969984	0.8004529	2.43439	0.07491241	0.2361699	2.609282	-0.06047693	0.2269109	2.540758	0.1445835	0.575624	2.707895	-0.2407565	0.4872743	2.411945	0.09282532	-0.2941467	2.774632	-0.1131313	-0.2414166	2.695178	0.1097829	-0.6340102	2.760204	-0.08082576	-0.6150735	2.738099	

0.1904474	0.2492674	2.711679	-0.1721905	0.2630718	2.381137	0.1937722	0.1397912	2.704612	-0.1050467	0.1233488	2.404678	0.1954315	0.1530379	2.697458	-0.1556489	0.1480034	2.355083	0.01087019	1.065208	2.501346	-0.05473799	0.936574	2.501271	-0.04718493	0.8517831	2.51868	-0.02592202	0.5917754	2.563273	0.007030183	0.2352158	2.615444	0.0788724	0.8166608	2.604747	-0.1956882	0.8004843	2.432885	0.0750905	0.2355859	2.609362	-0.06000668	0.2269517	2.540253	0.1421191	0.5528752	2.716334	-0.238481	0.4875766	2.40985	0.08231365	-0.2114148	2.741548	-0.1129627	-0.2426079	2.695712	0.1106025	-0.6418869	2.764864	-0.08205264	-0.617243	2.735243	

0.1904369	0.2454611	2.712686	-0.1717612	0.2653925	2.380795	0.2057865	0.1332593	2.701376	-0.1127724	0.130295	2.40534	0.2073797	0.1465406	2.694225	-0.1630597	0.1612456	2.351588	0.00870286	1.065463	2.503253	-0.0569379	0.9367604	2.502918	-0.04896531	0.8520976	2.520056	-0.02625183	0.5919258	2.563627	0.007024692	0.2352442	2.615314	0.07732476	0.8159991	2.605983	-0.1957331	0.8005022	2.432878	0.0750326	0.2357652	2.609314	-0.06004602	0.226872	2.540037	0.1419804	0.5485879	2.717439	-0.2389447	0.4896253	2.409744	0.08259048	-0.2115713	2.741712	-0.1130433	-0.2427408	2.695759	0.1089984	-0.6420482	2.766512	-0.08069094	-0.6178225	2.73696	

0.1867038	0.3159792	2.721069	-0.1749918	0.2694352	2.382127	0.1915422	0.1750129	2.725145	-0.1268261	0.1290955	2.406527	0.1921414	0.2725618	2.717417	-0.1952313	0.1908784	2.367568	0.006801574	1.065078	2.503141	-0.05829495	0.936439	2.503518	-0.0504275	0.8518635	2.520771	-0.02744592	0.5917386	2.564359	0.005725056	0.2349301	2.615636	0.07644219	0.8151372	2.607261	-0.1961891	0.8004132	2.43286	0.07237362	0.2358285	2.610135	-0.06077306	0.226422	2.54024	0.1387094	0.5707837	2.716513	-0.2415667	0.4940317	2.41152	0.08746737	-0.2702406	2.753169	-0.1130424	-0.2426584	2.695708	0.1090187	-0.6420617	2.766516	-0.08031479	-0.6141918	2.740157	

0.1825072	0.3329636	2.708997	-0.1895603	0.2734642	2.389399	0.1915472	0.1733899	2.710554	-0.1516527	0.1350928	2.401059	0.1994123	0.2655692	2.7065	-0.2213558	0.1993214	2.384593	0.003786738	1.063825	2.502543	-0.06085387	0.9353672	2.504204	-0.05296623	0.8509935	2.521518	-0.02949111	0.5912011	2.565057	0.003744665	0.2345593	2.61583	0.07728756	0.8132617	2.611258	-0.1986578	0.799967	2.434207	0.07003278	0.2359221	2.609937	-0.06269134	0.2256468	2.540991	0.1388774	0.5719328	2.714855	-0.2498216	0.4999368	2.419246	0.08007932	-0.2123004	2.731781	-0.1132743	-0.2439397	2.696166	0.1097701	-0.6420836	2.765183	-0.08014771	-0.6145185	2.740094	

0.1866779	0.3240878	2.692154	-0.2304787	0.2640388	2.418299	0.1973615	0.1642189	2.688644	-0.2050846	0.1040548	2.439932	0.2106206	0.2672682	2.677572	-0.2493602	0.1559484	2.397369	-0.007973973	1.064644	2.493601	-0.06621117	0.9333376	2.505627	-0.05834085	0.8494097	2.522907	-0.03455805	0.5905948	2.566152	-0.001705157	0.2349987	2.615963	0.07735439	0.8132482	2.611243	-0.2140253	0.7974913	2.44527	0.06662615	0.2363602	2.609226	-0.07079364	0.2261918	2.54264	0.1422086	0.569966	2.707331	-0.2677866	0.5011232	2.443268	0.07997081	-0.2109069	2.731099	-0.1150057	-0.2453353	2.697588	0.1246416	-0.6337126	2.748827	-0.07958511	-0.6150427	2.740522	

0.1882385	0.3232472	2.682422	-0.2370049	0.2624517	2.426322	0.1991487	0.1636452	2.677143	-0.2191104	0.1042142	2.454332	0.2161833	0.237765	2.667	-0.2730128	0.1750881	2.423216	-0.0172095	1.066564	2.489225	-0.0710277	0.931524	2.507844	-0.06341095	0.8479743	2.52516	-0.04026426	0.590151	2.568398	-0.008579689	0.2359463	2.617687	0.07843568	0.8142165	2.610832	-0.2219915	0.7971925	2.453156	0.06162683	0.2371649	2.609019	-0.07949057	0.2273854	2.546957	0.1467228	0.5677532	2.6978	-0.2765127	0.5062969	2.45323	0.07942814	-0.2107922	2.731172	-0.1165582	-0.2452441	2.6981	0.1087831	-0.6429834	2.767311	-0.08095509	-0.615661	2.737829	

0.190818	0.3101175	2.665492	-0.2608972	0.2637433	2.452351	0.2082098	0.1492934	2.666777	-0.2353034	0.09203571	2.479369	0.2270432	0.2627066	2.654308	-0.2938687	0.1760473	2.4438	-0.03112021	1.067949	2.481898	-0.07775268	0.9288257	2.508805	-0.07038885	0.8458616	2.526036	-0.04806921	0.589647	2.568941	-0.01809452	0.2377778	2.617326	0.08052576	0.8151855	2.608278	-0.2340694	0.7972308	2.466658	0.0558786	0.2389887	2.605826	-0.09405662	0.2292813	2.550365	0.1542194	0.5548295	2.679549	-0.2938583	0.5189867	2.479773	0.07288374	-0.2013095	2.72561	-0.1189247	-0.2435802	2.699697	0.1090861	-0.6417325	2.766534	-0.08145865	-0.6157064	2.73732	

0.1956903	0.3078125	2.655799	-0.2766848	0.2628083	2.474835	0.2085488	0.1494762	2.648476	-0.2533642	0.0987851	2.501091	0.2392384	0.2702382	2.6348	-0.3156632	0.1941052	2.473467	-0.04467102	1.068014	2.478296	-0.08211083	0.9266533	2.509916	-0.07541044	0.8441255	2.52735	-0.05551112	0.5894248	2.570966	-0.02960056	0.240433	2.620377	0.08248407	0.8159743	2.599305	-0.2462071	0.7968869	2.480333	0.04674052	0.2415623	2.60416	-0.1068232	0.2319637	2.558486	0.1583233	0.5483322	2.667934	-0.3003789	0.5235503	2.496098	0.07189968	-0.2006001	2.724643	-0.122814	-0.2401904	2.700567	0.1169903	-0.638882	2.761439	-0.08204582	-0.612968	2.737828	

0.1994396	0.3123886	2.642575	-0.2848045	0.2663707	2.488087	0.2141024	0.1553316	2.634971	-0.2585084	0.1023667	2.514066	0.2422318	0.272456	2.624545	-0.3185882	0.1925478	2.485857	-0.05265528	1.066422	2.477383	-0.08587179	0.9246878	2.510629	-0.07976153	0.8425797	2.528121	-0.06177554	0.5892536	2.571858	-0.03838855	0.2423511	2.621179	0.08338866	0.8164828	2.594176	-0.2534305	0.7984251	2.489387	0.0391651	0.2435235	2.602728	-0.1155622	0.2336962	2.560804	0.1598792	0.5463035	2.65942	-0.3025261	0.5263704	2.506761	0.07125393	-0.2010845	2.723989	-0.1247565	-0.2396573	2.701807	0.1170111	-0.6388102	2.761498	-0.08282033	-0.6133904	2.736813	

0.1998564	0.3144172	2.636317	-0.2885608	0.2715595	2.496316	0.2199011	0.1618153	2.621996	-0.2679855	0.1087645	2.520615	0.2432035	0.2955173	2.616929	-0.3278291	0.2040235	2.495785	-0.05800358	1.066473	2.475953	-0.08814351	0.9239672	2.511006	-0.08237359	0.8420587	2.528638	-0.06521899	0.5893652	2.572791	-0.04245074	0.2431313	2.622604	0.08393332	0.8171782	2.591727	-0.2571714	0.7991643	2.494132	0.03556296	0.2441487	2.602416	-0.1199564	0.2346983	2.563996	0.1607147	0.545895	2.654473	-0.3041199	0.5305903	2.515438	0.07074156	-0.2025012	2.72563	-0.1271622	-0.2419008	2.709041	0.1114367	-0.6405039	2.766604	-0.08279534	-0.6134332	2.736765	

0.2014487	0.3135929	2.630447	-0.2921035	0.2760051	2.505353	0.2170002	0.1610882	2.620767	-0.2716637	0.1097291	2.536114	0.246832	0.2524972	2.61925	-0.3345159	0.2082827	2.504137	-0.06227553	1.066206	2.475388	-0.0908064	0.9230739	2.512305	-0.08521658	0.8414155	2.529902	-0.06837968	0.5893861	2.573868	-0.04574276	0.2437734	2.623326	0.08377641	0.8173973	2.588735	-0.2604247	0.7984717	2.498304	0.03266667	0.2450537	2.60173	-0.1236158	0.2350551	2.566027	0.1612567	0.5448895	2.650097	-0.3046406	0.5309383	2.52406	0.06940152	-0.2030847	2.724584	-0.1280953	-0.2417629	2.711587	0.111422	-0.6398764	2.767477	-0.08308221	-0.6136885	2.736144	

0.2018915	0.31117	2.625326	-0.2943346	0.2762641	2.51112	0.2201115	0.1527398	2.610634	-0.2763914	0.115562	2.53361	0.2456599	0.2635761	2.618599	-0.3306572	0.195537	2.50884	-0.06624641	1.065882	2.475002	-0.09298337	0.9221318	2.513193	-0.08754518	0.840721	2.530778	-0.07110076	0.5893747	2.574686	-0.0489503	0.2445842	2.624023	0.08338583	0.8174508	2.585266	-0.2627718	0.7993104	2.50123	0.02980753	0.2457476	2.600965	-0.1271423	0.2360406	2.568158	0.1616147	0.5428253	2.646663	-0.3049006	0.5312866	2.530539	0.06909877	-0.2035052	2.724956	-0.1290472	-0.2405924	2.712859	0.1107199	-0.639325	2.768702	-0.08344853	-0.6111606	2.736907	

0.2015724	0.3017353	2.611947	-0.2970584	0.2745208	2.521574	0.2114058	0.1402204	2.597551	-0.2811346	0.1168346	2.54594	0.2378227	0.2311083	2.585238	-0.3405694	0.2063069	2.520381	-0.07088705	1.065329	2.474106	-0.09526861	0.9212546	2.51436	-0.0899815	0.839968	2.531919	-0.07384872	0.5889455	2.575693	-0.05193561	0.2444284	2.624791	0.08262992	0.8174899	2.582472	-0.2671102	0.8001803	2.508355	0.02729682	0.2457928	2.600131	-0.1307708	0.235582	2.570764	0.1603019	0.5433431	2.638213	-0.3070961	0.533546	2.540056	0.07341589	-0.253347	2.739533	-0.1295789	-0.2380864	2.714084	0.1150673	-0.6379069	2.764594	-0.0834406	-0.6110961	2.73685	

0.2002258	0.2971863	2.601561	-0.3014334	0.2734606	2.531814	0.2058888	0.1403454	2.59181	-0.2854161	0.116421	2.553266	0.235588	0.2111485	2.571524	-0.3432545	0.1934459	2.532714	-0.07761638	1.064856	2.474064	-0.09889299	0.9205659	2.516005	-0.09376753	0.8394046	2.533558	-0.07796583	0.5887066	2.577265	-0.0563003	0.2444708	2.626211	0.08133341	0.8177626	2.579872	-0.2730247	0.800495	2.516448	0.02392153	0.2458156	2.599592	-0.1359345	0.2356609	2.574353	0.158916	0.5429365	2.632987	-0.3083679	0.5326731	2.547854	0.06941166	-0.2206786	2.731621	-0.12995	-0.2381498	2.714856	0.1247232	-0.6351556	2.749391	-0.08341064	-0.6111217	2.736989	

0.1956364	0.2977845	2.590087	-0.3048497	0.2719136	2.539951	0.194667	0.1393858	2.578248	-0.2961219	0.1178741	2.564326	0.2258986	0.2303427	2.559687	-0.3514923	0.1859977	2.544933	-0.08161828	1.065184	2.474033	-0.1031101	0.9204739	2.518523	-0.09783104	0.8392957	2.53598	-0.0814671	0.5884926	2.579375	-0.05901011	0.2440331	2.62791	0.08027869	0.8180856	2.578778	-0.2758781	0.7978048	2.520452	0.0219605	0.2453642	2.600079	-0.1388573	0.2353331	2.577008	0.1576723	0.5437481	2.628525	-0.3094418	0.5345403	2.555794	0.06724693	-0.2144037	2.729519	-0.1301337	-0.2386771	2.716569	0.1166658	-0.638081	2.760655	-0.08318748	-0.6125253	2.737069	

0.1853179	0.3047565	2.577364	-0.309624	0.2702163	2.548297	0.1751369	0.1542713	2.56665	-0.300813	0.1110376	2.579199	0.210505	0.2332589	2.538061	-0.356689	0.2153379	2.5436	-0.09102564	1.065287	2.476544	-0.1089605	0.9200217	2.522002	-0.1034658	0.8389189	2.539602	-0.08642274	0.5882849	2.583417	-0.06305312	0.2439292	2.632523	0.0773887	0.8188055	2.578951	-0.2814199	0.7965552	2.524082	0.01750941	0.2458741	2.603895	-0.1419351	0.2346219	2.581674	0.1552263	0.5472848	2.625953	-0.3130531	0.5367058	2.561697	0.06716731	-0.2134189	2.731737	-0.1262264	-0.240754	2.722311	0.1139187	-0.6390152	2.764274	-0.08339795	-0.6128975	2.736698	

0.1818404	0.3073795	2.577117	-0.3111466	0.2692499	2.548078	0.1800146	0.1688088	2.573644	-0.2953158	0.104168	2.57827	0.2130905	0.2500193	2.554391	-0.3451594	0.1641428	2.543929	-0.1003598	1.067546	2.479239	-0.1173618	0.921977	2.523667	-0.1112161	0.8406754	2.541681	-0.09245586	0.589491	2.586629	-0.06735552	0.2444902	2.637297	0.0711813	0.8209179	2.581317	-0.2864025	0.796511	2.523606	0.01220883	0.2465846	2.609622	-0.1450308	0.2350105	2.585223	0.1499472	0.5509496	2.627458	-0.3165196	0.5335601	2.561062	0.07470938	-0.2719645	2.762941	-0.128141	-0.2400882	2.728527	0.1131031	-0.6400143	2.764669	-0.08280955	-0.6139053	2.736517	

0.1897129	0.3027794	2.599988	-0.307504	0.2579237	2.524847	0.2125859	0.150218	2.628068	-0.2715605	0.08181769	2.542954	0.2259759	0.2589082	2.598267	-0.3330922	0.1695205	2.511308	-0.112708	1.069721	2.48043	-0.1275108	0.9227871	2.522084	-0.1194469	0.8413869	2.541136	-0.09631332	0.589917	2.588124	-0.06827682	0.2447338	2.641314	0.05960936	0.8234017	2.584241	-0.2926157	0.7947983	2.52026	0.01090626	0.2478794	2.614813	-0.1455906	0.2344583	2.588161	0.1455293	0.5524507	2.63289	-0.322314	0.535359	2.547504	0.06109726	-0.199966	2.743528	-0.1301556	-0.2430955	2.736299	0.1085117	-0.6413586	2.769809	-0.08387621	-0.6124309	2.737507	

0.2097635	0.3231133	2.650959	-0.294216	0.2558965	2.490225	0.2466775	0.1504358	2.687849	-0.2466501	0.07982448	2.502479	0.2511534	0.2201358	2.622667	-0.3088457	0.1517289	2.476107	-0.1171292	1.069643	2.480514	-0.130949	0.9231715	2.522086	-0.1225425	0.841712	2.541333	-0.09792328	0.590039	2.588944	-0.06812418	0.2445933	2.643024	0.0552044	0.8240941	2.587919	-0.2961944	0.794229	2.516636	0.01076495	0.24859	2.617276	-0.1451674	0.2335965	2.589406	0.1454525	0.5487281	2.651791	-0.3212049	0.5362045	2.532866	0.0609588	-0.2000621	2.743654	-0.130758	-0.2417178	2.742178	0.108656	-0.6416683	2.769515	-0.08432873	-0.6119141	2.737271	

0.2103667	0.3224167	2.651691	-0.2933798	0.2549885	2.487384	0.24684	0.1524879	2.680737	-0.2533894	0.08396285	2.488199	0.2551552	0.2525585	2.635258	-0.3058946	0.167542	2.460628	-0.1189875	1.069899	2.480362	-0.1335402	0.9229704	2.521646	-0.124945	0.8413951	2.54112	-0.09945968	0.5894216	2.589504	-0.06822217	0.2432512	2.644773	0.05327382	0.8242712	2.588581	-0.2972788	0.7940913	2.515152	0.01041965	0.2482669	2.618742	-0.1448407	0.23059	2.591452	0.1453818	0.5479428	2.654573	-0.3211505	0.535985	2.528761	0.06102134	-0.2003215	2.744009	-0.1309375	-0.243996	2.743856	0.1086854	-0.6414829	2.769305	-0.08502451	-0.6159359	2.733423	

0.2105682	0.3215773	2.653292	-0.2915114	0.2553291	2.482866	0.2393064	0.1604574	2.682327	-0.2485068	0.07962599	2.488898	0.2520006	0.2492366	2.639185	-0.3027183	0.1591114	2.457568	-0.1190787	1.069757	2.480329	-0.1339863	0.9228987	2.521888	-0.1253768	0.8412759	2.541367	-0.09974097	0.5891228	2.589889	-0.06766835	0.2424134	2.645579	0.05233729	0.8243023	2.589693	-0.2976379	0.7939091	2.513745	0.01063707	0.2481482	2.619524	-0.1437184	0.2286026	2.592163	0.1455348	0.547199	2.658932	-0.3198954	0.5367815	2.520646	0.06056565	-0.2010943	2.745308	-0.1316782	-0.2435804	2.742308	0.1082087	-0.641894	2.769451	-0.08497842	-0.6153288	2.733663	

0.1989656	0.3141722	2.650525	-0.2915245	0.2557642	2.484761	0.207923	0.1534515	2.659642	-0.2522783	0.08358052	2.511237	0.229398	0.2326181	2.6248	-0.3132534	0.1606106	2.484706	-0.1172001	1.068417	2.480232	-0.1334058	0.9224095	2.522835	-0.1249734	0.8408768	2.54206	-0.0995563	0.5888705	2.590214	-0.06734387	0.2422309	2.645643	0.05284676	0.8239353	2.591536	-0.2971451	0.7937556	2.513429	0.01114452	0.2478874	2.619793	-0.1435401	0.2285267	2.592058	0.1446038	0.5493594	2.661013	-0.3195645	0.5362219	2.520858	0.06064516	-0.20124	2.745447	-0.1318869	-0.2437324	2.741803	0.1077799	-0.6425037	2.769853	-0.08525886	-0.6153514	2.733271	

0.1967665	0.3110311	2.648907	-0.2915934	0.2559462	2.487469	0.2063612	0.1500367	2.660105	-0.2568438	0.0849163	2.511567	0.2277334	0.1914535	2.633295	-0.3154185	0.1738736	2.481973	-0.1151808	1.067236	2.479734	-0.1323854	0.9217081	2.524194	-0.1241482	0.8403275	2.543082	-0.09903821	0.5886256	2.590631	-0.06651717	0.2422025	2.645585	0.05295128	0.82388	2.592163	-0.2966863	0.7935436	2.512875	0.01228862	0.2478066	2.620301	-0.1427728	0.2286379	2.591353	0.1437655	0.5500633	2.662111	-0.3194032	0.5360602	2.520972	0.06163882	-0.202945	2.746713	-0.1318771	-0.2440595	2.741603	0.1071247	-0.6424006	2.770182	-0.08495008	-0.6148745	2.734166	

0.1893172	0.3039772	2.63963	-0.2943742	0.257277	2.496461	0.1958727	0.1295181	2.651454	-0.2657519	0.09189681	2.522973	0.2157889	0.2442561	2.619917	-0.3168783	0.1516289	2.4984	-0.1122066	1.062789	2.476769	-0.1315142	0.9205897	2.525281	-0.1235408	0.8394495	2.54393	-0.09890373	0.5882899	2.590973	-0.06651426	0.2421998	2.645587	0.05352959	0.823823	2.59281	-0.2963368	0.7937202	2.513047	0.01231049	0.2477837	2.620335	-0.1427949	0.2286642	2.591311	0.1431856	0.5503881	2.66203	-0.3190144	0.5351949	2.523655	0.06172943	-0.2033411	2.74503	-0.1317537	-0.2446946	2.742076	0.1071973	-0.6424928	2.7701	-0.0850191	-0.6143211	2.734551	

0.1865886	0.2998254	2.634159	-0.2983611	0.2575897	2.504831	0.1873238	0.1280864	2.64093	-0.2736201	0.09355404	2.534054	0.2138601	0.212759	2.6105	-0.3306466	0.1789535	2.503893	-0.109845	1.051931	2.470646	-0.1296565	0.9171261	2.527927	-0.1222085	0.8367633	2.54593	-0.09862959	0.5874286	2.591548	-0.06654516	0.2422226	2.645501	0.05492804	0.8230392	2.593234	-0.2959859	0.7939422	2.513769	0.01240378	0.2476771	2.620262	-0.1432244	0.2290838	2.590922	0.1429258	0.5502885	2.661556	-0.3198295	0.5349253	2.529093	0.06192098	-0.2028581	2.743225	-0.1317046	-0.2447132	2.742055	0.1163866	-0.6405415	2.760186	-0.08507313	-0.6141567	2.73461	

0.1848282	0.2981253	2.629352	-0.3045895	0.2593651	2.515078	0.1861956	0.1272704	2.639991	-0.2779386	0.09341718	2.5424	0.2120884	0.1863182	2.6105	-0.3337039	0.1652528	2.515048	-0.110625	1.04338	2.465845	-0.1281113	0.9142222	2.528479	-0.1211984	0.8344585	2.54642	-0.09869531	0.5866601	2.591753	-0.06751107	0.2424861	2.645283	0.05629515	0.8226572	2.592118	-0.2960696	0.795113	2.516307	0.01185474	0.2475877	2.619631	-0.1452442	0.2300795	2.591225	0.1426747	0.5477124	2.65807	-0.3217891	0.5340476	2.537926	0.06103692	-0.2019887	2.740387	-0.1318113	-0.244519	2.741605	0.1172119	-0.6413124	2.758848	-0.08508487	-0.6135758	2.734941	

0.1840594	0.2983957	2.62549	-0.3129537	0.2604459	2.530668	0.1868111	0.1288006	2.636757	-0.2899841	0.09402946	2.559223	0.2230605	0.2309	2.6138	-0.3462476	0.1750326	2.53428	-0.1142917	1.031969	2.456009	-0.1271562	0.9099827	2.527814	-0.1206693	0.8307893	2.545932	-0.09927347	0.5847356	2.591559	-0.06934411	0.2422981	2.644835	0.05779742	0.8212361	2.58633	-0.2964639	0.7954234	2.517734	0.009837263	0.2468009	2.617949	-0.1472004	0.2303554	2.591642	0.142133	0.5468287	2.649928	-0.3227239	0.5326443	2.547455	0.05915833	-0.1999218	2.731742	-0.1318342	-0.2447052	2.741462	0.1172244	-0.6413188	2.758849	-0.08513747	-0.6136019	2.73508	

0.1808518	0.3009057	2.615439	-0.3227926	0.260585	2.546773	0.1890852	0.1335543	2.622967	-0.308812	0.09798669	2.584387	0.2202431	0.2631699	2.605143	-0.363166	0.2006085	2.550091	-0.1212714	1.022216	2.442539	-0.1282424	0.9049759	2.521739	-0.122101	0.826507	2.540907	-0.1017885	0.5824685	2.58883	-0.07409137	0.2428524	2.643166	0.05662447	0.8186462	2.570058	-0.2970907	0.7961035	2.517869	0.004875647	0.2469041	2.613573	-0.1519617	0.2313668	2.592028	0.1394988	0.5429376	2.636087	-0.326156	0.5327154	2.554634	0.05552323	-0.1998287	2.709516	-0.1317671	-0.2449141	2.740238	0.1120454	-0.6412647	2.763159	-0.08516661	-0.6127754	2.735152	

0.1777698	0.3021136	2.607352	-0.3278759	0.2594922	2.555876	0.1774814	0.1334299	2.618581	-0.3167108	0.09770017	2.594854	0.2093925	0.2398521	2.5866	-0.3661485	0.1795721	2.5656	-0.1257526	1.01402	2.431408	-0.1296587	0.898465	2.514113	-0.1238982	0.8208855	2.534392	-0.1046782	0.579576	2.585285	-0.07835037	0.2432921	2.641873	0.05505461	0.8167856	2.55852	-0.298791	0.7963608	2.51728	0.001658526	0.2466304	2.610661	-0.1574354	0.2326737	2.592577	0.1377475	0.5396227	2.627709	-0.3301718	0.5298772	2.560342	0.06801999	-0.2661057	2.70437	-0.1320582	-0.2442127	2.737066	0.111235	-0.6420285	2.763718	-0.08512186	-0.6127701	2.735167	

0.1757398	0.3003665	2.604831	-0.3320172	0.2611432	2.563803	0.172654	0.1337299	2.619665	-0.3264714	0.0982895	2.600976	0.2093545	0.2382123	2.599333	-0.3751585	0.2088221	2.56576	-0.1265901	1.005137	2.419992	-0.1292907	0.8934908	2.506949	-0.1241007	0.816424	2.528305	-0.1064246	0.5769659	2.582228	-0.08157027	0.243102	2.641499	0.05546784	0.8154939	2.548742	-0.3000394	0.7962865	2.515547	-0.0005812861	0.2462385	2.609373	-0.1614025	0.2327089	2.593436	0.1377139	0.5378903	2.622869	-0.3315178	0.5281292	2.562607	0.05708055	-0.2084031	2.677121	-0.1318188	-0.2449013	2.733526	0.1140354	-0.6424244	2.758816	-0.08558784	-0.6140129	2.733684	

0.1776473	0.3037647	2.61211	-0.3480433	0.2718115	2.594432	0.1897706	0.149877	2.660775	-0.3469659	0.1130898	2.640572	0.2187056	0.2835743	2.6312	-0.3864306	0.2286921	2.591727	-0.1157439	0.9728903	2.375155	-0.122771	0.8810452	2.47894	-0.1188419	0.8060386	2.506253	-0.1048807	0.5725312	2.574805	-0.08170183	0.2430737	2.641722	0.06603353	0.8112224	2.502445	-0.2916164	0.7942412	2.495768	-0.0005164855	0.2460639	2.609249	-0.1619684	0.2330762	2.594956	0.1419332	0.5362517	2.616502	-0.3302029	0.5220453	2.568667	0.0662436	-0.2510129	2.698004	-0.1326324	-0.2427999	2.718539	0.1134255	-0.6408739	2.757128	-0.08528274	-0.6130326	2.733658	

0.1999096	0.3043776	2.639304	-0.3489556	0.2975056	2.639258	0.2033862	0.1618736	2.708893	-0.3517141	0.1304366	2.692115	0.2392519	0.2821919	2.6591	-0.3900642	0.2607154	2.623588	-0.09837507	0.9413195	2.331473	-0.1056905	0.8649364	2.44049	-0.1021416	0.7906725	2.470524	-0.09221973	0.5617316	2.552916	-0.07880578	0.2422747	2.641164	0.07703524	0.7975633	2.463474	-0.276277	0.7925802	2.458355	0.004463746	0.2440844	2.606303	-0.1596287	0.2328239	2.595605	0.1568561	0.530605	2.604146	-0.3272226	0.518198	2.574182	0.05976165	-0.2091392	2.675802	-0.125692	-0.2480683	2.70317	0.1109019	-0.6388562	2.758639	-0.08400321	-0.6144322	2.734423	

0.2029227	0.307944	2.643215	-0.348848	0.2963641	2.651685	0.2099025	0.18095	2.721135	-0.3496453	0.1454399	2.734286	0.2486582	0.2922235	2.667333	-0.3835319	0.2354792	2.66191	-0.09339561	0.9282779	2.311997	-0.09754705	0.8512664	2.416851	-0.09442255	0.7787949	2.450139	-0.08457952	0.553316	2.53902	-0.07363362	0.2404438	2.639968	0.08158304	0.7903313	2.443224	-0.2676362	0.7865683	2.438543	0.0109892	0.241253	2.602499	-0.1553217	0.2317636	2.596351	0.1667077	0.5315413	2.592701	-0.3204802	0.5144174	2.581849	0.06035409	-0.2090775	2.675215	-0.1219764	-0.2465659	2.690854	0.1072072	-0.6380014	2.759251	-0.0837322	-0.6146021	2.734512	

0.2045035	0.308701	2.63781	-0.3475381	0.2977467	2.655456	0.1977136	0.1581005	2.717447	-0.3539038	0.1485548	2.741759	0.1314355	0.2342742	2.551334	-0.3855984	0.2367577	2.664497	-0.09201302	0.9139984	2.292444	-0.0965248	0.8435573	2.400443	-0.09266078	0.7710015	2.434789	-0.08094298	0.5462641	2.528261	-0.06770575	0.2360763	2.637689	0.08408791	0.7798493	2.42309	-0.2653548	0.7762637	2.423012	0.01736172	0.2358762	2.59916	-0.1504932	0.2287655	2.595354	0.1707364	0.5270594	2.570338	-0.3188892	0.5137606	2.580658	0.06074897	-0.209296	2.673233	-0.1204547	-0.2492666	2.686251	0.1063168	-0.6377195	2.760131	-0.08318751	-0.6153735	2.734097	

0.2047799	0.3014659	2.626925	-0.3470483	0.2971259	2.655469	0.1980633	0.1557561	2.699397	-0.3508567	0.1539068	2.734693	0.1634505	0.2268969	2.634885	-0.3891314	0.2642051	2.655429	-0.09208478	0.9103135	2.287855	-0.09584781	0.8401934	2.395264	-0.0918963	0.7675322	2.429591	-0.07974871	0.5425059	2.523221	-0.06531323	0.2330181	2.635374	0.08434347	0.7755241	2.418206	-0.2645179	0.7720454	2.416987	0.0194487	0.2330277	2.597152	-0.1480327	0.2258207	2.593024	0.1715422	0.5213447	2.563413	-0.3174002	0.5119252	2.578159	0.0660419	-0.2458879	2.683308	-0.1193865	-0.2457183	2.679611	0.1046976	-0.6342199	2.764324	-0.08306579	-0.6154165	2.733938	

0.1907301	0.2660848	2.558432	-0.3418627	0.2799013	2.628807	0.186258	0.117619	2.613373	-0.3439147	0.1298166	2.690275	0.1292609	0.19778	2.537364	-0.3712908	0.2037853	2.626111	-0.09519978	0.899833	2.268212	-0.09724724	0.8306073	2.380267	-0.09294653	0.7582105	2.415516	-0.07966328	0.5339547	2.511858	-0.062984	0.2260669	2.629063	0.08097272	0.7630882	2.401079	-0.2667656	0.7605914	2.399295	0.02199382	0.2263501	2.590368	-0.1460285	0.2189285	2.587397	0.1659845	0.4951983	2.523711	-0.317734	0.4952445	2.551129	0.06798866	-0.2530876	2.678169	-0.118391	-0.2452383	2.661631	0.1039825	-0.6339825	2.76438	-0.08344576	-0.61769	2.731241	

0.1658721	0.2421926	2.488766	-0.337377	0.2403318	2.551043	0.1630626	0.08644193	2.507004	-0.3307734	0.08242637	2.614787	0.1057447	0.1669841	2.482909	-0.3788003	0.1917289	2.549764	-0.1010448	0.8877305	2.257605	-0.1029127	0.8125576	2.36163	-0.09957398	0.7395785	2.396244	-0.08914927	0.5135478	2.49082	-0.07481232	0.2035282	2.607521	0.07486219	0.7473121	2.385844	-0.2765787	0.7386441	2.381525	0.01207135	0.2058379	2.569629	-0.1594757	0.194908	2.565144	0.1587616	0.4774324	2.495647	-0.3240433	0.4693297	2.503092	0.05678323	-0.2210279	2.571598	-0.1197585	-0.2522214	2.606662	0.1028826	-0.6311552	2.762818	-0.08497052	-0.6187059	2.728229	

0.1665404	0.231636	2.463788	-0.3478189	0.1998108	2.492455	0.1638844	0.07196259	2.457672	-0.3364142	0.05142124	2.516519	0.1146649	0.1449869	2.461714	-0.3905988	0.1351127	2.492467	-0.1087541	0.8757321	2.250121	-0.1149935	0.7976781	2.353456	-0.11123	0.7245345	2.387255	-0.09937426	0.4978897	2.479276	-0.08304298	0.1858605	2.591547	0.0667531	0.7298619	2.377377	-0.2862063	0.7153666	2.372051	0.00406943	0.1899745	2.555301	-0.1675743	0.1759242	2.547437	0.1555717	0.4686388	2.487917	-0.3355082	0.4494125	2.488817	0.05079095	-0.2304851	2.488672	-0.1196187	-0.2556545	2.586845	0.1120494	-0.6192062	2.713821	-0.08465076	-0.6182933	2.728612	

0.1695884	0.2257504	2.461805	-0.3632414	0.1914331	2.463588	0.1818987	0.06428391	2.469302	-0.3572961	0.03744166	2.464806	0.1124382	0.1342002	2.439211	-0.396684	0.1205754	2.427167	-0.1138568	0.8679255	2.245296	-0.1186396	0.7901914	2.34896	-0.114372	0.7172904	2.382531	-0.1010132	0.4913354	2.473904	-0.08263581	0.1802861	2.585537	0.06193794	0.7204391	2.372334	-0.2881221	0.7112344	2.370026	0.005119015	0.184662	2.548387	-0.1677734	0.1702571	2.542257	0.1557687	0.4605969	2.480556	-0.3484469	0.4269337	2.474344	0.05060925	-0.232405	2.446139	-0.1203828	-0.2577104	2.56986	0.1138706	-0.6135256	2.682477	-0.08486222	-0.6199797	2.725918	

0.2910593	0.438105	2.6116	-0.6614004	0.3540261	2.354067	0.3250626	0.3309687	2.7125	-0.7710621	0.25645	2.31388	0.29283	0.3353728	2.656667	-0.7144877	0.3504201	2.317188	-0.1184577	0.8229083	2.100922	-0.1269666	0.744971	2.20427	-0.1197743	0.674396	2.237025	-0.09721231	0.4554698	2.326069	-0.06587576	0.1540598	2.434979	0.0523721	0.7057242	2.231872	-0.2962262	0.6715795	2.235594	0.02447753	0.1578875	2.392783	-0.1540424	0.1451486	2.396813	0.2074249	0.5806549	2.459493	-0.4954294	0.5175092	2.359802	0.06209987	-0.3269532	2.293917	-0.1458633	-0.278087	2.335154	0.1209584	-0.7145847	2.336295	-0.09852132	-0.6337048	2.608725	

0.2663601	0.4153583	2.59491	-0.6577439	0.3196519	2.41734	0.2678126	0.3138392	2.668538	-0.7115145	0.2250325	2.41172	0.2388363	0.3425499	2.595059	-0.6716812	0.3239464	2.368	-0.1027904	0.7089531	2.058785	-0.1152892	0.6306333	2.150389	-0.107613	0.5612742	2.184702	-0.08359241	0.3463878	2.278108	-0.05031058	0.05098399	2.392398	0.07369242	0.6085891	2.179692	-0.2811972	0.5759279	2.183413	0.03843306	0.04812626	2.348394	-0.137343	0.05212545	2.355886	0.2100224	0.5686031	2.440454	-0.5037165	0.4820974	2.3662	0.08451719	-0.4674038	2.307057	-0.1681609	-0.3507449	2.190879	0.1266694	-0.8863139	2.270869	-0.07346113	-0.6447222	2.455895	

0.2339937	-0.1017803	2.376887	-0.4352057	-0.02132332	2.483047	0.2136911	-0.1504024	2.34537	-0.4481237	-0.1433648	2.487454	0.1967347	-0.07816429	2.323125	-0.4546293	-0.09460304	2.4298	-0.04134333	0.4075822	2.026095	-0.04921122	0.3131361	2.102125	-0.04784318	0.2401244	2.131647	-0.04338824	0.01554581	2.209757	-0.03703004	-0.2911806	2.302365	0.1245036	0.2830028	2.165673	-0.2220756	0.2667417	2.145978	0.05284537	-0.2854233	2.262034	-0.1256136	-0.2868305	2.262776	0.2413518	0.1319059	2.396394	-0.3683703	0.1731777	2.387279	0.08327477	-0.698775	2.189759	-0.1255459	-0.6920786	2.124721	0.1309041	-1.041282	2.346356	-0.09467948	-1.062493	2.273796	

0.2534966	-0.237383	2.348555	-0.3909268	-0.1502776	2.471804	0.2487986	-0.3274792	2.315425	-0.3917999	-0.2930458	2.558649	0.2230403	-0.2293763	2.284	-0.4198885	-0.2560799	2.451294	-0.04069734	0.3539806	2.010049	-0.04900372	0.275034	2.091841	-0.04806523	0.1966957	2.121183	-0.04507379	-0.04087293	2.199756	-0.04067358	-0.3603831	2.293721	0.1255813	0.1977184	2.167877	-0.2211166	0.1902456	2.138381	0.05219914	-0.3511533	2.257514	-0.1321403	-0.3571084	2.250341	0.2451194	-0.004474779	2.359301	-0.3341899	0.04508802	2.373132	0.08163307	-0.754698	2.122833	-0.09736715	-0.7574619	2.1031	0.1217563	-1.038916	2.329281	-0.09453275	-1.062344	2.272554	

0.1526678	-0.3946654	1.986444	-0.2716635	-0.4419955	2.080534	0.1515763	-0.5294002	1.873883	-0.2807899	-0.6036984	2.007363	0.1493399	-0.4760223	1.849154	-0.2993873	-0.4481301	2.032154	-0.02641851	0.2478031	1.994392	-0.04279761	0.1682452	2.074228	-0.04598777	0.09151851	2.109444	-0.05545488	-0.1434502	2.204221	-0.06798455	-0.4627274	2.31856	0.1252779	0.06417669	2.13098	-0.2203431	0.07652371	2.109267	0.02674474	-0.4568519	2.288725	-0.160423	-0.4528392	2.269409	0.1543211	-0.1980931	2.122941	-0.2809409	-0.216424	2.148079	0.103508	-0.8250089	2.073548	-0.0971111	-0.8103906	2.026965	0.09698091	-1.047477	2.318614	-0.08087595	-1.062505	2.261799	

0.05515353	-0.1505976	1.794895	-0.2370595	-0.1723032	1.737846	-0.04844424	-0.186427	1.579754	-0.1573746	-0.2455317	1.532192	-0.0558904	-0.1566364	1.610529	-0.1718846	-0.1900587	1.584929	-0.03970101	0.3002036	1.975852	-0.06138049	0.2150092	2.053209	-0.06055754	0.1406667	2.094368	-0.05766889	-0.08727562	2.207111	-0.05334207	-0.3971643	2.345671	0.09513968	0.1211383	2.089933	-0.2276624	0.1307928	2.053484	0.03258343	-0.385941	2.31286	-0.137475	-0.3949451	2.299086	0.1069166	-0.121662	2.031291	-0.2841072	-0.08559041	1.960325	0.0791124	-0.7652705	2.108779	-0.1127664	-0.761115	2.062629	0.09569468	-1.054845	2.321014	-0.08492848	-1.062549	2.257978	

-0.04090731	-0.006368214	1.708477	-0.2141164	-0.0007986137	1.660723	-0.1032754	0.03901877	1.525422	-0.1125517	0.03918308	1.487564	-0.08155982	0.05979708	1.587	-0.1684163	0.05078869	1.516382	-0.06365941	0.4075243	1.958511	-0.08441556	0.3145925	2.034261	-0.08573209	0.2414149	2.075408	-0.08922721	0.01633324	2.18836	-0.09338367	-0.290572	2.327419	0.0728596	0.2312664	2.068208	-0.243419	0.2396489	2.026774	-0.01827037	-0.282206	2.298817	-0.1653159	-0.2889723	2.276186	0.08854358	-0.002502166	1.914186	-0.3021441	0.0493899	1.882332	0.09179774	-0.6666981	2.138626	-0.1335678	-0.6834047	2.102736	0.1193173	-1.094752	2.286264	-0.08376166	-1.120031	2.220445	

-0.02325292	0.05621918	1.728564	-0.2160019	0.1044973	1.658514	-0.1533802	0.1617682	1.542482	-0.1226094	0.1658101	1.526313	-0.1159228	0.1752237	1.521458	-0.1799095	0.1658073	1.556596	-0.09846757	0.5092564	1.972387	-0.1255393	0.3897829	2.061037	-0.121713	0.315073	2.096803	-0.1093022	0.08484293	2.193832	-0.09164508	-0.2299037	2.311784	0.04311473	0.3233134	2.06398	-0.2834754	0.3194124	2.018505	-0.01253845	-0.2183697	2.279201	-0.1675883	-0.2334756	2.264293	0.09530748	0.08010811	1.939538	-0.3209141	0.07859752	1.876798	0.07413868	-0.6242022	2.192298	-0.1509573	-0.6494846	2.206183	0.1023836	-1.057683	2.326285	-0.09123726	-0.9941334	2.295466	

0.05674552	-0.1172197	1.905588	-0.2963355	-0.1546044	1.848816	0.005416152	-0.250533	1.805832	-0.1996483	-0.2999513	1.743615	0.05355392	-0.1760088	1.831424	-0.2264974	-0.2109914	1.753451	-0.1584086	0.5331636	2.012581	-0.1730255	0.3908815	2.085373	-0.1622853	0.3135042	2.098562	-0.149934	0.07403181	2.128823	-0.1248746	-0.254375	2.157198	0.01518726	0.3128257	2.10232	-0.3335119	0.2870513	2.065363	-0.02944221	-0.2445011	2.128873	-0.2157039	-0.2548263	2.105602	0.08927632	0.05807627	2.068473	-0.365608	0.04175	2.025901	0.06249317	-0.6264682	2.216622	-0.1639201	-0.614532	2.265169	0.08575981	-1.006118	2.344369	-0.1009109	-0.9704766	2.309111	

0.2240911	-0.1193817	2.325434	-0.4237519	-0.1861942	2.272224	0.2695274	-0.2490428	2.442262	-0.4285709	-0.3483264	2.365103	0.2173119	-0.1888843	2.363134	-0.382138	-0.2657893	2.309444	-0.169643	0.5303618	2.001484	-0.1794818	0.3909234	2.077465	-0.1706976	0.3128415	2.09251	-0.1522833	0.0728034	2.128403	-0.1271281	-0.2583645	2.162257	0.01247219	0.3116715	2.099857	-0.3529292	0.2903639	2.071476	-0.03553316	-0.2478731	2.132308	-0.2140528	-0.2606564	2.114222	0.1153679	0.05541635	2.23057	-0.4060429	0.02999039	2.200683	0.03191201	-0.6604725	2.210235	-0.1620146	-0.6513597	2.245492	0.08379406	-1.012041	2.346555	-0.09447851	-1.028601	2.317079	

0.2285045	-0.1089243	2.341638	-0.4333009	-0.1799154	2.29429	0.2760226	-0.2311713	2.458889	-0.4325201	-0.3346311	2.398593	0.2224348	-0.1620307	2.380333	-0.3895924	-0.2681521	2.349037	-0.1718157	0.5301877	1.997661	-0.1823908	0.3911681	2.073962	-0.1741409	0.3128273	2.089867	-0.1539423	0.07215765	2.127981	-0.1279918	-0.2597776	2.164336	0.0109863	0.3116637	2.099406	-0.3554581	0.2914717	2.072308	-0.03789318	-0.2488879	2.134213	-0.2136029	-0.2621509	2.116143	0.1182008	0.05772564	2.236324	-0.4111255	0.03065729	2.210964	0.03164164	-0.6606752	2.210233	-0.1623192	-0.6557161	2.246011	0.0853183	-1.027033	2.353184	-0.09428631	-1.029147	2.317293	

0.2358409	-0.08875087	2.365697	-0.460217	-0.1516155	2.340437	0.281565	-0.2107555	2.481065	-0.4478067	-0.2852116	2.445467	0.2298804	-0.1402862	2.404857	-0.4145245	-0.1549185	2.34975	-0.1735916	0.5284824	1.995667	-0.1847633	0.3901485	2.07246	-0.17714	0.3116689	2.088758	-0.1567561	0.07059432	2.128157	-0.1303404	-0.261752	2.167253	0.008406584	0.311418	2.100266	-0.3571881	0.2916657	2.072441	-0.04195692	-0.2505274	2.137888	-0.2144359	-0.2638585	2.117907	0.1206635	0.06405693	2.247452	-0.4168347	0.0353245	2.223173	0.03012395	-0.661504	2.209476	-0.1628734	-0.6568683	2.246545	0.08538865	-1.027671	2.352845	-0.09426544	-1.029646	2.317712	

0.2027331	-0.1399362	2.322155	-0.4640476	-0.1796436	2.296709	0.2536489	-0.2857691	2.396777	-0.4703353	-0.3325642	2.382298	0.1903087	-0.1881502	2.325572	-0.4312902	-0.234334	2.328231	-0.1750603	0.5266135	1.997501	-0.1888251	0.3884062	2.073986	-0.1820273	0.3096462	2.090953	-0.1621391	0.0676572	2.132065	-0.1353175	-0.2654349	2.174801	0.003090792	0.3080862	2.105298	-0.3600099	0.2902176	2.074786	-0.04804588	-0.2536804	2.146187	-0.2178327	-0.2674867	2.123951	0.109941	0.05395779	2.24603	-0.4196882	0.03006376	2.219925	0.02752261	-0.6640812	2.207433	-0.1666044	-0.6624935	2.252662	0.08566529	-1.027542	2.352379	-0.09405988	-1.030815	2.320397	

0.1737596	-0.1998173	2.234792	-0.4491426	-0.2251358	2.211696	0.188563	-0.3652167	2.261223	-0.4416188	-0.4182301	2.260305	0.1588102	-0.3098972	2.212692	-0.4147591	-0.2974434	2.2182	-0.1773401	0.5264629	2.005908	-0.1937802	0.3874255	2.081161	-0.1872953	0.3084375	2.098484	-0.1672403	0.0654459	2.140088	-0.1394462	-0.268446	2.183564	-0.001084956	0.3020259	2.11219	-0.3635091	0.2888111	2.079632	-0.05267943	-0.2560004	2.155246	-0.2212187	-0.2710428	2.132188	0.0875022	0.02423305	2.223265	-0.423482	0.003660246	2.189443	0.02490402	-0.6665909	2.204752	-0.1689399	-0.6653252	2.255097	0.08380897	-1.02447	2.350741	-0.09398157	-1.031102	2.32184	

0.1398885	-0.2182359	2.115628	-0.4326797	-0.251058	2.107306	0.1445995	-0.3733216	2.096751	-0.421569	-0.4311068	2.104285	0.1107723	-0.3057977	2.069215	-0.3892654	-0.3490385	2.063263	-0.1797699	0.5287566	2.018153	-0.1974293	0.3879188	2.091185	-0.1908878	0.3085511	2.107823	-0.1703202	0.06435932	2.147604	-0.1417103	-0.2705742	2.189221	-0.003586383	0.298831	2.117388	-0.3659054	0.2879957	2.0827	-0.05512403	-0.2574469	2.160728	-0.2231991	-0.2738585	2.138049	0.0840283	0.01499674	2.200875	-0.426931	-0.007530348	2.167113	0.02334375	-0.6697644	2.2016	-0.1724497	-0.6793355	2.264068	0.08297418	-1.023653	2.350031	-0.09494443	-1.031294	2.321977	

0.1173956	-0.1714879	2.035599	-0.4252482	-0.2352463	2.015479	0.09460311	-0.3334389	1.957807	-0.4076871	-0.410976	1.978707	0.06974556	-0.2226903	1.986276	-0.3693123	-0.3122889	1.959104	-0.1815162	0.5313111	2.030415	-0.200538	0.3891787	2.100889	-0.1938999	0.3094883	2.116912	-0.1728277	0.06426792	2.154881	-0.1434011	-0.2716658	2.19429	-0.005312616	0.2978806	2.124808	-0.3686728	0.2869008	2.086264	-0.05742835	-0.2584355	2.166869	-0.2242997	-0.2749972	2.142144	0.07921571	0.02372846	2.182053	-0.4274705	-0.01141426	2.142436	0.02263998	-0.6710169	2.20102	-0.1734105	-0.6798598	2.265759	0.0827713	-1.023245	2.349865	-0.09546864	-1.031542	2.322297	

0.1113684	-0.1663771	1.989149	-0.4269979	-0.2278185	1.981006	0.09124359	-0.3284306	1.901699	-0.4141248	-0.4020747	1.924553	0.04754733	-0.2246833	1.93775	-0.3614628	-0.2989404	1.901423	-0.1838109	0.5333633	2.035856	-0.2024373	0.3903092	2.104157	-0.1959194	0.3104863	2.120266	-0.1751161	0.06472906	2.158433	-0.1458796	-0.2720445	2.19791	-0.00692601	0.2979524	2.127798	-0.3707978	0.2865382	2.088217	-0.06029818	-0.2588935	2.171358	-0.2262842	-0.2753136	2.144934	0.07506011	0.03064009	2.153018	-0.4289223	-0.006328831	2.12165	0.0224464	-0.6699554	2.199853	-0.1745468	-0.6802923	2.267571	0.08432893	-1.026653	2.355951	-0.0976948	-1.030865	2.321092	

0.1117001	-0.1786503	1.982194	-0.4273497	-0.227935	1.980294	0.10722	-0.3392656	1.902907	-0.4136064	-0.4017847	1.928475	0.05167506	-0.2428771	1.924813	-0.3637713	-0.3036546	1.903673	-0.1858438	0.5347738	2.03798	-0.2043775	0.3916616	2.106242	-0.1976728	0.3117072	2.122452	-0.1763042	0.06553173	2.160947	-0.1462863	-0.2717899	2.200982	-0.008500812	0.2980872	2.128654	-0.3733199	0.2862617	2.089697	-0.06077647	-0.2587949	2.17389	-0.2265635	-0.2749137	2.148537	0.07447646	0.03004827	2.144879	-0.428621	-0.007846032	2.116978	0.02415595	-0.6674044	2.19847	-0.1760669	-0.6791427	2.269667	0.08530974	-1.026895	2.356262	-0.09817978	-1.029916	2.324887	

0.1279846	-0.202245	1.999375	-0.4368865	-0.2463397	2.004337	0.1388569	-0.3730311	1.943055	-0.4270812	-0.4210264	1.989472	0.06919479	-0.2802403	1.964	-0.3765403	-0.3268681	1.954965	-0.187843	0.5355748	2.038042	-0.2060259	0.3922825	2.105944	-0.1990215	0.3122106	2.122404	-0.1770402	0.06577707	2.161428	-0.1465652	-0.2717703	2.202456	-0.01103256	0.2975904	2.127704	-0.3758717	0.2859501	2.090308	-0.06121058	-0.2585499	2.175475	-0.2266892	-0.2751162	2.149911	0.07440525	0.02336705	2.140034	-0.4293084	-0.01037594	2.116863	0.03294735	-0.6581051	2.195492	-0.1783943	-0.6767794	2.270406	0.1060568	-1.022005	2.36007	-0.09896348	-1.028129	2.326138	

0.1389261	-0.2193895	2.080431	-0.4495017	-0.2639185	2.091579	0.1731565	-0.4034968	2.045858	-0.4548366	-0.4543523	2.107519	0.1028928	-0.3341301	2.039769	-0.3938171	-0.3596951	2.053792	-0.189071	0.5359359	2.036829	-0.2070727	0.3923587	2.105098	-0.1999329	0.3122549	2.121793	-0.1775424	0.06572534	2.161328	-0.1468022	-0.2719299	2.202677	-0.01319318	0.2951692	2.125792	-0.377251	0.2862054	2.089645	-0.06156236	-0.2585987	2.175502	-0.2268266	-0.2754976	2.15051	0.07419296	0.01556123	2.145385	-0.4310095	-0.01023909	2.121786	0.04178204	-0.6558902	2.195565	-0.1808688	-0.6738034	2.269916	0.1319012	-1.021505	2.368707	-0.09956285	-1.02806	2.325989	

