0.06412851	-0.07891428	3.003767	-0.2856593	-0.05661467	3.361353	0.05008018	-0.2236773	3.031852	-0.2814313	-0.2049833	3.402652	0.009465933	-0.1256464	3.016864	-0.3098392	-0.1169755	3.373333	-0.1783082	0.6924493	3.136806	-0.1070749	0.5782046	3.131568	-0.1119296	0.5015817	3.148218	-0.1263203	0.2670826	3.188594	-0.1454224	-0.05203653	3.232626	0.0214464	0.4622476	3.063416	-0.2297251	0.4895007	3.272279	-0.08652209	-0.05777887	3.152307	-0.2008223	-0.04506388	3.236154	0.1010986	0.1736474	3.037408	-0.2802341	0.1960404	3.334169	0.07660701	-0.5226135	3.234849	-0.1195686	-0.5131975	3.45368	0.1289757	-0.911346	3.297828	-0.09077414	-0.8919546	3.546112	

0.06683838	-0.07935438	3.003046	-0.283012	-0.06129922	3.361097	0.05496648	-0.2300589	3.033763	-0.2730437	-0.2061792	3.407414	0.0116824	-0.1189504	3.019684	-0.306554	-0.1124676	3.36891	-0.1763752	0.6936071	3.133481	-0.1062311	0.5782745	3.131003	-0.1111886	0.5017024	3.147717	-0.1258314	0.267325	3.188245	-0.1451497	-0.0516491	3.232405	0.02298301	0.4619268	3.062684	-0.2296266	0.4896941	3.272266	-0.08624119	-0.05748663	3.151997	-0.2005478	-0.044558	3.236031	0.1014561	0.173436	3.037214	-0.280172	0.1960575	3.334161	0.07578742	-0.5209253	3.234059	-0.1195333	-0.5132481	3.45367	0.1289781	-0.9113492	3.29782	-0.09071584	-0.8919291	3.546196	

0.07092398	-0.07933505	3.001217	-0.2829245	-0.06064237	3.360518	0.05892392	-0.2251001	3.023009	-0.2702106	-0.2137248	3.405229	0.01408238	-0.1464989	3.02008	-0.3030226	-0.0793105	3.354143	-0.1722627	0.6947955	3.128221	-0.1040123	0.5778139	3.12703	-0.1091357	0.5013896	3.144288	-0.1242655	0.2673667	3.186202	-0.1441287	-0.05133318	3.231613	0.02628559	0.4613295	3.0607	-0.2258839	0.488435	3.265193	-0.08469328	-0.0570805	3.150881	-0.1999656	-0.04433511	3.235528	0.1039155	0.173231	3.036355	-0.2763494	0.1965979	3.327116	0.07654908	-0.5213659	3.233605	-0.1188413	-0.5135049	3.453129	0.1289774	-0.9109182	3.297621	-0.09093679	-0.8915328	3.546953	

0.07813681	-0.0818099	2.998513	-0.2799517	-0.07260982	3.360201	0.06469977	-0.223955	3.01557	-0.2650409	-0.2136102	3.410771	0.02277662	-0.1710552	3.020471	-0.29445	-0.1309272	3.3726	-0.1664448	0.6940571	3.120268	-0.09935213	0.5773855	3.120064	-0.1028524	0.5008959	3.135552	-0.1118065	0.2667302	3.171256	-0.1206923	-0.05200278	3.206738	0.0321174	0.4605281	3.055583	-0.2262049	0.475914	3.260799	-0.06023269	-0.05343615	3.125997	-0.1778816	-0.04925366	3.21044	0.1081461	0.1715671	3.032694	-0.269764	0.1770705	3.318815	0.07762711	-0.521323	3.23282	-0.117019	-0.5136666	3.450886	0.1289629	-0.9104745	3.29719	-0.09083638	-0.8914865	3.547135	

0.09694649	-0.08837943	2.987276	-0.2791772	-0.1150494	3.366537	0.08924671	-0.2314473	3.00556	-0.2379776	-0.2208821	3.341113	0.04683537	-0.1443451	3.007095	-0.2648883	-0.1865112	3.369818	-0.1498725	0.6933233	3.091372	-0.08595757	0.5745161	3.103789	-0.08953612	0.495445	3.12259	-0.09759784	0.2528459	3.166512	-0.1021028	-0.08711966	3.216997	0.04870735	0.4590073	3.04196	-0.2169358	0.4760045	3.246003	-0.03980424	-0.09261184	3.140646	-0.1616321	-0.07999402	3.216403	0.1232374	0.1694517	3.021495	-0.2605034	0.1366926	3.319443	0.08377006	-0.5190712	3.227648	-0.1125232	-0.5148957	3.4457	0.1291674	-0.9112506	3.297123	-0.09043595	-0.8933182	3.550205	

0.1123815	-0.07805534	2.981019	-0.2724312	-0.09619172	3.357681	0.1091698	-0.2362646	3.007094	-0.2380198	-0.180197	3.346216	0.06239459	-0.1399685	2.999632	-0.279467	-0.1217493	3.338583	-0.1426134	0.6908442	3.082834	-0.07419074	0.571382	3.087183	-0.07797694	0.4915189	3.108382	-0.08897026	0.2477834	3.160622	-0.09969276	-0.08858859	3.217453	0.0584967	0.4566999	3.030705	-0.2023172	0.4599064	3.209958	-0.03743364	-0.09275029	3.141633	-0.1588359	-0.08340871	3.215257	0.1350077	0.1709025	3.012459	-0.2567478	0.147744	3.317519	0.09016391	-0.5182116	3.223233	-0.1078838	-0.5164495	3.44017	0.1292551	-0.9111395	3.296418	-0.09042294	-0.8933127	3.55045	

0.1246055	-0.08088051	2.975799	-0.2524722	-0.0808014	3.345338	0.1202906	-0.2378251	3.000794	-0.2434366	-0.1672524	3.344695	0.07201861	-0.1611701	2.991222	-0.2697121	-0.1222342	3.335727	-0.1367266	0.6905681	3.074466	-0.07077537	0.571674	3.083989	-0.07387783	0.4912846	3.104856	-0.08259542	0.2451839	3.156612	-0.09288843	-0.09249073	3.214864	0.06245911	0.456381	3.028068	-0.2006709	0.4621789	3.210436	-0.03132981	-0.09557845	3.139735	-0.1520274	-0.08773468	3.211615	0.1407677	0.1647083	3.007526	-0.2529514	0.1597459	3.318839	0.09435983	-0.5164236	3.219708	-0.1055057	-0.5149809	3.43413	0.1290663	-0.9111211	3.295904	-0.09027678	-0.89363	3.55028	

0.1325852	-0.08278657	2.970112	-0.2504923	-0.08455088	3.34402	0.1335833	-0.2377979	2.988811	-0.2330016	-0.1656704	3.362031	0.08713884	-0.137179	2.9791	-0.2594628	-0.1111289	3.3387	-0.1259081	0.6896979	3.059679	-0.06559963	0.5699332	3.075388	-0.06793822	0.4890745	3.096526	-0.07453204	0.2414877	3.149666	-0.0825464	-0.09693961	3.210226	0.07395384	0.4541402	3.016839	-0.1975484	0.4651333	3.210289	-0.02203782	-0.09982819	3.136508	-0.140903	-0.09193493	3.20502	0.1503114	0.1652874	2.998317	-0.2518625	0.1612105	3.327247	0.1001952	-0.5157002	3.215703	-0.1028292	-0.514272	3.428347	0.1303823	-0.9109987	3.29619	-0.08997033	-0.8939019	3.549317	

0.1380374	-0.08615423	2.964992	-0.245676	-0.09410016	3.340356	0.1400434	-0.2377796	2.983164	-0.2195391	-0.1617527	3.344428	0.09578493	-0.1474783	2.969	-0.2486219	-0.1180197	3.3282	-0.1228817	0.6892769	3.055653	-0.0592189	0.5699266	3.068455	-0.06149216	0.4885569	3.090005	-0.06803954	0.2394808	3.144477	-0.07624801	-0.1002798	3.206645	0.07871284	0.4531935	3.012508	-0.1960928	0.464851	3.210694	-0.01604082	-0.1024484	3.133404	-0.1345347	-0.09581628	3.200686	0.1551591	0.1638202	2.992759	-0.2450248	0.1551204	3.327082	0.1029698	-0.5151264	3.213494	-0.100709	-0.5171244	3.424463	0.1311811	-0.9100059	3.295405	-0.0899274	-0.8941953	3.54929	

0.1470885	-0.08870255	2.958352	-0.2393214	-0.102398	3.337677	0.1416053	-0.2369697	2.969164	-0.2156053	-0.1714484	3.35445	0.103428	-0.1553786	2.959688	-0.2371785	-0.1331266	3.33475	-0.1187553	0.6887169	3.049093	-0.05514691	0.5697521	3.063952	-0.05725992	0.4891666	3.085333	-0.06310406	0.2428193	3.139063	-0.06989127	-0.09111015	3.199545	0.0823027	0.4527045	3.007811	-0.1944118	0.46368	3.213558	-0.01101221	-0.08533933	3.123859	-0.1270117	-0.09193899	3.194861	0.1611295	0.1635642	2.989527	-0.2414876	0.1495299	3.328451	0.1059158	-0.5146703	3.210562	-0.09954918	-0.5173883	3.420328	0.1326958	-0.9084564	3.294532	-0.08998199	-0.8947436	3.548862	

0.1505616	-0.09150358	2.953723	-0.2320915	-0.06694575	3.331318	0.1478236	-0.2432209	2.974779	-0.2207958	-0.1686241	3.358286	0.1064176	-0.1479757	2.9576	-0.2470983	-0.08525017	3.326714	-0.1131388	0.6875848	3.041231	-0.05161605	0.5682143	3.058841	-0.05377327	0.4883382	3.080582	-0.05979288	0.2437537	3.135334	-0.06688751	-0.08846045	3.197085	0.08657113	0.4522684	3.002271	-0.1903799	0.4652887	3.212442	-0.009068581	-0.08289495	3.122224	-0.1231474	-0.09026408	3.191985	0.1662696	0.160899	2.984231	-0.223557	0.1834156	3.302221	0.1089989	-0.5140966	3.208604	-0.09732938	-0.5199493	3.41736	0.1328645	-0.9086641	3.294262	-0.08910845	-0.8952312	3.547989	

0.1584973	-0.09007467	2.946054	-0.2188492	-0.07346356	3.327523	0.1552626	-0.2440985	2.96078	-0.2068565	-0.1583511	3.337138	0.09102801	-0.1526656	2.985704	-0.2315087	-0.1001652	3.318375	-0.1037292	0.6855823	3.029226	-0.04238184	0.5650906	3.047392	-0.04538683	0.486286	3.070831	-0.05391525	0.2441599	3.130072	-0.06356502	-0.08645219	3.195816	0.0952391	0.4485214	2.992311	-0.1663903	0.491614	3.194372	-0.006710706	-0.08139836	3.120969	-0.1189163	-0.08829782	3.19097	0.171834	0.1591507	2.976307	-0.2061462	0.1741593	3.292137	0.1129168	-0.5139252	3.205734	-0.09506103	-0.522585	3.413107	0.1335248	-0.9080495	3.293839	-0.08899631	-0.8959358	3.546954	

0.1623063	-0.09400612	2.941417	-0.2136557	-0.06523316	3.327871	0.1596529	-0.2514001	2.967065	-0.2006807	-0.1476166	3.335972	0.09195284	-0.1463641	2.982531	-0.2222695	-0.08986138	3.31625	-0.09920534	0.682331	3.024855	-0.03777361	0.5631897	3.042359	-0.04052539	0.4847523	3.065828	-0.04866742	0.2440534	3.125769	-0.05875421	-0.08452778	3.193585	0.1002731	0.4469644	2.986343	-0.1611768	0.4915791	3.183773	-0.0006282204	-0.07952855	3.116816	-0.1152099	-0.08671509	3.190302	0.1772404	0.1562065	2.971624	-0.2013429	0.1841732	3.278801	0.1177795	-0.5071737	3.198078	-0.09326152	-0.5235489	3.409497	0.1344938	-0.9061826	3.292849	-0.08922125	-0.8960966	3.546615	

0.1646469	-0.09604731	2.937974	-0.211422	-0.06063928	3.329956	0.1631763	-0.2509515	2.957036	-0.1959052	-0.152038	3.33247	0.09804815	-0.1498813	2.979882	-0.2193747	-0.1088871	3.3185	-0.09256032	0.6810849	3.015132	-0.03361123	0.56313	3.037172	-0.03627993	0.484718	3.060921	-0.04430743	0.2442433	3.121927	-0.05479927	-0.08384292	3.191706	0.1038352	0.4469261	2.982016	-0.1576193	0.4917479	3.178312	0.004019966	-0.08000408	3.114123	-0.111907	-0.08526134	3.189279	0.1814377	0.1551356	2.965928	-0.2006773	0.189961	3.281588	0.1199004	-0.5030968	3.19366	-0.09210195	-0.5239825	3.404954	0.1351379	-0.9061299	3.292391	-0.08884253	-0.8957438	3.544879	

0.1671271	-0.102558	2.933758	-0.2090075	-0.06175822	3.332396	0.1629534	-0.2515867	2.953352	-0.1934067	-0.1472728	3.328471	0.09907836	-0.1547441	2.981044	-0.2183911	-0.1045802	3.326584	-0.08921233	0.6800435	3.009092	-0.02977153	0.562589	3.03273	-0.03220321	0.4840135	3.05657	-0.03950233	0.2431353	3.117987	-0.04922849	-0.08523106	3.188899	0.1078712	0.4454347	2.976662	-0.1514886	0.483287	3.167763	0.009781245	-0.08190246	3.111374	-0.1068923	-0.08621776	3.186726	0.1857961	0.1495707	2.959217	-0.1986691	0.1894786	3.282222	0.1227627	-0.5048982	3.193605	-0.09135189	-0.5221161	3.399429	0.1358666	-0.9057463	3.291961	-0.08882845	-0.8957182	3.544889	

0.1695116	-0.107699	2.930722	-0.2070896	-0.05958159	3.336295	0.1656701	-0.2516492	2.957205	-0.2017078	-0.1391611	3.352972	0.1032016	-0.1631352	2.9822	-0.2229576	-0.07305384	3.332637	-0.08583338	0.675428	3.002999	-0.02521558	0.560849	3.029096	-0.02772914	0.4821911	3.05316	-0.03529934	0.2411616	3.11529	-0.04546607	-0.08720382	3.187302	0.1113453	0.4431021	2.971077	-0.1493909	0.4705419	3.163176	0.01414388	-0.084597	3.109216	-0.1037975	-0.08758359	3.185712	0.1881306	0.145119	2.95366	-0.1966258	0.1932044	3.285581	0.125641	-0.5064662	3.193565	-0.09143954	-0.5226364	3.397856	0.1363057	-0.9055403	3.291673	-0.08844867	-0.8961197	3.54369	

0.171881	-0.1108482	2.926032	-0.2045331	-0.04466241	3.379176	0.1693313	-0.2588196	2.94852	-0.1970585	-0.1114828	3.351475	0.1099998	-0.162906	2.97795	-0.2160625	-0.09388848	3.347	-0.07985508	0.6704883	2.993237	-0.01893604	0.5570844	3.021492	-0.02181018	0.4788953	3.046731	-0.03040457	0.2391036	3.111824	-0.04152737	-0.08807124	3.186613	0.1150299	0.4402403	2.965167	-0.1426182	0.4755941	3.157789	0.01779334	-0.0866403	3.108881	-0.09937823	-0.08729062	3.184717	0.190206	0.1429094	2.948625	-0.1925599	0.1943957	3.306811	0.1286847	-0.5071135	3.193529	-0.09126797	-0.5222148	3.394475	0.1377866	-0.9046157	3.290806	-0.08877982	-0.8962416	3.541616	

0.1732989	-0.1109061	2.922724	-0.2033457	-0.0464955	3.376696	0.1665435	-0.2590712	2.945354	-0.1873838	-0.120408	3.343472	0.1126885	-0.1564893	2.974923	-0.1654611	-0.07603859	3.2906	-0.07691457	0.6683758	2.987406	-0.01433837	0.5541034	3.015519	-0.0174548	0.4762984	3.041648	-0.02688853	0.2376288	3.109251	-0.0389679	-0.0883949	3.186542	0.117283	0.4385367	2.961819	-0.1399387	0.4758662	3.156094	0.02009679	-0.08722151	3.10778	-0.09629636	-0.08737235	3.185904	0.1921044	0.1436107	2.946189	-0.191935	0.1963793	3.312837	0.1311146	-0.5069985	3.192613	-0.09099249	-0.5228773	3.392516	0.1382591	-0.9041023	3.290608	-0.0882174	-0.8956985	3.540148	

0.1727901	-0.1187256	2.916538	-0.1942441	-0.05130471	3.361663	0.1651196	-0.2662522	2.943975	-0.1797871	-0.1299662	3.336183	0.1123216	-0.1682369	2.970889	-0.1591652	-0.07553548	3.293511	-0.07086735	0.6649542	2.977872	-0.0102743	0.5530753	3.011039	-0.0137947	0.4753397	3.038126	-0.02433231	0.2369691	3.108141	-0.03688588	-0.08869085	3.187953	0.1208256	0.4363662	2.956845	-0.1364693	0.476877	3.155782	0.02166047	-0.0880554	3.109515	-0.09380721	-0.08711015	3.187079	0.1926131	0.1365352	2.938397	-0.1854798	0.1948507	3.305532	0.1328566	-0.5060278	3.193595	-0.08928481	-0.5232819	3.391788	0.1384949	-0.9038847	3.290284	-0.08855694	-0.8957056	3.537919	

0.1717757	-0.1193567	2.912162	-0.1894995	-0.05824437	3.34689	0.1580444	-0.2645772	2.937319	-0.186633	-0.16549	3.357791	0.114957	-0.1818234	2.9296	-0.1585884	-0.1190742	3.295308	-0.06680364	0.6617615	2.973423	-0.002462133	0.5508625	3.004599	-0.006679071	0.4734513	3.0329	-0.01927535	0.2360085	3.106328	-0.03365124	-0.08858926	3.189787	0.1234502	0.4366054	2.953758	-0.1318324	0.4659514	3.15043	0.02506403	-0.08788461	3.111697	-0.09109879	-0.08708017	3.188557	0.1927963	0.1363946	2.93383	-0.180635	0.1910045	3.300273	0.1345233	-0.5013996	3.19293	-0.08701535	-0.5245525	3.393451	0.1384473	-0.9040273	3.289758	-0.08856255	-0.8957035	3.537904	

0.1707196	-0.1194119	2.909897	-0.1792946	-0.06860403	3.328299	0.1525171	-0.2658362	2.936598	-0.1892449	-0.1749213	3.376953	0.1175751	-0.1966907	2.900333	-0.160546	-0.1062546	3.296045	-0.06404459	0.6615029	2.971092	-0.0006815476	0.5508206	3.003385	-0.00474911	0.4734113	3.031903	-0.01680636	0.236047	3.106309	-0.0302238	-0.0879372	3.192988	0.1256145	0.4366303	2.951902	-0.1300198	0.4648575	3.148157	0.0281552	-0.08734742	3.115478	-0.08755317	-0.08634157	3.191239	0.1926297	0.1367529	2.932303	-0.1753991	0.1840558	3.290214	0.1359258	-0.5014444	3.194676	-0.08644347	-0.5246132	3.394557	0.1386642	-0.9035013	3.28947	-0.08749752	-0.8960041	3.537532	

0.1688896	-0.1212676	2.906606	-0.1794124	-0.06972286	3.327275	0.1497621	-0.2645575	2.932539	-0.1833284	-0.1745039	3.353784	0.1167369	-0.1880329	2.90016	-0.1582865	-0.1146497	3.285182	-0.06260207	0.6611338	2.969284	0.0006463664	0.5504361	3.002547	-0.003627094	0.4731274	3.031333	-0.01618652	0.2360039	3.106414	-0.03008685	-0.0874413	3.194873	0.1265026	0.4364001	2.950927	-0.1292055	0.4638349	3.147283	0.02827455	-0.08726961	3.116773	-0.08746459	-0.085278	3.193902	0.1914345	0.1351872	2.928538	-0.169775	0.1839891	3.276582	0.137164	-0.501686	3.195453	-0.0864237	-0.5245616	3.398328	0.1387591	-0.902468	3.288812	-0.08683047	-0.8957688	3.538028	

0.1680309	-0.1215782	2.904841	-0.1805931	-0.06990112	3.326004	0.1470505	-0.2652195	2.929684	-0.1996582	-0.1785949	3.350043	0.1136783	-0.1777025	2.8948	-0.1593792	-0.1221782	3.286417	-0.06128024	0.6610237	2.968256	0.001345578	0.5504636	3.002038	-0.002836847	0.4731631	3.030917	-0.01510961	0.2361184	3.106487	-0.02890231	-0.08701733	3.196165	0.1273226	0.4358598	2.950134	-0.127656	0.4636466	3.144927	0.02913036	-0.08706882	3.117566	-0.08600647	-0.08462778	3.195764	0.1911172	0.1350861	2.927907	-0.1680172	0.1814882	3.27115	0.1373986	-0.5005215	3.195733	-0.08685768	-0.5261554	3.403565	0.1388618	-0.902381	3.288824	-0.0817713	-0.8994541	3.541477	

0.1650399	-0.1221471	2.904422	-0.1928101	-0.06873507	3.309248	0.1429354	-0.2642869	2.935593	-0.2046164	-0.1757018	3.325814	0.1116786	-0.1858036	2.902402	-0.1578604	-0.1145253	3.274177	-0.06058277	0.6609046	2.968977	0.002204988	0.5501556	3.003112	-0.001984623	0.4727952	3.032017	-0.01429679	0.2355719	3.107986	-0.02879242	-0.08776244	3.19858	0.1278207	0.4355388	2.950565	-0.1276116	0.4635152	3.146932	0.02943608	-0.08763442	3.118673	-0.08633482	-0.08557099	3.200004	0.190646	0.1344931	2.927814	-0.1672106	0.1819762	3.268167	0.1373605	-0.5020995	3.203217	-0.08746504	-0.5247605	3.406147	0.1388663	-0.9024201	3.288829	-0.073001	-0.9003574	3.554542	

0.155314	-0.1208308	2.910043	-0.2112856	-0.07087028	3.296749	0.1342603	-0.2589226	2.946014	-0.2263347	-0.1896003	3.309927	0.09876841	-0.1648908	2.912083	-0.1775104	-0.09694169	3.274333	-0.06288114	0.6669232	2.999482	-0.005223901	0.5558786	3.037149	-0.008140469	0.4774349	3.058088	-0.01755742	0.2378304	3.11733	-0.0301381	-0.08713006	3.198871	0.1200692	0.4373004	2.972922	-0.1424265	0.4589288	3.18074	0.0288433	-0.08686806	3.118334	-0.08910223	-0.08514743	3.201279	0.1825602	0.1352059	2.940197	-0.1760259	0.1817426	3.272869	0.1340991	-0.5014245	3.207772	-0.08025146	-0.5184914	3.415237	0.1388576	-0.9025891	3.289217	-0.05852503	-0.8935248	3.570623	

0.1507937	-0.1199678	2.914201	-0.2127893	-0.08719812	3.296691	0.1280981	-0.2560964	2.950699	-0.2285332	-0.1909489	3.32009	0.1040162	-0.1723666	2.907808	-0.2018849	-0.1496894	3.281167	-0.06499191	0.6694124	3.005238	-0.007778098	0.5581188	3.043168	-0.0117819	0.4802849	3.066411	-0.02383531	0.2416621	3.12833	-0.03785733	-0.08381955	3.204063	0.1171555	0.4376972	2.979884	-0.1476529	0.4690306	3.196137	0.02201202	-0.08320027	3.121563	-0.09697661	-0.08249937	3.208035	0.179287	0.1359889	2.947495	-0.1873606	0.1684168	3.285688	0.131041	-0.5027696	3.212009	-0.07627477	-0.5197167	3.42767	0.1389064	-0.9028223	3.28935	-0.05771806	-0.8941017	3.572097	

0.1476338	-0.1159196	2.920985	-0.2166224	-0.1073279	3.300861	0.1267301	-0.2519445	2.958914	-0.2197776	-0.1788293	3.320626	0.09967351	-0.1854704	2.9156	-0.1814583	-0.1493639	3.298625	-0.06734483	0.6729733	3.01398	-0.01156467	0.5604556	3.052052	-0.01610142	0.4828138	3.077464	-0.029611	0.2447057	3.145026	-0.04691745	-0.07982579	3.22614	0.1142049	0.4406361	2.990869	-0.1491711	0.4794276	3.203959	0.009805817	-0.07945135	3.146296	-0.1028042	-0.07840648	3.226961	0.1740822	0.140292	2.960992	-0.1930376	0.1490051	3.289352	0.127901	-0.5027037	3.215177	-0.07594576	-0.5193544	3.437035	0.1379726	-0.9078157	3.291189	-0.05604859	-0.8952138	3.578914	

0.1375099	-0.1044333	2.940714	-0.2234975	-0.09634604	3.311752	0.1211399	-0.2456784	2.975869	-0.2466403	-0.1832486	3.339165	0.09373465	-0.1626602	2.931875	-0.1890747	-0.09647501	3.310334	-0.07742053	0.6820683	3.035849	-0.02475901	0.5640242	3.069877	-0.02760061	0.4862324	3.092236	-0.03662973	0.2476472	3.151676	-0.05057787	-0.07737194	3.226584	0.1059277	0.4447052	3.007792	-0.1545605	0.4915854	3.215261	0.006971741	-0.07625882	3.145722	-0.1075108	-0.07655904	3.228562	0.1655372	0.1504114	2.976878	-0.2033773	0.1579654	3.293494	0.1226636	-0.5058171	3.220516	-0.07564316	-0.5150563	3.45108	0.1376871	-0.9084568	3.292037	-0.05421313	-0.8911255	3.581975	

0.1359505	-0.09918031	2.947068	-0.2298044	-0.09074623	3.320341	0.1201582	-0.2375586	2.980249	-0.25814	-0.1838232	3.345608	0.08541591	-0.1575436	2.952125	-0.2078882	-0.1184019	3.311364	-0.08138765	0.6847953	3.045928	-0.02848788	0.5671485	3.077929	-0.03203919	0.4892935	3.100685	-0.04274989	0.2504359	3.159708	-0.05690963	-0.07527455	3.23051	0.1026041	0.4463131	3.015164	-0.1611316	0.4952349	3.228055	0.002856507	-0.07555985	3.148313	-0.1158794	-0.07272625	3.2339	0.1623646	0.1540384	2.986363	-0.2077362	0.1617059	3.300457	0.1191304	-0.5090371	3.225689	-0.07526902	-0.5139951	3.458913	0.137645	-0.9086722	3.292267	-0.0536317	-0.8909042	3.582906	

0.1274269	-0.09689235	2.965035	-0.2510697	-0.1133749	3.349098	0.1079698	-0.238932	3.001665	-0.2598933	-0.2013085	3.392736	0.07031041	-0.1394079	3.003	-0.2394887	-0.1644571	3.366584	-0.09328227	0.6908029	3.065772	-0.04025227	0.5708385	3.096737	-0.04269284	0.4926268	3.117141	-0.05020991	0.252997	3.169574	-0.06079238	-0.07356016	3.233299	0.09358884	0.4518856	3.02985	-0.1869872	0.4783395	3.268115	-0.001223073	-0.07191515	3.149926	-0.1197697	-0.07292886	3.238181	0.1545385	0.1573255	3.000604	-0.2173053	0.1361225	3.315552	0.1159998	-0.5113249	3.230906	-0.07472368	-0.5144253	3.471967	0.1375599	-0.9090755	3.292805	-0.05294437	-0.8900126	3.586513	

0.1232778	-0.09374956	2.974121	-0.2524209	-0.1095245	3.354413	0.1079125	-0.230856	2.999331	-0.2696281	-0.2020963	3.406137	0.06946892	-0.1376536	3.00354	-0.2454841	-0.1823361	3.386	-0.09545363	0.6932271	3.071462	-0.04523336	0.5725497	3.102773	-0.04824772	0.4945097	3.123923	-0.05726263	0.2554292	3.177984	-0.068758	-0.07047853	3.241008	0.08670857	0.4537953	3.039343	-0.187563	0.481736	3.269698	-0.009924981	-0.06641339	3.157424	-0.1263686	-0.07233389	3.245721	0.1490032	0.1608372	3.013672	-0.2294997	0.1442789	3.336111	0.1119247	-0.5154377	3.237121	-0.07371217	-0.5169054	3.480568	0.1371342	-0.9091535	3.293628	-0.05316905	-0.8892027	3.587018	

0.1210318	-0.09648874	2.981562	-0.2576632	-0.1075535	3.368486	0.1039754	-0.2311159	3.004412	-0.2737749	-0.1686492	3.3914	0.06584159	-0.1540804	3.016286	-0.2176499	-0.07789989	3.3714	-0.1015806	0.6963555	3.081033	-0.05013132	0.5749312	3.112637	-0.05321196	0.4966849	3.13345	-0.06230934	0.2570494	3.186199	-0.07398178	-0.06934418	3.247096	0.07942849	0.4541635	3.049083	-0.1886489	0.4828789	3.271458	-0.01490245	-0.06474137	3.162896	-0.1314246	-0.07201255	3.252276	0.1439557	0.1588512	3.022155	-0.2315035	0.144742	3.338157	0.109696	-0.5161796	3.239386	-0.07390434	-0.5168629	3.486712	0.1365017	-0.9094024	3.294036	-0.05274777	-0.8881239	3.589639	

0.1003214	-0.08465157	3.042908	-0.283358	-0.1000514	3.461347	0.1120456	-0.2276015	3.068221	-0.271217	-0.206651	3.515402	0.06770567	-0.1598016	3.044	-0.2554982	-0.155256	3.457375	-0.1522501	0.7020881	3.168528	-0.09782139	0.5843131	3.188068	-0.09899139	0.5043011	3.20542	-0.1022219	0.2594365	3.24761	-0.1062556	-0.07379516	3.293724	0.02939419	0.4588665	3.117805	-0.2266871	0.4613239	3.316961	-0.04503355	-0.06287714	3.208769	-0.1648753	-0.08293372	3.299611	0.1024141	0.171947	3.083426	-0.2754313	0.1520983	3.422212	0.0727836	-0.5282081	3.273402	-0.1089941	-0.5132632	3.525464	0.135317	-0.9095796	3.296578	-0.0528788	-0.8880298	3.591783	

0.1002075	-0.08884122	3.042568	-0.2818874	-0.09924395	3.471412	0.1127232	-0.228689	3.082131	-0.2704846	-0.2128136	3.526217	0.06805459	-0.1691628	3.0602	-0.2253524	-0.182359	3.386	-0.1543891	0.7030753	3.171889	-0.09985905	0.5844331	3.190547	-0.1013091	0.5045227	3.208124	-0.1054963	0.2600301	3.251055	-0.1110858	-0.0725399	3.298316	0.02704819	0.4599485	3.121243	-0.226986	0.4618902	3.317471	-0.0494717	-0.06263427	3.213524	-0.1701107	-0.08061527	3.304109	0.1011292	0.1677814	3.085902	-0.2778682	0.1520966	3.426512	0.07238273	-0.5289932	3.273978	-0.1096244	-0.5133357	3.526332	0.1348003	-0.9102293	3.297588	-0.05306835	-0.8877927	3.591991	

0.09525066	-0.09022932	3.04764	-0.2832331	-0.07791989	3.46984	0.09683277	-0.2282502	3.08443	-0.2747521	-0.203254	3.523309	0.05251407	-0.1603818	3.068143	-0.2521876	-0.1267266	3.434	-0.1593139	0.7044318	3.179711	-0.1054579	0.5849941	3.197865	-0.1068312	0.5054048	3.215135	-0.1107434	0.2618159	3.257174	-0.1158997	-0.06968596	3.303327	0.02113614	0.4609044	3.126993	-0.2250436	0.5116885	3.336408	-0.05577292	-0.06182679	3.217891	-0.1736605	-0.07537671	3.310289	0.09927259	0.1670117	3.088185	-0.2881166	0.2113349	3.452462	0.07193413	-0.5292612	3.275139	-0.1118785	-0.512199	3.529392	0.1345036	-0.9105986	3.298259	-0.0537313	-0.8877139	3.592528	

0.08932634	-0.09023888	3.052422	-0.2855423	-0.07993908	3.475981	0.09193052	-0.2276221	3.085432	-0.2908435	-0.1943918	3.542658	0.0525551	-0.1716498	3.057667	-0.2358582	-0.1585545	3.3942	-0.165353	0.7049801	3.187853	-0.1129961	0.5858746	3.208984	-0.1147806	0.5065575	3.226321	-0.1199014	0.2638519	3.268494	-0.1265987	-0.06635798	3.314659	0.01499831	0.4613908	3.133973	-0.2262607	0.5099146	3.337723	-0.06881599	-0.05944648	3.230831	-0.1815787	-0.07170749	3.319566	0.09476599	0.1670898	3.091897	-0.290729	0.1987751	3.452471	0.07036991	-0.5299004	3.27692	-0.1137337	-0.5103493	3.530824	0.13237	-0.9126428	3.298414	-0.05551139	-0.8860126	3.591555	

0.05625514	-0.09434153	3.075997	-0.2969838	-0.06301107	3.499648	0.05537999	-0.1980347	3.082337	-0.294574	-0.1874134	3.561522	0.02319225	-0.1435856	3.054	-0.2767968	-0.1169446	3.476455	-0.1887007	0.703537	3.222908	-0.1308082	0.5876215	3.233847	-0.1320783	0.5079147	3.249554	-0.1355748	0.2641547	3.28715	-0.1400701	-0.06723147	3.327999	-0.005040783	0.4624471	3.158315	-0.2305838	0.5065192	3.340708	-0.0794556	-0.06002251	3.239435	-0.1976032	-0.0729003	3.338456	0.07127569	0.1623555	3.11747	-0.2948057	0.1926826	3.453981	0.05849624	-0.5300358	3.285586	-0.1187995	-0.5105374	3.541537	0.1314453	-0.9141164	3.298142	-0.05715153	-0.8870471	3.590895	

0.05511202	-0.0906035	3.076342	-0.2972069	-0.06286243	3.501038	0.04508535	-0.1895217	3.081452	-0.2966539	-0.1864757	3.553911	0.01618814	-0.1309197	3.052389	-0.2805988	-0.1279578	3.491637	-0.1916514	0.7040776	3.226216	-0.1354191	0.5870398	3.239492	-0.1367243	0.507845	3.254929	-0.1403628	0.265536	3.291714	-0.1451711	-0.06397285	3.331412	-0.008117912	0.4628694	3.163116	-0.2425043	0.5146586	3.361091	-0.08532968	-0.05736966	3.243019	-0.2016719	-0.06921002	3.341296	0.06499018	0.1660653	3.120228	-0.3043515	0.1976594	3.470009	0.05334393	-0.5312933	3.288868	-0.1236987	-0.5052616	3.545298	0.1307108	-0.9159974	3.297898	-0.0566812	-0.8862081	3.591719	

0.04621931	-0.09346383	3.080314	-0.3032094	-0.09993246	3.537197	0.04269554	-0.1949474	3.101087	-0.2919395	-0.2065164	3.580009	-0.004545438	-0.1293316	3.090375	-0.2820525	-0.1309861	3.502	-0.1959948	0.7036712	3.232213	-0.1410311	0.5866476	3.245587	-0.1428264	0.5075331	3.261605	-0.1478959	0.2655261	3.300018	-0.1543895	-0.06356592	3.341474	-0.0132432	0.4638896	3.169223	-0.266715	0.4753189	3.383357	-0.09424913	-0.05777546	3.253735	-0.2107557	-0.06796549	3.350292	0.06033166	0.1635719	3.123835	-0.3293037	0.1582337	3.493483	0.03949731	-0.5192744	3.290197	-0.1711683	-0.4124432	3.537027	0.1302357	-0.9174991	3.298071	-0.06758533	-0.8622159	3.601215	

0.02547938	-0.08958582	3.090694	-0.3059731	-0.07856376	3.530792	0.01078085	-0.1779963	3.093538	-0.3042292	-0.1891257	3.585807	-0.03120825	-0.1331689	3.105	-0.2940764	-0.128691	3.526667	-0.206248	0.7000997	3.247675	-0.1513951	0.5880575	3.260288	-0.1542142	0.5093701	3.27711	-0.1625028	0.2687798	3.317827	-0.1737008	-0.05818941	3.362253	-0.02403697	0.4631952	3.180988	-0.2650118	0.4915101	3.37996	-0.1131994	-0.0550218	3.276274	-0.2302223	-0.06002115	3.369443	0.046989	0.1676587	3.131932	-0.3276121	0.1743276	3.49012	0.0269322	-0.5115873	3.285277	-0.1700566	-0.4142973	3.537181	0.1298515	-0.9186665	3.298192	-0.06610861	-0.8640844	3.600762	

0.01717203	-0.08698865	3.09705	-0.3098913	-0.08896202	3.541056	-0.009283789	-0.1795036	3.115088	-0.2995325	-0.2107913	3.608402	-0.04700854	-0.1229489	3.124143	-0.2927842	-0.1638771	3.557077	-0.209913	0.7009134	3.251482	-0.1544043	0.5870407	3.264856	-0.1573269	0.5085049	3.281484	-0.1658236	0.2683157	3.321594	-0.1770792	-0.05825285	3.365177	-0.02861522	0.4634711	3.187847	-0.2708931	0.4837597	3.384173	-0.1153303	-0.05509081	3.278821	-0.2349532	-0.0600633	3.372668	0.04229061	0.1702678	3.1385	-0.3312621	0.1794786	3.514813	0.01965303	-0.5089694	3.282069	-0.1384413	-0.5364292	3.578176	0.128802	-0.9215753	3.297864	-0.05894361	-0.8832926	3.593054	

0.009476097	-0.08262145	3.101795	-0.3346824	-0.0643267	3.564532	-0.01633847	-0.1782889	3.129699	-0.3028784	-0.20185	3.613588	-0.05062694	-0.09237932	3.118667	-0.2927936	-0.1278957	3.532143	-0.2124748	0.7015251	3.254534	-0.1577515	0.5865262	3.269164	-0.1604309	0.5081933	3.285339	-0.1682028	0.2684914	3.324211	-0.1785821	-0.05770247	3.366489	-0.03126743	0.4644921	3.193499	-0.2738997	0.4811355	3.386922	-0.1162424	-0.05453966	3.279734	-0.2370307	-0.0595745	3.374397	0.03676232	0.1743792	3.14516	-0.3317748	0.1882369	3.516499	0.007266069	-0.5036391	3.275244	-0.1341573	-0.5543821	3.583897	0.1282813	-0.9221467	3.297476	-0.05598375	-0.8906544	3.569463	

-0.026362	-0.06898521	3.123553	-0.3403263	-0.06975587	3.571789	-0.05825977	-0.1710416	3.159995	-0.3380728	-0.1955538	3.63259	-0.09602456	-0.1184399	3.166667	-0.310112	-0.1291277	3.574692	-0.2218453	0.7049127	3.267194	-0.1660215	0.5880961	3.281332	-0.1696416	0.5112407	3.297517	-0.1808969	0.2768385	3.336737	-0.1975676	-0.03939176	3.37956	-0.03998194	0.4666202	3.203986	-0.2902182	0.5208536	3.435946	-0.1388022	-0.0416185	3.297734	-0.2529924	-0.03526243	3.383341	0.02513156	0.1843898	3.167152	-0.3397299	0.2027763	3.523732	-0.02757463	-0.5006892	3.260174	-0.2024814	-0.3884481	3.556545	0.1184199	-0.9229597	3.297226	-0.07806138	-0.8351972	3.607988	

-0.02564325	-0.06727158	3.123606	-0.3549235	-0.04633497	3.578413	-0.05790595	-0.1673847	3.135904	-0.3405135	-0.200529	3.632513	-0.09330251	-0.08205604	3.165589	-0.3124871	-0.105955	3.5673	-0.2233815	0.706817	3.270147	-0.1679395	0.58904	3.284816	-0.1714521	0.512285	3.300343	-0.1821544	0.2778475	3.337838	-0.1979995	-0.03893413	3.379374	-0.04165225	0.4674867	3.207976	-0.2895987	0.5194331	3.429588	-0.1389091	-0.04114976	3.296872	-0.2537327	-0.03476265	3.383595	0.02339586	0.1863565	3.169918	-0.3424045	0.2051491	3.526325	-0.03084366	-0.5000603	3.259578	-0.2047805	-0.3879641	3.557108	0.1144552	-0.9226912	3.297689	-0.07870946	-0.8343037	3.608256	

-0.02550497	-0.06687278	3.12414	-0.3479296	-0.0791755	3.58306	-0.05519217	-0.1661754	3.1377	-0.3402386	-0.209946	3.632498	-0.09341945	-0.08279976	3.169305	-0.3183326	-0.1234068	3.583364	-0.2240894	0.7074966	3.27261	-0.1702112	0.590137	3.289608	-0.173692	0.5135543	3.304484	-0.184038	0.2793423	3.340029	-0.1989587	-0.03792168	3.379527	-0.04343054	0.4684693	3.211972	-0.2896763	0.5193182	3.429506	-0.1394287	-0.04058832	3.297166	-0.2548214	-0.03357158	3.383386	0.02315662	0.186804	3.17169	-0.3465084	0.2043751	3.530426	-0.03306689	-0.4995654	3.260047	-0.20565	-0.3871139	3.55635	0.1118478	-0.9211593	3.300948	-0.07912662	-0.8333508	3.607373	

-0.02544698	-0.06703381	3.124214	-0.3590744	-0.0507121	3.573757	-0.05602122	-0.1664051	3.13655	-0.3621759	-0.1700599	3.611112	-0.09196693	-0.08291959	3.166483	-0.3350539	-0.1691096	3.6	-0.2242198	0.7074963	3.273979	-0.1706224	0.5904909	3.291595	-0.1743924	0.5140443	3.306443	-0.1856597	0.2802818	3.341783	-0.2015934	-0.03666232	3.380358	-0.04381457	0.4684418	3.21313	-0.2897928	0.5193866	3.429671	-0.1419439	-0.03954097	3.298676	-0.257143	-0.0323914	3.383447	0.02295857	0.1868173	3.171992	-0.3497822	0.20385	3.532655	-0.03415155	-0.4996678	3.26062	-0.2061389	-0.3891446	3.550897	0.1094273	-0.9207569	3.306242	-0.0803911	-0.8349742	3.605958	

-0.0231341	-0.06751601	3.1237	-0.3609366	-0.05103175	3.571889	-0.04130362	-0.1660524	3.12536	-0.3743255	-0.1689949	3.598279	-0.08466192	-0.07753178	3.172476	-0.3293474	-0.1073773	3.573333	-0.2238139	0.7077894	3.276793	-0.1708055	0.5913895	3.293032	-0.1746154	0.5147548	3.307397	-0.185863	0.2805779	3.34183	-0.2020324	-0.03649764	3.378905	-0.04416696	0.4684217	3.213977	-0.2897074	0.5174969	3.425776	-0.1419941	-0.03884255	3.295141	-0.2576133	-0.03253667	3.383001	0.02300817	0.1868347	3.17197	-0.351707	0.2036859	3.530814	-0.03557852	-0.5001088	3.263331	-0.2065471	-0.3893989	3.550258	0.1065391	-0.9201669	3.310941	-0.08092149	-0.8350736	3.6065	

-0.008324804	-0.07000884	3.116654	-0.3628862	-0.05512522	3.562881	-0.02927053	-0.1735046	3.135862	-0.3774014	-0.1878355	3.581207	-0.06879608	-0.09674031	3.168625	-0.3288252	-0.09392439	3.55875	-0.2226246	0.7085375	3.276818	-0.1699922	0.5923345	3.292802	-0.1738188	0.5155767	3.306896	-0.1847303	0.2811733	3.339693	-0.1993311	-0.03749963	3.370967	-0.04417099	0.4684392	3.213968	-0.2890176	0.5158845	3.419648	-0.1394001	-0.03879765	3.290101	-0.2548752	-0.03531929	3.371798	0.02337826	0.1860114	3.169654	-0.3549257	0.2009793	3.527543	-0.03354365	-0.5060002	3.270201	-0.2075886	-0.389641	3.543884	0.1042823	-0.9207565	3.316072	-0.08198477	-0.8343911	3.605711	

0.01014045	-0.07379531	3.10491	-0.3655957	-0.06911213	3.549877	0.005350092	-0.17938	3.144526	-0.36224	-0.197877	3.567277	-0.04259384	-0.1306821	3.162286	-0.3250081	-0.09129538	3.5332	-0.2211259	0.7107992	3.276613	-0.1690194	0.5935861	3.291336	-0.1727152	0.5166674	3.305182	-0.1830985	0.2816119	3.336831	-0.1967469	-0.03850355	3.366975	-0.04341502	0.4691989	3.212868	-0.2872706	0.5135947	3.408928	-0.1358038	-0.03833421	3.283604	-0.2529308	-0.03729685	3.36976	0.0287868	0.1821312	3.165729	-0.355096	0.1856975	3.508921	-0.03175375	-0.5088643	3.272865	-0.1928597	-0.4112358	3.517801	0.102813	-0.9212509	3.320287	-0.07174927	-0.854522	3.593311	

0.02118109	-0.07246979	3.101507	-0.3643172	-0.06907637	3.537794	0.02040226	-0.1800739	3.115306	-0.3670818	-0.1957674	3.554829	-0.02907492	-0.1380176	3.1569	-0.3277912	-0.08877984	3.521571	-0.2178589	0.7140006	3.27387	-0.1688532	0.5946905	3.289893	-0.1723013	0.5176455	3.303745	-0.1819046	0.2822213	3.335266	-0.1940404	-0.03843252	3.365544	-0.04158198	0.4702573	3.211219	-0.2869418	0.5156739	3.407546	-0.134017	-0.03749585	3.283039	-0.2490334	-0.03853	3.367544	0.03241389	0.18402	3.161681	-0.3548295	0.1879205	3.507932	-0.02814123	-0.5111461	3.276276	-0.2034232	-0.4014891	3.525485	0.1019204	-0.9216562	3.321777	-0.08032551	-0.8438861	3.602913	

0.0248221	-0.07244457	3.10082	-0.3636093	-0.06986775	3.530326	0.01503813	-0.1791249	3.129683	-0.3612003	-0.1958188	3.547677	-0.02981695	-0.1315238	3.158603	-0.3241905	-0.0880084	3.517333	-0.2164084	0.7155864	3.27142	-0.1674745	0.5962818	3.28797	-0.1706648	0.5190408	3.301414	-0.1793477	0.2827649	3.331388	-0.1900448	-0.03961203	3.359661	-0.03942485	0.4708456	3.208817	-0.287342	0.5130828	3.397218	-0.1289153	-0.03718607	3.276744	-0.2463501	-0.04090285	3.362726	0.03596302	0.1847859	3.156925	-0.3547213	0.1877577	3.50418	-0.02333828	-0.5141514	3.278697	-0.1977606	-0.4051711	3.517677	0.09993335	-0.921497	3.323191	-0.07856874	-0.8471895	3.601594	

0.036933	-0.07814156	3.096063	-0.361513	-0.09434661	3.514847	0.03675771	-0.1967686	3.112837	-0.3415748	-0.2056318	3.536804	-0.004924953	-0.1309656	3.153667	-0.3141957	-0.09866254	3.495667	-0.2100583	0.7165045	3.262592	-0.1649622	0.5970354	3.282351	-0.1678224	0.5195365	3.29557	-0.1756916	0.2823658	3.325169	-0.1856792	-0.04095694	3.353963	-0.03584544	0.4710884	3.204503	-0.2960429	0.4995083	3.407877	-0.1260663	-0.03739175	3.274472	-0.2405583	-0.04406063	3.352588	0.04175651	0.1792577	3.152201	-0.3529676	0.1633252	3.489465	-0.0197437	-0.5135207	3.279375	-0.1561641	-0.5221157	3.552764	0.09916083	-0.9215623	3.324336	-0.06663646	-0.8754714	3.596924	

0.04220808	-0.07776358	3.09441	-0.3482029	-0.1110189	3.497056	0.04979077	-0.1971015	3.110795	-0.3441757	-0.2059059	3.525703	0.003729568	-0.1540063	3.153333	-0.3166691	-0.1091684	3.4842	-0.207203	0.7187045	3.257155	-0.1635609	0.5976092	3.278032	-0.1660927	0.5198374	3.29109	-0.1729453	0.2817475	3.320201	-0.1813392	-0.04288958	3.348495	-0.03284289	0.4716699	3.201389	-0.301821	0.4870042	3.408261	-0.1214131	-0.03835891	3.270659	-0.2370657	-0.04671169	3.346353	0.04395812	0.1796398	3.150749	-0.3525672	0.1484355	3.48503	-0.00892641	-0.5218083	3.283442	-0.1558057	-0.5223522	3.55256	0.09874482	-0.9209399	3.325203	-0.06664678	-0.8757156	3.596408	

0.04522788	-0.07719857	3.093755	-0.3464453	-0.1136299	3.494565	0.05649866	-0.205554	3.116524	-0.339061	-0.2196541	3.539365	0.004299557	-0.1393254	3.1473	-0.3170339	-0.1361872	3.463857	-0.2051935	0.7186084	3.253517	-0.1609598	0.5985324	3.275241	-0.1637936	0.5206454	3.288627	-0.1715633	0.2822567	3.318695	-0.1808978	-0.04261541	3.347985	-0.03048223	0.4711264	3.198916	-0.3086245	0.4938177	3.430027	-0.1212544	-0.03798646	3.269741	-0.236215	-0.04641231	3.346238	0.04561872	0.1806826	3.149729	-0.3473827	0.1452014	3.473557	-0.00425475	-0.5231817	3.284567	-0.1384784	-0.545988	3.548992	0.09848466	-0.9210661	3.325454	-0.0630946	-0.8810784	3.569972	

0.04844573	-0.07944569	3.09422	-0.3436457	-0.1135862	3.482115	0.0551101	-0.2051387	3.118976	-0.3501188	-0.2078541	3.504357	-0.0100348	-0.1289521	3.148333	-0.3075486	-0.1278185	3.4674	-0.1995716	0.7159577	3.241907	-0.1567233	0.5955276	3.263822	-0.1597671	0.5177482	3.27817	-0.1683435	0.2797475	3.311094	-0.178972	-0.04434596	3.343979	-0.02495119	0.4705832	3.195741	-0.3052332	0.4943209	3.418585	-0.1192488	-0.03909292	3.267058	-0.2345932	-0.04870284	3.341225	0.04941478	0.1791026	3.148609	-0.3461117	0.1464645	3.467812	0.01134165	-0.5228871	3.292967	-0.133175	-0.5469465	3.54515	0.09965067	-0.9212785	3.328745	-0.06379987	-0.8823776	3.574012	

0.05221549	-0.08168641	3.094765	-0.3442071	-0.09976588	3.478602	0.04354296	-0.2059374	3.109416	-0.3401358	-0.2101625	3.510557	0.02282093	-0.1210912	3.0802	-0.2988693	-0.1286011	3.446667	-0.1959278	0.7153664	3.234701	-0.1541463	0.5950539	3.259617	-0.156694	0.5172106	3.273509	-0.1636661	0.2789942	3.30512	-0.172157	-0.04532713	3.336771	-0.02168477	0.4700032	3.192893	-0.2968567	0.5053099	3.401663	-0.1127958	-0.03941502	3.260482	-0.2276117	-0.05026598	3.333847	0.05248449	0.1769765	3.148392	-0.3426854	0.1596757	3.458748	0.01711089	-0.5217727	3.294987	-0.1409417	-0.5077866	3.533204	0.1002939	-0.9190161	3.333723	-0.06554432	-0.875344	3.5949	

0.05355252	-0.08013625	3.095435	-0.3431893	-0.1012157	3.474249	0.05028804	-0.1962084	3.104015	-0.3405784	-0.2111251	3.505185	0.0215147	-0.1267423	3.084059	-0.3287494	-0.1877497	3.486889	-0.1925145	0.7150213	3.226437	-0.1505312	0.5935876	3.2541	-0.1530451	0.5156755	3.267941	-0.160091	0.2772783	3.299583	-0.168962	-0.04718218	3.331623	-0.01784564	0.4678518	3.188415	-0.2968065	0.5047647	3.401025	-0.1094266	-0.04035979	3.255125	-0.2245558	-0.05296291	3.328982	0.05472866	0.1788112	3.147276	-0.342004	0.1582224	3.454361	0.02505178	-0.5223553	3.299018	-0.1402633	-0.5079148	3.532681	0.1014969	-0.9179084	3.33549	-0.06741555	-0.8784878	3.593568	

0.05437801	-0.08034937	3.09614	-0.34299	-0.100639	3.471191	0.05641428	-0.1846219	3.109913	-0.340577	-0.2142802	3.514947	0.02072807	-0.135386	3.087087	-0.3091711	-0.1038882	3.457333	-0.1908294	0.7134836	3.22328	-0.1487422	0.5918653	3.250803	-0.1512066	0.5141439	3.264511	-0.1581137	0.276324	3.295719	-0.1667997	-0.0472995	3.327091	-0.01582205	0.4675039	3.186458	-0.2960771	0.5054293	3.398782	-0.1068548	-0.04063466	3.250368	-0.2228091	-0.05290709	3.324808	0.05618807	0.1787907	3.146672	-0.3419629	0.1588114	3.451354	0.03416823	-0.5272714	3.304505	-0.1387368	-0.5083703	3.531627	0.1015964	-0.9180331	3.336294	-0.06740183	-0.8790467	3.593397	

0.05508559	-0.08091404	3.096221	-0.3432042	-0.1002521	3.47107	0.05491098	-0.1852684	3.104853	-0.3422137	-0.2118001	3.509717	0.01659622	-0.1374529	3.090929	-0.3060911	-0.1057322	3.455655	-0.1879035	0.7129039	3.21808	-0.1473271	0.5905331	3.247418	-0.1495907	0.5129287	3.261053	-0.1558782	0.2754719	3.292036	-0.1636733	-0.04762351	3.32312	-0.01330309	0.466785	3.183635	-0.2951069	0.505343	3.396264	-0.1039304	-0.04095523	3.246423	-0.2195436	-0.0532028	3.320897	0.05731075	0.178299	3.146215	-0.3417095	0.1589747	3.44956	0.03964927	-0.5292872	3.308993	-0.1376427	-0.5083551	3.53092	0.101495	-0.9175877	3.33667	-0.06758099	-0.879057	3.593424	

0.05555787	-0.08082096	3.096693	-0.3450172	-0.09985331	3.469636	0.05211686	-0.2060674	3.111398	-0.3447275	-0.2111249	3.498711	0.02622936	-0.176021	3.083833	-0.3178891	-0.1082716	3.456202	-0.1869101	0.7121997	3.215846	-0.1464488	0.5899641	3.244926	-0.1485609	0.5123414	3.258383	-0.1543793	0.2748277	3.288841	-0.1615334	-0.04836365	3.319269	-0.01229814	0.4666503	3.181668	-0.2944165	0.5055572	3.3944	-0.1017939	-0.04174063	3.242291	-0.2174412	-0.05386636	3.317373	0.05864362	0.1785088	3.145817	-0.3417244	0.1593041	3.447789	0.04159449	-0.5295398	3.309257	-0.1367461	-0.5078049	3.529975	0.1024674	-0.9164	3.337231	-0.06740849	-0.8790982	3.593328	

0.05570144	-0.08153795	3.096675	-0.3456089	-0.09913062	3.468727	0.04075625	-0.2076665	3.114061	-0.3469935	-0.2117996	3.522738	0.01540288	-0.1382422	3.094786	-0.3184247	-0.1046852	3.462916	-0.184766	0.7120949	3.213024	-0.146019	0.5889842	3.242633	-0.1480351	0.5114059	3.256587	-0.1536578	0.2739733	3.288107	-0.1603005	-0.04950346	3.319516	-0.01137699	0.4664587	3.180575	-0.2931364	0.5051277	3.388324	-0.1008064	-0.0427831	3.242649	-0.2159461	-0.05508848	3.31753	0.05977775	0.1778678	3.145145	-0.3416871	0.1597346	3.444862	0.04312915	-0.529987	3.309444	-0.135366	-0.5051228	3.526892	0.1027364	-0.9163994	3.337696	-0.06707247	-0.877856	3.593117	

0.05597713	-0.08163556	3.096537	-0.3461637	-0.0990398	3.467429	0.05122327	-0.1857797	3.103304	-0.3492446	-0.2143144	3.523403	0.01566448	-0.139098	3.093872	-0.3109295	-0.1044832	3.477	-0.1833976	0.7110732	3.208433	-0.1450176	0.5875404	3.239447	-0.1470845	0.510096	3.253567	-0.152894	0.2730793	3.285778	-0.1598829	-0.04985889	3.318187	-0.009641914	0.4665792	3.177236	-0.2926636	0.5051164	3.386559	-0.100391	-0.0431181	3.24117	-0.2155403	-0.05544336	3.316381	0.06104514	0.1778612	3.144221	-0.3415223	0.1596992	3.4428	0.04391405	-0.5303193	3.30955	-0.1346309	-0.502794	3.523666	0.1021582	-0.9161726	3.337929	-0.06691558	-0.8760316	3.592096	

0.05595378	-0.08116298	3.096682	-0.34903	-0.1008057	3.466048	0.04144314	-0.2124507	3.111134	-0.346611	-0.2182963	3.517655	0.01606475	-0.1230054	3.0852	-0.3175399	-0.1035202	3.445333	-0.1821051	0.7110794	3.20528	-0.1439343	0.5871619	3.236111	-0.1457365	0.5096666	3.249706	-0.1506299	0.2724908	3.28032	-0.1563242	-0.05054363	3.310622	-0.008189853	0.4661894	3.173701	-0.2932958	0.5041627	3.385128	-0.09664401	-0.04379687	3.235131	-0.2123028	-0.05609798	3.307095	0.06211285	0.1787798	3.143449	-0.3430422	0.1578176	3.438681	0.04465709	-0.5284641	3.307372	-0.1344414	-0.5027364	3.522866	0.1024076	-0.915812	3.3381	-0.06675293	-0.8763681	3.591902	

0.05646218	-0.08182387	3.096147	-0.3500334	-0.1030557	3.465651	0.0393127	-0.2146951	3.112629	-0.3499156	-0.2077479	3.502568	0.01563334	-0.1364435	3.090969	-0.3277418	-0.1332647	3.455857	-0.1812897	0.7104824	3.201824	-0.1430454	0.5858771	3.232368	-0.1448136	0.5085096	3.245928	-0.1496594	0.2717425	3.276613	-0.1554448	-0.05070007	3.307249	-0.007099241	0.4658828	3.170983	-0.2934123	0.502211	3.38262	-0.095565	-0.04388855	3.231434	-0.2116232	-0.05630014	3.304174	0.06299677	0.1784708	3.142567	-0.3433502	0.1556815	3.437191	0.04453896	-0.5289837	3.30674	-0.1346545	-0.5026776	3.521752	0.102636	-0.9148613	3.339005	-0.06731898	-0.8734355	3.590424	

0.05707559	-0.08214282	3.094979	-0.3504404	-0.1053647	3.462825	0.04352328	-0.2143067	3.10704	-0.3478109	-0.2132167	3.50217	0.01616275	-0.1585131	3.1002	-0.3183039	-0.1100848	3.453667	-0.1798508	0.7090452	3.196783	-0.1428983	0.5851122	3.22967	-0.1447214	0.5077531	3.243125	-0.1497612	0.2710246	3.273565	-0.155904	-0.0513039	3.303974	-0.006112456	0.4646087	3.166596	-0.2935597	0.4996768	3.374885	-0.09596328	-0.04435755	3.226927	-0.2120824	-0.05695703	3.301995	0.06418055	0.1786101	3.140127	-0.3428243	0.1534513	3.43319	0.04384272	-0.5297806	3.304482	-0.1354891	-0.5029089	3.518693	0.1025831	-0.9151286	3.339494	-0.06738821	-0.873951	3.590165	

0.0583351	-0.0828326	3.092681	-0.3512056	-0.1067881	3.461545	0.04963721	-0.2150445	3.10894	-0.3465872	-0.2140708	3.501142	0.01481695	-0.1336417	3.091824	-0.3186198	-0.1075571	3.4485	-0.1791636	0.7090738	3.193208	-0.1423592	0.5846056	3.226409	-0.1442662	0.5072553	3.23996	-0.1495568	0.2705519	3.270726	-0.1560408	-0.05171406	3.301596	-0.00580963	0.4646276	3.163724	-0.2935515	0.4988366	3.372134	-0.09606616	-0.0443106	3.225405	-0.2122526	-0.05802092	3.298686	0.06472784	0.1783313	3.137209	-0.3423847	0.1518379	3.42925	0.04215339	-0.5294359	3.3004	-0.1371844	-0.5010809	3.513711	0.1028317	-0.9144573	3.339518	-0.06890424	-0.8790568	3.58947	

0.05824917	-0.08963018	3.088333	-0.354707	-0.1026939	3.454933	0.05058129	-0.2198102	3.10453	-0.3527582	-0.2142345	3.483101	0.01769494	-0.1379917	3.073909	-0.3272444	-0.1831986	3.4552	-0.1793101	0.7088956	3.189489	-0.1420411	0.5841126	3.220481	-0.1444338	0.5067461	3.234466	-0.1510566	0.2699752	3.266252	-0.1595384	-0.05243025	3.297855	-0.006183228	0.4638068	3.157946	-0.2892785	0.5015671	3.361117	-0.09966215	-0.04510354	3.221057	-0.2155062	-0.05859545	3.295713	0.0648205	0.1717472	3.130857	-0.339748	0.1550565	3.419491	0.04058706	-0.5306833	3.296311	-0.1384895	-0.5052373	3.511163	0.1023127	-0.9133949	3.340194	-0.06819724	-0.8799859	3.589544	

0.05848978	-0.09162445	3.085622	-0.3550459	-0.09959611	3.450999	0.04349872	-0.2206319	3.106109	-0.3449975	-0.2141626	3.4819	0.02207304	-0.1836784	3.094	-0.322175	-0.159541	3.445	-0.1798468	0.7085852	3.187422	-0.1420852	0.5835252	3.215838	-0.1447194	0.5062109	3.230002	-0.1520669	0.2695874	3.262415	-0.161409	-0.05261095	3.29493	-0.006743199	0.4637813	3.153385	-0.2865737	0.5041499	3.356531	-0.1017615	-0.04525282	3.217849	-0.2171034	-0.05877231	3.293199	0.06453361	0.1699583	3.126381	-0.3391372	0.1581975	3.416031	0.03877115	-0.5316072	3.293189	-0.140246	-0.5052754	3.506223	0.1022438	-0.9132356	3.340465	-0.06812418	-0.8799728	3.589468	

0.0573836	-0.09336648	3.082199	-0.355083	-0.1000388	3.446455	0.04343558	-0.2139504	3.101857	-0.3419644	-0.215378	3.470629	0.01346365	-0.1485304	3.06925	-0.3241999	-0.1683821	3.4624	-0.1807629	0.7082562	3.184907	-0.1420068	0.5838616	3.211643	-0.145182	0.5064915	3.226108	-0.1542212	0.2697322	3.259067	-0.1670154	-0.05261685	3.291911	-0.006909678	0.4624287	3.147877	-0.2861555	0.5045332	3.355884	-0.1073345	-0.04550789	3.214858	-0.2226249	-0.05850752	3.290246	0.06248797	0.1684491	3.120888	-0.3392202	0.1576584	3.410956	0.03152325	-0.5285003	3.284434	-0.1452339	-0.5085455	3.503156	0.1025016	-0.9132841	3.340403	-0.06705181	-0.8809036	3.590258	

0.0537806	-0.09036543	3.073438	-0.3546387	-0.1013046	3.441001	0.03899556	-0.2114604	3.086188	-0.3513767	-0.1910889	3.462128	0.007132987	-0.1650916	3.064125	-0.3146085	-0.1451062	3.42225	-0.1810069	0.7084393	3.178341	-0.1417051	0.5841001	3.2076	-0.1454334	0.5066243	3.222187	-0.1562345	0.2695383	3.255389	-0.1718378	-0.05334514	3.288505	-0.007554346	0.460017	3.140527	-0.2833311	0.5034239	3.348897	-0.1122095	-0.0469213	3.210114	-0.2274104	-0.05862594	3.28799	0.05851401	0.1720317	3.110079	-0.3382459	0.1569104	3.406524	0.02840338	-0.5273253	3.27902	-0.1491255	-0.5134487	3.50122	0.1026977	-0.9138005	3.339817	-0.06797165	-0.8822629	3.589011	

0.04866512	-0.08868051	3.067494	-0.3547623	-0.1035721	3.438601	0.03355683	-0.2196159	3.087493	-0.3480282	-0.1912559	3.464994	-0.001467358	-0.1464211	3.056454	-0.3148319	-0.124213	3.414369	-0.1813482	0.7079149	3.175592	-0.1404246	0.5846957	3.201003	-0.1448285	0.5070667	3.215789	-0.1575495	0.2695369	3.249704	-0.175188	-0.0538598	3.283772	-0.008134156	0.4597178	3.135841	-0.2826168	0.5015081	3.345984	-0.1149092	-0.04770078	3.205731	-0.231292	-0.05878023	3.283095	0.05705893	0.1739842	3.103817	-0.3384708	0.1554313	3.40671	0.02210959	-0.5228156	3.274002	-0.1516213	-0.5135434	3.498025	0.1025868	-0.9144877	3.338915	-0.06879935	-0.8837129	3.586998	

0.02730277	-0.09331051	3.0374	-0.3552699	-0.1146045	3.442518	-0.002757117	-0.2181875	3.050493	-0.3372023	-0.1915727	3.470463	-0.02412441	-0.1500026	3.024	-0.3037206	-0.1197082	3.414143	-0.1785324	0.7063152	3.1623	-0.1335861	0.5844581	3.185166	-0.1388724	0.5062134	3.200224	-0.1542491	0.2668916	3.235342	-0.1746212	-0.05868658	3.271256	-0.006461133	0.4582005	3.115197	-0.2643039	0.4759458	3.30678	-0.113054	-0.05367824	3.183935	-0.2314717	-0.0622706	3.277269	0.05444533	0.1672182	3.081847	-0.3269789	0.1420375	3.404236	0.02478725	-0.5241297	3.273303	-0.1511378	-0.5108821	3.49446	0.1026397	-0.914225	3.338643	-0.06908684	-0.8837107	3.586466	

0.02281265	-0.09372089	3.033155	-0.3446089	-0.1060712	3.452523	-0.001958607	-0.2255752	3.048013	-0.3217827	-0.1827496	3.483721	-0.02909871	-0.1393785	3.013945	-0.2950538	-0.1236739	3.414286	-0.1769308	0.7059207	3.15692	-0.1311984	0.5834895	3.17891	-0.1373898	0.505416	3.195461	-0.1544546	0.2664775	3.233775	-0.1762213	-0.05906881	3.27136	-0.004685448	0.4566765	3.107494	-0.2597145	0.4815321	3.30528	-0.115512	-0.05468463	3.184431	-0.2326076	-0.06225085	3.277544	0.05247579	0.1671789	3.071924	-0.3166241	0.1354787	3.365291	0.02952516	-0.524929	3.27202	-0.1487853	-0.5101537	3.492918	0.1027462	-0.9141365	3.338445	-0.06926281	-0.8837383	3.586439	

0.01928263	-0.09397279	3.028141	-0.3235644	-0.07635751	3.432899	-0.006715966	-0.2278572	3.048743	-0.3071328	-0.2010987	3.477486	-0.03547583	-0.1488783	3.011	-0.2879343	-0.1716891	3.449667	-0.1754327	0.7059988	3.152434	-0.1296351	0.582657	3.174298	-0.1357376	0.5048005	3.190043	-0.1531899	0.2667216	3.226703	-0.176094	-0.05743614	3.264225	-0.003805888	0.4550357	3.102436	-0.2373538	0.5062712	3.272936	-0.1154383	-0.05149351	3.178036	-0.2324459	-0.06217531	3.270956	0.05187339	0.1666016	3.066705	-0.3013799	0.1623603	3.337484	0.03467788	-0.5262984	3.272368	-0.1443691	-0.5125434	3.492601	0.1020612	-0.9136121	3.337353	-0.0677205	-0.8850493	3.587163	

0.01366059	-0.09915835	3.02007	-0.3129284	-0.07883652	3.434416	-0.01169111	-0.2344913	3.037141	-0.2954651	-0.1998027	3.48288	-0.03485543	-0.1575391	2.994334	-0.2909115	-0.1637289	3.485	-0.1730251	0.7035689	3.147141	-0.1249964	0.5831593	3.166802	-0.1306951	0.5047588	3.182113	-0.1472867	0.2647405	3.217956	-0.1691408	-0.06236768	3.255051	-0.002216036	0.4535318	3.092463	-0.236377	0.5039212	3.273516	-0.1084549	-0.05727644	3.170436	-0.225798	-0.06592769	3.260745	0.05105156	0.1613552	3.051857	-0.3001224	0.1597398	3.337131	0.0400656	-0.5260974	3.27261	-0.1385437	-0.5084619	3.492362	0.102525	-0.9136443	3.337201	-0.0653844	-0.8870485	3.58786	

0.01164804	-0.09985087	3.016311	-0.30638	-0.07749158	3.436175	-0.01897653	-0.235318	3.03434	-0.290874	-0.2019855	3.484977	-0.03726359	-0.1491209	2.998916	-0.315074	-0.1370548	3.453333	-0.1729763	0.7014656	3.145352	-0.122793	0.5835074	3.16323	-0.1286044	0.5049938	3.178824	-0.1456483	0.264687	3.21559	-0.1681165	-0.06259783	3.253858	-0.001311669	0.452857	3.08837	-0.2342629	0.5043723	3.273112	-0.1073358	-0.0580858	3.168882	-0.2248173	-0.06569979	3.259859	0.05122708	0.1603433	3.048052	-0.2969422	0.1597259	3.335675	0.04319368	-0.5249762	3.272742	-0.1368863	-0.5063941	3.492272	0.1028641	-0.9138626	3.337444	-0.0627239	-0.8883359	3.589405	

0.01243185	-0.1019602	3.014035	-0.3028257	-0.08674384	3.446459	-0.01705659	-0.2328204	3.038628	-0.2843733	-0.2000612	3.493064	-0.03722982	-0.1381585	3.009	-0.3040749	-0.1389837	3.45724	-0.1714257	0.7008542	3.143013	-0.1210742	0.584053	3.161195	-0.1267017	0.5053892	3.17674	-0.1431979	0.2645706	3.213405	-0.164878	-0.06348559	3.251724	2.112132E-05	0.4535227	3.086032	-0.2309075	0.4840771	3.26435	-0.1021746	-0.05950061	3.165886	-0.2231363	-0.06613602	3.258563	0.05231671	0.1581134	3.046667	-0.2933089	0.1390539	3.325138	0.04438403	-0.5247015	3.272803	-0.1355159	-0.5044563	3.49221	0.1027765	-0.9139285	3.336821	-0.06162492	-0.888486	3.591083	

0.01757611	-0.1021007	3.012007	-0.2987764	-0.08298606	3.450822	0.0008050939	-0.2345418	3.037843	-0.2738739	-0.1895884	3.491487	-0.01828048	-0.1385411	3.00225	-0.293525	-0.1439348	3.4596	-0.1690334	0.7002359	3.140886	-0.1164152	0.5850231	3.157533	-0.1221004	0.5061142	3.173564	-0.1387947	0.2646441	3.211556	-0.160499	-0.06411124	3.251448	0.00311645	0.4532017	3.082516	-0.2241475	0.4776046	3.253715	-0.09635919	-0.06094778	3.165428	-0.2202261	-0.06608876	3.258529	0.05578501	0.1582591	3.044245	-0.2864319	0.1324334	3.313931	0.04657008	-0.5244934	3.272465	-0.1334417	-0.5033632	3.491738	0.1031564	-0.9136105	3.336504	-0.05870041	-0.8890575	3.593467	

0.02017837	-0.1040614	3.01084	-0.2954028	-0.07417463	3.462376	0.02027694	-0.2330939	3.037011	-0.2785653	-0.1978406	3.500593	-0.01096143	-0.1732034	2.996572	-0.2964634	-0.1282785	3.453546	-0.1681901	0.6998517	3.140842	-0.1137477	0.5858786	3.155752	-0.1199909	0.5067532	3.172517	-0.137778	0.2648677	3.211851	-0.1597785	-0.06416618	3.254272	0.004591399	0.4537572	3.081759	-0.223373	0.4772169	3.252866	-0.09548053	-0.06168233	3.168483	-0.219742	-0.06540623	3.261421	0.05791119	0.1563872	3.042753	-0.2856776	0.1320443	3.313062	0.04999316	-0.5253536	3.273708	-0.1314515	-0.5023191	3.49138	0.1032783	-0.9136028	3.336574	-0.05761113	-0.8889839	3.594163	

0.02417159	-0.1045084	3.012836	-0.293806	-0.06403735	3.465934	0.01333877	-0.2277976	3.040514	-0.2848174	-0.1670924	3.488657	-0.004053706	-0.1559248	3.001706	-0.3040832	-0.1149604	3.4535	-0.1650501	0.701187	3.139974	-0.1104086	0.5862656	3.154911	-0.1162608	0.5074152	3.171913	-0.1329899	0.2664137	3.212479	-0.1538808	-0.06113085	3.257101	0.007039216	0.453913	3.081011	-0.2172961	0.4901021	3.260109	-0.09215176	-0.06017443	3.170053	-0.2109778	-0.06031043	3.26587	0.06172831	0.1560416	3.043695	-0.2796665	0.1448786	3.320339	0.05312211	-0.5263595	3.27511	-0.1298023	-0.501925	3.491492	0.1044142	-0.9137282	3.336756	-0.05716281	-0.8895037	3.594629	

0.02957923	-0.1054524	3.013537	-0.289575	-0.0684623	3.461737	0.01332748	-0.2260994	3.036348	-0.2858245	-0.1635515	3.481199	-0.005408628	-0.1394903	3.011125	-0.3050413	-0.09819576	3.446417	-0.1626138	0.7014545	3.140297	-0.1087077	0.5865641	3.154465	-0.1144678	0.5078363	3.171554	-0.1311227	0.2671343	3.212537	-0.1522819	-0.06013683	3.257603	0.009160455	0.4546521	3.080877	-0.2169328	0.4907858	3.262451	-0.09064218	-0.05931496	3.17076	-0.2096066	-0.05934028	3.266083	0.06509206	0.1553857	3.044333	-0.2793228	0.1455561	3.322638	0.05432295	-0.525845	3.275426	-0.1281976	-0.5020094	3.491937	0.1044544	-0.9138837	3.336702	-0.05645847	-0.8892726	3.594778	

0.03450972	-0.1060758	3.015177	-0.2887898	-0.07063407	3.45888	0.01334084	-0.2263783	3.040099	-0.2820523	-0.1929287	3.493987	-0.003355152	-0.146375	3.025375	-0.3123993	-0.113051	3.451254	-0.158633	0.7021552	3.139795	-0.1060079	0.5870946	3.154467	-0.1114589	0.5085377	3.171556	-0.1273476	0.2683218	3.212672	-0.1479419	-0.05838332	3.257801	0.01369232	0.456031	3.081316	-0.2156046	0.4927709	3.265558	-0.08611895	-0.05763229	3.171496	-0.205814	-0.05765433	3.265709	0.06805896	0.1549897	3.046384	-0.2780194	0.1475333	3.325722	0.05645636	-0.5262298	3.276183	-0.1254623	-0.5049566	3.495048	0.1046838	-0.9138532	3.336776	-0.0547809	-0.8900921	3.596289	

0.03701929	-0.1063967	3.017095	-0.2882754	-0.06906896	3.454836	0.02031298	-0.2251308	3.042015	-0.277529	-0.1924259	3.497322	0.004938354	-0.1415657	3.011167	-0.3022933	-0.1502001	3.464235	-0.1566379	0.7022057	3.14012	-0.1042031	0.5874389	3.155242	-0.1095705	0.5089998	3.172347	-0.1252864	0.2691099	3.213581	-0.1458615	-0.05721613	3.258757	0.01600656	0.4568672	3.082449	-0.2114677	0.4986302	3.268291	-0.08425964	-0.05662371	3.173005	-0.2035834	-0.05634268	3.266092	0.07068963	0.1546508	3.048309	-0.2739193	0.1533646	3.328455	0.05658234	-0.5262254	3.276371	-0.1249486	-0.5051679	3.49536	0.1047617	-0.9137156	3.336833	-0.05463681	-0.8898657	3.596403	

0.04353239	-0.105249	3.022897	-0.2918994	-0.05899524	3.44597	0.04015063	-0.2041958	3.045354	-0.2815999	-0.1830527	3.488722	0.006874994	-0.1620149	3.034818	-0.320685	-0.1028801	3.446	-0.1541095	0.7035519	3.141965	-0.100571	0.5887745	3.157996	-0.10601	0.5103593	3.175112	-0.1220293	0.270469	3.216458	-0.1431702	-0.0559511	3.261634	0.020255	0.4576549	3.084846	-0.211142	0.4993536	3.269529	-0.08150771	-0.05539495	3.176661	-0.2011473	-0.05512698	3.268195	0.07527852	0.1564113	3.052399	-0.2901035	0.201838	3.419024	0.0579466	-0.5259481	3.277188	-0.1241018	-0.5042691	3.495444	0.1052128	-0.913432	3.336931	-0.05474951	-0.8900326	3.595962	

0.04757816	-0.1049152	3.026189	-0.2919104	-0.08176506	3.44634	0.04351263	-0.204605	3.040354	-0.2909914	-0.1733664	3.486488	0.01253685	-0.1635601	3.026647	-0.3212379	-0.1323803	3.434583	-0.1510657	0.7031368	3.142812	-0.09956833	0.5882535	3.159103	-0.1047083	0.5097488	3.176251	-0.1195716	0.2694709	3.217754	-0.1385709	-0.05769651	3.263049	0.02146556	0.4572677	3.08625	-0.2204873	0.4803598	3.281888	-0.07750909	-0.05615534	3.178211	-0.1960023	-0.05800372	3.269392	0.07785855	0.1569673	3.054914	-0.3007503	0.1799956	3.427388	0.0581965	-0.525512	3.277375	-0.1232885	-0.5043467	3.495759	0.1053159	-0.9134561	3.336971	-0.05457605	-0.8902082	3.595953	

0.05073557	-0.1031756	3.029459	-0.2911647	-0.07999685	3.440425	0.04449427	-0.2038661	3.043132	-0.2865721	-0.1927401	3.490818	0.01353709	-0.1574781	3.036368	-0.3209831	-0.136242	3.432	-0.1478654	0.7037778	3.145514	-0.09706688	0.5882649	3.162195	-0.1023399	0.509909	3.179153	-0.1176918	0.2700223	3.220158	-0.1374222	-0.05671012	3.264881	0.02527554	0.4576131	3.089276	-0.216158	0.4910907	3.28258	-0.07616943	-0.0555278	3.181177	-0.1950246	-0.05669709	3.270418	0.0808407	0.1587298	3.058225	-0.2979985	0.1822312	3.424945	0.05971759	-0.5258535	3.278939	-0.1211638	-0.5051426	3.49713	0.1066438	-0.9126106	3.337865	-0.05572116	-0.8897778	3.595284	

0.05395732	-0.102667	3.031303	-0.2906461	-0.07394134	3.436003	0.04858266	-0.2044908	3.049754	-0.2860766	-0.1987825	3.48465	0.01489603	-0.1501443	3.038437	-0.3217247	-0.1237341	3.434996	-0.1464139	0.7045366	3.148127	-0.09586332	0.5879723	3.163773	-0.1011149	0.509829	3.18049	-0.116368	0.2705209	3.220973	-0.1357571	-0.05517565	3.265127	0.02944667	0.4585675	3.093655	-0.2184021	0.4959291	3.299174	-0.07490306	-0.05375244	3.181537	-0.1930034	-0.05537467	3.270459	0.08408982	0.1592568	3.062613	-0.2949372	0.1886007	3.421009	0.06052731	-0.5258221	3.27986	-0.1184414	-0.5108157	3.499513	0.1065466	-0.9117309	3.337286	-0.05550162	-0.8901978	3.595143	

0.05617735	-0.1009239	3.033563	-0.288438	-0.06746847	3.431444	0.04001334	-0.2206932	3.057682	-0.2790088	-0.1924713	3.476207	0.01940919	-0.1372766	3.035462	-0.3126101	-0.1378746	3.4348	-0.1450952	0.7053155	3.152727	-0.09438438	0.5883189	3.167038	-0.09973078	0.510348	3.183346	-0.1153217	0.2714705	3.222773	-0.1351666	-0.05377201	3.265948	0.03075194	0.4589384	3.095355	-0.2192709	0.4973071	3.305411	-0.07481603	-0.0523707	3.182183	-0.1918737	-0.05390457	3.271456	0.08584209	0.1610428	3.066492	-0.2934719	0.1954367	3.418758	0.06097757	-0.5262685	3.280963	-0.1181377	-0.5108977	3.4997	0.1062824	-0.9118214	3.33732	-0.05522646	-0.8906791	3.595435	

0.05746645	-0.1005994	3.034871	-0.2876458	-0.06792364	3.429698	0.04638037	-0.2304141	3.071744	-0.2890199	-0.1889612	3.474115	-0.0114851	-0.1554045	3.08729	-0.3169881	-0.1205944	3.4259	-0.1445524	0.7052575	3.154493	-0.09383426	0.5881213	3.168716	-0.09957236	0.5102764	3.186262	-0.1182438	0.2724562	3.232221	-0.14798	-0.04947426	3.290304	0.03222136	0.4588565	3.097847	-0.2192405	0.4983719	3.306276	-0.09017945	-0.05125416	3.210899	-0.2024809	-0.04696465	3.291862	0.08637971	0.1615237	3.068209	-0.2933581	0.19531	3.419522	0.06146763	-0.52695	3.281874	-0.1174321	-0.5122281	3.500417	0.1062959	-0.9116924	3.337234	-0.05514947	-0.8907276	3.595564	

0.05923456	-0.0999494	3.038105	-0.2876094	-0.06614302	3.429414	0.05584163	-0.2018167	3.054239	-0.2875831	-0.1894355	3.474063	0.02209696	-0.1516215	3.0385	-0.3168283	-0.1277744	3.429635	-0.144305	0.7046598	3.156015	-0.09291619	0.5876123	3.172284	-0.0986568	0.5098909	3.188522	-0.1169588	0.2721665	3.231954	-0.1372468	-0.05168066	3.275834	0.0335209	0.4593656	3.100896	-0.2193648	0.4973345	3.306634	-0.07379868	-0.0492522	3.188026	-0.1956472	-0.05165407	3.28273	0.08699831	0.1624708	3.070137	-0.2926517	0.197371	3.418559	0.06157039	-0.5269617	3.282066	-0.1177954	-0.5117369	3.500557	0.1064306	-0.9113081	3.3371	-0.05521499	-0.8908939	3.595575	

0.06018962	-0.09999802	3.039234	-0.2873472	-0.06850334	3.429883	0.05589272	-0.2020008	3.057015	-0.2929385	-0.1894969	3.469024	0.02202599	-0.1523056	3.039531	-0.3223012	-0.1121793	3.433715	-0.1444377	0.7036079	3.15701	-0.09268296	0.5876887	3.17295	-0.09840977	0.5099273	3.189139	-0.1166649	0.272101	3.231958	-0.137088	-0.05185264	3.275604	0.03383045	0.4594925	3.102455	-0.219816	0.4968898	3.307509	-0.07386134	-0.04940547	3.188199	-0.1951863	-0.05213852	3.281882	0.08720166	0.1625543	3.071195	-0.2920608	0.1990544	3.417884	0.06167316	-0.5270393	3.282246	-0.1178062	-0.513413	3.502028	0.10621	-0.911194	3.336817	-0.05574156	-0.8906146	3.595126	

0.06112462	-0.1003794	3.041228	-0.287377	-0.06867192	3.43007	0.0430199	-0.2245561	3.072341	-0.2851095	-0.1917337	3.472561	0.02348295	-0.1669584	3.0425	-0.320105	-0.1125502	3.430667	-0.1443616	0.7028942	3.159032	-0.09252541	0.5874826	3.175296	-0.09817549	0.5097889	3.191034	-0.116335	0.2720862	3.23215	-0.1367383	-0.0517701	3.275164	0.03396116	0.4597374	3.104141	-0.2216302	0.4985391	3.316421	-0.07387435	-0.04938874	3.188153	-0.1944773	-0.05213076	3.281287	0.08768515	0.1622946	3.072598	-0.2920049	0.1990193	3.417848	0.06179922	-0.5271434	3.282678	-0.1177895	-0.5135591	3.50231	0.106246	-0.9111698	3.336843	-0.05585702	-0.8908948	3.594523	

0.0612618	-0.1001093	3.043755	-0.2932653	-0.06336062	3.434168	0.04858427	-0.2186798	3.069158	-0.2999488	-0.1905179	3.479471	0.01552754	-0.1528649	3.044125	-0.3239016	-0.1261816	3.443182	-0.1448538	0.7034826	3.160131	-0.09367131	0.5875335	3.177003	-0.09899855	0.5098573	3.192476	-0.1163193	0.2721221	3.232294	-0.1365107	-0.05166915	3.274961	0.03261432	0.4606218	3.106316	-0.226261	0.4907045	3.319002	-0.07382118	-0.04913497	3.188131	-0.1942017	-0.05228396	3.281078	0.08678441	0.1625841	3.075873	-0.2921074	0.1995026	3.418487	0.06087564	-0.5269338	3.282973	-0.1184035	-0.5130095	3.502479	0.1062295	-0.9111314	3.336868	-0.05611766	-0.8907099	3.594466	

0.0614271	-0.09920686	3.045326	-0.2948348	-0.06872561	3.444767	0.04611265	-0.2186703	3.072152	-0.2936302	-0.1919731	3.495723	0.01433277	-0.1615945	3.046923	-0.3313295	-0.1125204	3.443715	-0.146009	0.7045137	3.1606	-0.09417009	0.5878446	3.177323	-0.09935963	0.5100625	3.192839	-0.1162824	0.2721044	3.232408	-0.1361848	-0.05197717	3.275077	0.0309254	0.4617857	3.10744	-0.2270991	0.4852061	3.311052	-0.07336057	-0.04969985	3.188636	-0.1940923	-0.0524727	3.281134	0.0861936	0.1634884	3.077829	-0.2922687	0.20088	3.4189	0.05924184	-0.5276203	3.282946	-0.1189473	-0.5124967	3.502379	0.1058251	-0.9106349	3.336501	-0.05602901	-0.8902676	3.594593	

0.06163667	-0.09928505	3.046109	-0.3016736	-0.05960787	3.455214	0.04724327	-0.2288499	3.073335	-0.305849	-0.1736391	3.492204	0.02092602	-0.1536868	3.04223	-0.3294692	-0.09550428	3.4383	-0.1499922	0.7047989	3.159847	-0.09870913	0.5875216	3.176899	-0.1027729	0.5098315	3.193029	-0.1170891	0.2720404	3.233027	-0.1358303	-0.05190597	3.276868	0.02879622	0.4621024	3.107076	-0.227275	0.4897648	3.309086	-0.07342298	-0.05093239	3.193279	-0.1937658	-0.05186597	3.281948	0.08605772	0.1634914	3.078087	-0.2936462	0.2006883	3.422904	0.05223779	-0.5294387	3.278955	-0.1220488	-0.5150915	3.502173	0.105673	-0.9102802	3.335972	-0.05589779	-0.8898054	3.593619	

0.06277408	-0.09931161	3.046503	-0.2979626	-0.06127386	3.456084	0.04303997	-0.2288883	3.073833	-0.3011862	-0.1727502	3.493604	0.0220261	-0.1380994	3.049467	-0.3239328	-0.1058837	3.448375	-0.1539141	0.7040454	3.157506	-0.1021054	0.5871789	3.174994	-0.1056406	0.5096818	3.192293	-0.1189692	0.2723112	3.234562	-0.1376074	-0.05019933	3.285149	0.02494266	0.4618838	3.105562	-0.2303252	0.4984425	3.313249	-0.07812693	-0.04825419	3.202011	-0.1934475	-0.05086704	3.290451	0.08603234	0.1636421	3.078317	-0.2939819	0.1993179	3.424512	0.04556525	-0.5305714	3.273205	-0.1269	-0.5149757	3.497761	0.1051163	-0.9103535	3.33616	-0.05529717	-0.8894699	3.594537	

0.07969068	-0.1053912	3.055956	-0.2802038	-0.05610311	3.482244	0.09402863	-0.2029041	3.085226	-0.2862123	-0.1763012	3.54531	0.0504576	-0.1561997	3.075	-0.2962171	-0.1038362	3.4912	-0.1934688	0.6850699	3.119859	-0.1268827	0.5735443	3.146106	-0.1216194	0.4988997	3.172495	-0.1190151	0.2683406	3.231226	-0.1189872	-0.05639369	3.28955	-0.001408437	0.4532075	3.075886	-0.2397894	0.5048255	3.288102	-0.06218463	-0.05268652	3.206391	-0.172795	-0.05885534	3.294319	0.08874458	0.1592073	3.075277	-0.2937818	0.2010273	3.43418	0.03209811	-0.5374687	3.257747	-0.1422655	-0.524867	3.473433	0.1039895	-0.9123217	3.334717	-0.05523939	-0.8896241	3.594613	

0.1117887	-0.128569	3.084195	-0.2580224	-0.08571392	3.533423	0.1094249	-0.2309725	3.121327	-0.2562106	-0.1320737	3.533327	0.07938409	-0.1729673	3.091834	-0.2681548	-0.108519	3.51525	-0.2035671	0.6733631	3.108542	-0.1406643	0.5601225	3.131676	-0.1355346	0.4835663	3.1594	-0.1225153	0.2528249	3.2301	-0.1054713	-0.07685675	3.314705	-0.009146293	0.4465919	3.070575	-0.2618746	0.4511994	3.267718	-0.04987929	-0.07558236	3.242077	-0.1587537	-0.07681695	3.310904	0.0969753	0.1346653	3.073961	-0.3121825	0.1476355	3.434625	0.02174371	-0.5420198	3.249309	-0.1498733	-0.530502	3.468421	0.101435	-0.9139483	3.334009	-0.05593487	-0.890403	3.593441	

0.1142382	-0.1384202	3.086696	-0.2432975	-0.0857733	3.533221	0.127125	-0.2406009	3.13532	-0.2517159	-0.1128318	3.53833	0.08337194	-0.1603165	3.095588	-0.258231	-0.09796628	3.52775	-0.2194068	0.6525085	3.094205	-0.1518824	0.5439067	3.119359	-0.1448153	0.4684328	3.149384	-0.1257211	0.2377136	3.226721	-0.1028377	-0.08257892	3.317012	-0.02156444	0.429597	3.059948	-0.2654833	0.4451332	3.265483	-0.04837846	-0.07935555	3.243968	-0.154828	-0.08424092	3.312677	0.1011608	0.1246027	3.073717	-0.3157668	0.1416028	3.432383	0.0144274	-0.5471277	3.243085	-0.1575213	-0.5352203	3.462008	0.0994675	-0.9201332	3.331761	-0.05732273	-0.8920691	3.591066	

0.154722	-0.1685817	3.112561	-0.2539329	-0.1507624	3.486884	0.1588498	-0.2553194	3.161711	-0.246721	-0.2306332	3.507484	0.1324109	-0.2241327	3.13	-0.253249	-0.2152837	3.496924	-0.26098	0.5786009	3.052006	-0.1882863	0.4757625	3.084357	-0.1751993	0.4006982	3.121546	-0.1348053	0.1712001	3.2232	-0.07954802	-0.1404589	3.34857	-0.05408777	0.3655201	3.033643	-0.2865685	0.3728124	3.213146	-0.0232892	-0.1356528	3.279918	-0.1339116	-0.1419704	3.338702	0.1071869	0.08716075	3.078582	-0.3366848	0.06963337	3.379935	-0.008111433	-0.5598922	3.223145	-0.1791878	-0.5459064	3.440502	0.09941217	-0.9221838	3.329325	-0.06883578	-0.895958	3.577412	

0.1591754	-0.1674982	3.119201	-0.255901	-0.1889458	3.476475	0.1725747	-0.2541711	3.166559	-0.2486712	-0.2687753	3.497103	0.1339712	-0.2188977	3.138444	-0.255189	-0.2532678	3.486555	-0.2702346	0.5555071	3.048742	-0.1928198	0.4593261	3.07859	-0.178631	0.3861833	3.117675	-0.135713	0.1611814	3.223575	-0.07805488	-0.1476696	3.353249	-0.05649504	0.3551587	3.032774	-0.2885762	0.3342533	3.202821	-0.02039339	-0.1437809	3.286654	-0.1335727	-0.1483093	3.341743	0.1074548	0.08596557	3.078069	-0.3386688	0.0312992	3.369544	-0.01097811	-0.5612241	3.220679	-0.1835415	-0.5472266	3.438177	0.09813441	-0.9233972	3.327756	-0.07040521	-0.8966621	3.576402	

0.1699489	-0.1861931	3.140547	-0.2599553	-0.1902303	3.475503	0.1838059	-0.293864	3.20409	-0.2527125	-0.2700558	3.496135	0.1362093	-0.2288184	3.152273	-0.2592138	-0.2545431	3.485591	-0.280755	0.5146247	3.033906	-0.204828	0.4144064	3.069217	-0.1885693	0.3445074	3.111183	-0.1395467	0.1301124	3.225368	-0.07541313	-0.1664819	3.36371	-0.06462112	0.3217545	3.027104	-0.292674	0.3329551	3.201842	-0.01720838	-0.1631716	3.300375	-0.1316737	-0.1659639	3.349007	0.1107868	0.0682668	3.078809	-0.3427396	0.03000921	3.368568	-0.02221459	-0.5782726	3.208544	-0.1914115	-0.5580299	3.432321	0.0954358	-0.9265727	3.32539	-0.07074714	-0.8970615	3.575033	

0.186996	-0.2509367	3.172265	-0.2109403	-0.3411944	3.345526	0.2197898	-0.3539183	3.256258	-0.1720301	-0.4515137	3.318224	0.1619257	-0.2884445	3.194818	-0.243124	-0.3949538	3.314583	-0.3153027	0.3947321	3.021619	-0.2279849	0.3053925	3.055421	-0.2066113	0.2382531	3.100728	-0.140917	0.03344641	3.226584	-0.05140164	-0.2440094	3.384171	-0.08866001	0.2167659	3.016307	-0.3216833	0.2228664	3.184019	0.00684183	-0.2381331	3.322436	-0.108431	-0.2442328	3.367515	0.1125432	-0.01966879	3.083225	-0.3715328	-0.07939368	3.350586	-0.04816453	-0.6406018	3.184614	-0.2462237	-0.6264446	3.411563	0.09549956	-0.9327648	3.321928	-0.07506543	-0.9060578	3.567891	

0.2061774	-0.3303856	3.211482	-0.2307512	-0.4640086	3.313174	0.2454529	-0.4191705	3.302554	-0.2260371	-0.5469503	3.279645	0.1839198	-0.3760367	3.2539	-0.2821388	-0.4835517	3.290875	-0.3532524	0.24968	2.989802	-0.2549679	0.1751736	3.030191	-0.2289575	0.1141337	3.081683	-0.1490895	-0.07164722	3.226024	-0.04039825	-0.3227748	3.40826	-0.1051581	0.09588673	3.006649	-0.3417663	0.09879085	3.151859	0.02389125	-0.3117653	3.353699	-0.103742	-0.3263717	3.384567	0.1058617	-0.123598	3.096871	-0.3914452	-0.202684	3.31827	-0.09544916	-0.682494	3.163317	-0.3039523	-0.6893041	3.36464	0.09216882	-0.9362926	3.318626	-0.08376838	-0.9161726	3.551818	

0.1734731	-0.4128907	3.222418	-0.2279136	-0.5790858	3.312066	0.205514	-0.5089526	3.302979	-0.2488147	-0.6683854	3.317053	0.1455617	-0.4581185	3.267929	-0.2525028	-0.6661485	3.306	-0.3721072	0.1824861	2.976756	-0.2695628	0.1026134	3.02828	-0.2434177	0.04306152	3.080288	-0.1630853	-0.1379148	3.226141	-0.05372066	-0.3822418	3.410388	-0.1261294	0.03696147	3.004706	-0.3389123	-0.01754549	3.150914	0.009736479	-0.3646422	3.355363	-0.115928	-0.3910833	3.387301	0.07811718	-0.1705723	3.085134	-0.3885949	-0.3182261	3.317195	-0.128041	-0.7203962	3.146916	-0.3592657	-0.7267903	3.336716	0.08765417	-0.9392099	3.317155	-0.1018826	-0.9246898	3.54342	

0.09549918	-0.4502212	3.140551	-0.1386117	-0.4958104	3.350294	0.1137395	-0.5984576	3.231	-0.1264202	-0.6019921	3.39641	0.0549523	-0.5144451	3.171444	-0.1306359	-0.60008	3.385266	-0.3797619	0.181546	2.968199	-0.2789194	0.09607092	3.01735	-0.2561074	0.03438083	3.067225	-0.1889618	-0.1549824	3.205459	-0.09774868	-0.4106558	3.381398	-0.1323775	0.02836788	2.997879	-0.3599461	-0.01884913	3.138694	-0.03665582	-0.3997304	3.326531	-0.1565681	-0.412107	3.358265	0.04329584	-0.2095259	3.061674	-0.2998443	-0.2292016	3.400843	-0.1733297	-0.757455	3.122894	-0.3854833	-0.7570001	3.303654	0.08365467	-0.9454264	3.314432	-0.1085496	-0.931778	3.540555	

0.06081615	-0.4679004	3.114209	-0.2050051	-0.4712842	3.400108	0.07661451	-0.6184586	3.190274	-0.1926013	-0.5775785	3.446229	0.0008639566	-0.4753671	3.174	-0.1965524	-0.575801	3.435075	-0.3854506	0.1759282	2.965687	-0.2842352	0.09758654	3.011588	-0.2613048	0.03545777	3.061555	-0.192144	-0.1545246	3.201159	-0.09903269	-0.4107711	3.377615	-0.1373504	0.02437058	2.992768	-0.3797098	-0.001886841	3.134767	-0.03778023	-0.399542	3.324854	-0.157843	-0.4127506	3.351325	0.04210079	-0.2148425	3.058172	-0.3296755	-0.2168867	3.395446	-0.1731044	-0.7580808	3.121907	-0.3873095	-0.7573664	3.305812	0.08336327	-0.950825	3.313695	-0.1117431	-0.9395256	3.543148	

-0.03271535	-0.4120427	2.994987	-0.4208855	-0.4257746	3.415795	-0.0616184	-0.5648478	3.038129	-0.427127	-0.5137593	3.434609	-0.1099012	-0.4604933	3.047125	-0.4178326	-0.5016774	3.416	-0.4030101	0.2823507	2.922966	-0.3200253	0.1858292	2.979253	-0.2959176	0.1246318	3.028	-0.2215337	-0.06172878	3.164151	-0.1199126	-0.3137979	3.335505	-0.1755438	0.1007198	2.940172	-0.4331739	0.08647314	3.129196	-0.0592012	-0.3070893	3.267222	-0.1777798	-0.3131486	3.32558	-0.02391255	-0.1502456	2.979686	-0.4048871	-0.1746611	3.352428	-0.1489663	-0.7035962	3.13527	-0.3337187	-0.6970901	3.302653	0.08261552	-0.9509999	3.312896	-0.1149711	-0.9421654	3.544814	

-0.1904265	-0.07655924	2.834471	-0.6125486	-0.07881255	3.142801	-0.2515666	-0.2083067	2.888116	-0.6160757	-0.1234703	3.086085	-0.268594	-0.1042182	2.8518	-0.6093825	-0.1187622	3.0735	-0.4446029	0.6425295	2.847088	-0.3814973	0.5474199	2.886305	-0.3678716	0.4707557	2.920328	-0.3250427	0.2358412	3.012722	-0.265603	-0.08390737	3.125883	-0.2453854	0.4317288	2.832022	-0.5017405	0.4624371	3.022881	-0.2049834	-0.07343534	3.048441	-0.3195226	-0.09227045	3.125034	-0.1080818	0.1752077	2.842917	-0.5301269	0.1666011	3.206993	-0.1191919	-0.4794975	3.093404	-0.3262452	-0.4628418	3.314017	0.0511408	-0.8749345	3.257921	-0.1686219	-0.8446462	3.516178	

-0.2195067	0.00113749	2.810474	-0.6492351	-0.004742812	3.068907	-0.3005542	-0.1365445	2.851779	-0.6379917	-0.0510309	3.050068	-0.3098177	-0.02395483	2.848	-0.6287726	-0.03952621	3.037	-0.4605569	0.7095479	2.821898	-0.3954784	0.6123054	2.868404	-0.3809271	0.5369958	2.89788	-0.335248	0.3059165	2.976776	-0.2718882	-0.009102423	3.072133	-0.2556176	0.4970343	2.810299	-0.5135019	0.5047943	2.991447	-0.20752	0.005626517	2.991829	-0.3292702	-0.02358516	3.074133	-0.1249188	0.2526836	2.821345	-0.5618322	0.2247082	3.17828	-0.1220522	-0.4761819	3.088454	-0.364852	-0.3680157	3.262896	0.03371103	-0.8915906	3.217998	-0.2421331	-0.7660913	3.459014	

-0.466595	0.08867276	2.62851	-0.817442	0.02902209	2.950651	-0.6041839	-0.0300496	2.607205	-0.8243989	0.003119711	2.93284	-0.5729667	0.0766346	2.605176	-0.8200722	0.01113665	2.936333	-0.6310387	0.7501075	2.675094	-0.5498719	0.6687362	2.720892	-0.5403284	0.5934474	2.756063	-0.5091739	0.3620286	2.852298	-0.4647146	0.04616497	2.97102	-0.4101503	0.5634891	2.672833	-0.6404503	0.5552893	2.816786	-0.404556	0.0528328	2.90726	-0.5126892	0.03829602	2.957119	-0.3078444	0.3056154	2.660885	-0.7077221	0.2660175	3.002359	-0.3518528	-0.4743552	2.862531	-0.5706614	-0.4498301	3.106383	-0.3382394	-0.9064223	2.88987	-0.5774217	-0.8451399	3.182981	

-0.5492005	-0.02702249	2.597117	-0.8448226	-0.05400343	2.93665	-0.6587436	-0.1277355	2.580166	-0.8618448	-0.1060622	2.925451	-0.6532688	-0.04818986	2.599833	-0.8548983	-0.09165437	2.928714	-0.6586673	0.655606	2.658138	-0.583957	0.5684714	2.709481	-0.5765914	0.4927695	2.744866	-0.5518781	0.2604569	2.841583	-0.5159464	-0.05615602	2.960729	-0.4406643	0.4713387	2.657452	-0.6818166	0.4646712	2.816914	-0.4553286	-0.05241839	2.898368	-0.5630329	-0.05842296	2.945649	-0.3502482	0.1987795	2.637513	-0.7356565	0.1788466	3.007886	-0.402311	-0.5948935	2.826862	-0.6262372	-0.5938473	3.073002	-0.4196195	-0.9965035	2.828784	-0.6718146	-0.9578297	3.110106	

-0.5650035	-0.154809	2.575548	-0.8721343	-0.1917736	2.957392	-0.6935995	-0.2755161	2.573208	-0.892611	-0.2555787	2.962719	-0.6559009	-0.1691379	2.528786	-0.8899139	-0.2217424	2.9749	-0.6719017	0.5277222	2.661067	-0.5985287	0.4399036	2.711865	-0.5919459	0.3641279	2.742982	-0.5695415	0.1320724	2.826686	-0.53666	-0.1836995	2.928226	-0.4611634	0.3404479	2.659733	-0.6875871	0.3178845	2.772272	-0.470736	-0.1732167	2.866721	-0.5883969	-0.189335	2.912547	-0.3874391	0.05827688	2.621902	-0.7643866	0.04833288	2.976963	-0.4630048	-0.620322	2.789461	-0.6884045	-0.6333123	3.009722	-0.4281718	-1.017591	2.852439	-0.6707663	-1.026401	3.115754	

-0.5338485	-0.2846273	2.57421	-0.8781354	-0.3426836	2.97379	-0.6538261	-0.4185838	2.572364	-0.8977355	-0.4071014	3.008162	-0.6170955	-0.3563672	2.528	-0.8847122	-0.3659644	3.051667	-0.6912408	0.4196454	2.656734	-0.6105685	0.3350133	2.714082	-0.6032529	0.2608181	2.741804	-0.5785719	0.03396785	2.815189	-0.5425658	-0.2743622	2.902838	-0.4781328	0.2332051	2.665771	-0.7355105	0.2206034	2.852407	-0.4812991	-0.2703768	2.836212	-0.5894094	-0.2710772	2.89252	-0.4087276	-0.05585944	2.625765	-0.7909788	-0.09483022	2.995845	-0.5566371	-0.6722423	2.718229	-0.7631106	-0.658847	2.919382	-0.4306155	-1.01716	2.851937	-0.6668231	-1.023047	3.100006	

-0.4484262	-0.4134201	2.619407	-0.7543142	-0.3850329	3.004235	-0.4787209	-0.5363762	2.615318	-0.7877787	-0.49853	3.025829	-0.5101729	-0.4416431	2.603722	-0.7752555	-0.4569782	3.069256	-0.7216747	0.3705379	2.65082	-0.6430932	0.2735769	2.704289	-0.6427968	0.1991648	2.731884	-0.6392893	-0.02808328	2.804781	-0.6317602	-0.3366045	2.891657	-0.5043709	0.1570235	2.654058	-0.782322	0.1797697	2.842453	-0.5578395	-0.3363557	2.812168	-0.6889398	-0.327981	2.894833	-0.4158654	-0.1518317	2.641327	-0.8374382	-0.1353684	2.985907	-0.6104692	-0.7331206	2.659695	-0.8609947	-0.7009701	2.873082	-0.4417697	-1.022399	2.848057	-0.7049805	-1.079372	3.08338	

-0.4433967	-0.4067712	2.6222	-0.7336111	-0.3689097	2.910198	-0.4464107	-0.5391885	2.631081	-0.781085	-0.3722084	2.863763	-0.5235505	-0.4428871	2.636605	-0.7679508	-0.3635001	2.924673	-0.7221898	0.3737951	2.650301	-0.644596	0.2758369	2.704731	-0.6447687	0.2012345	2.73157	-0.6443639	-0.0260193	2.800789	-0.6453485	-0.3357131	2.876612	-0.5073929	0.161764	2.652726	-0.7787098	0.1882562	2.821195	-0.5685061	-0.3354206	2.806849	-0.7059335	-0.3272161	2.864347	-0.4136626	-0.1447496	2.642847	-0.8338162	-0.1269808	2.964668	-0.6095565	-0.7351537	2.659616	-0.8644381	-0.7026626	2.87592	-0.4467196	-1.023396	2.847472	-0.7106289	-1.083011	3.084381	

-0.4158191	-0.3685949	2.640985	-0.7394874	-0.3236522	2.884588	-0.3915377	-0.5112314	2.672311	-0.787428	-0.3447197	2.830757	-0.4561322	-0.4390537	2.642734	-0.7937694	-0.3323357	2.835	-0.7348215	0.4484478	2.646276	-0.6605726	0.3402799	2.694257	-0.6620948	0.262752	2.716362	-0.6640974	0.02570195	2.772856	-0.66399	-0.2966021	2.837829	-0.5238412	0.2232561	2.642155	-0.7816174	0.2373746	2.781741	-0.5938904	-0.2933687	2.779213	-0.7162255	-0.2918779	2.820287	-0.4056194	-0.1047441	2.646803	-0.8366572	-0.07828611	2.925329	-0.6075733	-0.7041745	2.670839	-0.8489982	-0.6692784	2.874837	-0.4509585	-1.020995	2.84709	-0.6944844	-1.051611	3.079659	

-0.4197857	-0.2962245	2.621151	-0.7533402	-0.2308436	2.859223	-0.4076343	-0.393142	2.658961	-0.7911627	-0.3253219	2.829949	-0.4483739	-0.3452173	2.638062	-0.8166051	-0.3103501	2.831111	-0.7397962	0.5514659	2.636624	-0.6740236	0.4379404	2.684103	-0.6762304	0.3595565	2.704853	-0.6803029	0.1194953	2.757445	-0.6829842	-0.2074277	2.817379	-0.5368136	0.3115614	2.630187	-0.7956294	0.3313046	2.756056	-0.6106354	-0.2019697	2.753441	-0.7368051	-0.2072745	2.805112	-0.428772	-0.03170585	2.631585	-0.8505802	0.01493043	2.899877	-0.5762322	-0.6329108	2.72256	-0.7934219	-0.6290773	2.91153	-0.4492541	-1.017754	2.849108	-0.6701511	-1.022731	3.082952	

-0.4298997	-0.2934448	2.614465	-0.7543471	-0.2294711	2.858858	-0.414552	-0.3905648	2.661308	-0.7822793	-0.3718289	2.821743	-0.4478317	-0.3506935	2.627786	-0.815598	-0.3147351	2.8395	-0.7406811	0.5579805	2.636908	-0.6744128	0.4457938	2.683303	-0.676963	0.3670912	2.704207	-0.6820129	0.1261961	2.75723	-0.6859866	-0.201525	2.817693	-0.538343	0.3172595	2.629498	-0.7966468	0.3326928	2.755683	-0.6140597	-0.1964534	2.754435	-0.7393585	-0.2010343	2.804752	-0.4298816	-0.02883581	2.63075	-0.8515909	0.01630878	2.899509	-0.5715333	-0.6312092	2.727744	-0.7885487	-0.628131	2.916706	-0.4461693	-1.012281	2.85167	-0.6650482	-1.019209	3.087355	

-0.4502672	-0.2244924	2.599555	-0.7636908	-0.2041907	2.85912	-0.4497145	-0.3463353	2.624452	-0.7795811	-0.3490056	2.836381	-0.4953215	-0.2458312	2.583286	-0.8073415	-0.284826	2.8385	-0.7406799	0.5843296	2.638537	-0.6788412	0.4727605	2.685181	-0.6826145	0.3937624	2.705733	-0.6914662	0.1520314	2.757785	-0.700953	-0.1765942	2.817019	-0.5427992	0.345533	2.626976	-0.8060678	0.358251	2.755842	-0.6294126	-0.1704925	2.750701	-0.7536352	-0.1776539	2.80704	-0.4543082	0.04043937	2.617846	-0.8609641	0.04169375	2.89974	-0.544504	-0.6231548	2.758766	-0.7515899	-0.6304618	2.954731	-0.4433923	-1.009603	2.855762	-0.6604342	-1.013468	3.095055	

-0.4848497	-0.2183774	2.574569	-0.8857785	-0.2132751	2.926641	-0.5021404	-0.3426517	2.607143	-0.8797984	-0.3092679	2.965914	-0.5606628	-0.259774	2.619	-0.9035866	-0.2475702	2.9095	-0.7385162	0.5908468	2.639857	-0.6787181	0.4772859	2.686581	-0.6827804	0.3982422	2.706477	-0.6925512	0.1567886	2.756614	-0.7037797	-0.1707551	2.812251	-0.5425068	0.3495636	2.627849	-0.8114653	0.3663847	2.763639	-0.6324794	-0.1649355	2.74429	-0.7561061	-0.1717863	2.803787	-0.4605185	0.04430297	2.612938	-0.8680111	0.04261259	2.874731	-0.5342911	-0.6149473	2.771147	-0.7367895	-0.6202618	2.967755	-0.4408711	-1.008031	2.861487	-0.6531225	-1.012161	3.102863	

-0.4976505	-0.210339	2.565636	-0.9172828	-0.2215988	2.920209	-0.5304878	-0.3484509	2.600427	-0.9138206	-0.3060795	2.947048	-0.5762026	-0.276953	2.607889	-0.9281971	-0.2204586	2.872	-0.7375434	0.5930561	2.641591	-0.6787579	0.478687	2.687995	-0.683123	0.3995056	2.707516	-0.6937975	0.1578376	2.756874	-0.7072074	-0.1699965	2.811418	-0.5423081	0.3506657	2.628516	-0.8195399	0.3662216	2.774985	-0.6354261	-0.1646864	2.742662	-0.7601691	-0.1704725	2.803902	-0.4662183	0.05135535	2.608081	-0.8815135	0.03506811	2.880175	-0.5266588	-0.6125786	2.778712	-0.7258954	-0.6172128	2.976518	-0.4379272	-1.00691	2.866272	-0.6485662	-1.011952	3.108553	

-0.5088517	-0.2017239	2.557114	-0.9242043	-0.230244	2.916757	-0.5591399	-0.349153	2.578595	-0.937447	-0.3242849	2.928116	-0.5329744	-0.2593944	2.612833	-0.9576653	-0.271183	2.873445	-0.735809	0.5949931	2.643162	-0.6788637	0.4791168	2.68924	-0.6834793	0.3999651	2.708419	-0.695127	0.158459	2.75709	-0.7108771	-0.1692103	2.810285	-0.541823	0.3517133	2.629923	-0.8334584	0.361648	2.80089	-0.6384371	-0.1659776	2.741867	-0.7652559	-0.1667377	2.802155	-0.4718041	0.05873546	2.604595	-0.893434	0.02873426	2.884395	-0.5171809	-0.6091159	2.784792	-0.7133215	-0.6155865	2.989327	-0.4347396	-1.005038	2.869139	-0.6447454	-1.011094	3.114121	

-0.5547298	-0.203894	2.534499	-0.9829326	-0.2312322	2.879225	-0.6033885	-0.3512389	2.551088	-0.9979888	-0.325941	2.891262	-0.533865	-0.2559314	2.595143	-1.010555	-0.2738734	2.842934	-0.733445	0.5954353	2.645753	-0.6786126	0.4781412	2.692404	-0.6834868	0.3993068	2.710329	-0.6953551	0.1582444	2.757121	-0.7118061	-0.170001	2.807976	-0.5417923	0.3528453	2.633887	-0.8335189	0.3615789	2.800983	-0.6388624	-0.1663433	2.739326	-0.7664019	-0.1682247	2.800131	-0.4821358	0.06484848	2.598249	-0.9086438	0.02213958	2.881186	-0.4969064	-0.5998502	2.796323	-0.6980158	-0.6125099	3.005587	-0.4321005	-1.000739	2.872036	-0.6449705	-1.010554	3.117789	

-0.576162	-0.1793867	2.531326	-0.9964535	-0.2296666	2.847681	-0.6426446	-0.3334668	2.522017	-1.02855	-0.3135612	2.851201	-0.5874832	-0.3005603	2.508722	-1.032993	-0.2589008	2.804933	-0.7316066	0.5963969	2.648364	-0.6786721	0.4789317	2.694972	-0.6839897	0.3998881	2.712344	-0.6971454	0.1583243	2.757676	-0.7167702	-0.1709887	2.806442	-0.5416849	0.3538523	2.635384	-0.8336279	0.3613906	2.800599	-0.6426852	-0.1661077	2.73622	-0.7728949	-0.1710918	2.800468	-0.5005509	0.07365204	2.589096	-0.9123316	0.02053838	2.873825	-0.4941452	-0.6004303	2.79941	-0.6976677	-0.6128384	3.004841	-0.4304217	-0.9981155	2.872975	-0.644423	-1.009613	3.119302	

-0.5792446	-0.1799471	2.53111	-0.9975907	-0.2306094	2.840338	-0.6532245	-0.3300426	2.526474	-1.018463	-0.3105059	2.833856	-0.579731	-0.2713595	2.536222	-1.020358	-0.2520543	2.7966	-0.7296356	0.5980442	2.650251	-0.6790192	0.4800864	2.696717	-0.6834311	0.4009674	2.713663	-0.6915087	0.1601567	2.757611	-0.6854331	-0.1670614	2.799985	-0.5420618	0.3550685	2.636566	-0.8339322	0.3620737	2.800615	-0.6039934	-0.1527273	2.723261	-0.7448076	-0.1747209	2.798758	-0.5059445	0.07169635	2.587503	-0.9138958	0.01984319	2.868737	-0.4937056	-0.6004233	2.800151	-0.6978263	-0.6123317	3.002479	-0.4299076	-0.9969482	2.873788	-0.6450936	-1.00916	3.119618	

-0.5882298	-0.1868666	2.531035	-0.9962893	-0.2307694	2.832475	-0.6493629	-0.3315746	2.535196	-1.003613	-0.3117769	2.831076	-0.5917365	-0.2889932	2.528778	-1.015419	-0.2658264	2.785588	-0.7293978	0.5983173	2.650966	-0.6790063	0.4804317	2.696978	-0.6829518	0.4013855	2.713886	-0.6877311	0.1606385	2.756687	-0.682287	-0.1675492	2.798889	-0.5425453	0.3556754	2.636992	-0.8338226	0.3627689	2.799772	-0.602496	-0.1522274	2.722089	-0.740671	-0.1773103	2.798461	-0.5101601	0.06790633	2.585791	-0.9134991	0.01970983	2.864973	-0.4936235	-0.6005244	2.800357	-0.6985728	-0.6123655	3.000923	-0.4298726	-0.9967215	2.873928	-0.6445442	-1.008057	3.119957	

-0.5900283	-0.1890839	2.531856	-0.9901538	-0.2323129	2.825069	-0.6496626	-0.3318174	2.540522	-0.989846	-0.3130712	2.828743	-0.5697823	-0.2418779	2.597714	-1.00234	-0.2834342	2.7804	-0.7293058	0.598461	2.651481	-0.6791134	0.4806367	2.697177	-0.682687	0.4016273	2.714056	-0.6850528	0.1610043	2.756337	-0.6783834	-0.1675466	2.798512	-0.5427037	0.3560047	2.637256	-0.8336602	0.3635245	2.799072	-0.5999285	-0.1511906	2.721155	-0.7362347	-0.1789174	2.799093	-0.5119084	0.06883138	2.585119	-0.9130791	0.01972903	2.861588	-0.4935192	-0.6005802	2.800537	-0.6986157	-0.6125236	2.999977	-0.4296624	-0.99599	2.874152	-0.6446265	-1.006963	3.120224	

-0.5862041	-0.182336	2.535511	-0.9809526	-0.2355219	2.820368	-0.6362948	-0.3324315	2.555992	-0.9614229	-0.3151906	2.812775	-0.565361	-0.251882	2.596	-0.9736667	-0.264614	2.768231	-0.7292584	0.5983494	2.651635	-0.6792086	0.4806892	2.697977	-0.6824818	0.4016492	2.714569	-0.6846659	0.1608309	2.75629	-0.678356	-0.1680105	2.798119	-0.5432264	0.3563503	2.637841	-0.8337169	0.3641756	2.79904	-0.6000902	-0.1513928	2.72059	-0.7362437	-0.1798911	2.798872	-0.5124012	0.07019866	2.585337	-0.9089839	0.01815375	2.856397	-0.4932658	-0.6006032	2.80044	-0.6986786	-0.6124723	2.999876	-0.4293196	-0.9955682	2.87456	-0.6442057	-1.007035	3.120589	

-0.5837852	-0.1832196	2.538431	-0.968711	-0.23925	2.821585	-0.6288989	-0.3348388	2.560764	-0.9465687	-0.3184336	2.820749	-0.56353	-0.2705207	2.567364	-0.9613208	-0.2738567	2.779231	-0.7292362	0.5980769	2.652068	-0.6798344	0.4804088	2.699856	-0.6825818	0.4013587	2.715904	-0.6844731	0.1603971	2.756554	-0.6785318	-0.1689791	2.797973	-0.5442181	0.3562756	2.638815	-0.8335891	0.3643495	2.798271	-0.6005917	-0.1520001	2.720227	-0.7363279	-0.1815917	2.799098	-0.5124989	0.07040288	2.585875	-0.9069659	0.01755849	2.854178	-0.4932125	-0.600529	2.800472	-0.6988089	-0.6124147	2.999763	-0.4283197	-0.9920663	2.875981	-0.6443947	-1.007663	3.121285	

-0.575461	-0.1860823	2.543003	-0.9466644	-0.2441506	2.829437	-0.6155547	-0.3405395	2.572018	-0.9322584	-0.3294976	2.836239	-0.5535736	-0.2663574	2.606	-0.9510343	-0.2853083	2.791875	-0.7291766	0.5977675	2.652802	-0.6803823	0.4803926	2.700614	-0.6827107	0.4013607	2.71627	-0.6843172	0.1603429	2.756417	-0.6782322	-0.169163	2.796725	-0.5451502	0.3565286	2.639576	-0.8328104	0.3643435	2.795664	-0.6006781	-0.1524841	2.71979	-0.7356382	-0.1810513	2.796418	-0.5124591	0.07219522	2.587223	-0.9051833	0.01756139	2.852674	-0.492806	-0.6007724	2.800747	-0.6991012	-0.6120891	2.999593	-0.4283037	-0.9920625	2.875976	-0.6449073	-1.00899	3.122498	

-0.5470168	-0.2004168	2.555315	-0.9132291	-0.24749	2.86335	-0.5702329	-0.3544782	2.596359	-0.9179344	-0.3295974	2.88323	-0.6110309	-0.2586541	2.6048	-0.9329717	-0.2415491	2.829818	-0.7292126	0.597617	2.652867	-0.6818703	0.480287	2.701108	-0.6845565	0.4013329	2.71691	-0.6888357	0.1603694	2.756974	-0.6939715	-0.1683981	2.798455	-0.5460538	0.3567179	2.639871	-0.8303659	0.3603897	2.781292	-0.6187509	-0.1601828	2.728431	-0.7553434	-0.1716019	2.792555	-0.5109637	0.0693479	2.591386	-0.9028105	0.01679032	2.851252	-0.4931567	-0.6007402	2.80078	-0.6999062	-0.6118492	2.998744	-0.4282737	-0.9920838	2.875968	-0.6444455	-1.009002	3.122612	

-0.5374885	-0.1968421	2.555998	-0.9090284	-0.238625	2.880737	-0.5559451	-0.3421738	2.581183	-0.9243858	-0.3324108	2.883271	-0.5826406	-0.2313406	2.5545	-0.9300239	-0.2632746	2.847714	-0.7294379	0.5974514	2.652623	-0.683108	0.4800439	2.700519	-0.685852	0.4012375	2.716003	-0.6912206	0.1607425	2.753464	-0.6970698	-0.1667107	2.790189	-0.5469449	0.3569438	2.639854	-0.8302615	0.3602888	2.779349	-0.6199322	-0.1592762	2.720902	-0.7580525	-0.1693635	2.783859	-0.5087883	0.06670278	2.593267	-0.9046389	0.02560891	2.864255	-0.4934003	-0.6010783	2.800628	-0.7009215	-0.6120321	2.998	-0.4283209	-0.9920738	2.876036	-0.6443919	-1.008978	3.122801	

-0.5259514	-0.199039	2.556888	-0.9080536	-0.2365548	2.902634	-0.5288398	-0.338165	2.581536	-0.9111636	-0.3305479	2.940548	-0.5605411	-0.2293854	2.550091	-0.9266688	-0.319253	2.8968	-0.7302704	0.5968605	2.652241	-0.6845818	0.4796012	2.699986	-0.6876503	0.400838	2.714792	-0.6948991	0.160293	2.748118	-0.7029092	-0.1671531	2.777643	-0.5478382	0.3570045	2.639838	-0.8306774	0.3600614	2.778531	-0.6240396	-0.1595744	2.708334	-0.7637835	-0.1700347	2.771377	-0.5061398	0.06538151	2.59569	-0.9056196	0.02524938	2.86835	-0.4937664	-0.6012105	2.800282	-0.7021024	-0.613313	2.997988	-0.4284338	-0.9918494	2.876013	-0.644083	-1.008882	3.123333	

-0.5210589	-0.1997116	2.557861	-0.9167963	-0.2276573	2.912329	-0.5228881	-0.3462996	2.586965	-0.9241146	-0.329643	2.94876	-0.554872	-0.2348726	2.5545	-0.9324908	-0.2817802	2.891889	-0.7308712	0.5963113	2.651947	-0.6861085	0.4795024	2.699169	-0.6894452	0.4008969	2.714155	-0.697714	0.1607758	2.748491	-0.7085251	-0.1656151	2.782667	-0.5494128	0.3569427	2.639469	-0.8307072	0.3605407	2.77683	-0.6303341	-0.1596389	2.714138	-0.7680903	-0.1672265	2.775451	-0.5041649	0.06500997	2.596615	-0.906459	0.04165545	2.876751	-0.4939582	-0.6010688	2.799736	-0.7030277	-0.614229	2.997658	-0.4283495	-0.9918729	2.876091	-0.6438629	-1.008898	3.123502	

-0.5104777	-0.2004868	2.557765	-0.9218577	-0.2335141	2.92934	-0.5147529	-0.3432328	2.581473	-0.9257276	-0.3301703	2.995253	-0.5266632	-0.2793366	2.545857	-0.9377351	-0.301091	2.925625	-0.7315666	0.5958379	2.650539	-0.687261	0.4794724	2.698594	-0.690603	0.400786	2.713608	-0.6987088	0.1603286	2.748206	-0.709085	-0.1667375	2.782915	-0.5513887	0.3569902	2.638273	-0.831545	0.3616717	2.772037	-0.6319036	-0.1610427	2.714985	-0.7679218	-0.1682819	2.775297	-0.5008497	0.0645612	2.597535	-0.903689	0.03054872	2.881402	-0.4946598	-0.5998852	2.797973	-0.7026036	-0.6303478	3.00229	-0.428201	-0.9926992	2.876037	-0.6438785	-1.008708	3.123647	

-0.5097051	-0.2019298	2.556697	-0.9282592	-0.2152441	2.9604	-0.5089841	-0.344869	2.575976	-0.920709	-0.3188418	3.020424	-0.5292795	-0.289641	2.531684	-0.9565546	-0.2562353	2.957385	-0.7332525	0.5941566	2.648757	-0.68924	0.4788319	2.696426	-0.6926456	0.4001511	2.711608	-0.7007067	0.1595875	2.746935	-0.7104579	-0.1676455	2.782716	-0.5542679	0.3569088	2.636644	-0.8342407	0.3604109	2.761852	-0.6339463	-0.161917	2.715369	-0.7686312	-0.1691677	2.774579	-0.5000155	0.06306279	2.596913	-0.9043069	0.03100622	2.876657	-0.4973692	-0.5985282	2.79561	-0.7076445	-0.6218658	2.992911	-0.4281898	-0.9926422	2.876104	-0.6437746	-1.008681	3.123647	

-0.5098654	-0.2032364	2.553716	-0.9266141	-0.2085766	2.958265	-0.5142503	-0.3446247	2.572696	-0.914661	-0.3219933	3.014601	-0.5392041	-0.2834598	2.532263	-0.9479558	-0.2983855	2.973182	-0.7342696	0.5932711	2.647942	-0.6897339	0.4788573	2.696123	-0.6933284	0.4001289	2.711298	-0.7021154	0.1592471	2.74675	-0.7128493	-0.1688402	2.783177	-0.5554222	0.3569873	2.636207	-0.8346307	0.3610885	2.760385	-0.6373823	-0.1634874	2.717477	-0.770093	-0.1700255	2.773898	-0.4993181	0.06159062	2.596426	-0.9190865	0.04474848	2.889863	-0.4982808	-0.5985134	2.795291	-0.7081214	-0.6229335	2.992775	-0.4283332	-0.9930924	2.876063	-0.6436782	-1.008594	3.123321	

-0.5125232	-0.2031825	2.549227	-0.9255157	-0.208323	2.955193	-0.5372667	-0.3519877	2.577358	-0.9264287	-0.3255236	3.012493	-0.5878366	-0.2643549	2.593111	-0.9405384	-0.2836628	2.946364	-0.734848	0.5930392	2.647111	-0.6904168	0.4788829	2.695815	-0.6942465	0.4001566	2.710932	-0.7037671	0.159206	2.746305	-0.7151151	-0.1690692	2.782866	-0.5558305	0.3569803	2.63598	-0.8353629	0.3633556	2.759326	-0.6400058	-0.1643648	2.717931	-0.7719346	-0.1695995	2.772681	-0.4996078	0.06123645	2.595586	-0.9213291	0.04696223	2.892059	-0.4989839	-0.5989696	2.794361	-0.7093218	-0.6221614	2.991486	-0.4281046	-0.9931826	2.876179	-0.6436263	-1.008611	3.123332	

-0.5203562	-0.2029884	2.546582	-0.9259924	-0.2073588	2.945141	-0.5562494	-0.3493502	2.571992	-0.9210187	-0.330435	2.99499	-0.6001107	-0.239358	2.585	-0.9401998	-0.3141162	2.944834	-0.7352193	0.5928888	2.64668	-0.6915618	0.4787196	2.69547	-0.6960455	0.3999867	2.710774	-0.7085575	0.1589849	2.747464	-0.7256633	-0.1693446	2.787771	-0.5565455	0.3570027	2.635718	-0.8365235	0.3638965	2.758326	-0.6523856	-0.1659764	2.725211	-0.7796566	-0.1686821	2.775177	-0.5005533	0.06079935	2.595086	-0.9220154	0.05047317	2.890391	-0.4997399	-0.5987677	2.793964	-0.7104805	-0.6229545	2.991245	-0.427902	-0.9938411	2.876951	-0.643625	-1.008648	3.123073	

-0.5272062	-0.2028715	2.544281	-0.9337443	-0.2082924	2.926203	-0.5667142	-0.3476803	2.567991	-0.9393207	-0.3296146	2.961418	-0.5394109	-0.257125	2.576375	-0.959752	-0.2552135	2.917636	-0.7355558	0.5928639	2.646184	-0.6922478	0.4787655	2.694973	-0.6968673	0.4000166	2.710255	-0.7094889	0.1589142	2.7469	-0.7262172	-0.1695691	2.787006	-0.5574527	0.3568541	2.635459	-0.8378013	0.3640985	2.757893	-0.6527296	-0.165969	2.724425	-0.7803986	-0.1691022	2.774274	-0.5021643	0.06035201	2.594159	-0.9219637	0.05290524	2.886847	-0.5002232	-0.5987275	2.793411	-0.7128664	-0.620666	2.988652	-0.4278609	-0.9942368	2.877012	-0.6436392	-1.008662	3.123031	

-0.5365284	-0.2015049	2.545463	-0.9388786	-0.2349043	2.928395	-0.5811649	-0.3471103	2.567249	-0.934406	-0.3301528	2.964625	-0.5266384	-0.2756339	2.616111	-0.9533213	-0.2991256	2.90675	-0.7361951	0.592631	2.646049	-0.6929042	0.4785966	2.694809	-0.6973072	0.3998992	2.710152	-0.7094947	0.1588989	2.746888	-0.7250041	-0.1696283	2.786852	-0.558019	0.3570493	2.635494	-0.8388168	0.3637792	2.757855	-0.6509526	-0.165935	2.724149	-0.7795241	-0.1691534	2.774123	-0.5035846	0.06093988	2.594169	-0.9216572	0.04013251	2.880488	-0.5019078	-0.5983834	2.792633	-0.7138735	-0.6225736	2.988938	-0.4279539	-0.9948635	2.876859	-0.6435631	-1.008549	3.122786	

-0.544952	-0.1996095	2.545242	-0.9398373	-0.235598	2.923375	-0.591514	-0.3469943	2.572215	-0.9456277	-0.3280581	2.930373	-0.5344172	-0.2714545	2.613433	-0.960612	-0.312155	2.8904	-0.7364298	0.5928336	2.645657	-0.6937236	0.4783539	2.69437	-0.6980071	0.3996698	2.709839	-0.7097171	0.158737	2.746834	-0.724847	-0.1698098	2.786887	-0.5584621	0.3571783	2.63552	-0.8412324	0.363471	2.758232	-0.6508154	-0.1659065	2.724068	-0.7792404	-0.1697896	2.774365	-0.5062335	0.0622426	2.593211	-0.9240234	0.04029759	2.87793	-0.5036249	-0.599454	2.791515	-0.7158018	-0.6215724	2.986813	-0.4283483	-0.9952546	2.8765	-0.643391	-1.00915	3.122421	

-0.5532587	-0.2011563	2.545702	-0.9506529	-0.2205064	2.872104	-0.5994955	-0.3448493	2.573874	-0.947068	-0.3242068	2.889728	-0.5385641	-0.2668574	2.617647	-0.9626864	-0.2771495	2.837174	-0.7369871	0.5932048	2.645341	-0.695823	0.4777512	2.693341	-0.700222	0.3991068	2.709091	-0.7119499	0.1582608	2.746874	-0.7266219	-0.1701313	2.787715	-0.5599118	0.3572641	2.634873	-0.8443446	0.3635077	2.759586	-0.6531146	-0.165995	2.724478	-0.780529	-0.1701849	2.775487	-0.5134803	0.06516075	2.592822	-0.9259	0.04405979	2.862785	-0.5114247	-0.6017177	2.788158	-0.723913	-0.6156014	2.975808	-0.4286126	-0.9957703	2.876181	-0.6433558	-1.009712	3.12183	

-0.5560123	-0.2023312	2.545819	-0.9510193	-0.2339424	2.874257	-0.6023837	-0.3471786	2.573869	-0.9489601	-0.3305927	2.890902	-0.5386158	-0.2717852	2.61537	-0.9707633	-0.3046298	2.841	-0.7378449	0.5933536	2.644544	-0.6972995	0.4775042	2.693036	-0.7018268	0.3988451	2.708891	-0.7136537	0.157945	2.746998	-0.727972	-0.1704565	2.788131	-0.5604827	0.3574152	2.634757	-0.8461239	0.3635283	2.759946	-0.6547912	-0.166012	2.72488	-0.781514	-0.1706651	2.77585	-0.5158082	0.06571077	2.592691	-0.9312828	0.03071252	2.859755	-0.5134085	-0.6025648	2.785362	-0.7274132	-0.6129288	2.97111	-0.4291745	-0.9981861	2.876061	-0.6444695	-1.01023	3.120746	

-0.5571231	-0.2022655	2.545263	-0.9518991	-0.2346908	2.872621	-0.5933924	-0.3512735	2.574688	-0.9558057	-0.3355004	2.888055	-0.5355632	-0.2702102	2.612632	-0.9683261	-0.3191515	2.848	-0.7380166	0.5934039	2.644447	-0.6982973	0.4773005	2.693106	-0.7030687	0.3986574	2.708882	-0.7155722	0.1578268	2.746639	-0.7306446	-0.1704027	2.787028	-0.5615066	0.3575209	2.63462	-0.8472936	0.3635417	2.760183	-0.6571893	-0.1663865	2.724309	-0.7844777	-0.1699925	2.774003	-0.5170929	0.06572078	2.592296	-0.9332135	0.03027358	2.858775	-0.5171224	-0.6034502	2.782337	-0.7292525	-0.612968	2.968479	-0.4292666	-0.9984508	2.87603	-0.6451654	-1.010321	3.118329	

-0.5575206	-0.2021454	2.541992	-0.9536592	-0.2374294	2.871286	-0.5867119	-0.3575095	2.571211	-0.9576111	-0.3361393	2.893555	-0.5331622	-0.2694819	2.613564	-0.968062	-0.3217716	2.856429	-0.7390469	0.5934805	2.643935	-0.6996613	0.4768389	2.692846	-0.7047392	0.3982364	2.708409	-0.7182009	0.1575919	2.745312	-0.73461	-0.1701897	2.784005	-0.5621437	0.3575923	2.634526	-0.850992	0.3623458	2.761672	-0.6607397	-0.1668103	2.722142	-0.7887178	-0.1689479	2.769943	-0.5191951	0.06352583	2.590755	-0.9341142	0.02777826	2.859336	-0.5208138	-0.603761	2.778991	-0.7340723	-0.6124606	2.963368	-0.431012	-0.9998937	2.874587	-0.6455302	-1.009537	3.11674	

-0.5593098	-0.1985796	2.536908	-0.9544269	-0.2324722	2.871346	-0.5818544	-0.3571126	2.563737	-0.9559528	-0.3339497	2.901758	-0.6284719	-0.2667728	2.580111	-0.9760774	-0.2868018	2.844188	-0.7393219	0.5937699	2.643648	-0.7004339	0.4767426	2.692685	-0.7057243	0.3982178	2.708074	-0.7198493	0.1579022	2.744272	-0.737082	-0.1692377	2.781682	-0.5629903	0.3575674	2.634683	-0.8533618	0.3615792	2.761623	-0.6631882	-0.1660073	2.720683	-0.7910612	-0.1678342	2.766629	-0.5200751	0.06298752	2.590394	-0.9347557	0.03264028	2.857271	-0.5237562	-0.6033978	2.776407	-0.7363924	-0.6122318	2.960522	-0.4322928	-1.001217	2.874026	-0.6466104	-1.009645	3.115514	

