0.09818291	0.05695288	2.806568	-0.1177526	0.01272442	2.556933	0.09502323	-0.06832362	2.731418	-0.06163367	-0.1119687	2.539753	0.1049217	-0.05100581	2.741	-0.1581724	-0.06249532	2.573	0.0355503	0.7583327	2.83585	-0.03504662	0.6499009	2.818998	-0.03082211	0.5756905	2.817998	-0.01822848	0.3483253	2.806552	-0.00110543	0.03806711	2.78266	0.06510849	0.5218022	2.919767	-0.132857	0.4961803	2.69574	0.03138849	0.02824455	2.773827	-0.03371164	0.04660149	2.724359	0.1214543	0.2662514	2.989333	-0.1762371	0.2339339	2.615031	0.04080094	-0.3345745	2.756853	-0.08588834	-0.3093511	2.632167	0.02574077	-0.67834	2.861067	-0.09766719	-0.6614432	2.709826	

0.09876814	0.05764714	2.80743	-0.117326	0.006397016	2.555842	0.08287548	-0.0605633	2.717761	-0.05951329	-0.1181118	2.539989	0.09952907	-0.05611704	2.735286	-0.1615162	-0.07481216	2.567846	0.03669466	0.7572638	2.836238	-0.03448791	0.6506022	2.819858	-0.03041287	0.576193	2.818726	-0.01808514	0.3484383	2.807044	-0.001170225	0.03786817	2.783107	0.06566535	0.5225033	2.920627	-0.1327133	0.4963243	2.695798	0.0313746	0.02806357	2.774189	-0.03382085	0.04643189	2.7249	0.1220079	0.2669505	2.990195	-0.1762904	0.2341692	2.614997	0.03996309	-0.3347895	2.756953	-0.08626017	-0.3095037	2.632873	0.005477601	-0.6798663	2.853057	-0.09762296	-0.6617438	2.710012	

0.09901072	0.05810345	2.807716	-0.1124154	0.0006608412	2.5547	0.0918213	-0.0680322	2.73133	-0.05953416	-0.1251372	2.54104	0.09880145	-0.08381066	2.7455	-0.1556284	-0.07241159	2.569513	0.03731073	0.7568578	2.836587	-0.03426015	0.6510627	2.820144	-0.03020799	0.576625	2.819017	-0.01792673	0.3487845	2.80737	-0.001073805	0.03812975	2.783489	0.06589236	0.5229633	2.920914	-0.1324802	0.4965283	2.695865	0.0315588	0.028877	2.775043	-0.03377517	0.04645152	2.725024	0.1222336	0.2674087	2.990482	-0.1764221	0.2366684	2.61533	0.04295737	-0.3330486	2.769041	-0.08630409	-0.3094297	2.632734	-0.006586777	-0.6754425	2.867814	-0.09763798	-0.6616644	2.709899	

0.09923663	0.05783856	2.807587	-0.1166206	0.007570747	2.557163	0.08889496	-0.05685653	2.71886	-0.06240357	-0.1178519	2.540888	0.1040734	-0.03459068	2.735	-0.1312854	-0.0926742	2.532454	0.03738144	0.7567224	2.836746	-0.03404832	0.6507974	2.820016	-0.02997948	0.5763141	2.818938	-0.01758662	0.348232	2.807489	-0.0005196592	0.0370583	2.784073	0.06610382	0.5226984	2.920785	-0.1323044	0.4965683	2.695792	0.03233721	0.02719521	2.775853	-0.03341119	0.04587759	2.725393	0.1224439	0.2671449	2.990353	-0.1763472	0.2365789	2.615291	0.03025764	-0.335188	2.766502	-0.08620154	-0.3099239	2.632895	-0.05958904	-0.7823858	2.922223	-0.09759883	-0.6621891	2.709924	

0.09950068	0.05764549	2.807473	-0.1201088	0.02997822	2.558233	0.08885216	-0.05384248	2.71766	-0.06252915	-0.09791578	2.541727	0.1031865	-0.04702973	2.728	-0.1579113	-0.05467633	2.581316	0.03748355	0.7566109	2.836566	-0.03379705	0.6506042	2.819903	-0.02980588	0.5761485	2.818836	-0.01756224	0.3481195	2.80741	-0.0006778784	0.03694521	2.783952	0.06635458	0.5225054	2.920672	-0.132044	0.496712	2.695519	0.03213418	0.0270987	2.77562	-0.03353639	0.04576008	2.72534	0.1226932	0.2669527	2.99024	-0.1760999	0.2364059	2.615233	0.04340868	-0.3349558	2.767931	-0.08630176	-0.3100404	2.632822	0.005488866	-0.681558	2.857944	-0.09763592	-0.6621619	2.71041	

0.09985412	0.05771325	2.807362	-0.1212435	0.0322687	2.55927	0.09002399	-0.0715147	2.708258	-0.06493876	-0.09831255	2.546089	0.1014794	-0.03923786	2.724727	-0.159976	-0.05910646	2.568637	0.03800363	0.7563973	2.836514	-0.03345577	0.6506722	2.819794	-0.02946068	0.5762221	2.818755	-0.01719622	0.3482131	2.807419	-0.0002768925	0.03710321	2.78408	0.06669512	0.5225731	2.920563	-0.1316901	0.4969114	2.695621	0.03244878	0.02720515	2.775678	-0.03303535	0.04599456	2.725543	0.1230318	0.2670198	2.990131	-0.1760484	0.2364562	2.615206	0.04039418	-0.3348182	2.769389	-0.08609825	-0.3097262	2.632782	0.01617658	-0.6823042	2.860486	-0.09748993	-0.6618026	2.710542	

0.100091	0.0576237	2.807417	-0.1215703	0.03376479	2.559884	0.08838063	-0.05800671	2.722403	-0.06257895	-0.09874373	2.54119	0.102952	-0.04563139	2.730833	-0.1615382	-0.05396985	2.567684	0.03849207	0.7562598	2.836262	-0.03322703	0.6505836	2.81985	-0.02924629	0.5761308	2.818813	-0.01702368	0.3481149	2.807487	-0.0001751932	0.03702116	2.784146	0.06692332	0.5224846	2.920619	-0.1315454	0.4968559	2.695568	0.03247942	0.02715347	2.775657	-0.0327816	0.04586799	2.725799	0.1232587	0.2669319	2.990186	-0.1759822	0.2363682	2.615175	0.03662425	-0.3346352	2.772518	-0.08576835	-0.3098148	2.632737	-0.01039393	-0.6849356	2.844934	-0.09758499	-0.6618049	2.710771	

0.1002114	0.05772918	2.807344	-0.1214054	0.03486523	2.560008	0.09774823	-0.08664802	2.716255	-0.062405	-0.1046612	2.535961	0.1050153	-0.03088717	2.73525	-0.1615081	-0.06104854	2.567714	0.03901492	0.7556859	2.835701	-0.0331115	0.6506894	2.819778	-0.02910456	0.5762104	2.81875	-0.01675177	0.3481129	2.80745	0.0003889931	0.03684271	2.784156	0.06703862	0.5225902	2.920547	-0.1310649	0.4967034	2.695264	0.032951	0.02705493	2.7755	-0.03209396	0.04560246	2.725986	0.1233733	0.2670368	2.990114	-0.1759596	0.2363438	2.615157	0.03678804	-0.3352462	2.766853	-0.08566458	-0.3099625	2.632755	-0.01089315	-0.6851373	2.840563	-0.0972287	-0.6619282	2.710912	

0.101085	0.05762602	2.807448	-0.1214961	0.0351739	2.559708	0.09078363	-0.07556457	2.727442	-0.06474435	-0.09201015	2.535057	0.1032079	-0.0387341	2.733314	-0.1595943	-0.05629104	2.573611	0.0405959	0.7550901	2.834834	-0.03224511	0.6505868	2.819883	-0.02839376	0.5762299	2.818846	-0.01634153	0.3484189	2.807542	0.0005543712	0.03787751	2.78429	0.06790297	0.5224878	2.920651	-0.1306042	0.496804	2.695004	0.03293099	0.03043729	2.775656	-0.03196964	0.04567432	2.726043	0.1242327	0.2669352	2.990219	-0.175964	0.2365452	2.614966	0.03802729	-0.3315911	2.770396	-0.08550676	-0.3099148	2.632924	-0.004247162	-0.675185	2.868458	-0.09732892	-0.6619472	2.710793	

0.1015463	0.05751202	2.807324	-0.1162491	0.01638151	2.557902	0.08853865	-0.06247051	2.719259	-0.05780197	-0.1050733	2.540478	0.09938567	-0.05836058	2.7198	-0.1514134	-0.06798778	2.558357	0.04147033	0.7543804	2.834733	-0.03178783	0.6504725	2.81976	-0.02797949	0.5761818	2.818748	-0.01603928	0.3485394	2.807503	0.0007701062	0.03827267	2.784303	0.06835928	0.5223735	2.920528	-0.1296614	0.496436	2.694962	0.03326569	0.03173836	2.775413	-0.0318041	0.0456209	2.726141	0.1246864	0.2668213	2.990095	-0.1758255	0.2364561	2.614806	0.03618805	-0.3301483	2.772085	-0.0853911	-0.3099529	2.632978	-0.007019531	-0.6744233	2.867694	-0.09726783	-0.6620133	2.710732	

0.1026836	0.05674642	2.806797	-0.1184266	0.02722171	2.557389	0.09638466	-0.06134912	2.719258	-0.05631961	-0.1052964	2.536505	0.107223	-0.01741573	2.732545	-0.1127423	-0.09826941	2.5172	0.04201657	0.7539951	2.834551	-0.03064905	0.6497019	2.819237	-0.02712164	0.5756551	2.818397	-0.01581612	0.3484841	2.807475	0.0007161566	0.03848406	2.784456	0.06949583	0.5216035	2.920003	-0.1292956	0.4964356	2.694939	0.03331305	0.03282622	2.775571	-0.03197468	0.04529484	2.726444	0.1258164	0.2660544	2.989569	-0.1756971	0.2360263	2.614586	0.03892189	-0.3288331	2.774259	-0.08540054	-0.3102593	2.633039	-0.006195949	-0.6734313	2.868099	-0.09743687	-0.6622961	2.710855	

0.1037702	0.05605555	2.806377	-0.1186355	0.02968221	2.55682	0.09804743	-0.07757418	2.724006	-0.04731482	-0.08986096	2.543322	0.1058327	-0.05701417	2.732	-0.1125614	-0.0641581	2.520759	0.04373855	0.7536464	2.832989	-0.02955797	0.6490062	2.81882	-0.02607167	0.5748655	2.818025	-0.01500949	0.3475134	2.807286	0.001059108	0.03730623	2.784503	0.07058471	0.5209085	2.919585	-0.127278	0.4962338	2.695285	0.03386265	0.02907906	2.775043	-0.03174	0.04496163	2.726669	0.1268991	0.2653621	2.98915	-0.1754275	0.2356585	2.614142	0.04149034	-0.3325706	2.772945	-0.08517978	-0.3104248	2.632268	0.004444601	-0.6812751	2.856035	-0.09838767	-0.6629809	2.707899	

0.1058281	0.05581993	2.805036	-0.1196155	0.0309282	2.557168	0.09004732	-0.06409183	2.708925	-0.04726445	-0.08409678	2.551722	0.1100883	-0.08002204	2.745	-0.1528423	-0.05176976	2.572722	0.04630034	0.7534078	2.832127	-0.02748512	0.648773	2.817482	-0.02397341	0.574828	2.816698	-0.0129156	0.3481334	2.806033	0.003010935	0.03895655	2.78332	0.07265358	0.5206738	2.918246	-0.1258411	0.4957435	2.694839	0.03628654	0.03282409	2.773225	-0.03013874	0.04522903	2.725926	0.1289562	0.2651263	2.98781	-0.1751297	0.2355584	2.613807	0.04143065	-0.3289821	2.770613	-0.08435439	-0.3100914	2.631794	-0.004476786	-0.6752059	2.858776	-0.09774595	-0.6624169	2.708308	

0.107028	0.05535954	2.804582	-0.1201626	0.03270003	2.557871	0.100381	-0.07437567	2.731455	-0.06614645	-0.09823362	2.539432	0.1136932	-0.05347839	2.7405	-0.1556981	-0.05588908	2.574766	0.0477469	0.7532701	2.831802	-0.02627547	0.6483099	2.81703	-0.0226937	0.574294	2.816168	-0.01152685	0.3474283	2.805295	0.004293213	0.03806918	2.782356	0.07386076	0.5202109	2.917793	-0.1240013	0.4954451	2.694436	0.03758083	0.03113712	2.772084	-0.02886747	0.04477306	2.725126	0.1301565	0.264665	2.987357	-0.1744602	0.2346606	2.613315	0.04116194	-0.3299396	2.776015	-0.08337142	-0.3106032	2.631624	0.00184604	-0.6784466	2.858971	-0.09721087	-0.6627375	2.7088	

0.1080855	0.05552446	2.804237	-0.1188843	0.02262328	2.556511	0.09754679	-0.06039875	2.710258	-0.06239981	-0.09845896	2.533789	0.1107145	-0.04935476	2.719857	-0.1528156	-0.05214981	2.57322	0.04933676	0.753016	2.831694	-0.02520872	0.648478	2.816685	-0.02160217	0.5746624	2.815835	-0.01026434	0.3486237	2.804997	0.005781117	0.0411604	2.782163	0.07492524	0.5203781	2.917448	-0.1229129	0.4950261	2.694179	0.03857377	0.04091689	2.772722	-0.02724843	0.04490748	2.724669	0.1312149	0.2648306	2.987012	-0.17386	0.2340931	2.612959	0.04956817	-0.3218884	2.758004	-0.08285884	-0.3103759	2.631627	-3.291154E-05	-0.6651509	2.854295	-0.0962362	-0.6624287	2.709193	

0.1109212	0.05538931	2.802756	-0.10677	0.0006417944	2.553267	0.1047829	-0.0862954	2.705254	-0.0581523	-0.1251142	2.535651	0.1207222	-0.05333266	2.7295	-0.1517403	-0.07062185	2.569267	0.05307703	0.7550061	2.830965	-0.02234439	0.6483474	2.815205	-0.0187061	0.574423	2.814368	-0.007412238	0.3480479	2.80363	0.00840628	0.03996733	2.780936	0.07778382	0.5202456	2.915966	-0.1205138	0.4954457	2.693866	0.04232385	0.03575398	2.771531	-0.0246328	0.04502073	2.723001	0.1340572	0.2646962	2.985531	-0.1720263	0.2345835	2.612505	0.04780477	-0.3270728	2.757419	-0.0815208	-0.3101921	2.630729	-0.003315004	-0.6667928	2.863466	-0.0953618	-0.6621067	2.708762	

0.1127393	0.05458764	2.801841	-0.1051312	-0.001530805	2.552725	0.1046684	-0.07877675	2.702255	-0.06846389	-0.1255886	2.532874	0.1207025	-0.03455769	2.729	-0.1333997	-0.07821131	2.524667	0.05509821	0.7549787	2.83081	-0.02050723	0.6475414	2.814293	-0.01698037	0.5736672	2.813509	-0.006063178	0.3474391	2.80295	0.009237989	0.03946031	2.78047	0.07961732	0.5194396	2.915052	-0.1194428	0.4957356	2.693034	0.04322965	0.03396523	2.770801	-0.02390599	0.0450255	2.722677	0.1358802	0.2638929	2.984616	-0.1698377	0.2357159	2.612091	0.04589275	-0.3290341	2.754246	-0.08109412	-0.3101632	2.630545	0.02937209	-0.6710336	2.863374	-0.09487619	-0.6620218	2.708802	

0.1145561	0.05417859	2.801151	-0.1012806	-0.001677636	2.551388	0.1048233	-0.07889336	2.706255	-0.05060491	-0.1237248	2.529871	0.1184153	-0.04347013	2.714667	-0.1467838	-0.09038115	2.5689	0.05760202	0.755183	2.830231	-0.01867097	0.647131	2.813604	-0.01516304	0.5732462	2.812896	-0.004348584	0.3469859	2.802565	0.01072074	0.03889802	2.780369	0.08144975	0.519029	2.914362	-0.1161417	0.4959234	2.691938	0.04442997	0.03281472	2.770702	-0.02231739	0.04485218	2.722636	0.1377022	0.2634831	2.983926	-0.1654672	0.2346936	2.610448	0.04820279	-0.3300642	2.755592	-0.08028556	-0.3102295	2.630626	0.004713598	-0.6744255	2.850875	-0.09436992	-0.662017	2.709104	

0.1164478	0.05483116	2.800985	-0.09840812	0.00637903	2.551211	0.1080927	-0.05966874	2.717756	-0.05449246	-0.1184855	2.527903	0.1178527	-0.06690611	2.721333	-0.1504344	-0.06756474	2.561226	0.05889507	0.7545364	2.830392	-0.01675876	0.647791	2.813436	-0.01296418	0.5741669	2.812761	-0.00116985	0.3488948	2.80259	0.01531509	0.042445	2.780752	0.08335756	0.5196874	2.914194	-0.1143619	0.4958339	2.692093	0.04733157	0.03499997	2.771795	-0.0163481	0.04951052	2.7221	0.1395991	0.2641378	2.983758	-0.1636104	0.2362654	2.609612	0.04933278	-0.3277341	2.7594	-0.0764242	-0.3055807	2.631944	-7.659652E-05	-0.6654889	2.871528	-0.09185386	-0.6576473	2.709229	

0.1172296	0.05517505	2.801154	-0.09781594	0.007733351	2.551505	0.1153081	-0.08178136	2.719586	-0.05223873	-0.117736	2.529158	0.1250267	-0.0188788	2.734923	-0.1528653	-0.06469058	2.575292	0.05932793	0.7543753	2.830279	-0.01596834	0.6481379	2.813604	-0.0122126	0.5743999	2.812891	-0.0005144266	0.3488134	2.802627	0.01599391	0.04177981	2.780655	0.08414602	0.5200338	2.914362	-0.112647	0.4958083	2.692215	0.04785236	0.03450462	2.771607	-0.01560543	0.04855386	2.722203	0.140383	0.2644826	2.983927	-0.1624195	0.2361802	2.609156	0.05076021	-0.3288501	2.748322	-0.076201	-0.3063163	2.631253	0.01049107	-0.6733416	2.84445	-0.09160948	-0.6581783	2.709314	

0.1180132	0.05502637	2.801296	-0.09223361	0.001468932	2.550884	0.1074925	-0.06537465	2.710589	0.001844813	-0.1181178	2.537173	0.12025	-0.04121759	2.718231	-0.1200372	-0.08772881	2.531273	0.06009555	0.7541536	2.830147	-0.01517608	0.6479872	2.813746	-0.01156811	0.57421	2.812967	-0.0001982595	0.3485041	2.802557	0.0159635	0.04099077	2.780305	0.08493639	0.5198835	2.914504	-0.1118889	0.4959788	2.692282	0.04784635	0.03380381	2.771208	-0.01575883	0.04756052	2.721943	0.1411688	0.2643335	2.984068	-0.1613774	0.23642	2.609089	0.04368455	-0.3290981	2.709624	-0.07600755	-0.3074107	2.631349	-0.002361252	-0.6633579	2.831924	-0.09184768	-0.6593933	2.70885	

0.1190371	0.05432189	2.801449	-0.09195457	0.001492501	2.550889	0.1107554	-0.07728456	2.713754	-0.003993731	-0.1181556	2.537589	0.1267093	-0.02610684	2.732667	-0.1181068	-0.08386263	2.521643	0.06042211	0.7538595	2.829965	-0.01414058	0.647275	2.813904	-0.01068712	0.5735143	2.813041	0.0002737435	0.347797	2.802418	0.01593716	0.0400231	2.779848	0.08596949	0.5191727	2.91466	-0.1113568	0.4959241	2.692332	0.04785942	0.0328615	2.770698	-0.01590955	0.04649916	2.721581	0.142196	0.2636267	2.984223	-0.1607013	0.2359544	2.60878	0.04448667	-0.3292233	2.765664	-0.07589016	-0.3084727	2.630781	0.005576906	-0.675552	2.856329	-0.09190055	-0.6603068	2.708801	

0.1196549	0.0545105	2.80132	-0.09301839	0.009086347	2.551679	0.1066254	-0.05937691	2.719757	0.002235759	-0.1057692	2.538147	0.1178002	-0.06184959	2.719667	-0.111159	-0.07766556	2.534333	0.06076393	0.7539225	2.829903	-0.01351598	0.6474662	2.813774	-0.01013911	0.5735959	2.812917	0.0006370072	0.3475991	2.802286	0.01612243	0.03925983	2.779629	0.08659269	0.5193632	2.91453	-0.1106394	0.4962016	2.692384	0.04815736	0.03149303	2.770337	-0.01585326	0.0461492	2.721496	0.1428156	0.263816	2.984093	-0.1597778	0.2356668	2.60877	0.04551116	-0.3306004	2.765064	-0.07580592	-0.3088148	2.630643	0.03487812	-0.6783435	2.857597	-0.0919199	-0.6606076	2.708796	

0.1202047	0.05439669	2.80165	-0.09060508	0.004081441	2.552416	0.1050594	-0.0604394	2.712257	-0.0001399491	-0.1146654	2.548976	0.123882	-0.03395486	2.738818	-0.1151188	-0.07942101	2.545063	0.06095799	0.7539971	2.830164	-0.01295991	0.6473498	2.814105	-0.009614509	0.5736137	2.813236	0.001096435	0.3480097	2.802613	0.01645772	0.04069523	2.780117	0.08714729	0.5192475	2.914861	-0.1102503	0.496157	2.692416	0.0482568	0.03239957	2.771806	-0.0151981	0.04880226	2.721049	0.143367	0.2637015	2.984423	-0.1593959	0.2350063	2.609007	0.04996126	-0.3294588	2.769008	-0.07519358	-0.3063078	2.630953	-0.005942015	-0.6746553	2.855721	-0.09118046	-0.6579571	2.709725	

0.1203178	0.05450458	2.801827	-0.09265759	0.008762597	2.5532	0.1070156	-0.06422155	2.714256	-0.01095945	-0.104724	2.550675	0.1222991	-0.04208801	2.731238	-0.1207775	-0.07715138	2.554693	0.06135687	0.7540291	2.830347	-0.01284543	0.6474581	2.814281	-0.009520867	0.5736494	2.813349	0.001167501	0.3478806	2.802636	0.01645525	0.03976719	2.779869	0.08726139	0.5193558	2.915037	-0.1098853	0.4962023	2.692446	0.04814025	0.03106135	2.771055	-0.01518786	0.04795651	2.721174	0.1434805	0.2638097	2.9846	-0.1594007	0.2347233	2.609136	0.04767906	-0.3308954	2.767177	-0.07505856	-0.3071384	2.630916	0.002853701	-0.6774678	2.854619	-0.0913628	-0.658771	2.709678	

0.1205073	0.0546578	2.802014	-0.1010842	0.03000625	2.555638	0.1074697	-0.06411846	2.710256	-0.01378077	-0.08108359	2.541801	0.1203123	-0.03661299	2.728438	-0.127174	-0.06077746	2.532875	0.06155081	0.7539183	2.830338	-0.0126538	0.6476123	2.814469	-0.009374339	0.5737375	2.813486	0.001198558	0.3478535	2.802664	0.01634705	0.03950201	2.779829	0.08745246	0.5195099	2.915224	-0.1095212	0.4960712	2.692473	0.04802969	0.03079995	2.770872	-0.01537758	0.0475455	2.72133	0.1436704	0.2639632	2.984787	-0.1592896	0.2346311	2.609224	0.05145421	-0.3307041	2.771083	-0.07510103	-0.307545	2.63092	0.00434721	-0.6787032	2.852433	-0.09147616	-0.6591472	2.709776	

0.1206811	0.05440208	2.801875	-0.1028457	0.03355253	2.556525	0.1048256	-0.07145979	2.706256	-0.02557822	-0.07967664	2.552563	0.1189117	-0.04238821	2.724728	-0.1337032	-0.05573575	2.564077	0.06199086	0.7540932	2.830626	-0.01247809	0.6473545	2.81433	-0.009197374	0.5734352	2.813377	0.001337925	0.3473096	2.802625	0.01628235	0.03854237	2.779948	0.08762787	0.5192524	2.915086	-0.1095292	0.4960609	2.692478	0.04799343	0.02912944	2.770642	-0.01551	0.04695069	2.721737	0.1438448	0.2637069	2.984648	-0.1592741	0.2346006	2.609273	0.04050208	-0.3324037	2.769998	-0.07511256	-0.3081007	2.630997	0.003182483	-0.6799773	2.856972	-0.09155603	-0.6596792	2.709919	

0.1203332	0.05435907	2.802338	-0.1058248	0.03553483	2.557669	0.1036083	-0.0707498	2.725569	-0.01963426	-0.07818162	2.558483	0.118247	-0.04538255	2.732331	-0.1226301	-0.06133439	2.542909	0.06195637	0.7541057	2.830756	-0.01282973	0.6473091	2.814794	-0.009490205	0.5733443	2.813766	0.00111547	0.3470743	2.802845	0.01601527	0.03806932	2.78001	0.08727678	0.5192078	2.915549	-0.1096622	0.4960378	2.692616	0.04755519	0.02832028	2.770813	-0.01567439	0.04672634	2.721766	0.1434957	0.2636634	2.985111	-0.1596902	0.2351693	2.610031	0.04637919	-0.3333457	2.769409	-0.07515842	-0.3083706	2.631215	0.005349799	-0.681629	2.852429	-0.0917863	-0.6600474	2.709725	

0.1198144	0.05490278	2.803218	-0.1018708	0.009362281	2.55705	0.107258	-0.07379135	2.728877	-0.06203984	-0.1188537	2.539062	0.1200711	-0.02247169	2.740769	-0.1561899	-0.06436113	2.564667	0.06177976	0.7541257	2.831162	-0.01335402	0.6478549	2.815672	-0.009991149	0.5738077	2.814531	0.000638307	0.3472989	2.803288	0.01542832	0.03814101	2.780189	0.08675315	0.5197536	2.916428	-0.1099738	0.4961356	2.692795	0.04697772	0.02827429	2.770999	-0.01634926	0.04695617	2.722	0.1429751	0.264208	2.985991	-0.1601694	0.2352657	2.610577	0.04182811	-0.3334447	2.768814	-0.07562476	-0.3081796	2.631469	0.00431896	-0.6810037	2.855755	-0.09217776	-0.6597942	2.710231	

0.1190387	0.05504411	2.80361	-0.1030778	0.00889008	2.55767	0.09945744	-0.05990855	2.721658	-0.05795601	-0.1184289	2.539526	0.1104512	-0.0569292	2.722667	-0.1525036	-0.05520749	2.579381	0.06104758	0.7537863	2.831553	-0.01413833	0.647996	2.816064	-0.01069293	0.5739228	2.814884	0.000102963	0.3473206	2.80351	0.0150164	0.0381031	2.780267	0.08597041	0.5198951	2.91682	-0.1109564	0.4958381	2.693387	0.04658393	0.02828537	2.770992	-0.01682955	0.0468722	2.722215	0.1421968	0.2643496	2.986383	-0.1614383	0.2347205	2.610917	0.04144372	-0.3333902	2.769227	-0.07587198	-0.3083327	2.6319	0.004062462	-0.6810013	2.856036	-0.0923307	-0.6600815	2.710165	

0.1171885	0.05553832	2.804541	-0.1023754	0.002738343	2.558055	0.09778693	-0.06054705	2.716758	-0.06679548	-0.1253692	2.543292	0.1115367	-0.01870424	2.736105	-0.1566439	-0.06615464	2.580133	0.05869313	0.7533947	2.83257	-0.01600914	0.6484916	2.816993	-0.01243848	0.5742485	2.815805	-0.001412728	0.3471456	2.804384	0.01359124	0.03731741	2.781119	0.08410332	0.5203911	2.91775	-0.1128007	0.4956182	2.69364	0.04513782	0.02748666	2.771465	-0.01829566	0.0461047	2.723594	0.1403404	0.2648446	2.987314	-0.1619364	0.234565	2.611336	0.04488947	-0.3331807	2.778444	-0.07667349	-0.3090453	2.632308	0.003418695	-0.6823968	2.857833	-0.092251	-0.6608401	2.710537	

0.1159062	0.05613172	2.805171	-0.1026741	0.0009202902	2.558004	0.09422672	-0.06440375	2.722008	-0.06411347	-0.1237829	2.5493	0.1123625	-0.04213198	2.734429	-0.1526863	-0.0679597	2.577519	0.0573868	0.7534205	2.833341	-0.01730564	0.6490885	2.81762	-0.01373309	0.57474	2.816378	-0.002753139	0.3473016	2.80477	0.01205076	0.03706506	2.781236	0.08280939	0.5209879	2.918379	-0.1149745	0.4956336	2.693456	0.04348618	0.02710073	2.771612	-0.01970108	0.04600437	2.723701	0.1390539	0.2654394	2.987943	-0.1630734	0.234827	2.611846	0.039031	-0.3347878	2.767637	-0.07725707	-0.3092363	2.632159	0.01639321	-0.6824063	2.858645	-0.09275469	-0.6609496	2.710708	

0.1143247	0.0559221	2.805713	-0.1031983	0.000607601	2.558089	0.1013825	-0.08283662	2.713755	-0.0738801	-0.1244063	2.541039	0.1115841	-0.03507701	2.734571	-0.1280601	-0.085352	2.532834	0.05646373	0.7536168	2.833724	-0.01890483	0.6488746	2.818163	-0.01535927	0.5744619	2.816983	-0.004493907	0.3467627	2.805529	0.0101955	0.03617538	2.782147	0.08121361	0.5207752	2.918922	-0.1163579	0.4958497	2.693337	0.04166725	0.0258427	2.772449	-0.02159151	0.04549882	2.724723	0.1374673	0.2652287	2.988486	-0.1639587	0.2342375	2.612253	0.04027596	-0.3359864	2.769072	-0.07805648	-0.3098163	2.632615	0.02224687	-0.6831598	2.862385	-0.09339415	-0.6615764	2.710999	

0.1136096	0.05574235	2.806018	-0.1031671	0.000568831	2.558079	0.09510264	-0.07656914	2.71159	-0.07142578	-0.1248532	2.540583	0.1109618	-0.04014289	2.732801	-0.135328	-0.05844122	2.54725	0.05557387	0.7539611	2.834049	-0.01962795	0.6486918	2.818469	-0.01602015	0.5743119	2.817278	-0.00498628	0.3466791	2.805767	0.009910452	0.03617269	2.78229	0.080492	0.5205932	2.919228	-0.1166146	0.4957907	2.693632	0.04132782	0.02576159	2.772624	-0.02182991	0.04557285	2.724846	0.1367498	0.2650482	2.988791	-0.1642945	0.2341715	2.612457	0.03833375	-0.3364999	2.764505	-0.07820729	-0.3097622	2.632775	-0.008259952	-0.6837041	2.848832	-0.09351656	-0.6615526	2.711049	

0.1118544	0.05587871	2.806419	-0.1028861	-0.0004486954	2.558179	0.09251512	-0.06451302	2.726759	-0.05326051	-0.1265944	2.544362	0.1047749	-0.02446742	2.737	-0.1529571	-0.07241795	2.572913	0.05344927	0.7537593	2.835119	-0.02140278	0.6488279	2.818869	-0.01777029	0.5743539	2.817734	-0.006694813	0.3464078	2.80636	0.008238157	0.03549095	2.783041	0.07872105	0.5207297	2.919629	-0.1176199	0.4957418	2.693507	0.0396978	0.02508151	2.77328	-0.02347934	0.04493933	2.725695	0.1349889	0.2651847	2.989193	-0.1649151	0.2340663	2.61225	0.03931051	-0.3367999	2.769256	-0.07913256	-0.3102705	2.632198	-0.004646593	-0.6826233	2.859467	-0.09391175	-0.6618866	2.711212	

0.1109302	0.05574815	2.806956	-0.1026071	-0.0009058342	2.558139	0.09026453	-0.06175323	2.715259	-0.05895702	-0.1251854	2.541523	0.1052078	-0.04141661	2.733273	-0.1541698	-0.08216102	2.577312	0.05219705	0.753544	2.83596	-0.0223372	0.6486937	2.819407	-0.01871558	0.5742331	2.818236	-0.007663957	0.3463089	2.806729	0.007261338	0.03544364	2.783211	0.0777885	0.5205966	2.920166	-0.1186805	0.4960274	2.693682	0.03864884	0.02519231	2.773542	-0.02437807	0.04476174	2.725788	0.1340617	0.2650534	2.98973	-0.1654181	0.2346239	2.61205	0.03784101	-0.3354404	2.780501	-0.0794748	-0.3105162	2.6322	-0.00915431	-0.6831778	2.862714	-0.09430202	-0.662109	2.711289	

0.1099481	0.05510171	2.807137	-0.1022319	-0.0005193804	2.557765	0.0906288	-0.0570085	2.72606	-0.06786476	-0.1239603	2.538139	0.1061873	-0.04979337	2.741334	-0.1075161	-0.1001365	2.5295	0.0498336	0.7533656	2.837094	-0.02333038	0.6480399	2.81959	-0.01969864	0.5736998	2.818522	-0.008707905	0.3460768	2.807329	0.005983694	0.03571231	2.784382	0.07679757	0.5199443	2.92035	-0.1193154	0.4962473	2.693573	0.03744048	0.02556035	2.775074	-0.02569891	0.04495532	2.726659	0.1330764	0.2644049	2.989912	-0.1656134	0.2347987	2.611752	0.03619296	-0.3360674	2.77357	-0.08048791	-0.3104239	2.633418	-0.006727656	-0.6825367	2.862046	-0.09469639	-0.6623973	2.711157	

0.1082164	0.05649454	2.808225	-0.1020521	-0.000405477	2.557413	0.101794	-0.08690234	2.724254	-0.0617665	-0.1464678	2.545846	0.1058887	-0.03351418	2.735711	-0.1175722	-0.1016158	2.532375	0.04947007	0.7534672	2.83709	-0.02508109	0.6494427	2.820673	-0.02156211	0.57487	2.819534	-0.01098025	0.346599	2.80815	0.002890287	0.03531258	2.784926	0.07505009	0.521346	2.921435	-0.1200087	0.4963574	2.693707	0.03423312	0.02522935	2.775128	-0.0286525	0.04450217	2.72769	0.1313389	0.2658013	2.990999	-0.1659814	0.2352653	2.61163	0.02989117	-0.3368326	2.768965	-0.08152672	-0.3110244	2.633639	-0.008532886	-0.6824681	2.86191	-0.09566338	-0.6629382	2.711603	

0.1068788	0.05665216	2.808534	-0.1014292	-0.0005292776	2.557568	0.09771385	-0.07915733	2.715256	-0.05810143	-0.145708	2.548846	0.1053048	-0.04497762	2.739505	-0.1162198	-0.08585035	2.538118	0.04822718	0.7536795	2.837558	-0.02643369	0.6496006	2.820981	-0.02275701	0.5749825	2.819885	-0.01173502	0.346586	2.808567	0.002606767	0.03520034	2.78535	0.07370044	0.5215043	2.921744	-0.1205796	0.4963387	2.693813	0.03399424	0.02506372	2.775291	-0.02898141	0.04449075	2.728535	0.1299969	0.2659591	2.991308	-0.1660252	0.2352898	2.611596	0.03834268	-0.3363788	2.775151	-0.0816815	-0.3109902	2.634062	0.001376452	-0.6795626	2.876202	-0.09597438	-0.66288	2.712093	

0.1056802	0.05662251	2.808777	-0.1018181	-0.0004418812	2.557885	0.08652821	-0.06424028	2.71526	-0.05967781	-0.1465673	2.550553	0.1034725	-0.05445234	2.749	-0.124678	-0.07463313	2.5354	0.04709465	0.7539724	2.838096	-0.02764572	0.6495697	2.821223	-0.02387714	0.5749314	2.820215	-0.01258891	0.3464622	2.809125	0.002118364	0.03498114	2.786201	0.07249107	0.5214739	2.921987	-0.1218181	0.4968078	2.694283	0.03351941	0.02444113	2.776495	-0.02945848	0.04456712	2.729114	0.1287944	0.2659293	2.991551	-0.1667444	0.2363028	2.612074	0.03763451	-0.3368301	2.777819	-0.08151719	-0.3110099	2.634654	-0.002705752	-0.6808817	2.875085	-0.09610884	-0.6630184	2.712179	

0.1045552	0.05629565	2.808979	-0.1020687	5.639365E-05	2.557979	0.09440885	-0.08324419	2.727256	-0.05814591	-0.1458029	2.550446	0.1042845	-0.02608326	2.743733	-0.1195461	-0.08689715	2.537277	0.04651453	0.7538148	2.838197	-0.02878336	0.6492385	2.821426	-0.02513637	0.5745593	2.820392	-0.01418062	0.3459426	2.809187	0.0002504826	0.03426788	2.786024	0.07135598	0.5211437	2.922189	-0.1226528	0.4970236	2.694601	0.03161435	0.02371597	2.77585	-0.03128592	0.04388164	2.729321	0.1276658	0.2656012	2.991754	-0.1670858	0.2359282	2.611928	0.03975196	-0.337759	2.774569	-0.07991934	-0.3117663	2.63243	-0.0003968311	-0.681637	2.872432	-0.09850745	-0.6640197	2.70825	

0.1037483	0.05590393	2.80941	-0.1170587	0.03848938	2.565821	0.08148403	-0.06138892	2.721061	-0.05577154	-0.1053192	2.551903	0.1045651	-0.03843739	2.742486	-0.1547035	-0.05386391	2.581391	0.04422867	0.7533685	2.838799	-0.02959917	0.6488409	2.821858	-0.02579041	0.5743152	2.820815	-0.01448656	0.3460179	2.809604	0.0003065943	0.03484357	2.786676	0.07054184	0.5207474	2.922622	-0.1237282	0.4970455	2.695228	0.03174142	0.0248088	2.776879	-0.03126264	0.04410317	2.729662	0.1268563	0.2652079	2.992185	-0.1675677	0.2358877	2.612481	0.02922893	-0.3374604	2.768432	-0.08027212	-0.3116558	2.633723	-0.001071674	-0.6816087	2.868507	-0.09829929	-0.6640356	2.709161	

0.1025741	0.05599723	2.810177	-0.1172942	0.03879789	2.565888	0.09021058	-0.07166373	2.713758	-0.05173303	-0.0848567	2.55746	0.1022874	-0.023563	2.743059	-0.1556646	-0.04368018	2.587384	0.0437657	0.7537032	2.839159	-0.03078626	0.648932	2.822625	-0.02695493	0.5744651	2.821565	-0.01549938	0.3463432	2.810276	-0.0003940617	0.0353462	2.787172	0.06935703	0.5208395	2.923389	-0.1251441	0.4971091	2.695814	0.03099971	0.02538937	2.77727	-0.03188048	0.04450316	2.730214	0.1256782	0.2653009	2.992953	-0.1686597	0.2355537	2.61353	0.03382009	-0.3364356	2.773628	-0.08167739	-0.3112133	2.634667	0.02150968	-0.6861535	2.859169	-0.09776623	-0.6635996	2.710462	

0.1019568	0.0559938	2.810652	-0.117913	0.03906956	2.566209	0.08555876	-0.064449	2.72376	-0.03622639	-0.08685186	2.557136	0.1022414	-0.02420302	2.741942	-0.1556577	-0.05168098	2.557875	0.04359864	0.7536133	2.839368	-0.03141029	0.6489266	2.823101	-0.02746837	0.5744401	2.822015	-0.01571689	0.3462824	2.810643	-0.0003146535	0.0352455	2.787483	0.06873416	0.5208347	2.923866	-0.126595	0.4965577	2.696706	0.03109375	0.02532511	2.777421	-0.03183245	0.04435659	2.730718	0.1250589	0.2652971	2.993428	-0.1696236	0.2352109	2.613971	0.05078578	-0.3313788	2.754214	-0.08389765	-0.310983	2.634898	0.03995781	-0.6802095	2.843121	-0.096344	-0.6628835	2.713159	

0.1012472	0.05546273	2.810839	-0.1189594	0.03285415	2.567741	0.08470029	-0.06799944	2.716509	-0.05168431	-0.1069606	2.556948	0.1039514	-0.02531878	2.747557	-0.1567763	-0.05663547	2.589072	0.04290388	0.7534842	2.839442	-0.0321279	0.6483892	2.82329	-0.02812636	0.5739338	2.822214	-0.01615587	0.3458864	2.810853	-0.0004622489	0.03499585	2.787642	0.06801816	0.5202987	2.924054	-0.1275617	0.4961521	2.697301	0.03106706	0.02523441	2.777526	-0.03216842	0.04386112	2.730912	0.1243469	0.2647642	2.993616	-0.1707075	0.2344927	2.61518	0.04422275	-0.336673	2.770419	-0.08405064	-0.3114684	2.634917	0.001363892	-0.6806474	2.867017	-0.09649513	-0.6634029	2.713039	

0.1011288	0.05546366	2.811064	-0.1189688	0.03231787	2.568044	0.07942804	-0.06453364	2.72726	-0.06050148	-0.1053052	2.555477	0.1036277	-0.02941329	2.745169	-0.1558033	-0.05351553	2.577427	0.04270951	0.753506	2.839733	-0.03224748	0.6483894	2.823515	-0.02828278	0.5739197	2.822448	-0.01641859	0.3458239	2.811113	-0.0008101985	0.03486205	2.787883	0.06789873	0.5202991	2.924279	-0.128361	0.4962876	2.697739	0.03069105	0.02490066	2.777766	-0.03248989	0.04389775	2.731147	0.1242282	0.2647651	2.993841	-0.1713497	0.2342991	2.615916	0.04263777	-0.3369141	2.772094	-0.08392555	-0.3114925	2.635128	0.007454663	-0.6863642	2.853088	-0.09661146	-0.6634448	2.713147	

0.1011543	0.05540325	2.811247	-0.1195595	0.03365439	2.568466	0.092314	-0.07185461	2.720508	-0.05794442	-0.09669117	2.557657	0.1038337	-0.03120158	2.742846	-0.1617485	-0.05399147	2.574394	0.04274666	0.7536746	2.839806	-0.0322216	0.6483276	2.823698	-0.02827252	0.5738574	2.822681	-0.01645538	0.3457714	2.811542	-0.0008795511	0.03485347	2.788611	0.06792445	0.5202377	2.924462	-0.1289887	0.4961538	2.698076	0.03091893	0.02489402	2.778692	-0.0327866	0.04389795	2.731728	0.1242537	0.2647043	2.994023	-0.1719702	0.2341174	2.616905	0.03744251	-0.3365327	2.778288	-0.08417343	-0.3114487	2.635419	0.01371494	-0.6860217	2.862581	-0.09702446	-0.6634401	2.713265	

0.1008852	0.05534516	2.812171	-0.1174076	0.02646242	2.569246	0.08822168	-0.06778477	2.733043	-0.05583082	-0.1030293	2.558711	0.1047521	-0.03523476	2.744921	-0.1567823	-0.05536788	2.581073	0.04266874	0.7536388	2.83992	-0.03249333	0.6482652	2.824623	-0.02857608	0.5738021	2.823503	-0.01679912	0.3457395	2.812085	-0.001182396	0.03484473	2.788839	0.06765283	0.5201766	2.925386	-0.1293148	0.4962553	2.698951	0.03072019	0.02491985	2.778948	-0.03319255	0.04385698	2.731899	0.1239836	0.2646453	2.994948	-0.1732013	0.2353808	2.618518	0.03953997	-0.3367685	2.775533	-0.08400016	-0.3116365	2.635973	0.008973402	-0.6860768	2.858598	-0.09743754	-0.6637794	2.713145	

0.100869	0.0551909	2.812488	-0.1203719	0.03157108	2.571044	0.09012371	-0.07159391	2.711258	-0.05335898	-0.09869732	2.562357	0.1044407	-0.04793853	2.74475	-0.1585896	-0.05932193	2.583064	0.04295611	0.7537153	2.840186	-0.03250958	0.6481082	2.824941	-0.02857496	0.5736806	2.823817	-0.01673089	0.3457177	2.812395	-0.0009630789	0.03496927	2.789164	0.06763646	0.5200203	2.925704	-0.1294552	0.4960452	2.699272	0.03093302	0.02512393	2.779341	-0.03296569	0.04391787	2.732144	0.1239673	0.2644904	2.995265	-0.1737479	0.235392	2.619326	0.02973883	-0.3366831	2.775938	-0.083937	-0.3115245	2.636051	0.0052906	-0.6851502	2.86362	-0.09711149	-0.6635881	2.71357	

0.1010308	0.05478776	2.813179	-0.1207097	0.02521685	2.571538	0.0902946	-0.06619273	2.736209	-0.06286839	-0.105477	2.555784	0.1046841	-0.05430583	2.7414	-0.1627367	-0.06176492	2.572875	0.04314036	0.7534452	2.840553	-0.03234558	0.6476981	2.825635	-0.02842296	0.5733105	2.824555	-0.01658872	0.345478	2.813271	-0.0007826695	0.03493116	2.790192	0.06779972	0.5196118	2.926397	-0.1292858	0.4960297	2.699835	0.03137805	0.02473533	2.781505	-0.03292736	0.04402915	2.732448	0.1241295	0.2640854	2.995956	-0.1743822	0.236097	2.620541	0.04188518	-0.3377483	2.768134	-0.07910412	-0.3083246	2.617276	0.0102352	-0.6869406	2.851274	-0.1044535	-0.6638366	2.677293	

0.1018254	0.05440719	2.813562	-0.1145089	0.005230748	2.569597	0.087869	-0.06679688	2.718259	-0.06805851	-0.1233381	2.556988	0.1042025	-0.0336123	2.742737	-0.1246064	-0.08499455	2.546182	0.04314296	0.7533644	2.840685	-0.03154194	0.647312	2.82602	-0.02775927	0.5729964	2.824921	-0.01623701	0.3453352	2.813567	-0.0006643991	0.03492309	2.790393	0.06860133	0.5192268	2.92678	-0.1292713	0.495923	2.700276	0.03150148	0.02464814	2.781714	-0.03282176	0.04410677	2.732593	0.1249265	0.2637033	2.996339	-0.1747596	0.2361727	2.620936	0.03381361	-0.3370988	2.778695	-0.0826714	-0.3119308	2.639138	-0.01291787	-0.6804403	2.875662	-0.09732333	-0.6650128	2.712388	

0.1025375	0.05374179	2.814227	-0.1221885	0.03326827	2.573245	0.09227449	-0.06995093	2.719758	-0.06294791	-0.09858074	2.559021	0.1025161	-0.03517848	2.735444	-0.1636185	-0.05695568	2.5894	0.04344263	0.7532904	2.840874	-0.03082143	0.646637	2.826689	-0.02718441	0.5723883	2.825531	-0.01600664	0.3449121	2.81401	-0.0007108918	0.03467622	2.790652	0.06931988	0.5185539	2.927447	-0.1290287	0.4957973	2.700694	0.03144659	0.02401637	2.782302	-0.03284118	0.04408697	2.732624	0.1256409	0.2630352	2.997005	-0.174761	0.2358083	2.621271	0.03839518	-0.3377482	2.778348	-0.08290724	-0.3119137	2.639132	-0.009978474	-0.6802731	2.877127	-0.09751214	-0.6647601	2.713338	

0.1029884	0.05449697	2.815592	-0.1221011	0.03425555	2.57313	0.08303683	-0.06068197	2.72301	-0.06054165	-0.09217357	2.559043	0.1036479	-0.04001683	2.742229	-0.1617343	-0.06043248	2.555	0.04448684	0.7527431	2.841928	-0.03036479	0.6473945	2.828051	-0.02676947	0.5730952	2.826703	-0.0157117	0.3454871	2.814685	-0.0005412041	0.03511485	2.790848	0.06977461	0.5193117	2.928811	-0.1287246	0.4960002	2.701425	0.03159322	0.02480528	2.78255	-0.03267179	0.0443166	2.732724	0.1260929	0.2637917	2.998369	-0.1748766	0.2357468	2.621785	0.03933079	-0.3369496	2.77863	-0.08273859	-0.3116201	2.638817	-0.009385826	-0.6794124	2.877465	-0.0978592	-0.6642953	2.713624	

0.1033583	0.05438825	2.816061	-0.1224275	0.03530186	2.573626	0.0856134	-0.06198656	2.725594	-0.04927237	-0.09401313	2.56544	0.1042662	-0.03572233	2.744948	-0.1584875	-0.05300954	2.580167	0.04475483	0.7525052	2.842337	-0.02999048	0.6472828	2.828522	-0.02636276	0.5729801	2.827363	-0.01523312	0.3453924	2.816095	-7.417116E-05	0.03513743	2.793518	0.07014779	0.5192007	2.92928	-0.1284308	0.4963194	2.702469	0.03231338	0.02481321	2.78598	-0.03243934	0.04439851	2.734481	0.1264639	0.2636821	2.998838	-0.1750095	0.2356867	2.621953	0.04314168	-0.3364791	2.785654	-0.08267947	-0.3113438	2.639549	-0.009643373	-0.6830735	2.868996	-0.09773433	-0.6640579	2.714216	

0.1042478	0.0537294	2.817049	-0.122682	0.03582686	2.574228	0.0904865	-0.08684104	2.722256	-0.05963198	-0.09155313	2.559081	0.1037844	-0.04261787	2.746608	-0.1651069	-0.04767939	2.596334	0.04545762	0.7521283	2.84338	-0.02909052	0.6466132	2.829514	-0.02571006	0.5724309	2.828255	-0.01512464	0.3451282	2.816688	-0.0004166192	0.03507402	2.793884	0.07104519	0.5185336	2.93027	-0.128242	0.4965704	2.70374	0.03203487	0.02469802	2.78628	-0.03282912	0.04442178	2.734848	0.1273561	0.2630205	2.999827	-0.1751186	0.2351492	2.622866	0.03793691	-0.3377541	2.774679	-0.08311829	-0.3112783	2.639712	-0.0047775	-0.6843863	2.86266	-0.09774799	-0.6640571	2.714195	

0.1046263	0.05315347	2.817396	-0.1217245	0.03358686	2.574696	0.09038963	-0.07180516	2.719258	-0.06296188	-0.09858147	2.558962	0.1041868	-0.04031061	2.742909	-0.1616774	-0.05377018	2.586564	0.04634392	0.7518829	2.84445	-0.02870766	0.6460299	2.829864	-0.02549364	0.5720365	2.828552	-0.01519384	0.3450651	2.816852	-0.001163819	0.03545889	2.794069	0.07142704	0.5179518	2.93062	-0.1280605	0.4965449	2.704626	0.03131931	0.02492584	2.7864	-0.03361836	0.04501389	2.73505	0.1277357	0.2624425	3.000175	-0.1755617	0.2346233	2.624696	0.02982683	-0.337331	2.777929	-0.08376224	-0.3107164	2.639936	-0.007189793	-0.6838996	2.86829	-0.09777918	-0.6635147	2.714454	

0.1059807	0.05375952	2.819187	-0.122046	0.03437809	2.576029	0.08568843	-0.06703147	2.727926	-0.0634478	-0.09960966	2.569832	0.1030753	-0.06337886	2.759	-0.1630941	-0.05243905	2.602909	0.04731505	0.752452	2.845809	-0.02733704	0.6466354	2.831655	-0.02406649	0.5725293	2.83044	-0.01374356	0.3452732	2.818889	0.0002207347	0.03532539	2.795917	0.07279342	0.5185582	2.93241	-0.1281232	0.4969496	2.706514	0.03262961	0.02477904	2.787894	-0.03223757	0.0449335	2.737144	0.1290942	0.263049	3.001965	-0.1757149	0.2340707	2.625914	0.03270316	-0.3378325	2.774858	-0.08079166	-0.3107867	2.640658	-0.005325079	-0.6850291	2.862743	-0.09943803	-0.6644812	2.710605	

0.1066714	0.0537199	2.820213	-0.1220051	0.02818805	2.578259	0.07950831	-0.07585129	2.730759	-0.06858879	-0.1053381	2.565866	0.1041603	-0.03299339	2.748616	-0.1629585	-0.06361554	2.590222	0.04766861	0.7522187	2.846838	-0.02663814	0.6465912	2.832682	-0.02340579	0.5725484	2.831466	-0.0132528	0.3455238	2.819858	0.0005192259	0.03589135	2.796715	0.07349013	0.5185154	2.933436	-0.1280087	0.4969749	2.707712	0.03300823	0.0254263	2.788811	-0.03201956	0.04541209	2.737781	0.1297869	0.2630084	3.00299	-0.1761155	0.234838	2.627441	0.0322886	-0.336857	2.780066	-0.08263849	-0.3102061	2.64239	-0.01686489	-0.6784143	2.881412	-0.09882857	-0.6640267	2.712332	

0.1070047	0.05336954	2.82141	-0.1243549	0.03317527	2.581793	0.09559358	-0.07197872	2.725591	-0.08556389	-0.09850061	2.563691	0.1045309	-0.02802535	2.752389	-0.1448509	-0.03127903	2.57625	0.0478775	0.7520192	2.847578	-0.02630058	0.6462326	2.833882	-0.02308909	0.5722616	2.832558	-0.01303783	0.3454618	2.820605	0.0006298692	0.03602349	2.797034	0.07382626	0.5181589	2.934635	-0.1280714	0.4969129	2.709152	0.03307423	0.02570506	2.789044	-0.03184145	0.04540237	2.738224	0.130121	0.2626559	3.004188	-0.1764898	0.2348972	2.630587	0.03807935	-0.3369205	2.775385	-0.0829027	-0.310116	2.642622	-0.009813341	-0.6784516	2.877352	-0.09818335	-0.6638539	2.713087	

0.1074674	0.05317792	2.822305	-0.1246582	0.03441197	2.582952	0.08825124	-0.06711164	2.730286	-0.08420794	-0.0987369	2.563018	0.1022692	-0.05534004	2.737	-0.1303473	-0.06571135	2.567857	0.04776889	0.751565	2.848954	-0.0258322	0.6460355	2.834779	-0.02258447	0.5720242	2.833461	-0.01247368	0.3451514	2.821468	0.001232587	0.03568273	2.797685	0.07429306	0.5179632	2.935531	-0.1280358	0.4964875	2.71082	0.03360816	0.02528453	2.789345	-0.03114888	0.04518263	2.739317	0.1305851	0.262463	3.005084	-0.1765739	0.2351899	2.63316	0.04294668	-0.3375471	2.770895	-0.08253064	-0.3101315	2.642803	-0.005347003	-0.6841207	2.856606	-0.0979134	-0.6637461	2.713764	

0.1075815	0.05299135	2.822916	-0.1245841	0.03181581	2.583225	0.08488265	-0.06970104	2.736543	-0.08418591	-0.09871695	2.562488	0.1043172	-0.04480671	2.747344	-0.1325849	-0.06696781	2.562462	0.04786442	0.7513918	2.849637	-0.02571661	0.6458446	2.835391	-0.02244266	0.5718575	2.834033	-0.01228448	0.3450768	2.821907	0.001466529	0.0357222	2.797928	0.07440805	0.5177734	2.936142	-0.1279027	0.496468	2.711901	0.03372451	0.02535271	2.78937	-0.03073937	0.04514423	2.739937	0.1306994	0.2622753	3.005694	-0.1763614	0.2341546	2.63394	0.03977408	-0.3377058	2.768028	-0.07578798	-0.3063887	2.620594	-0.00881484	-0.6829346	2.858161	-0.1042879	-0.6626886	2.675519	

0.1080466	0.05281687	2.824487	-0.1215705	0.007750059	2.583868	0.1007466	-0.06708459	2.729924	-0.08627097	-0.1261549	2.567192	0.104687	-0.03690937	2.7413	-0.137521	-0.08032096	2.566067	0.04778963	0.7518638	2.850267	-0.02524554	0.6456622	2.836964	-0.02196826	0.5716413	2.835593	-0.01183455	0.3448055	2.823382	0.001872063	0.03544144	2.799123	0.07487715	0.5175932	2.937715	-0.1274419	0.4967514	2.713335	0.03420519	0.02505637	2.790483	-0.03045688	0.04491727	2.741058	0.1311658	0.2620991	3.007265	-0.1765029	0.2342028	2.634294	0.04351032	-0.337359	2.778301	-0.08218743	-0.3099403	2.642236	0.01382546	-0.6888266	2.853499	-0.09723786	-0.6628739	2.716049	

0.1082551	0.05294891	2.82506	-0.1187157	0.003747326	2.583347	0.103236	-0.08435045	2.763255	-0.08057691	-0.1262398	2.566542	0.1095456	-0.08306804	2.762667	-0.134916	-0.1000976	2.553	0.04812476	0.751417	2.852076	-0.02503439	0.6457933	2.837537	-0.02177893	0.5718343	2.836167	-0.0117202	0.3452381	2.823986	0.00187426	0.03635528	2.799768	0.07508746	0.5177247	2.938288	-0.1268686	0.4969994	2.714393	0.03427957	0.02654721	2.791542	-0.03050122	0.0453738	2.741345	0.1313749	0.262231	3.007838	-0.1758557	0.2333062	2.635486	0.04263473	-0.3356851	2.782235	-0.08216298	-0.3094771	2.642398	0.003333756	-0.6853094	2.86096	-0.09730111	-0.6624097	2.71621	

0.1085323	0.05287082	2.825282	-0.1184162	0.002395893	2.583156	0.1013688	-0.06376112	2.746091	-0.08055387	-0.1262002	2.565719	0.1113273	-0.06372643	2.7568	-0.1460042	-0.05737446	2.577222	0.0487656	0.7514113	2.852383	-0.02475397	0.6457135	2.837759	-0.02153797	0.5717702	2.836344	-0.0115919	0.345219	2.824051	0.001925528	0.0363646	2.79975	0.07536712	0.5176454	2.93851	-0.1268274	0.497007	2.714677	0.0343686	0.02645811	2.791224	-0.03037243	0.04547813	2.741498	0.1316529	0.2621525	3.00806	-0.1759821	0.2333681	2.635683	0.04088246	-0.3359248	2.780544	-0.08178236	-0.3094449	2.642744	0.00379142	-0.685703	2.859586	-0.0971481	-0.6624705	2.71614	

0.1085543	0.05282944	2.825295	-0.1183947	0.001994827	2.58307	0.09598057	-0.05973218	2.736592	-0.08058628	-0.1262659	2.567072	0.1033813	-0.05714609	2.733334	-0.139034	-0.07507959	2.5755	0.04939115	0.7514352	2.852777	-0.02473172	0.6456715	2.837773	-0.02152202	0.5717325	2.836354	-0.01159264	0.3451962	2.82405	0.001901891	0.03634322	2.79972	0.07538931	0.5176035	2.938523	-0.1266606	0.4969541	2.714959	0.03432186	0.02637981	2.791095	-0.03039084	0.0454759	2.741497	0.131675	0.2621109	3.008074	-0.1757852	0.2332167	2.63634	0.04336579	-0.3358937	2.781053	-0.08186571	-0.3094691	2.642922	-0.01070862	-0.6799477	2.872405	-0.09711435	-0.662542	2.716147	

0.109077	0.05244282	2.825577	-0.1176766	0.001800224	2.582708	0.09571016	-0.05955993	2.728925	-0.07707264	-0.1267653	2.560366	0.1091849	-0.04320887	2.745	-0.1427509	-0.07194459	2.556	0.04986446	0.7514536	2.852968	-0.02420307	0.6452798	2.838057	-0.02104919	0.5713884	2.836535	-0.01125403	0.3449697	2.823991	0.002233636	0.03616585	2.799269	0.07591662	0.5172129	2.938806	-0.1265674	0.4971233	2.715038	0.03478569	0.02596992	2.789901	-0.03018479	0.04542293	2.741409	0.1321993	0.2617228	3.008355	-0.1757539	0.2334103	2.636365	0.04307837	-0.336334	2.779676	-0.08161359	-0.309585	2.643155	-0.0004992584	-0.6830043	2.867191	-0.09692792	-0.662738	2.71604	

0.1093018	0.05259302	2.825586	-0.1156335	0.00646362	2.581922	0.1067364	-0.09169355	2.755753	-0.07909781	-0.1259524	2.562971	0.1134207	-0.03650805	2.754445	-0.1355575	-0.07791358	2.554083	0.05056304	0.7518547	2.853057	-0.02397573	0.6454315	2.838066	-0.02076218	0.5715147	2.836553	-0.01072645	0.3450064	2.824025	0.003225827	0.03600439	2.799285	0.0761434	0.5173641	2.938815	-0.1263754	0.4971808	2.715285	0.03575863	0.02562706	2.789892	-0.02922038	0.04545074	2.741469	0.1324247	0.2618735	3.008365	-0.1754018	0.233483	2.636428	0.04252051	-0.3367033	2.779696	-0.08126909	-0.3094667	2.643207	0.0001796955	-0.6838959	2.865928	-0.09661296	-0.6626273	2.716058	

0.1098162	0.05263715	2.825395	-0.115031	0.01262942	2.580637	0.1010334	-0.06225993	2.737591	-0.0559708	-0.1196996	2.559488	0.1107164	-0.05429616	2.7414	-0.1611725	-0.06914963	2.583476	0.0519133	0.7524578	2.852996	-0.02345558	0.6454769	2.837875	-0.02018955	0.5715103	2.836374	-0.009996682	0.344845	2.823865	0.004162632	0.0356071	2.799119	0.07666246	0.5174092	2.938624	-0.1247543	0.4971233	2.715449	0.03662787	0.02519995	2.789637	-0.0282787	0.04510939	2.741413	0.1329409	0.2619179	3.008174	-0.1749654	0.233766	2.636138	0.04249384	-0.3371593	2.77922	-0.08102815	-0.3096442	2.642826	-0.0009496749	-0.6836388	2.867427	-0.09590621	-0.6628639	2.715518	

0.1103786	0.05228504	2.825432	-0.1118252	0.008835168	2.578936	0.1067667	-0.08341039	2.732129	-0.07402705	-0.1190067	2.559251	0.1125213	-0.05722711	2.742667	-0.1273147	-0.06508616	2.562828	0.05332216	0.7531066	2.852772	-0.02288691	0.6451211	2.837913	-0.01961033	0.5711604	2.83641	-0.00943585	0.3445474	2.823877	0.00463988	0.03541579	2.799072	0.07722984	0.517054	2.938661	-0.1245116	0.4970592	2.715178	0.0370613	0.02511679	2.789263	-0.02759852	0.04472719	2.741759	0.133505	0.2615646	3.00821	-0.1743221	0.2336944	2.635586	0.03503897	-0.3367349	2.785168	-0.08088621	-0.3098414	2.64261	0.01839173	-0.6878355	2.865024	-0.09542406	-0.6629058	2.715987	

0.1107964	0.05256192	2.82526	-0.1100112	0.007069951	2.578116	0.1098071	-0.0835662	2.737754	-0.01693301	-0.1238277	2.559254	0.1113633	-0.04269013	2.747625	-0.09618038	-0.0768484	2.546344	0.05423319	0.7531968	2.852017	-0.02246447	0.6454014	2.83774	-0.01908209	0.5716743	2.836218	-0.008493491	0.3462816	2.82361	0.00625812	0.04018471	2.798667	0.07765139	0.5173336	2.938488	-0.1233965	0.4970675	2.71504	0.03791961	0.02955191	2.789696	-0.02519688	0.04998526	2.740396	0.1339242	0.2618424	3.008038	-0.173628	0.2340452	2.634415	0.04825711	-0.3336843	2.76282	-0.07965789	-0.3047834	2.642973	0.0295628	-0.6832294	2.848074	-0.09366933	-0.6580451	2.715748	

0.1115435	0.05229023	2.824792	-0.1132988	0.03066071	2.578237	0.1023583	-0.06105175	2.739508	-0.0577427	-0.08606213	2.561951	0.1058228	-0.06212015	2.731667	-0.1198374	-0.05417553	2.546609	0.05504448	0.7538549	2.851686	-0.02170916	0.6451288	2.837273	-0.01842497	0.5714453	2.835804	-0.008118241	0.3461252	2.823324	0.006375326	0.04000128	2.798469	0.07840525	0.5170608	2.938021	-0.1232886	0.4971461	2.714579	0.03817081	0.02941519	2.789322	-0.02519137	0.04973517	2.740311	0.1346738	0.2615702	3.00757	-0.1724763	0.2340623	2.633405	0.04779577	-0.3324913	2.783826	-0.079556	-0.3050629	2.64299	0.02810328	-0.6843213	2.860404	-0.09374894	-0.6583292	2.71571	

0.1122764	0.05307461	2.824337	-0.1048293	0.004937825	2.573231	0.1018508	-0.08696614	2.726254	-0.07843986	-0.1462057	2.554854	0.1116818	-0.03830851	2.737334	-0.1386079	-0.08367526	2.5354	0.05544673	0.7540724	2.850905	-0.02096821	0.6459231	2.836815	-0.01768631	0.5721182	2.83536	-0.007432008	0.3464324	2.822911	0.007029417	0.03978886	2.798021	0.07914468	0.517853	2.937564	-0.1223754	0.4972538	2.713949	0.03915938	0.0294782	2.788307	-0.02477033	0.04932695	2.740225	0.135409	0.2623574	3.007115	-0.1705874	0.2341188	2.632251	0.04801637	-0.332384	2.783526	-0.07939601	-0.3054091	2.642805	-0.008566855	-0.6814204	2.855423	-0.09374227	-0.6584685	2.716331	

0.1133758	0.05340003	2.821964	-0.1020747	0.00226313	2.571897	0.113152	-0.06078833	2.727755	0.009556041	-0.1148499	2.530802	0.1201612	-0.02891387	2.737875	-0.1114241	-0.09234281	2.550095	0.05641285	0.7546082	2.849625	-0.01985745	0.6462614	2.834439	-0.01651034	0.5723559	2.833074	-0.006104824	0.346303	2.820846	0.008507106	0.03893249	2.79613	0.08025423	0.5181875	2.935189	-0.1193446	0.4972938	2.711267	0.04033606	0.02896454	2.787136	-0.02319858	0.0480626	2.737645	0.1365124	0.2626857	3.004741	-0.1682571	0.2352471	2.628551	0.04868171	-0.3329865	2.781497	-0.07879038	-0.3067333	2.641502	-0.007124323	-0.6810336	2.857806	-0.09339779	-0.6596304	2.715613	

0.1138009	0.0540413	2.820525	-0.1006843	0.0003782417	2.570421	0.1122253	-0.0597236	2.735256	0.009772209	-0.1185186	2.549055	0.1158543	-0.06465935	2.732667	-0.1094652	-0.0950957	2.533471	0.05701188	0.7545451	2.848029	-0.01942821	0.646915	2.832996	-0.01594638	0.5729339	2.831706	-0.005148761	0.3466314	2.819632	0.0100403	0.03877295	2.795033	0.08068324	0.5188381	2.933748	-0.1179821	0.4964236	2.709302	0.04157531	0.02905607	2.786373	-0.02150298	0.04758611	2.736281	0.136939	0.2633301	3.003302	-0.1663769	0.2352124	2.626684	0.04724554	-0.3329269	2.78102	-0.07723484	-0.3071606	2.639973	-0.002278225	-0.6821714	2.856326	-0.09322395	-0.6598849	2.714526	

0.1142209	0.05358472	2.818976	-0.09755408	0.0001659515	2.569698	0.1073709	-0.07940328	2.723504	0.01178296	-0.1280114	2.530854	0.1190713	-0.03805031	2.738364	-0.1068343	-0.09995297	2.543692	0.05748387	0.7544439	2.847385	-0.01900415	0.6464599	2.831447	-0.01541328	0.572476	2.830176	-0.004296655	0.3461083	2.818141	0.01127594	0.03801681	2.793601	0.08110726	0.5183818	2.932198	-0.1165407	0.4964756	2.7074	0.04275314	0.02849574	2.784822	-0.0203177	0.04667004	2.735065	0.1373607	0.2628734	3.001752	-0.165551	0.2360607	2.625552	0.04958118	-0.3333226	2.780902	-0.07678241	-0.3079798	2.638913	0.003514956	-0.6827216	2.85743	-0.09292971	-0.6605328	2.714102	

0.1149365	0.05381646	2.817828	-0.09614453	0.0002017293	2.568548	0.1157227	-0.06207022	2.729255	-0.03617123	-0.1413102	2.557832	0.1207781	-0.04913972	2.735638	-0.1094131	-0.08625344	2.538929	0.05756097	0.7535054	2.846061	-0.01828099	0.6466988	2.830298	-0.01466489	0.5726462	2.828892	-0.003499059	0.3459896	2.816406	0.01203567	0.03725312	2.791123	0.0818294	0.5186186	2.931049	-0.1148623	0.4960052	2.705379	0.04358272	0.02739993	2.781653	-0.01969927	0.0462025	2.733282	0.1380788	0.2631067	3.000604	-0.1642061	0.2364758	2.623558	0.04888071	-0.3346884	2.775078	-0.07618473	-0.3084334	2.637069	0.01296115	-0.6812432	2.865948	-0.0929721	-0.6604797	2.714115	

0.1155022	0.05375458	2.815872	-0.09556773	-0.0008313294	2.567508	0.1140795	-0.08772895	2.750252	-0.0717334	-0.1251865	2.544694	0.1274689	-0.01360341	2.7455	-0.1550267	-0.06883263	2.5828	0.05749951	0.7533502	2.845308	-0.01770975	0.6466441	2.82834	-0.01395429	0.5724648	2.826968	-0.002348334	0.3453691	2.814548	0.013867	0.03583364	2.789326	0.08240045	0.5185615	2.929092	-0.1134504	0.4962829	2.704046	0.04525449	0.02598684	2.780491	-0.01777055	0.04482494	2.730806	0.1386467	0.2630462	2.998647	-0.161938	0.2348992	2.620391	0.06419099	-0.3365115	2.761437	-0.07548236	-0.3098425	2.636021	0.003167621	-0.6768396	2.860906	-0.09235528	-0.6618314	2.713247	

0.1159612	0.05385415	2.815092	-0.10229	0.03499982	2.568378	0.1129122	-0.05504347	2.721756	-0.08666132	-0.09187289	2.546734	0.1260522	-0.02400776	2.734772	-0.1441024	-0.0420076	2.586	0.05779838	0.7531244	2.844661	-0.01724587	0.6467479	2.827559	-0.01344837	0.5726278	2.826183	-0.00173455	0.3457107	2.813777	0.01455834	0.03642127	2.788641	0.0828637	0.5186641	2.928311	-0.1122054	0.4965728	2.70308	0.04590044	0.02658143	2.780088	-0.01706393	0.04538569	2.729839	0.1391073	0.2631468	2.997867	-0.1607467	0.2351337	2.619352	0.04953882	-0.335509	2.773651	-0.0731198	-0.3094635	2.634469	-0.01265627	-0.672923	2.880875	-0.09379221	-0.6619204	2.70907	

0.1165277	0.05372254	2.813997	-0.09990206	0.02980281	2.567099	0.1228992	-0.0594122	2.722254	-0.07711791	-0.09854422	2.545494	0.1236999	-0.06043671	2.7125	-0.1465144	-0.03824761	2.598125	0.05792172	0.7529397	2.84376	-0.01667351	0.6466193	2.826464	-0.01278916	0.5725417	2.824983	-0.0008142131	0.3457668	2.812274	0.01578045	0.03670378	2.78678	0.08343538	0.5185344	2.927216	-0.1101103	0.4961188	2.701059	0.04675999	0.02665777	2.778937	-0.01550482	0.04593182	2.727216	0.1396758	0.2630156	2.996772	-0.1571843	0.2356173	2.617436	0.04648264	-0.335885	2.767441	-0.07136452	-0.3094766	2.635008	-0.009141101	-0.6733003	2.877776	-0.09292101	-0.6617486	2.710129	

0.1181772	0.05378334	2.812298	-0.09416603	0.02534259	2.563782	0.1242359	-0.04947865	2.724254	-0.08123155	-0.09770425	2.538254	0.1275379	-0.04930997	2.715	-0.1199287	-0.04469577	2.56375	0.05845321	0.753058	2.843451	-0.01500616	0.6466876	2.824764	-0.01091513	0.5729889	2.823208	0.00190815	0.34768	2.810155	0.02007047	0.04168686	2.784121	0.08509988	0.5186001	2.925516	-0.1086457	0.4967326	2.699242	0.05049425	0.03099613	2.777851	-0.01068727	0.0515471	2.722772	0.1413309	0.2630778	2.995073	-0.1547962	0.2349837	2.615792	0.05533081	-0.3308589	2.774411	-0.06855741	-0.304162	2.634038	0.01194632	-0.6785736	2.858508	-0.09042521	-0.6564328	2.709207	

0.119674	0.05442263	2.811064	-0.08375809	0.01825459	2.559184	0.1254036	-0.05194103	2.722587	0.009535569	-0.1045194	2.539986	0.1307803	-0.05345501	2.71807	-0.113263	-0.07992543	2.533125	0.05956866	0.7535384	2.842036	-0.01349295	0.6473384	2.823527	-0.00911965	0.5739344	2.821763	0.004531409	0.349604	2.808112	0.02356928	0.04477859	2.781403	0.08661024	0.5192481	2.924279	-0.1064114	0.4969068	2.697166	0.05343383	0.03401799	2.775925	-0.006796347	0.05449789	2.719419	0.1428327	0.2637201	2.993838	-0.1519546	0.2360712	2.613904	0.05577562	-0.328707	2.763293	-0.0661194	-0.3013582	2.632988	-0.002763354	-0.6690297	2.864157	-0.08885073	-0.65346	2.708671	

0.1214115	0.05503996	2.810066	-0.08207618	0.01764616	2.558328	0.1253778	-0.05193352	2.72192	-0.00708488	-0.103206	2.550611	0.132989	-0.04947462	2.724667	-0.1120354	-0.07136825	2.540077	0.06023151	0.7534283	2.841154	-0.0117362	0.6479661	2.822526	-0.007467569	0.5747251	2.820775	0.005797596	0.3507611	2.807209	0.02425738	0.04618829	2.780646	0.08836343	0.5198732	2.923279	-0.1052022	0.4974759	2.695966	0.05417958	0.03554741	2.775592	-0.006177181	0.05579276	2.718271	0.1445759	0.26434	2.992839	-0.1496543	0.2381376	2.611981	0.05581674	-0.3267305	2.768784	-0.06567068	-0.3001073	2.632206	-0.00532402	-0.6639143	2.877321	-0.08797269	-0.6520051	2.708823	

0.1220022	0.05521782	2.80958	-0.07905196	0.031796	2.556466	0.1226546	-0.07422686	2.716919	0.006983568	-0.09251323	2.548661	0.1345091	-0.03648312	2.725857	-0.1136851	-0.05796177	2.548917	0.06095102	0.753455	2.839726	-0.01113894	0.6481478	2.822039	-0.006885173	0.5747705	2.820233	0.006383684	0.3502692	2.806409	0.02484285	0.04411348	2.779112	0.08895957	0.5200539	2.922792	-0.10457	0.4975921	2.694811	0.05533572	0.03375808	2.772232	-0.005972063	0.05308179	2.717995	0.1451686	0.2645189	2.992352	-0.1471913	0.2387094	2.609574	0.05437192	-0.3285673	2.764778	-0.06565499	-0.3025956	2.630821	-0.007866243	-0.6658442	2.872486	-0.08813437	-0.6541205	2.708782	

0.1237845	0.05516305	2.807378	-0.07886554	0.03352134	2.556167	0.1019719	-0.06156013	2.680007	0.0007044291	-0.08389907	2.545493	0.1288634	-0.04438072	2.708929	-0.1130528	-0.05461574	2.562693	0.06479405	0.7546363	2.83635	-0.009337455	0.6481014	2.819837	-0.005212012	0.5744597	2.818141	0.007680973	0.3491415	2.804607	0.02569153	0.04166518	2.777562	0.09075816	0.5200046	2.920589	-0.1027575	0.4971097	2.693017	0.05640839	0.03155581	2.769481	-0.005357779	0.05042224	2.717604	0.146957	0.2644656	2.99015	-0.1457268	0.2398994	2.608593	0.05465313	-0.3305553	2.764093	-0.06593688	-0.3050128	2.630032	0.02423523	-0.6762837	2.859414	-0.08832631	-0.6564385	2.708345	

0.1250684	0.05566812	2.806449	-0.08110345	0.03593616	2.556839	0.107377	-0.06149088	2.677006	0.002102917	-0.08503143	2.555462	0.1331389	-0.04082057	2.718527	-0.1009921	-0.05116042	2.550167	0.06652698	0.7547541	2.834236	-0.00803935	0.6486154	2.818905	-0.003930889	0.5747948	2.817196	0.00887824	0.348921	2.803656	0.02678493	0.04069772	2.776633	0.09205373	0.5205163	2.919657	-0.1019793	0.4970533	2.692441	0.05761196	0.03040907	2.768186	-0.004528395	0.04976017	2.717187	0.1482452	0.2649729	2.98922	-0.1451858	0.2392454	2.607691	0.07989853	-0.3268701	2.792513	-0.06596215	-0.3055631	2.629902	0.02672473	-0.6776414	2.859532	-0.08789832	-0.6569098	2.708613	

0.1266516	0.05562717	2.804694	-0.08211751	0.03682027	2.557159	0.1035628	-0.06314836	2.689529	-0.009646601	-0.08165981	2.559204	0.1309709	-0.04562243	2.719811	-0.1086988	-0.05888236	2.549407	0.06916249	0.7545954	2.831879	-0.006438917	0.6485811	2.817149	-0.002613317	0.5750121	2.815817	0.009558517	0.349626	2.803095	0.02699629	0.04262839	2.776878	0.09365143	0.5204797	2.917901	-0.1011813	0.4968184	2.691119	0.05776618	0.033476	2.769259	-0.004318963	0.05095096	2.717046	0.1498338	0.2649333	2.987465	-0.1451011	0.2380941	2.60755	0.04772912	-0.3285689	2.763632	-0.06586868	-0.3043805	2.629843	-0.0159529	-0.6657144	2.870947	-0.08749361	-0.6556031	2.709121	

0.1281729	0.0550512	2.802864	-0.08938722	0.03925633	2.560179	0.103989	-0.06941046	2.684056	-0.04075903	-0.08464763	2.553534	0.1329793	-0.03716914	2.728909	-0.09394646	-0.0277792	2.540037	0.07006405	0.7543737	2.831182	-0.004901063	0.6480066	2.81532	-0.001523216	0.5742187	2.814146	0.009479821	0.3480918	2.801686	0.0241527	0.03855269	2.77544	0.09518678	0.5199037	2.916071	-0.1003738	0.495954	2.689497	0.05472612	0.02860694	2.766387	-0.007075069	0.04742102	2.716861	0.1513604	0.2643569	2.985634	-0.1454908	0.2379442	2.607656	0.04671434	-0.33321	2.76294	-0.06743435	-0.3080478	2.629559	0.02923767	-0.6798436	2.858133	-0.08892547	-0.6592883	2.708724	

0.1285318	0.05518001	2.80196	-0.09367147	0.04081751	2.560933	0.09899606	-0.07083574	2.68259	-0.04632016	-0.07939473	2.554761	0.1288486	-0.04153287	2.720413	-0.09752259	-0.04423741	2.538069	0.07036697	0.7541038	2.830761	-0.004538452	0.6481404	2.814415	-0.001276351	0.5742739	2.81333	0.00938204	0.347983	2.801199	0.02368699	0.03836146	2.775272	0.09554904	0.5200361	2.915167	-0.1005013	0.4958343	2.689053	0.05432942	0.02839126	2.766076	-0.00762524	0.04726231	2.716884	0.1517206	0.2644868	2.984731	-0.1460824	0.2373538	2.607792	0.048948	-0.3343797	2.751752	-0.06815933	-0.3081096	2.629137	0.03156995	-0.6800377	2.85001	-0.08886288	-0.6591937	2.709068	

0.1285875	0.05537573	2.800817	-0.09640043	0.03250657	2.56166	0.1021646	-0.07095308	2.693411	-0.04627515	-0.09177713	2.547973	0.1306135	-0.04260063	2.72303	-0.09001761	-0.04871877	2.531929	0.07060953	0.7534431	2.82976	-0.004482603	0.6483428	2.81327	-0.001203456	0.5745686	2.812365	0.009407815	0.34849	2.800745	0.02368356	0.03980601	2.77549	0.09560537	0.5202367	2.914022	-0.1005367	0.4952862	2.688188	0.05425029	0.02986885	2.766916	-0.007540669	0.04889102	2.716619	0.1517766	0.2646841	2.983587	-0.1466668	0.2372438	2.607678	0.0518856	-0.3329419	2.752665	-0.06827944	-0.306546	2.629413	0.03188194	-0.6786045	2.850504	-0.08859324	-0.6576951	2.709218	

0.1280588	0.05513984	2.800259	-0.09575804	0.0190915	2.559139	0.09633051	-0.06822725	2.67659	-0.04035199	-0.1038764	2.544257	0.1200557	-0.04548927	2.713833	-0.1131902	-0.03959443	2.547948	0.0697042	0.7531976	2.828903	-0.005017494	0.6481066	2.812712	-0.001692631	0.5744963	2.811901	0.008823672	0.3488829	2.800498	0.02252895	0.0416691	2.775904	0.09507205	0.5200003	2.913465	-0.1010133	0.4947433	2.687444	0.05263719	0.03229121	2.769104	-0.0085602	0.05067647	2.71583	0.1512464	0.264448	2.98303	-0.1480222	0.2352668	2.607041	0.05590403	-0.3300577	2.760966	-0.06885256	-0.3049327	2.629134	0.01471946	-0.6754782	2.853768	-0.0883439	-0.6561573	2.708867	

0.1265438	0.05501493	2.799134	-0.09594684	0.01911262	2.558975	0.09642849	-0.06707488	2.679757	-0.04383784	-0.1043156	2.544382	0.1233214	-0.0422343	2.715804	-0.07684547	-0.1011207	2.5192	0.06751829	0.7524464	2.827652	-0.00655013	0.647985	2.811586	-0.003180442	0.5742422	2.810735	0.007391867	0.3482518	2.799365	0.0212996	0.04045526	2.775024	0.09354358	0.5198776	2.91234	-0.1026969	0.4941504	2.686563	0.05158169	0.03128472	2.767427	-0.01006142	0.04893596	2.715557	0.1497267	0.2643237	2.981905	-0.150306	0.2339915	2.605537	0.05339517	-0.3307941	2.762307	-0.06970098	-0.3067546	2.628841	0.01088677	-0.6768976	2.852329	-0.08970938	-0.6580461	2.708174	

0.1246751	0.05490262	2.797698	-0.09621931	0.01883378	2.558956	0.0937387	-0.06813682	2.673258	-0.05777339	-0.1041935	2.541318	0.1226604	-0.03789091	2.719966	-0.1192457	-0.04176793	2.550117	0.06601007	0.7524822	2.827063	-0.008440641	0.6478773	2.810148	-0.004749555	0.5743852	2.80953	0.006443267	0.3489897	2.798748	0.02082057	0.04221961	2.775042	0.09165826	0.5197684	2.910904	-0.1044831	0.4936769	2.68586	0.0510604	0.03332515	2.767944	-0.01040393	0.05039531	2.715153	0.1478523	0.2642122	2.980469	-0.1509977	0.233831	2.605449	0.05451018	-0.3264409	2.742501	-0.06993409	-0.3053932	2.628863	0.008606263	-0.6690425	2.842337	-0.08948739	-0.6566985	2.70827	

0.1221326	0.05575962	2.796438	-0.0965405	0.01877952	2.558941	0.09754706	-0.07501166	2.681399	-0.06338069	-0.1053979	2.53888	0.127983	-0.02183777	2.7403	-0.1241098	-0.03812203	2.553859	0.06322947	0.752403	2.826424	-0.01101248	0.6487483	2.808883	-0.007073994	0.5749114	2.808371	0.004740704	0.3487396	2.798001	0.01968532	0.04100318	2.774793	0.08909303	0.5206363	2.909641	-0.1057805	0.4931343	2.685371	0.0501195	0.03237649	2.767138	-0.01178533	0.04867833	2.715516	0.1453018	0.2650731	2.979209	-0.1526138	0.2341292	2.60533	0.08508343	-0.2753429	2.746483	-0.07073724	-0.3071122	2.628743	0.0374946	-0.623722	2.827388	-0.08939733	-0.6583962	2.70838	

0.1192218	0.05543641	2.794933	-0.09787658	0.01769468	2.557702	0.08329296	-0.06790706	2.682859	-0.0633415	-0.1053133	2.536755	0.1177327	-0.05252862	2.7292	-0.1218989	-0.04168461	2.550048	0.05742681	0.7553254	2.822607	-0.01395699	0.6484279	2.807377	-0.01006122	0.574544	2.806888	0.001775914	0.348246	2.796807	0.01723276	0.04025704	2.774258	0.08615629	0.5203149	2.908137	-0.107872	0.4928486	2.68488	0.04764506	0.03258783	2.765491	-0.01457847	0.04674606	2.716008	0.142382	0.2647502	2.977704	-0.1538434	0.2336811	2.60492	0.05096995	-0.3304487	2.748079	-0.07216358	-0.3091495	2.628627	-0.03028027	-0.6843634	2.756829	-0.09045381	-0.660374	2.708517	

0.1182049	0.05544416	2.793841	-0.0984376	0.005590898	2.553302	0.08909312	-0.0756794	2.680257	-0.002817919	-0.1249699	2.534588	0.1152691	-0.03441784	2.727667	-0.122398	-0.0948159	2.566	0.05653063	0.7546747	2.822431	-0.01498598	0.6484401	2.806283	-0.01121325	0.5744959	2.80587	0.0002067359	0.3479984	2.796093	0.01502631	0.03955261	2.77415	0.08513033	0.5203258	2.907045	-0.1090793	0.4927509	2.68425	0.0459797	0.0327716	2.764748	-0.01742962	0.0448203	2.716751	0.141362	0.2647589	2.976613	-0.1558654	0.2341366	2.60305	0.05145364	-0.2667277	2.705487	-0.07350785	-0.3111811	2.628658	0.02161805	-0.6116222	2.804695	-0.09288198	-0.6623035	2.708667	

0.1198241	0.05632367	2.793193	-0.09906615	0.00494313	2.551748	0.08705778	-0.06878068	2.674509	-0.06332999	-0.118112	2.528643	0.1067237	-0.0339978	2.722222	-0.1348456	-0.07335989	2.534516	0.0587018	0.7537481	2.821782	-0.01334859	0.6493314	2.805632	-0.009929266	0.5754022	2.80553	0.0008699585	0.3491283	2.796527	0.01512439	0.04182614	2.776511	0.08676418	0.5212145	2.906394	-0.1077987	0.4942567	2.682652	0.04606494	0.03432639	2.768622	-0.01699954	0.04830669	2.71808	0.1429866	0.2656416	2.975964	-0.1564601	0.2351769	2.602368	0.04906419	-0.3128087	2.718717	-0.07116974	-0.307944	2.629354	0.01845021	-0.6571962	2.818488	-0.09284944	-0.6591837	2.708477	

0.1351235	0.05833627	2.789514	-0.1050856	-0.002214655	2.550983	0.08837524	-0.01576214	2.714012	-0.06943488	-0.1248059	2.538157	0.1013957	-0.0153738	2.724334	-0.1579165	-0.07496426	2.572611	0.07803561	0.7551427	2.81788	0.002123389	0.6513801	2.801947	0.002096083	0.5769999	2.803231	0.005059555	0.3496598	2.796968	0.01542907	0.0415912	2.778341	0.1022019	0.5232531	2.902704	-0.09761533	0.4963075	2.68012	0.04671604	0.03517902	2.771665	-0.0167722	0.04733686	2.719125	0.1583357	0.267663	2.972279	-0.1566003	0.2354368	2.60225	0.09191436	-0.2733863	2.728901	-0.04080953	-0.3095425	2.614536	0.03821842	-0.6190121	2.816531	-0.0993539	-0.6519017	2.709505	

0.1462968	0.05089392	2.78595	-0.1085034	-0.004077491	2.551519	0.08876792	-0.03267786	2.726512	-0.06689392	-0.1346923	2.540685	0.0970189	-0.0320624	2.73	-0.1581105	-0.0812559	2.582692	0.08716076	0.7499927	2.815021	0.01342287	0.6438748	2.798414	0.01211887	0.5700511	2.800815	0.01018596	0.3443967	2.797934	0.01457029	0.0352134	2.784276	0.1134776	0.5157561	2.899157	-0.0911511	0.493763	2.678272	0.04689479	0.02995363	2.778696	-0.01845598	0.03967492	2.723586	0.169546	0.2601996	2.968719	-0.1565765	0.2353154	2.60228	0.08814246	-0.3306287	2.719672	-0.03593604	-0.3162016	2.612666	0.02291055	-0.6638161	2.836847	-0.1015836	-0.6566724	2.709395	

0.179502	0.002826385	2.77686	-0.120638	-0.03180803	2.552588	0.1632215	-0.1021089	2.695221	-0.05326746	-0.1540532	2.540311	0.1711306	-0.1011768	2.698734	-0.1647503	-0.100563	2.570857	0.1176681	0.7063883	2.799222	0.04700837	0.5953357	2.789516	0.04315	0.5215494	2.794244	0.03129078	0.2956727	2.800193	0.01506456	-0.009974452	2.79896	0.1469921	0.4672959	2.890183	-0.0637773	0.4473113	2.671436	0.04930609	-0.007395091	2.797445	-0.01977391	-0.01241653	2.732741	0.2028627	0.2119854	2.959659	-0.1516344	0.1928854	2.597545	0.1164789	-0.3599741	2.70589	-0.0006031747	-0.3574828	2.584458	0.02371826	-0.6750259	2.848677	-0.09560233	-0.6883353	2.688388	

0.1211156	-0.1673486	2.988421	-0.1122288	-0.2292644	2.551056	0.06589456	-0.2706421	2.981197	-0.09222721	-0.37759	2.553825	0.07427473	-0.2690646	2.984731	-0.1612661	-0.2823858	2.573562	0.1829621	0.5220976	2.79364	0.1073002	0.4199892	2.778352	0.09133599	0.3487561	2.786324	0.04252514	0.1311447	2.801757	-0.02387219	-0.1646794	2.813487	0.2071481	0.2922983	2.878779	-0.01459501	0.2795278	2.667949	0.007720119	-0.166792	2.815131	-0.05492013	-0.1586457	2.744878	0.2626436	0.03796815	2.947963	-0.1361483	0.04003227	2.594989	0.195049	-0.452865	2.661532	0.08390615	-0.4559716	2.55626	0.07266356	-0.7511654	2.816018	-0.07588971	-0.7604356	2.661013	

0.07856224	-0.1681347	3.022182	-0.1019654	-0.3034391	2.551226	-0.00340249	-0.2448923	3.029468	-0.08691659	-0.4560534	2.556172	0.005261429	-0.2434352	3.032989	-0.1517223	-0.349593	2.549	0.2263823	0.4490907	2.790063	0.1461567	0.3383765	2.768761	0.1265654	0.2680068	2.782574	0.06661969	0.0533005	2.81543	-0.01492469	-0.2381247	2.850264	0.2459095	0.2108594	2.869079	0.02025395	0.2013271	2.666123	0.01842719	-0.2382825	2.849372	-0.04794915	-0.2323819	2.784307	0.3011584	-0.0429894	2.93815	-0.1112397	-0.03456098	2.602173	0.2227469	-0.4858791	2.648555	0.1098306	-0.4964681	2.55935	0.08301634	-0.7710581	2.812116	-0.07550021	-0.7822413	2.673237	

0.01727294	-0.1664595	3.062659	-0.07731662	-0.2528795	2.539137	0.03910813	-0.1981343	3.093232	-0.06481031	-0.3999306	2.520592	0.04760353	-0.1968816	3.096739	-0.1111406	-0.309541	2.530105	0.2211478	0.4765306	2.794988	0.1480382	0.3707222	2.76868	0.1277863	0.2999744	2.783689	0.06588625	0.08440457	2.820111	-0.01831513	-0.2074154	2.859867	0.2477866	0.2431306	2.869033	0.02746423	0.2311795	2.667596	0.01435624	-0.2097797	2.855864	-0.05052547	-0.1999151	2.797283	0.1906221	-0.002243239	2.960597	-0.09343304	-0.008757374	2.595825	0.2283087	-0.4286248	2.646396	0.1165332	-0.4437599	2.553599	0.1261817	-0.7430136	2.784942	-0.03555183	-0.7592154	2.639149	

0.2542924	0.003852275	2.966909	-0.02013356	0.03940514	2.492375	0.2650908	-0.1391629	2.962332	0.0462248	-0.102605	2.485173	0.292799	-0.05093629	2.906941	-0.03283147	-0.05967259	2.521833	0.1480679	0.740017	2.820791	0.08772372	0.6326063	2.795214	0.08117528	0.5578314	2.801435	0.06102616	0.3288637	2.811922	0.0334752	0.01691133	2.817472	0.1876045	0.5044994	2.895906	0.0106834	0.4840864	2.67329	0.06338169	0.01773688	2.814853	0.002751631	0.01568262	2.753017	0.2093865	0.2500663	2.98227	-0.1120771	0.2700402	2.536842	0.1692999	-0.3232843	2.711622	0.03526414	-0.3184021	2.577475	0.08300352	-0.6544989	2.8226	-0.05907633	-0.653508	2.670892	

0.2724694	0.1466585	2.958581	-0.04100354	0.1918424	2.502078	0.3028756	0.03076912	2.958005	0.01008579	0.04694604	2.479455	0.3216184	0.08332392	2.922111	-0.03600644	0.07339332	2.464172	0.1303049	0.8929777	2.841546	0.06346679	0.7866026	2.816047	0.06078549	0.710287	2.813818	0.05246392	0.4762722	2.799216	0.04100854	0.1568633	2.771708	0.163383	0.6582479	2.916942	-0.01938657	0.6551667	2.69026	0.06705834	0.1379949	2.754146	0.01395899	0.1719478	2.722303	0.1853287	0.40303	3.003605	-0.1162332	0.426558	2.555613	0.08660767	-0.2233238	2.764028	-0.02134012	-0.1857004	2.618084	0.08604982	-0.5736405	2.850977	-0.01570576	-0.5448717	2.668116	

0.2772335	0.2171254	2.932527	-0.04706802	0.2206459	2.506265	0.3099435	0.08407875	2.948397	-0.009746723	0.06895608	2.485617	0.3149232	0.1699845	2.89775	0.04256739	0.1467303	2.541375	0.1114555	0.9559051	2.844744	0.05273142	0.8451951	2.821628	0.05407546	0.7691921	2.816914	0.05801596	0.536006	2.794953	0.06322286	0.2175399	2.757812	0.1526635	0.7167524	2.922603	-0.03538167	0.7142189	2.697829	0.08270236	0.2028655	2.731331	0.04220788	0.2269427	2.717441	0.1746771	0.4612529	3.009385	-0.1215611	0.4797768	2.565821	0.0920548	-0.1595387	2.743619	-0.008399357	-0.1316995	2.624954	0.09498785	-0.5064233	2.842814	-0.004775432	-0.4948519	2.648327	

0.2688169	0.2898446	2.941883	-0.04575061	0.2774432	2.512942	0.3115849	0.1717739	2.926979	-0.0007445826	0.1306733	2.486936	0.3069399	0.2584076	2.882857	0.0435122	0.2293063	2.535616	0.1356657	1.02941	2.84662	0.06428535	0.9271017	2.827063	0.06667882	0.8472834	2.826996	0.07377393	0.6023331	2.819114	0.08321933	0.2678187	2.800862	0.1641804	0.7985379	2.928138	-0.03506641	0.778729	2.701449	0.1005356	0.2595108	2.770069	0.06391899	0.269745	2.764913	0.1861398	0.5426553	3.015098	-0.1174693	0.5338978	2.588312	0.1106165	-0.1056206	2.764374	0.006975197	-0.08430805	2.651429	0.0786638	-0.4509192	2.864911	-0.03834575	-0.4378763	2.717672	

0.2664708	0.3021954	2.944728	-0.04569237	0.2871397	2.516811	0.3031761	0.1816863	2.930781	0.007553036	0.1472982	2.495148	0.309177	0.2719384	2.882857	0.0443246	0.2567092	2.543375	0.1341204	1.065425	2.844076	0.0653329	0.9419699	2.824853	0.06808589	0.8618502	2.824786	0.07623211	0.6160341	2.816926	0.08704194	0.2804991	2.79872	0.1652251	0.8133808	2.925948	-0.03574693	0.7918947	2.70039	0.1024507	0.2678937	2.769487	0.07014824	0.2873814	2.760669	0.1871829	0.5573907	3.012957	-0.1157186	0.5440407	2.592494	0.1040287	-0.0955914	2.780692	0.01187107	-0.06617676	2.644938	0.06107472	-0.4393936	2.882275	-0.03343348	-0.4219514	2.701231	

0.2612706	0.3230015	2.961086	-0.03376924	0.3139939	2.533484	0.2904172	0.1607091	2.954478	0.02402555	0.1755946	2.513524	0.3164113	0.2448229	2.91275	0.06162753	0.2864792	2.555	0.144834	1.079689	2.842487	0.07521133	0.9701818	2.826327	0.07757953	0.8891098	2.827523	0.08472153	0.6407254	2.823316	0.09453747	0.3025336	2.809953	0.1750781	0.8415524	2.927454	-0.02971097	0.8232853	2.704151	0.1104294	0.3028428	2.786536	0.07614373	0.2984939	2.767595	0.1969853	0.5854346	3.014528	-0.107218	0.5703601	2.607711	0.1147835	-0.06174331	2.792248	0.01337186	-0.05411134	2.650569	0.1136951	-0.4114516	2.883939	-0.003921591	-0.4151056	2.691009	

0.2645398	0.2941827	2.975055	-0.02478683	0.292779	2.557546	0.2929051	0.1242882	2.981	0.04446369	0.1475942	2.538358	0.3092614	0.1857302	2.939706	0.0613068	0.241684	2.543053	0.1690497	1.055894	2.8443	0.08843266	0.9447063	2.831275	0.08728006	0.87172	2.830251	0.08716884	0.6380464	2.822753	0.0946143	0.3067693	2.806509	0.1882707	0.8161195	2.93236	-0.02176536	0.8003118	2.710461	0.1131681	0.3024217	2.787066	0.06840669	0.3154188	2.750512	0.2101032	0.5601339	3.019375	-0.1083201	0.5490661	2.618255	0.1290806	-0.06229935	2.788307	0.02350758	-0.04533815	2.660193	0.1431672	-0.4071442	2.894024	0.033285	-0.4068709	2.699028	

0.2699478	0.2519553	2.987229	-0.0247883	0.2570962	2.570775	0.2997145	0.1051353	2.990784	0.0464106	0.1333371	2.535938	0.3046665	0.17758	2.9293	0.03994942	0.2238484	2.53524	0.1809961	1.013145	2.845088	0.09971838	0.9038317	2.838308	0.09860285	0.8279862	2.837377	0.09327482	0.6032119	2.82596	0.09135441	0.2951522	2.805309	0.1995321	0.7753149	2.939328	-0.01646366	0.7661231	2.717697	0.1174889	0.2879879	2.791339	0.05711311	0.2918187	2.747659	0.2212985	0.5195406	3.02625	-0.1014337	0.5115078	2.63538	0.1302274	-0.07506281	2.805079	0.02187739	-0.06981051	2.658007	0.1609233	-0.4274145	2.882021	0.02832926	-0.4306436	2.701226	

0.2847394	0.1456056	3.007231	-0.0492994	0.2096302	2.59582	0.3152133	-0.0009161912	3.014703	0.04801514	0.07111315	2.556462	0.3153535	0.0671327	2.963467	0.05323214	0.1538219	2.617615	0.1756	0.9066979	2.85309	0.1080076	0.7964084	2.841402	0.1100512	0.7246849	2.842554	0.1159544	0.5046485	2.838091	0.123654	0.2043372	2.824198	0.2078094	0.6680675	2.942276	-0.008634953	0.6560079	2.727403	0.1644209	0.2055742	2.818665	0.07993416	0.1982625	2.762883	0.2295152	0.4128325	3.028967	-0.09733455	0.4020732	2.649039	0.166781	-0.1591989	2.808438	0.03930682	-0.1600157	2.663507	0.1769262	-0.5104785	2.892389	-0.01084144	-0.6506097	2.654824	

0.2905809	-0.06545465	3.033826	-0.03526493	-0.01920185	2.619329	0.336211	-0.2106269	3.057096	0.05753627	-0.1272438	2.584867	0.350647	-0.1923678	3.012	0.01945595	-0.04045936	2.585417	0.2045313	0.7095985	2.861668	0.1231487	0.5916116	2.850085	0.1248542	0.5204929	2.854629	0.1296685	0.30283	2.860018	0.1358167	0.006422229	2.858778	0.2229214	0.4636516	2.950691	0.00590251	0.4523186	2.743735	0.1746137	0.01184501	2.859978	0.09380664	0.0008447819	2.79057	0.2403088	0.2001073	3.01147	-0.09530743	0.2041474	2.665132	0.2002015	-0.3468819	2.771063	0.07329852	-0.2424251	2.615659	0.1478286	-0.6780543	2.899091	0.05876056	-0.6056614	2.62867	

0.2935328	-0.08682365	3.040357	-0.06792326	-0.09412841	2.6722	0.3476597	-0.2301286	3.064161	-0.06115571	-0.261774	2.649644	0.3620544	-0.2117948	3.019075	-0.01924502	-0.1877048	2.64275	0.2140193	0.6667839	2.868323	0.1261469	0.5699363	2.856709	0.1245656	0.4979966	2.862141	0.1175394	0.2751312	2.871429	0.1003375	-0.03101759	2.877608	0.2259101	0.4420267	2.957285	0.004627202	0.4369059	2.749334	0.1353681	-0.02810119	2.874047	0.06294677	-0.03321325	2.814132	0.2432787	0.1786312	3.018018	-0.08307792	0.1771292	2.707271	0.2248228	-0.3659668	2.740836	0.08707984	-0.3013968	2.60383	0.03886218	-0.6757623	2.775901	0.09864488	-0.6640781	2.621232	

0.2929243	-0.08481336	3.041469	-0.08042193	-0.07439183	2.683767	0.3470563	-0.228133	3.065276	-0.07272691	-0.2211595	2.674667	0.3614538	-0.2098073	3.020189	-0.03532629	-0.1737209	2.662429	0.2155658	0.6743077	2.870792	0.1255386	0.5719221	2.85782	0.1237632	0.4998921	2.863158	0.1164115	0.2776639	2.871996	0.1006875	-0.02591614	2.876662	0.2253027	0.4440099	2.958399	0.003368515	0.4381895	2.751164	0.135768	-0.02354638	2.872193	0.06324766	-0.0274522	2.814127	0.2426739	0.1806267	3.019129	-0.08980564	0.1803355	2.709377	0.2195349	-0.3715995	2.777155	0.08584586	-0.3007433	2.604931	0.04694973	-0.692024	2.780837	0.09415886	-0.6633072	2.624755	

0.2617708	-0.001405474	3.068991	-0.1259746	0.003760907	2.691664	0.316007	-0.1449833	3.092803	-0.1081328	-0.1413131	2.709618	0.3305354	-0.126991	3.047682	-0.07646469	-0.05022427	2.675222	0.1728497	0.7558618	2.913228	0.09401261	0.6560986	2.885043	0.09309805	0.5827701	2.885123	0.09005536	0.3582671	2.877206	0.08566916	0.0523634	2.85834	0.1938353	0.5280609	2.985728	-0.02414773	0.5207835	2.770886	0.1197146	0.04366015	2.849682	0.04959595	0.05984307	2.799956	0.2113998	0.2643005	3.046584	-0.1452052	0.2754341	2.722616	0.1831021	-0.3138819	2.792614	0.02350114	-0.2396341	2.656699	0.02258693	-0.6408488	2.770203	0.009735662	-0.6003096	2.693855	

0.2568943	-0.003134103	3.077816	-0.1354253	0.001183404	2.682599	0.3129497	-0.1463655	3.102621	-0.1231764	-0.1335202	2.689626	0.3256981	-0.1287075	3.056504	-0.08727059	-0.04298039	2.668313	0.1624731	0.7607642	2.923415	0.08908956	0.6542665	2.89389	0.08820584	0.5817486	2.892738	0.08511475	0.3592446	2.881997	0.07970707	0.05594236	2.860741	0.1889197	0.5262433	2.994571	-0.02639134	0.5156589	2.774432	0.1119279	0.04791875	2.855211	0.0449675	0.06292489	2.800129	0.2065118	0.2625327	3.055412	-0.1495694	0.2727921	2.717622	0.1090988	-0.314155	2.816733	-0.007315035	-0.2883849	2.682006	-0.1263676	-0.5918036	2.825032	-0.01810813	-0.6330984	2.705108	

0.2468644	-0.004083136	3.092265	-0.1194649	-0.01468107	2.644166	0.3011509	-0.1476488	3.116074	-0.1665857	-0.171714	2.634531	0.3157461	-0.12965	3.070946	-0.08588882	-0.1202015	2.655534	0.1484411	0.7614971	2.940629	0.07895199	0.6532133	2.90836	0.07876363	0.5815439	2.906314	0.07781	0.3615122	2.892493	0.07520079	0.06070567	2.867296	0.1787988	0.5252101	3.009039	-0.0302494	0.5120375	2.779897	0.1074932	0.05019129	2.862951	0.0406106	0.07021185	2.805306	0.1964489	0.2615489	3.069864	-0.1034908	0.2516053	2.71216	0.1062524	-0.3121111	2.805259	-0.009524245	-0.2553863	2.660584	-0.1164036	-0.4480341	2.861562	-0.02206632	-0.61519	2.703382	

0.2494387	0.02037097	3.069885	-0.02650862	0.01563901	2.638861	0.271739	-0.1279949	3.085045	0.003340065	-0.1069465	2.60768	0.2777866	-0.0777074	3.068875	0.0175043	-0.01836975	2.61769	0.1455356	0.7585738	2.948401	0.07747251	0.6493838	2.918464	0.07821543	0.577415	2.915126	0.07965787	0.3567778	2.898109	0.08101847	0.05444027	2.869651	0.1773183	0.5213999	3.019136	-0.03106944	0.5077503	2.787625	0.1123268	0.04603028	2.86576	0.04790606	0.06107612	2.806777	0.2128071	0.2865832	3.035389	-0.09468848	0.2476034	2.707834	0.1083573	-0.3150706	2.808142	0.002626412	-0.2315519	2.664899	-0.1265517	-0.434313	2.854352	-0.06604348	-0.5461407	2.655084	

0.2488301	-0.01043452	3.087044	-0.02714914	0.06279206	2.6458	0.3068095	-0.1529279	3.062026	0.0576642	-0.05916456	2.622663	0.3067163	-0.1162136	3.029	0.01247399	0.0388807	2.624053	0.1440163	0.7580556	2.951114	0.07634646	0.6475827	2.923634	0.07740524	0.575345	2.919964	0.07989388	0.3541646	2.901567	0.08246112	0.05172095	2.870972	0.1761925	0.5196083	3.024303	-0.03142707	0.5056556	2.790454	0.113476	0.04378325	2.866808	0.04954168	0.05816999	2.808264	0.1938582	0.25603	3.085103	-0.09446669	0.2462126	2.707544	0.1254327	-0.2299082	2.779732	0.01003807	-0.2238166	2.666541	-0.07189007	-0.4052777	2.840583	-0.0732095	-0.5786847	2.655015	

0.2721622	-0.004885785	3.067847	0.03427725	0.04009268	2.646671	0.3229801	-0.1887938	3.027732	0.1237248	-0.08129204	2.633625	0.3450099	-0.1223101	3.019385	0.07742325	0.01404308	2.645455	0.1435438	0.757552	2.952572	0.07579258	0.6471265	2.925868	0.07723349	0.5751501	2.922316	0.08120736	0.3549032	2.904519	0.08762364	0.05514796	2.874802	0.1756389	0.5191557	3.026535	-0.03154741	0.503881	2.792835	0.1193632	0.04849339	2.875722	0.0544848	0.06100032	2.808813	0.1933073	0.2555963	3.087329	-0.09173121	0.2442197	2.708303	0.1028452	-0.3077296	2.805026	0.0149439	-0.2131433	2.667471	-0.1261107	-0.4349665	2.857956	-0.07089984	-0.5676436	2.656106	

0.286597	-0.01416208	3.055326	0.03919842	0.04110739	2.654109	0.3500069	-0.1583358	3.025248	0.1479685	-0.07772752	2.644063	0.3301254	-0.08156805	2.989667	0.1152664	-0.002012708	2.646917	0.1449023	0.7579939	2.954758	0.07686009	0.6465237	2.928149	0.07805559	0.5745456	2.924163	0.08148167	0.3543952	2.905154	0.08740717	0.05445047	2.874433	0.176703	0.5185567	3.028814	-0.03152949	0.5030376	2.795519	0.118853	0.04675122	2.872819	0.05423112	0.06042816	2.809212	0.2232527	0.2503191	3.052488	-0.07728105	0.2470812	2.716213	0.1766846	-0.2154932	2.803148	0.008033672	-0.2328591	2.664302	-0.07894199	-0.4089096	2.843615	-0.07593144	-0.5877003	2.654688	

0.2865188	-0.0188376	3.031615	0.03996439	0.04342494	2.658593	0.3255747	-0.2002474	3.02099	0.1299423	-0.05968481	2.655252	0.3398467	-0.131915	2.992042	0.09119592	0.03465401	2.669778	0.1503666	0.756402	2.959929	0.08269888	0.6434155	2.931924	0.08384034	0.5714887	2.927537	0.08705201	0.3514581	2.906987	0.09221161	0.05166034	2.873517	0.1825271	0.5154583	3.032581	-0.0269294	0.5002328	2.800254	0.1243403	0.04230481	2.868384	0.0591037	0.05870019	2.810909	0.2275785	0.2467411	3.054513	-0.07062568	0.2444802	2.721043	0.1670983	-0.2361648	2.772497	0.04420668	-0.1964328	2.672379	-0.03488377	-0.3952205	2.843098	-0.02142095	-0.5551588	2.670339	

0.2825504	-0.02215467	3.081832	-0.05359918	-0.02433809	2.654483	0.2990421	-0.1500331	3.103532	-0.04268786	-0.1670703	2.631687	0.27774	-0.1351882	3.0565	-0.00579726	-0.1106266	2.619238	0.1861987	0.7593963	2.960101	0.1127468	0.6434587	2.934988	0.1157545	0.5717416	2.932534	0.1252487	0.3523419	2.917889	0.1377565	0.05361143	2.891354	0.2125054	0.5155038	3.035632	0.004044337	0.497477	2.811297	0.1717684	0.05942715	2.89192	0.0998629	0.04752671	2.823787	0.2567476	0.2464126	3.055582	-0.06704551	0.2393485	2.731691	0.1693411	-0.1947447	2.769555	0.039335	-0.2189524	2.677685	-0.05388333	-0.4032517	2.846751	-0.01546283	-0.5792139	2.679883	

0.27616	0.01416383	3.094811	-0.05581462	-0.02489381	2.656088	0.3071029	-0.1432995	3.142699	-0.0644999	-0.1674996	2.638527	0.2857147	-0.1306033	3.104	-0.01468528	-0.1048931	2.635375	0.1864455	0.7594393	2.960034	0.1189437	0.6438111	2.936701	0.1200064	0.5720436	2.93392	0.1257158	0.3524514	2.918255	0.136079	0.05376176	2.891415	0.2186875	0.5158573	3.037342	0.005896162	0.4973478	2.811815	0.1697104	0.05942284	2.891703	0.09873249	0.04763156	2.824051	0.2445346	0.2810625	3.061196	-0.06661874	0.2390972	2.7343	0.1798844	-0.2050101	2.812676	0.03751678	-0.2224647	2.677828	-0.04481985	-0.4029358	2.849324	-0.0227967	-0.581673	2.683443	

0.2797839	0.0155221	3.109236	-0.06246344	-0.02602581	2.665079	0.302643	-0.1346003	3.140868	-0.0704968	-0.1724623	2.659239	0.2852514	-0.1199683	3.112143	-0.02349871	-0.09168119	2.655409	0.1865968	0.7594132	2.960096	0.1236323	0.6426302	2.937058	0.1238875	0.5710142	2.934555	0.1268222	0.3519177	2.919042	0.1350111	0.05326026	2.892366	0.2233654	0.5146789	3.037696	0.01026982	0.4974091	2.813037	0.1687448	0.0590111	2.89245	0.09768001	0.04689622	2.82525	0.2493563	0.2813435	3.069026	-0.06535731	0.2391447	2.73934	0.181183	-0.2052608	2.814872	0.03293807	-0.236777	2.678015	-0.04781919	-0.404816	2.85023	-0.02730376	-0.5959739	2.682628	

0.283958	0.01561142	3.112155	-0.05796904	-0.01943866	2.679672	0.3096657	-0.1329106	3.141999	-0.06702352	-0.1552719	2.672629	0.2823551	-0.1047419	3.107	-0.01500553	-0.08600863	2.6631	0.18884	0.7579502	2.962442	0.1281177	0.6424248	2.93849	0.1282488	0.5708068	2.93619	0.1296487	0.3517099	2.920942	0.1352642	0.05314355	2.893562	0.2278399	0.5144754	3.039125	0.01457672	0.4967865	2.816604	0.1690885	0.05868096	2.893732	0.09792149	0.0468816	2.826411	0.252869	0.2811194	3.070824	-0.06283449	0.2386005	2.744945	0.1830024	-0.2011116	2.794278	0.03985911	-0.2304122	2.685786	-0.05460137	-0.4010043	2.844464	-0.01439628	-0.5907246	2.687145	

0.284949	0.01417992	3.110006	-0.01195206	-0.008448967	2.689436	0.3158129	-0.1326975	3.125339	-0.02569512	-0.1461481	2.660404	0.2885228	-0.09542892	3.095846	0.01915141	-0.07202201	2.655421	0.1913515	0.7544191	2.967218	0.1307606	0.642027	2.940938	0.131799	0.5706551	2.9391	0.1360182	0.3526508	2.925414	0.1434028	0.05604478	2.899155	0.2304758	0.5140811	3.04157	0.01799427	0.4963697	2.820896	0.1771482	0.0610412	2.899275	0.1061776	0.05005895	2.832098	0.2559166	0.2805105	3.071843	-0.05591456	0.2360252	2.754687	0.1537169	-0.2965249	2.832359	0.04432854	-0.2273379	2.689371	-0.08614568	-0.417495	2.848824	-0.01272835	-0.5873422	2.687583	

0.2957101	-0.02215233	3.107249	-0.01165091	0.01841125	2.695362	0.3140346	-0.223575	3.143409	0.02781585	-0.1039212	2.653616	0.3254181	-0.1584457	3.090467	0.03738868	-0.02318204	2.667667	0.2023284	0.7556994	2.971821	0.133858	0.641197	2.944945	0.1354333	0.570257	2.943229	0.1408994	0.3536029	2.929867	0.1492402	0.05901256	2.903803	0.2335645	0.5132573	3.045575	0.02062342	0.4965625	2.824727	0.1829239	0.06169821	2.90587	0.1126819	0.0555062	2.835313	0.2779649	0.2442465	3.06497	-0.05352047	0.2367774	2.75628	0.1810034	-0.2297255	2.822661	0.04450021	-0.2350636	2.687251	-0.04275217	-0.397331	2.845025	-0.01543504	-0.59469	2.680035	

0.3112608	-0.02805667	3.086576	0.0320578	0.04399487	2.687686	0.3408074	-0.1721251	3.097995	0.087542	-0.08678813	2.633487	0.3393967	-0.1376861	3.052764	0.073365	-0.003748134	2.64544	0.2111774	0.7579199	2.981994	0.1408201	0.6391016	2.958222	0.143451	0.5686977	2.956409	0.1516931	0.3535064	2.942808	0.1633498	0.06081001	2.916388	0.2405057	0.5111812	3.058842	0.02478713	0.4969935	2.835507	0.1988889	0.06724949	2.919537	0.1245027	0.05368587	2.846613	0.2848905	0.2422177	3.078171	-0.04460834	0.2379714	2.758082	0.1810867	-0.2304799	2.823189	0.05394458	-0.2132731	2.691806	-0.03285263	-0.3902605	2.852337	-0.009214541	-0.572493	2.679591	

0.3141207	-0.02777163	3.086931	0.03376323	0.04411385	2.687687	0.3456405	-0.1709883	3.087389	0.1243968	-0.08730795	2.634249	0.3394864	-0.1295321	3.038308	0.01411159	-0.07394971	2.677938	0.213385	0.7573858	2.987672	0.1444835	0.6397269	2.963543	0.1455562	0.5691936	2.961362	0.1497612	0.3536932	2.948162	0.1504558	0.06018994	2.925885	0.2441587	0.5118114	3.064161	0.02859098	0.4964243	2.841298	0.1808464	0.06589507	2.930051	0.1157502	0.05330126	2.855033	0.2885361	0.2428743	3.083485	-0.04215579	0.2390763	2.758922	0.1809027	-0.2338995	2.823556	0.05497152	-0.2124152	2.692143	-0.03071616	-0.3949912	2.858946	-0.008094926	-0.5716525	2.678344	

0.3200953	-0.02799458	3.099836	0.03605232	0.0449171	2.690285	0.3510196	-0.1787722	3.092807	0.1188103	-0.06088259	2.662254	0.3447919	-0.1138344	3.047625	0.01126199	-0.03362617	2.691571	0.2173721	0.7569836	3.006244	0.1560847	0.6400826	2.98104	0.1592377	0.5691854	2.980408	0.1686789	0.3521553	2.969988	0.1825352	0.05603516	2.949327	0.2557271	0.5121865	3.081649	0.04180928	0.495197	2.861705	0.220312	0.06475013	2.953521	0.1419585	0.04632625	2.878702	0.3000574	0.2433058	3.100961	-0.03242281	0.2415435	2.770178	0.2277997	-0.2037556	2.875383	0.06339698	-0.2069061	2.698684	-0.02393041	-0.3930817	2.861621	-0.009394915	-0.5643253	2.68323	

0.3229384	-0.02892224	3.1016	0.03603098	0.04378555	2.692947	0.3575503	-0.1793098	3.095568	0.1080797	-0.06056631	2.663367	0.3452454	-0.1227381	3.060933	0.01145702	-0.03942524	2.689601	0.2196934	0.7572113	3.010415	0.1586455	0.6391149	2.984434	0.1615734	0.5684292	2.98348	0.1703475	0.3519602	2.9723	0.1831019	0.05640201	2.950331	0.2582809	0.5112244	3.085039	0.04315703	0.4957319	2.865249	0.220726	0.06486991	2.955193	0.1424081	0.04679004	2.87913	0.3025964	0.242378	3.104345	-0.03011792	0.2427134	2.775064	0.2268492	-0.2033615	2.874785	0.06534626	-0.2046542	2.701856	-0.02241379	-0.3960808	2.869073	0.003375761	-0.56169	2.730868	

0.326328	-0.02885461	3.114556	0.03390918	0.04277274	2.696559	0.3508841	-0.1797834	3.113397	0.1048967	-0.06788854	2.672347	0.346867	-0.1502853	3.06625	0.003859538	-0.05071275	2.678857	0.2215841	0.7572108	3.013029	0.1620394	0.6386852	2.988285	0.1642693	0.5680339	2.986648	0.1713491	0.3517194	2.973833	0.1829923	0.0563835	2.950513	0.2616658	0.5107999	3.088888	0.04503134	0.4962356	2.868241	0.2202033	0.06414327	2.955673	0.1423389	0.04720614	2.879279	0.3059627	0.2419821	3.108189	-0.02939444	0.2427785	2.778717	0.1971089	-0.1982246	2.834401	0.06522376	-0.2024778	2.705957	-0.02204227	-0.3978283	2.870111	-0.01187395	-0.5590135	2.696666	

0.3252126	-0.02818818	3.128198	0.0287703	0.01757027	2.710666	0.3590446	-0.1736119	3.120337	0.09778538	-0.08314309	2.683033	0.3631287	-0.1217897	3.116454	0.02575774	-0.07392596	2.668526	0.2199301	0.7590148	3.019552	0.1676159	0.6382931	2.994934	0.1687182	0.5675966	2.992235	0.1728881	0.3513033	2.976604	0.1825211	0.05621081	2.950952	0.2672273	0.510416	3.095531	0.04923968	0.4972101	2.875701	0.2193311	0.06326194	2.955742	0.1418368	0.04763626	2.880255	0.2943441	0.2420332	3.131644	-0.02848851	0.2434548	2.788257	0.1969756	-0.1990806	2.836465	0.05340598	-0.2572915	2.711362	-0.01871554	-0.3969466	2.873916	-0.004617807	-0.6154478	2.733505	

0.3275026	0.00903623	3.171052	-0.02222448	-0.002854961	2.744331	0.3470086	-0.1420455	3.17974	0.03686781	-0.1151664	2.709828	0.3671032	-0.136132	3.177667	-0.03605071	-0.06032548	2.70925	0.2345294	0.7592048	3.030126	0.1755801	0.6362594	3.000876	0.1745228	0.5657455	2.997284	0.1738607	0.3500507	2.979215	0.177755	0.05461217	2.952307	0.2751716	0.5083928	3.101467	0.05525694	0.4986893	2.885434	0.2128641	0.05903203	2.953466	0.1366716	0.04798702	2.885232	0.2993506	0.2750178	3.131903	-0.03150133	0.2453872	2.807143	0.1317419	-0.1865724	2.721178	0.05830297	-0.2499539	2.714742	-0.01709925	-0.397492	2.874727	-0.007009881	-0.608404	2.690748	

0.3288437	0.009170645	3.173113	-0.02514091	-0.008310214	2.741454	0.3463226	-0.1425015	3.203086	-0.03464252	-0.1530557	2.725027	0.3573068	-0.08104292	3.19675	-0.06092547	-0.1114341	2.7085	0.2384403	0.7594616	3.031623	0.1806973	0.6371421	3.004928	0.1785185	0.566437	3.000973	0.1744764	0.350269	2.981402	0.1733372	0.05499819	2.953352	0.2802759	0.5092783	3.105517	0.05696968	0.4982621	2.887413	0.2085774	0.05803787	2.953403	0.1326533	0.05014591	2.887167	0.302955	0.2756604	3.13547	-0.03229233	0.2456335	2.809986	0.1293518	-0.1841443	2.717476	0.05859451	-0.2496237	2.715258	-0.01860376	-0.3981855	2.871388	0.002418746	-0.6078236	2.740202	

0.3319681	0.0103234	3.182103	-0.03175324	-0.01257712	2.741818	0.3583193	-0.1418367	3.208282	-0.03664178	-0.1571132	2.729226	0.3624698	-0.07975422	3.1875	-0.06939024	-0.08906244	2.719385	0.2418118	0.7580678	3.033524	0.1823786	0.6366227	3.006474	0.1799976	0.5658874	3.002532	0.1747712	0.3496873	2.982731	0.1711361	0.05425317	2.953746	0.2819529	0.5087616	3.107062	0.05901431	0.498774	2.891019	0.205812	0.05621786	2.952578	0.131	0.05028725	2.888386	0.3049495	0.2757353	3.139621	-0.03257916	0.2467795	2.814474	0.1285464	-0.1879097	2.713531	0.06136269	-0.2485709	2.713764	-0.01881064	-0.3989494	2.870223	-0.006121787	-0.60607	2.678383	

0.3407285	-0.0226912	3.184216	-0.02827305	-0.01657484	2.742	0.3755916	-0.1701597	3.209169	-0.02994243	-0.1640038	2.728064	0.3806634	-0.1449998	3.162905	-0.04970122	-0.07406396	2.7195	0.2426023	0.7580649	3.034633	0.1836021	0.6391455	3.00987	0.181409	0.5681525	3.005795	0.1759389	0.3510749	2.985367	0.1711732	0.05458964	2.954113	0.2831725	0.5112837	3.110459	0.0604132	0.4988871	2.892962	0.2058064	0.05620851	2.952598	0.1315209	0.05189267	2.889609	0.3055761	0.2417198	3.142372	-0.03020053	0.2465592	2.816369	0.1280633	-0.1949685	2.70761	0.06639964	-0.2312915	2.720745	-0.01755409	-0.4003566	2.869451	0.00832227	-0.5901517	2.736271	

0.3456405	-0.02440245	3.16557	0.01362206	-0.01269156	2.73087	0.3817767	-0.1760343	3.164051	0.01513235	-0.1561826	2.705849	0.3824594	-0.1284815	3.122693	-0.01557628	-0.08761153	2.6976	0.2425497	0.75811	3.034793	0.1834732	0.6399795	3.011366	0.1817227	0.5689342	3.00731	0.1775875	0.3517982	2.98727	0.1740463	0.05525466	2.955198	0.2830433	0.5121178	3.111955	0.06086539	0.4992722	2.893626	0.2083991	0.05636241	2.953152	0.1351604	0.05317525	2.891161	0.3054321	0.2425423	3.143769	-0.02675133	0.2460519	2.816389	0.1245281	-0.1219938	2.737577	0.07121276	-0.2169601	2.726512	-0.01693933	-0.4007589	2.869056	0.01105962	-0.5758395	2.738051	

0.3467657	-0.02419136	3.162364	0.02445543	0.03445294	2.73261	0.3828506	-0.1738348	3.150561	0.04370887	-0.1043991	2.692696	0.3716928	-0.126155	3.109	-0.006175114	-0.03729163	2.719077	0.2466972	0.7584582	3.035512	0.1832786	0.6404499	3.012341	0.1819422	0.5693004	3.008321	0.179388	0.3518283	2.988838	0.1786585	0.0545998	2.956688	0.2828488	0.5125886	3.112931	0.06127391	0.4992752	2.893855	0.2125617	0.05527551	2.953753	0.1405551	0.05292048	2.893457	0.3097063	0.2439993	3.147633	-0.02376671	0.2454365	2.815611	0.1171526	-0.1145536	2.73583	0.07392915	-0.243736	2.722572	-0.01483819	-0.3997639	2.868019	0.01036164	-0.6011088	2.743893	

0.3475888	-0.02466367	3.149167	0.0244578	0.03475103	2.73261	0.3670349	-0.2084878	3.157706	0.04461372	-0.1036742	2.690729	0.3913328	-0.1460845	3.116667	0.01106736	-0.08095791	2.693	0.24642	0.7586143	3.035663	0.1827847	0.6408486	3.012796	0.1818234	0.5696614	3.008736	0.1802415	0.3524202	2.98945	0.1814708	0.05597229	2.95717	0.2823558	0.512987	3.113386	0.06132625	0.4993278	2.893966	0.2161042	0.05741639	2.954814	0.1427598	0.05362988	2.893342	0.3095828	0.2443278	3.14747	-0.02148366	0.2451952	2.814034	0.102427	-0.09678814	2.733391	0.07860672	-0.2011386	2.72131	-0.0122253	-0.4206475	2.84446	0.01662923	-0.5592026	2.740432	

0.3416959	-0.02610297	3.137456	0.03781846	0.04331494	2.72696	0.354107	-0.1974321	3.119712	0.07115382	-0.09443929	2.679829	0.3783127	-0.1349644	3.0846	0.01381961	-0.06180856	2.685778	0.2412397	0.757216	3.034311	0.1803063	0.6410382	3.012202	0.1805107	0.5698557	3.008421	0.1802163	0.3524862	2.989416	0.1821527	0.05634491	2.957028	0.2798832	0.5131755	3.112793	0.06053685	0.4997346	2.89256	0.2168999	0.05872114	2.955153	0.143786	0.05332744	2.892534	0.3062204	0.2434419	3.141355	-0.01839568	0.2459468	2.806883	0.2023396	-0.1890735	2.812918	0.07929996	-0.2011326	2.721297	-0.008090789	-0.4056544	2.864242	0.0167695	-0.5590855	2.740601	

0.3345697	-0.0278591	3.13217	0.04131769	0.04606783	2.722805	0.3423504	-0.2072104	3.119169	0.04380299	-0.08546877	2.652817	0.3658475	-0.1358044	3.0935	-0.009253988	-0.01708546	2.74	0.2360331	0.7564983	3.030947	0.1758995	0.6400693	3.008091	0.177355	0.5697221	3.0053	0.1793956	0.3537545	2.987951	0.1828134	0.06114835	2.955798	0.2754877	0.5122038	3.108684	0.05741677	0.500108	2.887796	0.2169508	0.06510073	2.958138	0.1452654	0.05867465	2.885614	0.3021669	0.2420147	3.134155	-0.01892322	0.245987	2.800554	0.200329	-0.190683	2.810274	0.07086179	-0.2342463	2.706071	-0.008920485	-0.4056694	2.862255	0.009589047	-0.5912486	2.735142	

0.3299515	-0.02817348	3.127574	0.04113476	0.04607294	2.717942	0.3371173	-0.2060657	3.120627	0.1083373	-0.06540062	2.673373	0.3686992	-0.1483416	3.107429	0.05246608	-0.02880436	2.663556	0.2372324	0.7564337	3.029288	0.1732457	0.6401179	3.005461	0.1752605	0.5702009	3.003116	0.1788315	0.355364	2.986808	0.1839308	0.06551708	2.95559	0.2728408	0.5122494	3.106055	0.05528238	0.4996287	2.884679	0.2176379	0.06987034	2.960915	0.1466962	0.06236257	2.88288	0.3000256	0.2420149	3.130773	-0.01937304	0.2450399	2.797403	0.2000195	-0.1905984	2.809975	0.08298043	-0.2149524	2.707036	-0.009587208	-0.4052757	2.861757	0.01745899	-0.5714833	2.734618	

0.3257471	-0.02814282	3.12501	0.03886055	0.04600697	2.7132	0.3254837	-0.2155827	3.144176	0.09680603	-0.06774621	2.672872	0.3571045	-0.15142	3.103416	0.03856015	-0.01117986	2.662321	0.2284818	0.7585267	3.023613	0.1680083	0.6399886	3.000612	0.1708273	0.5703497	2.998762	0.1771975	0.3562645	2.984363	0.1840532	0.06631097	2.954792	0.2676167	0.5121148	3.10121	0.05207103	0.499539	2.878841	0.2177287	0.07024405	2.960915	0.1466745	0.06312647	2.880662	0.2954305	0.2418846	3.125414	-0.02159308	0.2449872	2.790522	0.1863362	-0.1941464	2.790337	0.06608432	-0.2380866	2.707362	-0.01033485	-0.4033967	2.859549	0.007038587	-0.5954646	2.736195	

