-0.05053027	-0.08121818	2.979561	-0.460415	-0.1962391	2.479144	-0.004053743	-0.2222602	3.041178	-0.4603671	-0.339468	2.491761	0.01853664	-0.2054252	2.978333	-0.5048402	-0.3092756	2.454154	-0.2670796	0.639707	2.653333	-0.3183666	0.5053756	2.665255	-0.314442	0.4177271	2.691221	-0.3010272	0.1483816	2.758121	-0.2812146	-0.2195453	2.835346	-0.1969974	0.3329957	2.717965	-0.4251899	0.3751381	2.568657	-0.2248165	-0.2256323	2.818271	-0.3289929	-0.2066982	2.765175	-0.1253282	0.1465488	2.903873	-0.4682385	0.08939653	2.519658	-0.3908716	-0.7150275	2.726479	-0.3673034	-0.5857081	2.67697	-0.2468866	-0.4255407	2.69247	-0.3567268	-1.007486	2.740874	

-0.01621104	-0.1062894	2.981468	-0.4609366	-0.2014381	2.4786	0.0322798	-0.2321031	3.01702	-0.4656907	-0.3469183	2.502748	0.02932856	-0.1457622	2.9635	-0.5008615	-0.2941829	2.459767	-0.2669682	0.6391717	2.651674	-0.3181278	0.5047094	2.66455	-0.3141292	0.4173155	2.689682	-0.2992619	0.1506773	2.745746	-0.275524	-0.2046455	2.785654	-0.1974368	0.340628	2.724245	-0.425696	0.3748708	2.568063	-0.2200332	-0.207093	2.77324	-0.3226583	-0.1963598	2.713098	-0.123357	0.1471282	2.90689	-0.4693297	0.08660771	2.520047	-0.3751898	-0.6696615	2.708542	-0.3610546	-0.6010101	2.701057	-0.2749596	-0.3888683	2.639013	-0.347281	-0.9922746	2.758288	

-0.02494719	-0.08639019	2.980034	-0.4621931	-0.2124394	2.480954	0.04356762	-0.2301228	3.016474	-0.4748278	-0.3676488	2.517541	0.03340071	-0.1292878	2.961734	-0.5045402	-0.3040737	2.469783	-0.2662484	0.6382429	2.649051	-0.3176508	0.5040264	2.663473	-0.3134931	0.4175062	2.686809	-0.2978098	0.1656501	2.721897	-0.2770928	-0.1681751	2.745422	-0.1904916	0.3867254	2.774236	-0.4261121	0.3745325	2.56717	-0.2247477	-0.1627608	2.743517	-0.3209817	-0.1684306	2.663023	-0.1091706	0.13078	2.938843	-0.4767243	0.05209199	2.520498	-0.3693647	-0.6623449	2.712731	-0.3604113	-0.6034997	2.700797	-0.2711376	-0.3871277	2.644541	-0.3477315	-0.9905379	2.760706	

-0.01269353	-0.1078778	2.980091	-0.4650458	-0.2087649	2.49161	0.07089076	-0.2358818	3.002043	-0.4591781	-0.3569036	2.527453	0.06239319	-0.1502296	2.961143	-0.5127391	-0.2833346	2.481688	-0.2653035	0.6380535	2.647193	-0.3165307	0.5039417	2.663563	-0.3121897	0.4184112	2.685455	-0.2964467	0.167344	2.7204	-0.2748804	-0.1674866	2.747472	-0.1889527	0.3915953	2.776946	-0.4268311	0.3743328	2.568291	-0.2215044	-0.1609745	2.747531	-0.3196739	-0.1685685	2.664405	-0.09594306	0.1232262	2.945672	-0.4805136	0.05661878	2.527493	-0.3665745	-0.6570359	2.71598	-0.3598004	-0.6065387	2.701466	-0.2691716	-0.3841148	2.648356	-0.3464744	-0.9905862	2.759897	

-0.002970552	-0.116466	2.975427	-0.4670781	-0.2061309	2.496949	0.07093243	-0.2401735	3.004178	-0.4698808	-0.3616093	2.530628	0.07037808	-0.2178151	2.980167	-0.5116766	-0.2656862	2.483657	-0.2644091	0.637998	2.645907	-0.3148348	0.503656	2.664364	-0.3107926	0.4190708	2.684815	-0.2952738	0.1691002	2.719602	-0.2739818	-0.1658194	2.748521	-0.1858546	0.3924851	2.77953	-0.4279324	0.374472	2.570564	-0.2198703	-0.1591664	2.748917	-0.3195617	-0.1671714	2.665675	-0.09007823	0.1205501	2.946153	-0.4820661	0.05924822	2.532213	-0.3652433	-0.6531937	2.71752	-0.3590407	-0.6086279	2.701862	-0.1526354	-0.3137533	2.812273	-0.3455994	-1.009	2.762065	

0.001998023	-0.1170695	2.97026	-0.4682417	-0.2044204	2.504779	0.07193428	-0.2402794	2.988427	-0.4754408	-0.3656999	2.542215	0.04803624	-0.1778412	2.920444	-0.5151582	-0.2584396	2.493346	-0.2628579	0.6383308	2.64515	-0.3134026	0.5035412	2.66492	-0.3090296	0.4197994	2.684618	-0.2922109	0.1712498	2.720674	-0.2671453	-0.1628744	2.756633	-0.1839584	0.3927371	2.779464	-0.4281656	0.3750233	2.573359	-0.2105424	-0.1561994	2.757704	-0.3153009	-0.1645289	2.67339	-0.08751971	0.1229908	2.94246	-0.4844647	0.06367278	2.539341	-0.3723093	-0.681074	2.717396	-0.3579382	-0.6092675	2.702038	-0.1613059	-0.3190334	2.80351	-0.3454349	-1.010234	2.762105	

0.009466237	-0.1181875	2.966056	-0.4693086	-0.1970609	2.514431	0.07882881	-0.2431816	2.990534	-0.47083	-0.3504242	2.545703	0.04124982	-0.1599277	2.9162	-0.5173463	-0.2777844	2.50525	-0.2610889	0.6386126	2.644437	-0.3088625	0.5039157	2.66801	-0.3046286	0.421066	2.686566	-0.2879343	0.1727284	2.724035	-0.2632	-0.1630893	2.763134	-0.175604	0.3958518	2.787422	-0.427917	0.3757529	2.575748	-0.2064801	-0.1563134	2.763205	-0.3119311	-0.1649452	2.681167	-0.08491954	0.1226271	2.939728	-0.4854097	0.06396786	2.542244	-0.1332823	-0.4973082	2.902272	-0.3542503	-0.6109828	2.703094	-0.1598997	-0.7736521	3.017441	-0.3453692	-1.010187	2.761887	

0.01381317	-0.1204676	2.961459	-0.4705639	-0.1960753	2.521083	0.07445256	-0.2443869	2.980242	-0.4708978	-0.3524054	2.558664	0.04400287	-0.1708115	2.914532	-0.5175095	-0.2629328	2.513441	-0.2574415	0.6389845	2.644328	-0.3060313	0.5036515	2.669532	-0.3017429	0.4213475	2.687718	-0.2850678	0.1732269	2.72647	-0.2605466	-0.1633203	2.768051	-0.1719989	0.3988818	2.787472	-0.4271056	0.3766539	2.578895	-0.202798	-0.1560257	2.768131	-0.3103882	-0.1657208	2.686373	-0.08124001	0.1221644	2.93693	-0.4877745	0.0664886	2.54983	-0.1340118	-0.4941036	2.898381	-0.3515806	-0.6116186	2.703677	-0.1592961	-0.7691746	3.013273	-0.3449557	-1.010111	2.761397	

0.0227281	-0.1231765	2.952568	-0.4764759	-0.1905723	2.540758	0.08222278	-0.2506504	2.965622	-0.4829748	-0.3479493	2.580713	0.04954434	-0.1680673	2.898062	-0.5276284	-0.2731938	2.532687	-0.2491778	0.6400447	2.646749	-0.2968022	0.5040017	2.676468	-0.2934462	0.4223532	2.694272	-0.279575	0.1742051	2.73532	-0.2589667	-0.1634314	2.781174	-0.1524461	0.3951328	2.802903	-0.4238751	0.378095	2.588087	-0.1998994	-0.1571665	2.781823	-0.3102897	-0.1649163	2.699068	-0.07398943	0.1203524	2.935184	-0.4909008	0.0727525	2.567359	-0.1330236	-0.4963906	2.897571	-0.3468807	-0.614345	2.705688	-0.1586576	-0.7700447	3.013505	-0.3443577	-1.009819	2.761168	

0.03530692	-0.1355901	2.94008	-0.492728	-0.1859751	2.625599	0.1065046	-0.2537113	2.960515	-0.5205233	-0.3389978	2.667922	0.06465952	-0.1833156	2.877167	-0.5476156	-0.2330596	2.609028	-0.1988613	0.6470987	2.687634	-0.2549991	0.5127494	2.717322	-0.2548201	0.4324728	2.735825	-0.2532406	0.1860442	2.78112	-0.2499834	-0.1503915	2.830662	-0.1062708	0.403642	2.85616	-0.3932405	0.3919922	2.644574	-0.1897177	-0.1427463	2.823344	-0.3036503	-0.1544947	2.75421	-0.04376104	0.116784	2.956301	-0.4810422	0.07819105	2.636934	-0.1247684	-0.5224367	2.956664	-0.3369929	-0.6124947	2.713585	-0.157651	-0.8037502	3.073982	-0.3424959	-1.010509	2.760006	

0.03874576	-0.1347911	2.939498	-0.4924104	-0.1865005	2.627176	0.09514511	-0.2488186	2.932887	-0.5293273	-0.3388128	2.66755	0.06264389	-0.1831815	2.878931	-0.5489284	-0.2356051	2.612094	-0.1986458	0.6471251	2.688103	-0.2540743	0.5125592	2.718143	-0.253835	0.4323344	2.736699	-0.252057	0.1861019	2.782204	-0.24849	-0.1499784	2.83213	-0.1067817	0.4052285	2.855676	-0.3928227	0.3922239	2.644652	-0.1873626	-0.1415875	2.826182	-0.3025112	-0.154413	2.755527	-0.04235578	0.1175706	2.957792	-0.4807307	0.07828728	2.637245	-0.1229352	-0.4720674	2.949043	-0.3342558	-0.6116883	2.716241	-0.1516426	-0.7589618	3.054539	-0.3419723	-1.010723	2.759705	

0.04162278	-0.1346731	2.944793	-0.490871	-0.1868588	2.629594	0.09034164	-0.2586775	2.964527	-0.5205915	-0.3384932	2.667091	0.06151591	-0.1878094	2.895637	-0.5544686	-0.2699981	2.624222	-0.1959092	0.6468619	2.691478	-0.2526369	0.5123683	2.719397	-0.2523058	0.4321316	2.738151	-0.2502452	0.1858688	2.784366	-0.246294	-0.1502499	2.835473	-0.105718	0.4048945	2.857191	-0.3913376	0.3929563	2.645254	-0.1844325	-0.1423862	2.831849	-0.3008813	-0.1542579	2.757715	-0.04160165	0.1175965	2.959113	-0.4788761	0.07843974	2.639444	-0.1292094	-0.4808025	2.933069	-0.3332473	-0.6115939	2.716628	-0.1544377	-0.7538686	3.038285	-0.3417737	-1.010742	2.759314	

0.04057625	-0.1371011	2.95497	-0.4890009	-0.1873252	2.629926	0.08172276	-0.2662095	2.984337	-0.5152006	-0.3400064	2.666154	0.06327841	-0.1893542	2.911937	-0.542721	-0.242391	2.617038	-0.1928374	0.6459014	2.693653	-0.2487956	0.5106955	2.72231	-0.2488449	0.4305768	2.740986	-0.2478343	0.1846514	2.786934	-0.2450367	-0.1510818	2.837656	-0.10502	0.4037006	2.857553	-0.387578	0.392661	2.646573	-0.1830587	-0.1434047	2.834949	-0.2998585	-0.1548164	2.759257	-0.0405663	0.116316	2.963386	-0.4767883	0.07847517	2.640057	-0.1170086	-0.5115319	2.932982	-0.3304932	-0.6111283	2.716736	-0.159329	-0.7916188	3.048737	-0.3415017	-1.010598	2.758618	

0.03934485	-0.1404122	2.960749	-0.4865846	-0.187305	2.628852	0.07622951	-0.2670096	2.996986	-0.5059307	-0.3449679	2.669131	0.05927515	-0.1683101	2.923625	-0.5358273	-0.2424068	2.606318	-0.1903694	0.6447563	2.69529	-0.2471515	0.510767	2.723084	-0.247324	0.4305721	2.741751	-0.2466873	0.1844553	2.787657	-0.2443559	-0.1514636	2.838294	-0.1038307	0.4028535	2.858658	-0.3856178	0.3924022	2.647232	-0.1822648	-0.1439349	2.835833	-0.2993506	-0.1550128	2.759752	-0.03947115	0.1141882	2.967682	-0.4737141	0.0789537	2.640163	-0.1150719	-0.4838269	2.928642	-0.3276574	-0.6107637	2.715876	-0.153436	-0.7675843	3.03502	-0.3412538	-1.010165	2.757988	

0.01653439	-0.1450633	2.990918	-0.4569072	-0.1896819	2.60321	0.04654036	-0.275348	3.028558	-0.4751695	-0.3422068	2.629765	0.01407758	-0.2001671	2.944769	-0.5071344	-0.2497033	2.583808	-0.1835686	0.6426635	2.696109	-0.2445816	0.5106754	2.72297	-0.2447061	0.4302849	2.741789	-0.2438684	0.1835209	2.788181	-0.2412032	-0.1535026	2.839586	-0.1038286	0.4027379	2.858564	-0.3777855	0.3910759	2.643529	-0.1788072	-0.1475529	2.83834	-0.2965153	-0.1557997	2.760234	-0.04227634	0.1136508	2.97416	-0.4633854	0.07720836	2.62837	-0.1162981	-0.4848765	2.929163	-0.3185883	-0.602879	2.71062	-0.1506585	-0.7685671	3.034016	-0.3448876	-0.9920535	2.754282	

0.0113687	-0.1484246	2.994635	-0.453875	-0.1915576	2.60124	0.03298534	-0.2720789	3.026924	-0.4666091	-0.3466606	2.623675	0.0271324	-0.191342	2.95	-0.5022507	-0.2638325	2.575	-0.1799106	0.6409611	2.696193	-0.2414808	0.5095771	2.722379	-0.2416289	0.4291201	2.741289	-0.2409587	0.1821897	2.787933	-0.2386955	-0.1549424	2.839572	-0.105293	0.4047641	2.855569	-0.3741893	0.3905385	2.641451	-0.1765037	-0.1492344	2.838721	-0.2939688	-0.1567866	2.759811	-0.04501837	0.1114817	2.978326	-0.4586878	0.07609667	2.622469	-0.1168851	-0.4856536	2.928376	-0.3142689	-0.6001797	2.708263	-0.1503408	-0.7688918	3.03188	-0.3445501	-0.9891517	2.754164	

0.003222109	-0.1500193	2.998052	-0.4460002	-0.1879798	2.591769	0.0174355	-0.2697115	3.035415	-0.4524543	-0.3447922	2.612047	-0.01027455	-0.1948558	2.941235	-0.4938055	-0.2761025	2.564455	-0.1762707	0.6398297	2.695959	-0.2381786	0.5084597	2.72139	-0.2386224	0.4282089	2.740311	-0.2387969	0.1818169	2.786992	-0.2374399	-0.1547801	2.838655	-0.1125733	0.4220789	2.845427	-0.3705853	0.3910649	2.637961	-0.1759312	-0.1492554	2.838514	-0.2917396	-0.156135	2.757603	-0.04741951	0.1078435	2.981019	-0.4551493	0.07640532	2.61702	-0.1220026	-0.4987228	2.927902	-0.3126111	-0.5996952	2.707306	-0.1523728	-0.7788533	3.035829	-0.344745	-0.9877583	2.753754	

-0.01420437	-0.1461599	2.99888	-0.4285496	-0.1849314	2.579253	-0.01000052	-0.2773473	3.044492	-0.4280714	-0.3525335	2.603745	-0.07352747	-0.2178748	2.886125	-0.469153	-0.2458447	2.549122	-0.1700767	0.6377309	2.693993	-0.2344784	0.5088894	2.716284	-0.2348713	0.4285055	2.735679	-0.2349686	0.1817842	2.783595	-0.233648	-0.155091	2.836548	-0.1149408	0.4270191	2.844207	-0.3617238	0.3906515	2.628086	-0.1745873	-0.1494341	2.83799	-0.2847731	-0.1564618	2.753172	-0.05383012	0.1107194	2.979812	-0.4446543	0.07662285	2.603342	-0.1251469	-0.4955546	2.92505	-0.3103769	-0.5992225	2.705427	-0.1513365	-0.7746415	3.033539	-0.3440492	-0.9859081	2.753362	

-0.0238366	-0.1586245	3.002287	-0.4203902	-0.1864441	2.571374	-0.02748465	-0.2770481	3.047774	-0.415996	-0.3536846	2.600931	-0.0779663	-0.2219842	2.879971	-0.4556016	-0.2685213	2.546207	-0.1655595	0.6369113	2.692017	-0.2316579	0.509384	2.712086	-0.2320752	0.4285363	2.731533	-0.2322	0.1804019	2.779494	-0.2308628	-0.1586593	2.832228	-0.1135348	0.3983881	2.828232	-0.3575113	0.3903406	2.623384	-0.171296	-0.1534801	2.834486	-0.2831152	-0.1592574	2.748698	-0.05924486	0.09648966	2.984769	-0.4385313	0.07759126	2.597838	-0.1287996	-0.5022931	2.922662	-0.3085946	-0.5994486	2.703686	-0.1510861	-0.7783198	3.035787	-0.3437861	-0.9857336	2.75356	

-0.03095092	-0.1437438	3.002754	-0.4083048	-0.1882314	2.563716	-0.03412328	-0.2829352	3.029768	-0.3998589	-0.35305	2.585261	-0.04891863	-0.2042698	2.945778	-0.4436502	-0.2570962	2.535205	-0.1600623	0.6351209	2.687846	-0.2295397	0.5097027	2.708271	-0.229787	0.428756	2.72764	-0.2294814	0.1803003	2.775497	-0.2277874	-0.1590913	2.828342	-0.1188258	0.4121868	2.821576	-0.3520174	0.3900113	2.616543	-0.1692472	-0.1535533	2.832142	-0.2793664	-0.160153	2.743319	-0.07880195	0.1008628	2.956605	-0.4309271	0.07553527	2.587905	-0.1304384	-0.5067946	2.920888	-0.3058737	-0.5997694	2.702178	-0.1508383	-0.7804601	3.03665	-0.3436947	-0.9855008	2.753571	

-0.03581185	-0.1624374	3.006593	-0.3979023	-0.1892947	2.555229	-0.043609	-0.2855313	3.033768	-0.3878903	-0.363523	2.587762	-0.0347362	-0.2212661	2.957625	-0.4280244	-0.2548677	2.522705	-0.1562392	0.6322817	2.683686	-0.2267472	0.5093542	2.702024	-0.2269045	0.4279496	2.721689	-0.2263165	0.1781273	2.770303	-0.2241527	-0.1631698	2.8239	-0.1141902	0.373035	2.802419	-0.347011	0.3895428	2.610457	-0.1646883	-0.1572796	2.827129	-0.2768892	-0.164327	2.739625	-0.07616825	0.08114822	2.963392	-0.422629	0.07580349	2.580554	-0.1295718	-0.5083191	2.920915	-0.3031645	-0.6017612	2.69976	-0.1509115	-0.7807718	3.036518	-0.3430274	-0.9851176	2.752721	

-0.05380979	-0.1270658	2.993757	-0.3856596	-0.1998516	2.545625	-0.06181042	-0.289006	3.041266	-0.3718548	-0.3590435	2.580547	-0.05398793	-0.2210695	2.959917	-0.4186271	-0.2842544	2.51825	-0.1509003	0.6299929	2.679789	-0.2236796	0.5091581	2.697065	-0.2237817	0.4278644	2.716768	-0.2231304	0.1783651	2.765637	-0.2210874	-0.1624247	2.81979	-0.1213704	0.4135721	2.802743	-0.3418358	0.3885705	2.60196	-0.1628359	-0.156156	2.824342	-0.2725782	-0.1642181	2.734056	-0.08365582	0.1153932	2.948267	-0.4139073	0.07231125	2.571309	-0.1279035	-0.5097616	2.921783	-0.3005346	-0.6034615	2.698172	-0.1512312	-0.7814915	3.036114	-0.3426139	-0.985339	2.752827	

-0.07117327	-0.1240727	2.98955	-0.3622014	-0.1923783	2.527106	-0.07766888	-0.265297	3.008774	-0.3433193	-0.3620311	2.566916	-0.09260921	-0.2243461	2.890556	-0.3863798	-0.3051382	2.504	-0.1425584	0.6257954	2.671096	-0.2186024	0.507777	2.683451	-0.2186901	0.4267125	2.704674	-0.2181449	0.1777875	2.757539	-0.2164354	-0.1623569	2.815668	-0.1216709	0.4137829	2.802574	-0.3333366	0.3853214	2.586216	-0.1609643	-0.1553134	2.822491	-0.264272	-0.1656357	2.726915	-0.08568761	0.1180582	2.946564	-0.3983441	0.06154397	2.549974	-0.1260395	-0.5138888	2.922723	-0.2950269	-0.6053596	2.69517	-0.1512767	-0.7843974	3.036705	-0.3424788	-0.9855604	2.752898	

-0.1045264	-0.1264485	2.974092	-0.3273808	-0.1902115	2.490759	-0.1015152	-0.1932595	2.980798	-0.3022693	-0.3728637	2.565251	-0.1135565	-0.1729567	2.947625	-0.2954056	-0.2931437	2.481074	-0.1300341	0.6155293	2.648893	-0.2123635	0.5033411	2.657845	-0.2138628	0.4220911	2.681837	-0.2167984	0.1729867	2.742535	-0.2179571	-0.1665527	2.809052	-0.1312862	0.4179049	2.778859	-0.325102	0.3782754	2.55599	-0.1640136	-0.159311	2.817162	-0.2646742	-0.1694746	2.719513	-0.09829953	0.1233274	2.920116	-0.3817615	0.0512288	2.518991	-0.1308024	-0.5290133	2.915997	-0.2904608	-0.6053427	2.686929	-0.152559	-0.8110106	3.026454	-0.3398038	-0.9868672	2.752157	

-0.1127768	-0.1587741	2.976732	-0.3260796	-0.192728	2.489289	-0.1049782	-0.2246559	2.962789	-0.2988882	-0.3754262	2.55932	-0.124103	-0.1700968	2.9335	-0.3222378	-0.3170899	2.479714	-0.1284184	0.6126825	2.64606	-0.2121751	0.5016075	2.651686	-0.2139594	0.4200831	2.675127	-0.2181831	0.1700088	2.734746	-0.2219947	-0.170926	2.801818	-0.1343454	0.4156658	2.770861	-0.3240706	0.3757679	2.549551	-0.1691548	-0.1636535	2.81202	-0.2678934	-0.1736367	2.710007	-0.1012156	0.1234344	2.91229	-0.379621	0.05068424	2.514059	-0.1313524	-0.532319	2.912761	-0.2895758	-0.6061662	2.684376	-0.1510324	-0.8037878	3.024027	-0.3388676	-0.9876499	2.75242	

-0.1149784	-0.1676174	2.970638	-0.3241932	-0.1938518	2.485799	-0.117896	-0.1891944	2.980806	-0.2984781	-0.3827298	2.55828	-0.1248743	-0.179285	2.952	-0.2852482	-0.311919	2.4709	-0.126174	0.6088107	2.641111	-0.2111294	0.5002257	2.644392	-0.2134274	0.4182631	2.667542	-0.2195065	0.1666121	2.726327	-0.2268945	-0.1771792	2.792572	-0.1385381	0.4069567	2.756316	-0.3209448	0.3730756	2.541767	-0.1749254	-0.1699025	2.804174	-0.2719681	-0.1794468	2.699816	-0.1055781	0.1166239	2.897125	-0.3763706	0.04973273	2.504048	-0.1326008	-0.5334399	2.906663	-0.2888014	-0.6064211	2.682196	-0.1646295	-0.8025041	3.017363	-0.3379593	-0.9887768	2.751622	

-0.1465858	-0.171838	2.901167	-0.3215575	-0.2020092	2.470118	-0.1235908	-0.280653	2.83127	-0.2957039	-0.384758	2.538229	-0.1276109	-0.2460347	2.8168	-0.3152559	-0.3335731	2.45829	-0.1222102	0.6014694	2.631388	-0.2101327	0.4957108	2.634448	-0.2133605	0.4134256	2.65765	-0.2223675	0.160665	2.716561	-0.2342378	-0.1848435	2.783162	-0.1391915	0.402274	2.752916	-0.315182	0.3677704	2.529778	-0.1850683	-0.1793107	2.793936	-0.2769129	-0.1853296	2.691357	-0.1064331	0.1135037	2.892802	-0.3730507	0.045732	2.48828	-0.1350513	-0.5402182	2.896196	-0.2892292	-0.6080329	2.678105	-0.1535347	-0.8078164	3.011792	-0.3373504	-0.9900546	2.75135	

-0.1528931	-0.1651257	2.887863	-0.3252124	-0.2050484	2.455681	-0.1338965	-0.2818458	2.830442	-0.3125995	-0.391172	2.526224	-0.1472176	-0.2122459	2.7995	-0.3366757	-0.3406993	2.4474	-0.1188291	0.5924584	2.617354	-0.2077614	0.4900462	2.618908	-0.2118991	0.4078004	2.643225	-0.2232679	0.1553103	2.705469	-0.2372509	-0.1895142	2.77612	-0.1473599	0.4042002	2.733266	-0.311142	0.3602994	2.517833	-0.1893469	-0.1836651	2.787015	-0.2784952	-0.1900362	2.684262	-0.1147349	0.116945	2.872292	-0.3707339	0.03933403	2.474158	-0.1362344	-0.539404	2.884572	-0.2883727	-0.6069885	2.676557	-0.2043438	-0.812475	2.96739	-0.3358455	-0.9924737	2.748817	

-0.1392072	-0.2250722	2.873828	-0.3398523	-0.2163259	2.45446	-0.1125168	-0.4032569	2.848719	-0.3555714	-0.3943691	2.509984	-0.1513021	-0.3186371	2.790572	-0.3878973	-0.344047	2.4469	-0.1151766	0.5895343	2.614071	-0.2054988	0.4885958	2.616421	-0.2099333	0.4058581	2.64054	-0.222359	0.1514494	2.702012	-0.2386824	-0.1971932	2.771551	-0.1330121	0.339393	2.719137	-0.3084977	0.3580413	2.515517	-0.1889437	-0.1925146	2.782481	-0.2815486	-0.1965502	2.679531	-0.1006343	0.05373983	2.85733	-0.3717902	0.03619678	2.471525	-0.1506082	-0.6238062	2.924682	-0.286857	-0.6074143	2.672415	-0.2389838	-0.8954808	2.989831	-0.3363391	-0.994443	2.74867	

-0.1441287	-0.1629763	2.893414	-0.3553562	-0.2269686	2.458789	-0.1250611	-0.3272458	2.865777	-0.3707818	-0.3934806	2.520271	-0.1454198	-0.2468777	2.813	-0.4095096	-0.3441822	2.461767	-0.1116851	0.5878783	2.614473	-0.2027099	0.4876536	2.616235	-0.2073918	0.4051182	2.640304	-0.2205619	0.151305	2.70179	-0.2373587	-0.1965024	2.771542	-0.1379745	0.4021969	2.738532	-0.3054754	0.3575921	2.515085	-0.1885239	-0.1918067	2.78242	-0.2786015	-0.1958413	2.679594	-0.1056937	0.1171817	2.876268	-0.3747535	0.03892371	2.47191	-0.1502529	-0.6243136	2.926712	-0.2859015	-0.607335	2.671477	-0.2365426	-0.8952425	2.993644	-0.3363544	-0.9944487	2.748544	

-0.2607938	-0.09323105	2.675879	-0.3631592	-0.2318464	2.463548	-0.3280747	-0.2591113	2.5517	-0.3910944	-0.3922448	2.515457	-0.3229999	-0.0923114	2.535533	-0.4254042	-0.3338751	2.466631	-0.1089414	0.5866159	2.616005	-0.2001444	0.4871481	2.616551	-0.2052178	0.404763	2.640493	-0.2194104	0.151351	2.701784	-0.2369235	-0.1959899	2.771528	-0.1378159	0.4022496	2.738692	-0.302455	0.3573679	2.516232	-0.1884889	-0.1911217	2.782159	-0.2776463	-0.1953147	2.679809	-0.1056423	0.1181932	2.87588	-0.3765956	0.03992089	2.473557	-0.1503027	-0.6253908	2.928856	-0.2851089	-0.6078198	2.671366	-0.2364772	-0.8957394	2.995162	-0.3362277	-0.9938337	2.748343	

-0.2402056	-0.1448736	2.677963	-0.3813453	-0.2297708	2.481627	-0.3570279	-0.3050249	2.531726	-0.4201367	-0.3850121	2.537004	-0.3273182	-0.138702	2.55245	-0.4535468	-0.3007494	2.485471	-0.0996702	0.5866309	2.621599	-0.1907626	0.4873681	2.623618	-0.1977427	0.4044585	2.646039	-0.2164386	0.1503266	2.704005	-0.2367837	-0.1968282	2.771888	-0.1169627	0.3483304	2.740731	-0.2929446	0.3584839	2.523601	-0.188104	-0.1923439	2.782355	-0.2777817	-0.1958634	2.680278	-0.08504079	0.06553133	2.877287	-0.3780489	0.04465627	2.484606	-0.1512439	-0.6288345	2.93568	-0.2844517	-0.6087461	2.672668	-0.2388318	-0.899601	2.996134	-0.3362143	-0.9938627	2.748608	

-0.2433214	-0.08124141	2.70364	-0.3842361	-0.2274871	2.488203	-0.3406296	-0.2443212	2.579582	-0.4264961	-0.3814901	2.549734	-0.324004	-0.08071247	2.551461	-0.4575132	-0.3052363	2.496187	-0.09502683	0.5879866	2.626071	-0.1843199	0.4896495	2.629253	-0.1914798	0.4074944	2.651407	-0.2116194	0.155282	2.70805	-0.2351031	-0.188776	2.773938	-0.1204245	0.4118505	2.765959	-0.2894545	0.3601897	2.528336	-0.1885503	-0.1759028	2.783013	-0.2751953	-0.1925189	2.683132	-0.08855736	0.1292033	2.902344	-0.3790658	0.04801305	2.495055	-0.1561489	-0.6223426	2.937324	-0.2841986	-0.6097181	2.67471	-0.2435569	-0.8933736	2.993408	-0.3362435	-0.9934431	2.748681	

-0.2427433	-0.07931869	2.704192	-0.3845259	-0.2257884	2.499898	-0.3467959	-0.246835	2.552373	-0.4156555	-0.3740201	2.566295	-0.3251183	-0.08151929	2.560899	-0.4399552	-0.267454	2.504375	-0.09068689	0.5917877	2.633805	-0.1807093	0.4923869	2.636516	-0.1877866	0.4107495	2.65865	-0.2081155	0.160109	2.714932	-0.2332427	-0.182088	2.7795	-0.1201343	0.4130891	2.766273	-0.2863491	0.3633335	2.536237	-0.1873611	-0.1694362	2.788375	-0.2727686	-0.1877578	2.688677	-0.08832712	0.1309513	2.90237	-0.379958	0.05290411	2.504956	-0.1585876	-0.6192153	2.939419	-0.2849139	-0.6089628	2.679528	-0.2471768	-0.8890839	2.99843	-0.3366729	-0.9926732	2.749151	

-0.2292125	-0.1403202	2.700174	-0.3841815	-0.2248996	2.504104	-0.3489707	-0.2781638	2.536586	-0.405648	-0.376841	2.572678	-0.3155915	-0.1226355	2.573931	-0.4339744	-0.2671285	2.506037	-0.08869506	0.5936121	2.637807	-0.1785133	0.4932328	2.64012	-0.1857106	0.4113252	2.66217	-0.2065096	0.1599386	2.718164	-0.2325903	-0.1830793	2.782217	-0.1067155	0.3507703	2.762254	-0.2847258	0.3642612	2.539849	-0.185589	-0.1709565	2.790239	-0.2732952	-0.1888696	2.693639	-0.07505477	0.06954338	2.897933	-0.3797793	0.05480651	2.509592	-0.1584888	-0.6207362	2.944403	-0.2850071	-0.6081828	2.683778	-0.2437684	-0.8919238	3.002444	-0.3364968	-0.9913379	2.74931	

-0.2288069	-0.1395145	2.70021	-0.3818591	-0.2254608	2.507624	-0.348316	-0.2767674	2.538525	-0.399813	-0.3760253	2.566986	-0.3105878	-0.1210788	2.574624	-0.4309975	-0.2972144	2.509727	-0.08690027	0.5943426	2.640672	-0.1765846	0.4944998	2.642314	-0.1839048	0.412378	2.664412	-0.2051271	0.1603791	2.720527	-0.231989	-0.1833995	2.784684	-0.1065428	0.3510171	2.762107	-0.2829953	0.3655415	2.543704	-0.1839231	-0.1718632	2.792561	-0.2735731	-0.1888915	2.696398	-0.07492942	0.07020436	2.89755	-0.3780436	0.05659955	2.513116	-0.1709673	-0.625073	2.943515	-0.2862303	-0.6082104	2.686953	-0.2555175	-0.8978924	2.995993	-0.3364743	-0.9905857	2.749977	

-0.2282677	-0.1400397	2.698933	-0.3798508	-0.2251089	2.509689	-0.3440372	-0.2713923	2.536702	-0.3941018	-0.3764108	2.575375	-0.3072461	-0.1200782	2.57924	-0.4277739	-0.3006153	2.511052	-0.08576266	0.5951031	2.642088	-0.1748024	0.4954278	2.64585	-0.1821305	0.4130865	2.667981	-0.2034659	0.1604041	2.724176	-0.2307903	-0.1843192	2.788316	-0.1062102	0.3499814	2.760673	-0.2821982	0.3658557	2.544968	-0.1818014	-0.1733722	2.795151	-0.2733307	-0.1893973	2.701293	-0.07463979	0.06954513	2.8959	-0.3766049	0.05715889	2.51445	-0.1649933	-0.6244774	2.953304	-0.2874229	-0.6081094	2.689596	-0.2493301	-0.8967426	3.008275	-0.337607	-0.9904574	2.751535	

-0.2272476	-0.1368798	2.693421	-0.3780839	-0.2244765	2.511668	-0.3470211	-0.2721472	2.533847	-0.3979821	-0.3742058	2.564097	-0.3044946	-0.1216341	2.580536	-0.4202126	-0.2678964	2.505219	-0.08274657	0.5967637	2.644264	-0.1723465	0.49613	2.647572	-0.1796935	0.4137493	2.669849	-0.2011706	0.1609196	2.726462	-0.2289526	-0.1840445	2.791047	-0.1053754	0.3527229	2.755004	-0.2793754	0.3667224	2.547101	-0.1792179	-0.1734467	2.797299	-0.2722062	-0.1889106	2.704386	-0.07384734	0.07259856	2.890039	-0.3740677	0.05855427	2.515894	-0.1649505	-0.6257206	2.955865	-0.2882569	-0.6069755	2.692045	-0.2502617	-0.8974288	3.011781	-0.337796	-0.9894489	2.752241	

-0.2273373	-0.07846592	2.704947	-0.3769169	-0.2237554	2.512482	-0.331771	-0.2178846	2.55275	-0.395612	-0.3706016	2.568606	-0.2998441	-0.06418279	2.575473	-0.4178884	-0.2693451	2.501333	-0.08154315	0.598026	2.64538	-0.1706277	0.4975881	2.647857	-0.1779933	0.4154585	2.670116	-0.1995614	0.1635093	2.726658	-0.2276745	-0.1799171	2.79108	-0.1058349	0.4108663	2.766051	-0.2773027	0.3679553	2.547525	-0.1791479	-0.1697745	2.797545	-0.2694117	-0.1843224	2.703885	-0.0743873	0.1310012	2.900849	-0.3728439	0.06085169	2.516222	-0.139164	-0.5849859	2.958229	-0.2887666	-0.6060945	2.693542	-0.2112495	-0.8567308	3.028124	-0.3376592	-0.988465	2.752504	

-0.2269498	-0.07834204	2.703195	-0.3750362	-0.2232708	2.512453	-0.3231715	-0.2097704	2.558512	-0.3829993	-0.369904	2.56395	-0.3006796	-0.05957026	2.568686	-0.4107412	-0.2774869	2.501536	-0.08078062	0.599236	2.646852	-0.1694972	0.4992513	2.648462	-0.1764808	0.4174885	2.670786	-0.1966388	0.1667915	2.72751	-0.2223959	-0.1747607	2.792134	-0.1057476	0.4102623	2.764062	-0.275574	0.3692196	2.547829	-0.1742529	-0.1625131	2.797901	-0.2639233	-0.1812017	2.705368	-0.07435913	0.1309328	2.898559	-0.3702779	0.06247931	2.516713	-0.1453545	-0.5928609	2.953652	-0.2886479	-0.6055347	2.69449	-0.2088165	-0.862574	3.035762	-0.3377289	-0.9883497	2.752774	

-0.2264704	-0.07874707	2.701923	-0.3725978	-0.2226342	2.512426	-0.3243866	-0.2149447	2.529005	-0.3839207	-0.3748819	2.567756	-0.3001174	-0.06239453	2.570654	-0.4105921	-0.2885673	2.5028	-0.08014709	0.6009015	2.64781	-0.1687342	0.5001242	2.648525	-0.1756089	0.4184826	2.670756	-0.1954966	0.1681051	2.727138	-0.2210648	-0.1731585	2.791202	-0.1055389	0.4091893	2.762576	-0.2748141	0.3697059	2.547987	-0.1732141	-0.1607104	2.79699	-0.2624056	-0.1800183	2.704377	-0.07420517	0.1303502	2.896799	-0.3688699	0.06334084	2.516975	-0.147341	-0.5943488	2.951887	-0.2884377	-0.6051934	2.695172	-0.205498	-0.8628579	3.04037	-0.3375625	-0.988011	2.752886	

-0.2262644	-0.07744282	2.701841	-0.3687051	-0.2219112	2.512402	-0.3138809	-0.2166457	2.572367	-0.3771334	-0.3730298	2.570121	-0.2994372	-0.06669978	2.569157	-0.404708	-0.3105142	2.509038	-0.07960971	0.6026267	2.648358	-0.1679395	0.5011174	2.648897	-0.174738	0.4194576	2.671051	-0.1944585	0.1689668	2.727209	-0.219917	-0.1725405	2.790996	-0.1055905	0.4098786	2.762286	-0.2741729	0.3704126	2.548126	-0.1727253	-0.1607859	2.797063	-0.2601694	-0.1780907	2.703506	-0.07430707	0.131492	2.896256	-0.366555	0.06408341	2.516809	-0.1470278	-0.5938188	2.951468	-0.2884411	-0.6045552	2.695508	-0.2045339	-0.8615073	3.042403	-0.3374607	-0.987802	2.753144	

-0.2259171	-0.0757826	2.700471	-0.3651454	-0.2206903	2.51185	-0.3174813	-0.2114576	2.530047	-0.3818088	-0.3737634	2.566901	-0.2923072	-0.05639437	2.566534	-0.3981901	-0.2742111	2.49427	-0.07928633	0.603924	2.648252	-0.1673416	0.5020399	2.648599	-0.1739689	0.420567	2.6706	-0.1931229	0.1706643	2.726183	-0.2177751	-0.1700572	2.788969	-0.1054695	0.4110024	2.76073	-0.2736034	0.3709716	2.547987	-0.1708024	-0.1578789	2.794425	-0.2582019	-0.1764807	2.702166	-0.07423162	0.1330106	2.894477	-0.3641429	0.06456037	2.516697	-0.1460733	-0.59297	2.951297	-0.2883545	-0.6045108	2.695651	-0.2054285	-0.8609527	3.040478	-0.337595	-0.9873251	2.753232	

-0.2250762	-0.06049033	2.705785	-0.3619021	-0.2194725	2.510383	-0.3104209	-0.1955174	2.543374	-0.3751653	-0.3784086	2.577868	-0.2891275	-0.04493985	2.562286	-0.3959152	-0.2782578	2.499967	-0.07893551	0.6060754	2.647722	-0.1670063	0.5028651	2.648629	-0.1733695	0.4214402	2.670613	-0.1913728	0.1717176	2.726158	-0.2135857	-0.1689554	2.788948	-0.1048358	0.4259174	2.765821	-0.2732189	0.3715861	2.547868	-0.1681819	-0.1584954	2.795041	-0.2516395	-0.1728785	2.701125	-0.07364947	0.1482168	2.899389	-0.3611261	0.06486893	2.51601	-0.1484408	-0.5914396	2.947381	-0.2882459	-0.6046786	2.696052	-0.2141888	-0.8615142	3.026959	-0.3386514	-0.986382	2.754532	

-0.225049	-0.05513845	2.705373	-0.3569186	-0.2171835	2.507663	-0.2993872	-0.1973433	2.572383	-0.3627768	-0.3687992	2.559916	-0.1888544	-0.1954467	2.63565	-0.3873581	-0.2702679	2.488308	-0.08013213	0.6092533	2.646112	-0.1667466	0.5049166	2.647394	-0.1724949	0.4235259	2.669346	-0.188029	0.1741848	2.72461	-0.2051398	-0.1660279	2.787057	-0.1049913	0.4308832	2.765244	-0.2726785	0.373538	2.546859	-0.1615387	-0.1581597	2.795047	-0.2419984	-0.1674863	2.696997	-0.07384019	0.1534701	2.898646	-0.358996	0.06673998	2.514735	-0.1487688	-0.5925401	2.946132	-0.2883234	-0.6046058	2.696361	-0.2156824	-0.8629753	3.023841	-0.3397355	-0.9856884	2.755484	

-0.2193771	-0.0612513	2.710112	-0.3538511	-0.2154068	2.505664	-0.2984577	-0.193113	2.574856	-0.3723713	-0.3733428	2.556903	-0.1868334	-0.1976964	2.638095	-0.3858487	-0.2548496	2.484629	-0.08111897	0.6117551	2.644824	-0.1665753	0.5067506	2.646037	-0.1718817	0.4252185	2.66804	-0.1862161	0.1754844	2.723398	-0.2021239	-0.1653871	2.786025	-0.09942097	0.4242756	2.769876	-0.2724345	0.3744328	2.545939	-0.1579624	-0.1582535	2.794172	-0.2399107	-0.1666519	2.696086	-0.06834692	0.1472183	2.903092	-0.3573948	0.06759327	2.513762	-0.1493841	-0.5941176	2.945018	-0.2883758	-0.6045448	2.696432	-0.2180935	-0.8649234	3.020292	-0.3402127	-0.9853455	2.756041	

-0.2180077	-0.06257711	2.707769	-0.3511291	-0.2144014	2.503843	-0.3012865	-0.2009858	2.560349	-0.3698934	-0.3731506	2.565871	-0.1862266	-0.2046098	2.637208	-0.3848064	-0.2563197	2.483887	-0.08157928	0.6131048	2.644112	-0.1664209	0.5076404	2.645269	-0.171466	0.4259451	2.667352	-0.1850401	0.1757677	2.722859	-0.1998702	-0.1659536	2.785734	-0.09821102	0.4225145	2.7674	-0.2721581	0.3755467	2.545497	-0.1543776	-0.1604917	2.794543	-0.2385379	-0.1663954	2.695475	-0.06717944	0.1457738	2.90044	-0.3557139	0.06867767	2.51318	-0.1512989	-0.5946454	2.938199	-0.2882432	-0.6042464	2.696399	-0.2199478	-0.8650865	3.014577	-0.34058	-0.9853573	2.75644	

-0.2164054	-0.06178797	2.70643	-0.3502785	-0.2143507	2.502028	-0.298933	-0.2002346	2.579152	-0.3634997	-0.3696766	2.557961	-0.1848357	-0.1990726	2.628119	-0.3892432	-0.2656969	2.486207	-0.0804856	0.6135735	2.642483	-0.1647271	0.5087447	2.64336	-0.1694829	0.4269381	2.665522	-0.1825132	0.1762044	2.721474	-0.1975012	-0.1662114	2.78504	-0.09676514	0.4228891	2.765924	-0.2703346	0.3765061	2.544106	-0.1521333	-0.1617635	2.794202	-0.2361533	-0.1656667	2.694394	-0.06577842	0.1464515	2.898791	-0.3537565	0.06995259	2.511879	-0.1514341	-0.5943112	2.933568	-0.2880097	-0.6041753	2.696219	-0.223459	-0.8645576	3.0051	-0.3408122	-0.9853669	2.756741	

-0.2132625	-0.06425826	2.698235	-0.3500207	-0.2140338	2.50091	-0.3039896	-0.2059653	2.563609	-0.3705064	-0.3723748	2.557844	-0.1830685	-0.2029195	2.63622	-0.3844057	-0.2542006	2.479675	-0.07931711	0.6133016	2.641049	-0.1628173	0.5088305	2.641479	-0.167495	0.4268653	2.663697	-0.1805262	0.1755511	2.719933	-0.1959969	-0.1675389	2.7839	-0.09395254	0.4195209	2.757452	-0.2690154	0.3767964	2.543241	-0.1499018	-0.1642438	2.792873	-0.235438	-0.1661546	2.693523	-0.06305553	0.1437352	2.889951	-0.3525951	0.0710539	2.511141	-0.1402085	-0.5419407	2.905598	-0.2878906	-0.6041849	2.696096	-0.1692426	-0.8713089	3.038208	-0.3408788	-0.9854431	2.756962	

-0.2112791	-0.06470175	2.694657	-0.3504168	-0.2136992	2.500039	-0.3088752	-0.2037222	2.550774	-0.3711868	-0.364826	2.547564	-0.1826544	-0.2030639	2.634265	-0.3910873	-0.2500614	2.479519	-0.07667439	0.6140694	2.638978	-0.1607298	0.5090809	2.639517	-0.1654995	0.426962	2.661937	-0.1789407	0.1751781	2.718773	-0.1951064	-0.1683392	2.78335	-0.0921968	0.4184697	2.753685	-0.2670724	0.3774038	2.541399	-0.148863	-0.1655298	2.792496	-0.2348505	-0.1665066	2.692872	-0.06136082	0.1431256	2.885931	-0.3514121	0.07236109	2.510142	-0.1464691	-0.5730577	2.916637	-0.2877557	-0.6042574	2.695974	-0.1803434	-0.9240898	3.059533	-0.3407637	-0.9854463	2.757015	

-0.2108278	-0.05922908	2.693264	-0.3510341	-0.2137685	2.499641	-0.3091366	-0.18863	2.544181	-0.3734219	-0.3656048	2.545959	-0.1828462	-0.1970603	2.632972	-0.3912366	-0.247487	2.478754	-0.07420398	0.6138703	2.637854	-0.1590043	0.5086968	2.638678	-0.1638289	0.426615	2.661159	-0.1775613	0.1748799	2.718218	-0.194399	-0.1685652	2.783114	-0.09205686	0.4232317	2.752033	-0.2656583	0.3771171	2.540244	-0.1485307	-0.1657598	2.792388	-0.2338626	-0.1666233	2.692485	-0.06128376	0.1484089	2.883977	-0.3509051	0.07298374	2.509516	-0.140618	-0.5502724	2.908938	-0.2873868	-0.6041619	2.695574	-0.1792061	-0.9123116	3.054189	-0.3405709	-0.9856835	2.757092	

-0.1947935	-0.1055896	2.668464	-0.3538268	-0.2142004	2.496547	-0.3118071	-0.2565205	2.581071	-0.3870039	-0.3618191	2.544021	-0.173445	-0.2362476	2.654376	-0.4048198	-0.2461637	2.473691	-0.06760334	0.6129718	2.635004	-0.1539717	0.507762	2.636237	-0.1595674	0.4251931	2.65896	-0.1750377	0.1719663	2.716484	-0.1939765	-0.174953	2.781435	-0.07617635	0.3755788	2.727126	-0.2610194	0.3759736	2.537339	-0.146562	-0.1741548	2.789932	-0.2348273	-0.1712347	2.691402	-0.04558042	0.1016507	2.858612	-0.3497353	0.0735326	2.508093	-0.1356988	-0.5435846	2.906795	-0.2864662	-0.6043777	2.694263	-0.2050397	-0.8141004	2.9819	-0.3396154	-0.9867767	2.756564	

-0.1964421	-0.07836547	2.680597	-0.3567101	-0.2126339	2.493744	-0.2306936	-0.09992375	2.585771	-0.3941805	-0.357021	2.53821	-0.1676695	-0.1607827	2.628267	-0.4086262	-0.2436156	2.472161	-0.06334964	0.6112077	2.633889	-0.1498984	0.5070715	2.634821	-0.1561099	0.4244462	2.657686	-0.173422	0.1711287	2.71572	-0.1938978	-0.1755049	2.781211	-0.07820036	0.4021997	2.738908	-0.2579159	0.3754523	2.536361	-0.1466921	-0.1746524	2.789957	-0.2345931	-0.1718071	2.690834	-0.0476648	0.1287333	2.870098	-0.3483215	0.07431892	2.506112	-0.1335325	-0.5407449	2.904148	-0.2846657	-0.6057965	2.693374	-0.2034705	-0.8101936	2.980994	-0.3392546	-0.9869421	2.756332	

-0.1953	-0.07513232	2.682241	-0.3605272	-0.2100338	2.490094	-0.2312292	-0.09725825	2.583995	-0.4134327	-0.3560373	2.529907	-0.1673808	-0.1605049	2.623715	-0.4179896	-0.2382421	2.465865	-0.05835214	0.6094089	2.633076	-0.1452549	0.5058571	2.633769	-0.1522508	0.4232597	2.656521	-0.1717051	0.1699913	2.714455	-0.1942898	-0.1766253	2.779807	-0.07740977	0.4045634	2.740273	-0.2530401	0.3739924	2.53481	-0.1476714	-0.1756994	2.788825	-0.2345445	-0.1729106	2.689101	-0.04695254	0.1317285	2.871102	-0.3475983	0.07495586	2.504505	-0.1298252	-0.5357237	2.900279	-0.28218	-0.6061621	2.692185	-0.2116321	-0.8070094	2.958813	-0.3385758	-0.9875689	2.756023	

-0.2243087	-0.03396313	2.668479	-0.3637806	-0.2062583	2.484312	-0.3281428	-0.1754401	2.497784	-0.4146309	-0.3487344	2.517168	-0.2009124	-0.1849914	2.587905	-0.4175699	-0.2389967	2.452044	-0.05086438	0.607449	2.633182	-0.1395686	0.5051126	2.632314	-0.147299	0.4223943	2.654825	-0.1689856	0.1687516	2.712232	-0.1943855	-0.1782616	2.77685	-0.07590611	0.4040646	2.740029	-0.249169	0.3732597	2.533321	-0.1480325	-0.1770893	2.787207	-0.2344495	-0.1745221	2.684511	-0.04552497	0.1318155	2.870526	-0.3460121	0.07572441	2.501849	-0.1210637	-0.5288755	2.89919	-0.2753519	-0.6054668	2.688349	-0.1936464	-0.7996079	2.96857	-0.3367238	-0.9879297	2.756353	

-0.2089625	-0.07727168	2.6722	-0.3612247	-0.20398	2.48004	-0.2917087	-0.1953217	2.578594	-0.4057351	-0.3506803	2.519548	-0.1471317	-0.207635	2.642875	-0.410741	-0.2470336	2.448857	-0.04629172	0.6091461	2.633538	-0.1361424	0.5058487	2.6321	-0.1437427	0.4226745	2.654209	-0.1650443	0.1673342	2.710109	-0.1909286	-0.1827367	2.772085	-0.05720599	0.3563366	2.742893	-0.244352	0.3735535	2.532185	-0.1440514	-0.1823793	2.782307	-0.2319123	-0.1778512	2.680274	-0.02704285	0.08511538	2.872886	-0.3429399	0.07744878	2.499699	-0.1159506	-0.5302972	2.896787	-0.2686836	-0.6075655	2.685313	-0.1900776	-0.7995134	2.96958	-0.3354382	-0.9883584	2.7566	

-0.2085993	-0.0763688	2.672911	-0.3484368	-0.2001819	2.47759	-0.2507338	-0.2077227	2.573834	-0.3735586	-0.3568001	2.527917	-0.1328884	-0.1853548	2.634667	-0.3793637	-0.2549057	2.453456	-0.04557727	0.610302	2.634784	-0.1345234	0.5068485	2.632737	-0.1413711	0.423478	2.654514	-0.1592056	0.1670766	2.70875	-0.1791896	-0.1853897	2.767216	-0.05735844	0.3566406	2.743291	-0.2421691	0.3740526	2.532467	-0.1314856	-0.1847337	2.775419	-0.2214876	-0.1805995	2.67729	-0.02726549	0.0860614	2.872926	-0.3349333	0.07692629	2.49729	-0.107159	-0.5344245	2.893795	-0.2521708	-0.608337	2.681416	-0.195992	-0.8492115	2.973803	-0.3303092	-0.9870663	2.755348	

-0.2179829	-0.01560188	2.684796	-0.3442973	-0.2019251	2.47631	-0.2530597	-0.1798216	2.571546	-0.3774321	-0.3558822	2.531563	-0.1373682	-0.1342681	2.606572	-0.3826025	-0.2455768	2.455177	-0.0453929	0.6111218	2.63544	-0.1336939	0.5074005	2.633463	-0.1400441	0.4241409	2.65497	-0.1560385	0.168374	2.708041	-0.1738871	-0.1821825	2.764654	-0.06767604	0.4191548	2.754446	-0.2411255	0.3742553	2.532641	-0.1285014	-0.1814322	2.773279	-0.2133471	-0.1776551	2.674262	-0.03753205	0.1483387	2.884113	-0.3324223	0.07693066	2.496886	-0.107753	-0.6094816	2.921137	-0.2480617	-0.6082178	2.680032	-0.2037811	-0.8753844	2.981844	-0.3286696	-0.985935	2.754527	

-0.2186308	-0.0146267	2.685228	-0.3396692	-0.2021253	2.47542	-0.2444797	-0.1811385	2.568336	-0.3559118	-0.3554083	2.528389	-0.1303713	-0.1256355	2.597	-0.3792021	-0.2786112	2.456042	-0.04680276	0.6135178	2.638854	-0.1339437	0.5087403	2.634546	-0.1396561	0.4253903	2.65566	-0.1533596	0.170344	2.707989	-0.1663522	-0.1782913	2.763512	-0.06853758	0.419779	2.754746	-0.2407186	0.3743895	2.532741	-0.1229189	-0.177339	2.772453	-0.2043802	-0.1742198	2.672876	-0.03842134	0.1492691	2.884236	-0.3306141	0.0770392	2.496305	-0.09622645	-0.581326	2.901364	-0.2389085	-0.6100715	2.676825	-0.1917786	-0.8544598	2.977193	-0.3246816	-0.986441	2.752951	

-0.2193166	-0.01368192	2.685696	-0.3352754	-0.2031456	2.475402	-0.2436478	-0.1755997	2.566759	-0.3612443	-0.3563581	2.529423	-0.1313955	-0.1214269	2.591778	-0.3712019	-0.2596644	2.454906	-0.04844745	0.6154666	2.640085	-0.1343807	0.5094604	2.63525	-0.1396166	0.4259908	2.65601	-0.1520716	0.1712275	2.707683	-0.1631756	-0.1769146	2.762192	-0.06955332	0.4201673	2.755005	-0.2406774	0.3750001	2.532842	-0.1199822	-0.1757658	2.771348	-0.2012833	-0.1730554	2.671397	-0.03948304	0.1501406	2.884219	-0.3288379	0.07770834	2.496242	-0.08319139	-0.5411594	2.881171	-0.2333511	-0.611885	2.676111	-0.1910621	-0.8563027	2.977697	-0.3234651	-0.9879224	2.752876	

-0.2218229	-0.0123651	2.687238	-0.3281859	-0.2035872	2.473908	-0.1871872	-0.08645498	2.572206	-0.3425153	-0.3570292	2.522911	-0.1225321	-0.1036444	2.581875	-0.3576328	-0.2712603	2.451702	-0.05225863	0.6185475	2.642668	-0.1363099	0.5107188	2.637189	-0.1401805	0.4269585	2.656948	-0.1506143	0.1723219	2.707414	-0.1563769	-0.1745686	2.759318	-0.07238226	0.4209786	2.756356	-0.2408344	0.3754287	2.533125	-0.1138029	-0.1726339	2.768436	-0.1941737	-0.1714903	2.668574	-0.0423394	0.1513908	2.885322	-0.3260914	0.07788763	2.495066	-0.08125179	-0.5409132	2.882742	-0.2287356	-0.612052	2.675101	-0.1896573	-0.8564578	2.978042	-0.3224441	-0.9878296	2.752701	

-0.2242061	-0.0110646	2.688389	-0.3213702	-0.2030753	2.472272	-0.1842808	-0.08520585	2.571147	-0.3339455	-0.3591413	2.519133	-0.1218876	-0.1046452	2.581572	-0.3505801	-0.2646695	2.448478	-0.05761694	0.6196632	2.645527	-0.1383183	0.5118465	2.638573	-0.1409738	0.4279245	2.657845	-0.1493439	0.1731763	2.707607	-0.1514837	-0.1735732	2.759309	-0.07507119	0.421801	2.757324	-0.2411246	0.375783	2.533376	-0.1095767	-0.1712563	2.768869	-0.1887422	-0.1708982	2.66807	-0.04505417	0.1526279	2.886057	-0.3250429	0.07838628	2.494812	-0.0792351	-0.5398172	2.883992	-0.2252669	-0.6128079	2.67501	-0.1884132	-0.8568348	2.978657	-0.3212745	-0.9888945	2.752305	

-0.227087	-0.009042908	2.689206	-0.274154	-0.1742149	2.467633	-0.1923229	-0.1605338	2.565221	-0.2905512	-0.3527637	2.516963	-0.1192612	-0.09071369	2.569125	-0.3174901	-0.2575964	2.446178	-0.06079982	0.6214193	2.646728	-0.1407713	0.514179	2.639799	-0.1418183	0.42993	2.658761	-0.1454639	0.1755557	2.707901	-0.1366633	-0.1708777	2.759422	-0.07799694	0.4238255	2.758134	-0.2421654	0.3769451	2.533416	-0.09429991	-0.1659126	2.770431	-0.1745366	-0.1706249	2.666838	-0.04795934	0.1546547	2.88686	-0.3200462	0.07798835	2.493167	-0.07737208	-0.5395648	2.884852	-0.2229013	-0.6180109	2.674905	-0.1909637	-0.9080586	2.974512	-0.3151581	-0.9951418	2.751673	

-0.2315595	-0.005544065	2.689296	-0.2546439	-0.1695326	2.470134	-0.1905306	-0.1420854	2.560312	-0.2321719	-0.342856	2.532626	-0.1846127	-0.1441176	2.5465	-0.2618178	-0.2797402	2.458549	-0.06382558	0.6247692	2.64709	-0.1448182	0.5179528	2.640264	-0.1441877	0.4335453	2.659448	-0.1440985	0.1781665	2.70855	-0.133419	-0.1686766	2.761161	-0.08252552	0.4273602	2.758219	-0.2438367	0.3790059	2.533009	-0.09163492	-0.1626699	2.772001	-0.1708333	-0.1694764	2.668773	-0.05245348	0.1581672	2.886949	-0.3075967	0.07677009	2.490503	-0.07671455	-0.5399116	2.884248	-0.222208	-0.618058	2.674894	-0.1893181	-0.9079025	2.976644	-0.314689	-0.9952551	2.751175	

-0.2345952	-0.002649407	2.688205	-0.2133425	-0.1553312	2.477015	-0.1537498	-0.04750048	2.557807	-0.168127	-0.3192758	2.538018	-0.1153026	-0.05349834	2.558667	-0.210086	-0.2497152	2.460333	-0.06845745	0.6282244	2.646397	-0.1476301	0.5210415	2.639412	-0.146459	0.4369814	2.658734	-0.1441185	0.1811574	2.707841	-0.1332599	-0.1665119	2.760829	-0.08559577	0.4302953	2.757126	-0.2455851	0.3817597	2.531616	-0.09192967	-0.16013	2.771004	-0.1703859	-0.1676335	2.668939	-0.05549937	0.1610751	2.885861	-0.3012168	0.07782955	2.48919	-0.07564185	-0.5389179	2.882653	-0.2219414	-0.6177764	2.674101	-0.1888999	-0.9064155	2.976056	-0.3139014	-0.9951483	2.7502	

-0.01929382	-0.1236776	2.92293	-0.21195	-0.1540626	2.476735	-0.01129703	-0.2549152	2.936676	-0.1585114	-0.318188	2.539124	-0.008140882	-0.2166492	2.926778	-0.1968823	-0.2507504	2.461625	-0.07258519	0.6297535	2.645131	-0.150676	0.5227851	2.638862	-0.1488149	0.43888	2.658142	-0.14448	0.1829078	2.706898	-0.1328766	-0.164728	2.759467	-0.08882689	0.4319304	2.756421	-0.2473666	0.3829722	2.530322	-0.09184048	-0.1581544	2.769488	-0.1698189	-0.1661717	2.667732	-0.05873952	0.1630057	2.884985	-0.2998623	0.078714	2.489214	-0.07419863	-0.5375972	2.879342	-0.2214761	-0.617959	2.673751	-0.1873458	-0.9044704	2.974946	-0.313367	-0.9952967	2.750052	

-0.01929384	-0.1228111	2.923197	-0.2103557	-0.1551527	2.477281	-0.007890712	-0.2591712	2.945909	-0.1621107	-0.3168872	2.53644	-0.009530634	-0.1850261	2.922286	-0.2041587	-0.2502757	2.461358	-0.07516841	0.6312389	2.644645	-0.1517786	0.523065	2.638933	-0.1496673	0.4393133	2.658202	-0.1445633	0.1834803	2.706811	-0.132666	-0.1639193	2.759317	-0.08999766	0.4321527	2.756434	-0.248537	0.3837813	2.529885	-0.09184402	-0.1573388	2.76928	-0.1694219	-0.1654153	2.667624	-0.05993378	0.1635206	2.884831	-0.298816	0.07943278	2.48932	-0.07320351	-0.537387	2.879509	-0.2207327	-0.617957	2.673072	-0.1868435	-0.9041814	2.974885	-0.3130205	-0.9950824	2.749839	

-0.01797735	-0.1223071	2.922034	-0.2209257	-0.1626493	2.47438	0.004188919	-0.2843393	2.961003	-0.1965226	-0.3287582	2.53457	0.001894694	-0.2095683	2.938369	-0.2371835	-0.266414	2.460111	-0.07499801	0.6313061	2.643553	-0.151672	0.5228575	2.637808	-0.1494986	0.4392544	2.657344	-0.143887	0.1836073	2.706177	-0.1320298	-0.1638386	2.759208	-0.08992051	0.4318759	2.755199	-0.2487689	0.3838706	2.529127	-0.09119382	-0.1571565	2.769342	-0.1687963	-0.1654627	2.667317	-0.05988757	0.1635218	2.883436	-0.2984317	0.07969868	2.489159	-0.07285625	-0.5375534	2.8798	-0.2202859	-0.6191593	2.672719	-0.1963639	-0.9026062	2.970393	-0.3127991	-0.9962852	2.749231	

-0.007052163	-0.1243843	2.917727	-0.2545479	-0.1755708	2.466995	0.01530786	-0.2870398	2.955353	-0.2492462	-0.3419657	2.532785	0.01295746	-0.2122524	2.932719	-0.2809913	-0.2579054	2.45639	-0.07168707	0.6307683	2.64125	-0.1440564	0.5195758	2.633444	-0.1431997	0.4366516	2.653674	-0.1398915	0.1821026	2.703813	-0.1312719	-0.1644731	2.758559	-0.08238821	0.4284618	2.750719	-0.24392	0.3829257	2.52677	-0.09026862	-0.1577991	2.768774	-0.1682364	-0.166114	2.666573	-0.0524417	0.1603926	2.878793	-0.2980684	0.07976051	2.488354	-0.07293858	-0.5375566	2.879834	-0.2200856	-0.6199565	2.672193	-0.1920971	-0.9032398	2.973125	-0.3127718	-0.9969169	2.749176	

0.02333351	-0.1398996	2.901988	-0.2942528	-0.2041145	2.469531	0.04522816	-0.3029714	2.938665	-0.3091696	-0.3494356	2.533563	0.04272554	-0.2280958	2.916039	-0.3328075	-0.2506695	2.458534	-0.03412272	0.6178811	2.632738	-0.1223337	0.5134094	2.626891	-0.1272047	0.4308224	2.648345	-0.135576	0.1776153	2.701327	-0.136159	-0.1713041	2.757307	-0.05290839	0.4106997	2.733732	-0.227653	0.3778519	2.522837	-0.0946561	-0.16778	2.765862	-0.1737094	-0.170666	2.666592	-0.02321361	0.1429768	2.86161	-0.2990817	0.07856295	2.487074	-0.07594971	-0.5423983	2.880037	-0.2203079	-0.6207726	2.671745	-0.1917902	-0.9103346	2.969161	-0.3128432	-0.9976228	2.749292	

0.04908403	-0.1547431	2.897042	-0.3195663	-0.207742	2.476613	0.07060082	-0.3176844	2.93369	-0.357988	-0.3519269	2.534709	0.06796905	-0.2427323	2.911073	-0.3769187	-0.2533812	2.469222	0.001598596	0.6032194	2.627693	-0.08813538	0.4960719	2.620878	-0.09946985	0.4144713	2.644387	-0.1272199	0.165273	2.702296	-0.1499769	-0.1865392	2.766734	-0.02732733	0.3956372	2.728827	-0.1959728	0.3639267	2.517376	-0.1075692	-0.1832567	2.775052	-0.1878868	-0.1844834	2.67648	0.002155054	0.1281333	2.856592	-0.3004552	0.07473221	2.485762	-0.09607951	-0.6174941	2.91147	-0.2210772	-0.623739	2.671524	-0.2152389	-0.9860805	2.992697	-0.3133468	-1.000449	2.749802	

-0.167799	-0.05892019	2.678482	-0.3320084	-0.1967117	2.477038	-0.180987	-0.196087	2.605721	-0.3782925	-0.3525802	2.535697	-0.1009888	-0.1776952	2.685947	-0.3917379	-0.2421447	2.465193	0.01608806	0.5912517	2.626174	-0.07495803	0.4865813	2.619333	-0.08739004	0.4042051	2.643247	-0.1218437	0.1523852	2.703449	-0.1614966	-0.1993454	2.772258	-0.01095862	0.3838026	2.726702	-0.1837545	0.3561378	2.516823	-0.1188165	-0.1952088	2.777518	-0.1997277	-0.1980743	2.68571	0.01837469	0.1165679	2.854326	-0.3009652	0.07218632	2.486149	-0.09474539	-0.6165041	2.910312	-0.2213839	-0.6242847	2.67123	-0.2146793	-0.9834538	2.996629	-0.3132567	-1.000908	2.750213	

-0.1108913	-0.1522102	2.691566	-0.4141067	-0.3113663	2.531459	-0.1995767	-0.288375	2.632393	-0.4838297	-0.4080967	2.59017	-0.1244112	-0.2734235	2.775393	-0.4651792	-0.3301153	2.509758	0.1314473	0.4223995	2.637146	0.03415275	0.3233086	2.626538	0.005631058	0.2464572	2.65466	-0.08131218	0.01114215	2.72834	-0.1991878	-0.3090377	2.815059	0.09724935	0.2213928	2.73359	-0.102774	0.2065483	2.52459	-0.1481493	-0.306869	2.820181	-0.2445279	-0.30228	2.728598	0.1257134	-0.0445482	2.860837	-0.2788953	-0.04395356	2.502898	-0.02179486	-0.6360088	2.879706	-0.1726464	-0.6633829	2.661969	-0.1645606	-0.986404	2.991689	-0.3090126	-1.023753	2.749451	

-0.07740443	-0.2464122	2.709837	-0.3868052	-0.3919384	2.538683	-0.2471886	-0.3582006	2.587789	-0.4399767	-0.5054274	2.618243	-0.1211012	-0.3387893	2.757074	-0.4517395	-0.4371861	2.507	0.1653284	0.3338596	2.649354	0.0691808	0.2361538	2.636508	0.03525232	0.1618437	2.66346	-0.06829438	-0.06532821	2.733504	-0.2088037	-0.3740108	2.815253	0.1321552	0.1345263	2.743438	-0.07688859	0.124397	2.536448	-0.1633841	-0.3736227	2.823515	-0.2482647	-0.3636292	2.725914	0.160291	-0.1303058	2.870315	-0.2511072	-0.1262019	2.507231	0.04797083	-0.6607894	2.871168	-0.1220266	-0.7094184	2.661005	-0.09766106	-1.004413	2.997518	-0.3016517	-1.049528	2.750942	

-0.1764009	-0.2619633	2.727913	-0.1167675	-0.4419031	2.477224	-0.3534999	-0.3654711	2.627722	-0.08321747	-0.6039894	2.556836	-0.2148496	-0.3579066	2.5692	-0.1783687	-0.4795292	2.556905	0.1901921	0.2983651	2.655716	0.09963819	0.2008046	2.636552	0.06389707	0.1287886	2.669254	-0.04187356	-0.09508984	2.757089	-0.1851277	-0.3991127	2.865026	0.162508	0.09929252	2.743431	-0.03002386	0.08346041	2.528694	-0.1446539	-0.3924763	2.867739	-0.2204055	-0.3944659	2.781266	0.0701508	-0.1481746	2.873819	-0.1333019	-0.2003002	2.465427	0.09958771	-0.6695282	2.823631	-0.07978279	-0.7273628	2.664237	-0.05064926	-0.9954137	2.983155	-0.3118323	-1.021347	2.752929	

0.2817596	-0.19006	2.784964	0.1377496	-0.2306935	2.38766	0.2970272	-0.2637867	2.700839	0.2602905	-0.3535112	2.465338	0.316452	-0.2132547	2.759	0.156238	-0.2948605	2.397435	0.2054407	0.4632602	2.621685	0.1137301	0.3594772	2.589238	0.08921747	0.2802671	2.619701	0.01409526	0.03755407	2.700494	-0.08818526	-0.2928646	2.796752	0.1765712	0.2573983	2.696316	0.01084273	0.2350222	2.483556	-0.05030609	-0.2903332	2.783739	-0.1235204	-0.2868597	2.728239	0.1673568	-0.002255738	2.834968	-0.03600386	-0.0376799	2.38569	0.09206678	-0.6057853	2.861708	-0.06646238	-0.6491163	2.644986	-0.05137448	-0.9499057	2.9914	-0.2568831	-0.9877157	2.724357	

0.3696983	0.257235	2.586655	0.2536841	0.2039313	2.36085	0.4023656	0.2020096	2.57611	0.3479371	0.1717791	2.420478	0.4084746	0.2078831	2.580333	0.2709642	0.1700686	2.353762	0.2400679	0.8004586	2.507443	0.1411955	0.7010913	2.491656	0.1406611	0.6191938	2.5102	0.138429	0.3665234	2.55609	0.1347339	0.01982144	2.606793	0.2039772	0.5978836	2.59932	0.02898177	0.5670605	2.392365	0.1781718	0.006824281	2.603314	0.08700783	0.03221178	2.528352	0.1945464	0.3353896	2.738944	-0.01430788	0.3222107	2.295471	0.1434911	-0.4154111	2.826178	-0.03215519	-0.4066011	2.560451	0.009149292	-0.769871	2.94227	-0.1463997	-0.7812018	2.632362	

0.3727553	0.2852336	2.576064	0.2692004	0.2203249	2.359606	0.4282176	0.2253459	2.579344	0.3605295	0.1874532	2.409042	0.4148505	0.2168768	2.5706	0.2610614	0.1854144	2.467308	0.2524315	0.8305284	2.493413	0.1588305	0.7266033	2.482122	0.1607458	0.6454245	2.501013	0.1668857	0.395223	2.548083	0.1767232	0.05214703	2.600898	0.2215561	0.623314	2.589834	0.03589525	0.5966464	2.382953	0.2236327	0.04956681	2.584935	0.1179322	0.0495651	2.533905	0.2119989	0.3610717	2.729277	0.001195261	0.33337	2.293042	0.2303688	-0.2578846	2.746617	0.02692572	-0.4073762	2.537001	0.08187041	-0.6061104	2.870118	-0.1287844	-0.7631298	2.626451	

0.4547163	0.2621875	2.579771	0.279682	0.232427	2.317598	0.5028399	0.1755361	2.576443	0.4180862	0.1623582	2.380869	0.4784295	0.183704	2.590583	0.2975805	0.1459293	2.417213	0.3583247	0.8752026	2.435893	0.2589129	0.776488	2.430222	0.257298	0.694934	2.44986	0.251263	0.4428947	2.49933	0.2418373	0.09649441	2.555163	0.3213153	0.6729822	2.538047	0.1208364	0.6467972	2.34489	0.2882871	0.09362166	2.539123	0.1876166	0.09628676	2.489578	0.3109328	0.4102532	2.677797	0.06950287	0.3691913	2.277756	0.3583332	-0.2343235	2.689367	0.1925863	-0.3452584	2.466702	0.2217524	-0.5941147	2.796139	0.03286713	-0.693994	2.575254	

0.4870427	0.2308212	2.598219	0.2872204	0.2158464	2.311327	0.5274364	0.1305805	2.594268	0.4362369	0.1228193	2.373237	0.4989847	0.1386115	2.599231	0.3047991	0.1175285	2.407068	0.3943565	0.8632434	2.424444	0.2892405	0.7721856	2.420888	0.2845055	0.6893094	2.441145	0.2705489	0.4338896	2.492154	0.2537139	0.08322134	2.549126	0.3515404	0.6686752	2.528708	0.1438554	0.643741	2.338155	0.3037754	0.07722529	2.531363	0.1960233	0.08617266	2.485061	0.3409047	0.405959	2.668489	0.08680932	0.3614472	2.278961	0.3810195	-0.2460347	2.679244	0.211899	-0.3775913	2.458072	0.2906609	-0.621515	2.780546	0.1123633	-0.7523899	2.5511	

0.540779	0.09845977	2.647194	0.3144574	0.1424599	2.284918	0.5792281	0.01441556	2.648661	0.4509376	0.01082892	2.33058	0.5448908	0.04682296	2.630555	0.3193082	0.06171765	2.38321	0.4757977	0.8133144	2.39497	0.3728288	0.7235937	2.398941	0.361344	0.6418396	2.418242	0.3246912	0.389316	2.466691	0.2730456	0.04235338	2.521078	0.4348338	0.6201738	2.506681	0.2269743	0.6009249	2.31957	0.3161172	0.0379288	2.49912	0.2211028	0.04541063	2.461456	0.4234785	0.3577714	2.646428	0.165717	0.3090733	2.279788	0.4578464	-0.318924	2.694796	0.2851303	-0.4548402	2.437164	0.4268164	-0.7125366	2.758917	0.3046366	-0.880447	2.488651	

0.6943125	-0.1867646	2.594007	0.3942275	-0.2257669	2.23692	0.7437357	-0.3024213	2.636693	0.4704793	-0.4124335	2.282238	0.7085549	-0.2682875	2.618892	0.4077048	-0.3559059	2.236478	0.6168522	0.5385299	2.387557	0.5222536	0.4442416	2.394039	0.5138715	0.3679419	2.417891	0.4858885	0.1333115	2.47943	0.4452284	-0.1874617	2.550707	0.5769876	0.3439926	2.473947	0.3834628	0.3323678	2.322317	0.4904216	-0.1887443	2.567899	0.3858756	-0.1802541	2.452898	0.5642756	0.08406661	2.612934	0.324699	0.03337545	2.267855	0.6877604	-0.5022493	2.591676	0.5282885	-0.602618	2.384531	0.6553418	-0.8947682	2.655962	0.4832624	-0.9804032	2.458443	

0.7351837	-0.229765	2.634932	0.3920037	-0.2840607	2.230988	0.7016435	-0.3605535	2.559675	0.4547498	-0.4494042	2.264232	0.6548509	-0.2930001	2.550667	0.4067447	-0.4232666	2.224645	0.6343401	0.4865502	2.388285	0.5347055	0.399302	2.396032	0.5265955	0.3181857	2.419669	0.4976334	0.07529937	2.480175	0.4555019	-0.2562125	2.549824	0.6187383	0.2993734	2.514936	0.4102795	0.2830378	2.320409	0.4970399	-0.2508332	2.551739	0.3995399	-0.2535234	2.467526	0.6057671	0.04039861	2.65358	0.3422584	-0.0124338	2.260381	0.7475687	-0.5229494	2.561954	0.5945951	-0.614548	2.37439	0.7147848	-0.9153471	2.626337	0.4981729	-0.9816008	2.44917	

0.7758433	-0.2342544	2.609951	0.3951837	-0.3091062	2.260038	0.8296613	-0.3443784	2.621159	0.3798793	-0.4828411	2.299016	0.782307	-0.2769803	2.612298	0.3405887	-0.3878806	2.271491	0.6761506	0.4858005	2.365286	0.5777891	0.3916942	2.370611	0.5798199	0.3104599	2.394929	0.5824102	0.06117937	2.45816	0.5828429	-0.2790304	2.531295	0.6604129	0.2940288	2.489812	0.4554918	0.2553059	2.288984	0.6250479	-0.2695024	2.516786	0.5222833	-0.279804	2.466308	0.6470717	0.03551633	2.628283	0.3811424	-0.0296137	2.267972	0.8242617	-0.5641524	2.531147	0.6559086	-0.6274776	2.362269	0.6524195	-0.881826	2.695992	0.518182	-0.9792712	2.443743	

0.7787663	-0.1342886	2.589925	0.4215891	-0.2056081	2.26033	0.8325766	-0.2449057	2.601158	0.411999	-0.4040166	2.329612	0.7851594	-0.1780323	2.592258	0.3664583	-0.2622284	2.27225	0.6795664	0.5858164	2.343298	0.5800708	0.4935118	2.350391	0.5856984	0.4094809	2.373236	0.6001068	0.1509862	2.431747	0.6165772	-0.2024781	2.498659	0.6633368	0.3954027	2.469392	0.4623092	0.3460428	2.26519	0.6545892	-0.1962377	2.486079	0.5589219	-0.2022903	2.431834	0.6499954	0.1360218	2.608145	0.3933387	0.05644888	2.258157	0.8018059	-0.5058948	2.557891	0.6060951	-0.5704776	2.376491	0.6301278	-0.8239273	2.722666	0.5227829	-0.9558724	2.439337	

0.7749735	-0.07654601	2.578235	0.4334312	-0.1609089	2.246997	0.8287873	-0.187416	2.58947	0.5075302	-0.3348123	2.307791	0.7813628	-0.120851	2.580546	0.4228004	-0.2952646	2.269914	0.6761747	0.6477391	2.334443	0.5765582	0.5514687	2.338348	0.5824856	0.4658931	2.360924	0.5978466	0.2023853	2.418764	0.6157514	-0.1635306	2.486505	0.6598545	0.4531501	2.457458	0.460333	0.3984374	2.251297	0.6525158	-0.1594772	2.475392	0.5593186	-0.1622669	2.418067	0.6465714	0.1937098	2.596111	0.404581	0.09783056	2.247188	0.7491117	-0.4901103	2.558137	0.5758318	-0.5904085	2.378191	0.5776894	-0.8082315	2.722778	0.5151446	-0.9774736	2.444547	

0.7581391	-0.05060732	2.584426	0.4782653	-0.1250012	2.205554	0.8120289	-0.1615909	2.595643	0.4887134	-0.2863912	2.257942	0.7646955	-0.09516772	2.586681	0.4519047	-0.1964943	2.188177	0.6598798	0.6746752	2.342734	0.5595724	0.577415	2.344446	0.5689142	0.4917455	2.365891	0.5932016	0.2293634	2.420895	0.6240688	-0.1218246	2.483414	0.6429447	0.4790207	2.463595	0.4548561	0.4118096	2.249178	0.654871	-0.1198257	2.46911	0.5738113	-0.1189521	2.418381	0.6298333	0.2195968	2.602148	0.4187653	0.1085281	2.21771	0.7140135	-0.5511945	2.603112	0.534675	-0.5691913	2.384385	0.667221	-0.9333277	2.701749	0.5130314	-0.9630482	2.442244	

0.7801249	-0.03112169	2.630009	0.519369	-0.1292246	2.160496	0.8239311	-0.1876473	2.646544	0.5432653	-0.3011841	2.191636	0.768871	-0.1806397	2.6248	0.5332109	-0.2213922	2.130282	0.6449659	0.6746494	2.355185	0.5473349	0.5753484	2.35705	0.5607261	0.4913134	2.372751	0.5916945	0.2304407	2.419953	0.6279706	-0.1182634	2.463511	0.6307564	0.4769798	2.476185	0.4493863	0.4107667	2.25689	0.6597624	-0.1164297	2.458485	0.574819	-0.1164247	2.385273	0.6177682	0.2177072	2.614624	0.4388011	0.1079758	2.201933	0.7042414	-0.5075781	2.579872	0.5313902	-0.5704376	2.386093	0.6676154	-0.888191	2.687364	0.5055697	-0.9637891	2.445441	

0.7812162	-0.03167763	2.627297	0.5249942	-0.1304949	2.156903	0.8510999	-0.183168	2.636775	0.5649136	-0.3036678	2.165349	0.7830326	-0.1187524	2.598909	0.5481173	-0.2166483	2.110761	0.6389024	0.673434	2.361257	0.5431477	0.5717616	2.361909	0.5568343	0.4882169	2.377041	0.5914032	0.2300205	2.419919	0.6312548	-0.1203392	2.46082	0.6265851	0.4734105	2.481032	0.4456912	0.4065938	2.262422	0.6663399	-0.1210421	2.453339	0.575917	-0.116836	2.384973	0.6136377	0.2142524	2.619392	0.4431158	0.1048783	2.200079	0.7039195	-0.5068272	2.580138	0.5273967	-0.5703711	2.388008	0.6619411	-0.8872797	2.686662	0.4967716	-0.960651	2.448561	

0.7842134	-0.03098067	2.623748	0.5407755	-0.1355166	2.146994	0.8827472	-0.1933027	2.628479	0.5926065	-0.3158734	2.151762	0.8186752	-0.152477	2.611846	0.5715272	-0.2409035	2.101178	0.6317222	0.6684288	2.368894	0.5368634	0.5661723	2.369326	0.5512642	0.4816242	2.384336	0.5904337	0.2220848	2.422813	0.6408654	-0.1401052	2.461462	0.6203247	0.4678502	2.488433	0.4423495	0.4013174	2.269482	0.677929	-0.1436275	2.453192	0.5833006	-0.13258	2.38866	0.6074404	0.2088591	2.626689	0.454417	0.1018788	2.197134	0.7018804	-0.5093464	2.585594	0.5221921	-0.5727736	2.392741	0.6583125	-0.8902724	2.690087	0.4931014	-0.9595582	2.451683	

0.7981476	-0.02734309	2.613609	0.5657891	-0.1556159	2.13016	0.923344	-0.1841128	2.601642	0.6252522	-0.3183128	2.126071	0.8663352	-0.1615895	2.604533	0.6252785	-0.180399	2.103563	0.6181262	0.6575744	2.382713	0.5277408	0.5501301	2.379883	0.539583	0.4663721	2.395151	0.5722147	0.2089938	2.432008	0.6110975	-0.1454148	2.469941	0.6112339	0.4518741	2.498952	0.4366076	0.3828125	2.278078	0.6466408	-0.1493416	2.461471	0.5553213	-0.1370288	2.398585	0.5984344	0.1931577	2.637054	0.4601561	0.08600529	2.198184	0.6873373	-0.5057539	2.582522	0.5124065	-0.5755352	2.401778	0.6456713	-0.8847498	2.693502	0.4844405	-0.9588817	2.458575	

0.7991663	-0.02459911	2.612571	0.5708938	-0.1562297	2.131059	0.9271559	-0.1760169	2.574463	0.6511459	-0.3054922	2.123107	0.8556579	-0.1358497	2.600375	0.6396526	-0.1782265	2.110762	0.6030781	0.6608765	2.390102	0.5228326	0.5464091	2.387673	0.5343764	0.4633623	2.401455	0.5666527	0.2074828	2.434484	0.6049047	-0.1449145	2.46869	0.6063448	0.4481764	2.506729	0.434392	0.3804963	2.282093	0.6398581	-0.1485577	2.460143	0.5501885	-0.1367297	2.397486	0.5935985	0.1896085	2.644735	0.4602807	0.08484738	2.198637	0.6734932	-0.5016907	2.594011	0.4991271	-0.5691272	2.404297	0.6335168	-0.8834713	2.696938	0.4744637	-0.9567797	2.459486	

0.7964463	-0.02367347	2.614401	0.5740047	-0.1540283	2.139407	0.9019055	-0.1737451	2.584047	0.6621341	-0.2906062	2.165741	0.8558252	-0.1384937	2.631077	0.6392007	-0.1718417	2.13575	0.5930382	0.6653474	2.394609	0.5191944	0.5461991	2.390673	0.530013	0.4633901	2.404203	0.559823	0.2084391	2.435734	0.5947523	-0.1413287	2.466477	0.602721	0.4479708	2.509726	0.4306089	0.3802698	2.285424	0.6297713	-0.1451493	2.457146	0.5403839	-0.1330253	2.396032	0.5900105	0.1894812	2.647674	0.4583924	0.08495876	2.201739	0.6664883	-0.5005247	2.597828	0.4909158	-0.567072	2.406828	0.6261427	-0.884488	2.693439	0.4723124	-0.9561176	2.460149	

0.7893006	-0.02737772	2.619024	0.571854	-0.1507432	2.148877	0.8830073	-0.1917147	2.615374	0.6475727	-0.2854361	2.184674	0.8371962	-0.1496137	2.639278	0.6264541	-0.1661684	2.146842	0.5922845	0.6632926	2.395501	0.5163491	0.5466329	2.393787	0.5266551	0.4639075	2.406947	0.5549316	0.2092347	2.437083	0.5883435	-0.1399235	2.46568	0.5998872	0.4484075	2.512838	0.4272112	0.380345	2.288874	0.6233735	-0.1438364	2.456415	0.5342066	-0.1315439	2.395153	0.5872071	0.1900004	2.650726	0.4562173	0.08510372	2.205903	0.6644922	-0.5005246	2.597812	0.4865915	-0.568037	2.409166	0.6251917	-0.8844365	2.693916	0.4703227	-0.9555306	2.460244	

0.7548968	-0.05418975	2.642183	0.5413786	-0.1470335	2.187357	0.8269067	-0.20461	2.644185	0.6070993	-0.3023342	2.218667	0.7900711	-0.173919	2.671524	0.5942447	-0.2521565	2.16725	0.5872781	0.6660925	2.39905	0.5144386	0.5470151	2.396149	0.5235992	0.463151	2.409747	0.5456953	0.2015063	2.441833	0.5663229	-0.1669219	2.473572	0.5979844	0.4487922	2.515199	0.4209175	0.3816324	2.294433	0.6044794	-0.1751895	2.459136	0.5088943	-0.1544151	2.408477	0.5853264	0.1904615	2.653036	0.4401153	0.08274204	2.225579	0.6592268	-0.4974504	2.594122	0.4831636	-0.5696557	2.412665	0.6249102	-0.8806639	2.694003	0.468813	-0.955095	2.461041	

0.7232134	-0.07289111	2.654285	0.5049505	-0.1534105	2.207478	0.7620844	-0.2258888	2.690114	0.5494916	-0.31907	2.236194	0.7399312	-0.2104513	2.693	0.5399781	-0.2463945	2.184069	0.5855615	0.6658726	2.399755	0.513725	0.5468491	2.397963	0.5225721	0.4631076	2.411745	0.5445322	0.2026818	2.443878	0.5669746	-0.1565921	2.477419	0.5972739	0.4486298	2.517011	0.4159436	0.3835017	2.299803	0.6043824	-0.1637162	2.467922	0.5107397	-0.1433101	2.408409	0.5846298	0.190457	2.654752	0.4243555	0.08522642	2.240675	0.6588065	-0.4988155	2.596261	0.4824309	-0.5691938	2.41288	0.6244413	-0.8819922	2.696216	0.4674877	-0.9543313	2.46131	

0.7231701	-0.07298615	2.654383	0.4892121	-0.1592597	2.214531	0.7383414	-0.2320077	2.687431	0.5202817	-0.3338364	2.252301	0.7313052	-0.2309437	2.675	0.5176504	-0.2372228	2.201327	0.5842278	0.6665477	2.401025	0.5134347	0.546648	2.398638	0.5221401	0.4631386	2.412407	0.543719	0.2043912	2.444655	0.5669543	-0.1469722	2.47757	0.5969848	0.4484297	2.517684	0.4134256	0.3842792	2.302042	0.6036051	-0.1444309	2.468274	0.5111186	-0.1406708	2.408116	0.5843432	0.1902589	2.655419	0.4162365	0.08645484	2.246763	0.6575398	-0.4978001	2.600049	0.4817845	-0.5689755	2.413641	0.6234364	-0.8819817	2.696734	0.4669372	-0.9542019	2.461687	

0.722981	-0.07279162	2.654599	0.4664903	-0.171901	2.223809	0.7000669	-0.160895	2.681653	0.4879735	-0.3462994	2.278262	0.6932079	-0.1602064	2.669144	0.5378282	-0.221088	2.3025	0.5828129	0.6670573	2.402061	0.5130612	0.5465826	2.399615	0.5216374	0.4630566	2.413147	0.5432756	0.2044365	2.444753	0.5666171	-0.1471361	2.476724	0.5966129	0.4483653	2.51866	0.4104654	0.3854468	2.304355	0.6033682	-0.1446385	2.466995	0.5106969	-0.1415048	2.407184	0.5839778	0.1902804	2.656338	0.4072084	0.08406635	2.252007	0.6549531	-0.4970045	2.601417	0.4813291	-0.5686877	2.414217	0.6219137	-0.8812433	2.698185	0.4654093	-0.9532478	2.462246	

0.722513	-0.07200154	2.654979	0.4134843	-0.1814243	2.24477	0.6981592	-0.1596423	2.682117	0.414786	-0.3392439	2.276695	0.6927682	-0.1599177	2.66925	0.4576889	-0.2238964	2.264875	0.5828673	0.6667406	2.402761	0.5125058	0.5469434	2.40095	0.5210882	0.4632486	2.413681	0.5421715	0.2046702	2.44338	0.5646123	-0.1481535	2.465267	0.59606	0.4487264	2.519994	0.4089683	0.3860461	2.306077	0.6018995	-0.1453274	2.454353	0.5084696	-0.1444657	2.396028	0.583437	0.1908256	2.657553	0.3785586	0.08471718	2.263079	0.6522586	-0.4988832	2.605209	0.4798889	-0.5674291	2.414251	0.6179068	-0.883907	2.698886	0.46445	-0.9528559	2.462919	

0.7222354	-0.07125743	2.655273	0.3581653	-0.1633975	2.25076	0.6971613	-0.1586798	2.682393	0.3499606	-0.3272341	2.282656	0.6921344	-0.1593886	2.669415	0.4076362	-0.2309922	2.273	0.5851649	0.6661806	2.404572	0.5122672	0.5473351	2.401873	0.5207506	0.4634388	2.414222	0.541791	0.2045977	2.443201	0.5643304	-0.1489962	2.46461	0.5958225	0.4491176	2.520915	0.4077062	0.3871527	2.307356	0.6018197	-0.1472072	2.453286	0.5081165	-0.1449196	2.395593	0.5832078	0.1913889	2.658362	0.3616044	0.08741888	2.270537	0.6509646	-0.4985427	2.60938	0.4782771	-0.566404	2.414666	0.6162409	-0.884348	2.700189	0.4635935	-0.9521328	2.463496	

0.7241873	-0.06765179	2.654305	0.3552252	-0.162189	2.249218	0.6979572	-0.1548547	2.681065	0.3339565	-0.3148549	2.285735	0.6918584	-0.1563758	2.668765	0.3907723	-0.2100847	2.265412	0.591006	0.6675298	2.405933	0.5137748	0.5504082	2.401758	0.5213855	0.4665256	2.413866	0.5402336	0.2092834	2.441178	0.5597674	-0.1424511	2.461987	0.5973253	0.4521806	2.520805	0.4087292	0.3913115	2.305277	0.5969159	-0.1416959	2.451816	0.5043371	-0.1381092	2.391928	0.5847048	0.1945833	2.658165	0.3576577	0.09245456	2.268967	0.6411667	-0.5144751	2.616862	0.474436	-0.5659321	2.414054	0.6137573	-0.9012949	2.705383	0.4617737	-0.9514737	2.463716	

0.7245948	-0.06551125	2.653394	0.3561212	-0.1629133	2.246917	0.6978113	-0.1525917	2.680009	0.3497167	-0.3207738	2.281018	0.6913029	-0.153243	2.667752	0.4045705	-0.2266309	2.260273	0.5937191	0.6683767	2.406519	0.5141258	0.5521888	2.401333	0.5212629	0.46769	2.413438	0.5390819	0.2093925	2.440265	0.5564581	-0.1452818	2.460713	0.5976755	0.453954	2.520382	0.4092315	0.3932795	2.303223	0.593724	-0.1449685	2.450377	0.5009606	-0.1406078	2.39082	0.5850566	0.1965021	2.657645	0.3587754	0.09448656	2.267023	0.6394525	-0.5095416	2.615127	0.4720217	-0.5656641	2.413712	0.6134365	-0.8962574	2.704436	0.4608068	-0.9510862	2.463851	

0.7230867	-0.06168755	2.645351	0.5108988	-0.1500827	2.191825	0.7394267	-0.2155031	2.664943	0.579233	-0.3027817	2.234884	0.7391051	-0.1998898	2.65075	0.5708586	-0.2260593	2.1715	0.591519	0.6737384	2.401879	0.5125512	0.5558384	2.394356	0.5207136	0.4720229	2.407208	0.5423633	0.215761	2.435164	0.572287	-0.131435	2.458736	0.5961067	0.457579	2.513415	0.4120856	0.3962297	2.287	0.6105804	-0.1241664	2.448627	0.5156843	-0.1327198	2.388836	0.5834925	0.2001994	2.650615	0.4148947	0.09696428	2.222246	0.6330265	-0.5013163	2.604766	0.4656379	-0.5651383	2.411095	0.6106673	-0.8857091	2.703003	0.457315	-0.9499301	2.463536	

0.7232953	-0.06062102	2.636719	0.5232762	-0.1464672	2.18555	0.7509316	-0.2320255	2.667983	0.6063152	-0.2921836	2.227391	0.7505584	-0.216326	2.653811	0.5908398	-0.2010563	2.168187	0.5959056	0.6726713	2.395073	0.5128306	0.5566727	2.386088	0.5216344	0.4716033	2.399874	0.5459086	0.210528	2.429001	0.5816226	-0.1532996	2.454158	0.5963836	0.4583957	2.505153	0.416416	0.3962074	2.275167	0.6234927	-0.158477	2.440067	0.5218651	-0.1460129	2.387106	0.5837562	0.2011285	2.642279	0.4180247	0.09605449	2.217126	0.6328622	-0.5063617	2.603163	0.4639181	-0.5647955	2.408511	0.6088971	-0.8901441	2.703054	0.4563723	-0.9496295	2.463413	

0.7263011	-0.05975888	2.623044	0.5195324	-0.15201	2.182736	0.7526098	-0.2320929	2.654934	0.5699024	-0.3159871	2.225428	0.7522098	-0.2163876	2.640771	0.566861	-0.2342657	2.172352	0.602213	0.6719956	2.382855	0.515987	0.5573517	2.372509	0.5263996	0.4727962	2.387532	0.5558026	0.2128201	2.42053	0.5984808	-0.1451425	2.451473	0.5995256	0.4590487	2.491583	0.4244693	0.3918566	2.25609	0.6326402	-0.1507131	2.440798	0.5483301	-0.1358562	2.380377	0.5868515	0.201872	2.628651	0.4220208	0.09054789	2.208563	0.6381157	-0.5095735	2.599702	0.4650026	-0.5621382	2.401819	0.6090442	-0.8923711	2.701793	0.4566284	-0.950187	2.462387	

0.7278683	-0.06048478	2.617597	0.51236	-0.157537	2.180771	0.7538166	-0.233113	2.649405	0.5488685	-0.3249592	2.225236	0.7534034	-0.2174	2.635248	0.545018	-0.2655361	2.16977	0.6024508	0.6723091	2.377467	0.5176299	0.5565474	2.367056	0.5262827	0.4731501	2.381992	0.5477358	0.2183231	2.412551	0.5554093	-0.1188897	2.438413	0.601161	0.4582378	2.486132	0.4262426	0.3904503	2.252523	0.5878079	-0.1204601	2.457209	0.5045629	-0.1133214	2.339538	0.5884649	0.201102	2.62318	0.4228378	0.08907456	2.206254	0.6421127	-0.5131018	2.59906	0.466017	-0.5604602	2.398109	0.6087292	-0.895465	2.701524	0.4570282	-0.9495278	2.461537	

0.729405	-0.06125187	2.614032	0.5020484	-0.1629315	2.17952	0.7551658	-0.2340844	2.645829	0.5303735	-0.3366455	2.227011	0.7547413	-0.2183649	2.631678	0.5325417	-0.2577136	2.172079	0.6047452	0.6709722	2.373814	0.5192452	0.5556816	2.36349	0.527009	0.4729058	2.378174	0.5465498	0.219339	2.409095	0.5563009	-0.1192771	2.437169	0.6027692	0.4573692	2.482568	0.4279451	0.3896267	2.249759	0.5888456	-0.1201773	2.455653	0.5054642	-0.1144385	2.338407	0.5900549	0.2002856	2.61959	0.4231064	0.08828389	2.20384	0.6431847	-0.5122044	2.597054	0.4656865	-0.5598589	2.396923	0.6082852	-0.8943402	2.699898	0.4568982	-0.9494249	2.461483	

0.7319838	-0.06298347	2.608825	0.4745702	-0.1873709	2.175045	0.7575642	-0.2359742	2.640603	0.488255	-0.3474922	2.216924	0.7571211	-0.2202427	2.626461	0.5168144	-0.2220563	2.186	0.6083446	0.6685324	2.368531	0.5219124	0.5538762	2.358275	0.5291213	0.4719274	2.372289	0.547509	0.2205086	2.402265	0.5615276	-0.1183811	2.429289	0.6054245	0.4555613	2.477355	0.4317249	0.3879753	2.243755	0.5930033	-0.1153689	2.448955	0.51255	-0.1180978	2.328039	0.5926796	0.1985167	2.614364	0.4211895	0.08655338	2.200033	0.6424605	-0.5143245	2.594045	0.4649295	-0.5593653	2.395948	0.609045	-0.8953092	2.700814	0.4557506	-0.9491677	2.461045	

0.737035	-0.06463721	2.601306	0.4547377	-0.1902384	2.166908	0.7624178	-0.2376978	2.633081	0.4360494	-0.353422	2.202713	0.7619404	-0.2219544	2.618953	0.4838056	-0.2542504	2.1818	0.6140192	0.6672968	2.362396	0.52707	0.5522297	2.350726	0.5343392	0.4709637	2.362932	0.5532771	0.2216905	2.387679	0.5739174	-0.1170589	2.406533	0.61056	0.4539084	2.469809	0.4360677	0.3862442	2.236429	0.6044113	-0.1089085	2.426572	0.5244265	-0.1214266	2.306581	0.5977592	0.1968601	2.606836	0.4163312	0.08517504	2.192697	0.6488215	-0.5130841	2.591012	0.4682112	-0.5592016	2.392624	0.6092666	-0.8935233	2.697939	0.4562099	-0.9491831	2.46016	

0.7440425	-0.06781662	2.592751	0.4535086	-0.1917464	2.157135	0.7692944	-0.2409177	2.624504	0.4416731	-0.3594949	2.183869	0.7687711	-0.2251542	2.610394	0.4868248	-0.2518934	2.149375	0.6229765	0.6628426	2.353619	0.5342245	0.5490372	2.342143	0.5416124	0.4679461	2.353076	0.5611373	0.2187399	2.374877	0.5837804	-0.1216932	2.391598	0.6176839	0.4507131	2.461227	0.4414621	0.3826908	2.229384	0.614484	-0.1122568	2.408606	0.5336584	-0.1269852	2.294486	0.6048078	0.1936717	2.598274	0.4138438	0.08212899	2.186009	0.6681224	-0.5216041	2.57937	0.4773625	-0.5614601	2.385061	0.6152641	-0.8971436	2.69634	0.4566803	-0.9497843	2.459697	

