0.2712837	0.3732662	2.549643	-0.1739973	0.3951549	2.728351	0.2442477	0.2078784	2.543101	-0.1662132	0.2285728	2.711936	0.1978316	0.3187624	2.497775	-0.2029494	0.2634473	2.704556	0.02438467	1.156839	2.630282	0.06309164	1.027939	2.67671	0.06175598	0.9545623	2.678387	0.05804715	0.7279421	2.675261	0.05341775	0.4165846	2.663409	0.2138344	0.909961	2.64094	-0.1011706	0.9073395	2.736568	0.1238251	0.4131042	2.608215	-0.0180232	0.4094715	2.642965	0.2745452	0.6443985	2.628796	-0.1513416	0.6393997	2.787921	0.1269431	-0.1453891	2.600215	0.01628044	-0.1222199	2.659108	0.1593373	-0.5253992	2.639973	0.03483016	-0.5502659	2.662776	

0.2712949	0.3732585	2.549643	-0.1741168	0.3949819	2.728664	0.2496318	0.2134283	2.544953	-0.1699763	0.2291623	2.720202	0.1983831	0.317075	2.502641	-0.210421	0.3000962	2.708417	0.02598272	1.156585	2.63212	0.06415324	1.027825	2.678313	0.06263077	0.9547074	2.679905	0.05828166	0.7288561	2.67661	0.05255166	0.419021	2.66475	0.2143521	0.9101336	2.64188	-0.1005267	0.9076904	2.737165	0.1233477	0.4135221	2.609012	-0.01949883	0.4147185	2.64497	0.2748162	0.6443341	2.6289	-0.1512828	0.6392259	2.788177	0.1260969	-0.1469926	2.601452	-0.000990491	-0.02183067	2.635217	0.1616265	-0.5264387	2.643034	0.03884535	-0.5410975	2.657296	

0.2712991	0.3731035	2.549648	-0.1741041	0.3940351	2.728671	0.2428705	0.2099588	2.543745	-0.1689062	0.2264261	2.714287	0.1991681	0.2930826	2.504579	-0.2047618	0.3004756	2.675	0.02689824	1.156341	2.633008	0.06557735	1.027361	2.679565	0.06392089	0.9541952	2.680964	0.05908555	0.7282605	2.677089	0.05305963	0.418063	2.664553	0.2146832	0.9101033	2.642493	-0.09960216	0.9081605	2.737079	0.1235914	0.4137058	2.609149	-0.01841823	0.4092371	2.643598	0.2749206	0.6442828	2.628974	-0.1510908	0.638358	2.788134	0.1273962	-0.1468927	2.600204	-0.001700174	-0.02194259	2.635815	0.1594128	-0.526126	2.645324	0.0378116	-0.5409897	2.661358	

0.2712445	0.37309	2.549651	-0.1743072	0.3940269	2.728726	0.249079	0.2157203	2.545393	-0.1692322	0.2302231	2.715282	0.1985086	0.3252943	2.50085	-0.2123268	0.2734775	2.717572	0.02738795	1.156382	2.633238	0.06568237	1.02734	2.679817	0.06399718	0.9541056	2.681237	0.05900913	0.7278461	2.677466	0.05237917	0.4166335	2.665039	0.2148781	0.9100803	2.642642	-0.09952562	0.9077522	2.737232	0.1230091	0.4133044	2.609649	-0.01926798	0.4065335	2.644125	0.2748781	0.6440539	2.629477	-0.1510037	0.6382791	2.788142	0.1296338	-0.141282	2.596658	-0.001571289	-0.0224155	2.635352	0.1583945	-0.5196526	2.648784	0.03139328	-0.5419714	2.660546	

0.2708762	0.3726829	2.549183	-0.1742817	0.3998845	2.730346	0.24459	0.2162188	2.539466	-0.1690934	0.2313898	2.7083	0.1992598	0.3139293	2.500854	-0.2054378	0.2787422	2.7028	0.02857699	1.156631	2.633848	0.06621063	1.027411	2.679926	0.06453606	0.9540506	2.681326	0.059546	0.7274494	2.677398	0.05294443	0.4156936	2.664367	0.2152975	0.9100838	2.642973	-0.0991753	0.9080169	2.737274	0.1232768	0.4134646	2.609651	-0.01856639	0.403978	2.642362	0.2750817	0.6444108	2.629902	-0.1508201	0.6375343	2.787628	0.1311308	-0.1395809	2.595658	0.00184686	-0.02012495	2.635715	0.1560066	-0.520409	2.640542	0.03555156	-0.5386012	2.672398	

0.2708266	0.3726331	2.548618	-0.1750288	0.3975495	2.728732	0.230125	0.20153	2.532908	-0.1698266	0.2274921	2.715745	0.1986119	0.3187934	2.493333	-0.2122229	0.2991383	2.707778	0.02909928	1.156749	2.633791	0.06626036	1.027487	2.679976	0.06458575	0.9540902	2.68136	0.05960667	0.7274173	2.677399	0.05307911	0.4154467	2.664241	0.2153804	0.9100444	2.643055	-0.09883463	0.9081007	2.736791	0.1233946	0.4134153	2.609686	-0.01849606	0.4036971	2.642102	0.2751265	0.6441935	2.6299	-0.1507719	0.6376483	2.787562	0.1301923	-0.140314	2.595791	0.001344296	-0.02135629	2.636035	0.1558722	-0.5235918	2.635768	0.0367731	-0.5399715	2.670496	

0.2706732	0.3723191	2.54836	-0.174981	0.3975854	2.72853	0.2433455	0.2130953	2.540022	-0.1723058	0.2301201	2.705381	0.2007115	0.3290495	2.502	-0.2101865	0.2729777	2.697	0.02929231	1.156897	2.633685	0.06604648	1.027688	2.679905	0.06440417	0.9542553	2.681303	0.05947639	0.727501	2.677351	0.05294657	0.4154892	2.664169	0.2154065	0.9100385	2.643046	-0.09872812	0.9082919	2.736647	0.1233511	0.4134403	2.609715	-0.01887119	0.4039766	2.641844	0.2751485	0.6443577	2.629897	-0.1507189	0.6377598	2.787336	0.1315646	-0.1375499	2.594475	-0.03264378	-0.01794542	2.645708	0.1567668	-0.5220359	2.636226	0.03141232	-0.5346742	2.670534	

0.2704906	0.3718688	2.548097	-0.1754211	0.3957724	2.727534	0.2275609	0.2067616	2.526764	-0.1723348	0.2311656	2.707597	0.1986687	0.308255	2.500313	-0.2088347	0.283216	2.698129	0.02944246	1.156891	2.633719	0.06604174	1.027676	2.679889	0.064417	0.9542235	2.681269	0.05963821	0.7273051	2.677169	0.05349512	0.4149141	2.663568	0.2154426	0.9100016	2.642929	-0.09857857	0.9080541	2.736285	0.1236892	0.413573	2.609604	-0.01807768	0.4022902	2.640509	0.2753181	0.6435815	2.629894	-0.1506752	0.6375654	2.787111	0.1315586	-0.1375066	2.594397	0.001931815	-0.02569377	2.634063	0.1543802	-0.5249731	2.634534	0.03365115	-0.5423394	2.672623	

0.2703413	0.3712357	2.548064	-0.1752741	0.3976494	2.727539	0.2403983	0.2081315	2.537652	-0.1696912	0.2273018	2.713434	0.1972837	0.3082704	2.496248	-0.2117159	0.2688095	2.707	0.02970325	1.156922	2.633617	0.06610585	1.027482	2.679679	0.0644723	0.9540405	2.681063	0.05964217	0.7271473	2.676952	0.05338307	0.4148194	2.663303	0.2155051	0.910014	2.643006	-0.09822362	0.9080239	2.735626	0.123734	0.4135941	2.609388	-0.01838487	0.4022424	2.640314	0.2754506	0.643996	2.629889	-0.15072	0.6377646	2.786907	0.1317184	-0.1369835	2.594628	0.01461642	-0.1191083	2.66106	0.1535941	-0.5254965	2.632334	0.03928988	-0.5312267	2.679211	

0.2703308	0.3711182	2.547933	-0.1755128	0.3971393	2.727072	0.2323376	0.2092904	2.534705	-0.1708457	0.2292837	2.711091	0.198735	0.3269928	2.494591	-0.2121576	0.3101363	2.699333	0.02983787	1.157082	2.633043	0.06607045	1.027403	2.679529	0.06445282	0.9539505	2.680926	0.0596486	0.7270133	2.676826	0.05339536	0.4146584	2.663191	0.2154948	0.9100484	2.642998	-0.0984268	0.9075432	2.735545	0.123759	0.4136136	2.609338	-0.01841502	0.4019697	2.640243	0.2754333	0.6440239	2.629889	-0.1507808	0.6378063	2.786506	0.1274532	-0.1419323	2.598369	0.001798339	-0.02275433	2.629859	0.1551414	-0.5225451	2.637031	0.04052353	-0.5345712	2.678147	

0.2734682	0.3844786	2.549889	-0.175584	0.3968343	2.726749	0.2471565	0.2124794	2.539475	-0.1712618	0.2278211	2.709992	0.2015298	0.305951	2.505806	-0.2049325	0.2691828	2.6961	0.02987857	1.157154	2.633013	0.0661724	1.02747	2.679132	0.06453428	0.9540097	2.680535	0.05964199	0.7270527	2.676421	0.05319993	0.4147194	2.662699	0.2155072	0.9100444	2.642993	-0.09871322	0.9075238	2.735489	0.123633	0.4139275	2.608871	-0.01866728	0.4019838	2.639844	0.2754187	0.6441526	2.630212	-0.1507597	0.6378821	2.78617	0.1264631	-0.143595	2.599645	0.01368361	-0.1297455	2.659099	0.1558149	-0.5240581	2.638381	0.04449762	-0.536724	2.673658	

0.2736287	0.3748714	2.54679	-0.1754102	0.3954094	2.724003	0.2510784	0.2153049	2.534846	-0.1700857	0.2282893	2.705288	0.2008382	0.3066472	2.4962	-0.2095149	0.266715	2.704111	0.02925112	1.15779	2.631099	0.06507991	1.027838	2.678155	0.06367503	0.9542791	2.67963	0.05918909	0.7271223	2.675645	0.05302443	0.4146011	2.661822	0.2151861	0.9100872	2.642397	-0.09970795	0.9074348	2.734025	0.1236239	0.4140452	2.608433	-0.01911942	0.4019975	2.638527	0.2756824	0.6446459	2.629987	-0.1510583	0.6407028	2.783035	0.1259327	-0.1495003	2.599673	0.003431482	-0.02713856	2.627136	0.1501692	-0.5317464	2.627923	0.02341669	-0.5478089	2.648153	

0.2736269	0.3730913	2.545333	-0.1755575	0.3951126	2.723176	0.2549462	0.2144189	2.528456	-0.165942	0.2250634	2.697873	0.2001635	0.3126506	2.494596	-0.2052326	0.3040288	2.669941	0.02873743	1.157582	2.6301	0.06457929	1.027762	2.677827	0.06319455	0.9543573	2.679278	0.05862343	0.7278422	2.675067	0.05222966	0.4172561	2.660694	0.2151228	0.910096	2.642322	-0.1000843	0.9076244	2.733702	0.1232851	0.4141656	2.607986	-0.02057186	0.4117215	2.636669	0.2755446	0.6448002	2.629977	-0.1509801	0.6411761	2.782495	0.1257831	-0.1490167	2.599325	0.01287599	-0.118683	2.649344	0.1518366	-0.5306629	2.631609	0.02791135	-0.5570976	2.648565	

0.2735841	0.3723591	2.544094	-0.1759403	0.3971969	2.722452	0.2493569	0.2134617	2.52906	-0.1669911	0.226625	2.701879	0.2017384	0.3164562	2.493624	-0.2115028	0.2722911	2.69025	0.02830691	1.157633	2.62914	0.06436692	1.027681	2.676932	0.06303789	0.95441	2.678501	0.05860921	0.7282121	2.674518	0.05241463	0.4181095	2.660358	0.2149989	0.9100202	2.642226	-0.1005106	0.9077967	2.733407	0.1233159	0.4142516	2.607922	-0.02019707	0.4129167	2.636247	0.2755664	0.6453408	2.629961	-0.1511551	0.6421533	2.781892	0.1256798	-0.1494106	2.599629	0.001894574	-0.02046801	2.629859	0.1497514	-0.5311978	2.632193	0.02763602	-0.5411405	2.648487	

0.2735922	0.3710791	2.542463	-0.1762023	0.397349	2.721947	0.2537121	0.2152602	2.526556	-0.171661	0.2270369	2.69552	0.200637	0.3150035	2.495787	-0.2080732	0.3075224	2.688053	0.02781707	1.157468	2.628371	0.0638302	1.027623	2.676741	0.06247468	0.9544016	2.678309	0.05798694	0.728346	2.674352	0.05169766	0.4183684	2.660299	0.2148498	0.9099635	2.641949	-0.100909	0.9079404	2.732493	0.1227991	0.4138914	2.607911	-0.02127635	0.4136565	2.636245	0.275416	0.6449293	2.629758	-0.1515914	0.6424174	2.781194	0.1253651	-0.1497371	2.599516	0.001299685	-0.02194618	2.630206	0.1494324	-0.5310627	2.635616	0.03268046	-0.5432574	2.627113	

0.2737869	0.3710463	2.542029	-0.1765302	0.3976129	2.721733	0.2534506	0.2113027	2.52389	-0.1729522	0.2299347	2.694843	0.2009781	0.3091051	2.496377	-0.2101631	0.3189648	2.688267	0.02728587	1.157465	2.627318	0.06351118	1.027396	2.675569	0.06225428	0.954328	2.677418	0.05796727	0.7285125	2.674043	0.05185991	0.4188419	2.660359	0.2146653	0.9099509	2.641695	-0.1012992	0.908116	2.731781	0.1235091	0.4141685	2.607868	-0.0215116	0.4141465	2.636505	0.2752929	0.6449668	2.629649	-0.1517853	0.6425135	2.780987	0.129903	-0.1392906	2.593029	-0.02329882	-0.008493832	2.635519	0.1490763	-0.526508	2.634578	0.0255689	-0.527566	2.654288	

0.273944	0.3709408	2.541887	-0.1768418	0.3976136	2.720981	0.2531447	0.2104651	2.529453	-0.16954	0.2302587	2.69665	0.2009959	0.3106103	2.495076	-0.2067135	0.3027514	2.6665	0.02677885	1.157384	2.626017	0.06324971	1.027455	2.675373	0.06198002	0.9544685	2.677171	0.05767429	0.7290188	2.673632	0.05161738	0.4199907	2.659813	0.2146297	0.9099451	2.641662	-0.1016043	0.9082495	2.731234	0.1233518	0.4141862	2.607666	-0.02163824	0.4168588	2.635709	0.2752724	0.64499	2.629578	-0.1524595	0.6427733	2.779988	0.1275314	-0.141398	2.59445	-0.009610587	-0.01803185	2.630089	0.1499627	-0.5233328	2.638994	0.02849182	-0.537729	2.6535	

0.2740275	0.3690742	2.541113	-0.1771822	0.3977016	2.720371	0.2540954	0.2160285	2.532299	-0.1711949	0.2278138	2.696429	0.2010295	0.3143857	2.494386	-0.209624	0.3077702	2.685371	0.02586649	1.157143	2.624918	0.06290968	1.027068	2.673989	0.06167253	0.9542058	2.676039	0.05750314	0.7290127	2.673185	0.05156191	0.4200412	2.659802	0.2140581	0.9098718	2.641326	-0.1023545	0.9083261	2.730641	0.1234489	0.41416	2.607648	-0.02212528	0.416882	2.635773	0.275151	0.6443991	2.629133	-0.1528407	0.6424367	2.779279	0.1280223	-0.1412669	2.594009	-0.008377683	-0.01932357	2.63004	0.1503361	-0.5241915	2.637836	0.03051316	-0.5389894	2.654221	

0.2740448	0.3692019	2.54105	-0.1776597	0.3957829	2.719425	0.2565551	0.216945	2.527333	-0.1702943	0.2279457	2.702929	0.2002741	0.3162899	2.492023	-0.2086117	0.3010071	2.661833	0.02529316	1.157117	2.624508	0.06250161	1.027084	2.673021	0.06131404	0.9543548	2.675179	0.0572795	0.7295232	2.672626	0.05147109	0.4211918	2.659683	0.2138969	0.9098375	2.641286	-0.1030312	0.9084402	2.73043	0.1233572	0.4142776	2.607539	-0.0219841	0.4189715	2.635923	0.2749307	0.6443071	2.629042	-0.1531222	0.6424106	2.778778	0.1236861	-0.1383613	2.596876	-0.006730349	-0.0211695	2.629559	0.1508134	-0.5242661	2.63743	0.03871236	-0.5403169	2.654582	

0.2740162	0.3691064	2.540845	-0.1782104	0.3946006	2.718424	0.2551583	0.2214901	2.526262	-0.1734371	0.2269273	2.693777	0.2000377	0.3169665	2.495331	-0.2106745	0.2904099	2.687917	0.0248995	1.157004	2.624313	0.06198295	1.026989	2.673036	0.06082405	0.9541488	2.675123	0.05680824	0.7288516	2.672359	0.05107534	0.4190885	2.659102	0.2132023	0.9095587	2.640662	-0.103436	0.9084268	2.730067	0.1230797	0.4141057	2.607266	-0.02223711	0.4103011	2.634913	0.2749605	0.6440259	2.628766	-0.1537077	0.6415202	2.778123	0.1237331	-0.1385189	2.596853	-0.006802241	-0.02040334	2.62872	0.1516229	-0.5239928	2.635617	0.03912387	-0.5394974	2.655192	

0.2739683	0.3683823	2.540739	-0.1782411	0.3966153	2.717895	0.2567897	0.2184604	2.529263	-0.1744208	0.2278873	2.702315	0.1961615	0.2905463	2.498059	-0.2122872	0.3115809	2.684357	0.02442661	1.156882	2.623877	0.06146568	1.026879	2.672248	0.06039008	0.9541438	2.674454	0.05660109	0.7290868	2.67203	0.05102672	0.4198026	2.659134	0.2126631	0.9095302	2.640202	-0.1044261	0.9090959	2.72988	0.1232044	0.4142079	2.607197	-0.02299588	0.4132815	2.635431	0.2749797	0.6439362	2.628584	-0.1539686	0.6416774	2.777788	0.1233926	-0.1414782	2.597239	-0.007095382	-0.02267575	2.628955	0.1518819	-0.5227312	2.637356	0.03949456	-0.5417569	2.65549	

0.2739622	0.3683182	2.540578	-0.1781152	0.3949071	2.716675	0.2545757	0.2171129	2.529724	-0.1746372	0.2247506	2.699148	0.1997309	0.3166007	2.491968	-0.210033	0.3060641	2.686128	0.02394299	1.156833	2.6235	0.06129211	1.026958	2.672179	0.06022377	0.9542575	2.674328	0.05648863	0.7294003	2.671693	0.05113312	0.4205263	2.658557	0.212032	0.9094325	2.639449	-0.1049276	0.9090639	2.729557	0.1231907	0.4143066	2.606599	-0.02256178	0.4153209	2.634789	0.2748892	0.6438844	2.628416	-0.154175	0.6415973	2.777524	0.1264565	-0.1404851	2.594103	-0.006946663	-0.02262529	2.629002	0.1515008	-0.5211658	2.637237	0.03399574	-0.5420309	2.657983	

0.2740344	0.3689527	2.540507	-0.1780322	0.3952402	2.716139	0.2545417	0.2162341	2.526358	-0.1725297	0.2271376	2.698147	0.1997305	0.3028561	2.487659	-0.21159	0.284355	2.693727	0.02368551	1.156546	2.623201	0.06060291	1.026859	2.671812	0.05970662	0.9542777	2.673994	0.0563182	0.7297071	2.671447	0.05144738	0.4216679	2.658434	0.2117832	0.90934	2.639225	-0.1051887	0.9090374	2.729076	0.123826	0.4146804	2.606434	-0.02276775	0.4178044	2.634759	0.2747113	0.6439055	2.627986	-0.1544328	0.6412558	2.777225	0.1281532	-0.1377744	2.592089	0.01443887	-0.1184967	2.64736	0.150507	-0.5217354	2.635064	0.0335302	-0.5543627	2.657975	

0.2737816	0.3687769	2.540035	-0.1787101	0.3928494	2.714083	0.2533708	0.219231	2.524932	-0.1731026	0.2264878	2.688573	0.1996386	0.3179276	2.49345	-0.2130374	0.3048292	2.681529	0.02301539	1.156297	2.622142	0.0593503	1.026744	2.67104	0.05853198	0.9540353	2.673157	0.05547813	0.7291465	2.670552	0.05099317	0.4205001	2.657595	0.2112402	0.9090847	2.638664	-0.1060679	0.9087585	2.728081	0.1233961	0.4148833	2.605948	-0.0231431	0.4122772	2.632879	0.2739611	0.6439376	2.627068	-0.1552389	0.640768	2.775574	0.12679	-0.1440023	2.59519	-0.005357933	-0.03085672	2.63178	0.1506238	-0.5254323	2.633618	0.03787863	-0.5504178	2.655829	

0.2737154	0.3688756	2.539917	-0.1791536	0.3931358	2.71406	0.2612363	0.216008	2.532577	-0.1738615	0.2255046	2.692173	0.2002938	0.3035057	2.492796	-0.2102977	0.302153	2.680585	0.02201952	1.156333	2.621002	0.05867212	1.026672	2.670557	0.05772382	0.9540138	2.672707	0.05426463	0.7293467	2.67031	0.04893452	0.421075	2.658014	0.211038	0.9091631	2.638665	-0.106715	0.9093096	2.727648	0.1216145	0.4148672	2.606088	-0.02570261	0.4142041	2.633927	0.2735161	0.644408	2.626934	-0.1557087	0.6408144	2.775262	0.1292516	-0.1421036	2.594536	-0.005246698	-0.03054545	2.631382	0.152866	-0.5236731	2.633933	0.038541	-0.5497593	2.659449	

0.2736918	0.3690706	2.539784	-0.1793723	0.3932817	2.714045	0.2605129	0.2247393	2.525427	-0.1714648	0.2243441	2.694257	0.1990154	0.2988595	2.49028	-0.2140016	0.2895589	2.668167	0.02186765	1.156383	2.620717	0.0583958	1.026534	2.670252	0.05736854	0.9539208	2.672404	0.05365219	0.7294397	2.670053	0.04786298	0.4214779	2.657982	0.2107615	0.9091742	2.638513	-0.1071928	0.9098756	2.7273	0.1201369	0.4150346	2.606156	-0.02642196	0.414994	2.633865	0.273311	0.6445476	2.626683	-0.1559248	0.6409052	2.774794	0.1279863	-0.1428148	2.595228	-0.005273564	-0.03051763	2.63132	0.1522968	-0.5245791	2.631134	0.05518311	-0.5474373	2.658519	

0.2735609	0.3692639	2.539654	-0.1794876	0.3930399	2.713876	0.2621399	0.2224358	2.533641	-0.1731732	0.2261436	2.69229	0.2004992	0.3154844	2.496114	-0.2146142	0.3058287	2.693572	0.02165448	1.156273	2.620545	0.05805362	1.02672	2.670332	0.05706995	0.953998	2.672426	0.05338009	0.7292557	2.669958	0.04754023	0.4203639	2.65761	0.2105275	0.9090722	2.638381	-0.107706	0.9105813	2.727242	0.119934	0.4151119	2.606025	-0.02659331	0.4108155	2.633084	0.2730553	0.6448047	2.626616	-0.1562344	0.6406082	2.774335	0.1266546	-0.1440681	2.596279	0.01028634	-0.1199218	2.653208	0.1519028	-0.5254027	2.634788	0.03359897	-0.5458236	2.667224	

0.2734826	0.3695529	2.539842	-0.1795325	0.392637	2.713692	0.2620138	0.223988	2.530223	-0.1733997	0.2254402	2.692643	0.1999319	0.3130773	2.500066	-0.2119242	0.2998545	2.684882	0.02133837	1.156012	2.620623	0.05746733	1.026766	2.670423	0.05661891	0.9540462	2.672462	0.05326691	0.7292958	2.669922	0.04762184	0.4204235	2.657545	0.2103397	0.9090551	2.638274	-0.1078163	0.9104147	2.726838	0.119997	0.415069	2.605898	-0.02625419	0.4116069	2.633119	0.2729037	0.6448812	2.62669	-0.1564811	0.6405791	2.774207	0.1269729	-0.1420331	2.595508	0.01124	-0.120754	2.652146	0.1525653	-0.5232068	2.635911	0.05429053	-0.5440628	2.662282	

0.2736015	0.3694621	2.540193	-0.1795368	0.3926088	2.713695	0.2582352	0.2185167	2.540836	-0.1700713	0.2243454	2.698659	0.1994223	0.3189585	2.49631	-0.20823	0.2980859	2.677624	0.02116689	1.155772	2.620682	0.05716224	1.02671	2.67066	0.05647376	0.9540317	2.672596	0.05334605	0.7293431	2.669949	0.04902585	0.4209088	2.657461	0.2102267	0.9090179	2.638293	-0.1079836	0.9104068	2.726839	0.1210554	0.4154934	2.605723	-0.02426539	0.4126615	2.633254	0.2727816	0.6448914	2.626749	-0.1565507	0.6405648	2.77422	0.1279728	-0.1387042	2.595252	-0.008429688	-0.02172744	2.629814	0.152582	-0.5231747	2.635843	0.05472948	-0.5385851	2.662895	

0.2734602	0.3695232	2.540842	-0.1796493	0.3920337	2.713714	0.2613213	0.2290437	2.527455	-0.1707569	0.2239238	2.700984	0.1984702	0.2709532	2.4948	-0.2094769	0.3082901	2.670538	0.02106743	1.155668	2.620612	0.05695813	1.02674	2.670842	0.05626394	0.9539722	2.672775	0.05312742	0.7288919	2.670179	0.04878147	0.4190623	2.657976	0.2099689	0.9090793	2.638484	-0.108196	0.9106489	2.727007	0.1209447	0.4153295	2.605862	-0.02456522	0.4082406	2.634325	0.2723122	0.6450391	2.627383	-0.1567837	0.6401448	2.774257	0.124428	-0.1421378	2.599122	-0.008040395	-0.02227532	2.630676	0.153327	-0.5241065	2.636539	0.05893748	-0.5388749	2.66162	

0.2736111	0.3706903	2.541684	-0.1796681	0.3921622	2.713841	0.2610691	0.2218818	2.533332	-0.1731683	0.2228162	2.696278	0.1978909	0.3104565	2.502037	-0.2116426	0.2659472	2.695286	0.02095934	1.155629	2.620649	0.05680401	1.0267	2.670993	0.05616284	0.9539091	2.672883	0.05316389	0.7287685	2.670218	0.04920382	0.4186749	2.657951	0.2098328	0.9090381	2.638495	-0.1082501	0.9104816	2.727	0.1218198	0.4158482	2.605704	-0.02430446	0.4068629	2.634454	0.2722387	0.6452207	2.627558	-0.1569603	0.6398072	2.774286	0.1275471	-0.141051	2.597338	-0.007641702	-0.02200163	2.63059	0.1534315	-0.5239346	2.636514	0.03776127	-0.5418142	2.651381	

0.2738461	0.3709556	2.542121	-0.1795505	0.3921359	2.713954	0.2616035	0.2240317	2.533561	-0.1706679	0.2279698	2.695655	0.1989015	0.3001226	2.498682	-0.2117467	0.2584502	2.7072	0.020801	1.155555	2.620691	0.05643347	1.026638	2.671431	0.05585959	0.9539149	2.673243	0.05307281	0.7289319	2.670399	0.04932407	0.4193834	2.658116	0.2096202	0.9090197	2.638652	-0.1083889	0.9105288	2.727109	0.1218261	0.415957	2.605828	-0.02396127	0.4099519	2.634638	0.2722999	0.6451242	2.62769	-0.1570595	0.6401959	2.774311	0.1262314	-0.1426347	2.598404	-0.00688696	-0.02199217	2.630995	0.1523097	-0.5251221	2.634058	0.041396	-0.5415196	2.652918	

0.2740808	0.3716918	2.542618	-0.1794805	0.3918658	2.713947	0.2650688	0.2245199	2.531928	-0.1715479	0.2259688	2.703105	0.2005944	0.3079516	2.490515	-0.2110362	0.2912369	2.695364	0.02063939	1.155545	2.620672	0.0562471	1.02674	2.671547	0.05564794	0.9540203	2.673372	0.05287977	0.7290494	2.670536	0.04911653	0.4195623	2.658302	0.2095806	0.9089856	2.638743	-0.1090292	0.9111086	2.727989	0.1215154	0.4160263	2.605957	-0.02417551	0.4104652	2.635009	0.2723924	0.6443685	2.627959	-0.1572428	0.6399152	2.774333	0.1247071	-0.144226	2.599727	-0.006132524	-0.02262458	2.632687	0.1524216	-0.5260344	2.634576	0.03927194	-0.5424543	2.654274	

0.2742714	0.3715998	2.542413	-0.1794183	0.3914098	2.714133	0.2662517	0.2237692	2.527805	-0.1667499	0.2217678	2.702779	0.199607	0.3065861	2.495407	-0.2112919	0.2995598	2.693538	0.02058733	1.155528	2.620943	0.05613444	1.02678	2.672162	0.0555865	0.9540782	2.673885	0.05299395	0.7291723	2.67082	0.04951964	0.4198782	2.65847	0.2094492	0.9090092	2.639066	-0.1090534	0.9111779	2.728158	0.1218125	0.4160414	2.606178	-0.02360264	0.4114566	2.635125	0.272423	0.6443473	2.627954	-0.1572348	0.6398551	2.774442	0.1278402	-0.1375674	2.596909	-0.005588933	-0.02320765	2.632305	0.1535263	-0.5212113	2.635872	0.04841704	-0.5423725	2.652193	

0.2743705	0.3719539	2.542183	-0.1793535	0.3909966	2.714292	0.2636815	0.2236784	2.526365	-0.1713309	0.2257137	2.701218	0.199384	0.3033738	2.495435	-0.2112701	0.2778964	2.689545	0.02018975	1.155738	2.621444	0.05588509	1.026724	2.672406	0.05540178	0.9539566	2.67412	0.05303773	0.7288125	2.671083	0.05016618	0.4187841	2.658895	0.209342	0.9091134	2.639158	-0.1091174	0.910813	2.728405	0.1220108	0.4159995	2.606221	-0.02244071	0.4080717	2.636374	0.2723703	0.6446988	2.627944	-0.1572604	0.639623	2.774599	0.1262732	-0.1419307	2.599267	-0.004984365	-0.023517	2.632468	0.1535775	-0.5235358	2.63631	0.05333206	-0.5422683	2.651867	

0.2743952	0.3720185	2.542066	-0.1792888	0.3921254	2.715218	0.2661515	0.2236769	2.533198	-0.1709954	0.225311	2.696418	0.2008407	0.3055004	2.499461	-0.2089087	0.2725071	2.6925	0.01996038	1.155814	2.622396	0.05578644	1.026748	2.672571	0.05529184	0.9539973	2.674312	0.05295548	0.7289345	2.671325	0.05007949	0.4191498	2.659256	0.2091269	0.9092342	2.639266	-0.1091593	0.9106269	2.728431	0.1219028	0.415742	2.606523	-0.02270347	0.4107943	2.63717	0.2723708	0.644698	2.627942	-0.1571949	0.6393423	2.774977	0.1259282	-0.1431014	2.599756	-0.01723375	-0.01147786	2.6374	0.1537596	-0.5249077	2.635485	0.05092498	-0.5295147	2.651568	

0.2742411	0.371826	2.541904	-0.1791559	0.3921138	2.715384	0.2607563	0.2260512	2.527651	-0.1715541	0.2261568	2.693416	0.1977195	0.3096866	2.491936	-0.2121151	0.2693747	2.698	0.01987321	1.155888	2.622392	0.05547218	1.026785	2.673048	0.05498892	0.9539096	2.674766	0.05271411	0.7284524	2.671755	0.04983757	0.4177726	2.659708	0.2089297	0.9094695	2.639577	-0.1092301	0.9105018	2.728452	0.12178	0.4156466	2.606734	-0.02316962	0.4063737	2.637647	0.2723376	0.6447731	2.627938	-0.1571164	0.6396022	2.775299	0.1261075	-0.1454149	2.599034	0.01408779	-0.1264481	2.657088	0.1556707	-0.5265546	2.638511	0.05855029	-0.5499929	2.653392	

0.2742268	0.3723861	2.541902	-0.1787791	0.3932276	2.716101	0.2634937	0.2243118	2.529931	-0.1722053	0.2268296	2.703426	0.1997482	0.3064593	2.495235	-0.2101264	0.269598	2.69547	0.01951921	1.155876	2.622946	0.05526181	1.027147	2.673482	0.05469605	0.9543788	2.67524	0.05219914	0.7293746	2.672307	0.04874066	0.4199066	2.660357	0.2087768	0.9096118	2.639817	-0.109542	0.9104751	2.728898	0.1208213	0.4162366	2.607231	-0.02455262	0.4122475	2.638401	0.2722893	0.6449111	2.62805	-0.1571141	0.6395768	2.775503	0.124813	-0.1452252	2.599967	-0.005112701	-0.02427658	2.637609	0.1511069	-0.5274692	2.63317	0.0608937	-0.542303	2.655373	

0.2739414	0.3719926	2.541099	-0.1789962	0.3942455	2.717029	0.2580864	0.2267058	2.525817	-0.175304	0.2274726	2.700364	0.199584	0.3091043	2.496409	-0.2119518	0.3258896	2.695231	0.01946906	1.155874	2.622995	0.05523327	1.027145	2.673538	0.05466778	0.9543359	2.675296	0.05220782	0.7290412	2.672382	0.04891484	0.4186781	2.660353	0.2087322	0.9096168	2.639843	-0.1097673	0.9104953	2.729033	0.1207457	0.4161143	2.607246	-0.02356702	0.4083057	2.638141	0.2721694	0.6451653	2.627874	-0.1571958	0.6397369	2.775565	0.124959	-0.1468181	2.600388	-0.005271485	-0.02353857	2.637364	0.1521849	-0.5287205	2.635687	0.05033314	-0.5421218	2.664384	

0.2736869	0.3719907	2.540538	-0.1789268	0.3936312	2.716332	0.2564998	0.2241699	2.523152	-0.1769249	0.2275189	2.702857	0.2002523	0.3175296	2.493593	-0.2120741	0.2698967	2.694889	0.01938821	1.155895	2.623053	0.0551925	1.027184	2.6736	0.05464876	0.9543384	2.675325	0.05223894	0.728946	2.672367	0.04917708	0.4181886	2.660094	0.2086701	0.909604	2.639798	-0.1100475	0.9098746	2.728777	0.1209054	0.4162042	2.607062	-0.0232312	0.4066032	2.637676	0.2723087	0.6440452	2.627247	-0.1572648	0.6397359	2.775526	0.124383	-0.1473014	2.600627	-0.00524177	-0.0236213	2.637279	0.1533678	-0.5291585	2.635242	0.05049819	-0.5422276	2.663842	

0.2735281	0.3715069	2.539988	-0.1789505	0.3935954	2.716316	0.2597134	0.2241258	2.52676	-0.1690764	0.2229546	2.696317	0.199162	0.3075898	2.495125	-0.2106574	0.2926776	2.692539	0.01931266	1.155946	2.623175	0.05514224	1.027236	2.673465	0.0546295	0.9543501	2.675262	0.05228009	0.7289041	2.67237	0.04947682	0.4179673	2.660338	0.2085089	0.9096759	2.63973	-0.1100115	0.9097438	2.728455	0.1219433	0.4165336	2.607432	-0.02337758	0.4059999	2.637982	0.2723436	0.6439418	2.627008	-0.1572586	0.6391713	2.775197	0.1237539	-0.1480474	2.60059	-0.005657104	-0.02337088	2.637311	0.1551809	-0.5296357	2.635696	0.03718573	-0.5435478	2.65931	

0.273047	0.3708934	2.539076	-0.178873	0.3935985	2.716296	0.2579679	0.2230854	2.527234	-0.167092	0.2225392	2.699275	0.1990217	0.3053322	2.48555	-0.2075973	0.2580385	2.695167	0.01927301	1.156219	2.62334	0.05507545	1.027324	2.673448	0.05460747	0.9543792	2.675244	0.05237419	0.728838	2.672288	0.05006772	0.4175549	2.659981	0.2084182	0.9097039	2.639682	-0.1100828	0.9096316	2.728179	0.122264	0.4166031	2.60725	-0.02262008	0.4050397	2.63733	0.2723407	0.6439517	2.62682	-0.157309	0.6393553	2.775009	0.1235818	-0.1478397	2.600722	-0.005935556	-0.02348245	2.637177	0.1555268	-0.5292679	2.63675	0.03832069	-0.5434877	2.66001	

0.2729519	0.3708497	2.53887	-0.178939	0.3936996	2.716272	0.2576032	0.2304438	2.522529	-0.1696221	0.2227119	2.691867	0.2004125	0.3251637	2.493174	-0.2090485	0.2991996	2.66725	0.01895158	1.156651	2.623234	0.0549711	1.027398	2.67307	0.05445717	0.9543394	2.674911	0.05203723	0.7283447	2.67195	0.04905825	0.4160268	2.659693	0.2083712	0.9098556	2.639469	-0.1102626	0.9092324	2.72784	0.1213464	0.4162045	2.6069	-0.0238724	0.4021741	2.637109	0.2721932	0.6443001	2.626542	-0.1573118	0.6393539	2.775005	0.1264533	-0.1453978	2.597564	-0.005394612	-0.02382619	2.636413	0.1558071	-0.5272169	2.632557	0.02895297	-0.5446478	2.658715	

0.273005	0.3713624	2.538269	-0.1788079	0.3937297	2.716119	0.2553845	0.222226	2.530306	-0.1724369	0.226164	2.696415	0.1997368	0.3212747	2.485368	-0.2103503	0.2700282	2.6896	0.01889785	1.156856	2.622893	0.05490579	1.027434	2.672978	0.05440634	0.954331	2.674786	0.05211732	0.7280914	2.67158	0.04949373	0.4153582	2.6588	0.2082542	0.9099979	2.639269	-0.1102306	0.9088307	2.727266	0.1213717	0.4158724	2.606137	-0.0230765	0.4014593	2.636089	0.2719538	0.6445535	2.626304	-0.1575557	0.6390662	2.774785	0.1234018	-0.1415461	2.599082	0.01213631	-0.1271319	2.657082	0.1561831	-0.5230556	2.634429	0.05075421	-0.5498481	2.655631	

0.2726597	0.3707538	2.537711	-0.1788919	0.3934649	2.715935	0.2540999	0.2221411	2.530424	-0.170221	0.224058	2.695232	0.1996032	0.3108805	2.491958	-0.2118349	0.2736781	2.692	0.01884619	1.1576	2.622694	0.05483573	1.027685	2.672625	0.05434308	0.9546036	2.674454	0.05212822	0.7284831	2.671313	0.04957275	0.4164343	2.658592	0.2080611	0.9100287	2.63883	-0.1103219	0.908442	2.726789	0.1213793	0.415757	2.606105	-0.0229936	0.4082248	2.6352	0.2716694	0.6447733	2.625836	-0.1577552	0.6388816	2.774613	0.1232245	-0.1475688	2.599518	-0.02084892	-0.0143507	2.631606	0.1568656	-0.5289239	2.635176	0.05236463	-0.5312065	2.6542	

0.2725033	0.3706912	2.537606	-0.1789904	0.393404	2.715929	0.2551409	0.2215257	2.532181	-0.1747275	0.2271922	2.696963	0.1996996	0.3148118	2.491838	-0.2122015	0.3158804	2.69	0.01912786	1.158551	2.622764	0.05464434	1.028124	2.672475	0.05421281	0.9550144	2.674281	0.05221587	0.7289063	2.67106	0.05003792	0.4172055	2.658136	0.2079907	0.9100977	2.638714	-0.110287	0.9084324	2.726496	0.1215692	0.415722	2.605943	-0.02236766	0.4098511	2.634438	0.2714297	0.6448033	2.625479	-0.157828	0.6387019	2.774477	0.1232858	-0.1479998	2.599595	-0.008089982	-0.01909972	2.634146	0.158599	-0.526525	2.652268	0.04910896	-0.5376466	2.660345	

0.2719023	0.3703685	2.536353	-0.1789579	0.3932472	2.715796	0.2409044	0.2182279	2.524877	-0.1726598	0.2249473	2.696599	0.1997149	0.325949	2.48936	-0.2090811	0.3045155	2.665875	0.01941353	1.159538	2.622545	0.05448993	1.028548	2.672126	0.0540571	0.9552945	2.67395	0.05207857	0.7289019	2.67075	0.04977419	0.4168551	2.657722	0.207672	0.9102008	2.638544	-0.1103297	0.9084941	2.726424	0.1212419	0.4157358	2.605569	-0.02277326	0.4079236	2.63372	0.2710025	0.6447155	2.624782	-0.1579878	0.6388876	2.774125	0.123663	-0.1496099	2.599731	-0.00708289	-0.0210711	2.634052	0.1545394	-0.5320084	2.628918	0.05739994	-0.538867	2.658973	

0.271524	0.3708577	2.535814	-0.178555	0.3882954	2.713201	0.254454	0.2234116	2.529201	-0.1681588	0.2191658	2.698052	0.198488	0.3209933	2.492218	-0.2171303	0.2650399	2.691334	0.01973014	1.160013	2.622725	0.05377692	1.029171	2.672257	0.05360557	0.9557014	2.673946	0.05205253	0.7289836	2.670579	0.05036612	0.4166992	2.656864	0.2075084	0.9102967	2.638219	-0.1103308	0.9084886	2.72638	0.1217112	0.4161016	2.605063	-0.0219256	0.4064458	2.632166	0.2706548	0.6448463	2.624516	-0.1581237	0.6392165	2.773995	0.1234783	-0.1501716	2.599798	-0.006779362	-0.02009957	2.633393	0.1567153	-0.5320888	2.631326	0.05808635	-0.5377206	2.660051	

0.2705444	0.37158	2.534818	-0.1781993	0.3839551	2.711633	0.2516076	0.2131727	2.533875	-0.1722071	0.2235647	2.690444	0.1977285	0.2880178	2.492773	-0.2091027	0.3032082	2.675833	0.02005219	1.160781	2.622533	0.05378521	1.029258	2.672208	0.053585	0.9557551	2.673894	0.05195108	0.7289484	2.670471	0.04992855	0.4164181	2.656671	0.2074474	0.9102628	2.637975	-0.1102569	0.9084408	2.726134	0.1212297	0.4161036	2.604831	-0.02252986	0.4055019	2.632078	0.2702259	0.6449212	2.624265	-0.158154	0.6392512	2.77377	0.1232069	-0.1500568	2.59969	-0.006145463	-0.02043416	2.632109	0.1559507	-0.5316137	2.634451	0.05047846	-0.5387059	2.662549	

0.2708166	0.3816977	2.535352	-0.1782845	0.3861283	2.711691	0.2483169	0.2214265	2.526539	-0.1737185	0.2236527	2.695125	0.1988286	0.3044406	2.493124	-0.2123532	0.2602775	2.693	0.0202592	1.161442	2.622496	0.05370027	1.029501	2.671952	0.05346498	0.9559495	2.673645	0.05180007	0.7289931	2.670244	0.04968384	0.4163391	2.656507	0.2072541	0.9103072	2.63772	-0.1102518	0.9084982	2.725928	0.1210052	0.4160797	2.604723	-0.02281698	0.4053004	2.631911	0.2700693	0.6449006	2.624116	-0.1581715	0.6391999	2.773258	0.1232203	-0.1498546	2.59912	-0.006250422	-0.02080236	2.631642	0.1554936	-0.5315003	2.633598	0.05067417	-0.5391184	2.661332	

0.2702636	0.3800105	2.534731	-0.1793505	0.3947774	2.713416	0.2348017	0.2121503	2.52555	-0.1722074	0.2242434	2.693082	0.1958001	0.3105059	2.482056	-0.215311	0.2735921	2.687954	0.02074675	1.162473	2.623069	0.05371492	1.029764	2.671893	0.05345838	0.9561255	2.673575	0.05178788	0.7290111	2.670149	0.04962725	0.4161817	2.656332	0.207077	0.9103692	2.63766	-0.1102278	0.9085742	2.725887	0.1209232	0.4160946	2.60453	-0.02287654	0.4047396	2.631768	0.2698815	0.6449755	2.624106	-0.1581657	0.6393812	2.77322	0.1255774	-0.1445125	2.596814	-0.005849629	-0.02159131	2.631394	0.1541577	-0.5269556	2.627813	0.05800695	-0.53898	2.662761	

0.2700181	0.3797173	2.534674	-0.179482	0.3936319	2.713188	0.2375733	0.216247	2.525335	-0.1707704	0.2246915	2.693479	0.1962213	0.3187196	2.487667	-0.2119086	0.2943467	2.690062	0.02123081	1.163411	2.622942	0.05375979	1.029994	2.671842	0.0534639	0.9562935	2.673527	0.05175827	0.7290455	2.670117	0.04949932	0.4161408	2.656321	0.2070789	0.9103936	2.637637	-0.1102709	0.9085996	2.725855	0.1207224	0.4161545	2.604413	-0.0230505	0.4045209	2.631919	0.2694533	0.6455321	2.623848	-0.1582234	0.6393933	2.7732	0.1275342	-0.1377101	2.591825	-0.006699453	-0.0223489	2.631448	0.1542594	-0.5262767	2.629317	0.04780535	-0.5408016	2.663537	

0.2703889	0.3850851	2.535111	-0.1795432	0.3936648	2.713135	0.2433339	0.2187808	2.522543	-0.1760941	0.2289862	2.688713	0.1987519	0.3401053	2.487286	-0.2093761	0.2846863	2.67853	0.02148395	1.163875	2.622967	0.05382641	1.030144	2.671657	0.05350583	0.9564089	2.673329	0.05177484	0.7290372	2.669842	0.04945278	0.4159681	2.656001	0.2070599	0.9104424	2.637607	-0.1103719	0.9084657	2.725802	0.1206961	0.4161883	2.604194	-0.02313752	0.4039647	2.631505	0.2692589	0.6452921	2.623696	-0.1581471	0.6398212	2.772948	0.1263524	-0.1297437	2.590565	-0.006290969	-0.02276234	2.631268	0.1524998	-0.524627	2.630963	0.05670136	-0.5401387	2.665312	

0.2696178	0.3817625	2.534328	-0.1794995	0.3934937	2.712888	0.2467409	0.2174986	2.530501	-0.1711112	0.2230584	2.697651	0.1976249	0.3145545	2.492046	-0.2102833	0.2927349	2.67416	0.02182771	1.164307	2.623094	0.05385521	1.030322	2.671627	0.05351602	0.9565358	2.673267	0.05176852	0.7290535	2.669642	0.04937822	0.41574	2.655483	0.2070296	0.9104243	2.637583	-0.1103823	0.9084741	2.72583	0.1206232	0.4161919	2.603775	-0.02321556	0.4034262	2.630943	0.2691883	0.6452335	2.623612	-0.1582485	0.639513	2.772753	0.1270629	-0.1311217	2.590573	-0.006242866	-0.02269077	2.631201	0.1458837	-0.5432	2.604156	0.052584	-0.5404806	2.666038	

0.2697633	0.3782889	2.534267	-0.1795405	0.3928697	2.71254	0.2521792	0.2253196	2.522813	-0.1740402	0.2256307	2.690138	0.197898	0.3250826	2.488966	-0.2133745	0.2834804	2.686603	0.0223415	1.164725	2.623105	0.0538529	1.030365	2.671504	0.05350541	0.9565842	2.673118	0.05176293	0.7290861	2.669423	0.04937249	0.41578	2.655292	0.2069111	0.9104438	2.637543	-0.1103471	0.90877	2.72576	0.1206185	0.4164687	2.603463	-0.02322464	0.4033282	2.630831	0.269227	0.6452298	2.623623	-0.1581129	0.6399148	2.772553	0.1280335	-0.1318282	2.590275	0.01446979	-0.1204235	2.647327	0.154193	-0.5306064	2.62595	0.0317525	-0.5547501	2.657306	

0.2698417	0.3765398	2.534991	-0.1794818	0.3928601	2.712397	0.2406659	0.2149148	2.527281	-0.1735821	0.2256981	2.695693	0.1968997	0.3224137	2.493782	-0.2137542	0.2625465	2.682	0.02306537	1.165005	2.622995	0.05385793	1.030391	2.67156	0.05352373	0.9566545	2.673148	0.05196019	0.7295413	2.669256	0.0501442	0.4175617	2.654507	0.2069335	0.9104336	2.637738	-0.1100274	0.9084126	2.72477	0.1208792	0.4164641	2.60315	-0.02155679	0.4095929	2.629525	0.2693217	0.6452168	2.623992	-0.1581223	0.6398628	2.77247	0.1251052	-0.1454489	2.595749	-0.004016462	-0.02819689	2.631751	0.1545964	-0.5304816	2.626181	0.03081876	-0.5490557	2.656147	

0.2705087	0.3751588	2.536397	-0.178952	0.3840324	2.709689	0.2529979	0.2258331	2.531069	-0.1719966	0.2238589	2.692864	0.198956	0.3011076	2.4846	-0.2080831	0.305384	2.662917	0.02394513	1.165431	2.623444	0.05390039	1.030524	2.671833	0.05352883	0.9569234	2.673428	0.0518167	0.7304387	2.669605	0.0494596	0.4200784	2.655186	0.2070486	0.9104564	2.637935	-0.1099993	0.9083806	2.724773	0.120492	0.4166203	2.603419	-0.0224118	0.4156946	2.630929	0.2692341	0.6452002	2.624674	-0.1580897	0.6404504	2.772269	0.1244703	-0.1463109	2.596488	-0.0007047731	-0.02916132	2.63071	0.1542267	-0.5296105	2.627686	0.06345925	-0.5465249	2.66347	

0.2708824	0.3749654	2.537575	-0.1788685	0.3843216	2.70971	0.2471259	0.2173308	2.529447	-0.1720732	0.2240517	2.69765	0.1977565	0.3343065	2.4915	-0.2110801	0.304958	2.682945	0.024329	1.165727	2.623414	0.05389776	1.03054	2.671867	0.05353088	0.9569722	2.673456	0.05187792	0.7306486	2.669596	0.04965604	0.4205428	2.655152	0.2071045	0.9104745	2.638091	-0.1099979	0.9083973	2.724775	0.120617	0.4165367	2.603456	-0.0222626	0.4165919	2.630805	0.2693516	0.6450239	2.625236	-0.1581824	0.6412395	2.772062	0.1242204	-0.1475174	2.597528	-0.0008298618	-0.02923975	2.630924	0.1533598	-0.5299231	2.629415	0.06517548	-0.5447472	2.661653	

0.2711558	0.374509	2.538103	-0.1788669	0.3853342	2.709746	0.2484299	0.2181666	2.537094	-0.1729384	0.2267518	2.698632	0.1966775	0.3001744	2.491421	-0.2133634	0.2782193	2.682833	0.02456433	1.165906	2.62355	0.05392515	1.030605	2.671918	0.0535564	0.9570098	2.673481	0.051935	0.7306133	2.669585	0.04991208	0.4200343	2.655075	0.2070317	0.9107071	2.638551	-0.1100151	0.9084182	2.724778	0.1209341	0.4168347	2.603312	-0.02193278	0.4111525	2.630965	0.2694172	0.6450287	2.625659	-0.1583239	0.6409582	2.771748	0.1279511	-0.1388836	2.595366	-0.0009446078	-0.02901832	2.631423	0.1534014	-0.528442	2.630475	0.02441263	-0.5503694	2.657327	

0.2713621	0.3745585	2.538793	-0.1788985	0.3857211	2.709764	0.2532155	0.2215992	2.533037	-0.1701679	0.2234416	2.69325	0.1979074	0.3126067	2.49159	-0.2109824	0.2955624	2.685653	0.02498763	1.166162	2.623705	0.05390602	1.030708	2.672134	0.05353581	0.9572216	2.673712	0.05194832	0.7312309	2.669869	0.04996018	0.4214836	2.655583	0.2069679	0.9107528	2.638887	-0.1100252	0.9084076	2.724779	0.1209971	0.4168234	2.603503	-0.02227079	0.4168109	2.632038	0.2694727	0.6451181	2.626016	-0.1584401	0.6407758	2.771675	0.1287397	-0.1353019	2.594049	-0.001163785	-0.02831512	2.631461	0.1571485	-0.523388	2.63253	0.0565508	-0.5449349	2.662557	

0.2714967	0.3737935	2.539203	-0.1788967	0.3858047	2.709771	0.219152	0.2074865	2.48789	-0.174257	0.2259089	2.693413	0.1961691	0.3301135	2.495286	-0.2105722	0.2584404	2.689875	0.02527324	1.166719	2.623974	0.05382664	1.030802	2.672332	0.05344371	0.9574022	2.673911	0.05183806	0.7316743	2.67007	0.04978638	0.4223496	2.655872	0.2069806	0.9107157	2.639165	-0.1102337	0.9082862	2.724937	0.1209786	0.4168552	2.603539	-0.02269446	0.4185732	2.63266	0.269521	0.6449921	2.626328	-0.1585456	0.6406933	2.771724	0.1258765	-0.1416283	2.596447	-0.0006850457	-0.02842059	2.631053	0.1540036	-0.5232577	2.635342	0.06045654	-0.5404986	2.664257	

0.271761	0.3731348	2.53954	-0.1789179	0.3858298	2.709776	0.2528292	0.2249881	2.532045	-0.1724854	0.2266639	2.690664	0.1988234	0.2926588	2.487	-0.2112638	0.2687592	2.683999	0.02562591	1.167452	2.62411	0.05379628	1.030922	2.672268	0.05339892	0.957471	2.673871	0.05172075	0.731598	2.670072	0.04913826	0.4213248	2.65621	0.206992	0.9107906	2.639412	-0.1104299	0.9086	2.72511	0.1205488	0.4169787	2.603776	-0.02406378	0.4127834	2.633306	0.26967	0.6451234	2.626619	-0.1585627	0.6406083	2.771763	0.1257318	-0.1423905	2.596981	-0.0007771008	-0.02865745	2.631101	0.1542168	-0.5241095	2.634805	0.05403812	-0.5384943	2.669597	

0.2719675	0.3730194	2.539964	-0.1790325	0.3866726	2.710362	0.2555539	0.2258135	2.530199	-0.1731138	0.2247921	2.694664	0.2017519	0.3264031	2.491435	-0.2098337	0.3003376	2.677333	0.02588272	1.168882	2.624791	0.05370307	1.03146	2.67235	0.05336171	0.9580868	2.673948	0.05191565	0.7322786	2.670145	0.04978766	0.4221758	2.656367	0.2069756	0.9108823	2.639468	-0.1105655	0.9085512	2.724976	0.1209205	0.4171157	2.603827	-0.02285917	0.4153871	2.633631	0.2696991	0.6452675	2.626856	-0.1586393	0.6406563	2.7718	0.127718	-0.1392443	2.594505	-0.001028695	-0.02858219	2.631572	0.1500832	-0.5259404	2.631625	0.0450349	-0.5486114	2.656161	

0.272089	0.3733344	2.539792	-0.1795182	0.3885321	2.711067	0.2400334	0.2163522	2.528078	-0.1702626	0.227322	2.693914	0.2007972	0.3295392	2.486588	-0.2120035	0.2815279	2.686762	0.02617914	1.171155	2.626461	0.05355608	1.03216	2.672682	0.05324517	0.9587618	2.674272	0.0519125	0.7327261	2.670435	0.04989744	0.4224038	2.656684	0.2068772	0.9110767	2.639547	-0.1106665	0.9086975	2.725099	0.1210394	0.4170972	2.604266	-0.02271673	0.4159454	2.63387	0.269665	0.6452768	2.626886	-0.1588274	0.6405439	2.772017	0.127948	-0.1383929	2.594243	-0.001036319	-0.02855833	2.631575	0.1537501	-0.5216896	2.63462	0.0422036	-0.5487133	2.657959	

0.2720511	0.3733292	2.53972	-0.1795461	0.3884226	2.711109	0.253731	0.2220055	2.526914	-0.1716659	0.2213331	2.693994	0.2008752	0.3008153	2.509045	-0.2147906	0.315077	2.678458	0.02638416	1.172483	2.627439	0.05331145	1.033129	2.672733	0.05305729	0.9592907	2.674325	0.05183113	0.7326586	2.670489	0.04957597	0.420199	2.657157	0.2066365	0.9112033	2.63963	-0.1107472	0.9083425	2.724668	0.1208716	0.4167881	2.604848	-0.02326207	0.4093314	2.633549	0.2696494	0.6452587	2.62686	-0.159077	0.6401113	2.771883	0.126055	-0.1485449	2.597043	-0.001869457	-0.02824597	2.632168	0.1546425	-0.5300527	2.636246	0.04284616	-0.5480784	2.660666	

0.2720819	0.3737275	2.53956	-0.1797094	0.3885416	2.711319	0.2470275	0.2212293	2.530932	-0.1750026	0.2234792	2.698803	0.2001953	0.3122024	2.497197	-0.2130435	0.2631918	2.699571	0.02666828	1.174049	2.628978	0.05272638	1.034516	2.673128	0.05256538	0.9607843	2.674741	0.05171886	0.7340469	2.670955	0.05007496	0.4219116	2.657791	0.2064375	0.9114897	2.639909	-0.1113885	0.9099756	2.725929	0.1210844	0.4171918	2.60518	-0.02217804	0.4146638	2.634814	0.2694844	0.6454023	2.627096	-0.159162	0.6401373	2.771915	0.1283042	-0.1434179	2.594076	-0.001591321	-0.02865477	2.632556	0.1513665	-0.5245482	2.638607	0.02913563	-0.5497929	2.657491	

0.2712609	0.373482	2.539067	-0.1797106	0.3901111	2.712165	0.2457745	0.2191241	2.52294	-0.174898	0.2255922	2.699078	0.198841	0.3078846	2.49306	-0.2116697	0.2971242	2.6695	0.0269523	1.175072	2.63046	0.05250128	1.03497	2.673119	0.05232273	0.9612533	2.67472	0.0514898	0.7343777	2.670925	0.04987973	0.422147	2.657741	0.2061721	0.9116439	2.640145	-0.1116125	0.9097656	2.725851	0.1210257	0.4172338	2.605196	-0.02261914	0.4152617	2.634604	0.2692262	0.6456206	2.627158	-0.1592596	0.640206	2.772088	0.1252228	-0.1468198	2.596741	-0.001051834	-0.02882608	2.632245	0.1517642	-0.5280107	2.639003	0.06902184	-0.541395	2.666711	

0.2708785	0.3741546	2.538933	-0.1797575	0.3898606	2.712294	0.2411633	0.2171033	2.530753	-0.1739589	0.2264165	2.696464	0.1961336	0.3252376	2.493709	-0.2146791	0.3028813	2.687435	0.02683708	1.17531	2.630902	0.05175794	1.035237	2.673361	0.05165678	0.9615302	2.674934	0.05107586	0.7345686	2.671073	0.04973351	0.422271	2.657811	0.2059744	0.9117271	2.640329	-0.1117422	0.9098384	2.726066	0.1208816	0.4171944	2.605419	-0.02288111	0.4156779	2.634529	0.2689022	0.6455721	2.627396	-0.1593468	0.6400648	2.772512	0.1193098	-0.1428619	2.600527	-0.001488995	-0.02911237	2.632632	0.1516373	-0.5240197	2.639815	0.06834017	-0.5369861	2.668767	

0.2706586	0.3740764	2.539176	-0.1798734	0.389751	2.712579	0.2469467	0.2247021	2.521021	-0.1705388	0.224222	2.698328	0.1980609	0.330232	2.497174	-0.2131295	0.2988959	2.693875	0.02679425	1.175994	2.631768	0.05156208	1.035516	2.673718	0.05133773	0.9619598	2.675375	0.0502569	0.7354969	2.671811	0.04797176	0.4242792	2.659031	0.2054959	0.9119708	2.640842	-0.1122347	0.9097058	2.726652	0.1196436	0.4175185	2.606157	-0.02529598	0.4205046	2.636543	0.2684664	0.6457227	2.627641	-0.1596282	0.640178	2.772915	0.124117	-0.1425256	2.597141	-0.001732236	-0.02911909	2.632707	0.144579	-0.5249191	2.633461	0.06813503	-0.5370302	2.668677	

0.270658	0.3743835	2.539685	-0.1802255	0.3898675	2.713205	0.2470823	0.2217461	2.531912	-0.1711116	0.2204451	2.706302	0.1978368	0.3115695	2.492411	-0.2103778	0.3020193	2.675176	0.02672545	1.175917	2.632497	0.05143877	1.035404	2.673973	0.05117138	0.9617861	2.675627	0.04988765	0.7349057	2.672108	0.04727416	0.422683	2.659294	0.2052746	0.9119066	2.641177	-0.1122501	0.9097329	2.726659	0.1191051	0.4175985	2.606404	-0.02614904	0.413143	2.63666	0.2682417	0.6457549	2.628033	-0.1597305	0.6402588	2.773202	0.1253763	-0.1403667	2.596992	-0.002032534	-0.02913749	2.633253	0.1469708	-0.5264754	2.628247	0.06154611	-0.5403054	2.667441	

0.2716562	0.3831061	2.5451	-0.1803914	0.3902158	2.713724	0.2521347	0.2250365	2.532494	-0.1733883	0.222128	2.703199	0.1985743	0.3142992	2.481846	-0.2172917	0.2816957	2.698778	0.02632096	1.175915	2.632835	0.05078493	1.035492	2.674654	0.05061128	0.9619011	2.676218	0.04960876	0.7350152	2.67246	0.04726261	0.4227945	2.65943	0.205008	0.9120634	2.64181	-0.1129042	0.908986	2.727686	0.1190103	0.4175575	2.606582	-0.02595261	0.4141409	2.636906	0.2677956	0.6457946	2.628784	-0.160453	0.6407877	2.774023	0.1233288	-0.1418753	2.597765	-0.00278741	-0.02808675	2.633646	0.1471558	-0.526289	2.628253	0.06888093	-0.5368274	2.669019	

0.2714082	0.3811398	2.545241	-0.1804958	0.3894181	2.713998	0.2440396	0.2193967	2.53396	-0.1743784	0.2227854	2.695361	0.1972924	0.3059677	2.497867	-0.2118236	0.2605587	2.691444	0.02605778	1.175842	2.632915	0.05065413	1.035398	2.674811	0.05046448	0.9617543	2.676371	0.04940093	0.7345581	2.672612	0.04708417	0.421701	2.65949	0.2046578	0.9121393	2.642344	-0.1141415	0.9087209	2.729607	0.1187985	0.4176481	2.606821	-0.02585496	0.4102397	2.636239	0.267572	0.6460518	2.629351	-0.1608007	0.6407778	2.774511	0.12406	-0.140908	2.596868	0.009733816	-0.1227767	2.659042	0.1425111	-0.5551865	2.585257	0.06074562	-0.5387695	2.669961	

0.2711814	0.3787904	2.546252	-0.1805311	0.3893464	2.714294	0.2529746	0.2246118	2.531922	-0.171216	0.2183859	2.701107	0.1972498	0.3120801	2.507177	-0.2106659	0.261839	2.685077	0.02558718	1.175231	2.633814	0.05017324	1.03524	2.675301	0.04998574	0.9616789	2.676819	0.04894974	0.7346749	2.672962	0.04668405	0.4221661	2.659749	0.2044146	0.9121007	2.642751	-0.1144955	0.9085451	2.730224	0.1185343	0.4177119	2.606844	-0.02666501	0.4127942	2.637323	0.2669995	0.645874	2.630828	-0.1615058	0.6404589	2.775428	0.1268748	-0.138776	2.593768	-0.006543478	-0.03076173	2.637609	0.1512628	-0.5193936	2.642025	0.06675765	-0.5425005	2.662672	

0.2712159	0.3789082	2.546516	-0.1808698	0.3850633	2.714748	0.2500868	0.2245851	2.536793	-0.1718939	0.2191042	2.704123	0.1977046	0.3231758	2.498078	-0.2177198	0.2732014	2.695768	0.02518279	1.174895	2.634648	0.04982501	1.034955	2.676036	0.04966058	0.9613407	2.677453	0.04869882	0.7341363	2.673367	0.04658757	0.4213318	2.659879	0.2041349	0.9119614	2.64397	-0.1146832	0.9088405	2.730716	0.1183678	0.417857	2.60717	-0.02651882	0.4096013	2.636827	0.2666591	0.6458147	2.632398	-0.1621892	0.6413142	2.776701	0.123519	-0.1450325	2.597133	-0.006381109	-0.03058442	2.63761	0.1516871	-0.5264212	2.636591	0.04081015	-0.5479594	2.66611	

0.2706173	0.3764563	2.547734	-0.1812805	0.3863585	2.715263	0.2532655	0.2236247	2.538348	-0.1742966	0.219571	2.698607	0.1962614	0.3217576	2.508304	-0.2143972	0.2632625	2.694053	0.02486077	1.174576	2.634987	0.04879421	1.034609	2.677273	0.04877695	0.9609333	2.678451	0.04819496	0.7335742	2.673818	0.04644244	0.4205646	2.659856	0.2038315	0.9119899	2.644452	-0.1152112	0.9088964	2.731552	0.1181329	0.4177895	2.607283	-0.02636436	0.4082466	2.636524	0.266292	0.6457829	2.633032	-0.1623166	0.6414772	2.777032	0.122052	-0.1454925	2.597718	0.01317078	-0.1188636	2.65319	0.1516162	-0.5268651	2.636513	0.03548292	-0.5512244	2.662108	

0.2714213	0.3895219	2.554027	-0.1819183	0.3881388	2.715757	0.2193071	0.2052033	2.515562	-0.1751337	0.2192719	2.701625	0.1955735	0.3318102	2.504	-0.2165718	0.2686685	2.694711	0.02476868	1.174474	2.635305	0.0483987	1.034535	2.677989	0.04840434	0.9609575	2.679161	0.04793067	0.7338609	2.674491	0.0464165	0.4213974	2.66053	0.2037904	0.911628	2.645242	-0.1153768	0.909166	2.732144	0.1178054	0.4181486	2.608151	-0.02592522	0.4111635	2.637364	0.2658219	0.645755	2.633587	-0.1624834	0.6414137	2.777308	0.1217578	-0.1461148	2.5978	-0.01013225	-0.03093329	2.635659	0.1524355	-0.5273512	2.636859	0.03342404	-0.5509201	2.660894	

0.2710596	0.3914706	2.554737	-0.1820295	0.3884788	2.715937	0.2453007	0.2194427	2.536664	-0.1732128	0.2212345	2.698867	0.1955805	0.3238181	2.508421	-0.2102277	0.3035601	2.673572	0.02452318	1.174039	2.635577	0.04828292	1.034379	2.6785	0.04825725	0.9608734	2.679584	0.04773736	0.733921	2.674708	0.04613642	0.421703	2.660545	0.2036397	0.9116914	2.645806	-0.115706	0.9090652	2.732641	0.1174975	0.4181311	2.608324	-0.02642652	0.4126635	2.637043	0.2653801	0.645732	2.634043	-0.1628037	0.6411116	2.777421	0.1208983	-0.1480401	2.598332	-0.009887692	-0.03044417	2.63587	0.1522733	-0.5293509	2.636186	0.05954833	-0.5426382	2.655573	

0.2699919	0.3865395	2.554386	-0.182066	0.388533	2.715934	0.2505749	0.2226633	2.538168	-0.1746658	0.2226454	2.695668	0.197138	0.3037934	2.50281	-0.2128751	0.2905398	2.679545	0.02444865	1.173953	2.635812	0.04812573	1.034059	2.679367	0.04809998	0.9604882	2.6803	0.04759907	0.7333143	2.675064	0.04608441	0.4205405	2.660393	0.2034886	0.9115596	2.646698	-0.1160512	0.9089797	2.733064	0.1174425	0.4181308	2.608332	-0.02616498	0.4084467	2.636419	0.2650313	0.6457634	2.634403	-0.1629803	0.6410796	2.777653	0.1208867	-0.1484884	2.598341	-0.009057005	-0.03031572	2.635586	0.1517553	-0.5300965	2.634197	0.03052343	-0.5490813	2.658658	

0.2692595	0.3843887	2.553347	-0.1823145	0.3886198	2.715927	0.2450048	0.2172168	2.543999	-0.1751056	0.2232146	2.703149	0.1963522	0.3164203	2.501383	-0.2179615	0.2606461	2.695	0.02444018	1.173943	2.636132	0.04794155	1.033973	2.679666	0.04792416	0.9604431	2.680564	0.04747424	0.7333578	2.675202	0.04601546	0.4207273	2.66041	0.2029999	0.9113765	2.64748	-0.1163095	0.9090034	2.733395	0.1171837	0.417867	2.608409	-0.02606785	0.4110524	2.636424	0.2647487	0.6457888	2.634694	-0.1632683	0.6412516	2.777722	0.1204379	-0.1483483	2.598547	-0.008776796	-0.02760153	2.63515	0.1515232	-0.5299744	2.63408	0.03542881	-0.5470707	2.665376	

0.2693377	0.383812	2.55291	-0.1824453	0.3887101	2.715921	0.2474485	0.2195374	2.539812	-0.1758491	0.2223876	2.706907	0.1969331	0.3123859	2.496543	-0.2160372	0.3027858	2.671786	0.02429711	1.173936	2.636315	0.04805144	1.0339	2.679631	0.04796485	0.9604126	2.680559	0.04744601	0.733366	2.675229	0.04570369	0.4209558	2.660572	0.2027286	0.9112759	2.647743	-0.1165565	0.9090579	2.733492	0.1164324	0.417518	2.609073	-0.02638898	0.4123404	2.636319	0.2645344	0.6456884	2.634937	-0.1634657	0.6412162	2.777772	0.1200207	-0.1486653	2.598988	-0.006584988	-0.02834417	2.63278	0.152279	-0.5300365	2.635501	0.05257573	-0.5431082	2.6678	

0.2694159	0.3812164	2.551682	-0.1826089	0.3885871	2.715916	0.2514836	0.2273864	2.534684	-0.1772399	0.2222086	2.701235	0.1965815	0.2949361	2.507387	-0.2187977	0.2855419	2.679	0.02413365	1.173799	2.636615	0.04789793	1.033834	2.679885	0.04776849	0.9602818	2.680878	0.04710545	0.7329661	2.675743	0.04529212	0.4201491	2.661233	0.2024906	0.911473	2.648667	-0.1168505	0.9093499	2.733604	0.116099	0.4176061	2.609647	-0.02700159	0.4095696	2.637307	0.2642919	0.6459501	2.63546	-0.1638304	0.6417878	2.777854	0.1184407	-0.151766	2.601033	-0.005808222	-0.02895848	2.633201	0.1532435	-0.5332289	2.634764	0.03024115	-0.5464192	2.664925	

0.2691125	0.3791146	2.551682	-0.1831459	0.3888167	2.715906	0.2527665	0.2241339	2.538073	-0.1791076	0.2225462	2.701168	0.1921957	0.2936725	2.503105	-0.2177439	0.2693046	2.6899	0.02316535	1.173134	2.637953	0.04727285	1.033738	2.680246	0.04716961	0.9602484	2.681366	0.0465673	0.7331797	2.67671	0.04506711	0.4209999	2.663105	0.2018022	0.9115679	2.649153	-0.1176367	0.9095261	2.733744	0.1161456	0.4176897	2.611323	-0.02757271	0.4119027	2.639679	0.2638183	0.6458929	2.63631	-0.1643183	0.6424794	2.777935	0.1187136	-0.1517431	2.601627	-0.007456756	-0.02895826	2.634499	0.1514367	-0.5331706	2.637057	0.002166527	-0.5521166	2.620579	

0.2689696	0.3786681	2.551878	-0.183302	0.3889099	2.71603	0.252677	0.2285542	2.539538	-0.1780071	0.2194701	2.706661	0.1951508	0.308787	2.502811	-0.2194522	0.3015913	2.691727	0.02238478	1.172948	2.638481	0.04693783	1.033675	2.680487	0.04684205	0.9601192	2.681666	0.04627876	0.7327977	2.67719	0.04496508	0.4201464	2.663784	0.2011842	0.9115177	2.649869	-0.1192251	0.9100485	2.734693	0.1160737	0.4177947	2.61192	-0.02767713	0.4089705	2.640522	0.2635911	0.6456776	2.636926	-0.1647535	0.6427072	2.778198	0.1186849	-0.1518052	2.601783	-0.007199978	-0.02913382	2.634438	0.1486537	-0.5342175	2.631233	0.02848607	-0.5502111	2.651104	

0.2685454	0.377327	2.552175	-0.1841535	0.391323	2.716884	0.2517961	0.2248623	2.544211	-0.1775064	0.2209526	2.707104	0.1949771	0.303058	2.50511	-0.2222838	0.3027626	2.690947	0.02166494	1.172991	2.638641	0.045977	1.033576	2.68115	0.04575659	0.9601895	2.682486	0.04473747	0.7335935	2.678541	0.0427437	0.422555	2.665903	0.2002852	0.9116126	2.650221	-0.1215714	0.909739	2.73606	0.1149783	0.4178569	2.613048	-0.03178503	0.4170796	2.644242	0.2633271	0.6456665	2.637147	-0.1651812	0.6429045	2.778426	0.1186499	-0.1515531	2.602235	-0.007738004	-0.02964878	2.635619	0.1485968	-0.5340364	2.631086	0.03480661	-0.5500128	2.655254	

0.2675054	0.3767825	2.553099	-0.1842294	0.390636	2.717238	0.2452626	0.2268073	2.541876	-0.1806626	0.227061	2.70187	0.1931038	0.3076669	2.517304	-0.2163178	0.3134072	2.689613	0.02038578	1.17272	2.638833	0.04455288	1.032723	2.681851	0.04448341	0.9595134	2.68326	0.04387372	0.7333446	2.679427	0.04234607	0.4227082	2.666825	0.1990305	0.9118072	2.651338	-0.122373	0.9101822	2.736736	0.114046	0.4176119	2.614329	-0.03170035	0.4172533	2.644713	0.2624707	0.645398	2.638203	-0.1658592	0.64309	2.779315	0.1211956	-0.1479846	2.599077	0.007860051	-0.1250767	2.661004	0.1475841	-0.5311823	2.624088	0.0338784	-0.5571953	2.65806	

0.2667969	0.3756498	2.553514	-0.1846124	0.3906806	2.718129	0.2383492	0.210049	2.546555	-0.178244	0.221522	2.710202	0.1935672	0.3087315	2.522294	-0.2187418	0.2886371	2.686	0.01962773	1.172346	2.638841	0.04340546	1.031712	2.682395	0.04323398	0.9583849	2.683917	0.04238806	0.7318625	2.680366	0.04072043	0.4207171	2.66797	0.1982488	0.9119344	2.652066	-0.1228473	0.9102982	2.737173	0.1118152	0.4177397	2.615642	-0.03271581	0.4101911	2.645823	0.2618035	0.6450242	2.638649	-0.1663237	0.64358	2.780014	0.1202223	-0.1495428	2.601239	0.02142272	-0.1551312	2.675344	0.148513	-0.5326315	2.625845	0.0429291	-0.5399864	2.640583	

0.2664716	0.3767892	2.554577	-0.1847706	0.3901013	2.718898	0.2419141	0.2191133	2.550484	-0.1775535	0.2210686	2.699586	0.1931646	0.3284548	2.506957	-0.2188522	0.306595	2.668167	0.01876097	1.171852	2.638714	0.04248418	1.031476	2.682745	0.04238008	0.9580738	2.684241	0.0417331	0.7313362	2.680583	0.04028898	0.4197836	2.667991	0.1979268	0.9119083	2.652513	-0.1232526	0.9102889	2.737524	0.1112107	0.4177186	2.615849	-0.03258741	0.4076012	2.6452	0.261476	0.6449699	2.6392	-0.1670786	0.6428013	2.780708	0.120234	-0.1493479	2.60177	0.01757575	-0.1569198	2.682747	0.1482416	-0.5325468	2.625513	0.05436032	-0.5397535	2.636148	

0.2645874	0.3748733	2.554814	-0.1849202	0.3898133	2.719425	0.2383395	0.2230949	2.542764	-0.178391	0.2205345	2.708856	0.1921232	0.3352865	2.51145	-0.2188827	0.3037815	2.698571	0.01790398	1.171838	2.639294	0.04182763	1.031286	2.68328	0.04165056	0.957809	2.684886	0.04082177	0.7308033	2.681539	0.03924481	0.4188173	2.669285	0.1969961	0.9117902	2.65345	-0.123497	0.9103239	2.737781	0.1097861	0.4177034	2.61757	-0.03312981	0.4062773	2.645995	0.2611337	0.6447566	2.639683	-0.1676907	0.6422451	2.781571	0.1198497	-0.1492387	2.602012	0.01885565	-0.1588636	2.677874	0.1506073	-0.5320457	2.627463	0.01829394	-0.5437646	2.634966	

0.2585206	0.3594151	2.554724	-0.1852758	0.3895259	2.720285	0.2280548	0.2090867	2.548894	-0.1790651	0.2217888	2.714862	0.1888943	0.3136922	2.501	-0.2230759	0.3247525	2.695807	0.01740029	1.171573	2.639859	0.04140218	1.030982	2.684019	0.04118819	0.9574759	2.685678	0.04028614	0.7303962	2.682421	0.03869385	0.4183435	2.670156	0.1964173	0.9117752	2.654082	-0.1254612	0.9097016	2.741404	0.1088491	0.4174622	2.61879	-0.03325478	0.4059575	2.646417	0.260426	0.6443632	2.641068	-0.1681626	0.6422271	2.783131	0.1192376	-0.1520272	2.603043	0.01887507	-0.1592996	2.677294	0.1497196	-0.5354167	2.622598	0.01827775	-0.5442722	2.635352	

0.2610497	0.3641486	2.559484	-0.1852477	0.3899846	2.72204	0.2403037	0.2171403	2.557807	-0.1704877	0.2228	2.711377	0.1911035	0.3169299	2.511924	-0.2189645	0.3091362	2.702409	0.01725984	1.171224	2.640862	0.04142174	1.030628	2.685564	0.04118381	0.9570423	2.68713	0.04023463	0.7297489	2.683585	0.0386201	0.4174157	2.670965	0.1965031	0.9111372	2.655524	-0.1258178	0.90951	2.743055	0.1086695	0.4171851	2.619384	-0.03301145	0.4044875	2.647292	0.2604169	0.6443952	2.643176	-0.1684511	0.6426785	2.784841	0.1189005	-0.1522579	2.603157	0.01960482	-0.1608579	2.676957	0.1509046	-0.5349721	2.62832	0.02386358	-0.5460082	2.638003	

0.2630147	0.3724625	2.564717	-0.185126	0.3896461	2.722725	0.2454096	0.22101	2.553727	-0.1773761	0.2208634	2.711206	0.1928595	0.3152414	2.510561	-0.2190648	0.3151681	2.693782	0.01756014	1.170805	2.641676	0.04173861	1.030554	2.686171	0.04135339	0.9569135	2.687788	0.03989385	0.7293749	2.68457	0.0370159	0.4164256	2.672666	0.1967946	0.9108523	2.656493	-0.1259055	0.9090614	2.744827	0.1066471	0.4161979	2.621494	-0.03398984	0.4038818	2.648414	0.2604518	0.6442533	2.644516	-0.1686174	0.6425242	2.785937	0.1183038	-0.1539558	2.603001	0.01962001	-0.161813	2.674563	0.151494	-0.536477	2.628923	-0.06008221	-0.5311305	2.582236	

0.2631447	0.3722907	2.564916	-0.1849175	0.3894474	2.723684	0.2417007	0.217073	2.552885	-0.1735982	0.2250579	2.709233	0.1903255	0.3102215	2.514409	-0.2187188	0.309015	2.69959	0.01770707	1.170596	2.642445	0.04197015	1.030599	2.68664	0.04155922	0.9569207	2.688189	0.04003882	0.7293081	2.684771	0.03718354	0.4162948	2.672685	0.1969092	0.9105847	2.657704	-0.125999	0.9090753	2.746617	0.1067346	0.4162045	2.621534	-0.03366506	0.4035833	2.64836	0.2603493	0.6438528	2.646106	-0.1687806	0.6428775	2.786789	0.11765	-0.1538103	2.602926	0.02100048	-0.1622986	2.672161	0.1477626	-0.5360627	2.633513	-0.05944051	-0.5337826	2.59141	

0.2636875	0.3726888	2.565882	-0.185	0.3894792	2.724367	0.2408516	0.217476	2.555747	-0.1770705	0.220066	2.713641	0.1942567	0.3275559	2.514679	-0.2181132	0.3101694	2.704428	0.01801321	1.170292	2.64311	0.04212801	1.030469	2.688641	0.04170674	0.9567603	2.689947	0.04017031	0.7291011	2.68579	0.03732523	0.4161356	2.672951	0.1974642	0.9105929	2.659213	-0.1253248	0.9086285	2.747499	0.1070326	0.4160537	2.621849	-0.03362902	0.403503	2.648554	0.2604664	0.6435035	2.647196	-0.1688788	0.6426932	2.787884	0.117427	-0.1542341	2.602869	0.02318923	-0.1623747	2.670614	0.1495373	-0.5369229	2.628089	-0.06005466	-0.5335081	2.591292	

0.2643876	0.3732049	2.567164	-0.1849035	0.3900219	2.725486	0.2485028	0.221281	2.555881	-0.1639819	0.2155863	2.712928	0.1928694	0.3003258	2.518963	-0.210894	0.281813	2.69675	0.01942708	1.170018	2.645271	0.04271117	1.03038	2.690023	0.04230363	0.9566678	2.691126	0.04079381	0.7290047	2.686413	0.03820833	0.4160313	2.672997	0.19838	0.9101967	2.661008	-0.1234106	0.9096045	2.748546	0.1077709	0.4161622	2.622083	-0.03247565	0.4032713	2.648344	0.2609584	0.643506	2.648572	-0.1682352	0.6424674	2.790043	0.1171445	-0.1550069	2.603329	0.02328815	-0.1626568	2.670828	0.1495643	-0.5372122	2.632623	0.00448215	-0.548016	2.644934	

0.2649361	0.3733084	2.567394	-0.1846281	0.3898219	2.726264	0.2493134	0.2176526	2.555882	-0.1770761	0.2197956	2.712735	0.1966086	0.3222598	2.51564	-0.2158237	0.2940035	2.699937	0.02027845	1.169854	2.64657	0.04327412	1.030282	2.692301	0.04283034	0.9565255	2.693208	0.04122403	0.7287652	2.687828	0.03852917	0.4157843	2.673519	0.1990453	0.9098531	2.662191	-0.1222373	0.9102032	2.749188	0.1081998	0.4159508	2.622639	-0.03226572	0.4031024	2.648796	0.2613248	0.6428909	2.64923	-0.1677458	0.6423512	2.790889	0.1173311	-0.1563394	2.603011	0.02322082	-0.1628973	2.670864	0.1501577	-0.5382228	2.634638	0.04245473	-0.5483843	2.652671	

0.2664692	0.3770451	2.569094	-0.1844383	0.3897286	2.726839	0.243909	0.2179971	2.560554	-0.1763633	0.220542	2.719944	0.1951382	0.3154841	2.514036	-0.2190263	0.3015072	2.712	0.02049719	1.169654	2.647155	0.04353297	1.030389	2.693687	0.04313057	0.9566514	2.694403	0.04161693	0.7289229	2.68849	0.03909316	0.4159933	2.67364	0.1993405	0.9098244	2.662939	-0.121416	0.9114098	2.751904	0.1088199	0.4161639	2.622917	-0.03170219	0.4034086	2.648772	0.2616874	0.6421226	2.650195	-0.1673808	0.6415622	2.791686	0.1172412	-0.156137	2.603385	0.03124183	-0.1623725	2.665972	0.1482938	-0.5386372	2.631051	0.03626961	-0.5483378	2.650095	

0.2669204	0.3771939	2.569564	-0.1838015	0.3890561	2.727958	0.2496968	0.2094555	2.568221	-0.1746117	0.2195726	2.711313	0.1942798	0.3028517	2.516572	-0.2161967	0.2580893	2.712572	0.02072653	1.1694	2.647835	0.04444597	1.030006	2.694463	0.04391983	0.9562606	2.695126	0.04209733	0.7285259	2.689012	0.03929152	0.4156373	2.673817	0.1995759	0.9097009	2.663033	-0.1209616	0.9096838	2.753232	0.1089286	0.4161274	2.622955	-0.0314278	0.402546	2.649184	0.2618438	0.642278	2.65045	-0.1666568	0.6409004	2.792772	0.1172534	-0.1561851	2.603174	0.01095465	-0.128377	2.657105	0.1484006	-0.5386847	2.630776	0.01463995	-0.6026832	2.594955	

0.2686954	0.3838768	2.571659	-0.1836594	0.3886119	2.729138	0.2520105	0.2180619	2.560941	-0.1740526	0.2208983	2.719732	0.1961579	0.303218	2.518615	-0.2158379	0.2945707	2.713546	0.02073312	1.169016	2.6491	0.0453295	1.029724	2.694767	0.04474491	0.9560062	2.695466	0.04277071	0.7283438	2.689405	0.03977043	0.4155442	2.674104	0.1999549	0.9094895	2.663357	-0.1197973	0.9104372	2.753744	0.1094033	0.4161385	2.623173	-0.03096827	0.4024375	2.649519	0.2623825	0.6426468	2.6511	-0.1662701	0.640869	2.793419	0.1171024	-0.1561577	2.603122	-0.03692451	-0.02059418	2.644763	0.148694	-0.5385822	2.631065	0.02058906	-0.5401059	2.605159	

0.2687462	0.380991	2.571082	-0.1836159	0.3886432	2.729508	0.2472003	0.2160165	2.559976	-0.1773312	0.2201111	2.716737	0.1944367	0.309792	2.51692	-0.2189959	0.3035667	2.710056	0.01925483	1.165339	2.651063	0.04663336	1.029358	2.696339	0.04582397	0.9558357	2.69682	0.04332913	0.7285928	2.690194	0.03996224	0.4161885	2.674378	0.200241	0.909416	2.663599	-0.1186553	0.9099216	2.753835	0.1095556	0.4158635	2.623086	-0.03056454	0.4071052	2.651259	0.2628431	0.6434267	2.65113	-0.1652245	0.6405632	2.794595	0.1159668	-0.1564523	2.603916	-0.01655035	-0.02149802	2.634997	0.1462628	-0.5398164	2.623493	0.03691313	-0.5408679	2.655003	

0.2684152	0.3765077	2.569312	-0.1836598	0.3884213	2.730749	0.2497484	0.2134629	2.560158	-0.1750969	0.2208616	2.712035	0.1923494	0.2983595	2.519044	-0.2173043	0.2803194	2.709083	0.01609164	1.159964	2.65173	0.04716691	1.028175	2.697487	0.04629212	0.9550198	2.697781	0.0436193	0.7285291	2.690682	0.04024589	0.4168675	2.674562	0.2004505	0.9093291	2.663504	-0.1183478	0.9098113	2.75469	0.1096897	0.4156433	2.623109	-0.0299567	0.4099102	2.651612	0.2634554	0.6435016	2.650674	-0.1635061	0.6406945	2.79679	0.115367	-0.1567441	2.60372	-0.01462283	-0.0243827	2.635691	0.1451632	-0.5400882	2.623425	0.05989015	-0.5360823	2.671045	

0.2672058	0.3748638	2.567475	-0.1840926	0.3895774	2.73197	0.2485981	0.2217262	2.555528	-0.1770641	0.2262548	2.717144	0.1928494	0.3008419	2.516454	-0.2160233	0.2810294	2.703389	0.01364492	1.154732	2.652175	0.04774223	1.026422	2.697713	0.0467727	0.9535618	2.698118	0.04384583	0.72787	2.691146	0.04025012	0.4168339	2.674933	0.2004364	0.9090509	2.663407	-0.1178032	0.9081529	2.755374	0.1096602	0.4146291	2.623427	-0.02996228	0.4102255	2.652206	0.2640612	0.6431526	2.650521	-0.1625416	0.6410399	2.798078	0.1143525	-0.1577308	2.604077	-0.02906481	-0.01387489	2.636495	0.1441697	-0.5415369	2.618568	0.06091165	-0.5275712	2.66491	

0.2671582	0.3747271	2.567343	-0.1840384	0.3882757	2.732542	0.2471435	0.2171351	2.556946	-0.1837433	0.2281633	2.717318	0.1936642	0.2980279	2.524261	-0.2176613	0.3316913	2.714583	0.01087362	1.150398	2.650565	0.04772954	1.02533	2.697853	0.04688106	0.9526181	2.698359	0.04426561	0.7273117	2.691638	0.04120417	0.4168373	2.675751	0.2004321	0.908908	2.662872	-0.1178263	0.9070757	2.756588	0.1102494	0.4141694	2.623653	-0.02859787	0.4103891	2.653622	0.2645631	0.6434907	2.650153	-0.1619828	0.6406091	2.798949	0.1134382	-0.1582152	2.603274	-0.0306482	-0.01366083	2.638221	0.1429926	-0.5419621	2.619287	0.03202588	-0.5316271	2.664394	

0.2669356	0.3737319	2.56674	-0.1836336	0.3892644	2.734302	0.2343877	0.2069185	2.556895	-0.176987	0.2268026	2.718733	0.1947405	0.3219048	2.524	-0.2131731	0.2720899	2.705	0.007526126	1.147586	2.649579	0.04764713	1.024397	2.697698	0.04679085	0.9514474	2.698264	0.04413702	0.7254881	2.691761	0.04088394	0.414288	2.675964	0.2002442	0.9090135	2.662	-0.1177916	0.9057238	2.75721	0.110055	0.4137407	2.623469	-0.02911896	0.4017766	2.654557	0.2650156	0.6436169	2.649587	-0.1607084	0.640184	2.800864	0.1136447	-0.1586912	2.6031	-0.01055217	-0.03570129	2.64104	0.1474132	-0.5411487	2.629033	-0.01064908	-0.5585468	2.606773	

0.2669438	0.3737625	2.566693	-0.183225	0.3917079	2.738172	0.2407886	0.2161558	2.553221	-0.1703651	0.2237232	2.719007	0.1936252	0.3099154	2.520367	-0.2100338	0.2818329	2.709235	0.003389089	1.144354	2.645977	0.04727617	1.023149	2.695812	0.04652618	0.9505596	2.697108	0.04407942	0.7253501	2.691719	0.04077077	0.4145248	2.676741	0.1991399	0.9090792	2.65823	-0.1182551	0.904461	2.75673	0.1098999	0.4132997	2.623809	-0.02924998	0.4038824	2.656203	0.2656431	0.643869	2.648165	-0.160278	0.6401164	2.801475	0.1137766	-0.1591612	2.602191	-0.02433579	-0.01969177	2.646108	0.1471301	-0.5415798	2.629363	-0.03316744	-0.5428268	2.618473	

0.2674587	0.3740942	2.566991	-0.1835729	0.39365	2.752341	0.2440502	0.2280481	2.555022	-0.1809287	0.2318963	2.741203	0.194537	0.3065604	2.517664	-0.2094025	0.2730853	2.735083	-0.006491091	1.140778	2.636235	0.044439	1.022141	2.688307	0.0444961	0.9497112	2.691601	0.04372156	0.7251343	2.690615	0.04100185	0.4146618	2.677133	0.1948721	0.9110233	2.650962	-0.1202677	0.9050015	2.756633	0.1099293	0.4134057	2.623974	-0.02883433	0.4040149	2.656544	0.2658842	0.6445517	2.64498	-0.1596594	0.6398662	2.804523	0.1145021	-0.1590979	2.601309	-0.01797861	-0.01980215	2.643027	0.1463607	-0.5425623	2.619712	-0.03437261	-0.5428631	2.616932	

0.2681397	0.3740684	2.567549	-0.1836449	0.395458	2.760635	0.2446934	0.2352966	2.556952	-0.1792717	0.2242322	2.750612	0.1952761	0.3208055	2.521371	-0.2177048	0.3569577	2.746833	-0.01118708	1.138502	2.631597	0.04227175	1.020876	2.682057	0.04283292	0.9482706	2.686476	0.0434518	0.7238903	2.689028	0.04203676	0.4132853	2.678317	0.1917876	0.91223	2.645027	-0.1220203	0.9050304	2.756194	0.1102253	0.413444	2.624223	-0.02670057	0.3995465	2.658819	0.2659413	0.6450861	2.64146	-0.1594263	0.639539	2.806243	0.1162557	-0.1516309	2.594962	-0.01275724	-0.02562775	2.641663	0.1467919	-0.5343595	2.622284	0.03487102	-0.5445696	2.669381	

0.2701037	0.3768869	2.569692	-0.184463	0.3991309	2.77615	0.2522346	0.2238214	2.565798	-0.1858167	0.2254496	2.768737	0.1972116	0.2979673	2.515963	-0.2209875	0.3554408	2.76425	-0.01912959	1.135395	2.622292	0.03552438	1.020112	2.673329	0.03710402	0.9476628	2.679247	0.04102286	0.7236907	2.686562	0.04181667	0.4136169	2.679179	0.1867078	0.9120731	2.635922	-0.1261797	0.9041541	2.753789	0.1098225	0.4130161	2.624713	-0.02680894	0.4019564	2.66035	0.2656894	0.6451998	2.63874	-0.1593926	0.6389794	2.808873	0.1140417	-0.1554927	2.596614	-0.006174074	-0.03340647	2.640724	0.1470723	-0.5382366	2.621612	-0.008726101	-0.5565715	2.6122	

0.2504845	0.3604126	2.556043	-0.1908308	0.3944678	2.802291	0.2470019	0.2107128	2.576469	-0.1828111	0.221623	2.831112	0.188243	0.2895452	2.511273	-0.2172222	0.2739158	2.779474	-0.07725879	1.111481	2.550289	-0.0092461	1.003229	2.608696	-0.003978997	0.9315057	2.622935	0.01624386	0.7117214	2.661412	0.03885055	0.41034	2.684925	0.1395796	0.9082643	2.572253	-0.1560168	0.8945131	2.703462	0.1090108	0.407101	2.626349	-0.03417164	0.4022634	2.672913	0.2474708	0.6363181	2.586869	-0.1643554	0.6448084	2.808444	0.1019349	-0.1656412	2.581061	-0.041584	-0.02167762	2.607319	0.1550174	-0.5435378	2.62554	0.02788953	-0.5374857	2.649251	

0.2360134	0.341006	2.533539	-0.192724	0.382195	2.802312	0.2124112	0.1805715	2.54908	-0.1809991	0.1986277	2.805133	0.166067	0.2877352	2.494114	-0.2191815	0.2911759	2.763909	-0.1028687	1.080089	2.517317	-0.02827599	0.9788687	2.582531	-0.01887277	0.9112195	2.603039	0.006929212	0.6979533	2.651152	0.03649853	0.4018955	2.691263	0.1242821	0.8823905	2.548527	-0.1693396	0.8708405	2.686432	0.1086656	0.3990117	2.629521	-0.03764803	0.3943982	2.679795	0.2386525	0.6264139	2.570409	-0.178675	0.6124737	2.801378	0.06302555	-0.1625903	2.547664	-0.04843825	-0.02600331	2.581548	0.146301	-0.5314674	2.611337	0.03701631	-0.5339206	2.660301	

0.233194	0.3444658	2.526695	-0.1941144	0.3760066	2.798462	0.2106388	0.1768292	2.532314	-0.1775428	0.1889774	2.797293	0.15986	0.2802192	2.490134	-0.2241787	0.2948567	2.761077	-0.1054366	1.072995	2.513858	-0.03508462	0.9689775	2.578128	-0.0267036	0.8996173	2.597371	-0.0007003245	0.68572	2.645411	0.03324688	0.3930759	2.693408	0.1179789	0.8742025	2.542053	-0.1769804	0.8583817	2.680801	0.1049569	0.3855542	2.629569	-0.04009152	0.3888071	2.682414	0.230863	0.6183161	2.560163	-0.1818542	0.6064345	2.798653	0.05737835	-0.1606953	2.546316	-0.05252237	-0.03032869	2.577167	0.1473696	-0.525986	2.618802	0.03118743	-0.5386593	2.655187	

0.1703994	0.2729843	2.460064	-0.2089531	0.3179713	2.759432	0.1094291	0.09107085	2.442629	-0.1857423	0.1418579	2.749246	0.05896876	0.2127899	2.435531	-0.2308984	0.2564997	2.729286	-0.1355142	1.013644	2.485852	-0.0627811	0.9115441	2.544727	-0.05586176	0.8425709	2.568747	-0.03456848	0.6292304	2.632169	-0.005434986	0.3362069	2.708009	0.0871132	0.8201237	2.508261	-0.2014472	0.8122671	2.649087	0.0696374	0.3325681	2.640261	-0.08029643	0.3304136	2.699756	0.1929819	0.5673024	2.505049	-0.2048536	0.5487503	2.765028	0.02449237	-0.1543976	2.520853	-0.07703809	-0.07000606	2.523408	0.1462176	-0.5329372	2.607516	0.06025798	-0.5531129	2.655006	

0.1039449	0.2313633	2.398204	-0.240596	0.2532849	2.690536	0.02252177	0.05026254	2.398816	-0.2313707	0.09687472	2.671844	0.02090305	0.1765558	2.384532	-0.263439	0.1624276	2.6735	-0.1623975	0.9828033	2.46381	-0.08483461	0.8792129	2.524904	-0.07849991	0.8119646	2.551189	-0.05898655	0.6031701	2.620625	-0.03287327	0.314813	2.703205	0.05685747	0.7839656	2.479148	-0.2263624	0.7791072	2.628677	0.03722011	0.29762	2.629864	-0.1032448	0.3194613	2.698973	0.1507908	0.5357594	2.460231	-0.2280358	0.5122454	2.724057	0.005979692	-0.1495424	2.485413	-0.08908258	-0.06901421	2.493423	0.1450547	-0.5433779	2.585023	0.003580458	-0.5619856	2.627222	

0.1306373	0.2593009	2.348758	-0.3866794	0.3154457	2.603636	0.07228895	0.080665	2.369182	-0.4307071	0.1924876	2.519257	0.03647856	0.2486782	2.416	-0.4373945	0.2353152	2.544714	-0.187264	0.9823527	2.453772	-0.1216955	0.8745577	2.488164	-0.1140512	0.8050495	2.509499	-0.09030908	0.5900617	2.564852	-0.05758491	0.2946656	2.629871	0.0160208	0.7762364	2.442025	-0.2716809	0.7592111	2.610131	0.01414808	0.294445	2.559636	-0.1275866	0.2863683	2.624022	0.1341023	0.5141003	2.417312	-0.3068967	0.5197445	2.684852	-0.03913807	-0.1308757	2.405122	-0.1589831	-0.1121871	2.446967	0.1415571	-0.530745	2.584206	-0.01766399	-0.5879704	2.597224	

0.1832941	0.299734	2.362348	-0.4393193	0.351177	2.596432	0.2046604	0.1305662	2.350769	-0.4880022	0.1887363	2.428682	0.1155816	0.1962832	2.419762	-0.5138267	0.2379906	2.506941	-0.196116	0.9854316	2.447249	-0.1279904	0.8766462	2.485188	-0.1180267	0.8070351	2.506479	-0.08992486	0.5925093	2.560644	-0.04638766	0.300488	2.618924	0.01343567	0.7791141	2.440318	-0.2744117	0.7602917	2.604607	0.02519969	0.3019367	2.548713	-0.1164638	0.2904214	2.612967	0.1516808	0.5304766	2.415901	-0.3281877	0.5382544	2.681847	-0.03729009	-0.1230126	2.390471	-0.1695175	-0.1036101	2.429829	0.1207513	-0.5271457	2.553056	-0.01346779	-0.5654198	2.604601	

0.3385214	0.4849757	2.453726	-0.538508	0.4234654	2.678252	0.4089844	0.3105876	2.48898	-0.6445133	0.3017103	2.640371	0.3353029	0.3612946	2.4392	-0.5836372	0.3506337	2.689296	-0.2660404	1.025279	2.354458	-0.1941228	0.9315892	2.397516	-0.1833202	0.8643896	2.415915	-0.1496601	0.6560647	2.46272	-0.1031252	0.3691401	2.51672	-0.03576738	0.8564196	2.371009	-0.3182437	0.8290297	2.498063	-0.0271732	0.3653306	2.456599	-0.1759191	0.3618476	2.501124	0.202443	0.6794354	2.434272	-0.391219	0.6206055	2.69226	-0.1003404	-0.09328914	2.268393	-0.1826622	-0.1648445	2.438154	0.008718733	-0.4654951	2.353019	0.009150502	-0.5287284	2.559989	

0.3442799	0.5086999	2.475846	-0.5138734	0.4290406	2.707378	0.4219449	0.3610419	2.532748	-0.6109784	0.297254	2.699239	0.3537687	0.3870147	2.476692	-0.5575771	0.348653	2.726636	-0.2831591	1.024302	2.325701	-0.2050355	0.9317629	2.375689	-0.1947132	0.8638932	2.394883	-0.1625331	0.653532	2.443828	-0.1182446	0.3637655	2.500124	-0.04460901	0.8579935	2.356011	-0.3262022	0.8321708	2.481282	-0.04172535	0.3617167	2.441889	-0.1911809	0.3546322	2.482447	0.2009008	0.689934	2.432432	-0.3905044	0.625188	2.689269	-0.1034686	-0.09698242	2.262229	-0.2348222	-0.08525391	2.399075	-0.02593951	-0.4830051	2.30215	0.02225797	-0.4395535	2.670355	

0.3044288	0.5590644	2.502479	-0.4403556	0.3878972	2.780053	0.3928517	0.4175811	2.613004	-0.4898456	0.2467274	2.843172	0.3371266	0.422392	2.534125	-0.4648482	0.3020492	2.828364	-0.3469897	0.9568504	2.230172	-0.2622458	0.8631318	2.282315	-0.2473529	0.7957835	2.306316	-0.200864	0.5869044	2.369915	-0.1365064	0.2991541	2.446101	-0.1012328	0.7913651	2.269613	-0.3766928	0.771359	2.396455	-0.06013685	0.3047554	2.389684	-0.2085892	0.2842773	2.426603	0.1594798	0.6957874	2.396514	-0.3876499	0.6026344	2.64077	-0.1276667	-0.1738016	2.217468	-0.3033143	-0.1177601	2.294395	-0.122697	-0.577427	2.176647	-0.08804825	-0.5585083	2.463748	

0.2847468	0.4590464	2.489008	-0.42598	0.287934	2.759482	0.3439267	0.3436242	2.57442	-0.4599547	0.214058	2.817775	0.2852549	0.3580689	2.516933	-0.4225176	0.2543494	2.766333	-0.371972	0.8792766	2.189974	-0.2802136	0.7905132	2.241709	-0.2688355	0.7216795	2.265051	-0.2329338	0.5083975	2.326528	-0.1828193	0.2147721	2.399607	-0.1211826	0.7153402	2.227059	-0.3891844	0.6959355	2.340102	-0.1092422	0.2161127	2.339943	-0.2505395	0.2066296	2.383209	0.1343626	0.6176224	2.361544	-0.3934171	0.5379422	2.590519	-0.1311144	-0.2476189	2.199725	-0.3518584	-0.1896752	2.239571	-0.1514531	-0.6738423	2.127296	-0.2822027	-0.5586702	2.318309	

0.2581757	0.3950311	2.448108	-0.4245455	0.2367256	2.732174	0.3049793	0.2549301	2.531827	-0.4858858	0.1359095	2.795756	0.2481734	0.2944228	2.477391	-0.4483034	0.1765778	2.744315	-0.3740635	0.8388456	2.17629	-0.2833221	0.741652	2.224455	-0.2734966	0.6710071	2.246058	-0.2422914	0.4523137	2.302203	-0.198508	0.1514008	2.36794	-0.1246651	0.6660483	2.207817	-0.3878335	0.6442235	2.313007	-0.1245151	0.1602195	2.312749	-0.2660616	0.1377215	2.346962	0.1254441	0.5561839	2.343343	-0.3920083	0.4865377	2.563291	-0.1427377	-0.324438	2.181902	-0.3065337	-0.2843175	2.226613	-0.1708223	-0.7334436	2.103498	-0.2877155	-0.6875408	2.260055	

-0.1181532	-0.2245652	1.993279	-0.4504625	-0.1781314	2.388532	-0.1629079	-0.3893352	1.934299	-0.4825565	-0.1998774	2.385672	-0.2417148	-0.2964142	1.962409	-0.4643916	-0.1813258	2.349857	-0.35213	0.5292268	2.102461	-0.2880754	0.4118951	2.163956	-0.2905342	0.3408917	2.180839	-0.296647	0.1222669	2.221914	-0.3034231	-0.1771263	2.266231	-0.1353379	0.3077683	2.137336	-0.4507036	0.3158927	2.279029	-0.2240326	-0.1779716	2.201472	-0.3725835	-0.1703735	2.255304	-0.07040202	0.04756641	2.101746	-0.4575105	0.04885072	2.370624	-0.3204945	-0.5393178	1.977641	-0.4445391	-0.542777	2.043862	-0.2853931	-0.8956723	1.972168	-0.3232208	-0.9361746	2.145214	

-0.3159946	-0.009225272	1.821237	-0.612463	-0.03002277	2.070027	-0.4745352	-0.07830943	1.700192	-0.6697078	-0.149762	1.856128	-0.4372476	-0.02321044	1.747375	-0.6069393	-0.06762417	1.9445	-0.3557238	0.5381989	2.098145	-0.2952173	0.4300683	2.161416	-0.2945452	0.3585896	2.17812	-0.2917464	0.1410947	2.218332	-0.2806537	-0.1514314	2.26026	-0.1560692	0.3424748	2.101983	-0.4670455	0.323052	2.257013	-0.2049573	-0.1419091	2.196449	-0.3459067	-0.153239	2.247999	-0.1438475	0.1306901	1.988834	-0.5141426	0.09597196	2.243841	-0.3166982	-0.5107705	1.996385	-0.4434004	-0.5268778	2.052399	-0.2772297	-0.8934753	1.968166	-0.3177479	-0.9368932	2.149609	

-0.3645436	0.1330225	1.788813	-0.6434436	0.09110438	1.987716	-0.5289382	0.1194188	1.634967	-0.7048271	0.09517343	1.742959	-0.4827374	0.1608216	1.640913	-0.6395374	0.1396043	1.82025	-0.3743664	0.6122947	2.084484	-0.3116541	0.5002537	2.149685	-0.3085354	0.4303704	2.167962	-0.2975371	0.2147401	2.213514	-0.2809497	-0.08113685	2.264227	-0.1664845	0.3986602	2.086071	-0.4768757	0.3868047	2.229757	-0.2073575	-0.07658356	2.203549	-0.3450393	-0.08296569	2.248954	-0.1900927	0.1921012	1.964163	-0.5541358	0.1690134	2.193299	-0.2874319	-0.4718878	2.051682	-0.4393659	-0.467497	2.076519	-0.1581149	-0.833784	2.070552	-0.30848	-0.9286392	2.154446	

-0.4733794	0.2764895	1.721319	-0.6872217	0.264172	1.854764	-0.5920308	0.2841987	1.636434	-0.550952	0.2889008	1.642058	-0.5322666	0.3270409	1.667952	-0.5056663	0.2525984	1.660903	-0.3963754	0.7020623	2.0982	-0.3313924	0.5824473	2.151038	-0.3300444	0.5107753	2.164858	-0.3244225	0.2893173	2.197272	-0.3151186	-0.01516604	2.230716	-0.1840253	0.4801205	2.071914	-0.4980708	0.478058	2.221431	-0.2458724	-0.008210788	2.170018	-0.3735796	-0.02159773	2.215598	-0.2240174	0.2780304	1.915597	-0.5912356	0.2449405	2.070815	-0.2274221	-0.4568436	2.091284	-0.3256467	-0.4962117	2.141677	-0.2113485	-0.8414824	2.084634	-0.2957811	-0.9117531	2.174289	

-0.423249	0.1802645	1.758542	-0.6326329	0.3543144	1.992784	-0.5655137	0.1495608	1.718323	-0.6381367	0.2232156	1.845142	-0.5767514	0.1653709	1.73875	-0.6330725	0.2232108	1.845	-0.3987671	0.7207454	2.106611	-0.3318924	0.5907338	2.15019	-0.3316206	0.5181507	2.161985	-0.331408	0.2964956	2.184488	-0.3384506	-0.01093112	2.188494	-0.1865995	0.4800036	2.072351	-0.5000569	0.4829322	2.228927	-0.2734229	-0.0006733418	2.125711	-0.3913533	-0.02065574	2.176794	-0.185203	0.2749619	1.944203	-0.565021	0.2597999	2.199176	-0.2289676	-0.4618512	2.097573	-0.3237227	-0.4963533	2.146881	-0.1631494	-0.9319987	2.116103	-0.2934543	-0.9103627	2.177176	

-0.3479322	0.1516945	1.802516	-0.6437648	0.1651868	2.001926	-0.5182116	0.07717429	1.709351	-0.6578823	0.1006539	1.783112	-0.5166789	0.1140844	1.733643	-0.6532785	0.09925094	1.877375	-0.3993565	0.7246724	2.10861	-0.3326465	0.5945165	2.14984	-0.3328349	0.5213617	2.160491	-0.333992	0.2976774	2.179694	-0.3392623	-0.01226023	2.186045	-0.188976	0.4803565	2.073115	-0.5024507	0.4790615	2.230853	-0.2736242	-0.002024738	2.123306	-0.3930363	-0.0221186	2.173656	-0.1824921	0.2739455	1.947524	-0.5542604	0.2521352	2.203738	-0.2287481	-0.4613413	2.097736	-0.3363476	-0.4854622	2.154316	-0.14137	-0.8363597	2.09851	-0.2910792	-0.908981	2.179737	

-0.3149886	0.1120276	1.825103	-0.6303638	0.09932294	2.030063	-0.4760521	-0.0006743178	1.725845	-0.6561506	0.02080054	1.831175	-0.4863365	0.02495246	1.749833	-0.6525008	0.02544714	1.904909	-0.399691	0.7266407	2.108971	-0.333202	0.5961826	2.149669	-0.3336514	0.5227705	2.159488	-0.3358306	0.2976086	2.175309	-0.3404506	-0.01552743	2.179562	-0.192426	0.4808799	2.073815	-0.5051604	0.4731545	2.230289	-0.2744647	-0.005150263	2.115633	-0.3945101	-0.02546136	2.167902	-0.1717175	0.2689941	1.960474	-0.5589333	0.2311155	2.213523	-0.2283686	-0.4602816	2.097005	-0.3437086	-0.4786241	2.157475	-0.1439465	-0.835913	2.098899	-0.2894162	-0.9074183	2.181347	

-0.1395806	-0.05946703	1.951409	-0.5730328	-0.06953143	2.234877	-0.1267613	-0.2376771	1.946919	-0.5882043	-0.2587606	2.253084	-0.2041929	-0.1640692	1.945613	-0.6161087	-0.1456709	2.244857	-0.4054881	0.7302969	2.10214	-0.3424715	0.5995128	2.137178	-0.345461	0.5251426	2.143488	-0.3535062	0.2940941	2.152321	-0.3617495	-0.02615947	2.155213	-0.1959074	0.4811309	2.074325	-0.5072978	0.4682587	2.206239	-0.2879578	-0.01640942	2.097238	-0.4246899	-0.03449599	2.136327	-0.1415074	0.208282	2.022387	-0.5396135	0.1612887	2.249682	-0.2318363	-0.4617748	2.092313	-0.3556931	-0.4733503	2.153335	-0.1416299	-0.835821	2.099265	-0.2880116	-0.906364	2.180857	

0.08423051	-0.03238923	2.126265	-0.3566532	-0.001353079	2.050753	0.1628993	-0.1277976	2.181659	-0.1986713	-0.2684374	1.96413	0.08389954	-0.09691917	2.134834	-0.3296977	-0.2507073	1.989755	-0.4244203	0.7340553	2.075033	-0.3627872	0.6026183	2.109706	-0.3618979	0.5276205	2.118932	-0.3600548	0.2956715	2.136461	-0.3609327	-0.02439905	2.145752	-0.1984964	0.4832547	2.073674	-0.5092447	0.4864041	2.181345	-0.2874466	-0.01397139	2.091571	-0.422502	-0.03426115	2.123055	-0.05311703	0.2171896	2.115238	-0.5402513	0.1812083	2.23453	-0.236348	-0.4315524	2.05036	-0.3699868	-0.4706801	2.144268	-0.1580394	-0.8045141	2.093258	-0.2875225	-0.9063591	2.180638	

0.1433451	0.09482262	2.178945	-0.3565583	-0.001901436	2.054237	0.2404697	-0.03433152	2.273027	-0.1940559	-0.2473265	1.945316	0.1744632	0.01576499	2.208934	-0.3131428	-0.2450741	1.942594	-0.4317852	0.7346143	2.05986	-0.3718187	0.602499	2.096395	-0.3718391	0.5282217	2.103583	-0.3705918	0.2988657	2.116117	-0.3672123	-0.01726211	2.123735	-0.2064096	0.488979	2.067124	-0.5094449	0.4869147	2.182927	-0.2937694	-0.009815605	2.07318	-0.4274781	-0.02401184	2.098825	-0.01324473	0.2628451	2.14251	-0.5405629	0.1818042	2.236403	-0.2420966	-0.4270813	2.04748	-0.3894558	-0.4558887	2.119329	-0.1624401	-0.7996347	2.091514	-0.2873432	-0.9052364	2.179632	

0.1411508	0.09731318	2.175062	-0.3663147	0.007514402	2.039163	0.2405195	-0.03267936	2.268007	-0.2196546	-0.2436409	1.929412	0.1798634	0.01368703	2.218143	-0.357649	-0.2403	1.993962	-0.4333825	0.7351202	2.05586	-0.3740013	0.6031365	2.093659	-0.3738381	0.5289662	2.100802	-0.3719501	0.2998295	2.113245	-0.3677674	-0.01584279	2.120219	-0.2089481	0.490486	2.064629	-0.5198597	0.498706	2.164833	-0.2938714	-0.008080963	2.068969	-0.4283915	-0.02292333	2.095903	-0.01320196	0.261883	2.141929	-0.5516982	0.1933769	2.217681	-0.2423801	-0.4254879	2.041929	-0.3901061	-0.454907	2.118015	-0.1656578	-0.7995258	2.080348	-0.2873747	-0.9054921	2.179394	

0.09794562	0.03446006	2.114538	-0.3706474	0.003245583	2.031025	0.1852846	-0.08453624	2.143932	-0.2207236	-0.2506826	1.935176	0.1227747	-0.06405494	2.105542	-0.3551949	-0.2386926	1.976555	-0.4348964	0.7365759	2.05067	-0.37623	0.6040919	2.088449	-0.3758841	0.5299265	2.095418	-0.3733134	0.3007025	2.107351	-0.3680633	-0.01511565	2.11333	-0.21444	0.4908052	2.057842	-0.523766	0.4943674	2.15687	-0.2939826	-0.006696825	2.060626	-0.4288199	-0.02280024	2.090381	-0.04424926	0.2321552	2.10531	-0.5551853	0.1891619	2.2104	-0.242587	-0.4240663	2.036098	-0.3913419	-0.4550702	2.115878	-0.1642209	-0.7970042	2.079624	-0.2878507	-0.9059946	2.179313	

-0.062249	-0.02311929	1.955373	-0.6002579	-0.03375217	2.199629	-0.05696305	-0.1758708	1.902458	-0.6314389	-0.2077049	2.176148	-0.05507413	-0.1270352	1.885533	-0.6277556	-0.1590075	2.179	-0.4346286	0.7428016	2.0462	-0.3767757	0.6088139	2.08494	-0.376457	0.5340022	2.092253	-0.3738724	0.3030341	2.105159	-0.3685174	-0.01438093	2.112159	-0.2166644	0.4943721	2.04879	-0.5310073	0.4944647	2.153645	-0.2949296	-0.005354343	2.058782	-0.4289431	-0.0225361	2.089774	-0.09797208	0.2378434	2.037024	-0.5786873	0.203398	2.244534	-0.240019	-0.4226474	2.027833	-0.4075749	-0.4427781	2.107044	-0.2138986	-0.795509	2.077659	-0.2917624	-0.9085523	2.182358	

-0.2501465	0.1020009	1.84282	-0.6219654	0.08641149	2.032815	-0.3816269	0.000354036	1.767874	-0.634408	0.007097194	1.874522	-0.2472562	0.09910522	1.800844	-0.6345105	0.03368406	1.975	-0.4291102	0.7528075	2.04223	-0.3746887	0.6158907	2.079565	-0.3749356	0.540424	2.087294	-0.3737551	0.3074729	2.101436	-0.3696191	-0.0122171	2.109871	-0.2149155	0.4993922	2.038012	-0.5379028	0.49329	2.141903	-0.2971677	-0.003633891	2.055971	-0.4290373	-0.02000013	2.087899	-0.1277348	0.2840889	1.984897	-0.5852408	0.2556396	2.194033	-0.2363857	-0.4204424	2.004124	-0.4154904	-0.4395225	2.10041	-0.1816667	-0.7945975	2.063357	-0.2974119	-0.9118833	2.186243	

-0.2659976	0.1124706	1.832574	-0.6218014	0.09318547	2.026688	-0.4231212	0.03688531	1.767806	-0.6197597	0.02254615	1.841561	-0.3517825	0.08290403	1.744244	-0.6297241	0.05574264	1.966	-0.4277604	0.7556154	2.041013	-0.3737785	0.6196032	2.077406	-0.3743929	0.5439614	2.085121	-0.374304	0.3104061	2.09926	-0.3717841	-0.01018495	2.107687	-0.2147041	0.5015773	2.034025	-0.5399221	0.4936284	2.139748	-0.3001742	-0.001944405	2.054031	-0.430292	-0.01778368	2.085593	-0.1288138	0.2853495	1.983094	-0.5856497	0.2575745	2.193225	-0.2373741	-0.4205615	2.001613	-0.4171631	-0.4393487	2.098734	-0.2113847	-0.7970228	2.0637	-0.299989	-0.911711	2.187732	

-0.2845525	0.1375599	1.820143	-0.6201475	0.1010674	2.019179	-0.4377926	0.07527995	1.761455	-0.613122	0.03007083	1.84614	-0.3757691	0.1420173	1.769857	-0.6059999	0.03284414	1.886714	-0.4258609	0.7605152	2.037096	-0.3735417	0.6245192	2.073503	-0.374409	0.5489956	2.081042	-0.3752353	0.3155603	2.094751	-0.3741861	-0.005549101	2.102984	-0.2153313	0.5063603	2.026979	-0.5428373	0.4969055	2.134326	-0.3027875	0.002772071	2.049775	-0.4322267	-0.01358301	2.08069	-0.1303129	0.2876628	1.976486	-0.5864398	0.2612913	2.190485	-0.2388601	-0.4306177	1.99534	-0.4185836	-0.4392192	2.097061	-0.2115299	-0.8058243	2.062404	-0.3024944	-0.909361	2.188448	

-0.2481494	0.1380652	1.836357	-0.614141	0.09079307	2.028516	-0.4069677	0.04345299	1.764116	-0.5972583	-0.03605313	1.877047	-0.3394794	0.0943247	1.745775	-0.6105716	-0.009907287	1.941333	-0.4249638	0.7635385	2.031951	-0.3749535	0.6271514	2.068329	-0.3756935	0.5515306	2.076001	-0.3761899	0.3177051	2.090156	-0.3748158	-0.004138157	2.099137	-0.2170717	0.5085359	2.021328	-0.5437486	0.4992232	2.128124	-0.3039602	0.004112692	2.046239	-0.4322048	-0.01215855	2.07652	-0.1304032	0.2882538	1.975806	-0.5865995	0.2613822	2.190322	-0.2392334	-0.4346088	1.992679	-0.4188984	-0.4531773	2.097775	-0.187027	-0.8965383	2.082987	-0.3028702	-0.9093307	2.189732	

-0.1560968	-0.03416936	1.881078	-0.5909613	-0.03455914	2.172289	-0.199118	-0.1989112	1.866587	-0.5916041	-0.2179222	2.179498	-0.2351068	-0.09400236	1.863134	-0.6102352	-0.128858	2.170166	-0.4320258	0.7664412	2.014933	-0.382958	0.6292638	2.053492	-0.38455	0.5535285	2.061979	-0.3878447	0.3192752	2.078198	-0.3913063	-0.00339805	2.08936	-0.2229276	0.5092835	2.011122	-0.5504336	0.4986554	2.118002	-0.3174992	0.003500285	2.035234	-0.4514912	-0.009998641	2.068133	-0.1354605	0.2595139	1.975506	-0.5863377	0.2335675	2.193109	-0.2404504	-0.4351973	1.987567	-0.4208555	-0.4536087	2.095565	-0.1892716	-0.8096368	2.04719	-0.3039623	-0.9093136	2.189545	

-0.1163024	-0.01467692	1.919207	-0.5925219	-0.02199568	2.204994	-0.1061324	-0.1853379	1.888476	-0.5988329	-0.2076213	2.237678	-0.1755407	-0.123182	1.909974	-0.6262085	-0.1161247	2.22825	-0.4348089	0.7664075	2.010608	-0.3855471	0.6294495	2.048641	-0.3861859	0.553665	2.05736	-0.386974	0.3192384	2.073799	-0.385332	-0.003896619	2.083864	-0.2247593	0.5096597	2.007435	-0.5522953	0.498789	2.113508	-0.3113216	0.004780102	2.029196	-0.4453042	-0.01232414	2.062843	-0.1350667	0.2514794	1.976257	-0.5858073	0.2233717	2.198219	-0.2412637	-0.4356824	1.983781	-0.4232482	-0.4509977	2.092969	-0.1782662	-0.8057461	2.055317	-0.3054913	-0.9092081	2.189698	

0.02522599	-0.03244003	2.021786	-0.5877131	0.04580936	2.301621	0.07977764	-0.1272274	2.059067	-0.6075849	-0.04450946	2.322735	0.008955408	-0.07912426	2.010185	-0.6096677	0.03266954	2.298167	-0.4464324	0.7674153	1.991267	-0.3945092	0.6319996	2.030545	-0.3940046	0.5564868	2.041383	-0.3913194	0.3223538	2.064195	-0.3867245	-0.001251101	2.080916	-0.2324628	0.5123851	1.996567	-0.5548007	0.5184019	2.099848	-0.3133142	0.006966707	2.027262	-0.4459333	-0.009192534	2.058724	-0.08997524	0.2321611	2.020305	-0.590534	0.2612741	2.233112	-0.2435478	-0.4339385	1.978285	-0.4263923	-0.4440494	2.083054	-0.1770343	-0.8014676	2.057646	-0.3057182	-0.9092661	2.189128	

0.03692625	-0.02289394	2.030381	-0.5951883	0.05130363	2.313433	0.09232043	-0.1154803	2.073402	-0.6074138	-0.02944164	2.336542	0.02765137	-0.06561128	2.028571	-0.6088085	0.03877928	2.309941	-0.4483724	0.7681859	1.98734	-0.397182	0.6327881	2.026301	-0.3966201	0.5575405	2.036861	-0.3933935	0.3243163	2.059317	-0.3875074	0.001853651	2.077414	-0.2342499	0.5133728	1.993801	-0.5548408	0.5214614	2.097917	-0.3140723	0.009719809	2.024436	-0.4467009	-0.006012781	2.054801	-0.088199	0.23573	2.022327	-0.5912338	0.2628348	2.234298	-0.2447037	-0.4345225	1.976877	-0.4271547	-0.4420283	2.081694	-0.1848948	-0.804437	2.051178	-0.3071636	-0.9086081	2.187255	

0.06425083	0.03007125	2.050096	-0.6000997	0.04419538	2.323148	0.1163884	-0.09252571	2.077657	-0.6142459	-0.01991854	2.343285	0.0646035	-0.05219642	2.0405	-0.6114783	0.03265318	2.318111	-0.451328	0.7685667	1.982592	-0.4003831	0.6332431	2.020483	-0.3995642	0.5582772	2.031188	-0.3954537	0.3259016	2.054288	-0.3883123	0.004582894	2.073942	-0.2367611	0.5158215	1.989832	-0.5550997	0.5233471	2.096016	-0.3148491	0.01257472	2.021116	-0.4475069	-0.003565377	2.051341	-0.07799801	0.2481436	2.032761	-0.5914816	0.265118	2.230428	-0.248368	-0.4271278	1.973214	-0.427125	-0.4351834	2.077508	-0.1879716	-0.7965126	2.049564	-0.3073694	-0.9066489	2.182725	

