0.1505877	-0.03790314	2.749863	-0.3364159	-0.04743395	2.579813	0.1605352	-0.1816623	2.702607	-0.317112	-0.2195531	2.568061	0.1779699	-0.1037242	2.715959	-0.2597108	-0.113982	2.535897	-0.04380473	0.7360985	2.689476	-0.1129206	0.5973351	2.710874	-0.1100841	0.5239781	2.712193	-0.101253	0.2992232	2.707904	-0.08935578	-0.007327881	2.693695	0.05567825	0.4606671	2.792999	-0.2645061	0.476664	2.669695	-0.01608563	-0.01196703	2.683876	-0.1606157	-0.002497096	2.636265	0.1056562	0.1876939	2.809276	-0.3422219	0.2069884	2.656124	0.02342721	-0.4232587	2.600905	-0.1802346	-0.3438661	2.567555	0.04536337	-0.8931335	2.691685	-0.1567002	-0.813894	2.659834	

0.1495665	-0.03814245	2.750046	-0.3370409	-0.04736828	2.579376	0.1597915	-0.1766257	2.709775	-0.3209297	-0.2206221	2.571984	0.1745546	-0.08884452	2.723941	-0.258504	-0.1391927	2.531461	-0.04517568	0.7358849	2.689862	-0.1142741	0.597065	2.710656	-0.1114301	0.5236911	2.712022	-0.1025408	0.2988914	2.707875	-0.09046379	-0.007698254	2.693836	0.0547853	0.4599996	2.793579	-0.2653675	0.4768909	2.669652	-0.01709023	-0.01240727	2.684008	-0.1617536	-0.002779895	2.636392	0.1051777	0.1875385	2.809577	-0.3434909	0.2071997	2.654916	0.01870832	-0.3837685	2.601806	-0.1804734	-0.3433197	2.567918	0.04318769	-0.8555635	2.684224	-0.1572395	-0.8133197	2.660393	

0.1483847	-0.0380187	2.750577	-0.3377881	-0.04737204	2.578645	0.1580143	-0.1762599	2.704923	-0.3202181	-0.2195893	2.567827	0.1783522	-0.1332186	2.704333	-0.2622861	-0.1190652	2.535643	-0.04593908	0.735755	2.68998	-0.1151135	0.5970168	2.710766	-0.1121301	0.5236365	2.712146	-0.1028899	0.2988294	2.708018	-0.09053001	-0.007758043	2.693975	0.05381969	0.4600557	2.793738	-0.2676425	0.4766783	2.669173	-0.0171507	-0.01241565	2.684126	-0.161816	-0.002903494	2.636551	0.1041131	0.1877857	2.809655	-0.3439991	0.2070943	2.654546	0.020347	-0.4667607	2.614384	-0.1858606	-0.3335885	2.534605	0.04458444	-0.9089846	2.695875	-0.1669014	-0.8045367	2.624099	

0.147892	-0.03745294	2.751303	-0.3396014	-0.04415527	2.577996	0.1583048	-0.1765648	2.709687	-0.3189797	-0.2199132	2.565756	0.1779851	-0.08857701	2.7348	-0.2604733	-0.1307371	2.533353	-0.04794469	0.7354028	2.690755	-0.1163021	0.5971963	2.710879	-0.1133436	0.5238196	2.712278	-0.1041242	0.2990192	2.708214	-0.09163988	-0.007569734	2.694246	0.05264401	0.4601088	2.793888	-0.2686408	0.476999	2.668916	-0.01814244	-0.01229548	2.684376	-0.16298	-0.002650223	2.63682	0.1028583	0.1882712	2.810056	-0.344801	0.2070814	2.653835	0.02021701	-0.4664375	2.614427	-0.1959788	-0.3329605	2.537699	0.0463764	-0.9047664	2.691471	-0.1712936	-0.804059	2.625396	

0.1466528	-0.03741241	2.751894	-0.3407775	-0.04439232	2.576547	0.1555958	-0.1756756	2.709464	-0.3202719	-0.2137029	2.557471	0.1761989	-0.09288997	2.730193	-0.2628488	-0.1151173	2.534343	-0.05090181	0.735581	2.691073	-0.1187031	0.597418	2.710791	-0.1155163	0.5239559	2.71223	-0.1056429	0.2989564	2.708273	-0.09242394	-0.007766581	2.6944	0.0501355	0.4606153	2.794383	-0.2699935	0.4772755	2.668286	-0.01911704	-0.01252506	2.684698	-0.1635801	-0.002847509	2.636868	0.1010967	0.1881058	2.811108	-0.3464462	0.2086531	2.652572	0.01624356	-0.4083117	2.597942	-0.1889164	-0.3380093	2.569	0.04414154	-0.8775293	2.69063	-0.1598022	-0.8084353	2.658358	

0.1458823	-0.03759564	2.752	-0.3411431	-0.04493556	2.575624	0.1573834	-0.176606	2.716553	-0.3187853	-0.2142976	2.560187	0.1744867	-0.1307419	2.713938	-0.2631652	-0.1221504	2.540332	-0.05195976	0.7355816	2.691034	-0.1198457	0.5978451	2.710899	-0.1165951	0.5242939	2.712346	-0.1065133	0.2990508	2.708414	-0.09300223	-0.007931747	2.69457	0.04853794	0.4600099	2.793705	-0.2703431	0.4772636	2.668024	-0.01970945	-0.01263135	2.684971	-0.1641207	-0.003060773	2.636927	0.10009	0.187723	2.811901	-0.3470021	0.2080236	2.651428	0.01589334	-0.4072561	2.598956	-0.1870042	-0.3382535	2.568571	0.04405016	-0.8766701	2.690745	-0.1589944	-0.808587	2.658623	

0.1453049	-0.03765805	2.752384	-0.3413365	-0.04586044	2.574348	0.1540459	-0.1762006	2.709877	-0.3188907	-0.2216282	2.566008	0.1713387	-0.08969686	2.727166	-0.2625552	-0.1253344	2.533092	-0.05324221	0.7353004	2.691	-0.1210139	0.5981265	2.71099	-0.1176288	0.5245028	2.712442	-0.1071632	0.2990745	2.708522	-0.09324837	-0.008058116	2.694676	0.04689019	0.4597624	2.79317	-0.2710932	0.4771855	2.667697	-0.01994829	-0.01270169	2.685136	-0.1643689	-0.003243493	2.636967	0.09906155	0.1875125	2.812536	-0.3477833	0.2076508	2.650538	0.01878297	-0.4666808	2.618339	-0.1864861	-0.3386404	2.568636	0.04587267	-0.9098893	2.697746	-0.1586716	-0.8089486	2.658839	

0.1426417	-0.03874609	2.755044	-0.3421303	-0.04654333	2.572452	0.1544513	-0.175101	2.708144	-0.3190713	-0.2199715	2.564451	0.1740037	-0.1336945	2.713583	-0.2631269	-0.1296469	2.539095	-0.0550868	0.7351944	2.690254	-0.1226174	0.5981278	2.710203	-0.1192121	0.5244577	2.7118	-0.1086914	0.2988494	2.708286	-0.09470405	-0.008605538	2.694882	0.04510818	0.4592444	2.794195	-0.2735431	0.4764995	2.665323	-0.02170262	-0.01331196	2.685455	-0.1654817	-0.003745184	2.637	0.09654601	0.1868	2.81361	-0.3499162	0.2091136	2.647336	0.01753455	-0.4672395	2.618644	-0.1744401	-0.4602086	2.588494	0.04664582	-0.9086869	2.696023	-0.1533789	-0.8999233	2.678168	

0.1418274	-0.03910692	2.756872	-0.3425085	-0.04674087	2.57165	0.1565429	-0.1764745	2.717303	-0.323546	-0.214077	2.557638	0.1711643	-0.1215492	2.719916	-0.2661472	-0.1100591	2.538111	-0.05526037	0.7351431	2.690229	-0.1232281	0.5980783	2.709899	-0.1198254	0.5244083	2.71157	-0.1093066	0.2987893	2.708266	-0.0952991	-0.008708517	2.695163	0.04429948	0.4595977	2.795252	-0.2739304	0.4763264	2.664574	-0.02298233	-0.0133589	2.686232	-0.1656522	-0.003834379	2.637021	0.09551237	0.1866355	2.814289	-0.3501083	0.2088418	2.646666	0.01707435	-0.4673201	2.61891	-0.1902117	-0.3464038	2.572576	0.04517942	-0.9024351	2.690979	-0.158719	-0.816856	2.661142	

0.1390219	-0.0347218	2.759439	-0.342328	-0.04706265	2.571033	0.1554733	-0.1783	2.726803	-0.3153509	-0.2211993	2.563636	0.1628465	-0.07674579	2.740934	-0.2625429	-0.1348044	2.532739	-0.05604795	0.7348652	2.688702	-0.1241156	0.5979373	2.708878	-0.12076	0.5242621	2.710705	-0.1103806	0.2986099	2.707811	-0.09658132	-0.008981396	2.695227	0.04328617	0.4585486	2.795499	-0.2746203	0.4760189	2.66386	-0.0241337	-0.01379492	2.686605	-0.1670306	-0.003941386	2.636714	0.09129479	0.1908531	2.816258	-0.3503716	0.2088455	2.645716	0.0189453	-0.4188136	2.605731	-0.1899867	-0.3466088	2.572415	0.0447491	-0.8897762	2.691008	-0.1595547	-0.8170187	2.661469	

0.137841	-0.03688785	2.761084	-0.3422456	-0.04781185	2.570397	0.1489982	-0.1775725	2.720817	-0.3174531	-0.2197121	2.559922	0.1627844	-0.07725577	2.740054	-0.2653024	-0.1468234	2.547565	-0.05626104	0.7346475	2.688187	-0.1245376	0.5978482	2.708232	-0.1211641	0.5241647	2.710261	-0.1107688	0.2984787	2.707771	-0.09719668	-0.009300335	2.695837	0.04272201	0.4585036	2.79586	-0.2748656	0.4759425	2.663051	-0.02478967	-0.01403595	2.687359	-0.1675229	-0.004304034	2.637143	0.09076606	0.1889997	2.816991	-0.3507953	0.2072369	2.644548	0.01834334	-0.4191388	2.605963	-0.1880519	-0.3491098	2.571962	0.04460634	-0.890175	2.690767	-0.1593953	-0.8194581	2.661704	

0.1376341	-0.03710239	2.762881	-0.3422335	-0.04786962	2.570307	0.1488902	-0.1779248	2.727339	-0.3156403	-0.2202796	2.559892	0.166171	-0.09990243	2.738077	-0.2614579	-0.1336364	2.536441	-0.05669111	0.7342781	2.687499	-0.124773	0.5979371	2.707763	-0.1213916	0.5242245	2.709926	-0.11095	0.2984783	2.707719	-0.09741928	-0.009373527	2.696085	0.04166334	0.4590626	2.795985	-0.275398	0.475197	2.662202	-0.02498007	-0.01404947	2.687635	-0.1677388	-0.004432679	2.637338	0.09045807	0.1890092	2.81753	-0.3510679	0.2070036	2.644026	0.01693668	-0.4115362	2.605127	-0.1880353	-0.3492383	2.571993	0.04358025	-0.8827821	2.689057	-0.1594551	-0.8196316	2.66155	

0.1369563	-0.03737939	2.763188	-0.3422788	-0.04782507	2.570221	0.1509376	-0.1775592	2.728137	-0.3170162	-0.2194018	2.55629	0.1673281	-0.1192503	2.728616	-0.2631259	-0.1363978	2.541185	-0.05623799	0.7345048	2.686301	-0.1247886	0.5977887	2.707021	-0.121421	0.5240959	2.709357	-0.1109777	0.2984096	2.707579	-0.09741114	-0.009419144	2.696135	0.04150375	0.4588782	2.796035	-0.2754086	0.475607	2.661947	-0.02504735	-0.01412804	2.687797	-0.1676624	-0.004484729	2.637334	0.09041687	0.1888924	2.817674	-0.3508746	0.2068589	2.644011	0.01473093	-0.4136185	2.605274	-0.1878935	-0.3437781	2.570228	0.04472434	-0.8846406	2.689257	-0.1597877	-0.8141526	2.660147	

0.1368804	-0.03772563	2.762946	-0.3423249	-0.045076	2.571206	0.1516474	-0.1774226	2.722866	-0.3159374	-0.213792	2.55787	0.1671114	-0.07265095	2.753	-0.2626101	-0.1081689	2.547609	-0.0561689	0.7344776	2.686243	-0.124756	0.5975736	2.706741	-0.1213696	0.5239311	2.709162	-0.1108881	0.2983353	2.707566	-0.09691858	-0.00947286	2.696527	0.04146931	0.4589066	2.796176	-0.2753894	0.4755862	2.661833	-0.02473288	-0.0141445	2.688266	-0.1668838	-0.004585774	2.63764	0.09043382	0.1884675	2.817889	-0.3508498	0.2085517	2.644332	0.01718938	-0.4672664	2.620438	-0.210743	-0.3335507	2.542048	0.04596502	-0.9088693	2.694659	-0.1785238	-0.8048579	2.626993	

0.1368601	-0.03782952	2.763215	-0.3423221	-0.04505164	2.571239	0.1526198	-0.1779197	2.729541	-0.3141956	-0.2208638	2.565531	0.1650824	-0.08170513	2.739316	-0.2602437	-0.1448779	2.535286	-0.05612761	0.7344055	2.686186	-0.124826	0.5973894	2.706501	-0.1214348	0.5237641	2.708994	-0.1109336	0.2982018	2.707573	-0.09693285	-0.009712359	2.696889	0.04137699	0.4587113	2.795568	-0.2752768	0.4754417	2.661817	-0.02460732	-0.01435928	2.688695	-0.1670119	-0.004850323	2.637936	0.09058466	0.1884207	2.818015	-0.3505809	0.2082762	2.644286	0.01116418	-0.3942454	2.605794	-0.1776825	-0.34121	2.564787	0.04320026	-0.8656718	2.687751	-0.1581174	-0.8109769	2.659238	

0.1370949	-0.03818853	2.762706	-0.3418501	-0.0455704	2.570892	0.1543352	-0.1777636	2.720027	-0.314349	-0.2146788	2.561239	0.1717206	-0.1262685	2.724072	-0.2632815	-0.125734	2.533412	-0.05489979	0.7343234	2.685838	-0.1241928	0.5970738	2.7064	-0.1209115	0.5235121	2.708888	-0.1106615	0.2980986	2.707519	-0.09681504	-0.009698255	2.696885	0.04181826	0.4583969	2.795482	-0.2751269	0.475643	2.661942	-0.02440475	-0.01431017	2.688716	-0.1669405	-0.004856394	2.637907	0.09104425	0.1880018	2.818005	-0.3500316	0.20803	2.644235	0.01021846	-0.3828152	2.600978	-0.1780605	-0.3426348	2.565485	0.04242418	-0.8534539	2.686966	-0.1577277	-0.8124886	2.659392	

0.1382512	-0.0384705	2.763119	-0.3408668	-0.0457777	2.570538	0.1570747	-0.1776089	2.718982	-0.3080774	-0.2207613	2.55844	0.1722938	-0.1093093	2.7281	-0.2600521	-0.1104543	2.534842	-0.05337086	0.7343314	2.685854	-0.123712	0.5973491	2.70632	-0.1204433	0.523771	2.708802	-0.1102183	0.2983154	2.707479	-0.09630556	-0.009469855	2.696929	0.04254395	0.4584329	2.796212	-0.2738272	0.4761004	2.662204	-0.02392059	-0.01416651	2.688956	-0.1663165	-0.004494867	2.637705	0.09161033	0.1876762	2.817997	-0.3489304	0.2073984	2.644169	0.01141353	-0.3839382	2.600792	-0.1785586	-0.3429645	2.565863	0.0426106	-0.854761	2.686204	-0.1577712	-0.8128192	2.659676	

0.138483	-0.03718271	2.763735	-0.3399335	-0.04432156	2.570515	0.1587604	-0.1804666	2.714342	-0.3115169	-0.2133367	2.557691	0.1688494	-0.07060001	2.740444	-0.2603328	-0.117808	2.537335	-0.05172376	0.7346233	2.685325	-0.1228695	0.5973316	2.706232	-0.1196643	0.5237551	2.708686	-0.1096048	0.298308	2.707348	-0.09582621	-0.009436211	2.696807	0.04338083	0.4578698	2.79628	-0.2726199	0.4769646	2.662427	-0.0235124	-0.01422928	2.689005	-0.1656892	-0.004331379	2.637311	0.09240801	0.189134	2.81834	-0.3478669	0.207432	2.644118	0.01893436	-0.4665713	2.620399	-0.1826276	-0.3352072	2.540301	0.04701996	-0.9100705	2.696918	-0.1650909	-0.8067157	2.62764	

0.1393151	-0.03831876	2.76349	-0.337645	-0.04707674	2.569964	0.1586714	-0.177407	2.714651	-0.308631	-0.2148197	2.55462	0.1700164	-0.07332665	2.739644	-0.2599339	-0.09813992	2.536391	-0.04977144	0.7344236	2.685636	-0.121616	0.5973118	2.706448	-0.1185519	0.5237566	2.70881	-0.108833	0.2983639	2.707315	-0.09533164	-0.009298182	2.696654	0.04476682	0.4569121	2.796718	-0.2712379	0.4772044	2.662284	-0.02307964	-0.0142011	2.689037	-0.1650896	-0.004043923	2.636878	0.09381311	0.1879971	2.818633	-0.3462422	0.2087411	2.644874	0.01888346	-0.4666751	2.620045	-0.1898433	-0.3382082	2.56659	0.04689882	-0.9098266	2.696574	-0.160214	-0.8079901	2.658901	

0.140284	-0.03927228	2.763346	-0.3367428	-0.04677889	2.569756	0.1620976	-0.1825146	2.724202	-0.3036175	-0.2191558	2.560193	0.1795071	-0.133316	2.7315	-0.2542644	-0.1633571	2.5313	-0.04879225	0.7343013	2.686108	-0.1197101	0.5972893	2.707065	-0.1168775	0.5237297	2.709303	-0.1077627	0.2983358	2.707564	-0.09484615	-0.0092946	2.696708	0.04643725	0.4578026	2.797948	-0.269748	0.477239	2.662497	-0.02256827	-0.0142611	2.689114	-0.1646622	-0.00399324	2.636911	0.0951124	0.187097	2.818508	-0.3448558	0.2097406	2.64541	0.01767421	-0.3974913	2.59797	-0.1866793	-0.3408436	2.567353	0.04385788	-0.8677569	2.686968	-0.1591673	-0.8107941	2.659386	

0.1412514	-0.03948626	2.7636	-0.3352463	-0.04487556	2.569901	0.1616647	-0.1839618	2.72194	-0.3071634	-0.2145346	2.559145	0.1819066	-0.1326195	2.722835	-0.2556365	-0.1036211	2.532834	-0.04634898	0.7338039	2.686727	-0.1184479	0.5975171	2.707469	-0.1155587	0.5239602	2.709597	-0.1062525	0.2985868	2.707554	-0.09300876	-0.008953334	2.696224	0.04752513	0.4576976	2.798691	-0.2678571	0.4780922	2.66311	-0.0217071	-0.0140222	2.688929	-0.161597	-0.003591222	2.636002	0.09628373	0.1868603	2.819043	-0.3437113	0.2110108	2.645476	0.01858356	-0.399185	2.599748	-0.1844948	-0.3428705	2.569252	0.04362511	-0.8698012	2.687382	-0.1585045	-0.8131053	2.660332	

0.1418921	-0.03972668	2.763496	-0.334302	-0.04531815	2.569976	0.1606801	-0.1831807	2.717273	-0.3058024	-0.2142439	2.559994	0.1735157	-0.0768413	2.741778	-0.2501994	-0.1653861	2.53925	-0.04569671	0.7337783	2.686977	-0.1168483	0.5977275	2.707492	-0.1142374	0.524142	2.709642	-0.1056413	0.2986941	2.707656	-0.09292128	-0.008902824	2.696322	0.04853652	0.4575002	2.799281	-0.2668844	0.4782781	2.66345	-0.02149388	-0.01397978	2.689167	-0.1615912	-0.003550712	2.63603	0.09717895	0.1865617	2.81944	-0.3422962	0.2117867	2.645885	0.02030089	-0.4662738	2.620111	-0.1831237	-0.3446035	2.570953	0.04373217	-0.902777	2.69003	-0.1577655	-0.8151155	2.66089	

0.1420582	-0.04000923	2.763426	-0.3339919	-0.04546092	2.569847	0.1609153	-0.1817822	2.726115	-0.2900156	-0.2254327	2.559598	0.1748834	-0.07520268	2.743342	-0.253706	-0.1310818	2.534238	-0.04453586	0.7339808	2.687266	-0.116267	0.5978321	2.707503	-0.1136755	0.5242329	2.709642	-0.1051942	0.2987439	2.707647	-0.09270641	-0.008887613	2.696317	0.04921415	0.4572808	2.799438	-0.2657233	0.4787314	2.663772	-0.02097689	-0.01398245	2.689117	-0.1615693	-0.003540752	2.636039	0.097938	0.1863111	2.819752	-0.3411176	0.2122279	2.64618	0.02050117	-0.4664168	2.619984	-0.1826044	-0.344583	2.570446	0.04425513	-0.9029152	2.689739	-0.157421	-0.8149647	2.661006	

0.1417536	-0.03744445	2.763963	-0.3338895	-0.04551617	2.569875	0.1616566	-0.1829296	2.721473	-0.2979007	-0.2150509	2.561135	0.1760571	-0.08968209	2.735834	-0.2508268	-0.1145967	2.5311	-0.04325756	0.7339598	2.687365	-0.1157452	0.5978702	2.707719	-0.1132076	0.5242273	2.709822	-0.1048856	0.2986367	2.707751	-0.09258032	-0.009082842	2.696364	0.04974699	0.4570816	2.799562	-0.2647849	0.4788558	2.663738	-0.02062683	-0.01459439	2.689056	-0.1615645	-0.003562356	2.636122	0.09854295	0.1894456	2.820789	-0.3403886	0.2128638	2.646396	0.02092121	-0.467103	2.619564	-0.181909	-0.3441066	2.570217	0.04511458	-0.9013942	2.687897	-0.1569908	-0.8144383	2.661071	

0.1426378	-0.03783494	2.763958	-0.3326549	-0.0433129	2.570441	0.1650141	-0.1822992	2.719473	-0.309009	-0.2126271	2.563246	0.1823891	-0.145169	2.715858	-0.2522967	-0.126678	2.538639	-0.0420475	0.7339038	2.687447	-0.1140677	0.5978384	2.708056	-0.1115942	0.5242126	2.710145	-0.1035396	0.2986655	2.708055	-0.09172511	-0.009002524	2.69663	0.05057968	0.4582865	2.800471	-0.2644592	0.4790117	2.66389	-0.01970452	-0.01448246	2.689075	-0.1608713	-0.003484493	2.636655	0.09946414	0.1887082	2.820949	-0.3400284	0.2130272	2.646517	0.01548584	-0.3877977	2.603855	-0.1801432	-0.334473	2.540324	0.04313773	-0.8601058	2.683018	-0.1638162	-0.8059945	2.627808	

0.1430647	-0.03794913	2.764107	-0.3319056	-0.04419147	2.570438	0.1683617	-0.1833906	2.720521	-0.2975742	-0.2141347	2.56008	0.1852445	-0.1422879	2.722343	-0.250151	-0.1060393	2.5305	-0.04161906	0.7338986	2.687488	-0.1132093	0.5976878	2.708256	-0.1108041	0.5240867	2.71032	-0.1029756	0.2986045	2.708175	-0.09148043	-0.008996472	2.696694	0.05113775	0.4578975	2.800485	-0.2640471	0.4791173	2.66404	-0.01945978	-0.01444899	2.689354	-0.1606233	-0.003486549	2.636563	0.1000715	0.1884384	2.821051	-0.3395647	0.2132048	2.646638	0.02433145	-0.4289912	2.607314	-0.1671903	-0.4593141	2.590366	0.04530952	-0.9005191	2.690751	-0.1526683	-0.8982263	2.679101	

0.1438174	-0.03828266	2.764445	-0.3314053	-0.04236813	2.571222	0.1665926	-0.1832058	2.728821	-0.2992927	-0.2151226	2.561987	0.1842999	-0.1488448	2.7285	-0.2515564	-0.1105446	2.528996	-0.04060239	0.7339236	2.688153	-0.1128034	0.5977904	2.708591	-0.1103883	0.5241905	2.71064	-0.1025532	0.2987117	2.708461	-0.0911272	-0.008881633	2.69693	0.05153972	0.4575912	2.800295	-0.2635049	0.4791764	2.66443	-0.01885314	-0.01422555	2.689627	-0.1605061	-0.003438181	2.636756	0.1008437	0.1880913	2.82142	-0.339181	0.2132272	2.646938	0.02610031	-0.4177292	2.609373	-0.1738208	-0.3528562	2.574534	0.04561878	-0.8897073	2.691255	-0.155456	-0.8238832	2.663283	

0.144283	-0.03872904	2.764445	-0.330699	-0.0440555	2.571069	0.1684855	-0.1837846	2.727691	-0.3095038	-0.21277	2.563722	0.1776291	-0.08576301	2.7408	-0.2507211	-0.1010754	2.5346	-0.03983366	0.7343087	2.688372	-0.1118419	0.5979854	2.708725	-0.1094863	0.5243453	2.710772	-0.1018494	0.298758	2.708592	-0.09071828	-0.008929999	2.697056	0.05268509	0.4574471	2.800642	-0.2627313	0.4792359	2.664823	-0.01843402	-0.01428476	2.689683	-0.160205	-0.003461031	2.636942	0.1015427	0.1876678	2.821472	-0.3384866	0.2136282	2.647038	0.02525604	-0.4152839	2.609439	-0.1677793	-0.4592343	2.596112	0.04312705	-0.8869175	2.693364	-0.1527204	-0.8986816	2.679008	

0.1452774	-0.03894453	2.764317	-0.3302158	-0.04225924	2.571321	0.1688305	-0.1842296	2.730068	-0.2979933	-0.2149975	2.560513	0.1805862	-0.1157244	2.728923	-0.2515196	-0.09580551	2.528762	-0.0390901	0.7343435	2.689158	-0.1113681	0.5977919	2.709027	-0.1089572	0.524191	2.711085	-0.1011374	0.2987385	2.708961	-0.08977357	-0.008702375	2.697525	0.05376199	0.4582631	2.801714	-0.2618499	0.4790503	2.665185	-0.0175225	-0.01394596	2.689911	-0.1593283	-0.003341241	2.63769	0.101999	0.1873019	2.821511	-0.3378055	0.2156424	2.647178	0.02568701	-0.4157537	2.60863	-0.1680742	-0.4590735	2.594468	0.04428485	-0.8882374	2.688268	-0.1525662	-0.898478	2.679209	

0.146425	-0.04012291	2.76413	-0.3295876	-0.0437513	2.571159	0.170257	-0.1815677	2.721084	-0.2988264	-0.2155443	2.562419	0.1836522	-0.07413957	2.749666	-0.2479793	-0.1170806	2.532941	-0.03862981	0.7341539	2.689718	-0.1104747	0.5974737	2.709701	-0.1081275	0.5239426	2.711645	-0.1005009	0.2986586	2.709249	-0.08937938	-0.008636206	2.697576	0.05409952	0.4581583	2.80142	-0.261358	0.4793036	2.66543	-0.01724094	-0.01379312	2.689868	-0.1588479	-0.003375232	2.637865	0.1030101	0.1861064	2.821221	-0.3371324	0.2148879	2.647544	0.02402374	-0.4079399	2.605005	-0.1682401	-0.3411983	2.570659	0.04412042	-0.8798661	2.687321	-0.1547076	-0.8121695	2.660672	

0.1471377	-0.04063088	2.764163	-0.3293626	-0.04424956	2.571287	0.1691366	-0.1813327	2.722037	-0.3005577	-0.2144916	2.562106	0.1781118	-0.07349993	2.737883	-0.2504583	-0.1205848	2.544818	-0.03792588	0.7342361	2.690102	-0.110262	0.5975832	2.710044	-0.1078497	0.5240422	2.712007	-0.09999723	0.2987212	2.709676	-0.08855168	-0.008640509	2.69808	0.05494493	0.4575485	2.801584	-0.2611135	0.4794309	2.665813	-0.01622412	-0.01371126	2.690284	-0.1582774	-0.003439316	2.63844	0.1036145	0.185558	2.821299	-0.3368302	0.215042	2.647732	0.02444071	-0.4383342	2.608543	-0.170276	-0.4589153	2.592544	0.04331632	-0.9020221	2.692682	-0.152389	-0.8986384	2.679033	

0.1481377	-0.04055487	2.763833	-0.329514	-0.04254259	2.571863	0.167648	-0.1769368	2.71374	-0.301517	-0.2141806	2.559196	0.1825606	-0.1303668	2.716562	-0.2460659	-0.1646307	2.528556	-0.03706707	0.7342148	2.690196	-0.1099902	0.5976372	2.710355	-0.1075628	0.5241148	2.712306	-0.09968365	0.2988523	2.709936	-0.08825085	-0.008425008	2.69828	0.05536264	0.4570904	2.801474	-0.2605926	0.4794776	2.665982	-0.01582798	-0.01348252	2.690523	-0.1581062	-0.003243442	2.638603	0.104077	0.1854799	2.821159	-0.3365375	0.2156879	2.647968	0.02197278	-0.4027204	2.604584	-0.1758402	-0.3376883	2.5665	0.04200856	-0.8740385	2.691518	-0.155869	-0.8082474	2.658995	

0.1487633	-0.04037734	2.76368	-0.3293702	-0.04294028	2.571909	0.1719861	-0.1770724	2.718328	-0.2870209	-0.2196851	2.557702	0.184267	-0.08985537	2.734278	-0.2493636	-0.1084268	2.538765	-0.03669853	0.7342941	2.690438	-0.1095247	0.5977486	2.710689	-0.1071427	0.5242264	2.712587	-0.09940656	0.2989591	2.71008	-0.08814228	-0.008334856	2.698305	0.05591152	0.4570688	2.801816	-0.2601448	0.4797169	2.666363	-0.0157833	-0.01341104	2.690491	-0.1579212	-0.003117884	2.638725	0.1044866	0.185561	2.82122	-0.3363809	0.2158778	2.648095	0.02478573	-0.4130974	2.605103	-0.1705809	-0.4586388	2.590705	0.04493422	-0.8852538	2.687765	-0.1518928	-0.8990583	2.679709	

0.1496638	-0.04006549	2.763002	-0.3293141	-0.04327302	2.571948	0.1751294	-0.1766359	2.717209	-0.2911716	-0.2130639	2.558285	0.1899049	-0.1243493	2.719389	-0.2501352	-0.1066327	2.526445	-0.03604213	0.7342321	2.690848	-0.1090009	0.5977391	2.711281	-0.1066072	0.5242534	2.713141	-0.09885742	0.2990955	2.710521	-0.08762591	-0.008051017	2.698601	0.0570577	0.4574148	2.802594	-0.2594401	0.4798253	2.666492	-0.01522293	-0.01310524	2.690803	-0.1575256	-0.002867587	2.638991	0.1049733	0.1856677	2.821084	-0.3362154	0.2159842	2.648394	0.02480934	-0.4130695	2.605122	-0.1692338	-0.4584549	2.592871	0.04521687	-0.8852679	2.687527	-0.1518823	-0.8989925	2.679791	

0.15073	-0.0398548	2.763098	-0.3292425	-0.04173417	2.572752	0.1781348	-0.176245	2.709578	-0.2865141	-0.2126579	2.560316	0.1914887	-0.1302292	2.706333	-0.2500457	-0.1006398	2.532648	-0.03540545	0.7344987	2.691711	-0.108496	0.5977312	2.71177	-0.1060855	0.52424	2.713626	-0.09831302	0.2990691	2.710986	-0.08712804	-0.008080385	2.699001	0.05745659	0.4570042	2.802375	-0.259067	0.4799267	2.666773	-0.01470428	-0.01314128	2.691211	-0.1571183	-0.00288106	2.639369	0.1054105	0.1857454	2.821154	-0.3358085	0.2178386	2.649038	0.02522278	-0.4165811	2.605799	-0.1695561	-0.4583915	2.590376	0.04185381	-0.8885183	2.690064	-0.1519926	-0.8989442	2.679886	

0.1513807	-0.03896226	2.762729	-0.3293745	-0.04010565	2.573834	0.1769948	-0.1771477	2.71577	-0.2921386	-0.2145282	2.561785	0.187223	-0.1083803	2.716429	-0.2516597	-0.1065823	2.546333	-0.03519854	0.7348744	2.692511	-0.1078512	0.597913	2.712233	-0.1054264	0.5244409	2.714128	-0.09763415	0.2993337	2.711602	-0.08648355	-0.007712389	2.699767	0.05813141	0.4578882	2.802693	-0.2588497	0.4800415	2.666982	-0.01386895	-0.012652	2.692039	-0.1566969	-0.002619509	2.640073	0.1064535	0.1866756	2.820939	-0.3358065	0.2178358	2.649047	0.02521758	-0.4655572	2.622792	-0.16899	-0.4581237	2.590497	0.04554378	-0.9022918	2.690821	-0.1518763	-0.8990811	2.679989	

0.1517402	-0.03864355	2.762665	-0.3290791	-0.03948005	2.574134	0.1720874	-0.1771239	2.719272	-0.2954268	-0.2161642	2.567931	0.1951981	-0.1691233	2.724	-0.2486622	-0.1127077	2.536171	-0.03502226	0.7350134	2.692775	-0.1073488	0.5982372	2.712608	-0.104945	0.5247467	2.714508	-0.09722812	0.299587	2.711992	-0.08620032	-0.007518143	2.700155	0.05859211	0.458093	2.802877	-0.2584584	0.480298	2.667878	-0.01354965	-0.01243772	2.692566	-0.1564845	-0.002449569	2.64034	0.1069544	0.1870252	2.820821	-0.3358183	0.2172818	2.649618	0.02122726	-0.3783666	2.603877	-0.1712154	-0.340941	2.574564	0.04355657	-0.8514761	2.681347	-0.1548062	-0.8124909	2.662161	

0.1522798	-0.03845578	2.762423	-0.3289081	-0.03877605	2.574399	0.1704586	-0.1767833	2.720047	-0.2985338	-0.2144673	2.563421	0.1887706	-0.1184637	2.726778	-0.2476787	-0.1030005	2.53961	-0.03491605	0.7351466	2.693115	-0.106853	0.5987027	2.713258	-0.1044648	0.5251745	2.715132	-0.09680723	0.2999089	2.712539	-0.08588507	-0.007316579	2.700596	0.05903097	0.458515	2.803057	-0.2581875	0.4804444	2.668	-0.01329254	-0.01215752	2.692853	-0.1561284	-0.002342832	2.640989	0.1071475	0.1870951	2.820759	-0.3354669	0.217331	2.650032	0.02587104	-0.4645267	2.618988	-0.1682536	-0.4576452	2.590796	0.04759771	-0.9029729	2.6917	-0.1515804	-0.8988596	2.680047	

0.1526549	-0.03839806	2.762383	-0.3276395	-0.04190711	2.574381	0.1721179	-0.1771535	2.719717	-0.2892306	-0.2195551	2.563201	0.1865857	-0.08346337	2.743667	-0.2473963	-0.1163595	2.547035	-0.03467438	0.7354124	2.693471	-0.106669	0.5987003	2.713406	-0.1042782	0.5251707	2.715294	-0.09662063	0.2999017	2.712742	-0.08572055	-0.007325556	2.700853	0.05926064	0.4586946	2.803017	-0.2579379	0.480503	2.668294	-0.01317131	-0.0121718	2.692901	-0.1559486	-0.002330459	2.641644	0.1075166	0.1871921	2.820485	-0.3348279	0.2173383	2.650813	0.02777334	-0.4304712	2.607653	-0.1692278	-0.4575802	2.590934	0.04753064	-0.9021528	2.690768	-0.1515536	-0.8984219	2.680001	

0.1532758	-0.03806773	2.761771	-0.3275213	-0.04200218	2.574378	0.1660326	-0.1773024	2.713086	-0.2747808	-0.2196198	2.555779	0.1881484	-0.112637	2.7226	-0.2483159	-0.1123734	2.539606	-0.03497084	0.736233	2.693908	-0.1064188	0.5991015	2.714213	-0.1039814	0.525528	2.716025	-0.09620244	0.3001501	2.713283	-0.08514643	-0.007183995	2.701208	0.05947172	0.458786	2.802831	-0.2577023	0.4807732	2.669317	-0.01243633	-0.01188853	2.693212	-0.1555528	-0.002304904	2.642003	0.1079618	0.1873649	2.820425	-0.3322646	0.2131931	2.652323	0.02369938	-0.4100822	2.605197	-0.1696842	-0.4577716	2.591034	0.04297217	-0.8810865	2.692175	-0.1517913	-0.8989303	2.681197	

0.1539298	-0.03832936	2.761109	-0.3256971	-0.0438827	2.574817	0.1719663	-0.1775722	2.718566	-0.2735922	-0.2253184	2.550205	0.1866879	-0.07409177	2.7325	-0.2392566	-0.1539684	2.528572	-0.0375908	0.7387514	2.696794	-0.1072667	0.6006132	2.716306	-0.1045653	0.5268177	2.717771	-0.09621967	0.3008931	2.714201	-0.08480018	-0.006854755	2.701513	0.05955811	0.4595588	2.802248	-0.2580261	0.4810356	2.671294	-0.0119172	-0.01131119	2.69347	-0.1553583	-0.002159669	2.642318	0.1089343	0.187173	2.819735	-0.331201	0.2112339	2.653481	0.02496889	-0.4191547	2.60709	-0.1689399	-0.4576766	2.592534	0.04400646	-0.8902235	2.693556	-0.1516558	-0.8989136	2.681213	

0.1550333	-0.0388237	2.7596	-0.3254109	-0.04308858	2.575009	0.1720093	-0.1797927	2.712213	-0.2855407	-0.2201101	2.562919	0.1884623	-0.09208634	2.720217	-0.2429596	-0.1214787	2.543526	-0.03869716	0.7404392	2.698012	-0.1072847	0.6007594	2.716523	-0.1045581	0.5269404	2.717952	-0.09615162	0.3009534	2.714282	-0.08458416	-0.006853172	2.70149	0.05979407	0.4600373	2.802071	-0.2581797	0.4807697	2.671688	-0.01170772	-0.01127421	2.693169	-0.1549948	-0.002201434	2.642564	0.1100355	0.186678	2.818231	-0.3309945	0.2103161	2.653772	0.02522852	-0.4166878	2.607666	-0.1688223	-0.4579555	2.592268	0.04542032	-0.8885254	2.69034	-0.1516515	-0.8988844	2.681152	

0.1553148	-0.038269	2.757689	-0.3249224	-0.04217058	2.575194	0.1731984	-0.1811821	2.711437	-0.2701316	-0.2241035	2.549779	0.1855177	-0.07724475	2.729823	-0.2418855	-0.1095156	2.5393	-0.03996451	0.7416831	2.69911	-0.1072146	0.6014146	2.717163	-0.1044702	0.5274863	2.718472	-0.09602537	0.301208	2.714489	-0.08442979	-0.006808951	2.701465	0.05992579	0.4610456	2.801855	-0.2579681	0.4803183	2.672421	-0.01154841	-0.01111076	2.692996	-0.1548068	-0.002244374	2.642646	0.1104687	0.1870474	2.817332	-0.3301432	0.2101078	2.654306	0.02497956	-0.4164551	2.607669	-0.1690054	-0.4582184	2.591617	0.04463435	-0.8879753	2.691975	-0.1518549	-0.8989469	2.680845	

0.1561214	-0.03814768	2.754602	-0.3244432	-0.04144528	2.575339	0.1693078	-0.1768238	2.701883	-0.2757205	-0.2221934	2.562731	0.1892268	-0.08293298	2.72058	-0.2426308	-0.1213464	2.553765	-0.04135561	0.7426497	2.700157	-0.1074383	0.6017017	2.717598	-0.1046669	0.5277556	2.718836	-0.09612477	0.30139	2.714639	-0.08444604	-0.006740088	2.701435	0.06003487	0.461675	2.801139	-0.2583669	0.4801434	2.672992	-0.0114601	-0.0108562	2.692744	-0.1549278	-0.002220431	2.642714	0.1109194	0.1868016	2.815578	-0.3297206	0.2109904	2.655127	0.02394334	-0.4113013	2.60574	-0.1753144	-0.3426825	2.572602	0.04545754	-0.8832866	2.687579	-0.1552834	-0.813517	2.662414	

0.1572013	-0.03759273	2.748437	-0.3239196	-0.04218529	2.575203	0.1721696	-0.1783145	2.696113	-0.289589	-0.2142386	2.566086	0.1920642	-0.07905116	2.719	-0.2447001	-0.1247278	2.548009	-0.04274282	0.7437651	2.700987	-0.1075282	0.6019785	2.717947	-0.1047268	0.5279485	2.719063	-0.09612533	0.3014112	2.714647	-0.08434018	-0.006878022	2.701094	0.06023819	0.4628315	2.800743	-0.2585479	0.4800927	2.673384	-0.0114105	-0.01078583	2.691921	-0.1547906	-0.002558446	2.642593	0.1120274	0.1863896	2.813549	-0.3294986	0.2110973	2.655559	0.0222015	-0.4645989	2.622406	-0.16881	-0.4584199	2.591314	0.04605233	-0.9048813	2.6919	-0.1518246	-0.8991313	2.680637	

0.157791	-0.03710592	2.745084	-0.3231573	-0.04366487	2.574678	0.1690406	-0.1806323	2.700221	-0.2755645	-0.2174969	2.552026	0.1877757	-0.1104752	2.710875	-0.2416227	-0.119025	2.544192	-0.04408558	0.7445976	2.701607	-0.1077194	0.6021193	2.718231	-0.1048412	0.5280703	2.719233	-0.09611419	0.3014865	2.714626	-0.08394238	-0.006692844	2.700412	0.0601593	0.4637752	2.799241	-0.2588995	0.4800606	2.674121	-0.01081484	-0.0101737	2.689748	-0.1546092	-0.002569771	2.642568	0.1124649	0.186459	2.811767	-0.3291995	0.2111939	2.655949	0.02074556	-0.3997051	2.605779	-0.1688311	-0.4586733	2.591386	0.04379807	-0.8717853	2.686288	-0.1513719	-0.898681	2.680515	

0.1579545	-0.03633481	2.74171	-0.3229072	-0.04451387	2.574894	0.1677021	-0.1819777	2.692624	-0.2607175	-0.2342734	2.540957	0.1895653	-0.09919157	2.702556	-0.2468443	-0.1017583	2.538158	-0.04562315	0.74541	2.702326	-0.1080507	0.6025007	2.718561	-0.1050626	0.528383	2.719444	-0.09611791	0.3016337	2.714594	-0.08358891	-0.006576825	2.699854	0.06026108	0.4645692	2.798593	-0.2592587	0.4802501	2.675167	-0.0106091	-0.009848908	2.688331	-0.1542194	-0.002602964	2.642542	0.113014	0.1869437	2.809848	-0.3291347	0.2106398	2.656693	0.02084221	-0.3998518	2.605651	-0.1759319	-0.3491323	2.57454	0.04453724	-0.8717028	2.687124	-0.1546078	-0.819912	2.663391	

0.1579201	-0.03623103	2.739055	-0.324414	-0.042913	2.578825	0.1670671	-0.182524	2.689323	-0.2644206	-0.2379741	2.543204	0.190659	-0.110708	2.697215	-0.2474208	-0.1015381	2.542636	-0.04697337	0.746148	2.702003	-0.1083777	0.6026512	2.718813	-0.1053833	0.5285521	2.719635	-0.0963756	0.3018215	2.714573	-0.0838859	-0.006371159	2.69948	0.0600146	0.4651222	2.795794	-0.2597193	0.4799827	2.676001	-0.01072937	-0.009483295	2.687346	-0.1547753	-0.002500571	2.642628	0.1133435	0.1871291	2.807195	-0.330202	0.2110807	2.660017	0.02264106	-0.4045663	2.604431	-0.2002959	-0.3313075	2.546294	0.04510598	-0.8760572	2.687802	-0.1713488	-0.8023396	2.632885	

0.1580801	-0.03464691	2.737463	-0.3259384	-0.04169787	2.581784	0.1670435	-0.1802127	2.689377	-0.2804365	-0.2205871	2.568206	0.1893706	-0.08535755	2.7042	-0.2440336	-0.1420543	2.534182	-0.04836643	0.7466334	2.70139	-0.1086052	0.6026834	2.718847	-0.1055761	0.5285924	2.719636	-0.09648656	0.301875	2.714446	-0.08390175	-0.006348181	2.698934	0.0597582	0.4657424	2.794093	-0.260426	0.4796325	2.676751	-0.01068285	-0.009218403	2.685795	-0.1548021	-0.002559276	2.642624	0.1134032	0.1890158	2.804407	-0.3308183	0.2091699	2.661667	0.02246249	-0.3989926	2.602917	-0.2005451	-0.3311877	2.545495	0.04513953	-0.8703163	2.687199	-0.1715976	-0.8021772	2.63229	

0.158324	-0.03457414	2.736826	-0.3276082	-0.04307307	2.583756	0.1643066	-0.1820967	2.688746	-0.2676552	-0.2259204	2.551542	0.1892756	-0.122667	2.692667	-0.2512421	-0.1179184	2.540348	-0.05016325	0.7465792	2.701588	-0.109032	0.6026327	2.718889	-0.1059454	0.5285976	2.719641	-0.09671372	0.3020002	2.714311	-0.08401585	-0.006056658	2.698507	0.05976627	0.466287	2.793396	-0.2605667	0.4794613	2.676933	-0.01075497	-0.008992294	2.685375	-0.1549263	-0.00237382	2.642479	0.1136771	0.1892761	2.803084	-0.3310678	0.2090031	2.662846	0.02249441	-0.3988236	2.602692	-0.175807	-0.3540971	2.574529	0.04524976	-0.8704745	2.685399	-0.1545104	-0.8245363	2.664779	

0.1584911	-0.03439627	2.735842	-0.3299614	-0.04129079	2.586656	0.1643458	-0.1824455	2.68686	-0.2850148	-0.225262	2.570868	0.1926004	-0.1594947	2.687667	-0.2502227	-0.1223346	2.543106	-0.05151897	0.7470821	2.700871	-0.1095781	0.6026325	2.718933	-0.1064633	0.5286416	2.719648	-0.09711154	0.3021465	2.714159	-0.08430723	-0.005843727	2.698134	0.05947954	0.4670049	2.791808	-0.2608763	0.4792957	2.677131	-0.01102593	-0.008653702	2.684854	-0.1552009	-0.0023247	2.642394	0.1139693	0.1894798	2.802139	-0.332013	0.2077876	2.663287	0.02250525	-0.398862	2.602244	-0.1793168	-0.3777652	2.578522	0.04508388	-0.8702806	2.686104	-0.1540407	-0.8476222	2.669879	

0.1584898	-0.03411503	2.734768	-0.3305658	-0.04111722	2.587382	0.1639424	-0.1820766	2.688105	-0.3029352	-0.2188215	2.578129	0.1870675	-0.08382752	2.705615	-0.2498492	-0.1310143	2.545321	-0.05272489	0.7470536	2.699965	-0.1102855	0.6023711	2.718466	-0.1071393	0.5284712	2.719225	-0.09767234	0.302192	2.713768	-0.08472479	-0.005647969	2.697793	0.05897951	0.4681585	2.790502	-0.2619041	0.478932	2.677433	-0.01123954	-0.008498289	2.684298	-0.1559717	-0.002113455	2.642418	0.1142921	0.1898877	2.800872	-0.3329679	0.206725	2.663634	0.02185273	-0.4006287	2.601786	-0.1797836	-0.3564827	2.574651	0.04555442	-0.8717175	2.686896	-0.1552055	-0.8265899	2.665642	

0.1584084	-0.03427379	2.733688	-0.3307108	-0.04110478	2.587306	0.1673345	-0.1819688	2.685271	-0.2804032	-0.2290711	2.561201	0.1870703	-0.09998544	2.692667	-0.2510478	-0.1198845	2.541275	-0.0534042	0.7470669	2.699542	-0.1104776	0.6021791	2.718201	-0.1074248	0.5282674	2.718889	-0.09831044	0.3019441	2.713073	-0.08601226	-0.006066523	2.696451	0.05731973	0.4663904	2.786366	-0.2629507	0.4788113	2.67711	-0.01252189	-0.00907402	2.682787	-0.1571633	-0.002450552	2.641573	0.1143439	0.1897043	2.800034	-0.3334002	0.2067758	2.663416	0.02050044	-0.4090785	2.599347	-0.1786803	-0.3646302	2.573793	0.04460279	-0.8793684	2.687826	-0.1546762	-0.8342309	2.666911	

0.1582716	-0.0345678	2.732821	-0.3314073	-0.04102151	2.587154	0.1643478	-0.182479	2.68733	-0.3116073	-0.2128863	2.568248	0.1868262	-0.09247875	2.697805	-0.2518745	-0.1281355	2.534084	-0.05405419	0.7472636	2.699177	-0.1107735	0.6022199	2.717956	-0.1077197	0.5283174	2.718621	-0.09855524	0.3020136	2.712693	-0.08613048	-0.006036428	2.695946	0.05721677	0.46653	2.786095	-0.2639356	0.4781209	2.67682	-0.01277418	-0.008982861	2.682132	-0.1571889	-0.002493156	2.641356	0.1142875	0.1893887	2.799353	-0.3339458	0.2059905	2.663409	0.02057929	-0.4041901	2.597661	-0.2054588	-0.330466	2.544013	0.0447883	-0.8743911	2.686655	-0.1734743	-0.800957	2.632268	

0.1579918	-0.03422335	2.732336	-0.3317714	-0.04087801	2.58685	0.1615182	-0.1859482	2.686071	-0.29529	-0.2197334	2.569056	0.1851601	-0.1232802	2.686556	-0.2500152	-0.1236546	2.537241	-0.05490655	0.7473205	2.698679	-0.1118834	0.602057	2.717566	-0.108622	0.5282233	2.718255	-0.09892291	0.3020521	2.712381	-0.08610739	-0.005939847	2.695668	0.05665668	0.4665133	2.785429	-0.2644877	0.4779579	2.676649	-0.01266151	-0.008884932	2.681945	-0.1572805	-0.002446451	2.641092	0.1136136	0.1897183	2.798658	-0.3344441	0.2061904	2.663195	0.02330594	-0.4624252	2.613422	-0.2030781	-0.3308538	2.544223	0.04526341	-0.9080915	2.693478	-0.1726319	-0.8013169	2.633031	

0.1576419	-0.03387514	2.731602	-0.3326967	-0.04193723	2.584991	0.1626698	-0.1824499	2.68755	-0.3079599	-0.2151218	2.566293	0.1869338	-0.1337453	2.6908	-0.2531892	-0.1320283	2.543229	-0.05649966	0.7476235	2.697917	-0.1135728	0.6021658	2.717164	-0.1101419	0.5283704	2.717866	-0.09985833	0.3022743	2.71201	-0.08639342	-0.005749102	2.695414	0.05620818	0.4669467	2.785592	-0.2655106	0.4777567	2.676141	-0.0127933	-0.008735977	2.681795	-0.1577476	-0.002278572	2.640827	0.1132264	0.1900078	2.798169	-0.3351765	0.2059313	2.662688	0.02025073	-0.4029663	2.592094	-0.2029773	-0.3308263	2.544265	0.04335219	-0.8721947	2.685671	-0.1723442	-0.8012627	2.633142	

0.1568754	-0.03369369	2.730322	-0.3326791	-0.0437638	2.582957	0.1597955	-0.1813711	2.683685	-0.3051285	-0.2144948	2.562944	0.1842618	-0.08935257	2.6949	-0.2563028	-0.1047183	2.537167	-0.05812429	0.7474953	2.69731	-0.1146729	0.6020809	2.716197	-0.1112136	0.5282331	2.716908	-0.1007562	0.301987	2.711042	-0.08692878	-0.006265923	2.694498	0.05461158	0.4657174	2.782895	-0.2673869	0.4773851	2.675575	-0.01307446	-0.009725922	2.680633	-0.158522	-0.002475316	2.640176	0.112373	0.1900796	2.797286	-0.3361014	0.2058276	2.661876	0.01968441	-0.4067133	2.591548	-0.202169	-0.3312044	2.543394	0.04280823	-0.8760834	2.684413	-0.1721463	-0.8018	2.631711	

0.1566182	-0.03350258	2.73017	-0.3335421	-0.04129953	2.581833	0.1614645	-0.1800204	2.686589	-0.3059462	-0.2143273	2.560994	0.1832368	-0.1236753	2.6798	-0.2568653	-0.09994715	2.528116	-0.06016093	0.7476353	2.696762	-0.1159811	0.6017678	2.716068	-0.1124171	0.5279791	2.716704	-0.1016182	0.3018886	2.710623	-0.08738543	-0.006241331	2.69385	0.05389537	0.4656777	2.782393	-0.2679601	0.477415	2.675047	-0.01357363	-0.009621771	2.680132	-0.1589074	-0.002556893	2.639517	0.1119293	0.1902783	2.796987	-0.3364702	0.2056383	2.66138	0.01949992	-0.4050168	2.591291	-0.204847	-0.330795	2.541855	0.04274446	-0.8744275	2.683999	-0.1737988	-0.8012938	2.630347	

0.1554017	-0.03237285	2.730587	-0.3352576	-0.04440194	2.579674	0.1608924	-0.1785549	2.689711	-0.3108933	-0.212112	2.554048	0.1808831	-0.07466409	2.708	-0.2577533	-0.1223558	2.539667	-0.0656584	0.7473855	2.697657	-0.1217959	0.6030886	2.715829	-0.1180373	0.5290786	2.716344	-0.1064816	0.3023688	2.709872	-0.09103349	-0.006524071	2.692743	0.04959713	0.4647871	2.781409	-0.2728644	0.4770129	2.674491	-0.01644743	-0.009769263	2.679374	-0.1633481	-0.00303602	2.63821	0.1086238	0.1909987	2.79735	-0.3398147	0.2049733	2.659167	0.01821582	-0.4047595	2.590774	-0.203752	-0.3322805	2.54194	0.04278351	-0.8739858	2.683999	-0.1728493	-0.8027855	2.630401	

0.1546084	-0.03193041	2.730862	-0.3367247	-0.04265303	2.578459	0.1581772	-0.178623	2.690712	-0.3108581	-0.2132988	2.556334	0.177473	-0.06830264	2.707824	-0.2588289	-0.10566	2.527885	-0.06914963	0.7471197	2.698138	-0.1242915	0.6027653	2.716166	-0.1203257	0.5288153	2.716584	-0.1081238	0.3022588	2.709833	-0.09187596	-0.006534835	2.692479	0.04710677	0.4649803	2.781326	-0.2763086	0.4762544	2.674168	-0.01729234	-0.009711634	2.679281	-0.1641811	-0.003128252	2.637834	0.1062784	0.1911229	2.797575	-0.3417816	0.2068572	2.658774	0.01347282	-0.3620678	2.584872	-0.2045075	-0.3319938	2.539466	0.04023007	-0.8320728	2.675318	-0.173375	-0.8023559	2.62853	

0.1468928	-0.03263735	2.73076	-0.3467522	-0.04759086	2.577415	0.1492052	-0.1810364	2.694062	-0.2974963	-0.2287312	2.557692	0.1659188	-0.1378782	2.687154	-0.2694968	-0.13068	2.531286	-0.08048403	0.7457018	2.698319	-0.1356049	0.6010559	2.715795	-0.1317049	0.5271778	2.716264	-0.1194625	0.30086	2.709565	-0.1025269	-0.007671088	2.692213	0.03258713	0.4665416	2.781167	-0.287547	0.4752547	2.672807	-0.02807244	-0.01063516	2.679069	-0.1744536	-0.004474442	2.637727	0.09586174	0.1896955	2.79795	-0.3510183	0.2050428	2.657359	0.005265644	-0.3352666	2.55774	-0.2020742	-0.3345324	2.538456	0.03910666	-0.8071563	2.638142	-0.1715043	-0.8049332	2.627434	

0.1410993	-0.03260325	2.732852	-0.3492128	-0.048133	2.577153	0.1448891	-0.180306	2.696811	-0.3315955	-0.2138799	2.559846	0.1613426	-0.1146046	2.696625	-0.2704056	-0.1256663	2.53118	-0.08656336	0.7456745	2.698047	-0.1400545	0.6012298	2.715669	-0.1361366	0.5272393	2.716074	-0.123842	0.3005805	2.709153	-0.1068499	-0.008453599	2.691474	0.02712183	0.4667478	2.779821	-0.2913505	0.4745337	2.672927	-0.03211707	-0.01179307	2.678527	-0.1789818	-0.004861464	2.636856	0.09108295	0.1903167	2.798695	-0.355587	0.2042096	2.656796	0.003747671	-0.3957789	2.588205	-0.1941849	-0.372229	2.568604	0.03870795	-0.8642026	2.682318	-0.1578276	-0.8399159	2.666448	

0.123066	-0.03223871	2.735852	-0.3629723	-0.05234252	2.576658	0.1253235	-0.1801088	2.698782	-0.2988635	-0.2411039	2.540184	0.1437548	-0.142671	2.693833	-0.2888012	-0.07703513	2.534846	-0.0991161	0.7450382	2.695842	-0.1560244	0.6009025	2.715493	-0.1516757	0.5266993	2.71607	-0.1380632	0.2994304	2.709594	-0.1193223	-0.01037801	2.692408	0.01073925	0.4673977	2.781622	-0.3080624	0.4737325	2.671964	-0.0453176	-0.01421812	2.679658	-0.1904261	-0.006289141	2.637709	0.07336391	0.1909891	2.800842	-0.3714445	0.2013103	2.654946	0.001156646	-0.4026341	2.589688	-0.2046045	-0.3576321	2.57214	0.03901042	-0.8708377	2.683608	-0.1604399	-0.8262157	2.663798	

0.1011985	-0.03668724	2.741731	-0.387169	-0.05189792	2.574985	0.1036205	-0.1837983	2.703572	-0.3761491	-0.2199024	2.564882	0.1214784	-0.07183737	2.72575	-0.3070475	-0.1382646	2.536226	-0.1224738	0.7437527	2.693661	-0.1763557	0.5975729	2.715403	-0.172533	0.5236238	2.716111	-0.1604261	0.2971441	2.710035	-0.1435471	-0.01159103	2.693444	-0.01026515	0.4664302	2.783762	-0.3274562	0.4721319	2.670289	-0.0689441	-0.01616524	2.680722	-0.214601	-0.006721222	2.638807	0.05059523	0.187201	2.803164	-0.3976054	0.200064	2.6553	-0.01092791	-0.4173101	2.587531	-0.2211577	-0.3483372	2.571184	0.03965603	-0.883984	2.682527	-0.1642038	-0.8159789	2.661388	

0.09137128	-0.03889513	2.743119	-0.3959004	-0.053005	2.57631	0.09250996	-0.1877314	2.705686	-0.3872095	-0.220744	2.564008	0.1142722	-0.1230802	2.714077	-0.3154968	-0.1532577	2.522538	-0.1305118	0.741353	2.692052	-0.1839276	0.5960286	2.713045	-0.1805114	0.5220467	2.714314	-0.1699386	0.2953928	2.710002	-0.1559052	-0.01373759	2.69629	-0.01830131	0.4654243	2.782671	-0.336657	0.4716057	2.669842	-0.07947429	-0.01812901	2.682637	-0.2286305	-0.009004137	2.64274	0.04276069	0.1854879	2.804391	-0.4036373	0.1993806	2.654665	-0.0248	-0.4013813	2.580195	-0.2328086	-0.3439988	2.571512	0.03807815	-0.8659036	2.678421	-0.167481	-0.8110812	2.659603	

0.0831257	-0.03926678	2.743622	-0.4036149	-0.05523227	2.578644	0.08328132	-0.1927902	2.705286	-0.3967104	-0.2213333	2.571069	0.1047925	-0.1015487	2.720923	-0.3268163	-0.1426191	2.5296	-0.1354493	0.740328	2.690998	-0.1910827	0.5951445	2.713172	-0.1872444	0.5213267	2.714517	-0.1752336	0.2951325	2.710361	-0.1591083	-0.0135282	2.69662	-0.02548498	0.4644802	2.782054	-0.3444436	0.4711291	2.670365	-0.08291551	-0.01833728	2.683193	-0.2315135	-0.008414923	2.64284	0.03468782	0.1847417	2.806737	-0.4108217	0.1987909	2.65645	-0.02369859	-0.4159907	2.579204	-0.2333714	-0.3434398	2.572263	0.03961851	-0.8795314	2.680782	-0.1684608	-0.8105756	2.660382	

0.07938696	-0.0405354	2.744392	-0.4053389	-0.0567691	2.578954	0.08011483	-0.1939639	2.704536	-0.4042583	-0.220422	2.571596	0.1041142	-0.1388156	2.7045	-0.3297634	-0.1419399	2.544552	-0.1380884	0.7402264	2.689485	-0.1945241	0.5950217	2.713226	-0.1908273	0.5211772	2.71472	-0.1791566	0.2949189	2.711038	-0.1631327	-0.01375942	2.697857	-0.02791711	0.4645196	2.782259	-0.3478176	0.470874	2.670574	-0.08678837	-0.01858669	2.684357	-0.2354979	-0.008609044	2.644111	0.03101767	0.1835897	2.807137	-0.4152168	0.1988395	2.657302	-0.02473232	-0.4175511	2.579417	-0.234191	-0.3435519	2.573251	0.03818467	-0.880623	2.683015	-0.1694867	-0.8108607	2.660707	

0.07622305	-0.04032342	2.744623	-0.4100765	-0.05925005	2.579964	0.07795727	-0.1945389	2.706731	-0.4042052	-0.2211411	2.576059	0.0989502	-0.07772987	2.726667	-0.3357997	-0.1276956	2.543742	-0.1425086	0.7391441	2.689545	-0.1976055	0.5936469	2.712764	-0.1936854	0.5201171	2.71442	-0.1814185	0.2946518	2.71112	-0.1648602	-0.01317822	2.698299	-0.03069324	0.4646104	2.78243	-0.3503925	0.4708207	2.670708	-0.08902766	-0.01725933	2.684846	-0.2368136	-0.008574035	2.644512	0.02803733	0.1839697	2.806915	-0.4183249	0.1963751	2.659037	-0.02260345	-0.464565	2.592574	-0.2364903	-0.343451	2.572562	0.04269874	-0.9167539	2.691394	-0.1707259	-0.8107294	2.659512	

0.07261993	-0.03952454	2.74472	-0.4165819	-0.06417114	2.585151	0.07498008	-0.1989727	2.703097	-0.4135418	-0.2216061	2.578811	0.09575199	-0.1367142	2.707667	-0.339973	-0.1497114	2.5348	-0.1448888	0.7387444	2.688468	-0.200542	0.5936556	2.71244	-0.1961557	0.5200645	2.714202	-0.1826555	0.2945193	2.711139	-0.1650519	-0.01326563	2.698402	-0.03306503	0.4652379	2.781675	-0.3532243	0.4711316	2.671283	-0.08921839	-0.01735986	2.685026	-0.2369923	-0.008661922	2.644549	0.0254365	0.1851765	2.806278	-0.423304	0.1972607	2.661048	-0.03114588	-0.4121746	2.582299	-0.2375171	-0.3434853	2.573092	0.0377681	-0.8760037	2.679629	-0.1714396	-0.810738	2.659964	

0.07046909	-0.0391679	2.742548	-0.4229467	-0.06175993	2.589355	0.07257643	-0.1997347	2.700653	-0.4178174	-0.2224633	2.585836	0.09696206	-0.1229535	2.704952	-0.3424053	-0.1412092	2.543546	-0.1466824	0.7384291	2.687751	-0.202156	0.5933874	2.711893	-0.1976458	0.5198882	2.713793	-0.1837171	0.2945859	2.71109	-0.1655569	-0.01296086	2.698682	-0.03433357	0.4651458	2.781254	-0.3557636	0.4714733	2.672156	-0.08952031	-0.01709914	2.685381	-0.2377157	-0.008329648	2.64473	0.02454317	0.1854463	2.805693	-0.4257868	0.1966472	2.662005	-0.03120967	-0.4110821	2.582302	-0.2377395	-0.3468693	2.575711	0.0348379	-0.8748218	2.68171	-0.170419	-0.8138526	2.662919	

0.07236432	-0.03804614	2.739993	-0.4225299	-0.06222739	2.589926	0.08557221	-0.1940819	2.692548	-0.408377	-0.2228905	2.586502	0.1066063	-0.1195519	2.704875	-0.3423059	-0.109832	2.555923	-0.14665	0.7385502	2.686512	-0.2018975	0.5932305	2.711046	-0.1973948	0.5197482	2.713137	-0.1834661	0.2945002	2.710857	-0.164944	-0.01301504	2.698801	-0.0340551	0.4650449	2.781074	-0.3555068	0.4713932	2.672085	-0.0887574	-0.01705836	2.685418	-0.2371785	-0.008488534	2.644926	0.02480835	0.185913	2.804528	-0.4256517	0.1964452	2.661789	-0.03013882	-0.4104703	2.581994	-0.2363855	-0.3446106	2.575879	0.03471205	-0.8742876	2.681777	-0.1703652	-0.8118246	2.662915	

0.0759244	-0.03691067	2.737805	-0.4192795	-0.06284037	2.588881	0.09004306	-0.1916341	2.687435	-0.3996369	-0.2229853	2.582967	0.1124836	-0.1472756	2.6945	-0.3444718	-0.1298327	2.563143	-0.1451934	0.7383859	2.685455	-0.2003017	0.5934098	2.710396	-0.1958994	0.5199246	2.712538	-0.1821604	0.2946945	2.710439	-0.1635694	-0.01271619	2.698642	-0.0325788	0.4652349	2.781067	-0.3542716	0.4712231	2.671259	-0.08744928	-0.01635213	2.685347	-0.2356058	-0.008617612	2.644649	0.02690378	0.186319	2.804068	-0.4227654	0.1963636	2.660699	-0.02757823	-0.3843426	2.579468	-0.2341484	-0.3437371	2.575135	0.03200367	-0.8496447	2.676696	-0.1705337	-0.8111322	2.662847	

0.08018363	-0.03410996	2.739279	-0.4101819	-0.06013495	2.58674	0.09846907	-0.1999995	2.705204	-0.384389	-0.2223497	2.575366	0.1193449	-0.07646406	2.719625	-0.3335102	-0.1281994	2.565667	-0.1362277	0.7384055	2.683962	-0.1927519	0.5943107	2.708509	-0.1892994	0.5207493	2.711122	-0.1778671	0.2953506	2.710208	-0.1610797	-0.0121329	2.699509	-0.02457298	0.4644119	2.781836	-0.3463606	0.4710982	2.668879	-0.08515468	-0.01557587	2.687038	-0.2327803	-0.008220795	2.644778	0.03062598	0.1892194	2.804728	-0.4135971	0.1974367	2.658422	-0.02264444	-0.3936163	2.579877	-0.2299629	-0.3382051	2.542781	0.03374219	-0.8589089	2.678517	-0.1778679	-0.8073742	2.628994	

0.09134378	-0.03534114	2.743065	-0.3899143	-0.05790113	2.581191	0.1111607	-0.1995417	2.712279	-0.3667094	-0.2201793	2.57128	0.1375965	-0.1479257	2.712125	-0.3211774	-0.1297562	2.564721	-0.1080074	0.7406952	2.680983	-0.1722219	0.5958366	2.70666	-0.1692496	0.5220929	2.709578	-0.1596903	0.2961843	2.709854	-0.1459195	-0.01183971	2.701045	-0.008654856	0.4642614	2.785826	-0.3252549	0.4718114	2.66273	-0.0720632	-0.01590174	2.689426	-0.2159638	-0.007335912	2.645258	0.04062013	0.1880454	2.807171	-0.3949555	0.2000694	2.650319	-0.01372832	-0.3970629	2.57839	-0.2291878	-0.3357366	2.537484	0.03640157	-0.8620533	2.680988	-0.1806253	-0.8048449	2.625749	

0.09817079	-0.03665548	2.746717	-0.3847751	-0.05758423	2.579565	0.1166196	-0.1970507	2.713001	-0.3562461	-0.2211396	2.571912	0.1373793	-0.09526348	2.725875	-0.3076638	-0.1221519	2.554044	-0.1001389	0.7406072	2.681348	-0.1665414	0.5966531	2.704957	-0.1636773	0.5228575	2.707962	-0.154471	0.2967908	2.708576	-0.1413528	-0.01144631	2.700392	-0.0008000098	0.4646132	2.788639	-0.3163593	0.4737679	2.661374	-0.06887294	-0.01562706	2.689624	-0.2098915	-0.00685699	2.643461	0.04801076	0.1874509	2.808309	-0.3891675	0.2017073	2.647199	-0.003421537	-0.4136747	2.578374	-0.2045786	-0.3406916	2.565972	0.03972594	-0.8782272	2.684944	-0.1662824	-0.8095316	2.659158	

0.1146428	-0.04324027	2.756101	-0.3548583	-0.0577308	2.567534	0.1330937	-0.1971934	2.725223	-0.3412443	-0.2127523	2.562507	0.1583675	-0.1348898	2.733091	-0.2827976	-0.1215884	2.538462	-0.06483138	0.743825	2.684244	-0.1319674	0.6008242	2.703888	-0.1307887	0.5261621	2.706479	-0.1263813	0.2977072	2.706121	-0.11909	-0.01323042	2.697208	0.02763982	0.4536402	2.791868	-0.280745	0.481169	2.653141	-0.04957598	-0.0206267	2.689825	-0.1846087	-0.005021918	2.636544	0.06698073	0.1817947	2.815807	-0.3610504	0.2124133	2.63836	0.006442329	-0.4190199	2.583161	-0.183611	-0.4600598	2.590382	0.04251313	-0.8838522	2.690789	-0.1585445	-0.902319	2.68202	

0.1618812	-0.0489419	2.782579	-0.3016361	-0.04115178	2.5431	0.1623502	-0.2091526	2.758933	-0.2850557	-0.2037508	2.540395	0.1838281	-0.1357602	2.753286	-0.2263631	-0.1206235	2.508767	0.01334369	0.7457255	2.68877	-0.06114111	0.6126564	2.703658	-0.06140319	0.5375136	2.706031	-0.06201169	0.3072895	2.704933	-0.06264375	-0.006687659	2.694924	0.08199218	0.4546839	2.796679	-0.2126278	0.4924012	2.642056	0.005259069	-0.01487757	2.691494	-0.1290259	0.001675088	2.630955	0.1157181	0.1780849	2.83355	-0.3030916	0.2297909	2.610642	0.03574432	-0.4109979	2.587047	-0.1681846	-0.4518239	2.582252	0.04458189	-0.8783186	2.690287	-0.1583136	-0.9021505	2.68198	

0.1624163	-0.04834947	2.783183	-0.2964308	-0.04003615	2.541138	0.1749481	-0.2015409	2.758343	-0.2697235	-0.2035969	2.532292	0.1920521	-0.09517776	2.767916	-0.2245854	-0.09006045	2.518809	0.01962568	0.7466261	2.69164	-0.05804495	0.6134027	2.703656	-0.05880215	0.5381121	2.706061	-0.06064584	0.3075361	2.705023	-0.06230422	-0.00668923	2.695015	0.08421484	0.4539073	2.794111	-0.2057883	0.4927675	2.642064	0.006383443	-0.0150027	2.691956	-0.1290018	0.001696487	2.630933	0.118217	0.1789269	2.834977	-0.2995426	0.2308509	2.609567	0.05279193	-0.4648109	2.602494	-0.1565608	-0.4525259	2.575897	0.04945071	-0.9119807	2.703668	-0.1577606	-0.9020877	2.682137	

0.1730768	-0.03621728	2.792272	-0.2578098	-0.05057933	2.522923	0.187658	-0.2067821	2.774107	-0.2049976	-0.230414	2.49823	0.2049436	-0.1178301	2.777769	-0.1850346	-0.09361622	2.504545	0.05129975	0.7478229	2.697843	-0.02858266	0.6197192	2.706651	-0.0293399	0.5438033	2.708684	-0.03160049	0.311258	2.706581	-0.03463176	-0.005729676	2.695264	0.1029136	0.4566635	2.804724	-0.1765349	0.4970825	2.637592	0.03042772	-0.01440917	2.69155	-0.09890015	0.003099022	2.631701	0.1361447	0.1922484	2.844834	-0.2746243	0.2354677	2.598855	0.06988787	-0.4220582	2.597892	-0.1275334	-0.394149	2.543217	0.05096152	-0.8895405	2.699275	-0.1520877	-0.8554262	2.666701	

0.1959217	-0.04159045	2.803782	-0.2332819	-0.04951037	2.513559	0.2001524	-0.2083819	2.770542	-0.1875861	-0.2306096	2.485235	0.2230909	-0.1622576	2.772214	-0.1602798	-0.1376875	2.4939	0.08667221	0.7439501	2.707513	-0.002279861	0.6199864	2.71012	-0.003524255	0.5437879	2.710983	-0.006928332	0.3103885	2.705539	-0.0106791	-0.007887578	2.689853	0.1267642	0.4469245	2.803167	-0.1510053	0.499617	2.635248	0.0537881	-0.01756521	2.687552	-0.07476559	0.002007472	2.624706	0.1503044	0.1915005	2.851598	-0.2434605	0.2378061	2.587899	0.07265937	-0.4233449	2.597406	-0.1079446	-0.3182831	2.489596	0.05506619	-0.8894852	2.704962	-0.1460569	-0.7820422	2.603859	

0.2119001	-0.05130515	2.808091	-0.1889793	-0.04591496	2.496811	0.219108	-0.2167631	2.786521	-0.1586825	-0.223249	2.446064	0.2400903	-0.1367053	2.789667	-0.1164677	-0.1297584	2.47225	0.1138543	0.7414392	2.716886	0.03065806	0.6212576	2.717571	0.02870031	0.544398	2.717108	0.02283165	0.3090889	2.707801	0.01546079	-0.0115585	2.687436	0.1367694	0.4416883	2.778113	-0.116951	0.498836	2.634496	0.08698918	-0.02135769	2.686172	-0.05551384	-0.001387717	2.621582	0.1692421	0.1905301	2.862891	-0.2200225	0.2413926	2.577693	0.07805675	-0.4288575	2.598341	-0.08745157	-0.3701785	2.50032	0.05672482	-0.8946648	2.706461	-0.1419385	-0.8226182	2.644038	

0.2204765	-0.05677778	2.810187	-0.1835326	-0.04263075	2.492854	0.2276308	-0.2152365	2.792579	-0.1462003	-0.2239904	2.459563	0.2500828	-0.07667982	2.808167	-0.1123498	-0.1322229	2.472444	0.1250742	0.7423378	2.719281	0.03963463	0.6237562	2.719998	0.03744395	0.5463903	2.718965	0.03097543	0.3096453	2.708013	0.02314464	-0.0129101	2.68538	0.1387221	0.4394039	2.769245	-0.1043984	0.4977617	2.634423	0.09154434	-0.02243636	2.685758	-0.04476287	-0.002958087	2.617098	0.1765271	0.1912295	2.866816	-0.2083909	0.2418119	2.571641	0.0901164	-0.4759249	2.609218	-0.06903827	-0.3282584	2.483158	0.0565419	-0.9102303	2.709652	-0.1329266	-0.7809044	2.623616	

0.2726361	-0.07244831	2.832206	-0.0865882	-0.008306247	2.437772	0.2834874	-0.2071696	2.79496	-0.02787856	-0.1810429	2.40025	0.3123726	-0.1436219	2.783334	0.0002939867	-0.07285577	2.416473	0.1863949	0.7524743	2.737685	0.09872788	0.636938	2.725039	0.09700539	0.5583605	2.722682	0.09147739	0.3176508	2.707436	0.08368292	-0.01071844	2.678551	0.1886212	0.4463289	2.759486	-0.03762063	0.5024375	2.622624	0.1502442	-0.02149064	2.679542	0.01495779	0.00033289	2.610178	0.2213937	0.1549007	2.872488	-0.1462916	0.2567214	2.536546	0.1232666	-0.4625291	2.587978	-0.0009870419	-0.2972608	2.417682	0.05803321	-0.9095517	2.708286	-0.06611373	-0.7690755	2.484239	

0.3179714	-0.05420311	2.810343	-0.01576226	0.061047	2.367465	0.3511543	-0.1731105	2.747485	0.05389768	-0.1234655	2.364103	0.3736092	-0.1041623	2.753636	0.05322106	-0.02004194	2.314931	0.214774	0.7518263	2.72862	0.1185594	0.6439015	2.717209	0.1216242	0.5656629	2.714329	0.1341027	0.3256811	2.697622	0.1458946	-0.004006578	2.669202	0.2084165	0.4532699	2.751662	-0.003878244	0.5063829	2.597645	0.2094963	-0.005256229	2.675522	0.07854777	-0.002654597	2.595575	0.2352888	0.1611625	2.864686	-0.1085388	0.2832522	2.489651	0.1720237	-0.4510348	2.613371	0.05716193	-0.2873142	2.381793	0.1123071	-0.8954933	2.728464	0.03775974	-0.7701073	2.35766	

0.362911	-0.06729873	2.711347	0.04378191	0.0633672	2.282933	0.3943538	-0.1364861	2.634314	0.1348113	-0.1152141	2.256233	0.3856469	-0.05782502	2.627667	0.1088711	-0.008395421	2.230077	0.2602361	0.7548177	2.644297	0.161966	0.643379	2.619365	0.1657687	0.5623661	2.618296	0.1768311	0.3140351	2.606949	0.1913218	-0.02497586	2.583153	0.2517822	0.4525864	2.653847	0.04487716	0.501927	2.489717	0.2514587	-0.02872153	2.585991	0.1261434	-0.02057636	2.513098	0.2827275	0.1520776	2.745969	-0.04269866	0.2621327	2.386174	0.1313243	-0.4031755	2.33996	0.06669166	-0.3179202	2.330809	0.0736009	-0.7814521	2.618342	0.04722539	-0.8006493	2.306571	

0.3555386	-0.1069139	2.66414	0.05920278	-0.03276031	2.226838	0.3740256	-0.1869254	2.6224	0.116692	-0.2101806	2.250853	0.3821802	-0.1155967	2.593176	0.1638859	-0.0810645	2.289042	0.2632394	0.7530807	2.55984	0.1695489	0.6373042	2.537249	0.1709213	0.5596221	2.535123	0.1745617	0.3212722	2.520648	0.1789567	-0.004482419	2.492776	0.2593909	0.4463763	2.571764	0.05708141	0.4937713	2.411557	0.2374218	-0.007456086	2.500277	0.1155923	-0.001384143	2.418044	0.2902452	0.1457065	2.663918	-0.01287701	0.2257191	2.317862	0.1573697	-0.4020702	2.294985	0.1255009	-0.3190364	2.270366	0.0858584	-0.765362	2.588922	0.1057019	-0.8018568	2.24608	

0.3552245	-0.1108157	2.660673	0.05708249	-0.03125588	2.224183	0.3623742	-0.2035982	2.622571	0.1008622	-0.2042886	2.227259	0.3764695	-0.1454547	2.596727	0.1205432	-0.07881543	2.245182	0.2658896	0.7556267	2.550084	0.1720012	0.6398466	2.527441	0.1737913	0.5609312	2.524689	0.1791272	0.3182131	2.507247	0.1870541	-0.01655631	2.473015	0.261843	0.4488973	2.561965	0.05886173	0.4931596	2.405123	0.2510739	-0.03021518	2.464963	0.1194009	-0.005915659	2.409333	0.2926767	0.148188	2.654132	-0.01110083	0.2248256	2.313725	0.1596656	-0.401869	2.291659	0.1367105	-0.3251165	2.267286	0.118316	-0.7860942	2.56503	0.1299816	-0.7090806	2.250044	

0.3538491	-0.1178238	2.640655	0.05270149	-0.04241643	2.214922	0.3550307	-0.211465	2.619339	0.1119712	-0.2225987	2.233508	0.3781341	-0.16164	2.616154	0.1683413	-0.1136124	2.20953	0.2696917	0.7574019	2.528331	0.1745782	0.6422982	2.505111	0.1776316	0.5631117	2.501927	0.1865458	0.3198453	2.484354	0.1981853	-0.01378129	2.452471	0.2644263	0.4513048	2.539652	0.06133991	0.4920889	2.386102	0.2575144	-0.02563062	2.453969	0.1334958	-0.003863648	2.382616	0.2952316	0.1505245	2.631839	-0.005660097	0.2183997	2.297261	0.167501	-0.4010922	2.285266	0.1467773	-0.3279056	2.255221	0.09261607	-0.7615916	2.581709	0.1302645	-0.7116868	2.250482	

0.3586006	-0.1203142	2.6193	0.04872588	-0.04311887	2.207956	0.3657789	-0.1749092	2.627512	0.06818075	-0.2087615	2.212825	0.3702453	-0.151794	2.6217	0.1092647	-0.09459128	2.21872	0.2740044	0.7605113	2.507649	0.1808182	0.6431795	2.483272	0.1831505	0.5633258	2.478413	0.1894191	0.3178668	2.454956	0.196295	-0.01882721	2.413046	0.2706642	0.4521445	2.517825	0.06541526	0.4909272	2.366195	0.2597846	-0.02797155	2.400244	0.1288553	-0.008376605	2.359311	0.3014161	0.151304	2.61003	-0.00185686	0.216201	2.282851	0.1723837	-0.400903	2.276503	0.1378493	-0.3382044	2.254834	0.1019135	-0.7631162	2.572015	0.1309947	-0.7157387	2.250337	

0.4005316	-0.1088133	2.502922	0.08393496	-0.04098073	2.107686	0.4242508	-0.2254268	2.492897	0.07049742	-0.204952	2.145869	0.4283533	-0.2020281	2.487164	0.1815606	-0.1267214	2.163125	0.3109078	0.7806735	2.388056	0.2239543	0.6571324	2.366875	0.2295268	0.575771	2.36586	0.2457453	0.3257794	2.35482	0.2669982	-0.01646271	2.33137	0.3137659	0.4658533	2.401511	0.115258	0.4982038	2.247281	0.3293811	-0.02096056	2.323635	0.1968786	-0.01148716	2.272127	0.3441524	0.1646212	2.49386	0.05341864	0.2167731	2.1655	0.1913442	-0.3393653	2.216954	0.00696722	-0.2750166	2.13897	0.1350361	-0.7267362	2.484507	0.1453716	-0.5819817	2.238772	

0.4451726	-0.1034118	2.450112	0.1817655	-0.02159468	2.014845	0.4686964	-0.2200486	2.440117	0.220258	-0.1843903	2.01775	0.4725427	-0.196657	2.434429	0.2633374	-0.0688704	2.104325	0.3612683	0.7830823	2.332078	0.2692569	0.6629016	2.313911	0.2741975	0.5831609	2.316813	0.288305	0.3379887	2.317578	0.3037421	0.0009586007	2.31143	0.3589899	0.4715092	2.348574	0.1604968	0.5017085	2.188547	0.3559303	-0.0002625484	2.310942	0.2428068	0.0005902544	2.244661	0.3890187	0.1701042	2.441017	0.1076972	0.2213466	2.093183	0.2314846	-0.3454214	2.185593	0.06648433	-0.2765044	2.122513	0.1776232	-0.7269387	2.461611	0.1354567	-0.6133004	2.206194	

0.5832034	-0.1177184	2.367794	0.3634543	0.02206775	1.905172	0.6061537	-0.2343021	2.357911	0.4616371	-0.09452368	1.874451	0.6092614	-0.2108172	2.352398	0.4405338	-0.02058982	1.871857	0.4630464	0.7906857	2.24254	0.4093808	0.648811	2.23135	0.4091875	0.5687445	2.233429	0.4071442	0.3224527	2.231837	0.4027957	-0.01508473	2.221121	0.4987998	0.4572851	2.26598	0.2894598	0.4892594	2.119874	0.4601154	-0.01475467	2.208387	0.3333841	-0.01496461	2.167529	0.5277382	0.1558019	2.358613	0.2301387	0.2389473	2.017777	0.568561	-0.3304831	2.190662	0.3230707	-0.3521114	2.140972	0.3489239	-0.6773698	2.434815	0.2510745	-0.696061	2.19264	

0.5928409	-0.1195115	2.364218	0.3669513	0.02008748	1.904612	0.6157524	-0.2360882	2.354344	0.4716435	-0.1027143	1.870402	0.6188107	-0.2125938	2.348845	0.445557	-0.02856903	1.852893	0.518796	0.7602755	2.234799	0.4191655	0.6470065	2.227761	0.4203425	0.5671992	2.229705	0.4230989	0.3219328	2.227701	0.4268222	-0.01356951	2.21648	0.5085602	0.4554777	2.262386	0.2970356	0.4893588	2.118331	0.4821825	-0.01339531	2.206269	0.3589232	-0.01331829	2.160249	0.5374233	0.1540022	2.355031	0.2334435	0.2393914	2.01777	0.5681365	-0.3368624	2.184618	0.323339	-0.3491936	2.139112	0.5075743	-0.7099975	2.471145	0.2715558	-0.6991288	2.175843	

0.6930791	-0.1157492	2.334323	0.3748455	-0.01868438	1.912956	0.7155955	-0.2323404	2.324552	0.4432778	-0.1616059	1.892182	0.7181481	-0.2088641	2.319195	0.4306494	-0.094664	1.851352	0.6090748	0.7740585	2.201198	0.5208965	0.6508707	2.197563	0.5246969	0.5721905	2.196942	0.5344453	0.330087	2.187307	0.5457585	-0.001879819	2.165944	0.6100357	0.4593033	2.232184	0.3891234	0.4995166	2.09797	0.6061777	0.002034649	2.158957	0.4687798	-0.005743247	2.10757	0.6381436	0.1577871	2.325029	0.3116181	0.2378073	2.019563	0.6626468	-0.3290768	2.124164	0.4259318	-0.3417481	2.057545	0.5896286	-0.7036481	2.4069	0.400688	-0.6959632	2.083577	

0.7007604	-0.114133	2.331098	0.3742387	-0.02286713	1.914412	0.7864834	-0.1285499	2.287637	0.4158295	-0.1748865	1.903591	0.7830024	-0.1248742	2.2775	0.3546321	-0.1077255	1.880161	0.6174386	0.7743068	2.194937	0.5286925	0.6525166	2.194302	0.532535	0.5740455	2.193398	0.5424367	0.3326072	2.182872	0.5540341	0.001628014	2.160187	0.6178125	0.4609428	2.228926	0.3944039	0.5007544	2.096651	0.6140765	0.004469869	2.153898	0.4772069	-0.001159389	2.101105	0.6458624	0.1594122	2.321794	0.3178357	0.2368437	2.01886	0.6581951	-0.3291045	2.116632	0.4634239	-0.3358194	2.015146	0.5732051	-0.692973	2.409503	0.4198177	-0.686186	2.058184	

0.8224398	-0.05338097	2.219191	0.3461536	-0.01318431	1.949501	0.8394064	-0.1875249	2.194473	0.3401764	-0.1653222	1.965339	0.7913548	-0.07333467	2.223	0.2923525	-0.08835036	1.941425	0.6606508	0.8007728	2.144502	0.6160205	0.6580219	2.146071	0.6160883	0.580407	2.145885	0.6141174	0.3414621	2.13773	0.609128	0.01363221	2.118593	0.7049199	0.4663719	2.180725	0.4645614	0.5165124	2.07604	0.6682849	0.008301717	2.107117	0.5312594	0.01855324	2.065291	0.7944044	0.1767084	2.269323	0.3528356	0.2435477	2.027664	0.7111777	-0.324499	2.096131	0.5104231	-0.3026026	1.922332	0.6240364	-0.683244	2.39471	0.4708811	-0.65701	1.939784	

0.8582526	-0.02740613	1.983846	0.3373567	-0.0109795	1.955217	0.8460944	-0.1847083	1.941074	0.3300644	-0.1687471	1.954557	0.7726367	-0.1017204	1.965242	0.2805288	-0.08713289	1.953534	0.6876134	0.785149	1.979896	0.6453298	0.6383208	2.017595	0.6431147	0.5650311	2.022388	0.6338991	0.3390431	2.029324	0.6187083	0.02861552	2.030523	0.8240341	0.4936219	2.058338	0.4725252	0.5287485	2.025037	0.6838766	0.02265342	2.003061	0.5338112	0.03367432	1.993483	0.8596864	0.2173991	2.075139	0.3642189	0.2412653	2.032827	0.6751951	-0.3160496	1.978277	0.471013	-0.2786098	1.82808	0.5954817	-0.666304	2.28819	0.4663368	-0.6333349	1.767484	

0.8007159	-0.03029836	1.83049	0.286165	-0.01672794	1.921923	0.8004796	-0.1964183	1.78545	0.3108688	-0.1804939	1.886378	0.7209401	-0.1118782	1.818	0.2440059	-0.1163417	1.911929	0.5801832	0.7844406	1.898362	0.5683711	0.6360343	1.938676	0.5676939	0.5622802	1.940891	0.5634037	0.3345746	1.940071	0.5551504	0.02120461	1.930768	0.7383303	0.4943864	1.928557	0.3953201	0.5255932	1.981351	0.6186284	0.02000839	1.88853	0.4729958	0.02168914	1.908172	0.7991143	0.220116	1.931565	0.3315523	0.2416458	2.005249	0.6552603	-0.315834	1.851267	0.433397	-0.3189242	1.80857	0.7462573	-0.6361617	1.963784	0.4527074	-0.6754106	1.775194	

0.7767533	-0.03382556	1.784607	0.2801839	-0.02101544	1.916005	0.7900779	-0.2029074	1.747366	0.311729	-0.1896936	1.866294	0.7015443	-0.1144332	1.770625	0.2274113	-0.114432	1.8991	0.5414924	0.7855349	1.873577	0.5435968	0.6358405	1.917573	0.5436254	0.5619592	1.919573	0.5414447	0.3337872	1.918066	0.535888	0.01963838	1.907676	0.7032411	0.4914185	1.887647	0.3756368	0.5234126	1.974539	0.5977041	0.01983741	1.858554	0.4556457	0.01903484	1.890823	0.7716643	0.2159916	1.883754	0.3199343	0.2423329	2.002227	0.6286805	-0.312147	1.765029	0.4273863	-0.3239363	1.804509	0.7295218	-0.6370605	1.856709	0.4520394	-0.6803007	1.776779	

0.771666	-0.03462264	1.775785	0.2690237	-0.01381654	1.914044	0.7857869	-0.2027792	1.731039	0.2713843	-0.1765973	1.872463	0.7396386	-0.133383	1.707517	0.2192341	-0.09891754	1.893619	0.5301767	0.7849429	1.867867	0.5318472	0.6353295	1.907054	0.5318871	0.5615968	1.90916	0.5298803	0.3338259	1.908026	0.5248156	0.02012939	1.898255	0.6953278	0.4919445	1.879869	0.3621841	0.5230514	1.972091	0.587738	0.02075387	1.849025	0.4440906	0.01891883	1.882219	0.7642413	0.2182128	1.872565	0.3116194	0.2408432	2.000523	0.6091701	-0.305041	1.723119	0.4229822	-0.325544	1.801302	0.7146187	-0.6436556	1.746087	0.4474421	-0.6820467	1.774741	

0.7385428	-0.03646401	1.726066	0.2453696	0.006430121	1.915686	0.7741234	-0.2057622	1.69364	0.2407052	-0.1671536	1.86138	0.7082547	-0.131609	1.67535	0.1981852	-0.1162007	1.8808	0.4800003	0.7867171	1.839272	0.4935074	0.6371746	1.874467	0.494878	0.5635532	1.87746	0.4968652	0.3359631	1.878891	0.4969288	0.02229389	1.872301	0.6487465	0.4963211	1.833109	0.3377574	0.521799	1.963546	0.558067	0.02469025	1.817017	0.4183602	0.01937873	1.861624	0.7299306	0.2230757	1.819365	0.29469	0.2409819	1.99857	0.5661457	-0.2973391	1.664899	0.4106481	-0.3241548	1.791821	0.6722626	-0.6372777	1.627902	0.446711	-0.6797483	1.7705	

0.6757843	-0.03815809	1.637306	0.2000946	0.0252432	1.904722	0.7084531	-0.1966852	1.605579	0.1824584	-0.1480103	1.836629	0.630404	-0.1228298	1.603838	0.1531433	-0.05896483	1.849631	0.3972676	0.7880965	1.785322	0.4313725	0.6453011	1.814878	0.4327312	0.572386	1.81968	0.4350556	0.3467014	1.826665	0.4361947	0.03530689	1.827639	0.5778571	0.5086946	1.75412	0.2837884	0.526535	1.926958	0.4971098	0.03937314	1.764215	0.3596627	0.02997597	1.825412	0.6744715	0.233729	1.724699	0.2573857	0.2448969	1.982424	0.4489474	-0.2710901	1.595382	0.3541442	-0.3158786	1.774722	0.4708013	-0.6226606	1.515784	0.432384	-0.6645643	1.755684	

0.6695648	-0.03774211	1.630069	0.1986843	0.0254163	1.903633	0.6952702	-0.1984594	1.589687	0.1729307	-0.1430172	1.828099	0.6172809	-0.1260445	1.58686	0.1447828	-0.07252849	1.826952	0.3909079	0.7883872	1.781657	0.4272794	0.6453429	1.810959	0.4288683	0.5724831	1.815956	0.4318576	0.3469329	1.823494	0.433797	0.03566395	1.825125	0.5764155	0.5086821	1.752501	0.2832441	0.5265375	1.926631	0.4945033	0.03973959	1.761106	0.3575221	0.03030817	1.823411	0.6685066	0.2344488	1.715592	0.2541398	0.2457741	1.980577	0.4432167	-0.2690585	1.589452	0.3498983	-0.3096458	1.772049	0.4586869	-0.6209211	1.508939	0.4161479	-0.6610016	1.755798	

0.5622798	-0.03582306	1.510632	0.1403555	0.01933094	1.83882	0.5901162	-0.1987433	1.478482	0.1129901	-0.1366763	1.76763	0.5192634	-0.118377	1.498107	0.08926597	-0.0481736	1.776816	0.2825776	0.778509	1.700631	0.3365219	0.6478927	1.715306	0.3417789	0.5737056	1.71985	0.3563696	0.3436512	1.726089	0.3746051	0.02546657	1.725793	0.471099	0.5034933	1.634281	0.2182501	0.5124242	1.83721	0.4298802	0.02951034	1.655461	0.305103	0.02045599	1.730155	0.5666641	0.2229559	1.579489	0.1961844	0.2379046	1.921117	0.3451892	-0.2871412	1.518721	0.2569837	-0.306669	1.774293	0.3379172	-0.6414958	1.449502	0.329199	-0.6569051	1.763089	

0.50078	-0.04944026	1.444386	0.1055732	0.007660636	1.803052	0.5144075	-0.2150628	1.41618	0.08330302	-0.1533976	1.743613	0.4525836	-0.1260771	1.443905	0.05587677	-0.06980901	1.745207	0.2449126	0.7712858	1.649794	0.3003353	0.6409504	1.663551	0.3040592	0.5660082	1.667568	0.3140995	0.3334005	1.672279	0.3262521	0.01122541	1.669841	0.42664	0.4920062	1.575828	0.1864679	0.5073631	1.776649	0.3800711	0.01460453	1.598192	0.2595963	0.007407064	1.675229	0.513415	0.2103506	1.510337	0.1580107	0.2299354	1.876253	0.2981434	-0.3111336	1.49166	0.1857739	-0.3000726	1.763167	0.3366528	-0.666144	1.450935	0.258467	-0.6502977	1.751926	

0.4865243	-0.04910495	1.431804	0.1004339	0.004932368	1.797082	0.4840234	-0.2177697	1.384077	0.07466353	-0.1616196	1.738844	0.4276359	-0.1395028	1.419905	0.04554827	-0.05253511	1.751091	0.2393123	0.7705637	1.64224	0.2949635	0.6394426	1.6546	0.2979966	0.5643087	1.65789	0.3057162	0.3309992	1.660252	0.314171	0.007542156	1.654243	0.4190525	0.4895615	1.563795	0.1795912	0.5033021	1.766894	0.367898	0.01096105	1.582378	0.247956	0.003826962	1.659776	0.5030267	0.2077697	1.498161	0.1517197	0.2280403	1.868299	0.2919783	-0.3184065	1.486807	0.1732659	-0.3083578	1.735768	0.3232795	-0.6738691	1.444026	0.2460199	-0.6584682	1.72447	

0.3863629	-0.06391851	1.348054	0.04274607	-0.02142444	1.745663	0.3884357	-0.2291943	1.294415	0.03180604	-0.1829371	1.721143	0.3100652	-0.1875667	1.399191	-0.001682959	-0.1049165	1.706771	0.1823604	0.772002	1.562033	0.2383098	0.6380145	1.572592	0.2362012	0.5613853	1.577365	0.2285915	0.3231116	1.584513	0.2167551	-0.007767121	1.58517	0.3527173	0.4832226	1.475366	0.1293544	0.5068682	1.680853	0.2696148	-0.006846184	1.514381	0.1548769	-0.008359159	1.589074	0.4219316	0.2002303	1.4101	0.09027132	0.2085103	1.788395	0.2357428	-0.3691418	1.439351	0.162777	-0.3487594	1.541334	0.4262579	-0.6701543	1.442572	0.2639442	-0.6248846	1.325496	

0.3053356	-0.06029138	1.28092	-0.004160624	-0.0172292	1.71364	0.2949926	-0.2259043	1.226651	-0.04839201	-0.1591942	1.693701	0.2182738	-0.163037	1.342791	-0.04162873	-0.04163335	1.7025	0.1087245	0.7715669	1.511716	0.1835605	0.6423354	1.510902	0.1786593	0.5645035	1.51833	0.1626782	0.3221517	1.533552	0.1395511	-0.01484819	1.54478	0.2873748	0.4887137	1.413914	0.07467552	0.5109113	1.619227	0.191752	-0.01381456	1.472546	0.08142417	-0.01523485	1.549793	0.3544741	0.2082348	1.344902	0.04115348	0.2152698	1.73527	0.2058219	-0.3867626	1.418428	0.01574882	-0.3950382	1.558067	0.4247934	-0.6656941	1.441875	0.2435268	-0.5906901	1.35066	

0.2962516	-0.06152318	1.275048	-0.009111484	-0.02380505	1.714324	0.2755401	-0.219272	1.225377	-0.06561266	-0.145724	1.688101	0.2070605	-0.1558009	1.333683	-0.0527068	-0.04379706	1.699769	0.1011358	0.7716683	1.506726	0.1778457	0.6434016	1.505479	0.1729178	0.5655217	1.51335	0.1568374	0.3230072	1.529786	0.1334623	-0.01420874	1.542387	0.2809097	0.4887775	1.408815	0.06897187	0.5119502	1.613811	0.1859003	-0.01376356	1.470328	0.07530531	-0.0140076	1.547179	0.3468976	0.2101387	1.338886	0.03122403	0.20955	1.71304	0.2014994	-0.3834234	1.417296	-0.002548053	-0.3798673	1.55277	0.1710966	-0.7881913	1.662531	0.1301259	-0.7080317	1.587719	

0.2786849	-0.06162636	1.263075	-0.02064417	-0.020409	1.711398	0.2584421	-0.2216015	1.200105	-0.07959651	-0.123455	1.689776	0.1877215	-0.1660361	1.3288	-0.0586446	-0.02307565	1.698067	0.08384784	0.7705984	1.496493	0.1641353	0.6441593	1.494234	0.159129	0.566406	1.502767	0.142881	0.3241839	1.52118	0.1193593	-0.01275038	1.536299	0.265138	0.4884564	1.397538	0.05529081	0.5126514	1.60257	0.1718034	-0.01377588	1.464489	0.06171298	-0.01114544	1.540762	0.3319429	0.2121963	1.327001	0.02096233	0.2126724	1.708896	0.1962516	-0.3775504	1.413074	-0.02217307	-0.3793862	1.54211	0.1505935	-0.7896956	1.64464	0.1097958	-0.706846	1.583608	

0.1980986	-0.06241845	1.207979	-0.1234066	-0.07855316	1.663288	0.1774475	-0.2218969	1.168883	-0.1460065	-0.1385214	1.524717	0.129938	-0.172687	1.288177	-0.145456	-0.1400739	1.519	-0.02211896	0.750393	1.436896	0.06886429	0.630339	1.435716	0.06469092	0.5530212	1.446354	0.05148037	0.3118102	1.471208	0.03283554	-0.02408048	1.494941	0.1744217	0.4772581	1.348861	-0.03971952	0.4985397	1.543962	0.09036118	-0.02344942	1.423517	-0.02599938	-0.02362616	1.498889	0.2538793	0.2111905	1.277909	-0.07009239	0.2068465	1.669454	0.1526037	-0.3613635	1.380988	-0.1242866	-0.3722315	1.477867	0.1081586	-0.7703805	1.617928	-0.07955338	-0.7254868	1.495595	

0.1602705	-0.0694298	1.19858	-0.1970207	-0.01877475	1.662318	0.1495579	-0.2315053	1.148049	-0.1912221	-0.03587068	1.518223	0.08109501	-0.1763865	1.269926	-0.2047258	-0.005722047	1.647333	-0.101544	0.7393612	1.403235	-0.02036031	0.6135619	1.412407	-0.0232488	0.5362164	1.422006	-0.03202343	0.2948076	1.44368	-0.04393273	-0.04160139	1.462932	0.1010489	0.4659128	1.334504	-0.1285794	0.4816335	1.520471	0.01728867	-0.03977983	1.396536	-0.1029573	-0.04150535	1.461887	0.1927541	0.1886209	1.267493	-0.1755474	0.2170064	1.659359	0.09907447	-0.375639	1.360463	-0.1760349	-0.4006051	1.435439	0.06166863	-0.7852549	1.596927	-0.09925763	-0.8430186	1.458842	

0.1551364	-0.07263611	1.197815	-0.2176523	-0.01639979	1.645417	0.1472902	-0.2348601	1.14511	-0.2222569	-0.06642617	1.503679	0.07690877	-0.1861076	1.267954	-0.2271331	-0.02453905	1.589	-0.1095399	0.7386608	1.399445	-0.03130386	0.611468	1.410594	-0.03403618	0.5341126	1.419749	-0.04241041	0.2926399	1.440081	-0.05398566	-0.04397528	1.457401	0.0935551	0.4647667	1.333781	-0.1394726	0.4795299	1.518633	0.00836556	-0.0418263	1.392493	-0.113768	-0.04412179	1.454682	0.1868792	0.1859078	1.267871	-0.1957206	0.2196793	1.649544	0.09220197	-0.3763058	1.359023	-0.1829335	-0.4023472	1.429586	0.2095362	-0.7098559	1.39459	-0.09264806	-0.842487	1.460227	

0.1063113	-0.06200976	1.224786	-0.3538008	-0.04333945	1.583739	0.1343506	-0.2317295	1.167626	-0.3530414	-0.1476952	1.436908	0.05666532	-0.156792	1.193444	-0.3501157	-0.1464712	1.425	-0.1892004	0.7363395	1.367718	-0.1387561	0.6016141	1.395664	-0.1410188	0.5242653	1.40177	-0.1472317	0.2827855	1.412981	-0.1547724	-0.05415349	1.41821	0.001365551	0.4669512	1.335592	-0.2723275	0.4546356	1.457456	-0.08079791	-0.04887319	1.363724	-0.2212533	-0.05686394	1.405605	0.1064998	0.1741813	1.290269	-0.3310978	0.1925799	1.594452	-0.007580999	-0.3883489	1.318369	-0.2750588	-0.4056678	1.382089	0.2444157	-0.6160614	1.41816	-0.1125908	-0.8319355	1.423726	

0.07044407	-0.04737411	1.248938	-0.4279533	-0.05232977	1.500198	0.1009309	-0.2178823	1.201684	-0.4378637	-0.2113685	1.501152	0.02752613	-0.1435309	1.204286	-0.4558414	-0.1255541	1.508727	-0.2407193	0.7439026	1.340294	-0.2019714	0.6088266	1.375685	-0.2041073	0.5320315	1.382649	-0.2095761	0.292168	1.396542	-0.2156163	-0.04264224	1.405518	-0.04399416	0.4786775	1.336373	-0.3394723	0.473647	1.42649	-0.1376166	-0.03846603	1.358386	-0.2832222	-0.0447877	1.385915	0.05810659	0.1938764	1.314705	-0.4075289	0.1821934	1.538062	-0.07815808	-0.3866237	1.2576	-0.2866025	-0.4031663	1.376623	0.1038395	-0.6818739	1.332489	-0.1375457	-0.8325999	1.42016	

0.05274187	-0.03961835	1.260953	-0.4850256	-0.05053383	1.427828	0.09009772	-0.2062882	1.213687	-0.4808107	-0.2107826	1.409759	0.00402333	-0.1338728	1.208471	-0.5265591	-0.1011484	1.429875	-0.2637441	0.7561881	1.320403	-0.2471351	0.6130914	1.350829	-0.2463551	0.536818	1.359397	-0.2434072	0.2981787	1.377857	-0.2394671	-0.03568272	1.392179	-0.06736594	0.4863755	1.336291	-0.4043464	0.4792627	1.400456	-0.1572063	-0.03083122	1.350232	-0.3109171	-0.03904415	1.3664	0.02927411	0.2061504	1.332807	-0.4678531	0.1842982	1.478376	-0.11336	-0.3684674	1.20479	-0.3104067	-0.4078923	1.358845	0.006627727	-0.6881503	1.297109	-0.1954633	-0.7414632	1.406933	

0.04674641	-0.03440083	1.266542	-0.4985047	-0.04930852	1.412968	0.08945815	-0.2036972	1.219956	-0.4992916	-0.2103872	1.385789	0.006962171	-0.1324989	1.213	-0.5434728	-0.09476503	1.406	-0.2752095	0.7471851	1.315213	-0.2405227	0.6124056	1.353824	-0.2425946	0.5365164	1.360829	-0.2432882	0.2982885	1.377635	-0.2441807	-0.03368058	1.387458	-0.07230945	0.4884257	1.335949	-0.405756	0.4796051	1.398521	-0.1621397	-0.02862551	1.347298	-0.3147494	-0.03731179	1.36025	0.02275796	0.2095107	1.336953	-0.4760014	0.1862087	1.466151	-0.1142786	-0.3675449	1.201347	-0.3154252	-0.4045395	1.353086	0.001452534	-0.6883653	1.294763	-0.1572866	-0.8175088	1.421419	

0.04158723	-0.03196517	1.275073	-0.5322564	-0.05788226	1.283765	0.08282132	-0.1970269	1.247813	-0.5268992	-0.2185061	1.271007	0.01585275	-0.1277015	1.218353	-0.5654027	-0.1253777	1.268706	-0.266891	0.7496191	1.264754	-0.2805207	0.6082176	1.296584	-0.2775821	0.5328309	1.304534	-0.2669326	0.2968787	1.321725	-0.2500671	-0.03337781	1.335403	-0.09871825	0.4898252	1.322765	-0.4417762	0.4657858	1.300056	-0.1655467	-0.02521568	1.315313	-0.321233	-0.04070963	1.29689	-0.0003188166	0.215756	1.352441	-0.5245529	0.1790974	1.343855	-0.1289908	-0.3702765	1.175275	-0.3292368	-0.3887314	1.290729	-0.115178	-0.8285764	1.165998	-0.2130116	-0.7162599	1.364607	

0.03996852	-0.03320239	1.278139	-0.529714	-0.05848189	1.26637	0.08735092	-0.2017743	1.251137	-0.5179462	-0.2214413	1.240821	0.009539588	-0.1238528	1.215125	-0.5631306	-0.1306793	1.244	-0.2692155	0.7474657	1.260305	-0.2806212	0.6081983	1.295994	-0.2777192	0.5327851	1.303788	-0.2672151	0.2967105	1.320399	-0.2506264	-0.03383647	1.333036	-0.09775778	0.4899155	1.323218	-0.4410881	0.4652489	1.297391	-0.1670483	-0.02634952	1.310116	-0.3215479	-0.04064911	1.293234	-0.003612977	0.2162545	1.354111	-0.5249783	0.1798019	1.326611	-0.1304587	-0.3705509	1.173649	-0.3297144	-0.3884346	1.287447	-0.126788	-0.8309916	1.153623	-0.212428	-0.7161148	1.359388	

0.03667642	-0.04226294	1.280941	-0.4918524	-0.06197837	1.165541	0.0912222	-0.2157937	1.266117	-0.4710564	-0.2258289	1.142206	0.02458169	-0.1346616	1.222308	-0.5140077	-0.1501576	1.129269	-0.2381657	0.7433398	1.225347	-0.2707521	0.60041	1.247597	-0.269326	0.5242717	1.254447	-0.2633996	0.2856595	1.268605	-0.2529841	-0.04907105	1.277926	-0.09758957	0.4869072	1.313734	-0.4179218	0.4592074	1.215772	-0.1724737	-0.04357458	1.255765	-0.3203381	-0.05201964	1.233782	-0.01165063	0.2143402	1.35436	-0.5060744	0.1858359	1.225391	-0.1372835	-0.3793902	1.167003	-0.3289326	-0.3897713	1.2299	-0.1740428	-0.8564395	1.139813	-0.1190958	-0.8008925	1.317524	

0.03522283	-0.05415499	1.280264	-0.4595113	-0.06726072	1.10601	0.08449448	-0.2256674	1.265355	-0.4293426	-0.2224856	1.087417	0.03111966	-0.1533739	1.2207	-0.4845824	-0.1511505	1.0824	-0.2284281	0.7422949	1.21195	-0.2595968	0.5994782	1.235983	-0.2590722	0.5229691	1.241941	-0.2556653	0.2829317	1.252558	-0.2491275	-0.05475734	1.254983	-0.09148747	0.4828546	1.30269	-0.4007764	0.4544117	1.186838	-0.1699149	-0.04951498	1.234415	-0.315058	-0.05707789	1.209129	-0.01717964	0.2022605	1.351047	-0.4858522	0.1790311	1.171658	-0.14222	-0.3869603	1.153516	-0.3243829	-0.3959032	1.189102	-0.137649	-0.870936	1.140575	-0.1280974	-0.8007613	1.315674	

0.0359601	-0.06163467	1.278063	-0.4275957	-0.06508514	1.0553	0.07928521	-0.2345337	1.260425	-0.3919933	-0.2098183	1.032568	0.0175608	-0.1359666	1.2083	-0.4463506	-0.1228227	1.030767	-0.187077	0.7396904	1.189115	-0.2349444	0.6017069	1.211531	-0.2348672	0.5242634	1.215543	-0.2333921	0.2809755	1.22066	-0.2299792	-0.06191169	1.217003	-0.08011067	0.4712141	1.284634	-0.3782162	0.4520839	1.153152	-0.153707	-0.05759533	1.201088	-0.2935449	-0.06263173	1.166247	-0.01719365	0.1871054	1.343042	-0.460582	0.1772337	1.122857	-0.1411681	-0.397312	1.137556	-0.317489	-0.4011231	1.116461	-0.1784779	-0.8784046	1.148072	-0.1085099	-0.7899122	1.253953	

0.03586403	-0.06411076	1.276809	-0.3924088	-0.06306569	1.007556	0.07903745	-0.2414124	1.263263	-0.3339108	-0.2318707	0.9992143	0.05527317	-0.229601	1.2275	-0.4109254	-0.1444627	0.9857333	-0.168351	0.7377766	1.175419	-0.2223519	0.6012781	1.195992	-0.2226217	0.5237384	1.199591	-0.2223029	0.2801283	1.203871	-0.2201889	-0.06327303	1.19937	-0.07579976	0.4737734	1.268743	-0.356153	0.4543753	1.12536	-0.1447625	-0.06056215	1.183556	-0.2834077	-0.06237393	1.14868	-0.01384688	0.1802768	1.335414	-0.4415006	0.1819989	1.083481	-0.1368928	-0.4008811	1.130342	-0.3091041	-0.3946292	1.042309	-0.2006876	-0.8740048	1.138651	-0.1151757	-0.7893254	1.174069	

0.03774994	-0.06331428	1.272556	-0.332058	-0.0401965	0.924769	0.07438745	-0.2268692	1.24717	-0.2579349	-0.2251786	0.9119762	0.01419712	-0.0920956	1.259833	-0.3611813	-0.1673978	0.9482	-0.1265074	0.7386639	1.131493	-0.1831781	0.6002332	1.149513	-0.1834964	0.523653	1.152752	-0.1834326	0.2826313	1.156206	-0.1817163	-0.05807386	1.150797	-0.05589204	0.4713582	1.224513	-0.3102796	0.4663103	1.069052	-0.1093197	-0.05680193	1.136458	-0.2436492	-0.05597695	1.098367	-0.009107213	0.1807616	1.326666	-0.399066	0.2059493	1.010498	-0.1203752	-0.406807	1.122786	-0.2292012	-0.3779675	0.9456969	-0.3014872	-0.8351406	1.098728	-0.1955487	-0.8422068	1.058213	

0.03958607	-0.06214184	1.269739	-0.3259186	-0.0430844	0.9170626	0.07679936	-0.2245978	1.242831	-0.2484524	-0.2274528	0.8992639	0.02131343	-0.09298791	1.27225	-0.3790755	-0.1342904	0.960625	-0.1262306	0.7387131	1.130949	-0.182911	0.6002707	1.148977	-0.1829227	0.5238212	1.151992	-0.1811599	0.2835696	1.15446	-0.1752148	-0.05520946	1.147157	-0.05555038	0.4714931	1.224304	-0.3088735	0.4681009	1.067439	-0.102174	-0.05275893	1.13319	-0.2379492	-0.05428739	1.094254	-0.007163419	0.1797433	1.323726	-0.3947658	0.2063409	1.003934	-0.1094945	-0.406513	1.124274	-0.2219789	-0.3691211	0.9233792	-0.2202213	-0.8285844	0.9605703	-0.1583983	-0.8182186	1.073396	

0.04549382	-0.07298978	1.265946	-0.2947968	-0.03644329	0.8736387	0.08884738	-0.2140511	1.22147	-0.2305314	-0.228167	0.8783015	0.08610208	-0.1293794	1.236857	-0.3066972	-0.1556017	0.87844	-0.07928736	0.7296578	1.087036	-0.1376791	0.5905272	1.105516	-0.1391596	0.5168338	1.109027	-0.1429443	0.2843695	1.113388	-0.1485929	-0.04580836	1.111495	-0.009064482	0.4625267	1.183113	-0.2617254	0.4698813	1.01425	-0.07007074	-0.04212322	1.101684	-0.2177941	-0.04654177	1.053307	0.006143847	0.160964	1.297275	-0.3468436	0.2005387	0.9403875	-0.06203364	-0.3717975	1.146205	-0.1597347	-0.3575829	0.8808935	-0.2252853	-0.4412744	0.7629468	-0.0844221	-0.7981467	0.6696738	

0.08932199	-0.09825046	1.233941	-0.2251155	-0.01988585	0.8183424	0.1304298	-0.1964332	1.185268	-0.2435636	-0.1725978	0.8210811	0.1159768	-0.1639629	1.2407	-0.2647045	-0.06514474	0.782853	-0.125941	0.5406352	0.9971728	-0.04584754	0.568842	1.056859	-0.05243859	0.4997257	1.054835	-0.07274264	0.2810233	1.042695	-0.1009307	-0.03137812	1.016884	0.08257648	0.4404079	1.134222	-0.05498144	0.5659236	1.045252	-0.02749177	-0.03527807	1.014334	-0.1679921	-0.02537867	0.951959	0.0521398	0.1369078	1.242292	-0.186377	0.29261	0.9081056	-0.02447408	-0.357307	1.085135	-0.03750783	-0.3401997	0.843845	-0.2574899	-0.6176128	1.149431	0.1395508	-0.7827451	0.7261155	

0.2117395	-0.06793809	1.193352	-0.2504585	-0.008692699	0.6597084	0.1875712	-0.180174	1.187356	-0.3362195	-0.08695874	0.6207916	0.156409	-0.1638401	1.179	-0.3549697	0.01956672	0.5833874	-0.07801181	0.441441	0.9037589	-0.08354863	0.2878577	0.9127574	-0.08824721	0.2372424	0.9274396	-0.1019465	0.07676731	0.9631703	-0.119658	-0.1490923	0.9992793	0.04649042	0.1589372	0.9890568	-0.1902177	0.1509788	0.7780215	-0.0317523	-0.1472727	0.9861293	-0.1997281	-0.1409442	0.9456231	0.01621898	-0.1424146	1.094299	-0.04726929	-0.04928341	0.7892246	0.1692271	-0.4075336	1.026906	0.07948867	-0.3277659	0.8129051	-0.1685016	-0.7310665	1.14725	0.4651037	-0.5947457	0.6573976	

0.2495006	-0.1017034	1.175828	-0.1674602	-0.1130144	0.7348344	0.2169065	-0.1884859	1.167969	-0.1130857	-0.1734871	0.8009336	0.1891192	-0.1809542	1.157538	-0.08245414	-0.1642669	0.6804001	-0.03752909	0.4337924	0.8747269	-0.04499909	0.2796373	0.8839114	-0.04625734	0.2184831	0.9055719	-0.05040179	0.02476484	0.9627213	-0.05615196	-0.2447133	1.025657	0.08494499	0.1504159	0.959987	-0.1738475	0.1874453	0.776518	0.01597978	-0.2436962	0.9993315	-0.1247301	-0.2300202	0.9861521	0.05382479	-0.1510936	1.065244	0.006309289	0.03944159	0.6830874	0.3147257	-0.3851325	0.8792275	0.1455617	-0.33082	0.7607269	-0.0203709	-0.7010591	1.03158	0.5240546	-0.4796594	0.4695857	

0.2605857	-0.1283018	1.104067	-0.1172404	-0.0485003	0.7161572	0.2578581	-0.1777571	1.149492	-0.0502523	-0.1675036	0.788748	0.2494269	-0.2032929	1.0905	-0.02837558	-0.1691666	0.746	-0.01158137	0.4337333	0.8354864	0.01957844	0.2799522	0.8408973	0.02802887	0.2266676	0.8825001	0.05376833	0.05847744	0.9983511	0.08822978	-0.1735475	1.140831	0.1359936	0.2593545	0.8827335	-0.1082743	0.1935892	0.7346998	0.1612406	-0.1469554	1.132489	0.009775309	-0.1900729	1.082373	0.1041384	-0.01469803	0.8920182	0.0657552	0.05737715	0.6134713	0.09630536	-0.04020603	0.753345	0.1598989	-0.3057441	0.7669681	-0.08121593	-0.3744992	0.8134263	0.3755134	-0.4770021	0.3449394	

0.308204	-0.1504922	1.072988	0.1563496	-0.2474898	0.6819003	0.3204279	-0.1437489	1.106749	0.142728	-0.3320487	0.706139	0.3062682	-0.1496352	1.073	0.09949629	-0.3213062	0.6822727	0.02819221	0.3954365	0.7927526	0.07818743	0.2499648	0.8014538	0.08629798	0.1982065	0.8417716	0.1100796	0.03484035	0.9535967	0.1408397	-0.1902527	1.090636	0.1772538	0.2366829	0.8438935	-0.0500111	0.1634701	0.6958294	0.2258243	-0.1631418	1.075787	0.04695295	-0.2058784	1.039111	0.1526931	-0.03728915	0.8609481	0.08744512	-0.03288462	0.6186194	0.1272754	-0.03820863	0.7051501	0.2036167	-0.3158713	0.7246526	-0.06653557	-0.3954722	0.7858402	0.4286533	-0.4785784	0.3038265	

0.3203523	-0.09496069	1.085265	0.05816355	0.1095821	0.65934	0.3339834	-0.1212472	1.099929	-0.02432294	0.2882282	0.677837	0.3294325	-0.1249806	1.083667	0.1205239	0.1601094	0.7457392	0.04972907	0.3945797	0.7918637	0.09340107	0.2462322	0.7984717	0.1035263	0.1887923	0.8267811	0.1266856	-0.001373285	0.8823167	0.1453289	-0.2597396	0.9513416	0.1923031	0.2329522	0.8408282	-0.04234077	0.168205	0.6905649	0.2246522	-0.252936	0.9167932	0.05592304	-0.2488276	0.9210232	0.1674591	-0.04096331	0.8579029	0.1170549	-0.1210023	0.6203912	0.09718814	-0.1832559	0.5310307	0.2989303	-0.2893645	0.6477033	-0.05407386	-0.1202987	0.1091681	0.6427154	-0.3531335	0.2874139	

0.4185597	-0.1241122	1.06556	0.3065953	-0.1204859	0.5138278	0.4287577	-0.225572	1.114207	0.302919	-0.05991558	0.5066626	0.4234185	-0.2283098	1.09837	0.4410662	-0.1819691	0.5753765	0.1154931	0.3178561	0.7170206	0.2074425	0.2935508	0.7692335	0.2145657	0.2284474	0.793354	0.2336139	0.02158941	0.8568556	0.2550157	-0.2666308	0.9265009	0.3049585	0.2796636	0.8115018	0.02435302	0.1819914	0.8259611	0.3302676	-0.2459771	0.8872503	0.1622013	-0.2691338	0.9026116	0.2811932	-0.04995939	0.8327926	0.1495828	0.04687358	0.5957522	0.1803179	-0.2214483	0.4894909	0.41515	-0.4189998	0.5960336	0.02291552	-0.2124625	0.0729385	0.6793713	-0.5787547	0.2961863	

0.4077777	-0.0672161	1.049069	0.2892292	-0.132783	0.54751	0.4180074	-0.1691937	1.097703	0.2782148	-0.1511911	0.5858435	0.4126763	-0.1724627	1.081768	0.2330456	-0.1445496	0.5664	0.1072418	0.3415148	0.7295972	0.2102024	0.2933018	0.7690859	0.2161217	0.2281883	0.7931781	0.2335856	0.02139845	0.8567185	0.2513486	-0.2679514	0.9255719	0.302378	0.2265251	0.8068582	0.03698213	0.2038822	0.8225964	0.3273833	-0.2508987	0.8852283	0.1560422	-0.2672847	0.9022603	0.2688204	-0.016462	0.818899	0.1621225	0.06867027	0.5924261	0.1710202	-0.06745364	0.6060191	0.4645876	-0.425658	0.6696861	0.1840053	-0.4929995	0.9432554	0.7869189	-0.5955363	0.4508494	

0.5126085	-0.0304582	1.018468	0.2375537	-0.1468684	0.5394133	0.5219661	-0.1327637	1.067521	0.2374551	-0.189479	0.6652122	0.5155959	-0.1364214	1.051983	0.1615955	-0.08704782	0.6241179	0.1621328	0.3628331	0.750743	0.2629642	0.2758712	0.7686845	0.255731	0.2153642	0.7789789	0.2477255	0.01630214	0.7954919	0.2250526	-0.2638927	0.8043247	0.3426508	0.2130651	0.8023032	0.09371211	0.2244431	0.8315008	0.3125296	-0.2638481	0.7663088	0.1195066	-0.2433077	0.7796692	0.3859497	-0.02754584	0.7871944	0.2181555	0.08919793	0.6009123	0.2498595	0.03927956	0.5600199	0.4662834	-0.4209628	0.6646033	0.1676481	0.4620937	0.2841145	0.8266593	-0.6119917	0.5738541	

0.5412079	-0.05407654	1.023709	0.2758789	-0.09641524	0.5746812	0.5503844	-0.1561622	1.072848	0.3043363	-0.2241134	0.671599	0.5438154	-0.1596054	1.057438	0.2368724	-0.1297009	0.6750001	0.2257644	0.3699926	0.7504985	0.2929442	0.2509739	0.7740904	0.2842636	0.1933386	0.7825949	0.2544236	0.01061221	0.7975864	0.2246549	-0.2635982	0.8049362	0.3793435	0.1846059	0.8075183	0.1482877	0.2186855	0.857175	0.3117026	-0.2655085	0.7670441	0.1189469	-0.239696	0.7813694	0.4141704	-0.05678757	0.7921741	0.1943678	0.126731	0.6292831	0.2215452	0.03615912	0.5689796	0.4872339	-0.3782848	0.6844977	0.1003629	0.4573511	0.3044198	0.8698269	-0.5292018	0.612815	

0.591422	-0.02022941	1.0615	0.3119801	-0.1016134	0.6596737	0.6004221	-0.1225763	1.110766	0.3202086	-0.2747043	0.6720505	0.5935988	-0.1264116	1.09544	0.2436699	-0.1462577	0.6576667	0.2769738	0.404013	0.789868	0.3445475	0.2851338	0.8110357	0.3357887	0.2286406	0.8178551	0.304892	0.04876521	0.8310992	0.2561733	-0.2072392	0.8365901	0.4278332	0.2211822	0.844093	0.1954453	0.2569886	0.8935377	0.3285012	-0.2227735	0.8028776	0.1639695	-0.1758998	0.8071153	0.4649403	-0.01956609	0.8299396	0.2316909	0.1246451	0.6845086	0.2048964	0.04471289	0.5769441	0.4988683	-0.376882	0.7031736	0.03575969	0.4222647	0.2725665	0.8490777	-0.5897769	0.6246443	

0.5914559	-0.02023482	1.061525	0.3153739	-0.1007262	0.6654235	0.6004559	-0.1225816	1.110791	0.3255005	-0.2791392	0.6817876	0.593599	-0.1264117	1.09544	0.2553409	-0.1974665	0.679091	0.2771212	0.4039827	0.7899674	0.3446876	0.2851087	0.811134	0.3359039	0.2285595	0.8179464	0.3049638	0.04836744	0.8312163	0.2560211	-0.2086387	0.8367081	0.4278679	0.2211762	0.8441175	0.1954805	0.2569826	0.8935624	0.3284862	-0.2242814	0.8033309	0.1636993	-0.1771791	0.806958	0.4649745	-0.01957157	0.8299641	0.231902	0.1245434	0.6846222	0.2034488	0.04690638	0.582621	0.4993343	-0.3770277	0.7035198	0.03247349	0.429075	0.2860198	0.850303	-0.5888112	0.6255258	

0.6993211	0.05725163	1.018911	0.269624	-0.08379777	0.6822193	0.7114366	-0.0874323	1.032876	0.3028411	-0.2712436	0.684096	0.6676099	-0.0372237	0.9878571	0.208803	-0.1014148	0.6805455	0.2810608	0.4385017	0.8045564	0.3488227	0.3187281	0.8263882	0.3395462	0.2568668	0.831237	0.3073872	0.0633283	0.839577	0.2572412	-0.2048645	0.8403392	0.4310629	0.2546407	0.858787	0.1989286	0.2904042	0.9080621	0.3282584	-0.2204175	0.80596	0.1668334	-0.1735683	0.8120568	0.4683682	0.01362337	0.8449379	0.2032261	0.1477994	0.7030295	0.1715772	0.04053121	0.5933082	0.5040855	-0.3692141	0.7032486	0.1393061	-0.3515942	0.8738354	0.8567774	-0.5764751	0.6194352	

0.759436	0.1616713	0.9734446	0.2253959	-0.08121888	0.7364882	0.7067859	0.01513455	1.015617	0.2615295	-0.2530008	0.7094675	0.6609802	0.08626886	0.9980667	0.1956351	-0.1664588	0.7592499	0.273694	0.4445978	0.8115038	0.3419445	0.3247258	0.8332963	0.3343067	0.2646078	0.8382931	0.307528	0.07620594	0.8473336	0.2673092	-0.1878284	0.8482279	0.4933186	0.3683856	0.8137319	0.1920213	0.2965418	0.914928	0.3285996	-0.1970242	0.8103663	0.1900491	-0.1606312	0.8257262	0.5302131	0.1260077	0.8015962	0.1988204	0.1557318	0.7087697	0.1382073	0.02624469	0.5832096	0.5143	-0.3698386	0.6987432	0.106834	-0.3654681	0.862981	0.8542739	-0.5904505	0.5954415	

